Genename,Neg_control,Neg_control,Neg_control,Neg_control,Neg_control,Neg_control,Neg_control,Neg_control,Aclacinomycin A,Aclacinomycin A,Aclacinomycin A,Blebbistatin,Blebbistatin,Blebbistatin,Camptothecin,Camptothecin,Camptothecin,Cycloheximide,Cycloheximide,Cycloheximide,Doxorubicin hydrochloride,Doxorubicin hydrochloride,Doxorubicin hydrochloride,Etoposide,Etoposide,Etoposide,Geldanamycin,Geldanamycin,Geldanamycin,"H-7, Dihydrochloride","H-7, Dihydrochloride","H-7, Dihydrochloride",Methotrexate,Methotrexate,Methotrexate,Mitomycin C,Mitomycin C,Mitomycin C,Monastrol,Monastrol,Monastrol,Rapamycin,Rapamycin,Rapamycin,Trichostatin A,Trichostatin A,Trichostatin A,Vincristine,Vincristine,Vincristine
A1CF,3.91,3.68,3.96,3.81,4.44,4.51,5.13,4.41,3.81,3.92,3.94,3.76,3.69,4.24,3.9,3.64,3.96,4.02,4.03,3.79,3.91,4,3.99,4.01,3.67,3.73,4.09,3.85,4.24,6,5.74,5.88,3.95,4.04,3.82,3.68,4.07,4.15,4.17,3.85,4.35,4.69,4.53,5.14,4.05,4.58,4.39,3.86,3.98,5.44
A1CF,4.56,4.85,4.43,4.61,4.36,4.95,4.44,4.45,4.64,4.48,4.78,4.83,4.97,5.58,4.81,4.8,4.7,4.81,4.81,4.68,4.87,4.83,4.56,4.41,4.78,4.63,4.77,4.57,4.95,5.03,4.83,4.47,4.66,4.57,4.53,4.66,5.52,4.74,5.56,4.59,4.28,4.94,4.88,4.38,4.86,5.44,5.06,4.51,4.46,5.52
A2BP1,4.26,4.04,4.14,4.38,4.23,3.97,4.71,4.26,4,4.08,3.95,4.22,4.03,4.31,4.2,4.12,4.22,4.14,4.14,4,4.45,4.25,4.21,4.12,4.16,4.2,3.92,4.22,4.22,4.34,4.68,5.26,4.23,4.24,4.28,3.94,3.99,4.25,4.19,3.85,3.84,4.01,4.19,4.33,4.21,4.42,4.25,3.98,4.1,4.34
A2BP1,4.9,5.04,4.74,4.82,5.2,5.12,4.54,5.77,4.72,4.69,5.07,4.94,4.56,5.77,4.8,5.01,5,4.83,4.81,4.75,5.24,4.86,4.99,4.85,5.09,4.78,4.76,4.91,4.78,6.41,7.79,6.08,4.79,4.67,5.22,4.77,4.75,4.99,5.66,4.5,5.32,4.77,4.84,4.74,4.8,4.9,5.07,4.74,4.75,5.57
A2BP1,3.98,3.99,4.1,4.09,4.63,3.92,4.62,4.18,4.05,4.12,4.19,4.12,4.08,4.37,4.16,4.41,4.12,4.04,4.19,4.12,4.3,4.43,4.14,4.18,4.1,4.37,4.19,4.24,4.18,4.17,6.3,4.36,4.19,4.23,4.31,3.92,4.2,4.08,4.26,4.1,4.26,4.09,4.37,4.48,4.19,4.5,3.97,4.26,4.09,5.55
A2BP1,3.98,4.3,3.98,4.14,4.19,4.1,4.05,4.19,4.09,3.87,4.27,3.87,3.9,5.33,4.04,3.99,4,4.82,4.3,3.95,4.32,4.33,4.16,4.11,4.07,4.13,4,4.14,3.95,5.45,4.62,5.8,4.02,4.05,4.05,3.63,3.98,3.93,4.61,4.19,4,4.15,4.08,4.64,4.07,4.56,4.63,4.19,4.03,4.93
A2BP1,3.6,3.73,4.14,3.67,3.68,4.31,4.69,4,3.7,3.8,3.59,3.73,3.55,4.73,4.28,3.81,3.96,3.75,4.3,4.03,3.65,3.95,3.7,3.73,4.05,3.94,3.59,3.96,3.79,5.12,5.63,5,3.92,3.85,3.8,3.83,4.06,3.75,4.4,3.95,4,3.78,4.34,5.86,4.31,3.95,4.38,3.83,4.09,4.97
A2BP1,4.69,4.9,4.59,4.66,4.82,5.07,5.03,4.62,4.5,4.93,4.54,4.72,4.66,4.82,4.83,4.85,5.06,4.9,4.62,4.73,4.72,4.85,4.58,4.56,4.87,4.41,4.43,4.57,4.75,4.87,4.84,5.74,5.25,4.82,4.56,4.6,4.63,4.94,5.7,5.08,4.41,5.52,4.92,5.98,4.61,4.51,4.76,4.28,4.67,5.1
A2BP1,3.65,3.51,3.75,3.67,3.91,3.69,4.74,4.18,3.42,3.45,3.96,3.88,3.82,4.69,3.7,3.87,3.62,3.63,3.57,3.75,3.74,3.91,3.93,3.3,3.52,3.68,3.73,3.8,3.86,5.44,4.78,5.79,3.76,3.9,3.69,3.62,4.14,3.65,5.84,3.42,3.76,3.6,4.35,4.21,3.86,4.28,3.86,3.6,3.87,5.45
A2BP1,4,4.24,3.88,4.16,4.09,4.04,4.35,4.98,4.07,4,4.02,4.04,4.34,5.11,4.14,4.06,4.08,4.34,3.88,3.88,4.18,4.05,4.12,3.98,4.13,3.91,4.01,3.87,4.24,4.66,6.11,7.06,4.15,4.14,4.06,3.79,4.24,3.92,4.82,3.9,4.31,4.41,3.87,5.33,4.35,4.21,4.15,3.96,4.34,5.13
A2BP1,4.25,4.25,4.45,4.13,4.5,4.19,4.75,4.29,4.18,4.19,4.19,4.42,4.33,4.61,4.58,4.31,3.98,4.61,4.23,4.08,4.02,3.85,4.2,4.31,4.72,4.23,4.35,4.53,4.33,4.49,5.46,4.46,4.16,4.71,4.34,4.08,4.57,4.51,4.95,4.3,4.17,4.35,4.26,5.58,5.03,4.82,4.59,4.85,4.42,5.03
A2BP1,3.54,3.49,3.34,3.5,3.8,3.9,4.29,4.04,3.51,3.55,3.46,3.86,3.53,4.42,3.7,3.8,3.65,3.57,3.61,3.81,3.55,3.51,3.56,3.76,4.49,3.56,3.68,3.69,3.56,3.8,6.78,3.81,3.63,3.56,3.88,3.7,3.53,3.68,4.51,4.11,3.63,3.65,3.71,4.18,3.56,4.27,3.62,3.36,3.65,4.12
A2LD1,5.49,5.32,5.36,5.67,5.68,5.67,6.59,5.75,5.54,5.66,5.82,5.55,5.55,5.24,5.75,5.61,6.01,5.85,5.98,5.77,5.69,5.64,5.56,5.62,5.86,5.81,5.7,5.81,5.4,6.21,5.19,5.32,5.28,5.57,5.3,6.07,5.41,5.71,6.57,6.05,5.83,6.13,6.37,5.56,6.69,6.05,6.81,5.91,5.82,5.55
A2M,4.16,4.15,4.18,4.16,4.12,4.42,3.98,4.45,3.91,3.82,4.04,4.2,4.45,4.54,3.9,4.21,4.12,3.99,4.08,4.04,4.08,4.07,4.19,4.2,3.83,4,3.97,4.03,4.32,4.53,4.67,4.63,4.23,4.14,4.25,3.97,3.95,3.99,4.07,4.25,4.1,4.34,3.9,5.15,4.43,4.29,4.34,4.23,4.06,4.65
A2ML1,3.38,3.36,3.38,3.46,3.46,3.58,4.16,3.69,3.47,3.39,3.54,3.39,3.33,3.52,3.28,3.34,3.39,3.37,3.51,3.38,3.44,3.35,3.27,3.4,3.54,3.27,3.25,3.55,3.35,3.9,3.69,3.68,3.37,3.38,3.39,3.37,3.69,3.41,3.38,3.48,3.25,3.76,3.54,4.03,3.78,3.69,3.38,3.49,3.41,3.71
A2ML1,3.48,3.62,3.69,3.52,4.02,3.4,3.6,3.49,3.54,3.6,3.64,3.5,3.42,4.3,3.41,3.44,3.57,3.58,3.42,3.4,3.44,3.57,3.49,3.5,3.47,3.47,3.36,3.31,3.73,3.78,5.42,3.8,3.68,3.75,3.67,3.49,3.74,3.45,3.64,3.66,3.21,3.26,3.69,3.83,3.4,3.46,3.32,3.32,3.47,3.98
A3GALT2,4.18,4.18,4.09,4.2,4.3,3.94,4.49,4.36,4.39,4.15,4.05,4.23,4.13,4.1,3.77,4.13,4.28,4.14,3.96,4.1,4.44,4.39,4.38,4.13,4.09,4.01,4.36,4.29,4.51,4.58,6.08,4.44,4.08,4.2,4.07,4.2,4.15,4.1,4.22,4.34,4.17,4.13,4.15,4.49,4.11,4.58,4.35,4.18,3.9,4.79
A4GALT,4.55,4.44,4.6,4.92,4.89,4.64,4.27,4.99,4.76,4.51,4.64,4.73,4.69,5.12,4.62,4.94,4.65,4.99,4.89,4.88,4.36,4.65,4.66,4.72,4.59,4.37,4.97,4.69,4.83,4.59,4.92,6.09,4.43,4.81,4.7,5.02,4.84,4.44,4.49,4.99,5.52,4.54,5.36,6.27,5.76,4.93,4.69,4.75,4.93,6.72
A4GALT,4.51,4.93,4.82,4.81,5.66,5.12,4.81,5.64,4.75,4.92,4.69,4.81,4.62,4.78,4.67,5.02,4.61,5.14,4.45,4.98,4.65,5.06,4.91,5.18,5.11,5.14,5.12,4.72,5.55,3.98,7.46,6.26,5.4,5.2,4.92,5.08,5.13,5.15,4.48,5.2,5.08,4.83,5.3,6.08,5.2,4.79,4.75,4.94,5.17,5.85
A4GALT,3.7,3.86,3.97,3.95,4.01,4.07,3.87,4.37,3.71,4.1,3.92,3.82,3.8,4.74,3.76,4.07,3.86,3.75,3.96,3.79,3.74,3.96,3.91,3.77,3.85,4.02,3.84,3.95,3.47,3.37,4.32,5.1,3.78,3.8,4.06,3.81,4.18,4.29,5.42,4.25,3.52,3.62,3.48,5.26,3.87,3.97,3.8,3.92,3.85,3.72
A4GALT,3.97,3.8,3.64,3.93,4.15,4.22,3.79,3.77,3.7,3.52,4.1,3.88,3.81,4.35,3.39,3.98,3.76,3.61,3.88,3.74,3.68,4.05,3.82,3.76,3.66,3.43,3.7,3.67,3.71,5.24,4.52,3.91,3.89,3.94,3.57,3.74,3.82,3.62,4.04,3.66,3.46,3.84,3.65,5.14,3.85,3.58,3.61,3.75,3.79,5.23
A4GNT,4.52,4.72,4.54,4.32,4.42,4.93,4.27,4.44,4.56,4.55,4.64,4.72,4.51,5.6,4.64,4.51,4.17,4.33,4.4,4.48,4.68,4.7,4.85,4.48,4.7,4.55,4.81,4.39,4.68,4.67,7.11,4.46,4.28,4.2,4.66,4.39,4.44,4.5,4.41,4.18,4.38,5.36,4.6,4.31,4.54,4.39,5,4.62,4.58,4.81
AAA1,5,4.7,4.53,4.57,4.37,5.22,5.54,4.65,4.63,4.32,4.77,4.45,4.65,6.13,4.61,4.94,4.74,4.73,4.85,5,4.57,4.75,4.62,4.67,4.77,4.59,4.89,4.34,4.42,5.98,6.52,5.92,5.25,4.59,4.68,4.54,5.56,4.6,5.38,4.59,4.4,4.95,4.69,7.03,4.57,5.04,4.2,4.44,4.4,6.17
AAA1,4.38,4.24,4.27,4.44,4.86,5.28,4.19,4.22,4.32,4.22,4.4,4.48,4.31,4.81,4.53,4.63,4.26,4.25,4.42,4.32,4.52,4.38,4.3,4.53,4.64,4.12,4.58,4.3,4.07,5.47,8.1,5.5,4.15,4.23,4.43,4.39,4.42,4.4,4.41,4.36,4.43,4.76,4.66,5.91,4.77,4.69,4.57,4.36,4.18,5.53
AAA1,4.54,4.92,4.68,4.58,5.13,4.58,5.42,4.88,4.58,4.63,4.82,4.64,4.47,4.93,4.61,4.91,4.7,4.93,4.42,4.85,4.66,4.65,4.7,4.55,5.04,4.89,4.76,4.55,4.82,5.12,4.59,7.09,4.59,4.58,4.89,4.63,4.84,4.86,5.66,4.82,4.27,5.17,4.74,6.88,4.67,4.15,4.45,4.87,4.62,6.96
AAA1,4.02,4.16,3.98,4.13,4.16,3.82,4.64,3.79,3.98,3.92,4.26,4.21,4.25,5.72,3.98,3.93,3.62,3.94,3.86,3.87,4.15,4.12,4.22,3.76,3.94,3.85,3.91,3.89,4.04,4.86,6.18,5.16,4.46,3.85,4.71,4.01,3.98,3.98,4.12,3.74,4.06,3.59,3.89,5.14,4,4.24,3.5,3.88,3.93,4.45
AAA1,3.77,3.94,3.85,3.89,3.9,3.85,4.85,3.7,3.83,4.06,3.95,4.16,4.06,4.45,3.65,3.79,4.01,3.79,3.92,3.75,3.81,4.14,3.98,3.98,3.71,3.85,3.77,3.88,3.97,4.87,6.68,5.42,3.95,4.1,4.07,3.73,4.09,3.7,4.12,4.04,3.96,3.91,4.04,3.72,3.64,3.84,3.86,3.46,3.89,3.88
AAA1,5.98,6.56,6.15,6.61,6.69,6.21,6.67,6.31,6.36,6.34,6.56,6.15,6.46,8.27,6.19,6.57,6.51,6.52,5.92,5.86,6.13,6.4,6.38,6.15,6.1,6.08,6.1,6.46,6.54,6.04,8.07,8.52,6.13,6.64,6.35,6.06,6.35,5.95,7.41,6.29,6.2,6.41,6.76,9.08,6.67,6.23,6.04,6.33,5.88,7.95
AAA1,3.39,3.47,3.15,3.47,3.94,3.39,3.38,3.33,3.36,3.33,3.32,3.44,3.3,4.38,3.26,3.44,3.28,3.21,3.49,3.16,3.25,3.38,3.24,3.36,3.41,3.42,3.24,3.33,3.4,3.92,7.2,5.22,3.27,3.29,3.32,3.29,3.76,3.35,4.04,3.27,3.78,3.39,3.46,4.12,3.58,3.24,3.31,3.54,3.62,3.54
AAA1,3.96,3.83,3.77,3.92,4.01,4,4.83,3.82,3.78,3.85,3.73,3.81,3.76,4.87,3.92,3.96,3.71,3.77,4.01,3.76,3.59,3.64,3.82,3.69,3.71,3.42,3.78,3.58,3.73,4.88,4.81,5.91,3.84,3.91,3.99,4.07,4.02,3.7,4.38,3.81,3.75,4.01,3.91,3.86,4,3.94,4.02,3.67,3.81,4.44
AAA1,5.09,4.64,4.5,4.7,4.63,4.82,4.37,4.43,4.62,4.67,5.16,4.43,4.74,5.36,4.9,4.74,4.56,4.65,4.83,4.26,4.69,4.75,4.6,4.47,4.47,4.41,4.43,4.59,4.29,5.23,4.7,5.11,4.78,4.3,4.37,4.47,4.59,4.77,4.45,4.73,4.51,4.81,4.82,6.14,4.6,4.35,4.42,4.65,4.8,6.13
AAA1,4.32,4.18,4.14,4.5,4.44,4.34,4,4.16,4.3,4.3,4.26,4.34,4.09,5.31,4.04,4.84,4.41,4.52,4.45,4.29,4.52,4.41,4.15,4.24,4.07,4.27,3.87,4.15,4.26,4.44,4.29,6.65,4,4.17,4.4,4.28,4.48,4.16,6.31,4.01,4.12,4.24,4.03,5.25,4.39,4.23,4.01,3.93,4.01,4.86
AAAS,9.17,9.03,9.35,9.29,9.14,9.35,8.94,9.39,9.12,9.07,9.16,9.06,8.97,9.04,9.07,9,9.04,9.51,9.49,9.43,8.99,8.97,8.97,9.07,8.92,8.88,9.22,9.22,9.17,8.61,8.75,8.62,8.95,8.98,9.01,9.16,9.15,9.22,8.47,9.42,9.26,9.05,9.07,8.15,9.25,8.9,9.16,9.24,9.28,8.55
AACS,7.04,6.44,7.15,7.07,6.96,6.91,6.54,7.19,6.81,7.23,6.71,6.72,6.59,6.02,7.1,7.11,7.04,6.74,6.84,6.97,6.83,6.95,6.78,7.19,7.28,7.11,6.85,7.06,6.86,4.81,6.02,5.8,7.56,7.5,7.38,7.25,6.94,7.41,7.14,6.87,7.04,6.99,6.43,6.48,6.65,5.96,6.48,7.1,7.08,6.68
AACS,7.33,7.15,7.4,7.42,7.25,7.06,7.45,7.86,7.19,7.27,7.32,7.25,7.16,6.28,7.63,7.79,7.49,7.38,7.39,7.44,7.45,7.36,7.31,7.77,7.49,7.48,7.53,7.47,7.03,5.88,7.75,7.09,7.95,7.79,7.78,7.6,7.6,7.64,6.31,7.54,7.39,7.34,6.94,6.37,6.94,6.79,7.04,7.44,7.38,6.26
AACS,5.5,4.84,5.23,5.2,5.15,4.76,5.45,5.38,5.17,5.22,5.02,5.13,5.17,4.59,5.52,5.51,5.37,5.43,5.25,5.51,5.56,5.36,5.05,5.51,5.37,5.46,4.99,5.24,5.05,4.71,5.23,4.88,5.15,5.48,5.37,5.08,4.9,5.27,5.61,5.12,4.8,4.92,4.57,5.19,4.86,4.96,4.93,4.94,5.06,5.08
AACS,8.78,8.78,8.81,8.83,9.07,8.9,9.12,8.86,8.84,8.79,8.85,8.61,8.6,7.52,8.95,8.82,8.94,8.65,8.79,8.58,8.85,8.83,8.97,8.8,8.88,8.77,8.71,8.77,8.87,8.79,6.74,7.16,9.09,9.2,9.16,8.99,8.96,8.84,8.11,8.76,8.74,8.64,8.72,7.67,8.23,8.31,8.16,8.69,8.9,6.98
AACSL,4.41,4.39,4.15,4.39,5.05,4.52,4.99,4.13,4.08,4.19,4.68,4.44,4.41,4.54,4.03,4.3,4.14,4.58,4.16,4.45,4.37,4.37,4.29,4.26,4.15,4.28,4.36,4.46,4.27,5.05,4.58,5.6,4.2,4.39,4.45,4.27,4.6,4.21,5.13,4.25,4.46,4.22,4.48,4.44,4.66,4.31,4.76,4.22,3.93,5.31
AADAC,3.56,3.59,3.65,3.81,3.57,3.56,4.3,3.6,3.67,3.72,3.73,3.68,3.64,3.59,3.7,3.57,3.5,3.57,3.71,3.64,3.47,3.68,3.54,3.58,3.47,3.73,3.58,3.67,3.93,4.22,3.88,4.04,3.95,3.82,3.69,3.48,3.43,3.82,3.99,3.49,3.34,3.48,3.71,4.91,3.56,3.74,3.93,3.49,3.46,4.02
AADACL2,3.6,3.81,3.72,3.63,3.53,3.56,4.34,3.6,3.86,3.8,4.07,3.66,3.73,3.75,3.74,3.8,3.68,3.69,3.6,3.73,3.84,3.81,3.77,3.62,3.59,3.88,3.73,3.72,3.77,6.37,4.94,5.37,3.5,3.72,3.58,3.49,3.73,3.5,3.76,3.53,3.66,3.68,3.68,3.93,3.61,3.81,3.75,3.6,3.59,3.87
AADACL3,4.83,4.76,4.75,4.5,4.95,4.56,5.04,4.69,4.66,4.65,4.63,4.76,4.62,6.35,4.75,5.06,4.5,4.98,4.69,4.46,4.46,4.83,4.62,4.59,4.95,4.6,4.57,4.54,4.85,5.24,5.53,5.24,4.59,4.73,4.82,4.63,4.55,4.59,5.77,4.69,4.49,4.76,4.66,6.04,4.85,4.92,4.96,4.68,4.65,6.08
AADACL4,3.56,3.73,3.67,3.78,3.61,3.49,3.94,3.51,3.55,3.57,3.65,3.73,3.92,3.87,3.67,3.53,3.55,3.55,3.64,3.57,3.92,3.83,3.73,3.54,3.88,3.48,3.44,3.63,3.37,4.31,4.82,4.13,3.66,3.64,3.46,3.46,3.85,3.62,4,3.37,3.55,3.62,3.39,4.86,3.4,3.8,3.45,3.95,3.5,4.4
AADAT,4.15,3.95,4.13,4,4.07,3.71,4.43,3.82,4.15,4.02,4.2,3.79,4.07,4.71,4.01,3.95,4.27,4.01,4.1,3.78,3.72,3.82,3.92,3.9,4.17,4.08,3.92,3.85,4.06,4.11,5.75,4.17,4.55,3.94,4.09,3.97,4.17,4.02,4.26,3.79,3.79,4.31,4.13,4.21,4.54,4.46,3.95,3.95,3.84,3.87
AAGAB,11.24,11.06,11.19,11.3,11.47,11.35,11.22,11.19,11.21,11.14,11.24,11.16,11.26,10.96,11.4,11.41,11.45,11.38,11.36,11.34,11.21,11.25,11.25,11.25,11.34,11.29,11.25,11.29,11.28,11.29,10.17,9.97,11.31,11.24,11.35,11.43,11.49,11.41,11.11,11.28,11.22,11.07,10.88,10.5,11.2,11.11,11.27,11.24,11.21,10.21
AAGAB,7.8,7.56,7.87,7.92,8.03,8.09,7.18,7.83,7.8,7.81,7.89,7.65,7.65,8.07,8.12,8.1,8.29,8.12,8.03,7.89,8.04,8.06,7.86,7.87,8.02,7.97,7.98,7.78,8.05,7.22,5.91,7.68,7.75,7.74,7.65,8.14,8.02,8.04,7.5,7.93,7.74,7.94,8.05,8.18,7.93,8.11,8.05,7.97,8.04,7.76
AAGAB,9.17,8.4,8.95,9.11,8.45,8.52,8.08,9.1,9.07,9.12,7.99,9.06,8.95,5.81,9.16,9.34,9.23,9.19,9.12,9.15,9.06,9.01,8.36,9.16,9.12,9.13,8.93,9.04,8.23,5.94,5.9,6.91,9.23,9.06,9.03,9.08,9.13,9.27,8.44,8.87,8.68,8.21,7.74,6.7,8.71,8.44,8.86,9.08,8.67,6.8
AAK1,7.58,7.68,7.84,7.75,7.79,7.84,7.73,8.06,7.45,7.69,7.84,7.6,7.68,6.31,7.61,7.71,7.66,7.69,7.43,7.66,7.67,7.83,7.83,7.71,7.71,7.57,7.74,7.74,7.79,8.16,5.41,7.14,7.6,7.61,7.66,7.66,7.46,7.51,7.03,7.97,7.8,7.88,7.75,6.93,7.82,7.95,7.78,7.59,8.01,6.24
AAK1,3.91,4.17,4.05,4,3.98,3.87,4.48,4,3.84,4.1,4.14,4.16,4.05,4.39,3.97,3.9,4.09,3.93,3.99,3.98,4.09,4.01,4.05,3.86,4.02,4.27,4.23,4.07,4.03,4.01,5.07,4.25,3.98,3.94,4.37,4.28,3.8,4.19,4.48,3.84,4.2,4.13,3.88,4.37,3.78,4.09,4.15,4.2,3.92,4.09
AAK1,8.49,8.25,8.41,8.28,8.67,8.72,8.79,8.61,8.15,8.27,8.52,8.45,8.29,7.97,8.45,8.49,8.5,8,8.15,8.3,8.51,8.36,8.77,8.71,8.67,8.49,8.6,8.42,8.69,6.5,6.5,8.63,8.19,8.34,8.25,8.45,8.66,8.53,7.67,8.87,8.74,8.8,8.5,8.33,8.72,8.96,8.93,8.66,8.56,7.62
AAK1,4.7,4.5,4.22,4.58,5.11,4.78,4.79,4.8,4.65,4.6,4.35,4.6,4.41,5.3,4.37,4.41,4.35,4.5,4.33,4.67,4.65,4.77,4.64,4.77,4.64,4.62,4.66,4.53,4.77,5.97,7.37,7.56,4.77,4.71,4.66,4.39,5.04,4.44,5.88,4.94,4.43,4.82,4.65,5.12,4.86,4.8,4.49,4.88,4.55,5.06
AAK1,3.51,3.74,3.42,3.55,3.73,3.4,3.94,3.71,3.76,3.59,3.77,3.53,3.81,4.16,3.57,3.51,3.75,3.41,3.62,3.6,3.71,3.5,3.68,3.49,3.5,3.6,3.46,3.6,3.8,3.39,4.08,3.62,3.78,3.56,3.72,3.74,3.56,3.94,3.81,3.65,3.67,3.58,3.51,4.62,3.45,3.96,3.69,3.54,3.77,4.26
AAK1,5.01,5.2,4.68,5.14,5.33,4.65,4.39,4.88,4.78,4.88,4.94,5.03,4.81,5.64,4.78,4.96,4.61,4.78,4.76,4.94,5.04,4.97,4.91,4.65,5.1,4.51,4.89,5.1,5.09,4.9,5.17,6.26,4.81,5.06,4.68,4.8,4.67,4.95,5.16,4.83,4.91,4.91,5.09,5.1,4.61,4.89,4.92,4.88,4.9,5.09
AAMP,10.01,9.88,10.04,9.9,10.22,10.14,9.83,9.79,9.96,10.02,9.95,9.97,9.87,9.12,9.85,9.87,9.97,10.26,10.34,10.01,9.92,9.94,9.93,10.06,9.93,9.87,9.97,10.13,10.01,10.05,8.83,9.56,9.86,9.86,9.9,9.9,9.77,9.91,9.96,9.9,9.88,9.61,9.78,9.6,9.9,9.82,9.85,10.02,9.93,8.98
AAMP,10.11,9.8,10.18,10.04,10.08,10.03,10.11,9.94,10,9.93,9.98,10.01,9.81,9.98,9.91,9.95,9.95,10.38,10.2,10.2,10.02,9.87,9.94,9.99,10.06,10.04,10.16,10.01,10.04,9.78,9.53,9.16,10.12,9.98,9.99,9.85,9.84,10.05,10.13,9.97,9.99,9.94,9.88,9.31,10.04,9.78,9.98,9.91,9.82,9.68
AANAT,3.77,3.8,3.55,3.94,3.84,3.7,4.05,4.25,3.81,3.75,3.84,3.62,3.93,4.07,3.78,3.75,3.67,3.8,3.95,3.76,3.99,3.79,3.74,3.6,3.54,3.77,3.6,3.77,3.86,3.85,4.23,3.82,3.62,3.6,3.78,3.67,3.7,3.6,3.47,3.69,3.65,3.7,3.87,4.06,3.46,3.79,3.8,3.67,3.83,3.85
AARS,9,8.87,9.26,9.12,9.45,9.28,9.33,9.23,8.92,8.96,8.87,8.84,8.98,7.26,8.99,9,9.14,9.19,9.1,9.11,8.69,8.57,8.64,8.88,8.59,8.8,9.12,8.93,9.2,8.91,7.89,8.83,9.17,8.88,8.89,9.08,9.37,9.14,8.98,9.11,9.18,8.95,9.01,8.03,9.22,9.28,9.08,9.05,9.1,8.26
AARS,8.93,8.75,9.01,8.86,9,9,9.15,9.11,8.8,8.96,8.86,8.78,8.7,7.36,8.92,9.01,8.86,9.01,9.01,8.75,8.56,8.32,8.46,8.69,8.6,8.69,8.93,8.77,8.96,8.68,8.43,8.11,8.65,8.8,8.68,8.83,9.09,9.12,8.86,8.85,8.97,8.73,8.57,6.63,8.99,9.06,9.12,8.93,8.92,7.8
AARS2,8.35,8.47,8.48,8.32,8.52,8.84,8.54,8.76,8.39,8.45,8.71,8.1,8.23,6.66,8.45,8.65,8.58,8.28,8.23,8.24,8.42,8.27,8.48,8.24,8.36,8.26,8.58,8.41,8.58,7.81,6.25,7.76,8.41,8.31,8.5,8.66,8.56,8.59,7.93,8.72,8.61,8.49,8.59,6.03,8.28,8.52,8.62,8.39,8.65,6.7
AARS2,7.8,7.62,7.87,7.77,7.76,7.94,8.86,7.98,7.7,7.69,7.95,7.61,7.64,6.98,7.74,7.64,7.79,7.95,7.85,7.81,7.63,7.54,7.51,7.77,7.62,7.58,7.81,7.8,8.05,6.82,7.14,9.16,7.75,7.49,7.82,7.78,7.62,7.87,6.91,7.9,8.1,7.71,7.87,7.51,7.62,8,7.61,7.69,7.97,7.03
AARSD1,8.8,8.58,8.98,8.84,9.28,8.9,9.1,9.04,8.94,8.88,8.83,8.88,8.84,7.64,8.93,8.89,8.95,8.92,8.98,8.95,8.72,8.58,8.47,8.84,8.9,8.9,9.08,8.94,9.06,9.17,8.32,7.62,8.88,8.84,8.86,8.88,9.1,8.88,8.88,9.07,9.06,8.83,8.94,8.14,9.25,9.18,9.23,9.05,9,7.95
AARSD1,4.14,3.78,4.03,4.39,4.12,4.61,4.14,4.39,4.17,4.34,4.31,4.04,3.81,4.68,4.15,3.9,3.98,3.77,3.8,3.83,4.19,4.08,4.32,3.86,4.19,3.95,4.16,4.2,3.9,4.78,4.27,4.82,3.82,4.21,4.58,4.28,3.92,4.27,3.91,3.91,4,4.44,4,4.76,3.71,4.41,4.45,3.97,4.56,5.92
AARSD1,3.95,3.46,3.6,3.41,3.61,3.5,3.6,3.46,3.5,3.57,3.61,3.62,3.58,3.85,3.8,3.43,3.37,3.54,3.6,3.38,3.59,3.66,3.53,3.62,3.45,3.35,3.58,3.67,3.6,3.82,3.96,3.77,3.58,3.54,3.93,3.62,4.08,3.36,3.8,3.35,3.53,3.69,3.68,5.31,3.5,3.95,3.38,3.75,3.63,4.2
AASDH,8.46,8.58,8.38,8.67,8.7,8.35,8.38,8.72,8.52,8.66,8.84,8.73,8.52,8.2,8.55,8.51,8.49,8.4,8.52,8.56,8.56,8.62,8.72,8.59,8.66,8.56,8.61,8.68,8.56,7.7,8.11,8.13,7.99,8.2,8.25,8.42,8.54,8.56,8.16,8.79,8.7,8.64,8.68,7.14,8.66,8.58,8.68,8.58,8.57,7.57
AASDH,7.1,6.7,7,7.03,7.39,6.45,6.68,6.91,7.05,7.13,6.74,7.09,6.95,5.4,7.05,6.75,7.05,7.08,6.86,6.99,6.98,7.17,6.77,6.96,6.94,6.94,6.97,7.05,6.88,6.19,4.84,6.94,6.95,6.9,6.95,6.83,6.31,6.88,6.84,7.32,6.9,7,6.65,5.36,6.97,7.04,7,7.02,7.05,6.13
AASDH,8.42,7.92,8.04,8.05,7.89,8.32,8.84,8.03,8.14,8.29,8.27,7.68,7.64,7.67,8.6,8.54,8.27,8.17,8.17,8.36,8.03,8.38,8.24,8.45,8.36,8.25,8.01,8.27,8.04,5.82,5.62,7.31,8.16,7.73,7.93,8.34,8.26,7.81,7.57,8.37,8.35,8.62,8.4,5.79,8.42,8.48,8.33,7.94,7.83,5.66
AASDHPPT,10.21,10.75,10.2,10.31,10.21,10.26,9.77,10.03,10.54,10.29,10.56,10.37,10.45,10.57,10.41,10.3,10.51,10.25,10.39,10.31,10.38,10.3,10.53,10.16,10.24,10.37,10.25,10.22,10.45,9.95,9.81,9.74,10.54,10.44,10.15,10.28,10.13,10.31,10.26,10.19,10.2,10.12,10.29,10.46,10.14,9.95,10.16,10.22,10.49,10.05
AASDHPPT,9.39,9.37,9.25,9.26,9.08,9.08,8.94,9.01,9.46,9.38,9.15,9.36,9.16,9.63,9.39,9.34,9.55,9.32,9.32,9.45,9.23,9.08,9.19,9.36,9.13,9.28,9.35,9.36,9.23,8.51,8.79,8.58,9.6,9.63,9.58,9.2,9.1,9.42,9.24,9.21,9.09,8.81,9.01,9.27,9.12,9,9.06,9.23,9.11,8.93
AASDHPPT,9.73,9.53,9.51,9.62,9.11,9.07,8.73,9.47,9.8,9.75,9.34,9.87,9.79,8.46,9.91,9.88,9.77,9.66,9.64,9.86,9.59,9.79,9.31,9.6,9.68,9.74,9.44,9.87,9.39,8.6,6.22,7.45,9.88,9.97,9.99,9.76,9.43,9.84,9.13,9.3,9.2,9.18,9.11,7.1,9.25,9.1,9.61,9.71,9.49,8.17
AASS,7.08,6.98,7.08,6.93,6.86,7.15,6.71,7.34,7.02,7.11,6.92,6.96,6.78,5.58,7.27,7.23,7.06,7.08,7.11,7.24,7.2,7.32,7.28,7.62,7.2,7.35,7.07,7.03,7.16,6.82,7.18,6.2,6.66,6.88,6.87,7.26,6.53,6.86,5.74,7.2,6.82,7.21,6.68,5.96,7.7,7.19,7.1,7.16,6.96,5.85
AASS,7.37,7.54,7.42,7.21,7.16,6.72,6.76,7.18,7.24,7.46,7.44,7.42,7.59,6.8,7.15,6.9,7.18,6.87,7.05,7.22,7.52,7.56,7.5,7.16,7.28,7.36,7.31,7.2,7.24,5.24,6.75,6,6.85,7.11,6.89,7.07,6.97,7.07,6.55,7.64,7.38,7.03,7.35,6.13,7.52,6.96,7.51,7.38,7.8,5.85
AASS,5.18,5.02,5.07,5.03,4.75,4.79,4.63,4.72,5.27,5.29,4.93,4.93,4.94,5.18,5.1,4.98,4.97,4.99,5.03,5.07,4.94,5.01,5.22,4.98,5.06,5.09,4.88,5.19,4.8,4.63,5.84,4.96,4.93,4.8,5.1,5.04,4.88,4.75,4.65,5.04,4.9,4.89,4.94,4.2,5.43,4.88,4.78,4.76,4.87,4.55
AASS,6.9,6.73,6.91,6.86,6.55,6.64,6.82,6.4,6.88,7.09,7.19,6.64,6.89,6.41,6.87,6.95,6.82,6.7,6.83,6.86,7,7.15,6.91,6.78,6.77,7.17,6.98,7.21,6.72,5.92,6.25,6.31,6.64,6.53,6.81,6.83,6.7,6.37,6.85,7.09,6.67,6.73,6.77,6.86,6.85,6.8,7.3,6.74,6.64,6.22
AATF,9.58,9.39,9.61,9.68,9.68,9.62,9.58,9.65,9.59,9.52,9.22,9.51,9.48,8.13,9.52,9.43,9.46,10.12,10.07,10.06,9.41,9.37,9.26,9.38,9.29,9.44,9.58,9.52,9.55,9.58,5.04,7.59,9.59,9.5,9.39,9.49,9.43,9.49,9.43,9.63,9.51,9.51,9.45,7.58,9.66,9.59,9.52,9.65,9.72,7.82
AATK,5.6,5.78,5.42,5.92,6.65,5.85,5.73,5.31,5.9,6.25,5.97,5.92,5.81,5.95,5.76,5.83,6.22,5.79,5.95,5.87,5.53,5.94,5.95,5.86,5.76,5.99,5.88,5.98,5.7,5.93,5.13,5.81,5.71,5.47,5.88,5.73,5.72,5.92,5.99,5.58,6.04,6.21,5.94,6.58,6.09,6.03,5.85,5.68,5.7,6.4
ABAT,7.26,7.55,7.16,7.41,7.03,7.37,7.21,7.26,7.42,7.46,7.2,7.49,7.53,6.28,7.22,7.09,7.48,6.82,6.79,6.8,7.98,8.11,8.14,7.94,7.62,7.76,7.34,7.11,6.98,6.15,6.78,6.06,7.72,7.8,7.59,7.29,6.99,7.25,6.66,7.02,7,7.13,6.94,6.65,7.26,7.5,7.24,7.16,7.48,6.37
ABAT,5.6,5.88,6.19,5.86,6.26,5.97,5.45,5.98,5.79,6.06,5.96,5.84,6.1,5.89,6.02,6,6.02,5.77,5.27,5.39,6.63,6.68,6.59,6.62,6.45,6.29,6.17,5.95,6.37,4.31,5.35,6.03,6.47,6.52,6.71,6.14,6.42,6.37,5.78,6.51,6.02,5.54,5.49,6.18,6.29,6.42,6.18,6,5.69,7.5
ABCA1,3.97,3.91,3.9,3.74,3.85,4.1,3.96,5.03,3.65,3.78,3.8,3.76,3.8,4.27,3.82,3.76,3.93,4.03,3.8,3.69,3.94,3.75,4.07,4.4,4.05,3.71,3.91,3.91,4.07,4.03,3.94,4.02,3.93,3.95,3.95,3.95,3.85,3.81,4.66,3.91,3.82,4.05,3.68,4.06,3.73,4.18,3.86,3.76,3.84,5.42
ABCA1,4.15,4.21,3.74,3.79,4.01,3.95,3.79,3.44,4.03,3.86,3.99,4.22,4.1,4.39,3.78,3.96,3.79,3.67,4.11,3.89,3.83,3.76,4.19,3.7,3.78,3.67,3.7,3.94,3.6,3.84,4.09,4.28,3.98,3.82,3.82,3.85,3.59,3.7,3.47,3.78,3.67,3.74,3.78,4.44,3.82,3.72,3.95,3.76,3.88,3.87
ABCA1,3.86,3.64,3.61,3.6,3.67,3.67,3.74,3.7,3.49,3.51,3.45,3.88,3.65,4.04,3.58,3.57,3.65,3.69,3.57,4.05,3.49,3.87,3.62,3.65,3.58,3.37,3.78,3.52,3.53,4.38,4.52,4.43,3.77,3.53,3.76,3.62,3.51,3.55,5.23,3.64,3.37,3.88,3.63,3.89,3.62,3.47,3.59,3.35,3.35,4.41
ABCA10,3.16,3.2,3.25,3.06,3.29,3.45,3.3,3.13,3.14,3.2,3.08,3.25,3.23,3.43,3.18,3.09,3.22,3.09,3.07,3.08,3.24,3.16,3.13,3.22,3.04,3.02,3.07,3.19,3.17,4.75,3.45,3.29,3.17,3.12,3.11,3.05,3.04,3.08,3.6,2.97,3.28,3.05,3.13,3.5,3.11,3.2,3.07,3.16,3.15,3.31
ABCA10,3.87,4.09,3.84,4.37,3.86,3.85,4.44,3.69,4.03,4.26,4.22,3.91,3.79,5.14,3.63,3.94,3.95,3.8,3.94,4.33,3.93,4.2,3.89,3.92,4.17,3.91,4.2,4.2,3.92,5.12,4.06,4.99,3.98,3.99,4.03,3.91,4.05,3.79,4.23,3.9,3.92,4.36,3.93,5.34,4.08,3.88,3.79,4.02,3.78,6.36
ABCA10,4.2,4.06,4.31,4.05,3.94,4.27,4.49,4.13,3.95,4.17,4.11,4.03,4.02,5.83,3.96,3.95,3.99,4.2,3.96,3.89,4.49,4.21,4.17,4.26,4.28,4.24,3.98,3.95,4.54,7.46,5.73,5.27,4,4.27,3.98,3.94,4.49,4,7.11,4.24,4.27,4.05,4.68,4.86,4.2,4.85,3.89,3.91,4.05,6.49
ABCA10,4.87,5.59,4.77,4.94,4.64,4.91,4.6,4.82,4.73,4.99,5.47,4.78,4.66,5.57,5.41,5.24,5.28,4.5,4.37,4.44,4.64,5.02,5.37,4.83,5.5,4.9,5.35,4.6,4.6,5,4.83,4.97,4.78,5.21,5.31,4.94,4.97,5.06,5.31,4.95,4.74,5.07,5.16,5.63,4.93,4.45,4.82,4.9,5.38,4.63
ABCA12,4.74,4.85,5.05,5.08,4.81,5.27,4.93,5.31,4.75,5.12,5.1,4.99,4.73,5.38,5.78,5.98,6.21,4.98,5.09,4.71,5.5,5.16,4.95,5.57,5.78,5.66,4.96,4.93,4.71,5.13,4.64,4.39,5.22,5.32,5.54,5.94,5.5,5.67,4.41,5.04,4.95,4.77,5.13,4.87,4.85,4.79,4.79,5.18,4.92,5.84
ABCA12,3.96,4.12,3.8,4.13,4.26,3.96,4.18,3.94,4.07,4.08,3.98,3.93,3.85,4.74,5,4.86,5.26,3.95,4.12,3.85,3.94,4.6,4.07,4.98,4.63,4.93,4.18,3.72,4.25,4.53,5.05,5.34,4.8,4.54,4.85,4.46,5.58,5.06,4.15,4.05,3.92,3.88,3.98,4.49,4.02,3.76,3.72,3.94,3.94,4.72
ABCA13,4.59,4.67,4.5,4.64,4.53,4.41,4.88,3.98,4.83,4.65,4.64,4.76,4.74,5.77,5.5,5.08,5.8,4.52,4.51,4.49,5.22,5.44,5.5,5.8,5.59,6.1,4.27,4.42,4.73,6.22,4.64,4.85,5.12,5.9,5.58,5.48,4.93,5.48,4.49,4.59,4.4,4.35,4.25,4.18,4.24,4.5,4.47,4.71,4.62,4.68
ABCA2,6.29,5.97,6.39,6.48,6.18,6.31,6.52,5.99,6.11,6.01,6.21,5.97,6.19,5.87,6.15,6.27,6.19,6.16,6.11,6.26,5.89,6.35,6.46,6.65,6.36,6.32,6.26,6.15,6.07,6.11,5.95,5.81,6.26,5.92,5.73,6.19,6.25,6.42,5.64,6.5,6.24,6.39,6.12,6.73,6.61,6.38,6.67,6.32,6.16,7.08
ABCA2,3.64,3.85,3.99,3.53,3.48,3.6,3.52,3.85,3.63,3.67,3.91,3.76,3.6,3.88,3.71,3.61,3.55,3.65,3.77,3.62,3.84,3.6,3.87,3.44,3.43,3.86,3.54,3.58,3.74,3.84,3.91,4.58,3.78,3.78,3.78,3.64,3.53,3.51,3.9,3.81,3.81,3.46,3.79,4.53,3.88,3.84,3.76,3.61,3.46,4.42
ABCA3,7.43,7.27,7.76,7.56,7.43,7.37,7.43,8.02,7.36,7.63,7.5,6.99,7.06,6.3,7.45,6.98,7.26,7.51,7.76,7.55,7.48,7.09,7.16,7.53,7.28,7.22,7.61,7.59,7.39,5.78,4.58,5.78,7.01,6.97,6.92,7.42,6.88,7.47,7.53,7.98,7.55,8.13,7.72,6.56,7.5,7.74,8.08,7.47,7.92,6.57
ABCA3,8.53,8.65,8.88,8.63,9.19,9.23,8.69,8.82,8.37,8.45,8.85,8.39,8.45,8.13,8.44,8.26,8.57,8.65,8.75,8.55,8.5,8.45,8.72,8.25,8.4,8.26,8.83,8.44,9.07,9.1,7.64,8.13,8.11,8.15,8.13,8.42,8.62,8.41,8.69,8.84,8.92,9.14,9.2,7.46,8.98,9.11,8.85,8.72,9.01,7.72
ABCA3,5.84,5.52,5.76,5.74,5.69,5.71,5.97,6.28,5.67,5.68,5.9,5.79,5.51,6.48,5.78,5.92,5.78,6.04,5.55,6.07,5.51,6,5.66,5.86,5.64,6.02,5.52,5.89,6.14,5.39,5.3,6.09,5.63,5.62,5.65,6.12,5.26,5.45,5.97,5.96,6.32,5.41,5.64,6.59,6.12,6.25,5.9,5.89,6.02,5.98
ABCA4,3.74,3.67,3.8,3.53,4.07,3.84,4.19,3.55,3.7,3.82,3.8,3.68,3.81,4.06,3.77,3.65,3.6,3.82,3.62,3.67,3.69,3.73,3.62,3.58,3.74,3.65,3.76,3.58,3.56,4.22,4.08,4.34,3.72,3.72,3.7,3.53,3.55,3.67,4.17,3.6,3.88,3.65,3.62,3.53,3.88,3.92,4,3.73,3.68,5.21
ABCA4,4.03,4.17,3.94,4.27,3.75,4.18,3.52,3.89,4.07,3.92,3.8,4.17,4.04,5.08,3.98,3.65,3.72,3.89,3.87,3.94,4.04,4.34,3.91,3.67,3.97,3.86,3.83,3.92,3.84,4.87,4.79,3.92,3.96,3.89,3.88,3.67,3.49,3.98,4.05,4.2,3.63,3.84,4,4.8,4.04,4.41,3.86,3.94,3.92,5.38
ABCA5,3.54,3.58,3.51,3.47,3.44,3.5,3.67,3.72,3.6,3.69,3.44,3.51,3.82,3.82,3.35,3.47,3.45,3.51,3.42,3.3,3.45,3.69,3.68,3.46,3.38,3.4,3.39,3.51,3.44,3.59,4.52,3.81,3.55,3.38,3.33,3.66,3.52,3.27,3.87,3.39,3.37,3.58,3.45,3.54,3.46,3.51,3.33,3.47,3.51,3.89
ABCA5,6.27,6.26,6.23,6.31,5.71,6.28,6.08,6.11,6.21,6.6,6.47,6,6.02,6.5,6.73,6.7,6.77,5.93,6.09,6.17,6.82,6.82,6.65,6.52,6.61,6.8,5.97,6.33,6.39,6.41,7.7,6,6.68,6.39,6.5,6.7,6.92,6.39,5.08,6.51,6.48,6.46,6.49,5.96,6.17,6.42,6.75,6.38,6.43,5.76
ABCA5,6.55,6.43,6.76,6.25,6.63,6.74,5.09,6.2,6.63,6.59,6.58,5.8,5.76,6.2,7.08,7.15,7.47,6,6.55,6.52,7.04,6.84,7.11,7.29,7.28,7.16,6.83,6.25,6.58,5.85,5.87,6.56,7.11,6.63,7.07,7.12,7.01,6.79,5.97,6.45,6.44,7.2,6.6,6.1,7.25,6.65,6.6,6.61,6.15,5.16
ABCA6,4.22,4.05,4.02,4.03,4.1,3.58,4.11,3.84,4.01,3.98,3.86,3.96,3.97,4.14,4.12,3.84,3.92,3.86,3.93,4.1,4.09,4.19,3.81,3.85,4.11,3.6,4.09,4.12,3.83,4.06,4.27,4.47,3.94,3.87,4.16,3.88,3.66,3.96,4.81,3.85,3.88,3.87,3.95,5.13,3.46,4.06,4.07,3.68,4.22,4.91
ABCA6,4.12,4.32,4.16,4.19,4.34,4.09,3.92,3.9,4.11,3.93,4.22,4.24,4.21,4.79,3.86,3.77,3.91,3.79,3.97,3.96,4.27,4.08,4.59,3.63,3.66,3.81,4.07,3.78,3.87,4.39,4.61,4.74,4.16,4.37,3.9,3.93,4.12,4.07,3.75,3.96,4.09,3.96,3.75,4.12,3.73,3.97,3.67,3.86,3.79,4.07
ABCA6,4.09,4.22,4.31,4.38,4.35,4.13,4.16,4.11,3.91,4.13,4.18,4,4.09,4.86,3.93,4.15,4.02,3.81,4.32,4.16,4.14,4.31,4.19,4.04,4.34,3.99,4.49,4.23,4,5.78,6.24,4.32,4.29,3.89,4.18,4.18,4,4.27,4.44,4.1,4.08,4.42,3.93,5.71,3.9,4.38,4.15,4.36,3.97,4.86
ABCA7,4.47,4.05,4.58,4.46,5.46,4.91,5.38,4.6,4.31,4.57,4.32,4.4,4.21,5.49,4.87,4.93,4.59,5.46,4.24,4.74,4.75,4.32,4.32,4.69,4.19,4.59,4.83,4.48,4.58,5.72,4.97,4.96,4.37,4.19,4.53,4.46,4.82,4.3,4.51,4.56,5.08,4.43,4.47,5.63,4.81,4.65,4.39,4.69,4.42,5.32
ABCA7,6.99,7.15,7.45,7.14,7.63,7.67,7.46,7.63,7.02,7.11,7.53,7.22,7.09,7.38,7.54,7.65,7.61,7.53,7.49,7.21,7.51,7.32,7.64,7.59,7.47,7.42,7.41,7.07,7.77,8.43,7.16,7.62,7.29,7.45,7.3,7.43,7.7,7.75,7.37,7.51,7.73,7.71,7.95,7.73,7.05,7.39,7.21,7.28,7.75,7.35
ABCA8,3.93,4.47,3.79,3.79,4.12,4.08,4.21,3.66,3.92,4.03,4.25,4.01,4.19,5.4,4.05,3.8,3.94,3.75,3.81,4.12,3.97,4.39,4.28,4.07,3.91,4.23,3.67,3.73,3.88,5.12,6.18,5.15,3.97,4.14,4.03,3.75,3.71,3.77,4.24,3.71,3.85,3.89,3.92,4.54,4.02,4.15,3.74,3.9,4.1,5.26
ABCA8,4.08,4.25,4.04,4.37,4.15,4.25,4.14,4.25,4.2,4.14,4.68,4.44,4.2,4.52,4,4.12,4.17,4.25,3.98,4.15,4.2,4.57,4.23,4.02,4.05,3.95,4.04,4.15,4.04,4.14,5.26,4.29,4.13,4.37,4.12,3.98,3.97,4.19,4.03,4.44,4.31,3.89,3.98,5.1,4.06,4.13,4.15,4.25,3.94,4.55
ABCA8,4.1,4.11,4.08,4.01,4.23,4.19,4.18,4.1,4.17,3.89,4.33,4,4.03,4.27,4.04,4.13,4.01,3.95,3.96,3.98,4.19,4.3,4.13,4.01,4.11,3.91,4.38,4.21,4.12,5.54,5.5,5.65,4.43,3.91,4.13,4.06,3.86,4.32,4.77,3.7,3.82,3.94,4,6.21,3.79,4.73,4.08,4.3,3.88,5.44
ABCA8,3.76,3.77,3.85,3.66,3.85,3.71,4.28,4.1,3.81,3.49,4.24,3.79,3.69,5.7,3.84,3.72,3.56,4.05,3.74,3.44,3.79,3.66,3.73,3.66,3.52,3.69,3.85,3.73,3.94,4.39,6.29,4.16,3.7,3.84,3.78,3.75,3.9,3.94,4.31,3.61,3.9,3.62,3.72,6.32,3.69,3.8,4.13,3.69,3.78,6.97
ABCA8,4.16,4.06,3.98,4.01,3.96,4.09,4.74,3.85,3.84,3.81,4.01,4.14,4.47,5.07,3.87,4.07,3.65,3.8,4.08,3.85,3.96,3.97,3.84,4.02,3.79,3.68,3.74,4.03,4.1,6.06,5.39,4.32,3.8,3.91,3.91,3.87,3.91,3.9,4.18,3.79,3.89,4.07,3.77,5.05,3.94,4.41,3.72,3.9,3.98,4.67
ABCA9,4.55,4.51,4.32,4.46,4.21,4.45,5.05,4.53,4.33,4.33,4.72,4.47,4.49,4.94,4.09,4.44,4.62,4.47,4.22,4.49,4.86,4.64,4.34,4.31,4.79,4.46,4.6,4.52,4.49,4.66,4.41,5.88,4.48,4.48,4.72,4.24,4.32,4.27,4.66,4.99,4.51,4.76,4.78,4.89,4.86,4.24,4.4,4.59,4.39,5.19
ABCA9,3.9,3.85,3.51,3.68,4.35,3.79,4.16,3.72,3.84,3.96,3.74,3.89,3.74,4.4,3.91,3.88,4,3.78,3.93,3.61,4.16,3.77,3.83,3.49,3.71,3.71,3.96,3.75,4.52,4.35,5.26,5.1,3.81,4.06,3.86,3.46,4.07,3.51,5.18,3.75,3.52,3.98,3.91,3.64,3.49,4.32,3.68,3.65,3.74,4.8
ABCA9,3.38,3.58,3.37,3.43,3.5,3.7,4.41,3.42,3.5,3.46,3.5,3.37,3.37,4.07,3.56,3.39,3.56,3.48,3.6,3.31,3.57,3.39,3.56,3.36,3.36,3.32,3.52,3.71,3.76,6.29,5.46,3.91,3.41,3.43,3.4,3.43,3.61,3.55,3.75,3.7,3.28,3.44,3.98,5.44,3.88,3.58,3.36,3.48,3.35,3.65
ABCA9,3.73,3.58,3.63,3.61,3.87,3.56,4.23,3.39,3.54,3.58,3.67,3.71,3.87,4.07,3.45,3.48,3.63,3.65,3.46,3.41,3.51,3.53,3.62,3.71,3.66,3.8,3.54,3.51,3.87,3.68,4.12,5.01,3.52,3.45,3.5,3.58,3.57,3.4,3.84,3.6,3.57,3.46,3.76,4.52,3.91,3.76,4.12,3.67,3.39,4.48
ABCB1,7.57,7.37,7.72,7.53,7.59,7.63,7.4,8.02,7.51,7.68,7.64,7.48,7.35,6.95,7.47,7.69,7.76,7.85,7.8,7.84,7.44,7.48,7.2,7.49,7.38,7.42,7.37,7.52,7.36,7.12,6.92,7.05,8.07,8.1,7.94,7.52,7.39,7.6,7.8,7.56,7.66,7.35,7.23,7.46,7.67,7.65,7.7,7.62,7.64,7.25
ABCB1,7.09,6.87,7.1,7.09,7.42,7.54,7.38,7.07,7.15,6.84,7.47,7.01,6.82,8.33,7.1,7.17,7.09,7.25,7.13,7.13,6.96,7.29,7.35,7.09,7.23,6.83,7.28,7.25,7.12,7.12,8.76,8.62,6.9,6.86,6.98,6.97,7.3,7.05,7.48,6.88,7.27,7.45,7.15,7.88,7.08,7.31,7.2,7.16,7.08,9.08
ABCB1,5.25,5.24,5.49,5.71,6,5.38,6.17,5.35,5.42,5.38,5.59,5.51,5.22,6.5,5.67,5.6,5.65,5.54,5.5,5.06,5.32,5.65,5.7,5.6,5.53,5.47,5.32,5.57,5.42,5.38,7.1,7.24,5.33,5.48,5.6,5.39,5.33,5.26,5.89,5.12,5.79,5.73,5.49,6.81,5.76,5.54,5.45,5.77,5.16,7.53
ABCB1,5.9,5.54,5.09,5.31,4.73,5.49,4.94,5.33,5.56,5.57,5.74,5.26,5.22,6.3,5.49,5.26,5.35,5.76,5.63,5.93,5.27,5.65,5.66,5.19,5.48,5.12,5.3,5.26,5.32,4.47,4.6,4.71,5.28,5.02,5.17,5.27,4.77,4.94,4.64,5.22,5.93,5.43,5.41,4.76,5.13,4.76,5.18,5.46,5.6,6.06
ABCB10,9.25,9.65,9.17,9.31,8.99,9.15,8.71,8.84,9.56,9.36,9.5,9.18,9.2,9.22,8.97,8.85,9.16,9.05,9.12,9.07,8.81,8.94,9.46,8.76,9,8.97,9.26,9.23,9.44,9.54,5.34,9.19,9.26,9.36,9.18,8.89,8.79,8.93,8.64,8.99,8.94,9.2,9.34,9.17,8.84,8.97,8.74,9.09,9.2,9.56
ABCB11,3.56,3.65,3.56,3.69,3.48,3.49,4.17,3.52,3.6,3.49,3.69,3.84,3.47,4.08,3.57,3.38,3.61,3.76,3.72,3.5,3.48,3.56,3.67,3.46,3.66,3.68,3.49,3.37,3.42,3.6,4.4,3.4,3.61,3.71,3.58,3.6,3.77,3.41,3.88,3.26,3.58,3.87,3.57,3.89,3.48,3.4,3.25,3.49,3.76,4.34
ABCB4,3.8,4.34,3.8,3.81,3.77,3.63,4.15,3.56,3.84,4.02,4.12,4.34,4.43,4.49,4.02,3.96,3.87,3.89,3.88,3.75,4.06,4.18,4.26,3.6,3.81,3.94,3.87,3.94,3.86,4.98,4.03,5.54,4.07,3.91,4.05,3.79,3.78,3.81,4.83,3.97,3.6,4,3.82,4.82,3.95,3.98,3.68,3.68,3.92,4.1
ABCB4,3.78,3.55,3.42,3.88,3.6,3.5,3.68,3.96,3.57,3.54,3.85,3.83,3.57,4.72,4.03,4.02,3.75,3.56,3.59,3.77,3.62,3.89,3.86,4,4.01,3.48,3.71,3.57,3.88,3.66,5.49,4.88,3.6,4.2,4.16,3.47,3.97,3.51,3.59,4.03,3.52,3.74,4.22,3.79,3.67,3.98,3.92,3.75,3.63,4.39
ABCB5,4.15,4.06,4.23,4.5,4.88,4.45,4.59,4.51,4.36,4.11,4.31,4.21,3.96,6.74,4.18,4.4,4.08,4.31,3.99,4.32,4.15,4.31,4.38,4.02,4.08,4.26,3.94,4.19,4.26,4.63,4.23,6,4.14,4.38,4.33,4.25,3.86,4.24,3.61,4.12,4.48,4.64,4.48,6.2,3.91,4.46,4.18,4.21,4.02,6.39
ABCB5,4.11,4.02,3.79,3.77,4.15,3.88,4.48,4.3,4.08,4.29,4.2,4.09,3.95,4.84,4.13,4.11,3.87,4.31,3.92,3.98,4.37,4.06,3.78,4.1,4.14,4.44,3.9,4.23,4.24,4.96,4.39,4.23,4.15,3.92,3.99,4.03,3.87,4.09,4.35,4.39,3.92,4.61,4.46,4.96,4.07,4.37,3.96,4.16,3.89,4.77
ABCB5,3.71,4.15,3.87,3.86,3.98,3.69,4.48,3.85,3.81,3.85,4.17,4.04,3.91,5.66,3.73,4.41,3.93,3.71,3.94,3.76,3.99,4.07,4.04,3.77,3.71,4.03,3.96,4.07,3.98,5.23,6.2,5.72,4.08,3.78,3.8,3.86,4.48,3.98,4.49,3.94,3.91,3.86,4.18,4.73,4.08,4.21,3.82,3.78,3.7,4.35
ABCB5,4.26,4.29,4.38,4.23,4.33,4.36,4.17,4.07,4.18,4.36,4.34,4.37,4.41,4.38,4.32,3.98,4.16,4.57,4.18,4.32,4.63,4.59,4.3,3.87,4.08,4.01,4.16,4.21,4.34,3.77,4.95,4.53,4.06,4.07,4.11,3.91,4.33,3.99,3.76,4.12,4.44,3.81,4.24,4.15,4.09,3.7,4,3.95,4.19,5.22
ABCB6 /// ATG9A,6.22,6.28,6.65,6.36,6.06,6.67,6.12,6.27,6.22,6.52,6.55,6.21,6.17,5.12,6.77,6.67,7.07,6.32,6.33,6.3,6.57,6.26,6.61,6.68,6.78,6.93,6.53,6.38,6.69,6.69,5.2,7.14,6.71,7.04,6.77,6.79,6.99,6.85,5.24,6.52,6.61,6.72,6.41,6.5,6.18,6.51,6.56,6.41,6.69,4.17
ABCB6 /// ATG9A,6.49,6.09,6.34,6.45,6.46,6.48,6.68,6.49,6.74,6.34,6.47,6.59,6.19,6.5,7.26,6.98,6.77,6.63,6.38,6.68,6.33,6.71,6.25,6.8,6.87,7.02,6.49,6.49,6.45,6.21,5.63,5.98,6.92,6.89,6.95,6.69,6.46,6.91,6.21,6.8,6.35,6.51,6.86,7.02,6.09,6.38,6.31,6.54,6.41,7.08
ABCB7,8.84,8.87,8.73,8.82,8.72,8.8,8.83,8.84,8.89,8.94,8.91,8.76,8.63,6.37,8.82,8.61,8.71,8.93,8.8,8.91,8.95,9.15,8.94,8.82,8.72,8.77,8.78,8.75,8.97,7.79,6.05,6.25,8.64,8.75,8.47,8.85,8.85,8.79,8.46,8.88,8.75,9.13,8.99,6.13,8.94,8.89,8.87,8.63,8.82,6.17
ABCB8,6.6,6.34,6.72,6.56,7.2,7.05,7.25,6.91,6.58,6.29,6.75,6.32,6.26,5.17,6.61,6.49,6.45,6.98,6.82,6.81,6.11,6.21,6.65,6.71,6.53,6.45,6.88,6.59,6.91,6.39,5.56,7.06,6.61,6.33,6.56,6.67,6.49,6.71,5.95,6.98,6.91,6.48,6.52,6.64,6.62,7,6.24,6.52,6.72,5.57
ABCB8,5.84,6,6.31,6.2,7.27,6.8,5.69,6.46,5.78,5.8,6.47,5.87,5.84,6.9,6.12,6.1,6.13,6.23,6.2,6.24,6.09,6.17,6.18,6,6.06,5.83,6.28,5.8,6.43,6.66,5.6,5.76,5.87,5.8,6.08,6.42,6.39,6.14,5.45,6.21,6.18,6.71,6.35,6.61,6.06,5.62,6.07,6.03,6.43,6.16
ABCB8,6.91,6.29,7.04,6.93,7.08,7.22,6.96,7.06,6.87,6.67,6.78,6.74,6.33,5.36,6.7,6.76,6.49,7.05,7.2,7.01,6.77,6.7,6.91,6.61,7.04,6.81,7,6.7,6.81,6.87,6.17,7.17,6.65,6.69,6.51,7.08,6.84,6.86,6.75,7.24,7.1,6.75,6.67,5.58,7,6.36,6.96,6.82,7.09,5.12
ABCB8,7.04,6.97,7.24,7.15,7.32,7.61,6.62,7.34,7.06,7.11,7.26,7,6.85,6,6.81,6.72,7.07,7.17,7.04,7.06,7.07,7.12,7.16,7.12,6.87,7.06,7.5,6.98,7.1,6.84,6.28,7.19,7.19,6.9,7.05,7.07,7.24,7.06,8.04,7.42,7.52,6.91,6.89,6.99,6.99,7.34,6.98,7.15,7.15,6.64
ABCB9,4.16,3.92,4.08,4.06,4.86,4.64,5.18,4.61,4.06,4.15,4.34,4.2,4.02,4.53,4.53,4.36,4.26,4.3,4.2,4.18,4.32,4.41,4.08,4.53,4.43,4.25,4.02,4.32,4.14,4.47,6.9,5.94,4.17,4.33,4.32,4.35,4.66,4.56,4.68,3.9,4.02,4.39,3.95,5.21,4.38,4.38,4.85,4.22,3.89,5.53
ABCB9,3.98,3.87,4.11,4.23,4.34,3.87,4.2,3.91,4.04,4.15,4.04,4.08,4,4.43,4.66,4.56,4.47,4.42,4.45,3.99,3.91,4.37,4,3.86,4.45,4.3,4.23,3.92,4.35,4.19,5.14,4.6,4.53,4.01,4.38,4.5,4.06,4.26,4.52,4.25,4.25,4.51,4.08,5.33,3.93,4.63,4.06,4.03,3.93,5.24
ABCB9,4.59,4.43,4.65,4.2,4.6,4.64,4.7,4.43,4.59,4.38,4.59,4.55,4.46,4.75,4.94,5.24,5.24,4.63,4.57,4.69,4.67,4.82,4.9,5.14,4.96,4.96,4.63,4.45,4.45,4.77,4.51,4.39,4.97,5.19,5.31,5.37,4.74,5,4.89,4.39,4.84,4.44,4.41,4.45,4.34,4.28,4.41,4.76,4.86,4.84
ABCB9,4.75,4.42,4.89,4.62,5.2,5.61,5.59,4.72,4.62,4.61,4.94,4.69,4.47,6.65,5.12,4.99,4.75,5.03,4.82,5.12,5.06,4.84,4.87,4.91,5.29,5.01,4.88,5.04,4.7,4.92,5.91,7.68,4.96,4.99,5.16,4.97,4.94,5.06,5.25,4.62,5.08,5.3,4.77,6.31,4.86,5.05,4.9,5.1,4.77,6.92
ABCB9,4.61,4.5,4.73,4.63,5.25,5.44,5.32,4.32,4.85,4.44,4.56,4.77,4.61,4.37,4.79,5.15,4.76,4.93,4.58,4.37,4.5,4.88,4.64,4.68,4.54,5.1,4.35,4.78,4.53,5.94,6.37,5.34,4.76,4.69,4.85,4.71,5.28,4.64,5.03,4.68,4.78,4.7,4.49,5.32,4.51,4.68,4.66,4.53,4.56,4.69
ABCB9,5.28,5.13,4.91,5.3,4.56,4.78,5.08,4.79,5.2,5.49,5.25,5.1,4.93,6.1,4.92,5.62,4.99,4.74,4.75,4.78,5.15,5.21,5.28,5.55,5.02,4.94,4.93,4.97,4.79,5.18,6.34,7.29,5.13,5.25,5.12,4.98,5.18,5.43,5.38,5.44,5.59,5.51,5.48,6.8,4.7,5.17,5.06,5.07,4.84,7.63
ABCB9,4.57,4.3,4.3,4.74,4.33,5.26,4.53,4.47,4.27,4.42,4.36,4.79,4.35,4.55,4.42,4.91,4.28,4.38,4.4,4.6,4.61,4.28,4.54,4.27,4.72,4.62,4.56,4.88,4.54,4.92,5.95,5.28,4.36,4.64,4.77,4.47,4.16,4.48,6.19,4.57,4.63,4.57,4.71,5.63,4.44,4.76,5.03,4.67,4.48,4.83
ABCB9,6.32,6.3,6.23,6.33,6.57,6.22,4.65,6.42,6.08,6.45,6.76,6.13,6.17,9.22,6.44,6.68,6.44,7.1,6.57,6.64,6.41,6.43,6.24,6.43,6.35,5.96,6.04,6.74,6.58,3.98,7.5,6.68,6.06,6.16,6.43,6.07,6.06,6.3,5.18,6.33,5.85,6.23,6.75,8.12,5.94,6.08,6.34,6.29,6.23,9.01
ABCC1,5.27,4.75,5.56,5.02,4.71,4.69,4.77,5.55,5.22,5.22,4.67,4.9,4.73,5.6,4.98,5.59,5.2,5,4.73,5.31,5.31,4.92,4.85,5.11,5.15,5.17,5.2,5.09,5.54,5.19,5.22,5.83,5.11,5.25,4.85,5.05,4.78,5.5,5.07,5.27,4.92,4.68,4.9,4.4,4.92,4.17,5.03,5.47,5.56,5.62
ABCC1,9.06,9.26,8.96,9.01,8.88,8.95,8.93,9.26,9.01,9.2,9.33,8.87,9.08,8.82,8.86,8.92,8.85,8.72,8.66,8.76,9.15,9.04,9.41,9.04,9.01,8.96,8.96,9.02,9.36,8.71,8.63,7.81,8.7,8.76,8.73,8.88,8.91,8.94,8.51,9.09,9.01,9.3,9.25,7.74,8.73,8.65,8.85,8.92,9.26,8.96
ABCC1,10.34,10.52,10.28,10.26,10.48,10.37,10.46,10.26,10.2,10.28,10.65,10.25,10.2,9.7,10.21,10.15,10.21,9.99,9.9,10.1,10.5,10.45,10.74,10.25,10.32,10.34,10.31,10.25,10.53,10.72,7.37,10,10.01,10.18,9.89,10.12,10.42,10.2,10.37,10.35,10.35,10.47,10.44,10.35,10.14,10.33,9.94,10.23,10.41,9.74
ABCC10,7.85,8.01,8.06,8.14,8.39,8.46,8.44,8.24,7.84,8.05,8.48,7.95,8.17,7.62,8.11,8.14,7.88,7.61,7.82,7.66,8.01,8.02,8.62,8.14,8.19,8.24,8.09,7.99,8.4,7.66,6.56,7.47,7.83,7.79,7.83,8.19,7.93,8.02,7.53,8.43,8.26,8.45,8.35,7.86,8.39,8.58,8.47,8.14,8.52,7.97
ABCC11,4.24,4.31,3.75,4.1,3.81,4.01,3.82,3.78,4.09,3.91,4.12,4.27,4.32,3.87,3.99,4.05,4.09,3.97,3.91,4.19,4.57,4.11,3.88,3.96,4.14,4.03,3.78,4.12,4.03,4.18,4.66,4.97,4,3.83,4.06,3.69,3.69,4.13,3.94,3.96,4.51,4.29,4.58,3.89,4.01,4.79,4.46,3.99,4.2,4.65
ABCC11,5.79,5.82,5.83,5.82,5.68,5.91,5.57,6.02,5.59,5.82,5.96,5.8,5.78,6.37,5.73,5.99,5.68,5.45,5.64,6.09,5.68,5.97,6.1,6.27,6.13,5.67,5.8,5.93,5.94,5.94,8.13,7.24,5.69,5.61,5.93,5.78,6.05,5.53,6.66,5.72,5.45,5.85,5.78,6.42,5.97,6.12,5.78,5.87,5.95,7.26
ABCC12,3.81,3.87,3.8,3.9,4.2,4.07,4.58,4.03,3.81,3.54,4.04,3.85,3.9,5.61,4.3,3.95,3.67,3.77,3.88,3.92,3.91,3.82,3.82,3.84,4.03,3.9,3.89,3.86,3.62,4.72,4.29,4.11,4.01,4.17,4.39,3.74,3.98,3.81,3.75,3.74,3.62,3.9,3.79,5.68,4.1,3.91,3.73,3.63,3.62,5.84
ABCC12,4.06,4.08,4,3.9,4.77,4.41,4.55,4.2,4.07,3.9,4.19,4.06,4.13,4.45,4.14,3.89,4.04,3.97,3.89,3.95,3.94,4.39,4.14,4.08,4,4.3,4.06,4.17,3.83,5.05,5.2,4.85,4.15,4.26,4.19,3.91,4.09,3.85,4.47,4.06,4.23,4.06,4.03,3.98,4.02,4.82,3.74,4.04,3.98,5.45
ABCC13,4.06,3.96,3.9,4.16,4.01,3.87,3.85,3.91,4.01,4,4.15,3.9,3.96,6.07,4,3.78,4.04,4.13,4.31,3.95,4.24,4.1,3.87,3.73,4,3.69,4.11,3.92,4.2,3.84,4.27,4.45,4.01,4.44,4.11,4.05,4.14,4.01,3.93,4.03,4.32,4.13,3.88,6.25,4.19,4.18,4.11,4.1,4.03,5.04
ABCC13,3.29,3.45,3.36,3.34,3.76,3.66,4.7,3.32,3.25,3.29,3.29,3.49,3.41,4.13,3.35,3.57,3.43,3.69,3.32,3.48,3.29,3.5,3.4,3.5,3.49,3.2,3.58,3.33,3.44,4.81,4.77,4.35,3.38,3.3,3.53,3.47,3.49,3.49,4.11,3.34,3.4,3.67,3.77,4.18,3.37,3.58,3.32,3.4,3.47,3.5
ABCC13,3.73,3.72,3.46,3.7,3.79,3.56,4.2,3.6,3.63,3.77,3.69,3.62,3.81,4.56,3.61,3.82,3.72,3.52,3.6,3.8,3.63,3.73,3.97,3.67,3.46,3.81,3.83,3.58,3.83,3.7,6.08,3.49,3.66,3.61,3.55,3.39,3.71,3.67,4.63,3.69,3.49,3.57,3.81,5.31,3.84,4.14,3.76,3.54,3.69,4.3
ABCC13,3.97,3.74,3.66,3.85,3.71,3.78,4.23,4.15,3.74,3.79,4.07,3.91,3.9,4.57,3.93,3.76,3.55,4,3.67,3.55,3.79,3.68,3.92,3.76,3.86,4,3.69,3.87,3.56,5.75,6.39,6.11,3.88,3.82,3.88,3.82,4.15,3.82,3.9,3.91,3.8,3.69,3.59,6.2,4.49,3.86,3.72,3.7,3.53,5.05
ABCC2,4.36,4.16,3.99,4.26,4.08,4.57,5.18,3.99,4.19,3.95,4.49,4.34,4.37,3.85,4.02,3.93,4.1,4.23,4.55,4.25,4.24,4.2,4.05,4.33,4.22,4.13,4.21,4.06,4.49,3.81,5.54,4.13,4.35,4.31,4.07,4.06,4.11,4.11,4.39,4.09,4.2,4,4.12,4.19,4.29,4.23,4.09,4.02,4.21,4.22
ABCC2,4.37,4.94,4.55,5,4.96,4.99,4.71,4.96,4.85,4.66,5.25,4.72,4.52,5.47,4.58,5.08,4.84,5.1,4.81,5.19,4.95,5,4.86,4.96,4.89,4.69,4.72,5,4.68,5.4,5,5.21,4.89,4.51,4.41,4.78,4.34,5,5.53,5.42,4.93,4.89,4.59,6.25,4.44,4.84,5.07,4.92,4.25,6.01
ABCC3,4.14,4.36,3.82,4.1,3.87,4.32,3.98,3.76,4.1,3.96,4.15,4.21,4.24,4.62,4.02,4.39,3.87,4.05,4.13,3.91,3.85,4.18,4.02,4.02,4.08,3.91,3.86,3.94,3.86,4.77,5.02,4.8,4.27,4.18,3.97,3.83,4.02,3.91,4.13,3.83,3.64,4.02,3.93,4.2,3.85,3.63,3.86,3.9,3.92,4.81
ABCC3,3.19,3.39,3.34,3.47,3.25,3.5,3.55,3.55,3.4,3.33,3.42,3.49,3.33,4.21,3.33,3.27,3.29,3.39,3.26,3.23,3.3,3.46,3.25,3.39,3.51,3.17,3.24,3.51,3.36,3.96,4.84,4.27,3.36,3.44,3.3,3.45,3.42,3.3,4.01,3.32,3.49,3.25,3.39,4.16,3.23,3.37,3.21,3.19,3.41,3.81
ABCC4,6.97,6.37,6.5,6.66,6.06,6.54,5.92,6.37,6.81,6.68,6.29,6.81,6.43,5.28,6.5,6.69,7.04,6.71,6.62,6.75,6.52,6.47,6.27,6.57,6.56,6.74,6.47,6.79,6.39,5.42,5.8,4.97,6.69,6.41,6.46,6.55,6.26,6.64,6.05,6.39,6.21,5.51,6.17,5.39,6.99,6.58,6.86,6.45,6.36,5.25
ABCC4,7.61,7.45,7.47,7.43,7.09,7.56,7.7,7.37,7.61,7.66,7.55,7.63,7.3,7.29,7.56,7.56,7.71,7.35,7.5,7.45,7.77,7.8,7.76,8.15,7.94,7.69,7.51,7.73,7.25,6.89,7.37,6.81,7.77,7.51,7.77,7.89,7.62,7.73,7.63,7.52,7.18,7.49,7.21,6.65,8.32,8.13,8.44,7.38,7.56,6.64
ABCC4,5.1,4.54,5.13,4.86,4.52,5.1,5.34,4.82,5.22,5.44,4.74,5.09,4.74,4.54,5.17,5.06,5.19,5.55,4.8,5.33,5.18,5.25,4.99,5.41,5.38,5.59,5.09,5.32,4.88,5.55,5.72,5.06,4.94,5.23,5.3,5.54,5.18,5.45,5.1,4.77,5.3,4.82,4.3,4.75,4.93,4.97,5.38,5.16,4.86,4.76
ABCC4,8.59,8.68,8.49,8.6,8.51,8.57,7.46,8.32,8.74,8.62,8.71,8.57,8.62,7.92,8.56,8.33,8.63,8.56,8.76,8.73,8.52,8.66,9.27,8.47,8.53,8.36,8.61,8.9,8.94,8.61,6.35,6.46,8.21,8.12,8.22,8.49,8.41,8.55,7.84,8.5,8.58,8.85,8.62,7.95,8.62,8.83,8.9,8.58,8.75,7.2
ABCC5,9.37,9.43,9.43,9.35,9.5,9.55,9.57,9.39,9.26,9.48,9.51,9.38,9.2,9.13,9.41,9.26,9.37,8.81,8.91,8.91,9.6,9.62,9.83,9.55,9.55,9.41,9.24,9.36,9.52,8.72,7.11,8.84,9.34,9.39,9.31,9.36,9.33,9.26,9.18,9.54,9.57,9.67,9.7,9.31,9.57,9.66,9.66,9.32,9.41,9.39
ABCC5,8.67,9,8.76,8.79,9.11,8.77,8.33,8.84,8.85,8.92,9.13,9.01,8.93,8.85,8.68,8.48,8.71,8.87,8.86,8.93,8.88,9.14,9.41,9.04,8.84,8.77,8.73,8.9,8.76,7.65,7.79,9.27,8.68,8.71,8.57,8.81,8.78,8.79,7.37,8.95,8.72,9.04,8.99,8.84,9.17,9.01,9.07,8.82,8.76,8.72
ABCC5,4.83,4.85,4.38,4.79,4.45,4.54,4.35,4.66,4.99,4.84,5.05,5.01,5.17,5.45,5,5.53,5,4.71,4.87,5.14,4.72,5.42,4.96,5.34,4.94,5.05,4.69,5.23,4.51,5.5,6.05,4.62,5.03,5.21,4.68,5,4.78,4.61,5.69,4.71,4.67,4.5,4.4,4.46,4.81,4.9,4.71,4.76,4.5,5.51
ABCC5,6.5,6.11,6.49,6.35,5.64,5.82,5.2,6.2,6.28,6.42,6.07,6.42,6.05,4.3,6.69,6.37,6.44,5.97,6.09,6.16,6.76,6.44,6.2,6.32,6.42,6.8,6.2,6.53,5.83,3.87,4.71,5.04,6.17,6.74,6.35,6.14,6.12,6.29,5.39,6.38,5.96,6.25,5.82,5.04,6.5,6.09,6.21,6.46,6.42,5.62
ABCC6 /// ABCC6P1 /// LOC100292715,4.75,4.96,5.07,5.06,5.27,5.04,5,5,4.89,4.86,4.78,5.15,4.98,6.54,5.15,4.89,5.05,4.8,4.89,5.14,5.26,4.84,5.1,4.75,5.22,4.79,5.08,5.3,5.29,5.71,6.84,5.19,5.06,4.7,5.11,5,5.41,5.14,5.22,5.07,5.21,5.44,5.61,5.3,4.98,5.36,4.88,5.08,4.85,7.97
ABCC6 /// ABCC6P2,4.03,3.95,3.74,3.66,4.28,3.95,4.95,3.83,3.93,4.06,4.06,3.91,4.01,3.74,3.83,3.88,3.77,3.79,3.76,3.75,3.96,3.78,3.92,3.95,3.93,3.86,3.89,3.82,4.02,4.24,5.84,5.11,4.17,3.75,3.91,3.63,4.23,3.82,3.97,3.71,3.74,3.79,4.02,3.65,3.91,3.78,3.73,3.58,3.74,3.82
ABCC6 /// LOC100292715,3.94,3.94,3.86,3.86,3.92,4.05,4.53,3.74,3.81,3.68,4.22,4.16,4.04,3.86,3.9,3.9,3.7,3.85,3.73,3.64,4.19,4,4.03,3.78,3.84,3.76,3.51,3.76,3.89,4.39,4.77,4.14,3.93,3.94,3.69,3.73,3.59,3.74,4.11,3.77,3.66,3.87,3.76,5.2,3.73,3.72,3.98,3.62,3.63,4.19
ABCC6 /// LOC100292715,4.73,4.89,4.79,4.91,4.9,4.89,4.8,5.35,5.25,4.84,5.11,5.11,5.18,4.76,4.99,5.08,4.89,5.13,4.75,4.66,4.6,5.26,5.33,4.79,4.73,4.85,4.42,5.08,4.69,4.93,5.18,5.44,4.7,4.62,4.91,5,4.76,4.7,5.96,4.87,4.89,5,4.88,4.65,4.78,4.8,4.9,4.85,4.82,5.34
ABCC6P1,3.88,4.33,3.84,3.73,3.62,3.96,4.22,3.33,3.83,4.06,4.19,3.98,4.22,3.89,3.59,3.37,3.53,3.7,3.56,3.63,3.88,3.78,3.92,3.44,3.5,3.59,3.6,3.65,4.05,3.82,5.37,3.86,4.16,3.79,3.75,3.4,3.46,3.55,3.59,3.57,3.48,3.77,3.72,4.19,3.81,3.34,3.43,3.55,3.63,3.52
ABCC8,5.52,5.3,5.6,5.76,5.6,6.19,5.77,6.02,5.53,5.52,5.61,5.63,5.07,5.91,5.36,6.02,5.34,5.76,5.75,5.48,5.83,5.44,5.43,5.62,5.81,5.83,5.69,5.86,6.07,6.03,5.93,6.61,5.75,5.49,5.34,5.57,5.76,5.85,6.18,5.52,5.24,5.91,5.86,5.6,5.63,5.9,5.34,5.66,5.79,5.25
ABCC8,4.07,4.41,4.13,4.49,4.78,4.14,4.36,4.09,4.22,4.34,4.13,4.16,4.33,4.47,4.1,4.17,4.1,4.34,4.1,4.1,4.53,4.59,4.45,4.26,4.24,4.21,4.45,4.43,4.55,4.33,5.48,4.67,4.12,4.71,4.36,4.07,4.63,3.97,4.94,4.14,4.17,4.52,4.03,4.58,4,4.18,4.7,4.3,4.15,4.47
ABCC8,4.92,5.15,4.91,4.83,4.8,4.82,5.36,5.16,4.82,4.92,5.15,5.16,5.49,6.72,4.91,4.73,4.74,4.91,5.2,4.78,4.84,4.96,5.09,4.93,5.02,4.75,5.16,5.27,5.11,4.69,5.95,5.58,5.21,4.97,4.69,4.98,4.7,4.75,4.82,5.21,4.83,4.78,5.23,6.91,5.25,4.92,5.32,4.88,4.84,5.1
ABCC9,3.86,3.99,3.71,3.83,3.73,3.81,4.11,3.58,4.22,3.73,3.85,3.67,3.85,4.34,4.04,3.52,3.81,3.77,3.6,3.98,4.17,3.64,3.87,3.61,3.74,3.67,3.95,4.01,3.65,5.81,4.68,4.16,3.88,3.99,3.82,3.99,3.51,3.66,3.76,3.59,3.87,3.84,3.74,5.28,3.56,4.33,3.98,3.81,3.59,4.08
ABCC9,3.69,3.85,3.75,4.03,4.09,3.77,3.78,3.96,3.85,3.85,3.88,3.86,3.81,4.61,3.88,3.88,3.96,3.88,3.95,3.93,4.07,4.12,3.8,3.95,3.83,3.66,3.86,4.15,3.73,3.91,4.52,3.79,3.8,3.8,3.81,3.87,4,3.75,3.85,3.82,3.84,4.11,3.88,4.27,3.78,3.91,3.85,3.89,3.69,4.16
ABCC9,4.21,4.33,4.61,4.35,4.52,4.67,4.24,4.55,4.43,4.35,4.73,4.87,4.35,5.33,4.57,4.8,4.62,4.46,4.57,4.59,4.31,4.81,4.82,4.69,4.53,4,4.38,4.71,4.56,4.64,5.78,7.36,4.33,4.31,4.75,4.28,5.23,4.7,4.48,4.55,4.23,4.59,4.13,6.01,4.45,4.25,4.37,4.9,4.32,5.03
ABCD1,6.46,6.28,6.65,6.75,6.98,6.85,6.53,6.87,6.74,6.52,6.77,6.46,6.47,6.21,6.67,6.6,6.37,6.8,6.72,6.45,6.61,6.73,7,6.86,7.02,7.05,6.9,6.51,6.47,6.33,7.09,7.69,6.7,6.61,6.68,6.84,6.73,6.48,6.26,7.25,6.72,7.07,6.72,8.2,7.16,6.67,7.01,6.85,6.88,6.25
ABCD2,4.04,3.91,3.89,3.98,3.51,3.67,3.48,4.19,3.98,4.08,3.86,4.46,4.28,4.46,3.75,3.73,3.78,3.92,3.64,4.33,3.85,4.04,3.86,3.75,4,3.77,4.11,4.02,3.79,5,4.03,3.46,4.08,4.22,4.13,3.87,3.9,3.97,3.63,4.13,3.86,3.92,3.67,4.11,3.77,3.54,3.68,4.1,3.98,4.02
ABCD2,4.28,4.36,4.28,4.42,4.09,3.98,4.46,4.27,4.62,4.26,4.12,4.79,4.17,5.01,4.79,4.02,4.3,4.4,4.48,4.35,4.37,4.29,4.34,4.54,4.4,4.5,4.1,4.07,4.12,4.67,4.46,5.51,4.41,4.27,4.66,4.65,4.31,4.46,4.27,3.97,4.2,4.33,4.23,4.37,4.1,4.8,4.28,4.42,4.15,5.41
ABCD3,9.39,9.78,9.24,9.39,9.38,9.38,9.14,8.88,9.71,9.31,9.67,9.42,9.68,9.3,9.43,9.27,9.3,9.34,9.41,9.41,9.3,9.32,9.72,9.13,9.4,9.34,9.41,9.2,9.75,9.08,9.17,8.06,9.01,9.01,8.96,9.32,9.25,9.04,9.07,9.16,9.31,9.11,9.26,9.21,9.09,9.07,9.1,9.3,9.71,9.17
ABCD3,4.69,4.81,4.94,4.77,5.04,4.89,5.19,5.26,4.58,4.72,4.8,4.34,4.71,5.47,4.76,4.52,5.04,5.1,4.9,4.99,4.96,4.23,4.83,4.83,4.75,5.14,5.33,4.6,4.62,5.08,6.61,4.52,4.72,4.94,4.59,4.92,5.07,5.12,5.23,4.76,4.97,4.5,4.87,5.41,5.22,4.98,4.76,4.76,5.29,4.56
ABCD3,7.25,6.92,7.31,7.19,7.31,6.71,6.29,7.2,7.14,7.37,6.93,7.27,7,6.63,7.38,7.33,7.31,7.46,7.7,7.69,6.87,6.95,6.78,7.26,7.27,7.29,7.11,7.16,6.76,5.75,6.27,5.76,7.17,7.12,7.02,7.6,7.3,7.6,6.29,7.17,6.95,6.32,6.54,5.06,7.37,6.78,7.02,7.38,7.28,6.07
ABCD3,8.46,8.42,8.27,8.34,7.69,8.01,7.84,8.11,8.42,8.49,8.03,8.52,8.34,7.56,8.37,8.25,8.32,8.39,8.28,8.48,8.25,8.29,7.98,8.15,8.21,8.19,8.27,8.46,7.79,7.51,5.01,6,8.08,8.13,7.8,8.15,7.8,8.07,7.39,7.84,7.96,7.62,7.62,7.02,7.97,7.66,7.98,8.31,8.03,7.08
ABCD3,7.42,6.81,6.95,7.08,6.32,5.95,5.79,7.06,7.15,7.45,6.56,7.19,7.17,6.02,7.4,7.34,7.27,7.06,7.25,7.33,7.05,7.2,6.27,6.97,7.24,7.1,6.99,7.07,6.54,5.1,5.36,6.68,6.97,7.34,7.2,6.87,6.33,7.01,5.87,7.18,7.07,6.17,6.19,5.36,6.06,6.17,7.05,7.14,6.75,6.05
ABCD4,7.99,7.99,7.91,7.89,7.97,8.07,7.94,7.83,8,7.9,7.91,8,8.08,7.3,7.88,7.66,7.93,7.67,7.74,7.63,8.12,8,8.06,7.92,7.9,8.01,7.86,7.93,8.08,7.61,8.03,6.4,7.62,7.82,7.85,7.77,7.75,7.94,7.9,7.95,8.03,8.11,7.86,5.63,7.69,7.63,7.71,7.83,8.05,7.44
ABCD4,5.02,4.98,4.99,4.97,5.1,5.23,4.37,5.19,5.02,5.07,5.06,4.9,4.77,6.34,5.17,4.86,4.95,4.95,5.08,4.81,4.76,5.25,5.16,4.88,5.38,5.09,5.13,5.3,5.17,4.19,5.54,5.57,5.16,4.78,4.94,5.1,4.72,5.01,4.6,5.12,5.01,5.26,5.22,6.18,5.23,4.79,5.4,5.16,5.23,6.3
ABCD4,6.94,6.36,6.85,6.81,6.59,6.61,6.43,7.02,6.71,6.89,6.68,6.83,6.65,4.5,6.72,6.78,6.56,6.57,6.73,6.79,6.69,6.95,6.5,6.79,6.84,6.79,6.87,7.02,6.33,4.6,6.23,4.83,6.39,6.76,6.5,6.62,6.7,6.7,5.26,7.13,6.76,6.95,6.77,4.91,6.65,6.29,6.54,6.73,6.94,4.49
ABCE1,10.44,10.59,10.31,10.28,10.1,10.14,9.89,10.07,10.51,10.39,10.39,10.28,10.42,9.46,10.03,10.17,10.24,10.37,10.47,10.54,10,9.75,10.02,9.86,9.81,9.97,10.34,10.32,10.35,9.81,7,9.05,9.97,9.98,9.9,9.88,10.01,10.01,10.21,10.24,10.25,9.84,9.92,8.29,10.16,10.24,10.42,10.39,10.47,8.35
ABCE1,7.14,7.02,6.79,7,6.47,6.46,6.03,6.84,7.28,7.24,6.73,6.89,7.04,4.71,6.57,6.89,6.89,6.99,7.18,7.13,6.47,6.38,6.33,6.69,6.43,6.41,6.99,7.03,6.77,5.94,5.91,5.45,6.46,6.7,6.39,6.6,6.41,6.83,6.79,6.71,6.37,5.86,5.92,4.63,6.73,7.06,6.98,6.9,7.14,4.6
ABCE1,10.44,10.47,10.13,10.31,9.78,9.87,9.37,10.09,10.45,10.54,10.21,10.33,10.25,9.67,10.18,10.05,10.16,10.31,10.45,10.59,9.91,9.84,9.76,9.85,9.82,9.84,10.3,10.34,10.13,9.74,9.11,9.6,9.84,9.86,9.73,9.85,9.56,10.08,9.34,9.99,9.99,9.52,9.55,9.18,10.24,9.91,10.22,10.26,10.26,9.75
ABCE1,9.27,9.36,9.02,9.27,8.64,8.68,8.05,8.84,9.35,9.43,8.96,9.18,9.16,7.86,8.97,8.91,9,9.23,9.27,9.49,8.76,8.73,8.62,8.67,8.61,8.68,9,9.2,9.05,8.68,8.54,8.52,8.64,8.76,8.81,8.85,8.61,9,8.85,8.85,8.74,8.52,8.3,6.95,8.97,8.9,9.18,9.15,9.32,7.92
ABCE1,6.81,7,6.65,6.8,6.45,6.47,6.55,6.69,6.85,6.98,6.57,6.67,6.75,6.04,6.68,6.56,6.77,6.92,6.84,7.05,6.36,6.32,6.35,6.4,6.27,6.41,6.92,6.81,6.54,6.03,5.24,5.79,6.51,6.62,6.44,6.54,6.43,6.53,6.53,6.74,6.43,6.06,6.23,5.2,6.81,6.58,6.69,6.91,7.07,6.21
ABCF1,10.48,10.43,10.48,10.49,10.53,10.59,10.5,10.73,10.44,10.55,10.47,10.41,10.35,9.09,10.29,10.3,10.26,10.42,10.34,10.33,10.26,10.32,10.21,10.27,10.24,10.34,10.52,10.52,10.48,10.18,8.53,9.65,10.3,10.31,10.27,10.3,10.33,10.29,10.28,10.48,10.58,10.42,10.36,8.34,10.42,10.57,10.53,10.58,10.59,8.67
ABCF1,10.82,10.56,10.82,10.83,11.01,10.88,10.68,10.88,10.63,10.7,10.75,10.7,10.66,9.3,10.57,10.62,10.63,10.74,10.67,10.72,10.54,10.53,10.49,10.57,10.6,10.56,10.76,10.75,10.68,11.03,9.26,9.53,10.62,10.63,10.57,10.56,10.63,10.65,10.93,10.87,10.92,10.66,10.6,9.92,10.72,10.88,10.84,10.78,10.79,9.09
ABCF2,8.5,8.05,8.49,8.41,8.6,8.38,8.36,8.28,8.48,8.46,8.08,8.1,8.22,7.72,8.39,7.93,8.36,8.37,8.31,8.37,8.41,8.22,8.33,8.44,8.34,8.45,8.63,8.3,8.32,8.07,8.3,6.91,8.18,8.13,8.25,8.33,8.16,8.21,7.52,8.45,8.4,8.15,8.01,6.14,8.32,8.25,8.35,8.42,8.41,7.24
ABCF2,8.41,8.31,8.62,8.52,8.74,8.64,8.32,8.82,8.5,8.48,8.46,8.37,8.32,7.49,8.4,8.33,8.38,8.61,8.5,8.46,8.39,8.35,8.26,8.29,8.29,8.13,8.51,8.59,8.44,7.95,8.29,8.66,8.22,8.14,8.19,8.48,8.68,8.41,8.02,8.55,8.48,8.55,8.59,7.06,8.55,8.72,8.6,8.43,8.55,7.42
ABCF2,8.18,8.37,8.44,8.29,8.65,8.58,7.9,8.04,8.26,8.37,8.33,8.17,8.06,7.31,8.19,8.32,8.39,8.55,8.46,8.41,8.33,8.26,8.19,8.25,8.3,8.22,8.47,8.35,8.63,7.54,7.01,8.44,7.91,8,8.06,8.43,8.28,7.94,8.08,8.31,8.23,8.35,8.2,7.56,8.4,8.18,8.44,8.25,8.51,7.08
ABCF2,9.28,9.1,9.31,9.26,9.01,9.08,8.92,9.01,9.34,9.23,8.8,9.1,9.06,5.74,8.96,9.03,9.11,9.31,9.22,9.17,9.18,9.1,8.86,9.19,9.03,9.05,9.22,9.19,8.95,8.01,6.21,6.63,9.22,9.11,8.99,9.01,9.09,9.02,8.69,9.08,9.09,8.77,8.85,5.84,9.06,9.06,8.98,9.08,9.09,6.08
ABCF3,9.81,9.6,9.93,9.84,10.17,10.17,9.8,10.05,9.72,9.67,9.87,9.66,9.77,8.98,9.92,9.63,9.83,9.85,9.97,9.82,9.8,9.88,10.18,9.99,10.09,9.79,10.03,9.88,10.07,9.99,7.47,8.98,10.01,9.85,9.95,10.03,9.85,9.91,10.06,10.13,9.94,9.88,9.86,8.28,9.73,10.05,9.94,10,10.11,8.06
ABCF3,6.62,5.87,6.44,6.5,4.84,5.74,5.94,6.48,6.5,6.15,5.47,6.33,6.35,5.63,6.46,6.16,6.42,6.31,6.5,6.74,6.2,6.25,5.86,6.48,6.44,6.43,6.11,6.27,5.46,4.98,5.16,6.01,6.62,6.51,6.6,6.31,5.74,6.19,5.8,5.95,6.26,5.38,5.3,4.89,5.88,6.06,6.09,6.35,5.98,4.87
ABCF3,6.71,5.8,6.62,6.42,6.21,5.98,5.57,6.37,6.41,6.56,5.71,6.47,6.31,6.48,6.58,6.68,6.64,6.68,6.59,6.93,6.37,6.27,5.83,6.86,6.54,6.28,6.54,6.28,6.37,4.82,6.18,7.74,6.91,7,6.7,6.51,6.34,6.8,5.75,6.54,6.31,6.43,5.97,6.97,6.65,5.91,6.61,6.55,5.96,6.36
ABCF3,8.62,8.12,8.7,8.56,8.72,8.69,8.25,8.67,8.42,8.53,8.45,8.51,8.27,7.05,8.57,8.57,8.52,8.57,8.69,8.57,8.66,8.64,8.7,8.8,8.65,8.68,8.64,8.49,8.76,7.98,5.41,8.19,8.75,8.9,8.73,8.75,8.52,8.55,8.6,8.74,8.84,8.62,8.72,7.28,8.41,8.68,8.63,8.63,8.77,7.34
ABCG1,5.03,5.4,5.21,5.48,5.09,5.23,4.71,5.17,5.22,5.26,5.82,5.2,5.35,6.73,5.46,5.36,5.33,4.94,5.14,4.86,5.21,5.93,5.75,5.74,5.26,5,4.93,5.22,5.35,5.54,7.03,5.12,6.35,6.57,6.06,5.28,5.3,5.4,5.04,5.13,4.94,5.34,5.34,7.05,5.28,4.96,5.55,5.42,5.12,8.18
ABCG1,4.08,4.25,4.14,4.14,4.38,3.95,4.53,3.98,3.86,4.06,4.2,4.2,4.39,4.94,4.42,4.13,4.24,4.15,4.12,4.23,4.34,4.7,4.56,4.2,4.46,4.18,4.33,4.33,4.4,4.46,5.54,4.54,5.02,5.12,4.39,4.17,4,4.16,5.8,4.49,4.12,4.29,4.06,4.01,4.09,4.43,4.19,4.12,4.1,4.24
ABCG1,5.01,5.01,5.06,4.88,4.89,5.13,5.12,5.4,5,4.98,5.46,4.88,4.76,8.37,5.09,5.1,5.22,4.78,4.69,4.83,5.23,5.68,5.73,5.41,5.19,4.67,4.71,5.13,5.1,4.1,7.19,7.37,6.06,6.02,6.07,5.24,4.97,5.27,4.74,4.97,4.89,4.97,5.1,8.16,4.88,4.75,4.72,4.78,5.1,8.19
ABCG1,3.81,3.95,3.88,3.89,3.82,3.96,4.61,4.13,4.07,3.9,3.94,3.91,4.11,4.2,3.75,4.1,3.83,3.87,4.4,3.92,4.02,3.95,3.97,3.83,3.83,3.9,3.83,3.98,3.88,4.07,6.54,5.51,4.09,4.2,4.32,3.8,3.8,3.87,4.39,3.5,3.58,3.99,3.69,4.52,3.74,3.49,3.56,3.82,3.97,4.42
ABCG1,5.4,5.32,5.66,5.47,5.67,5.2,5.17,5.11,5.15,5.41,5.49,5.67,5.33,7.03,5.58,5.55,5.07,5.39,5.3,5.43,5.41,5.67,5.49,5.39,5.49,5.59,5.36,5.59,5.48,4.94,7.76,7.41,5.41,5.77,5.81,5.39,5.29,5.37,5.15,5.25,5.1,5.52,5.84,7.32,5.63,5.58,5.66,5.68,5.08,7.71
ABCG2,5.28,5.09,5.19,5.22,5.3,5.19,4.52,5.47,5.25,5.32,5.59,5.23,4.96,5.28,5.16,4.92,5.02,5.83,5.71,5.51,4.8,5.09,4.82,5.18,5.04,4.8,5.56,5.46,5.04,5.34,5.52,5.65,5.04,5.17,5.27,5.29,4.81,5.23,5.38,5.36,4.75,5.07,4.85,6.53,4.91,5.34,5.27,5.41,5.02,6.1
ABCG2,9.99,9.97,9.98,9.95,10.12,10.03,9.63,9.88,9.94,10,10.03,9.87,10,9.16,9.32,9.4,9.62,9.99,9.94,9.91,9.29,9.32,9.44,9.19,9.22,9.2,9.92,9.93,10.12,10.64,10.19,9.53,9.92,10.01,9.83,9.5,9.69,9.66,9.76,9.9,9.85,9.56,9.8,9.17,9.72,9.81,9.69,9.93,9.87,8.54
ABCG4,4.42,4.73,4.53,4.58,4.76,5,5.94,4.6,4.53,4.51,4.78,4.64,4.51,6.24,4.94,4.78,4.6,4.44,5.03,4.7,5.02,5,5,4.71,4.65,4.67,4.73,4.77,4.87,5.89,5.58,6.33,4.62,4.82,4.74,4.73,4.53,4.49,5.15,4.49,4.64,4.73,4.98,5.61,5.22,4.51,4.91,4.64,4.7,5.12
ABCG4,3.94,3.97,3.88,4.06,3.87,4.37,4.52,4.33,4.01,4.02,4.15,3.84,3.79,4,3.93,4.2,4,3.89,3.86,3.78,3.91,3.89,3.82,4.42,4.06,3.67,4.13,4.08,3.94,4.22,5.64,4.23,3.81,3.84,4.17,4.36,4.11,3.99,4.84,4.03,3.91,3.85,3.84,4.45,4.05,4.1,3.82,3.82,4.17,4.2
ABCG4,3.5,3.64,3.58,3.42,3.27,3.54,3.88,3.44,3.3,3.27,3.44,3.43,3.41,3.7,3.36,3.66,3.36,3.57,3.42,3.27,3.37,3.58,3.29,3.78,3.54,3.29,3.61,3.39,3.45,5.09,3.86,4.02,3.46,3.31,3.66,3.44,3.51,3.66,4.49,3.29,3.43,3.52,3.4,3.83,3.44,3.78,3.85,3.45,3.21,4
ABCG5,3.48,3.63,3.57,3.7,3.58,3.59,3.85,3.33,3.52,3.5,3.67,3.63,3.58,3.86,3.63,3.74,3.53,3.65,3.47,3.73,3.67,3.63,3.57,3.37,3.56,3.57,3.6,3.95,3.71,3.96,3.73,4.19,3.53,3.74,3.57,3.66,3.62,3.57,3.77,3.84,3.62,4.07,3.84,3.76,3.41,3.54,3.82,4.01,3.59,3.83
ABCG8,4.23,4.13,4.12,4.11,3.96,4.35,4.46,4.14,3.84,4.14,4.07,4.18,4.32,4.96,4.07,4.09,3.94,4.33,4.34,3.85,4.09,4.28,4.07,4.14,4.22,3.92,4.06,4.26,4.07,5.92,6.43,4.92,4.27,4.11,4.1,3.85,4.11,4.33,4.47,4.21,4.11,4.39,4.26,5.96,4.45,4.12,4.33,4.13,3.89,5.21
ABHD1,3.79,3.85,3.71,3.68,4,4.13,4.29,3.77,3.79,3.84,3.93,3.85,3.82,4.8,3.77,3.71,3.81,4.39,3.7,3.71,3.6,3.99,3.81,3.88,4.06,3.58,4.08,4.3,4.21,3.69,4.69,5.52,3.81,3.84,4.1,3.76,3.79,3.73,4.03,4.06,3.99,3.91,3.72,6.5,3.69,3.68,3.98,3.89,4.14,4.49
ABHD10,8.35,8.21,8.5,8.33,8.77,8.32,8.84,8.27,8.35,8.32,8.62,8.52,8.38,8.13,8.55,8.61,8.63,8.49,8.46,8.48,8.45,8.34,8.35,8.44,8.47,8.47,8.49,8.35,8.4,9.34,4.87,6.56,8.64,8.59,8.77,8.47,8.49,8.46,8.67,8.43,8.4,8.41,8.32,6.59,8.47,8.18,8.28,8.3,8.46,7.84
ABHD10,8.57,8.26,8.49,8.49,8.45,8.21,7.92,8.6,8.55,8.81,8.14,8.69,8.48,6.31,8.66,8.68,8.5,8.44,8.63,8.65,8.49,8.39,7.97,8.57,8.56,8.58,8.36,8.54,8.08,7.57,6.82,5.87,8.63,8.82,8.72,8.59,8.31,8.68,6.87,8.52,8.37,7.9,7.81,6.43,8.13,8.13,8.31,8.61,8.34,6.79
ABHD10,6.46,6.43,6.34,6.33,5.77,5.95,5.42,5.92,6.67,6.49,6.38,6.56,6.47,5.89,6.56,6.71,6.58,6.47,6.42,6.48,6.26,6.25,6.26,6.58,6.25,6.51,6.07,6.23,6.17,5.63,5.96,5.6,6.34,6.49,6.61,6.53,6.04,6.54,5.44,6.31,6.1,5.92,6.09,5.98,6.03,6.15,6.09,6.48,6.33,5.62
ABHD11,5.51,5.42,5.67,5.64,5.72,5.73,5.29,6.03,5.44,5.91,5.72,5.52,5.48,6.08,5.35,5.7,5.72,5.6,5.44,5.64,5.39,5.62,5.49,5.61,5.56,5.76,5.81,5.71,5.4,6.63,5.34,5.7,5.76,5.49,5.93,5.29,5.33,5.67,5.42,5.5,5.57,5.49,5.99,6.81,5.47,5.62,5.55,5.5,5.48,6.09
ABHD11,4.74,4.27,4.66,4.67,4.62,4.81,5.05,4.98,4.51,4.84,4.63,4.53,4.51,4.94,4.68,4.43,4.61,4.95,4.7,4.87,4.66,4.44,4.41,4.64,4.38,4.49,4.58,4.92,4.58,3.97,6.16,6.07,4.95,4.71,4.59,4.77,4.66,5.18,3.4,4.59,4.46,4.32,4.8,4.63,4.48,4.62,4.81,4.92,4.29,6.02
ABHD11,7.05,6.96,7.25,7.13,7.25,7.22,6.38,7.33,7.12,7.07,6.75,6.8,6.94,6.68,6.98,7.07,7.07,7.19,7.36,7.26,6.95,6.96,6.67,6.94,7.19,7.16,7.14,7.04,7.45,5.43,6.66,6.83,7.36,7.34,7.41,7.08,7.41,7.27,7.28,7.29,7.17,6.96,7.1,6.66,7.04,6.72,7.36,6.9,6.59,7.97
ABHD11,6.66,6.54,6.82,6.62,6.02,5.88,6.2,6.77,6.79,6.86,6.15,6.5,6.37,5.77,6.62,6.76,6.63,6.69,6.84,7.08,6.62,6.36,6.08,6.69,6.62,6.25,6.71,6.95,6.27,4.76,5.93,5.08,6.75,6.51,6.74,6.94,6.48,6.45,5.97,6.64,6.55,6.46,6.21,6.27,6.78,6.04,6.72,6.55,6.14,6.05
ABHD11,6.39,5.63,6.09,6.17,6.56,5.85,6.34,6.73,5.99,6.13,5.88,5.92,5.79,6.22,5.93,6,6.01,6.12,6.3,6.32,5.49,5.82,5.62,6.08,6.04,5.97,6.35,6.31,5.72,5.84,5.47,5.68,6.12,6.46,6.12,6.41,6.17,6.07,6.06,6.16,6.28,6.14,5.81,5.12,5.92,5.86,6.17,6,5.65,6.09
ABHD11,8.34,8.15,8.49,8.49,8.78,8.63,8.47,8.83,8.32,8.51,8.33,8.06,8,8.57,8.14,8.3,8.18,8.57,8.55,8.6,8.3,8.14,7.97,8.3,8.29,8.31,8.58,8.3,8.49,7.84,7.7,7.84,8.68,8.61,8.58,8.36,8.6,8.46,8.44,8.52,8.38,8.56,8.52,7.48,8.63,8.62,8.66,8.46,8.33,8.14
ABHD12,8.45,8.26,8.5,8.44,8.19,8.24,8.23,8.42,8.56,8.51,8.19,8.23,8.22,8.63,8.52,8.42,8.48,8.24,8.33,8.45,8.17,8.13,7.98,8.39,8.46,8.55,8.44,8.37,8.06,7.38,7.74,7.93,8.83,8.77,8.84,8.65,8.24,8.68,7.83,8.4,8.33,8.24,8.07,7.92,8.4,8.2,8.49,8.42,8.27,9.11
ABHD12,7.4,7.19,7.37,7.53,7.07,7.2,8.01,7.56,7.32,7.41,7.24,7.12,7.1,6.73,7.38,7.36,7.51,7.23,7.32,7.31,7.02,7.17,7.02,7.28,7.41,7.44,7.43,7.31,7.26,5.87,5.34,7.03,7.56,7.66,7.71,7.62,7.22,7.56,7.16,7.46,7.22,7.41,7.4,6.64,7.4,7.2,7.38,7.23,7.36,5.32
ABHD12,7.64,7.44,7.69,7.68,7.33,7.4,7.26,7.44,7.65,7.84,7.42,7.41,7.52,7.15,7.75,7.65,7.69,7.55,7.59,7.68,7.36,7.23,7,7.65,7.54,7.61,7.52,7.79,7.44,5.99,7.57,5.99,8.1,8.09,8.05,7.82,7.7,7.92,7.27,7.72,7.67,7.48,7.44,7.35,7.44,7.24,7.75,7.61,7.38,7.48
ABHD12,7.91,7.63,8.08,7.96,8.1,7.89,7.76,8.18,8.01,7.83,7.75,7.48,7.56,6.06,8.02,8.03,8.03,7.78,7.75,7.82,7.6,7.74,7.51,7.94,7.82,7.99,7.96,7.83,7.84,5.85,6.8,7.6,8.51,8.49,8.39,8.23,8.47,8.28,7.95,8.05,8.29,8.11,7.92,7.52,7.78,8.07,7.88,7.89,7.71,7.56
ABHD12,7.95,7.73,8.13,8.01,8.35,8.17,7.83,8.28,8,7.96,7.94,7.83,7.72,7.58,8.23,8.22,8.1,8,8.13,7.84,7.69,7.79,7.84,8.12,8.05,7.98,8.11,7.86,8.1,6.97,8.26,6.95,8.43,8.62,8.46,8.46,8.41,8.23,7.84,8.28,8.25,8.31,8.49,6.41,8.21,8.34,8.04,7.91,8.08,6.45
ABHD12B,4.2,4.2,4.14,4.18,4.27,4.48,4.58,4.19,4.15,4.08,4.09,4.25,4.24,4.46,4.26,4.29,4.38,4.17,4.19,4.11,4.4,4.24,4.35,4.11,4.16,4.09,4.19,4.11,4.48,4.3,5.01,4.48,4.35,4.27,4.1,4.19,4.53,4.14,4.37,4.03,4.39,4.44,4.38,5.31,4.28,4.28,4.25,4.51,4.31,5.52
ABHD12B,3.36,3.58,3.43,3.43,3.62,3.36,4.12,3.49,3.44,3.33,3.69,3.48,3.4,5.14,3.38,3.47,3.78,3.42,3.66,3.6,3.53,3.52,3.49,3.62,3.48,3.58,3.53,3.53,3.46,4.6,5.2,4.69,3.58,3.51,3.83,3.41,3.66,3.42,4.38,3.38,3.44,3.65,3.35,4.78,3.71,3.46,3.49,3.56,3.69,5.42
ABHD13,8.81,8.84,8.77,8.8,8.87,8.36,7.37,8.78,8.76,8.76,8.73,8.97,8.71,8.29,8.77,8.66,8.71,8.62,8.56,8.72,8.95,9.08,8.9,8.9,9.02,8.87,8.66,8.92,8.59,7.86,7.93,7.64,8.59,8.76,8.85,8.72,8.5,8.66,8.49,9.01,8.87,8.45,8.11,7.61,8.64,8.37,8.76,9.05,8.78,8.27
ABHD13,6.39,7.05,6.31,6.34,6.28,6.4,5.65,6.17,6.75,6.46,7.09,6.39,6.59,6.27,6.64,6.39,6.54,6.14,6.29,6.54,6.65,6.63,7.03,6.33,6.42,6.42,6.64,6.19,6.54,6.71,6.09,5.8,6.44,6.51,6.52,6.43,6.33,6.19,6.82,6.2,6.37,6.46,6.4,6.36,6.2,6.52,6.65,6.31,7.15,6.14
ABHD14A,6.42,6.45,6.75,6.73,7.33,6.89,4.79,6.72,6.57,6.63,6.2,6.67,6.16,4.77,6.37,6.26,6.53,7.13,7.23,7.08,6.64,5.84,5.92,6.53,6.43,6.1,6.95,6.7,6.69,6.28,6.82,6.45,6.24,6.45,6.38,6.42,6.65,6.36,5.13,6.62,6.84,6.39,6.13,6.14,6.31,6,5.95,6.62,6.98,5.26
ABHD14B,7.94,7.96,8.21,8.25,8.22,8.39,8.07,8.29,8.12,8.1,8.28,8.15,7.97,7.56,7.72,7.78,7.69,8.58,8.43,8.56,7.88,7.59,7.86,7.85,7.83,7.54,8.26,7.96,8.22,8.41,5.43,7.38,7.76,7.84,7.73,8.2,8.02,8.16,7.65,8.15,8.05,8.23,8.58,7.24,7.43,7.62,7.76,7.92,8.07,6.08
ABHD14B,5.16,4.64,4.96,5.33,4.9,5.17,5.58,5.43,5.03,4.93,4.7,5.03,5.02,5.71,4.86,4.76,4.95,5.84,5.5,5.94,4.83,4.56,4.64,5.03,4.83,5.02,5.29,5.13,5.08,5.86,4.77,6.15,5,4.86,4.69,4.64,5.09,5.29,4.63,4.9,5.02,4.94,4.96,5.49,4.86,4.7,4.69,5.06,5.02,4.62
ABHD15,7.67,7.46,7.59,7.71,7.62,7.44,7.31,7.73,7.49,7.74,7.52,7.53,7.33,6.75,7.64,7.68,7.69,7.77,7.71,7.78,7.81,7.77,7.63,7.89,7.9,7.66,7.62,7.72,7.42,6.56,6.23,6.94,7.66,8,7.83,7.78,7.68,7.85,6.91,7.8,7.51,7.56,7.3,6.96,7.42,7.11,7.52,7.53,7.68,6.2
ABHD15,6.55,6.52,6.68,6.76,7.05,6.84,6.57,7.15,6.91,7.13,6.68,6.73,6.7,5.7,6.84,6.78,6.63,6.84,6.79,6.64,6.67,6.82,6.96,6.42,6.89,6.56,6.49,6.66,6.77,6.56,5.6,6.57,6.57,6.78,6.76,6.73,6.84,6.82,6.21,6.77,6.88,6.94,7.07,6.05,6.79,6.35,6.61,6.89,6.94,5.19
ABHD2,9.11,9.05,8.95,9.09,9.2,9.21,8.44,9.06,9.1,9.04,9.18,9.02,9.08,7.25,9,9.01,8.9,9.27,9.41,9.28,8.74,8.88,8.92,8.89,8.97,8.92,9.01,9.06,9.14,9.07,7.97,8.4,8.55,8.74,8.74,9.07,9.19,9.04,8.76,9.06,9.23,9.22,9.33,7.83,8.9,8.98,8.8,9.14,9.32,8.26
ABHD2,6.49,6.37,6.38,6.64,6.64,6.47,5.75,6.12,6.5,6.59,6.84,6.33,5.92,6.09,6.37,6.32,6.23,6.9,6.54,6.52,6.01,6.25,6.21,6.54,6.28,6.28,6.51,6.62,6.72,5.83,5.63,6.46,6.48,6.58,6.51,6.67,5.91,6.14,5.51,6.72,6.54,6.41,6.31,5.68,6.05,6.43,6.36,6.49,6.29,6.09
ABHD2,6.69,6.56,6.4,6.54,6.73,6.71,6.47,6.35,6.48,6.35,6.56,6.78,6.43,5.96,6.24,6.49,6.07,6.32,6.41,6.59,6.84,6.1,6.46,6.25,6.45,6.07,6.5,6.55,6.53,5.63,5.77,5.8,6.46,6.46,6.62,6.39,6.05,6.57,5.44,6.51,6.7,6.51,6.67,6.7,6.08,6.21,6.29,6.48,6.48,5.79
ABHD2,5.5,4.98,5.46,5.56,5.92,5.41,4.91,5.53,5.66,5.42,5.68,5.77,5.31,4.45,5.51,5.44,5.25,6.16,5.76,5.55,5.3,5.33,5.28,5.47,5.83,5.34,5.72,5.67,5.35,5.34,6.09,6.81,6,5.79,5.36,5.81,5.2,5.46,6.24,5.93,5.78,5.37,5.15,5.42,5.47,5.4,5.42,5.48,5.4,5.59
ABHD3,8.41,8.59,8.11,8.31,8.09,7.89,7.91,7.99,8.39,8.16,8.54,8.45,8.81,8.56,8.8,8.72,8.86,8.12,7.98,8.2,8.63,8.63,9.01,8.59,8.7,8.69,8.04,8.14,8.21,8.27,8.08,7.66,8.72,9.07,8.7,8.79,8.6,8.74,7.88,8.1,8.1,8.15,7.86,8.11,8.02,8.06,8.29,8.14,8.33,8.07
ABHD3,9.01,8.56,8.69,8.85,8.15,7.85,8.19,8.78,8.82,8.92,8.3,8.98,8.86,6.68,9.54,9.68,9.44,8.75,8.65,8.89,9.26,9.3,8.85,9.44,9.43,9.56,8.65,8.81,8.22,6.63,6.16,6.16,9.55,9.69,9.63,9.53,8.96,9.48,7.44,8.65,8.58,8.43,8.17,6.97,8.83,8.37,8.64,8.76,8.61,6.05
ABHD4,7.03,6.87,7.27,7.32,7.68,7.55,6.94,7.09,7.14,7.02,7.15,7.44,7.26,6.77,9.06,8.91,8.82,7.69,7.55,7.33,8.01,7.98,8.04,8.82,8.81,8.74,7.36,7.21,7.29,6.16,6.28,5.61,8.89,9.03,9.07,8.98,8.74,8.9,6.11,7.57,7.54,7.27,7.36,5.89,7.14,7.11,6.61,7.35,7.41,6.8
ABHD4,4.94,4.36,4.56,4.63,4.48,3.92,4.71,4.64,4.73,4.82,4.36,4.91,4.66,4.72,6.22,6.22,6.09,5.38,4.76,5.14,5.35,5.25,4.62,6.29,6.16,6.3,4.79,4.72,4.7,4.7,4.77,5.28,6.12,6.27,6.03,6.12,5.75,6.47,4.27,4.62,4.45,4.64,4.69,5.78,3.9,4.23,4.57,5.22,4.59,4.18
ABHD4,4.96,4.53,4.6,4.75,4.72,4.44,3.78,5.33,4.82,5.02,4.5,5.11,5,5.11,6.31,6.43,6.21,4.97,5.3,5.14,5.66,5.56,4.89,6.16,6.25,6.36,4.72,5.09,4.52,5.06,4.68,5.47,6.46,6.33,6.36,5.89,5.9,6.54,5.25,4.79,4.77,4.57,4.77,5.01,5.34,4.09,4.67,5.05,4.75,5.51
ABHD5,5.67,5.7,5.72,5.4,5.77,5.56,5.21,5.36,5.75,5.69,5.64,5.82,5.7,5.72,6,5.84,6.31,5.37,5.4,5.46,5.65,5.61,6.11,5.86,5.87,6.09,5.59,5.83,5.74,4.92,5.8,6.61,5.98,6.42,6.08,5.89,5.56,5.83,5.47,5.36,5.41,5.53,5.18,5.59,5.81,5.41,5.33,5.77,5.67,5.25
ABHD5,4.25,4.24,4.33,4.34,4.33,4.48,4.82,4.38,4.43,4.46,4.31,4.19,4.24,4.38,4.63,4.83,4.54,4.41,4.19,4.23,4.28,4.38,4.43,4.27,4.59,4.62,4.32,4.33,4.3,5.45,4.6,4.44,4.64,4.62,4.79,4.81,4.33,4.92,4.54,4.19,4.22,4.16,4.2,4.26,3.83,4.25,4.64,4.21,4.46,4.46
ABHD5,5.98,5.5,5.76,5.94,5.36,5.56,5.1,5.92,5.96,6,5.8,5.97,5.67,4.8,6.27,6.47,6.43,6.22,5.75,6.17,5.79,5.86,5.85,6.5,6.7,6.24,5.75,5.95,5.89,5.79,5.07,5.25,6.43,6.57,6.31,6.6,6,6.37,6.5,5.96,5.95,5.46,5.28,5.2,5.37,5.75,5.91,6.05,6.02,5.57
ABHD5,4.76,5.43,4.73,4.78,4.58,4.48,4.6,4.06,4.59,4.92,5.1,4.68,4.67,4.26,4.61,4.63,4.81,4.34,4.37,4.33,4.64,4.87,4.88,4.41,4.64,4.48,4.53,4.57,5.1,5.14,5.35,4.67,5.01,5.03,4.79,4.63,4.76,4.62,4.06,4.28,4.28,4.73,4.75,3.87,4.17,4.45,4.5,4.57,4.78,3.93
ABHD5,5.11,5.1,4.85,5,4.96,4.95,5,4.9,4.89,4.96,5.32,4.99,5.05,6.93,5.11,5.18,4.96,5.01,5.12,4.94,4.94,5.21,5.24,4.74,4.89,5.08,4.86,4.98,5.47,4.72,6.86,7.02,5.26,5.28,5.26,5.34,5.07,5.31,5.16,4.99,4.9,5.06,5.26,7.74,4.99,5.1,4.91,5.29,5.25,7.09
ABHD5,8.21,8.1,8.36,8.28,8.59,8.52,7.73,8.17,8.29,8.28,8.09,8.07,8.12,6.23,8.64,8.62,8.58,8.06,8.23,8.05,8.36,8.25,8.15,8.61,8.75,8.62,8.17,8.13,8.13,7.28,6.13,4.71,9.04,8.98,9.07,8.62,8.9,8.66,8.67,8.23,8.11,7.97,7.84,5.59,8.48,7.94,8.39,8.48,8.04,5.27
ABHD6,6.56,6.82,6.62,6.21,6.77,6.78,5.39,6.12,6.59,6.51,6.46,6.74,6.56,3.88,6.42,6.45,6.44,6.63,6.79,6.34,6.79,6.6,6.57,6.46,6.48,6.63,6.52,6.52,6.48,5.97,4.69,5.63,6.55,6.78,6.55,6.7,6.72,6.72,5.55,6.69,6.78,6.46,5.85,4.76,5.86,6.2,6.19,6.53,6.46,5.39
ABHD6,6.64,6,6.33,6.2,5.27,5.76,6.36,6.68,6.28,6.72,5.74,6.35,6.11,5.57,6.54,6.48,6.36,6.46,6.51,6.56,6.44,6.44,5.55,6.57,6.55,6.81,6.4,6.48,5.93,6.04,5.84,5.13,6.59,6.52,6.18,6.64,6.23,6.77,5.97,6.43,6.44,5.77,5.63,5.49,5.95,6.03,5.85,6.52,6.32,5.04
ABHD6,4.12,4.02,4.1,4.55,5.65,4.3,4.85,4.09,4.45,4.23,4.32,4.15,4.1,5.48,4.44,4.24,4.28,4.65,4.39,3.89,4.14,4.19,4.25,4.41,4.12,4.32,4.37,4.33,4.3,5.01,6.39,4.85,4.22,3.98,4,4.23,3.65,4.4,6.44,4.46,4.13,4.14,4,5.8,3.98,4.62,4.31,4.21,4.22,4.71
ABHD8,6.65,6.45,6.82,6.83,7.34,7.11,7.18,7.04,6.54,6.66,6.39,6.51,6.43,7,6.54,6.53,6.69,6.95,6.64,6.73,6.62,6.45,6.77,7.24,6.81,7.07,6.75,6.93,6.87,6.38,5.94,6.8,6.48,7.13,6.8,6.63,7.11,6.93,7.31,7.11,7.07,7.01,7.27,7.33,6.62,7.04,6.99,6.68,6.82,6.84
ABHD8,7.15,7.1,7.58,7.4,7.64,7.81,7.01,7.39,7.32,7.32,7.66,7.3,7.25,7.84,7.19,7.1,7.24,7.4,7.36,7.22,7.59,7.54,7.47,7.55,7.59,7.33,7.33,7.19,7.37,7.18,6.89,7.75,7.62,7.62,7.43,7.44,7.33,7.47,7.48,7.52,7.44,7.58,7.66,6.99,7.32,7.32,7.39,7.43,7.51,6.64
ABHD8,5.79,5.71,6.2,6.06,6.34,6.12,6.13,6.15,5.82,5.88,5.79,5.79,5.75,4.94,6.16,6.22,5.81,6.02,6.22,6.02,5.8,6,5.67,5.96,6.35,6.14,6.22,5.52,5.91,4.84,7.02,6.34,6.16,5.97,6.2,5.88,6.14,6.25,6.14,6.07,6.34,6.12,6.21,5.88,5.84,6.14,6.08,6.21,6.05,6.02
ABI1,7.69,8.25,7.97,7.88,7.67,7.68,7.41,7.68,8.15,8.02,8.19,7.97,8.1,7.75,8.11,7.76,7.99,7.87,8.03,7.97,8.14,8.01,8.36,8.04,7.98,8.16,7.97,7.81,7.76,7.49,7.02,7.52,7.69,7.61,7.73,7.92,7.92,7.93,8.26,8.2,7.89,8.05,8.08,8.34,8.03,7.8,7.93,8.11,8.2,7.9
ABI1,7.75,8.12,7.6,7.81,7.57,7.65,5.93,7.35,7.81,7.82,8.18,7.85,7.81,8.21,8.1,7.76,7.86,7.88,7.94,7.88,7.87,7.88,8.09,7.76,7.84,7.9,7.71,7.78,7.7,7.36,6.07,6.34,7.47,7.55,7.36,7.82,7.72,7.68,6.89,7.85,7.6,7.72,7.86,8.47,7.79,7.74,7.78,7.87,7.92,7.9
ABI1,11.64,11.84,11.6,11.64,11.48,11.51,11.34,11.54,11.67,11.64,11.83,11.78,11.78,11.41,11.86,11.76,11.78,11.59,11.6,11.6,11.73,11.82,12.02,11.84,11.82,11.77,11.58,11.68,11.65,11.29,9.99,10.1,11.45,11.56,11.61,11.82,11.61,11.66,11.37,11.67,11.66,11.8,11.69,10.93,11.72,11.63,11.74,11.72,11.73,10.82
ABI1,11.7,11.82,11.63,11.67,11.4,11.56,11.26,11.53,11.66,11.59,11.88,11.75,11.69,12.02,11.78,11.69,11.81,11.62,11.55,11.63,11.72,11.82,11.95,11.78,11.89,11.77,11.59,11.65,11.69,11.26,9.94,10.77,11.48,11.64,11.61,11.75,11.51,11.62,11.45,11.62,11.62,11.72,11.85,11.91,11.64,11.59,11.73,11.68,11.74,11.41
ABI1,8.93,9.05,8.74,8.9,8.08,8.62,7.95,8.69,8.99,8.85,9.06,8.97,8.96,7.57,9.05,8.91,8.95,8.93,9.04,9.15,8.95,8.93,9.18,9.07,8.97,9.12,8.71,8.74,8.56,8.52,5.29,7,8.68,8.69,8.68,8.91,8.68,8.83,8.49,9,8.96,8.94,8.89,7.47,8.93,8.91,8.86,9.04,8.94,7.13
ABI1,8.09,7.75,7.92,7.9,6.76,7.09,7.66,7.85,7.95,7.94,7.34,7.96,7.92,7.17,7.81,7.95,7.99,7.72,7.57,7.99,8.02,7.88,7.36,8.05,7.78,8.02,7.71,7.88,7.56,6.12,7.18,6.28,7.99,7.9,8.02,7.94,7.6,7.92,7.12,7.71,7.15,7.87,7.64,5.51,8.15,7.63,8,7.88,7.74,6.25
ABI1,8.79,9.09,8.79,8.89,8.96,8.91,8.34,8.91,9.06,8.89,9.17,8.99,8.86,8.64,9.08,8.94,9.07,8.97,9.02,9.15,8.99,9.13,9.14,9.24,9.08,9.01,8.76,8.96,8.78,8.35,6.52,8.1,8.68,8.77,8.85,8.92,8.82,8.88,8.52,8.99,9.01,9.02,9.07,8.6,9.03,8.98,9.07,9.1,8.91,9.29
ABI1,9.03,8.59,8.78,8.86,8.36,8.29,8.56,8.72,8.78,9.05,8.09,9.02,8.78,8.27,9.06,9.23,9.06,8.99,8.99,9,9.11,8.8,8.49,9.16,9.08,9.2,8.82,8.88,8.17,7.62,8.02,9.27,9.15,9.06,9.02,9.06,8.85,9.19,7.88,8.89,8.61,8.57,8.63,8.09,9.19,8.46,8.93,8.96,8.69,8.81
ABI1,8.39,8.22,8.18,8.38,8.01,7.83,8.33,8.49,8.32,8.43,7.73,8.52,8.55,7.14,8.46,8.45,8.46,8.31,8.34,8.31,8.42,8.46,8.09,8.56,8.39,8.51,8.14,8.23,8.08,6.75,5.81,5.37,8.41,8.61,8.31,8.22,8.04,8.38,7.79,8.25,8.14,8.14,8.17,6.73,8.57,8.17,8.46,8.35,8.23,7.27
ABI1,7.13,6.67,6.89,6.91,6.3,5.77,7,6.78,6.91,7.07,5.94,7.11,6.9,6.13,7.28,7.08,7.16,7.01,7.12,7.24,7.1,6.88,6.3,7.2,7.23,7.24,7.04,7.03,6.24,3.88,5.25,5.25,7.15,7.17,7.15,7.17,6.73,7.43,6.45,6.96,6.92,6.37,6.39,6.66,7.04,6.54,7.08,7.14,6.79,5.14
ABI1,9.29,8.95,9.16,9.05,8.39,8.6,8.6,9.11,9,9.28,8.26,9.25,9.09,9.37,9.3,9.37,9.32,9.22,9.21,9.34,9.23,9.2,8.56,9.51,9.3,9.28,8.99,9.22,8.29,7.05,8.68,9.59,9.27,9.37,9.32,9.45,8.88,9.5,8.4,9.24,9.01,8.74,8.65,8.43,9.2,8.5,9.21,9.23,9.08,10.27
ABI1,7.38,6.98,7.46,7.29,6.51,6.64,6.72,7.29,7.3,7.41,6.34,7.48,7.37,7.28,7.38,7.43,7.34,7.36,7.52,7.73,7.54,7.43,6.64,7.45,7.41,7.54,7.08,7.39,6.45,5.83,8.14,7.5,7.29,7.43,7.54,7.53,6.75,7.54,6.05,7.4,7.32,6.85,6.68,8.02,7.36,6.8,7.52,7.45,7.07,8.04
ABI1,9.05,8.92,8.91,8.93,8.61,8.59,9.11,9.05,8.98,9.13,8.52,9.19,9.16,7.8,9.09,9.22,9.08,9.04,9.01,8.97,9.28,9.22,8.79,9.2,9.15,9.31,8.99,8.96,8.64,6.92,5.72,6.93,9.09,9.22,9.08,9,9.07,9.18,9.36,9.01,8.99,9.01,9.07,7.35,9.32,9.02,9.18,9.06,9.02,8.35
ABI1,9.67,9.6,9.51,9.52,9.37,9.11,9.71,9.75,9.54,9.68,9.28,9.67,9.83,8.01,9.68,9.93,9.61,9.61,9.43,9.49,9.78,9.78,9.48,9.7,9.67,9.78,9.51,9.52,9.54,8.8,6.38,8.39,9.76,9.84,9.59,9.55,9.6,9.75,9.85,9.58,9.5,9.61,9.63,8.23,9.77,9.65,9.88,9.75,9.64,8.48
ABI1,8.36,8.31,8.24,8.23,7.98,7.76,8.09,8.37,8.51,8.4,8.13,8.5,8.6,6.83,8.47,8.3,8.47,8.28,8.2,8.26,8.56,8.51,8.63,8.46,8.33,8.61,8.03,8.27,8.18,8.28,8.32,6.03,8.29,8.39,8.36,8.28,8.15,8.37,8,8.22,8.11,8.39,8.33,7.14,8.29,7.86,8.29,8.43,8.43,7.65
ABI2,8.27,8.23,8.18,8.28,8.11,8.09,7.76,7.96,8.11,8.32,8.42,8.09,8.07,8.09,8.17,8.23,8.14,8.31,8.29,8.55,8.16,8.22,7.96,7.93,7.91,7.93,8.25,8.25,8.19,7.79,7.13,7.83,7.55,7.81,7.71,8.3,8.13,8.14,7.99,8.12,8.19,8.52,8.42,8.11,8.49,8.45,8.41,8.18,8.2,8.22
ABI2,8.14,8.16,7.95,7.92,8.18,8.18,8.39,7.95,8.02,8.04,8.4,7.8,7.68,6.71,8.02,7.96,7.95,7.92,8.21,8.12,7.82,8,8.32,7.81,7.83,7.71,8.04,8.08,8.5,7.46,5.88,7.44,7.18,7.5,7.25,8.05,7.81,7.56,6.55,8.07,7.89,8.63,8.41,7,8.21,8.42,8.39,7.91,8.11,7.21
ABI2,7.29,7.25,7.13,7.18,6.93,7.01,6.1,7.25,7.22,7.29,7.05,7.29,7.23,5.07,7.23,6.76,7.19,6.92,6.73,6.97,7.03,7.22,7.22,7.28,7.08,7,7.36,7.33,7.13,5.88,4.07,5.03,6.77,6.98,6.92,7.31,7.22,7.38,6.21,7.32,7.15,7.26,7.35,5.95,7.26,7.13,7.3,7.41,7.45,6.76
ABI2,8.84,8.95,9,8.9,9.18,9.13,9.27,9.07,8.87,8.89,9.24,8.87,8.69,7.74,8.78,8.84,8.86,8.74,8.59,8.43,8.97,8.9,9.02,9.01,8.9,8.81,8.97,8.93,8.9,8.62,6.21,7.86,8.68,8.68,8.73,8.98,9.06,9.06,9.01,9.18,9.08,9.24,9.22,7.35,9.16,8.96,9.22,8.97,8.84,7.9
ABI2,8.87,8.93,9,8.98,9.11,8.9,7.98,8.78,8.92,8.94,9,8.88,8.67,8.53,8.77,8.58,8.89,8.8,8.76,8.7,8.75,8.82,9.05,8.96,8.86,8.84,8.91,8.95,8.81,7.18,8.53,7.91,8.48,8.55,8.57,9.09,9.03,8.96,7.97,9.2,8.92,9.13,8.86,8.06,8.96,8.95,8.94,8.85,9.02,7.44
ABI2,7.22,6.63,6.69,6.98,6.44,6.73,6.93,7,7.09,7.12,6.21,7.16,6.84,6.02,7.16,6.96,7.13,7.08,6.51,6.83,7.12,6.88,6.31,7.31,7.07,7.18,6.85,6.81,6.23,5.75,7.31,4.54,6.63,6.87,6.91,7.07,7.39,7.6,6.55,7.1,6.86,6.82,6.45,4.75,7.09,6.77,7.22,7.14,6.94,5.82
ABI2,5.82,5.32,5.67,5.61,5.69,5.35,5.58,5.37,5.48,5.72,5.49,5.66,5.37,5.88,5.63,5.62,5.57,5.75,5.61,5.94,5.37,5.49,5.44,5.84,5.61,5.81,5.69,6.04,5.22,4.91,8.56,7.05,5.49,5.52,5.4,5.59,5.26,5.49,5.21,5.61,5.31,5.52,5.8,5.64,5.82,5.41,5.71,5.63,5.35,6.24
ABI2,5.62,5.57,5.6,5.67,5.2,5.37,5.75,5.62,5.69,5.61,5.54,5.64,5.43,5.3,5.47,6,5.46,5.68,5.66,5.73,5.38,5.49,5.54,5.53,5.59,5.34,5.63,5.56,5.28,5.1,5.14,6.59,5.19,5.35,5.14,5.59,5.23,5.51,5.53,5.47,5.3,5.44,5.37,5.57,5.68,5.46,5.55,5.65,5.36,5.28
ABI2,6.84,6.44,6.9,6.68,5.62,5.66,6.89,7.06,6.8,6.74,6.2,6.61,6.6,5.46,6.79,6.47,6.69,6.37,6.68,6.62,6.57,6.54,6.07,7.03,6.8,6.81,6.73,6.86,6.26,6.43,8.49,5.68,6.71,6.65,6.19,6.67,6.66,6.88,5.65,6.47,6.52,6.26,6.64,5.19,7.1,6.58,7.09,6.66,6.49,5.1
ABI3,4.78,4.74,4.5,4.81,4.53,4.47,5.16,4.73,4.69,4.29,4.43,4.43,4.52,4.86,4.75,4.65,4.6,4.76,4.81,4.37,4.01,4.54,4.3,4.57,4.56,4.43,4.89,4.62,4.46,7.08,6.06,5.51,4.38,4.46,4.73,4.57,5,4.7,4.37,4.52,4.5,4.35,4.75,5.37,4.69,4.37,4.37,4.48,4.45,5.13
ABI3BP,3.96,4.13,3.78,4.25,3.84,3.99,4.2,3.97,4.08,3.96,4.4,4.16,4.24,4.65,4.07,4.01,4.01,4.17,4.05,3.95,4.55,4.14,4.08,3.86,4.01,3.82,3.78,4.11,4,3.67,4.43,5.13,4.27,3.89,4.24,3.96,4.07,3.78,4.27,3.85,3.93,3.97,4.19,4.52,3.82,4.07,3.96,3.97,4.03,5.21
ABI3BP,4.65,4.69,4.28,4.46,4.42,4.2,4.17,4.39,4.38,4.32,4.46,4.37,4.66,5.09,4.33,4.07,4.24,4.13,4.44,4.15,4.02,4.79,4.37,4.32,4.07,4.28,4.28,4.21,4.01,4.62,4.4,5.08,4.39,4.53,4.67,4.21,4.4,4.4,5.35,4.23,3.98,3.86,4.71,5.04,4.17,4.12,4.3,4.65,4.2,5.35
ABL1,8.27,8.33,8.3,8.4,8.69,8.55,8.59,8.76,8.07,8.21,8.08,8.27,8.21,8.99,8.21,8.11,8.32,8.25,8.12,8.25,8.38,8.34,8.34,8.27,8.37,8.36,8.42,8.13,8.66,7.28,8.56,8.17,8.23,8.38,8.27,8.2,8.45,8.41,8.54,8.63,8.61,8.64,8.78,8.54,8.51,8.51,8.3,8.36,8.73,8.56
ABL1,5.64,5.59,5.05,5.4,4.54,4.64,4.66,4.95,5.14,5.56,4.99,5.6,4.88,6.5,5.21,5.16,4.99,4.89,5.07,5.04,5.53,5.53,5.37,5.27,5.07,4.79,4.9,5.4,4.86,5.13,5.9,5.66,5.47,5.18,4.81,5.06,4.55,4.51,4.27,5.29,4.97,4.79,5.47,6.15,4.69,4.43,5.02,4.64,4.7,5.82
ABL1,7.9,8.08,7.94,7.91,8.4,8.21,7.04,8.04,7.91,8.1,8,7.98,7.95,6.8,7.96,8.03,7.71,7.75,7.84,7.91,7.97,7.9,7.99,7.88,8.16,8.02,8.22,7.79,8.07,7.13,6.37,7.96,8.02,8.05,8.02,7.98,7.99,8.01,7.26,8.39,8.44,8.35,8.22,8.04,8.05,8.14,8.15,8.11,8.45,7.38
ABL1,9.73,9.79,9.76,9.85,10.03,9.99,9.46,9.93,9.82,9.84,10.07,9.84,9.64,9.36,9.89,9.72,9.81,9.53,9.67,9.58,9.66,9.8,9.98,9.93,9.94,9.73,9.88,9.87,9.91,8.49,8.13,9.76,9.55,9.66,9.82,9.98,9.55,9.74,9.5,9.95,9.87,9.99,9.85,9.02,9.86,9.83,9.92,9.85,10.03,9.29
ABL2,6.88,6.72,6.81,6.77,6.42,6.71,5.69,6.76,6.7,6.73,7.02,6.7,6.65,5.91,6.61,6.55,6.73,6.92,7.12,7.01,6.46,6.37,6.42,6.85,6.41,6.27,6.99,6.89,6.58,5.11,5.6,5.8,6.38,6.59,6.51,6.72,6.56,6.6,6.34,6.91,7.09,7.03,7.12,7.4,6.84,6.54,6.65,6.8,6.78,6.7
ABL2,4.52,4.42,4.48,4.78,4.36,4.63,5.24,4.97,4.65,4.31,4.72,4.66,4.44,4.42,4.43,4.7,4.41,4.92,4.83,4.73,4.59,4.66,4.5,4.53,4.83,4.55,4.82,4.92,4.47,4.45,5.11,5.25,4.33,4.59,4.74,4.89,4.59,4.66,4.49,5.11,4.56,4.6,5.07,4.92,5.62,4.74,4.51,4.55,4.45,6.12
ABL2,3.72,3.89,3.98,3.84,4.19,3.86,4.06,3.69,3.93,4.04,3.85,3.8,3.79,4.19,3.82,4,3.98,3.8,3.79,3.89,3.86,3.8,3.85,4.08,4,4,3.81,3.81,3.9,3.91,4.71,4.73,3.92,4,3.8,3.8,4,3.87,3.84,3.94,3.97,3.85,3.72,3.97,3.69,3.64,4.17,3.93,4.06,3.7
ABL2,7.56,7.3,7.5,7.53,7.36,7.73,7.71,7.61,7.39,7.6,7.41,7.19,7.19,6.69,7.87,7.4,7.51,7.56,7.47,7.76,7.18,7.29,7.18,7.43,7.63,7.21,7.52,7.53,7.4,4.68,5.87,6.04,6.83,7.28,7.29,7.43,7.29,7.57,6.18,7.78,7.62,7.93,8.07,7.05,7.33,7.03,7.6,7.58,7.44,6.48
ABLIM1,8.91,8.99,9.1,9.1,9.33,9.2,8.48,9.23,8.94,9.12,9.44,9.4,9.34,8.69,10.24,10.09,10.04,9.72,9.77,9.71,9.69,9.85,9.85,10.27,10.32,10.29,9.05,9.04,8.99,9.25,8.92,9.53,9.48,9.6,9.73,10.19,10.31,10.26,8.51,9.1,9.27,9.18,9.31,6.73,9.2,9.25,9.29,9.4,9.37,9.37
ABLIM1,5.75,5.75,5.84,5.77,5.79,6.3,4.91,5.93,5.9,5.83,5.67,5.61,5.55,6.08,6.8,6.7,7.01,6.42,6.35,6.71,6.21,6.15,6.29,7.3,6.91,6.76,6.18,5.68,5.72,4.96,5.34,5.89,6.2,6.37,6.55,7.07,6.45,6.21,4.63,5.98,5.91,5.73,5.4,6.03,5.91,5.27,6.2,5.79,5.36,4.87
ABLIM1,5.68,5.4,5.65,5.39,5.63,5.58,5.32,5.29,5.45,5.26,5.73,5.32,5.45,5.52,6.42,6.25,6.66,6.13,6.34,6.04,5.85,5.58,6.12,6.56,6.35,6.88,5.76,5.52,5.39,5.63,6.52,5.78,6.28,5.82,6.09,6.62,6.77,6.06,5.32,5.62,5.76,5.28,5.5,5.36,5.73,6.19,5.67,5.49,5.36,4.7
ABLIM1,6.43,6.11,6.73,6.28,6.72,6.96,6.63,6.74,6.56,6.35,6.59,6.32,6.36,6.31,7.21,7.21,7.18,7.18,7.14,7.15,6.57,6.71,7.3,7.29,7.38,7.02,6.61,6.63,6.57,5.6,6.98,6.33,6.94,6.71,6.84,7.16,7.4,6.93,7.25,6.75,6.79,6.32,6.56,6.85,6.88,6.99,7.08,6.58,6.09,5.46
ABLIM2,4.73,5.14,4.74,4.66,4.66,4.3,5.28,4.71,4.83,5.08,4.75,4.59,5,6.19,4.64,4.86,4.78,4.71,4.71,4.54,4.92,4.95,4.56,4.85,4.94,4.7,4.48,4.55,4.73,4.93,6.52,5.17,4.78,4.56,4.34,4.69,4.6,4.68,5.26,4.49,4.69,4.71,4.57,6.83,4.27,4.8,4.66,4.66,4.79,4.6
ABLIM2,6.33,6.18,6.35,6.57,6.69,6.28,7.5,6.18,6.42,6.22,6.8,6.35,6.44,8.01,6.44,6.51,6.26,6.55,6.51,6.53,6.34,6.53,6.63,6.25,6.64,6.2,6.23,6.43,6.33,6.79,8.51,7.83,6.23,6.19,6.48,6.37,6.35,6.25,6.49,6.21,6.41,6.54,6.56,6.55,6.37,6.64,6.35,6.6,6.68,7.3
ABLIM2,5.06,5.33,5.72,5.36,5.64,5.28,5.2,5.77,5.43,5.73,5.51,5.1,5.44,6.58,5.51,5.42,5.45,5.57,5.25,5.7,5.54,5.48,5.43,5.75,5.82,5.64,5.71,5.35,5.76,5.04,4.87,7.81,5.38,5.18,5.18,5.76,5.24,5.26,4.29,5.57,5.91,5.55,6.47,6.6,5.05,6.12,5.59,5.24,5.96,6.77
ABLIM2,6.09,6.03,5.9,6.32,5.82,5.98,5.71,5.75,5.94,5.91,6.17,6.18,6.13,6.44,6.05,6.13,6.07,6.02,5.99,6.14,5.92,6.06,6.08,6.14,6.21,6.12,5.97,6.2,6.31,5.96,6.34,5.77,5.92,6.06,5.93,6.24,6.21,6.08,4.78,6.35,6.44,6.18,6.02,6.43,6.41,6.37,6.31,6.17,6.2,5.98
ABLIM2,4.26,4.21,4.51,4.6,4.26,3.99,4.03,4.69,4.17,4.42,4.35,4.29,4.27,4.43,4.29,4.43,4.29,4.62,4.41,4.59,4.28,4.3,4.34,4.32,4.24,4.45,4.48,4.37,4.52,4.17,4.71,4.78,4.13,4.53,4.53,4.47,4.73,4.51,3.98,4.31,4.24,4.54,4.26,4.94,3.81,4.18,4.64,4.51,4.19,4.67
ABLIM3,4.15,4.11,4.02,3.97,4.06,4.32,4.55,3.79,4.14,4.15,4.16,4.15,4.12,6.03,4.05,3.7,4.37,3.9,4.22,3.92,4.09,4.06,4,3.79,3.98,3.77,4,4.08,4,4.74,5.78,4.6,4.01,4.17,3.8,3.83,3.78,3.74,4.16,4.14,3.81,4.12,4.42,4.9,3.88,3.93,3.93,3.84,3.87,5.22
ABLIM3,3.83,3.89,3.67,3.76,4.03,3.65,3.4,3.79,3.64,3.61,3.59,3.77,3.78,4.32,3.67,3.54,3.87,3.81,3.54,3.48,3.72,3.42,3.67,3.63,3.76,3.62,3.65,3.61,3.56,5.11,5.22,4.15,3.48,3.98,3.55,3.78,3.5,3.79,4.27,3.45,3.45,3.57,3.72,4.58,3.91,3.66,3.66,3.64,3.5,3.8
ABLIM3,4.92,4.88,4.65,5.05,5.1,5.18,5.88,5.53,4.84,4.81,5.01,5.09,5.01,6.44,4.81,4.83,4.87,5.14,4.69,5.31,4.87,4.86,4.99,4.64,4.91,4.58,5.09,5.05,4.75,6.23,5.02,6.66,4.93,4.81,5.1,4.89,4.78,4.68,5.71,4.87,5.18,5.15,4.99,7.05,5.21,5.62,4.81,4.95,5.08,5.72
ABO,4.09,4.13,4.04,4.22,4.35,4.3,5.19,4.11,4.16,4.07,4.21,4.12,4.06,4.84,4.4,4.38,3.99,4.16,4.08,3.98,4.11,4.26,4.19,4.35,4.33,4.05,4.17,4.42,4.67,4.19,4.97,5.08,3.99,3.93,4.22,3.83,4.45,4.25,5.06,3.85,4.39,4.56,3.86,4.27,4.32,4.25,3.9,4.21,4.09,5.15
ABP1,5.13,5.27,5.17,5.01,5.32,5.08,5.8,5.07,5.03,5.05,5.47,5.36,5.16,5.64,5.28,5.21,5.27,5.36,5.18,5.25,5.16,5.47,5.15,5.02,4.98,5.08,5.17,5.38,5.29,5.45,6.39,7.35,5.35,5.11,5.23,5.38,4.96,5.3,5.23,5.22,5.07,5.48,4.94,6.94,5.31,5.37,5,5.32,5.15,6.44
ABR,4.8,4.79,4.33,5.05,4.66,4.15,5.23,4.36,4.63,4.79,4.81,4.76,4.39,5.91,4.64,5.01,4.44,4.74,4.48,4.73,4.99,5.05,4.64,5.3,4.77,4.62,4.81,4.66,4.81,4.8,6.21,4.82,5.2,4.7,4.86,4.61,5.05,4.54,5.25,4.82,4.61,5.11,4.79,5.82,4.73,4.3,4.84,4.54,4.51,6.23
ABR,8.05,8.08,8.23,8.2,8.64,8.22,8.21,8.41,8.04,8.02,8.14,7.91,7.71,7.34,7.76,7.73,7.96,8.47,8.41,8.22,7.88,7.72,8.1,8.05,7.96,7.9,8.3,8.08,8.52,8.68,7.34,7.51,7.9,7.77,7.91,8,8.19,8.07,7.68,8.21,8.16,8.49,8.64,8.89,8.01,7.93,8.17,8.05,7.92,7.58
ABR,8.29,8.44,8.63,8.55,8.93,8.67,8.84,8.46,8.18,8.45,8.74,8.27,8.22,8.85,8.2,8.3,8.35,8.68,8.7,8.64,8.09,8.29,8.53,8.35,8.42,8.11,8.52,8.4,8.63,8.45,7.56,8.94,8.28,8.45,8.38,8.26,8.51,8.32,8.25,8.46,8.4,8.7,8.74,8.59,8.37,8.33,8.21,8.3,8.53,8.92
ABR,9.34,9.58,9.35,9.46,9.76,9.42,9.21,9.1,9.35,9.15,10.07,9.15,9.34,9.13,9.17,9.1,9.27,9.48,9.43,9.59,9.23,9.21,9.72,9.11,8.98,9.11,9.34,9.17,9.52,9.25,8.8,9.58,9.06,9.18,9.18,9.01,9.25,9.04,8.8,9.1,9.16,9.39,9.72,9.4,9.08,9.16,8.99,9.13,9.51,8.75
ABRA,3.47,3.6,3.42,3.46,3.61,3.59,4.14,3.4,3.42,3.53,3.53,3.63,4,3.61,3.33,3.67,3.48,3.63,3.52,3.49,3.58,3.55,3.58,3.37,3.65,3.44,3.62,3.64,3.69,4.68,5.6,4.53,3.49,3.38,3.76,3.35,3.74,3.5,4.27,3.24,3.47,3.41,3.52,5.3,3.39,3.58,3.71,3.55,3.44,4.05
ABRA,3.79,3.6,3.39,3.38,3.44,3.66,4.04,3.5,3.47,3.69,3.43,3.61,3.62,3.8,3.55,3.55,3.48,3.4,3.76,3.47,3.43,3.51,3.58,3.4,3.26,3.45,3.52,3.57,3.64,3.77,4.37,5.64,3.31,3.43,3.4,3.54,3.47,3.65,3.85,3.71,3.66,3.5,3.41,4.4,3.43,3.57,3.33,3.32,3.47,3.79
ABT1,9.69,9.69,9.75,9.74,9.67,9.58,9.65,9.72,9.66,9.77,9.7,9.79,9.68,9.23,9.47,9.53,9.6,9.75,9.83,9.92,9.51,9.58,9.48,9.55,9.53,9.66,9.72,9.7,9.68,8.4,7.51,7.79,9.64,9.65,9.63,9.59,9.52,9.74,9.39,9.76,9.75,9.53,9.37,8.67,9.86,9.49,9.75,9.72,9.51,8.63
ABT1,4.97,4.92,5.15,5.1,4.95,5.03,5.07,4.83,4.95,4.93,5.09,4.92,4.65,4.99,4.69,4.75,4.93,5.15,5.21,5.1,4.91,4.88,4.91,4.94,4.73,4.59,5.07,4.99,5.3,5.54,5.25,4.93,4.87,4.66,4.73,4.63,4.7,4.82,4.73,4.69,5,4.87,4.88,6.06,4.72,4.84,4.71,4.67,5.05,4.14
ABTB1,7.1,6.98,7.35,7.16,7.21,7.29,6.97,7.29,7.34,7.11,7.28,7.28,7.18,6.29,7.22,7.15,7.28,7.35,7.37,7.04,7.38,7.53,7.65,7.59,7.62,7.56,7.2,7.33,7.18,6.49,5.86,6.66,6.98,7.19,7.22,7.42,7.4,7.54,7.29,7.3,7.22,8.3,8.25,7.42,6.98,7.36,7.33,7.19,7.39,6.67
ABTB1,6.53,6.01,6.54,6.52,7.4,6.88,5.97,6.84,6.54,6.8,6.24,6.23,6.1,6.01,6.48,6.24,6.59,6.68,6.64,6.58,6.83,6.88,6.89,7.07,6.94,6.61,6.62,6.71,6.3,6.45,5.77,6.4,6.46,6.31,6.2,6.62,6.88,6.95,5.65,7.17,6.78,7.45,7.46,6.64,6.44,6.77,6.89,6.62,6.59,6.32
ABTB1,5.52,4.91,5.29,5.64,5.73,5.06,5.52,6.11,5.41,5.44,4.96,5.38,4.94,5.9,5.74,5.12,5.77,5.78,5.65,5.38,5.58,5.51,5.6,5.39,5.92,5.86,5.97,5.65,4.64,5.52,4.21,4.41,5.33,5.33,5.59,5.92,5.77,5.81,4.29,5.37,5.6,6.24,6.1,4.8,5.67,5.7,6.03,5.83,5.61,4.73
ABTB1,7.55,7.5,7.62,7.57,8.21,7.51,8.06,7.84,7.57,7.48,7.47,7.65,7.4,6.99,7.7,7.69,7.8,7.5,7.59,7.72,8.01,7.78,7.87,8.01,8.07,7.91,7.5,7.74,7.81,5.95,8.79,7.48,7.59,7.65,7.42,7.66,7.67,7.75,8.03,7.87,7.82,8.33,8.24,7.7,7.72,8.05,7.8,7.58,7.46,8
ABTB1,4.38,4.6,4.41,4.62,4.53,4.68,4.95,4.64,4.7,4.58,4.52,4.47,4.68,5.02,4.48,4.88,4.56,4.67,4.63,4.29,4.51,4.58,4.41,4.49,4.61,4.37,4.14,4.24,4.52,4.86,5.84,4.18,4.51,4.31,4.67,4.14,5.11,4.16,4.23,4.25,4.47,5.24,4.26,4.05,3.9,4.51,4.46,4.18,4.5,4.33
ABTB2,4.55,4.8,4.36,4.56,4.41,4.55,3.95,4.37,4.4,4.67,4.66,4.67,4.6,5.23,4.77,5.08,4.74,4.89,4.43,4.37,4.85,5,4.81,4.99,5.08,4.65,4.28,4.55,4.49,4.12,4.22,5.11,4.85,5.04,4.92,4.49,4.39,5.06,5.1,4.48,4.35,4.41,4.52,6.57,4.94,4.43,4.45,4.65,4.77,6.43
ABTB2,7.68,7.93,7.77,7.77,7.96,8.18,7.7,8.1,7.56,7.62,8.02,7.79,7.69,7.35,8.14,8.34,8.24,7.1,7.12,7.04,8.65,8.66,8.82,8.75,8.69,8.55,7.77,7.77,8.14,7.01,6.84,7.74,8.96,8.95,8.88,8.4,8.69,8.48,8.25,8.45,8.3,8.1,8.07,7.23,8.43,8.3,8.31,8.13,8.17,8.15
ACAA1,10.28,10.13,10.3,10.31,10.17,10.39,9.93,10.35,10.22,10.33,10.03,10.41,10.33,10.15,10.24,10.31,10.33,10.23,10.17,10.25,10.4,10.42,10.36,10.42,10.4,10.36,10.22,10.18,10.16,9.76,9.38,10.35,10.22,10.2,10.19,10.21,10.22,10.41,10.33,10.36,10.3,10.32,10.28,9.71,9.97,10.1,10.07,10.27,10.19,10.04
ACAA1,8.07,7.85,8.2,8.1,8,8.12,8.05,8.3,7.92,8.13,7.85,8.09,8.13,7.38,8.05,8.06,8,8.06,8.09,7.98,8.26,8.27,8.11,8.29,8.2,8.33,8.06,8.07,8,7.8,7.01,7.15,8.08,8.08,8.05,7.94,8.11,8.17,8.08,8.32,8.17,8.22,8.03,6.72,7.93,7.79,7.73,8.14,8.19,7.52
ACAA1,7.12,6.65,7.4,7.23,7.42,7.4,6.99,7.69,7.2,7.26,6.83,7.17,7.01,7.3,7.2,7.05,7.33,7.29,7.17,7.32,7.18,7.1,6.95,7.39,7.22,7.37,7.21,7.18,6.93,5.85,7.83,7.71,6.88,6.84,7.33,7.2,7.44,7.37,6.66,7.1,7.3,7.26,7.29,8.9,7.62,7.3,7.16,7.16,7.24,7.35
ACAA1,8,7.52,7.89,7.76,7.6,7.6,7.96,7.99,7.85,7.73,7.24,7.93,7.93,6.57,7.61,7.98,7.65,7.85,7.74,7.86,7.92,7.87,7.74,7.94,7.75,8.13,7.77,7.78,7.48,6.57,5.65,6.02,7.85,7.79,7.51,7.64,7.77,7.8,7.56,7.66,7.8,7.81,7.54,6.38,7.58,7.65,7.69,7.73,7.88,6.62
ACAA1,9.3,8.95,9.05,9.17,8.85,9.06,9.02,9.2,9.05,9.08,8.67,9.24,9.26,7.4,9.09,9.2,9.08,9.15,9.1,9.13,9.25,9.21,8.98,9.35,9.27,9.33,9.12,9.21,8.95,8.36,8.59,7.01,9.07,9.06,8.96,9.1,9.06,9.04,9.01,9.01,9.07,9.08,9.13,5.51,8.92,8.67,8.77,9.2,9.03,6.78
ACAA1,8.11,7.55,7.95,7.99,7.76,7.8,8.26,8.28,8.03,8.15,7.69,8.21,8,7.12,8.04,8.09,8.19,8.13,8.05,8.02,7.95,8.33,7.71,8.18,8.11,8.44,7.99,8.19,7.8,7.02,7.54,6.57,8.21,8.1,7.91,7.93,7.82,8.04,7.66,8.22,8.17,8.07,8.24,7.11,7.71,8.06,7.81,8.07,7.97,5.37
ACAA2,9.75,9.75,9.73,9.73,9.87,9.66,10.15,9.75,9.69,9.62,9.79,9.65,9.72,7.3,9.59,9.48,9.51,10.04,9.99,9.92,9.71,9.62,9.56,9.51,9.42,9.56,9.8,9.53,9.74,10.05,7.46,7.09,9.75,9.6,9.56,9.59,9.77,9.47,10.3,9.84,9.83,9.63,9.8,7.42,9.82,9.8,9.71,9.63,9.8,8.51
ACACA,9.06,9.21,9.39,9.33,9.51,9.4,9.41,9.28,9.04,9.3,9.33,8.86,8.84,9.1,8.7,8.64,8.52,8.94,8.98,8.98,8.56,8.66,8.69,8.67,8.67,8.49,9.4,9.22,9.21,9.16,7.41,9.24,8.55,8.62,8.71,8.79,8.61,8.82,8.64,9.34,9.24,9.26,9.01,8.55,8.78,8.7,8.92,9.05,9.21,8.04
ACACA,4.66,4.41,4.74,4.63,5.15,4.7,4.92,5.29,5.05,4.96,4.38,4.43,4.61,4.3,4.3,4.36,4.5,4.65,4.79,4.8,4.44,4.54,4.57,4.48,4.12,4.59,4.79,4.99,4.44,4.91,4.87,4.76,4.68,4.39,4.42,4.52,4.46,4.71,4.37,4.82,4.74,4.36,4.51,4.28,4.58,5.3,5.03,4.59,4.71,5.06
ACACA,4.77,4.96,5.17,5.1,4.98,4.89,4.9,5.44,5.04,4.88,5.09,4.97,4.89,4.35,4.87,4.66,4.86,5.22,5.04,4.96,4.79,4.86,4.54,4.59,4.61,4.93,4.72,5.15,4.76,5.3,6.54,4.01,5.24,4.7,5.01,5.27,5.44,5.11,4.1,4.82,4.65,4.69,4.52,4.42,4.86,5.27,4.72,5.42,5.03,5.42
ACACB,5.1,5.06,4.96,5.17,5.02,4.92,4.72,5.17,4.88,5.2,4.92,5.04,5.01,5.45,4.79,5.38,4.93,5.61,4.93,5.09,5.48,5.39,4.84,4.85,5.13,5.07,5.33,5.14,5.6,6.17,4.92,5.88,5.35,5.04,5.38,5.27,5.62,5.22,5.33,5.01,5.35,5.33,5.29,5.17,4.91,4.95,5.2,5.14,5.51,6.24
ACACB,4.62,4.77,4.58,4.69,4.98,5.14,4.54,4.89,4.78,4.88,4.73,4.74,4.44,5.44,4.61,4.89,4.63,4.93,4.77,4.76,4.75,5.04,4.9,4.76,4.48,4.41,4.93,4.79,4.66,4.89,6.09,4.55,4.66,4.92,5.03,4.59,4.53,4.86,5.31,5,4.56,5.26,4.63,5.89,5.13,4.64,5.17,4.66,4.76,5.15
ACACB,3.71,3.87,3.85,3.75,4.36,4.57,4.61,3.94,3.84,3.97,3.77,3.9,3.74,3.92,3.89,3.96,3.92,3.91,3.93,3.91,3.8,3.66,4.03,3.79,3.86,3.59,3.76,3.76,3.7,4.2,4.45,4,3.89,3.79,3.93,4.21,3.42,3.86,5.12,4.06,3.83,3.89,4.03,3.96,4.37,4.19,3.52,3.79,3.86,5.42
ACAD10,7.12,6.96,7.36,7.2,8.02,7.25,7.14,7.73,7.09,7.34,7.22,7.25,7,7.25,7.31,7.57,7.42,7.33,7.45,7.24,7.44,7.56,7.37,7.54,7.42,7.23,7.27,7.24,7.48,7.18,5.21,6.76,6.96,7.22,7.37,7.49,7.58,7.38,6.43,7.36,7.54,7.46,7.52,6.79,7.59,7.44,7.61,7.41,7.43,6.84
ACAD10,7.24,6.98,7.61,7.45,8.11,7.83,7.77,7.72,6.93,7.32,7.28,7.03,6.96,7.3,7.58,7.38,7.45,7.59,7.53,7.51,7.45,7.44,7.75,7.77,7.7,7.39,7.39,7.28,7.52,6.32,5.84,7.78,7.19,7.1,7.3,7.5,7.66,7.78,7.29,7.57,7.61,7.91,7.92,7.21,7.66,7.76,7.77,7.37,7.51,8.25
ACAD10,6.82,6.41,6.94,6.64,6.9,6.74,6.47,6.43,6.43,6.68,6.46,6.57,6.53,5.95,6.64,6.74,6.57,6.84,6.72,6.87,7.02,6.75,6.79,6.87,6.84,6.87,6.53,6.65,6.61,6.99,6.11,6.35,6.64,6.7,6.58,6.74,6.91,6.65,6.41,6.63,7.01,7.08,6.9,5.75,6.86,7.05,6.67,6.4,6.35,6.36
ACAD10,5.74,5.49,5.84,5.62,6.16,5.77,5.93,5.79,5.54,5.74,5.79,5.9,5.52,5.27,5.61,5.92,5.66,6.01,5.77,5.74,5.72,5.95,5.65,6.05,5.9,5.76,6.1,5.94,5.61,6.5,6.44,5.2,5.29,5.58,5.91,5.78,5.87,5.78,6.4,5.74,5.37,5.96,6.14,5.39,5.99,5.71,5.87,5.7,5.67,5.05
ACAD10,6.21,5.77,6.6,6.18,6.07,6.4,5.08,6.15,6.1,6.21,5.89,6.02,5.82,4.82,6.02,6.17,6.18,6.25,6.64,6.46,5.8,6.29,5.8,6.51,6.17,6,6.14,6.27,6.18,4.85,6.04,6.01,6.15,5.97,6.21,6.12,6.65,6.11,4.62,6.36,6.54,6.26,6.41,6.87,6.16,6.4,6.13,6.35,5.91,5.59
ACAD10,5.05,4.92,4.92,4.81,4.63,5.09,5.52,4.57,4.73,4.75,4.83,4.9,4.98,5.39,4.51,5.08,4.45,5.16,4.66,4.9,5,4.87,4.87,4.83,4.94,4.77,4.59,4.63,5.29,4.94,4.57,5.44,5.07,4.79,4.49,4.73,4.74,4.63,5.41,4.64,4.67,4.76,4.23,4.98,4.62,4.83,4.59,4.87,4.69,5.59
ACAD11,5.1,4.63,4.61,4.9,4.46,4.99,4.32,4.65,5.14,4.91,4.44,5.08,4.9,5.04,5.68,5.17,5.4,4.64,4.75,4.93,5.04,5.41,4.79,5.06,5.02,5.25,5.42,4.85,4.47,4.86,7.1,5.16,5.21,5.2,5.12,5.56,4.71,5.28,4.51,4.69,4.61,4.67,4.67,5.36,5.15,4.91,4.86,4.95,4.69,5.11
ACAD11,7.56,7.1,7.63,7.26,7.49,7.57,7.01,7.69,7.49,7.79,7.44,7.46,7.61,6.34,8.12,8.05,8.02,7.47,7.65,7.56,7.77,7.82,7.55,7.84,7.92,7.94,7.44,7.55,7.42,5.99,6.14,6.26,7.55,7.63,7.44,7.85,7.93,7.93,5.96,7.55,7.68,7.76,7.71,6.98,7.89,8.07,7.96,7.59,7.6,6.7
ACAD8,7.22,6.84,7.1,6.96,6.61,6.9,6.12,7.43,7.07,7.21,6.66,7.05,7.19,5.69,7.06,6.81,7.22,6.9,6.75,6.97,6.92,7.01,6.58,7.05,7,6.76,6.87,7.26,6.51,6.16,6.21,6.37,7.41,7.38,6.68,7.26,7.03,6.99,6.85,6.99,6.9,6.8,6.4,6.05,6.67,6.71,6.8,6.82,6.7,7.55
ACAD8,7.85,7.41,7.82,7.78,7.13,7.42,6.58,7.86,7.71,7.77,7.19,7.72,7.77,5.64,7.58,7.58,7.66,7.47,7.44,7.46,7.41,7.57,7.28,7.39,7.46,7.63,7.37,7.65,7.46,6.58,6.09,6.12,7.66,7.8,7.55,7.74,7.3,7.58,7.46,7.54,7.49,7.43,7.36,6.8,7.41,6.92,7.31,7.57,7.2,5.8
ACAD8,6.78,6.17,6.49,6.66,6.77,6.19,6.6,6.53,6.61,6.59,6.29,6.75,6.61,5.48,6.63,6.72,6.4,6.59,6.42,6.47,6.58,6.53,6.43,6.54,6.7,6.65,6.64,6.63,6.36,5.83,4.58,6.47,6.9,6.59,6.48,6.55,6.51,6.65,7.6,6.9,6.37,6.34,6.3,6.13,6.38,6.35,6.77,6.48,6.66,5.3
ACAD8,9.5,9.59,9.44,9.53,9.18,9.41,9.19,9.52,9.6,9.68,9.44,9.56,9.6,8.11,9.53,9.2,9.4,9.18,9.19,9.24,9.45,9.54,9.43,9.34,9.47,9.42,9.5,9.51,9.41,8.66,6.16,8.07,9.38,9.43,9.54,9.5,9.35,9.39,8.97,9.3,9.36,9.36,9.38,7.83,9.12,9.14,9.38,9.44,9.54,8.15
ACAD8,4.12,4.22,4.23,4.44,4.6,4.15,4.12,4.73,4.22,4.24,4.48,4.12,4.27,4.09,4.22,4.09,4.42,4.29,4.49,4.52,4.2,4.54,4.38,4.46,4.31,4.34,4.45,4.42,4.22,4.39,6.18,4.62,4.48,4.22,4.44,4.31,4.07,4.4,4.41,4.22,4.37,4.41,4.07,4.67,4.2,4.34,4.75,4.31,4.26,4.23
ACAD8,3.81,3.78,3.91,3.75,4.19,3.72,4.01,4.48,3.89,4.06,4.01,3.83,3.65,3.99,3.72,3.93,3.86,4.27,3.99,3.78,3.73,4.04,3.89,4.3,4,3.73,3.82,4.06,3.8,4.12,4.45,4.47,3.6,4.2,3.56,4.04,4.17,3.98,3.63,3.8,3.86,3.76,3.45,4.69,3.47,3.8,3.64,3.8,3.82,4.04
ACAD9,8.62,8.63,8.83,8.79,9.07,9,9.07,9.02,8.63,8.73,8.89,8.6,8.52,8.61,8.59,8.71,8.63,8.77,8.72,8.53,8.5,8.51,8.46,8.67,8.51,8.55,8.98,8.88,8.95,9.3,7.6,9.02,8.88,8.83,8.96,8.76,8.8,8.75,8.76,8.79,8.75,8.74,8.79,7.05,8.76,8.76,8.83,8.72,8.76,8.45
ACAD9,7.42,7.06,7.45,7.4,7.05,7.33,6.1,7.29,7.45,7.32,7.39,7.19,7.11,5.44,7.25,6.98,7.05,7.06,7.12,7.16,6.95,6.89,7.08,7.1,7.14,7.15,7.2,7.32,7.26,6.41,6.52,6.56,7.28,7.33,7.55,7.27,7.2,7.18,5.42,7.38,7,7.25,7.14,4.73,6.99,6.85,7.55,7.16,7.45,5.83
ACAD9,7.34,6.95,7.21,7.29,7.03,7.23,7.38,7.28,7.54,7.34,7.26,7,7.08,4.45,7.07,7.05,7.07,7.08,7.06,7.08,7.06,7.06,6.88,7.2,6.92,7.1,7.34,7.09,7.35,6.07,5.47,3.87,7.21,7.26,7.21,7.19,7.21,7.17,6.08,7.34,7.26,7.06,6.89,5.01,7.1,6.99,7.34,7.09,7.09,4.45
ACAD9,7.04,6.15,6.75,6.85,5.55,6.58,6.15,6.64,7.01,6.89,5.86,6.39,6.78,3.97,6.58,6.45,6.68,6.79,6.93,6.78,6.63,6.39,6.09,6.71,6.66,6.7,7.19,6.78,6.39,3.83,4.43,4.26,6.98,6.95,6.77,6.61,6.23,6.67,5.15,6.44,6.5,6.09,6.06,3.84,6.52,6.17,6.49,6.52,6.48,3.9
ACADL,3.89,4.2,3.89,4.05,3.8,4.08,5.47,3.7,3.84,4.03,3.96,4.27,4.25,4.36,4,4.35,3.56,3.69,3.76,3.65,4.08,4.11,3.9,3.76,4.05,3.85,4.17,3.89,4.15,4.33,6.52,4.28,4.04,3.88,3.93,3.84,4.11,3.53,4.79,3.93,3.95,4.17,4.1,4.87,4.11,4.36,4.07,3.9,4.01,5.37
ACADL,4.38,4.63,4.45,4.46,4.42,4.49,5.62,4.6,4.55,4.48,4.5,4.61,4.54,5.21,4.54,4.3,4.37,4.75,4.65,4.36,4.57,4.34,4.48,4.84,4.57,4.61,4.36,4.48,4.42,4.95,4.8,5.65,4.46,4.63,4.53,4.86,4.52,4.47,5.45,4.89,4.51,4.44,4.42,6.42,4.72,4.77,4.66,4.19,4.52,5.4
ACADL,3.51,3.66,3.84,3.67,3.54,3.89,4,3.76,3.72,3.56,3.62,3.81,3.7,4.38,3.54,3.47,3.53,3.6,3.46,3.51,3.46,3.56,3.53,3.57,3.6,3.52,3.67,3.47,3.51,4.09,5.59,4.22,3.54,3.54,3.51,3.61,3.51,3.61,4.05,3.62,3.63,3.45,3.43,4.04,3.45,3.75,3.59,3.72,3.44,4.07
ACADL,3.42,3.35,3.63,3.26,3.26,3.47,3.72,3.38,3.38,3.27,3.36,3.46,3.29,3.59,3.44,3.3,3.35,3.47,3.38,3.39,3.43,3.33,3.46,3.53,3.59,3.33,3.4,3.48,3.5,3.56,6.42,3.48,3.42,3.41,3.32,3.52,3.5,3.45,3.54,3.45,3.31,3.84,3.31,4.17,3.66,3.52,3.46,3.38,3.42,3.9
ACADM,8.74,8.29,8.56,8.58,7.71,8.09,8.11,8.53,8.65,8.56,7.91,8.66,8.61,5.33,8.52,8.16,8.3,8.29,8.31,8.45,8.41,8.06,7.91,8.21,8.25,8.37,8.45,8.55,8.17,5.6,6.23,6.21,8.59,8.53,8.48,8.13,8.21,8.44,7.82,8.34,8.29,7.76,7.59,6.23,8.51,8.01,8.21,8.31,8.25,5.25
ACADM,6.95,6.79,6.8,6.87,6.28,6.26,6.42,6.86,7.07,6.96,6.38,6.81,7.11,5,6.5,6.63,6.73,6.54,6.44,6.81,6.82,6.5,6.23,6.37,6.25,6.44,6.72,6.88,6.31,6.45,5.8,5.79,6.86,6.86,6.6,6.3,6.39,6.61,6.4,6.75,7,6.56,6.11,5.65,6.5,6.3,6.65,6.77,6.91,4.93
ACADM,6.06,5.8,5.96,6,5.75,5.8,5.97,6.31,6.37,6.32,5.28,5.95,6.22,4.93,5.42,5.8,5.72,5.55,5.75,6.22,5.82,5.65,5.69,5.71,5.43,5.76,5.87,5.77,5.77,5.62,5.31,4.9,6.08,5.83,5.7,5.87,5.65,5.91,5.32,5.83,5.77,5.56,5.42,5.21,5.77,5.61,5.75,5.92,6.11,5.4
ACADM,9.8,9.81,9.66,9.76,9.25,9.37,9.26,9.67,9.97,9.76,9.63,9.69,9.9,9.02,9.41,9.34,9.48,9.41,9.44,9.43,9.56,9.55,9.52,9.36,9.28,9.48,9.6,9.77,9.53,7.99,6.81,8.15,9.6,9.53,9.47,9.54,9.34,9.47,9.36,9.44,9.43,9.29,9.27,8.83,9.32,9.27,9.45,9.5,9.58,8.21
ACADM,8.28,8.07,8.15,8.14,7.44,7.49,7.62,7.92,8.43,8.43,7.65,8.11,8.12,6.96,7.82,7.69,8.01,7.86,7.83,7.93,7.87,7.86,7.56,7.95,7.64,7.76,7.86,8.09,7.74,6.1,4.93,6.65,8.15,8.14,7.79,7.84,7.54,7.91,7.87,7.75,8.09,7.66,7.37,7.1,7.77,7.49,7.95,7.84,7.85,5.2
ACADM,9.38,9.33,9.07,9.19,8.5,8.99,9.23,9.09,9.52,9.5,8.92,9.4,9.58,8.19,8.95,8.82,8.99,8.85,8.82,9.01,9.22,9.02,8.89,8.79,8.85,9.08,9.15,9.21,9.22,8.07,6.95,7.8,9.25,9.15,9.12,8.94,8.54,8.98,8.74,8.96,8.94,8.79,8.62,7.07,8.98,8.71,8.91,9.01,9.13,7.07
ACADM,9.75,10.19,9.53,9.7,9.49,9.46,9.03,9.3,9.98,9.68,10.13,9.92,10.15,9.64,9.54,9.33,9.55,9.35,9.38,9.49,9.68,9.54,9.91,9.25,9.37,9.37,9.56,9.74,9.77,9.23,8.14,8.21,9.5,9.53,9.4,9.54,9.36,9.33,9.19,9.32,9.38,9.44,9.57,9.26,9.28,9.32,9.37,9.66,9.86,9.25
ACADS,5.41,5.21,5.78,5.93,6.32,5.62,7.05,5.42,5.6,5.5,5.68,5.51,5.43,5.29,5.31,5.45,5.51,5.89,5.86,5.41,5.34,5.4,5.5,5.53,5.51,5.61,5.95,5.6,5.82,6.13,8.18,5.41,5.92,5.65,5.9,5.52,5.78,5.68,6.43,5.59,6.29,6.29,6.08,6.7,5.27,5.85,5.71,5.96,5.58,6.59
ACADS,4.89,4.61,4.67,4.62,4.72,4.54,4.9,5,4.74,4.63,4.51,4.49,4.5,5.81,4.79,4.87,4.83,4.51,5.07,4.95,4.77,4.43,4.45,4.88,5.08,5.07,4.52,4.49,4.61,4.96,5.93,4.39,5.32,4.6,4.85,4.76,4.31,4.93,5.1,4.46,4.8,4.51,4.73,4.45,4.86,4.76,4.59,4.78,5,6.03
ACADSB,7.59,7.59,7.31,7.39,7.61,7.05,6.92,7.26,7.67,7.51,7.55,7.76,7.64,7.82,7.43,7.27,7.43,7.16,7.35,7.39,7.73,7.59,7.64,7.16,7.6,7.48,7.24,7.48,7.25,6.65,7.52,6.36,7.23,7.4,7.37,7.62,7.24,7.16,7.21,7.5,7.62,7.39,7.5,7.7,7.27,6.69,7.46,7.65,7.48,6.96
ACADSB,5.49,5.07,5.46,5.1,5.19,4.98,4.3,4.66,5.57,5.57,4.94,5.57,5.72,4.09,4.98,5.01,5.09,5.12,5.17,5.18,5.72,5.46,5.46,5.34,5.31,5.46,5.57,5.67,5.03,4.92,4.26,4.44,5.01,5.74,5.46,4.99,5.03,5.15,5.15,5.27,5.5,5.05,4.74,4.86,5.01,5.02,5.01,5.58,5.53,4.13
ACADVL,10.12,9.85,10.02,9.93,9.72,9.79,9.98,10.29,9.86,9.93,9.66,10.11,10.01,8,10.42,10.32,10.44,10.19,10.15,10.25,10.33,10.16,10.17,10.42,10.46,10.55,9.95,9.81,9.86,8.89,6.96,7.97,10.26,10.2,10.15,10.19,10.22,10.31,10.06,10.33,10.23,10.11,10.07,8.87,10.31,10.27,10.18,10.09,9.94,9.22
ACADVL,9.32,8.4,9.05,9.09,7.75,8.52,8.36,8.86,9.19,9.19,7.9,9.2,8.96,6.16,9.52,9.49,9.47,9.16,9.22,9.43,9.28,9.42,8.64,9.61,9.59,9.78,8.95,9.21,8.14,4.95,6.15,4.76,9.33,9.25,9.23,9.23,8.64,9.38,6.62,9.26,9.05,8.69,8.61,6.14,9.14,8.76,9.03,9.09,8.49,7.28
ACADVL,11.42,11.49,11.42,11.39,11.55,11.53,11.48,11.59,11.33,11.37,11.54,11.5,11.5,10.95,11.75,11.71,11.7,11.53,11.45,11.36,11.73,11.7,11.92,11.82,11.84,11.78,11.44,11.37,11.58,11.36,9.09,10.85,11.54,11.58,11.52,11.67,11.64,11.68,11.58,11.73,11.7,11.85,11.75,11.21,11.62,11.71,11.61,11.53,11.65,10.53
ACAN,4.37,4.66,4.46,4.52,4.47,4.44,4.78,4.75,4.53,4.28,4.61,4.71,4.7,5.85,4.54,4.53,4.28,4.39,4.45,4.43,4.53,4.55,4.82,4.58,4.52,4.43,4.3,4.67,4.64,5.26,5.26,5.43,4.37,4.36,4.39,4.29,4.29,4.32,6.22,4.28,4.35,4.21,4.34,6.61,4.2,4.38,4.55,4.88,4.32,6.31
ACAN,4.47,4.6,4.47,4.63,5.08,4.72,4.65,4.83,4.74,4.43,4.88,4.72,4.51,5.32,4.52,4.58,4.7,4.74,4.53,4.83,4.86,4.72,4.7,4.48,4.54,4.66,4.62,4.69,4.87,4.97,6.83,5.63,4.86,4.58,4.77,4.61,4.45,4.55,4.99,4.47,4.69,4.91,4.65,5.49,4.96,5.02,4.72,4.65,4.58,6.1
ACAN,3.89,4.02,4.03,4.13,4.53,4.44,4.23,4.13,3.9,4.01,3.81,3.86,4.26,4.98,4.22,4.23,4.39,3.98,4.01,4,3.67,4.14,3.8,3.91,3.99,4.01,3.74,4.18,3.78,4.31,3.74,4.11,3.82,4.09,4.05,3.79,4.27,4,3.68,3.99,3.74,4.21,4.08,5.29,4.22,4.08,4.6,3.82,4.33,3.76
ACAN,3.42,3.21,3.37,3.4,4.11,3.29,3.61,3.14,3.46,3.5,3.77,3.61,3.11,6.07,3.75,4.02,3.19,3.5,3.48,3.5,3.31,3.8,3.61,3.51,3.75,3.67,3.26,3.4,3.39,4.23,4.96,3.35,3.45,3.61,3.44,3.41,3.29,3.66,4.27,3.7,3.37,3.48,3.69,6.23,3.54,3.35,3.49,3.56,3.27,7.02
ACAP1,8.3,8.33,8.66,8.28,8.69,8.69,7.91,8.56,8.27,8.36,8.32,8.27,8.35,6.39,8.3,8.05,8.43,8.79,8.61,8.45,8.41,8.35,8.71,8.51,8.58,8.42,8.5,8.16,8.55,7.85,5.41,6.4,8.14,8.11,8.21,8.43,8.47,8.48,8.53,8.59,8.59,8.72,8.76,6.61,8.01,8.22,7.98,8.46,8.54,5.57
ACAP2,7.82,7.93,7.75,7.89,7.59,7.86,7.1,7.79,7.96,7.85,7.98,8,8.1,7.97,8.2,8.07,8.12,7.81,7.85,7.99,8.01,8.11,8.29,7.98,8.12,8,7.62,7.86,8.12,7.57,6.8,7.65,7.83,7.97,7.83,7.97,7.73,8.01,7.7,7.87,7.82,7.64,7.71,7.82,7.54,7.64,7.76,7.89,8.21,8.32
ACAP2,7.01,6.71,6.87,7.01,6.54,6.74,6.5,6.27,7.11,7.1,6.95,7.1,7.06,6.4,6.83,6.64,7.05,6.83,6.64,6.71,6.71,6.9,6.98,7.15,7.32,6.87,7.03,7.01,6.73,6.22,5.56,5.89,7.1,7.22,7.23,6.96,7.03,7.11,6.13,6.93,7.17,6.67,6.36,5.85,6.76,6.3,6.62,6.98,7.25,5.78
ACAP3,7.1,7.31,7.3,7.24,7.56,7.31,7.76,7.36,7.14,7.19,7.34,7.15,7.03,6.86,7.49,7.47,7.3,7.08,7,7.12,7.33,7.13,7.39,7.47,7.45,7.26,7.18,7.36,7.42,7.28,5.8,8.36,7.06,7.12,7.16,7.43,7.46,7.42,7.32,7.36,7.38,7.56,7.74,7.72,7.22,7.44,7.25,7.33,7.57,7.36
ACAP3,6.32,5.91,6.6,6.46,6.44,6.49,6.21,6.6,6.15,6.23,6.09,6.15,6,6.04,6.39,6.85,6.5,6.66,6.46,6.17,6.42,6.32,6.2,6.57,7.05,6.57,6.41,6.3,5.96,5.43,5.72,6.53,6.35,6.4,6.33,6.74,6.64,6.92,6.1,6.89,6.41,6.56,6.06,6.83,6.31,6.06,6.44,6.02,6.39,7.04
ACAT1,10.3,10.26,10.24,10.26,10.16,10.19,9.9,10.32,10.34,10.38,10.3,10.41,10.27,8.76,10.56,10.32,10.53,10.46,10.42,10.48,10.27,10.38,10.23,10.31,10.41,10.32,10.32,10.35,10.07,9.89,7.6,9.81,10.46,10.46,10.47,10.55,10.46,10.57,9.95,10.25,10.27,10.04,10.05,8.98,10.13,10,10.07,10.25,10.21,8.73
ACAT1,3.75,3.71,3.89,3.94,3.59,3.87,4.07,3.59,3.63,3.87,3.94,3.88,3.88,4.45,3.86,3.74,4.26,4,3.56,3.53,4.07,3.93,3.9,3.54,3.67,3.69,3.64,3.84,3.54,3.84,3.49,4.25,4.02,3.97,3.93,3.83,3.76,3.83,3.83,4,3.53,3.78,3.52,3.86,3.5,3.39,3.75,3.78,3.64,3.96
ACAT2,11.66,11.56,11.84,11.78,11.63,11.55,11.8,11.69,11.71,11.81,11.43,11.46,11.51,10.36,11.31,11.32,11.28,11.3,11.3,11.29,11.11,11.15,10.86,11.09,11.17,11.22,11.74,11.74,11.5,11.33,10.76,11.03,11.7,11.71,11.69,11.28,11.36,11.46,11.66,11.74,11.74,11,10.97,10.13,11.09,11.06,11.15,11.5,11.59,10.24
ACAT2,11.7,11.67,11.92,11.85,11.69,11.64,11.74,11.78,11.77,11.83,11.56,11.63,11.53,11.47,11.31,11.48,11.37,11.34,11.38,11.37,11.21,11.21,10.94,11.28,11.31,11.23,11.85,11.79,11.55,11.42,10.72,11.55,11.7,11.84,11.75,11.38,11.39,11.47,11.61,11.83,11.78,10.92,11.17,11.39,11.29,11.19,11.23,11.59,11.64,11.51
ACAT2,10.96,10.97,11.13,11.03,11.13,10.98,10.94,10.94,11.06,10.97,10.93,10.89,10.97,10.87,10.65,10.62,10.67,10.7,10.64,10.64,10.5,10.49,10.29,10.38,10.51,10.52,11.01,10.98,10.94,10.82,11.07,10.84,10.96,10.98,10.87,10.61,10.69,10.74,11.15,11.01,11.04,10.36,10.61,10.79,10.47,10.38,10.48,10.83,10.86,11.18
ACBD3,7.79,7.2,7.51,7.33,7.53,7.7,7.57,7.76,7.54,7.55,7.25,7.24,7.07,6.92,8.46,8.61,8.37,7.64,7.73,8.07,7.93,7.93,7.74,8.32,8.31,8.39,7.55,7.57,7.36,5.13,5.47,5.59,8.64,8.23,8.62,8.23,8.08,8,5.52,7.78,7.77,7.57,7.23,6.93,7.82,7.8,7.75,7.33,7.06,6.64
ACBD3,8.35,8.55,8.25,8.22,8.2,7.63,7.3,7.86,8.48,8.41,8.26,8.46,8.79,7.06,8.87,8.59,9.01,8.18,8.14,8.17,8.85,8.69,8.81,8.66,8.67,8.81,8.18,8.2,8.37,6.95,5.02,5.86,9.07,9.08,9.02,8.71,8.81,8.64,7.2,8.16,8.19,7.87,8.05,7.5,7.73,8.12,8.02,8.34,8.74,6.87
ACBD4,4.34,4.34,4.76,4.32,4.38,5.45,4.55,4.9,4.67,4.47,4.51,4.45,4.43,4.98,4.56,4.31,4.51,4.65,5.25,4.63,4.71,4.45,5.01,4.88,4.6,4.57,4.27,4.61,4.22,4.76,4.02,5.02,4.14,4.63,4.31,4.46,4.36,4.82,4.55,4.81,4.74,4.59,5.48,4.15,4.59,4.04,4.18,4.87,4.47,4.26
ACBD4,6.66,6.49,6.6,6.63,6.85,6.89,6.3,6.76,6.43,6.62,6.68,6.67,6.56,6.89,6.59,6.78,6.54,6.69,6.85,6.79,6.7,7.11,7.1,6.73,6.81,6.87,6.45,6.85,6.86,5.14,5.28,6.32,6.36,6.44,6.38,6.84,6.52,6.68,6.18,6.58,6.63,6.78,7.27,6.87,6.61,6.62,6.47,6.68,6.65,6.05
ACBD5,7.07,7.03,6.94,6.93,6.77,6.49,6.44,6.71,7.2,7.04,7.02,7.01,7.08,5.99,7,6.87,7.14,6.84,6.61,7.02,7.03,6.9,6.96,6.96,7.19,7.25,6.93,6.99,6.64,6.59,6.23,5.3,6.76,7.03,7.21,7.12,6.43,6.99,6.95,7.08,6.92,6.44,6.25,6.79,7.01,6.25,6.86,7.16,7.02,6.28
ACBD5,8.05,8.25,8,8.15,7.85,7.83,6.82,7.63,8.4,7.97,8.36,8.07,8.26,7.07,8.28,8.14,8.47,8.1,8.26,8.35,8.1,8.16,8.48,8.1,8.22,8.31,7.99,8.12,8.19,7.9,4.42,7.56,7.84,8.15,7.92,8.27,8.02,8.07,7.35,8.13,7.9,7.92,8.24,7.28,8.02,8.15,7.95,8.21,8.46,7.05
ACBD6,8.92,8.84,8.91,8.87,8.87,8.93,8.26,8.39,9.02,8.88,8.84,8.75,8.95,8.07,9.36,9.26,9.32,9.09,9.09,8.82,9.14,9.12,9.28,9.32,9.12,9.33,8.95,8.88,8.99,8.31,5.9,7.3,8.99,8.9,8.81,9.62,9.61,9.56,8.07,8.84,8.73,8.64,8.55,7.02,8.73,8.71,8.63,8.85,9.23,7.19
ACBD6,10.07,10.22,10.19,10.15,10.24,10.16,10.27,10.22,10.17,10.18,10.21,10.16,10.14,8.79,10.64,10.43,10.54,10.3,10.2,10.26,10.28,10.3,10.3,10.45,10.49,10.43,10.12,10.16,10.17,9.58,9.98,8.64,10.2,10.22,10.1,10.76,10.68,10.68,10.17,10.18,10.21,9.83,10.08,9.94,10.08,10.13,10.07,10.16,10.29,9.68
ACBD7,7.09,7.09,7.08,7.02,7.04,7.61,6.96,6.98,7.04,7.15,7.32,6.97,7.17,7.85,7.33,7.28,7.25,7.02,7.11,7.2,7.1,7.08,7.16,7.03,7.13,7.17,7.11,6.92,7.17,7.03,6.09,7.51,7.06,7.17,7.08,7.25,7.26,7.12,7.13,7.53,7.24,7.15,7.48,7.76,6.87,7.35,6.79,7.22,7.36,7.68
ACBD7,4.43,3.93,4.05,3.95,4.04,4,4.2,3.89,4.05,4,4.22,4.43,3.96,5.18,4,3.6,3.94,4.22,4.1,3.77,4.31,4.21,3.92,4.12,4.01,4.3,3.81,4.03,4.08,4.73,5.67,4.44,4.54,4,3.84,3.89,4.22,4.02,5.25,4.24,4.07,4.02,3.94,4.68,4.38,4.13,4.29,3.73,4.1,4.11
ACCN1,4.22,4.07,4.01,4.18,4.14,3.97,4.13,4.09,4.16,4.03,4.09,4.21,4.2,5.92,4,4.01,4.15,4.2,4,3.81,4.1,4.01,4.23,3.91,4.26,4.06,4.06,4.14,4.04,5.51,4.55,5.2,3.81,4.14,3.93,4.07,3.84,4.15,3.96,3.73,3.94,3.95,3.9,4.27,3.98,3.75,3.69,3.99,4,5.95
ACCN1,4.74,4.44,4.51,4.46,4.34,4.76,4.6,4.65,4.55,4.56,4.67,4.81,4.55,5.4,4.69,4.35,4.62,4.54,4.37,4.59,4.49,4.76,4.56,4.39,4.64,4.44,4.56,4.7,4.59,5.37,7.12,5,4.31,4.58,4.57,4.42,4.12,4.38,5.45,4.66,4.59,4.69,4.3,5.73,4.42,4.74,4.25,4.52,4.54,5.43
ACCN2,6.02,6.29,6.13,5.95,6.14,6.52,5.81,6.04,5.93,6.02,6.5,6.27,5.91,7.19,6.16,6.08,6.06,6.18,6.22,6.21,6.31,6.26,6.05,5.75,5.92,5.87,6.26,6.12,6.1,6.3,5.99,7.49,5.92,5.91,6.16,5.95,6.02,5.98,5.21,5.94,6.02,6.5,6.21,6.88,6.29,6.32,6.16,6.14,6.18,7.51
ACCN2,3.51,3.5,3.68,3.87,3.8,3.56,5.76,3.91,3.6,3.75,3.55,3.55,3.39,5.21,3.62,3.55,3.56,3.82,3.77,3.53,3.44,3.63,3.65,3.73,3.91,3.57,3.55,3.56,3.58,4.3,4.45,4.68,3.63,3.76,3.77,3.53,3.75,3.6,3.71,3.45,4.02,3.73,3.71,5.58,3.81,3.92,4.31,3.71,3.69,4.69
ACCN2,5.78,5.84,5.78,6.02,6.4,6.13,6.51,5.7,5.94,5.81,5.83,5.99,5.69,8.15,5.82,5.78,5.88,5.9,5.95,5.64,5.51,6,5.81,5.68,6.02,5.68,5.82,6.17,5.87,6.27,7.84,6.19,5.79,5.86,5.83,5.64,5.73,5.85,5.48,6.16,5.86,6.17,6.29,7.31,6,5.47,5.61,5.71,5.76,7.5
ACCN3,6.6,6.86,6.92,6.97,7.11,7.46,7.27,7.1,6.53,6.93,7.09,6.76,6.63,7.11,6.72,6.62,6.89,6.95,6.94,6.78,7.21,7.08,7.07,6.92,7.06,7.05,6.94,6.68,6.95,6.9,6.1,7.06,6.42,6.63,6.73,7.08,7.19,7.16,7.62,6.98,6.94,7.11,7.39,6.55,6.74,7.05,6.52,6.83,7.25,5.43
ACCN4,5.64,5.53,5.57,5.83,5.46,6,6.47,6.14,5.55,5.51,5.7,5.47,5.26,6.7,5.76,5.96,5.66,5.61,5.79,5.67,5.52,5.86,5.76,5.84,5.62,5.54,5.71,5.58,5.83,6.13,7.06,6.96,5.63,5.56,5.65,5.48,6.16,5.61,5.6,5.87,5.9,6.15,6.13,6.9,5.96,5.4,6.15,5.75,5.64,7.67
ACCN4,4.09,4.38,4.39,4.14,4.27,4.84,4.03,4.6,3.93,4.21,4.5,4.23,4.09,4.29,4.42,4.49,4.13,4.43,4.27,4.19,4.26,4.52,4.18,4.48,4.08,4.22,4.23,4.76,4.22,4.07,3.55,4.09,4.38,4.55,4.39,4.46,4.38,4.39,4.14,4.63,4.16,4.03,4.51,4.32,4.34,4.17,4.22,4.3,4.12,4.38
ACCN5,4.18,4.75,3.82,4.42,4.41,4.09,4.38,4.03,4.16,4.42,4.47,4.46,4.42,5.98,3.98,3.87,3.97,3.99,3.94,4.22,4.2,4.46,4.58,4.02,3.99,4.31,4.09,4.29,4.37,4.32,5.19,4.64,4.05,4.19,4.3,4.09,4.07,4.77,4.11,4.28,4.04,4.11,4.04,5.08,4.03,3.98,4.1,4.01,4.36,5.73
ACCS,3.74,3.76,3.92,3.84,3.78,3.62,3.78,3.81,3.55,4.02,4.1,3.74,3.8,3.93,4.15,3.53,3.86,3.93,3.8,3.83,3.98,3.96,3.88,4.07,3.62,3.82,3.67,4.04,3.71,3.96,3.72,5.36,3.79,4.03,4.45,4.03,3.98,4,4.1,4.08,3.92,3.7,4.14,4.91,3.86,3.52,4.06,3.91,4.12,4.94
ACCS,4.25,4.44,4.23,4.47,4.5,4.43,4.35,4.77,4.03,4.15,4.48,4.03,3.99,4.78,4.14,4.27,4.12,4.48,4.38,4.36,4.17,4.33,4.2,4.47,4.4,4.35,4.18,4.11,4.48,4.45,4.47,5.63,4.04,4.18,4.32,4.18,4.17,4.13,4.89,4.5,4.48,4.26,4.29,4.89,4.76,4.69,4.2,4.04,4.15,5.21
ACCS,4.35,4.03,4.12,4.1,4.29,4.32,4.07,3.65,3.98,3.94,4.09,4.01,4.13,4.72,4.02,4.04,4.05,3.95,3.93,4.07,3.87,4.23,3.92,3.85,4.05,3.74,3.82,3.87,4.13,4.02,5.99,4.3,3.86,3.83,4.18,4,3.83,3.75,4.18,4.08,3.79,4.02,3.84,5.08,4.03,3.91,3.87,3.97,4.16,5.61
ACCS,5.95,6.02,6.1,6.02,6.44,6.23,6.5,6.35,5.84,5.86,5.85,6.02,5.87,6.68,6.14,6.31,6.14,6.33,5.9,6.51,6.34,5.75,5.99,6.36,6.31,6.02,5.98,6.03,6.14,6.3,5.39,7.09,6.12,5.96,6.03,5.97,6.36,5.94,5.66,5.85,5.98,6.25,6.23,7.7,6.09,5.81,6.56,6.19,6.32,8.2
ACCSL,4.74,4.79,4.35,4.46,4.79,4.6,4.55,4.42,4.48,4.44,4.67,4.86,4.63,4.72,4.49,4.42,4.48,4.39,4.43,4.49,4.48,4.76,4.47,4.2,4.32,4.38,4.28,4.68,5.11,4.63,4.56,6.23,4.64,4.9,4.48,4.15,4.69,4.22,4.45,4.24,4.47,4.65,4.28,5.17,4.42,4.61,4.33,4.44,4.29,4.28
ACD,9.64,9.49,9.83,9.74,9.92,10.01,9.7,9.94,9.72,9.71,9.71,9.63,9.45,8.83,9.7,9.8,9.68,9.9,9.87,9.81,9.65,9.56,9.63,9.71,9.77,9.78,9.84,9.67,9.89,9.8,9.67,9.73,10.12,10.03,10.13,10,9.98,10,9.71,9.78,9.69,10.09,10.02,8.16,9.74,9.61,9.74,9.66,9.7,9.18
ACD,7.21,6.67,7.36,7.32,6.9,6.82,6.95,7.22,7.45,7.31,6.37,7.09,6.89,5.32,7.44,7.42,7.34,7.43,7.36,7.46,6.98,7.22,6.67,7.43,7.41,7.49,7.26,7.47,6.85,5.6,7.34,5.61,7.39,7.54,7.45,7.46,7.33,7.61,6.02,7.11,7,7.19,7.22,6.42,7.06,6.68,7,7.04,6.72,5.98
ACD,4.32,4.37,4.75,4.55,4.29,4.19,5.09,4.72,4.98,4.86,5.05,4.6,4.65,5.75,4.68,4.85,4.93,4.66,4.89,4.71,4.73,4.39,4.57,4.57,4.89,4.63,4.78,4.96,4.44,4.56,4.23,6.03,4.49,5.01,4.53,5.04,4.4,4.6,4.82,4.83,4.39,4.87,4.63,5.63,4.8,4.1,4.42,4.49,4.69,6.97
ACE,4.48,4.25,4.49,4.68,4.69,4.88,5.23,4.9,4.35,4.58,4.37,4.56,4.39,5.18,4.25,4.64,4.41,4.74,4.45,4.68,4.71,4.44,4.43,4.37,4.25,4.48,4.66,4.42,4.48,5.39,5.51,4.09,4.68,4.27,4.43,4.28,4.51,4.96,5.43,4.38,4.65,4.87,4.99,5.33,5.12,4.84,4.56,4.73,4.32,5.45
ACE,4.01,4.05,4.18,4.22,3.87,3.8,3.97,4.07,3.99,4.11,3.97,4.31,3.87,4.51,3.87,3.68,3.81,3.95,4.12,4.08,4.31,4.04,3.77,3.88,4.17,3.86,4.25,4.33,4.06,4.57,5.31,5.01,4.95,4.36,4.07,3.67,4.09,3.8,4.96,4.27,3.82,4.07,4.12,4.63,3.65,3.56,4.23,4.34,4.15,4
ACE,3.87,3.91,3.73,3.75,4.03,4.17,4.16,4.34,3.92,3.9,3.82,3.88,3.84,3.99,3.83,3.75,4.04,3.83,4.08,3.84,3.86,4.03,3.86,3.95,4.2,3.51,4.17,3.98,3.79,4.41,4.13,3.66,3.94,3.85,3.79,3.72,4.31,3.82,3.93,3.93,3.67,3.72,4.06,3.84,3.74,3.74,3.66,3.8,4.02,3.6
ACE,3.78,3.82,4.09,4.04,4.2,4.44,3.49,4.21,3.8,3.92,4.01,4.23,3.94,5.15,4.17,4.38,4.33,4.12,3.98,3.95,3.81,4.15,4.08,3.92,4.4,3.74,3.88,4.05,4.02,4.52,6.77,3.92,4.06,4.01,4.12,4.12,4.2,4.28,4.61,3.95,3.91,3.99,3.79,6.63,3.8,4.17,3.89,4,3.7,6.36
ACE2,3.68,3.45,3.42,3.51,4.02,3.97,4.22,3.73,3.53,3.51,4.06,3.67,3.65,4.42,3.59,3.85,3.62,3.75,3.67,3.54,3.9,3.55,3.48,3.79,3.57,3.62,3.9,3.74,3.91,3.64,4.43,3.53,3.65,3.86,3.93,3.54,3.58,3.7,3.69,3.35,3.63,3.54,3.8,3.56,3.43,3.84,3.4,3.9,3.54,3.8
ACE2,5.01,4.99,5.22,4.78,4.72,5.28,4.63,5.21,4.72,4.7,5.06,5.06,5.02,6.24,5,5.26,4.94,4.93,4.9,4.76,4.99,4.91,5.08,5.2,4.91,4.87,4.81,4.77,4.71,5.26,5.36,5.25,4.91,4.88,4.87,4.61,5.42,5.05,5.3,5.17,4.79,4.81,5.36,5.02,4.87,4.79,4.96,4.75,4.77,6.1
ACE2,4.39,4.22,4.25,4.09,4.31,4.21,3.73,4.03,4.25,4.16,4.41,4.16,4.5,5.77,4.33,4.76,4.27,4.27,4.35,4.22,4.08,4.21,4.46,3.97,4.67,4.57,4.31,4.28,4.16,4.78,4.27,4.9,4.44,4.59,4.14,4.13,3.78,4.14,5.3,4.45,4.14,4.2,4.03,5.29,4.22,4.45,4.13,4.77,4,4.95
ACER1,3.76,4.54,4.15,4.08,4.11,4.09,5.45,4.27,4.19,4.32,4.28,4.05,3.98,4.05,3.91,3.93,4.08,4.11,3.88,3.78,4.02,4.06,4.07,3.82,3.94,3.75,4.06,4.1,4.19,4.59,5.1,4.74,3.93,4.08,3.93,4.04,4.39,4.37,4.6,3.99,3.78,3.97,3.97,3.5,3.74,4.18,4,3.79,4.07,4.82
ACER2,4.06,3.7,3.99,3.95,3.78,4.24,3.93,3.91,3.72,4.05,3.95,4.06,4.03,4.02,4.39,4.29,4.78,4.04,3.67,3.68,4.41,4.37,4.32,4.87,4.24,4.42,3.8,3.74,3.72,5.01,4.68,3.55,4.97,4.93,4.99,4.32,4.57,4.2,3.7,3.92,4.3,4.04,3.85,4.25,3.73,3.64,3.73,3.86,4.27,4.71
ACER2 /// LOC645978,3.79,3.98,3.92,3.77,4.29,4.16,4.77,4.47,3.78,3.89,3.61,4.13,4.01,4.2,4.25,4.11,4.22,4.24,3.57,3.96,4.29,3.96,3.8,4.27,3.92,4.56,4.17,3.79,3.95,4.79,4.95,5.36,4.38,5.14,4.68,4.29,4.46,4.08,4,4.15,4.23,4.07,4.01,5.31,3.49,3.76,3.75,4.02,4.09,4.44
ACER2 /// LOC645978,3.88,4.14,3.5,4.08,3.66,3.59,3.88,3.68,4.2,3.99,4.17,4.3,4.26,4.11,5.42,4.7,5,3.98,3.57,3.63,4.61,5.21,4.56,4.71,5.17,4.98,3.8,3.77,3.84,4.25,4.82,4.18,5.06,5.51,5.49,5.35,4.62,4.75,3.58,3.84,4.31,3.7,3.85,3.59,3.69,3.71,4.17,3.97,3.85,3.8
ACER3,7.04,6.98,7.11,7.02,7.04,7.52,6.79,6.95,7,7.12,7.1,7.15,6.82,6.71,7.03,7.07,7.39,6.94,6.81,6.94,6.82,6.83,7.13,7.38,7.16,7.15,7.2,6.92,7.01,6.79,7.46,6.69,7.22,7.61,7.7,7.27,7.24,7.32,6.86,7.14,7.23,7.17,7.18,6.45,6.94,6.84,6.88,6.88,6.96,7.04
ACER3,5.27,4.93,5.11,4.81,4.08,4.53,4.87,4.57,5.23,5.15,4.68,5.1,4.96,5.11,5.37,4.81,5,4.81,4.65,5.36,5.36,4.96,4.95,5.47,5.05,5.33,4.83,5.01,4.91,5.6,5.93,5.3,5.67,5.38,5.4,5.38,4.91,5.07,4.85,4.9,4.95,5.04,4.09,4.68,4.67,3.96,4.81,4.68,4.9,4.81
ACER3,7.5,7.11,7.53,7.45,7.27,7.57,6.71,7.55,7.38,7.51,7.48,7.18,7.2,6.21,7.49,7.47,7.55,7.1,7.23,7.16,7.21,7.54,7.57,7.4,7.62,7.56,7.47,7.32,7.48,6.06,6.63,5.5,7.51,7.61,7.52,7.6,7.45,7.29,7.33,7.32,7.41,7.82,7.59,6.56,7.43,6.85,7.19,7.34,7.41,5.78
ACER3,6.21,6.34,6.29,5.98,6.08,5.86,5.54,6.09,6.18,6.15,6.19,6,6.55,6.51,5.89,5.69,5.96,6.03,6.04,5.96,6.23,5.99,6.03,5.91,6.19,5.84,6.12,6.01,6.22,5.6,5.76,6.11,6.63,6.7,6.66,6.09,6.08,6.24,5.99,5.78,5.88,5.59,5.8,5.75,5.89,5.75,5.97,5.66,5.9,5.69
ACER3,3.72,3.57,3.74,3.76,3.72,3.73,3.49,3.68,4,3.88,3.38,3.86,3.72,3.49,3.91,3.63,3.71,3.47,3.86,3.58,3.91,3.77,3.64,3.81,3.88,3.85,3.53,3.76,3.8,4.59,4.31,4.86,4.33,4.33,4.21,3.98,3.87,3.92,3.75,3.71,3.59,3.56,3.6,3.68,3.7,3.74,3.5,3.85,3.88,3.63
ACER3,6.3,6.02,6.07,5.94,6.18,5.65,4.76,6.21,6.12,6.02,5.72,6.22,5.76,7.05,6.48,6.25,6.05,6.24,5.93,5.85,6.06,6.21,5.84,6.01,6.19,6.45,5.87,6.19,5.95,6.04,5.95,5.32,6.41,6.65,6.45,6.19,5.85,6.2,5.8,6.15,5.89,5.73,5.66,5.84,6.19,5.06,6.25,5.88,5.89,5.61
ACHE,5.16,5.11,5.66,5.26,6,5.9,4.23,5.69,5.23,5.19,5.41,5.43,5.08,5.42,5.89,6.16,6.15,5.3,5.47,5.36,5.71,5.59,6.06,6.17,6,5.84,5.28,5.3,5.15,5.59,3.99,5.2,6.07,6.19,5.96,6.01,6,6.15,6.38,5.7,5.78,5.73,5.76,4.9,5.14,5.64,5.26,5.78,5.67,4.58
ACHE,4.48,4.78,4.7,4.72,4.96,4.93,4.1,5.63,4.74,4.76,4.56,4.77,4.82,5.26,5.3,5.16,4.75,5.12,4.79,4.72,5.21,5.15,4.78,5.28,5.15,4.98,4.68,4.73,5.04,4.38,4.74,4.94,5.23,5.05,5.11,5.05,4.52,5.38,4.1,5.04,4.79,5.3,5.43,4.89,4.55,4.7,5.02,4.89,4.98,4.68
ACIN1,11.58,11.54,11.66,11.61,11.81,11.68,11.55,11.69,11.58,11.63,11.55,11.58,11.59,11.37,11.56,11.49,11.53,11.65,11.68,11.57,11.44,11.51,11.57,11.5,11.58,11.56,11.69,11.61,11.68,11.75,11.86,11.73,11.48,11.48,11.51,11.52,11.65,11.53,11.55,11.57,11.64,11.74,11.74,11.23,11.49,11.44,11.5,11.67,11.74,11.56
ACIN1,9.13,8.78,9.15,8.76,8.75,9.43,9.47,9.15,9,8.87,8.94,8.67,8.54,7.48,9.05,8.93,9.05,9.08,9.29,9.15,8.84,8.85,8.78,9.25,8.97,8.94,9.17,8.74,8.9,8.52,7,7.85,9.14,8.71,8.94,9.03,8.92,8.89,8.64,9.2,9.36,8.82,8.76,7.3,9.06,8.58,9.02,8.82,8.57,7.4
ACIN1,7.77,7.43,7.93,7.69,7.87,7.66,8.25,8.04,7.65,7.63,6.98,7.39,7.64,7.05,7.84,7.68,7.47,7.82,7.84,8.05,7.62,7.67,7.3,7.52,7.5,7.83,7.85,7.57,7.77,6.72,5.08,7.67,7.72,7.69,7.68,7.67,7.92,7.77,7.8,7.92,7.8,7.72,7.37,6.41,7.75,7.6,7.56,7.62,7.75,5.48
ACLY,9.59,9.17,9.57,9.61,9.36,9.48,9.88,9.62,9.44,9.49,9.18,9.43,9.4,6.73,9.03,9.28,9.01,9.23,9.22,9.18,9.23,9.13,9,9.12,8.99,9.12,9.42,9.41,9.44,8.46,6.11,7.21,9.42,9.53,9.35,9.11,9.03,9.14,9.02,9.4,9.42,9.08,8.97,6.28,9.15,9.04,9.16,9.34,9.46,6.94
ACLY,11.79,11.95,11.87,11.92,11.9,11.95,11.84,11.74,11.91,11.82,11.97,11.81,11.85,11.34,11.63,11.55,11.68,11.64,11.66,11.61,11.69,11.74,11.85,11.55,11.57,11.52,11.88,11.84,11.94,11.88,11.15,11.72,11.75,11.76,11.78,11.58,11.66,11.58,11.85,11.75,11.86,11.69,11.76,11.24,11.5,11.55,11.5,11.84,11.96,10.51
ACMSD,3.89,3.87,3.93,3.98,4.26,4.22,4.48,3.95,3.98,3.78,3.98,4.13,3.99,4.62,4.04,4.12,3.93,4.13,4.13,3.84,3.82,4.23,4.05,4.08,4.12,3.98,3.96,4.22,4.12,4.18,4.49,4.46,4.05,3.94,4.09,3.98,3.9,3.94,4.18,4.09,4.24,4.22,4.05,4.71,4.23,4.28,4.25,4.16,3.65,5.55
ACN9,7.05,7.59,7.28,7.09,7.02,6.88,6.45,6.81,7.56,7.18,7.34,7.17,7.34,6.62,7.05,7.06,7.12,7.3,7.34,7.52,6.86,6.79,7.11,6.97,7.05,6.95,7.22,7.09,7.03,6.47,5.19,6.54,6.52,6.73,6.61,7.28,7.03,6.92,6.63,6.98,7.14,6.69,6.58,6.85,7.58,7.13,6.93,7.14,6.97,6.86
ACO1,5.8,5.94,6.12,6.25,6.35,5.88,5.56,5.87,6.38,6.5,6.13,6.21,5.97,5.93,5.93,6.14,6.17,5.98,6.22,5.99,5.91,5.95,6.05,5.84,5.97,5.66,6.11,6.26,5.85,4.95,5.31,4.57,5.91,6.38,6.4,6.12,5.91,6.18,4.89,6.44,6.13,6.15,6.34,5.95,6.12,6.2,6.27,6.37,6.82,5.77
ACO1,8.18,8.27,8.2,8.28,8.19,8.17,8.46,8.17,8.26,8.36,8.51,8.32,8.02,8,7.96,7.87,8.09,8.13,8.14,8.13,8.15,8.23,8.2,7.99,7.92,8.05,8.13,8.26,8.24,7.32,6.24,8.8,8.15,8.35,8.29,8.07,7.62,7.91,7.87,8.22,8.43,8.28,8.1,8.06,8.52,8.47,8.34,8.22,8.26,8.29
ACO2,9.46,9.44,9.61,9.56,9.59,9.42,9.94,9.64,9.36,9.39,9.22,9.33,9.49,7.96,9.37,9.39,9.37,9.54,9.42,9.39,9.66,9.44,9.42,9.46,9.26,9.48,9.59,9.25,9.56,10.09,5.93,7.6,9.67,9.66,9.37,9.26,9.62,9.53,9.58,9.57,9.33,9.34,9.6,6.83,9.36,9.37,9.15,9.51,9.6,7.85
ACO2,9.42,9.32,9.48,9.46,9.54,9.59,9.59,9.53,9.37,9.33,9.26,9.35,9.5,7.78,9.27,9.33,9.39,9.55,9.47,9.35,9.59,9.44,9.37,9.36,9.32,9.51,9.48,9.34,9.57,9.44,5.86,7.9,9.69,9.52,9.46,9.17,9.68,9.42,9.71,9.57,9.45,9.45,9.55,7.2,9.46,9.24,9.23,9.36,9.56,7.39
ACOT1 /// ACOT2,8.31,8.36,8.47,8.49,8.74,8.6,8.5,8.38,8.37,8.5,8.36,8.48,8.38,5.37,8.25,8.37,8.31,8.79,8.64,8.52,8.6,8.37,8.46,8.39,8.41,8.46,8.5,8.44,8.46,8.39,7.87,5.22,8.37,8.4,8.19,8.45,8.63,8.45,8.16,8.24,8.12,8.57,8.7,5.9,8.35,8.2,8.12,8.41,8.39,5.08
ACOT11,7,6.81,7.19,7.15,7.53,7.22,6.14,7.02,6.95,6.86,7.31,7,6.78,6.97,7.25,7.23,7.3,7.11,7.07,7.09,7.27,7.29,7.52,7.05,7.24,7.2,6.97,6.94,7.18,7.56,5.69,5.98,7.17,7.29,7.44,7.43,7.36,7.42,6.12,7,6.88,7.56,7.29,6.44,7.31,7.1,7.31,6.84,7,7.08
ACOT11,4.28,4.18,4.45,4.43,4.61,4.82,3.8,4.83,4.09,4.32,4.3,3.91,4.14,4.4,4.13,4.3,4.32,4.33,3.99,4.79,4.6,4.39,4.06,4.23,4.7,4.22,4.34,3.91,4.18,3.99,4.43,4.3,4.47,4.03,3.94,4.35,4.62,4.19,4.85,4.49,3.96,4.49,4.46,4.37,4.73,3.95,3.95,4.23,4.03,4.56
ACOT11,5.67,6.09,5.53,5.68,5.76,5.6,6.17,5.65,5.75,5.61,5.77,5.55,5.72,5.84,5.36,5.84,5.35,6.1,5.79,5.52,5.96,5.61,5.96,6.05,5.52,5.17,5.77,5.57,5.88,5.87,5.53,6.83,5.76,5.49,5.72,5.58,5.53,5.47,6.26,5.46,5.44,5.93,5.81,5.65,5.29,5.49,5.57,5.74,5.81,5.61
ACOT12,4,4.08,4.09,3.9,4.22,3.88,5.02,4.26,4.13,3.88,4.26,4.19,3.9,4.29,4.16,4.03,3.96,4.22,4.14,3.86,4.39,4.25,4.06,4,4.15,4.3,4.16,4.16,4.19,4.42,4.31,5.42,4.03,4.48,4.21,4.18,4.11,4.01,4.99,4.28,3.83,4.08,4.22,4.89,4.31,4.25,4.24,3.97,4.36,5.33
ACOT12,4.18,4.26,3.77,4.13,4.3,4.05,4.92,3.92,4.08,3.98,4.21,4.36,4.27,4.74,3.87,4.41,4.23,4.18,3.94,4.11,4.25,4.26,4.11,3.85,4.03,4.03,4.09,4.12,4.58,4.76,7.01,4.87,4.15,4.09,4.26,3.95,4.17,3.88,4.85,3.95,4.36,4.54,4.15,6.27,4.25,4.05,4.16,3.92,4.06,5.65
ACOT13,9.07,9.14,9.16,9.04,8.98,9.02,8.81,9.1,9.2,9.06,9.02,9.02,9.35,7.3,8.65,8.72,8.99,9.35,9.37,9.3,9.12,8.92,8.93,8.75,8.85,9.14,9.08,8.95,9.24,8.82,7.08,7.03,8.84,8.92,8.76,8.73,9.05,8.73,9.19,9.04,9.15,9.01,9.14,6.53,9.3,9.3,9.07,9.08,9.29,6.89
ACOT4,4.53,4.56,4.46,4.47,4.46,4.52,4.48,4.67,4.46,4.4,4.38,4.72,4.32,5.42,4.13,4.32,4.63,4.49,4.18,4.46,4.62,4.62,4.55,4.52,4.47,5.08,4.56,4.53,4.27,5.31,6.02,5.6,4.67,4.71,4.48,4.31,4.32,4.41,4.63,4.69,4.57,4.66,4.52,5.18,4.63,4.52,4.54,4.09,4.41,5.38
ACOT6,3.7,3.72,3.53,3.69,3.93,3.77,3.6,3.5,3.77,3.53,3.97,3.88,3.53,4.71,3.76,3.88,3.93,3.61,3.75,3.48,3.84,4,3.74,3.43,3.77,3.54,3.72,3.67,3.85,3.33,5.97,4.26,3.72,3.87,3.85,3.7,3.73,3.85,4.2,3.69,3.65,3.63,3.78,4.26,3.45,3.71,3.47,3.95,3.68,4.34
ACOT7,11.32,11.38,11.41,11.37,11.58,11.48,11.48,11.31,11.35,11.32,11.26,11.42,11.41,10.22,11.43,11.45,11.46,11.44,11.37,11.26,11.44,11.35,11.35,11.38,11.35,11.39,11.38,11.35,11.43,11.57,9.57,10.69,11.43,11.32,11.32,11.51,11.59,11.47,11.53,11.3,11.4,11.3,11.33,10.01,11.18,11.21,11.14,11.39,11.42,9.72
ACOT7,3.62,3.49,3.4,3.74,3.84,3.45,5,3.25,3.51,3.68,3.52,3.57,3.53,3.71,3.94,3.37,3.41,3.6,3.67,3.79,3.77,3.58,3.7,3.88,3.8,3.62,3.82,3.66,3.84,3.99,3.67,5.06,3.63,4.06,3.76,3.49,3.45,3.36,3.87,3.66,3.6,3.48,3.35,3.63,3.28,3.71,4,3.75,3.36,4.89
ACOT8,8.31,8.13,8.6,8.43,8.79,8.4,8.26,8.61,8.22,8.41,8.23,8.43,8.23,5.89,8.63,8.51,8.64,9.03,8.78,8.61,8.54,8.58,8.45,8.76,8.73,8.74,8.46,8.4,8.39,6.93,6.04,5.39,8.57,8.6,8.59,8.77,8.78,8.76,8.2,8.8,8.67,8.28,8.5,8.17,8.54,8.56,8.48,8.49,8.3,8.2
ACOT8,7.38,7.14,7.52,7.52,7.57,7.47,8.1,7.53,7.25,7.36,7,7.38,7.29,5.29,7.65,7.54,7.52,7.98,8,7.7,7.62,7.54,7.23,7.74,7.76,7.76,7.56,7.41,7.07,4.28,4.3,4.84,7.56,7.61,7.47,7.58,7.83,7.61,6.26,7.51,7.6,7.57,6.83,4.47,7.75,7.44,7.34,7.56,7.2,4.64
ACOT8,4.63,4.35,4.67,4.36,4.27,4.76,4.88,4.49,4.57,4.53,4.48,4.52,4.06,5.64,4.31,4.33,4.72,4.67,4.36,4.58,4.61,4.6,4.7,4.87,4.51,5.07,4.4,4.47,4.28,4.27,4.3,5.56,4.36,4.26,4.76,4.81,4.36,4.73,5.52,4.46,4.37,4.92,4.8,5.39,4.18,4.52,4.61,4.72,4.53,4.96
ACOT8,4.35,4.3,4.69,4.23,5.16,4.33,5.43,4.73,4.31,4.17,4.29,4.25,4.35,6.14,4.33,4.46,4.5,4.01,4.77,4.33,4.42,4.72,4.34,4.75,4.48,4.53,4.52,4.21,4.73,4.05,4.52,4.58,4.89,4.22,4.36,4.41,4.02,4.55,4.42,5.13,4.57,4.75,4.43,4.21,4.13,3.74,4.41,4.36,4.26,5.65
ACOT8,5.82,5.61,5.65,5.86,5.46,5.54,5.41,5.42,5.72,5.68,5.64,5.81,5.67,5.28,5.8,5.55,5.82,5.91,5.93,5.97,5.88,5.67,5.67,6,5.89,5.92,5.91,5.8,5.74,5.63,5.57,4.96,5.7,5.89,5.64,5.82,5.86,5.8,5.77,5.56,5.66,5.48,5.69,4.69,5.63,5.81,5.44,5.65,5.44,5.61
ACOT8,5.05,4.29,4.89,5.3,4.82,4.92,4.71,4.39,4.93,5.33,4.27,5.07,4.82,4.7,5.15,4.83,5.33,5,5.06,5.26,4.4,5.2,4.67,5.16,5.09,5.16,4.91,5.15,4.59,4.45,5.97,6.83,4.44,5.1,4.65,5.55,4.64,4.86,5.74,4.84,5.21,4.73,4.11,4.24,5.32,4.22,5.33,4.55,4.75,5.12
ACOT9,9.18,8.77,9.09,9.08,8.72,8.72,8.66,9.05,9.21,9.16,8.54,9.14,9.26,6.54,8.87,8.89,8.9,9.11,9.1,9.2,9.14,9.23,8.65,9,9.11,9.2,9.02,9.1,8.86,7.46,5.32,7.1,9.15,9.05,9.05,8.96,8.77,8.97,8.48,8.85,8.92,8.69,8.38,6.32,9.01,8.93,9.04,9.03,9.06,6.39
ACOT9,10.31,10.05,10.33,10.28,10.31,10.37,10.17,10.25,10.3,10.34,10.38,10.24,10.29,7.69,10.11,10.15,10.22,10.4,10.36,10.28,10.42,10.35,10.31,10.21,10.38,10.35,10.36,10.33,10.18,10.5,9.06,9.11,10.36,10.37,10.27,10.14,10.19,10.21,10.29,10.32,10.42,10.11,10.12,8.32,10.35,10.43,10.36,10.34,10.35,8.52
ACOT9,9.47,9.52,9.54,9.48,9.59,9.64,8.6,9.52,9.84,9.64,9.64,9.58,9.49,8.37,9.45,9.5,9.59,9.64,9.7,9.72,9.72,9.5,9.67,9.63,9.51,9.59,9.51,9.47,9.43,9.51,7.84,8.11,9.37,9.46,9.48,9.3,9.42,9.38,9.82,9.53,9.59,9.19,9.35,7.72,9.55,9.59,9.37,9.62,9.74,7.74
ACOT9,6.1,6.09,6.51,6.16,6.63,6.13,6.35,6.5,6.3,6.49,6.15,6.38,6.2,6.74,6.42,6.64,6.41,6.45,6.14,6.62,6.44,6.56,6.05,6.14,6.71,6.1,6.59,6.5,6.38,6.86,7.5,6.75,6.19,6.13,6.43,6.23,7.08,6.02,6.58,6.58,6.2,6.29,6.23,6.54,6.24,6.26,6.56,6.19,6.18,6.94
ACOX1,8.26,8.25,8.37,8.32,8,8.25,7.67,8,8.2,8.37,8.33,8.3,8.34,8.33,8.48,8.23,8.46,8.3,8.48,8.4,8.4,8.6,8.62,8.73,8.66,8.54,8.44,8.33,8.24,7.86,7.78,9.27,7.97,8.03,8.07,8.35,8.39,8.55,8.56,8.23,8.13,8.25,8.17,7.29,7.99,8.11,7.92,8.39,8.49,7.9
ACOX1,8.73,8.7,8.58,8.59,8.79,8.89,9.06,8.69,8.57,8.53,8.65,8.62,8.63,8.14,8.84,8.86,8.86,8.7,8.5,8.52,9.11,9.16,9.04,9.07,8.94,9.02,8.62,8.48,8.59,8.66,5.92,6.12,8.85,8.84,8.86,8.71,8.89,8.81,9.27,8.86,8.94,8.53,8.67,7.04,8.36,8.7,8.44,8.76,8.66,8.16
ACOX1,8.24,7.83,8.27,8.1,8.03,8.21,8.01,8.07,8.11,8.21,8.16,8.31,8.08,7.51,8.37,8.41,8.38,8,7.84,8.11,8.7,8.51,8.5,8.25,8.49,8.6,8.12,8.27,8.01,6.87,6.23,6.12,8.5,8.42,8.3,8.19,8.19,8.32,8.54,8.32,8.16,7.93,7.85,7.04,8.12,8.14,8.17,8.28,8.22,6.92
ACOX2,3.72,3.69,3.74,3.94,3.98,3.85,3.61,3.79,3.63,3.96,3.68,3.98,3.79,3.85,3.7,3.95,3.84,3.88,3.83,3.81,3.87,3.69,3.94,3.7,3.65,3.72,3.72,3.87,3.66,5.09,5.82,5.41,3.55,4.05,3.72,3.96,4.23,3.59,4.33,3.94,4.39,3.96,4.18,4.17,4.41,4.03,3.55,3.84,3.71,4.05
ACOX3,7.96,7.83,8.09,8.09,8.23,8.28,7.39,8.12,7.89,7.88,7.93,8,7.79,6.1,8.09,7.98,8.05,7.92,8.02,7.86,8.21,8.12,8.21,8.27,8.15,8.2,8.17,8.03,8.08,7.65,6.28,7.56,8.35,8.53,8.65,8.09,8.39,8.18,8.38,8.46,8.2,8.08,8.02,6.49,7.43,7.42,7.73,8.03,8.11,7.39
ACOXL,5.56,5.88,5.09,5.41,5.96,5.01,4.72,5.24,5.44,5.28,5.66,5.27,5.62,5.1,5.36,5.37,5.45,5.42,5.07,4.95,5.63,5.54,5.74,5.19,5.32,5.44,5.62,5.58,6.04,5.25,5.31,5.47,5.4,5.44,5.5,5.5,4.97,5.6,5.8,5.81,5.47,5.81,5.81,6.55,6.36,6.17,6.57,5.33,5.53,5.72
ACOXL,3.26,3.44,3.35,3.33,3.33,3.5,3.82,3.33,3.51,3.56,3.64,3.33,3.49,3.3,3.41,3.37,3.53,3.45,3.29,3.09,3.59,3.68,3.54,3.53,3.3,3.52,3.6,3.39,3.38,4.29,3.9,4.6,3.51,3.41,3.32,3.39,3.57,3.63,3.87,3.19,3.76,3.34,3.44,3.49,3.47,3.43,3.53,3.2,3.36,3.31
ACOXL,3.7,3.73,3.62,3.73,4.18,3.89,4.06,3.54,3.82,3.7,3.74,3.55,3.78,3.69,3.88,4.02,3.6,3.5,3.93,3.61,3.91,3.82,3.86,3.79,3.77,3.55,3.78,3.93,3.75,4.13,4.28,4.88,3.82,3.68,3.66,3.68,4.07,3.61,4.31,3.47,3.68,3.86,3.53,4.13,4.21,4.5,3.97,3.72,3.77,3.84
ACOXL,5.59,5.55,6.16,6.14,5.93,6.39,5.08,6.26,5.6,5.81,5.81,5.79,5.58,5.41,6.11,5.94,6.08,5.76,5.69,5.62,5.85,5.83,5.95,6.08,6.2,6.16,6.04,6.13,5.93,6.65,7.4,6.98,5.29,5.74,6.13,6.22,6.18,6.07,6.75,6.23,6.55,6.42,6.77,5.36,7.71,7.4,7.3,6.22,5.69,7.03
ACP1,10.89,10.9,10.85,10.91,10.71,10.77,10.63,10.82,10.96,10.84,10.84,10.87,10.88,10.25,10.82,10.73,10.81,10.89,10.94,10.96,10.81,10.73,10.83,10.72,10.71,10.79,10.84,10.85,10.84,10.65,9.54,10.13,10.59,10.71,10.67,10.85,10.82,10.76,10.49,10.79,10.71,10.81,10.81,10.23,10.9,10.73,10.8,10.89,10.95,10.17
ACP1,11.45,11.42,11.39,11.41,11.27,11.4,11.11,11.35,11.46,11.44,11.36,11.41,11.43,10.48,11.15,11.12,11.22,11.2,11.3,11.33,11.24,11.16,11.17,11.15,11.12,11.22,11.38,11.4,11.34,11.09,9.65,10.1,11.24,11.28,11.15,11.22,11.13,11.3,11.02,11.33,11.34,11.12,11.12,10.13,11.23,11.07,11.2,11.39,11.31,10.48
ACP1,11.53,11.36,11.41,11.45,11.11,11.24,11.19,11.48,11.46,11.57,11.19,11.5,11.41,10.82,11.29,11.26,11.26,11.36,11.42,11.49,11.27,11.34,11.02,11.24,11.22,11.22,11.39,11.56,11.14,10.63,10.02,10.15,11.35,11.33,11.27,11.24,11.06,11.41,11.07,11.35,11.28,11.18,11.01,10.65,11.17,10.99,11.26,11.36,11.21,10.6
ACP1,3.61,3.59,3.64,3.82,3.62,3.67,4.1,3.83,3.86,3.67,3.65,3.61,3.52,4.87,3.71,3.7,3.99,3.86,3.9,4.12,3.64,3.88,3.61,4.35,4.03,4.24,3.58,4.07,3.51,4.58,5.87,5.31,3.66,3.65,3.8,3.86,3.94,3.82,3.87,3.76,3.88,3.62,4.05,5.58,3.92,3.82,4.22,3.58,3.5,5.72
ACP2,7.66,7.03,7.63,7.62,7.13,7.24,7.58,7.78,7.39,7.27,6.99,7.31,7.21,8.56,7.66,7.62,7.59,7.65,7.54,7.75,7.68,7.49,7.25,7.65,7.7,7.74,7.5,7.5,7.38,7.17,6.86,7.99,7.48,7.66,7.59,7.5,7.31,7.54,7.52,7.7,7.58,7.82,7.65,7.84,7.73,7.5,7.53,7.58,7.29,9.19
ACP2,7.52,7.2,7.18,7.48,7.44,7.22,6.44,7.72,7.5,7.48,7.03,7.3,7.24,7.15,7.3,7.44,7.27,7.32,7.4,7.58,7.33,7.37,7.05,7.58,7.64,7.49,7.28,7.52,7.16,6.46,6.06,7.78,7.47,7.59,7.5,7.26,7.23,7.46,6.78,7.29,7.31,7.36,6.68,6.02,7.42,7.32,7.33,7.35,7.05,6.9
ACP2,7.67,6.84,7.61,7.64,6.55,7.27,7.45,7.91,7.54,7.59,6.31,7.35,6.91,6.02,7.57,7.66,7.76,7.69,7.96,7.96,7.41,7.59,6.97,7.75,7.85,8.11,7.49,7.81,6.8,6.13,7.6,6.12,7.66,7.8,7.92,7.65,7.01,7.78,6.94,7.42,7.62,7.53,7.45,5.83,7.82,7.35,7.66,7.34,6.74,6.07
ACP2,7.47,7.09,7.32,7.45,7.16,7.18,5.43,7.64,7.5,7.69,6.65,7.24,7.01,7.63,7.49,7.43,7.41,7.64,7.6,7.91,7.72,7.53,6.94,7.6,7.55,7.9,7.55,7.65,6.84,6.48,6.99,6.07,7.6,7.51,7.71,7.66,6.94,7.44,6.61,7.66,7.43,7.24,7.11,5.4,7.8,7.24,7.51,7.41,7,6.03
ACP2,7.43,6.86,7.34,7.23,6.56,7.08,6.29,7.39,7.16,7.12,6.47,7.14,7.09,7.31,7,7.23,7.33,7.4,7.2,7.52,7.37,7.15,6.99,7.52,7.43,7.43,7.26,7.44,6.91,4.65,5.63,4.61,7.53,7.28,7.34,7.45,6.81,7.36,6.38,7.43,7.11,7.16,6.85,5.95,7.23,6.48,7.04,7.07,6.77,5.69
ACP2,8.29,8.05,8.53,8.36,8.05,8.42,6.76,8.54,8.24,8.3,8.09,8.36,8.14,8.06,8.54,8.38,8.42,8.34,8.46,8.53,8.55,8.53,8.31,8.61,8.58,8.49,8.56,8.55,8.04,6.23,5.61,6.23,8.29,8.4,8.48,8.49,8.33,8.53,7.52,8.33,8.49,8.34,8.27,7.58,8.53,8.45,8.58,8.25,8.11,8.57
ACP2,8,7.81,8.03,7.93,8.06,8.25,8.22,8.12,7.87,8.01,7.85,7.67,7.58,6.73,7.85,7.98,8,8.15,8.16,7.95,8.25,7.86,8.12,8.05,8.11,7.92,8.13,7.82,8.06,6.55,6.84,6.13,8.05,7.95,7.91,8.19,8.05,7.94,7.9,8.01,8.11,8,8.08,7.04,8.25,7.97,8.05,7.98,7.98,5.8
ACP2,7.44,6.89,7.24,7.11,6.85,7.05,5.99,7.21,7.16,7.02,6.48,7.04,6.87,5.87,7.14,7.15,7.43,7.41,7.32,7.34,7.37,6.9,6.84,7.53,7.4,7.59,7.29,7.27,6.56,5.73,5.7,5.71,7.12,7.45,7.44,7.3,6.73,7.24,5.88,7.13,7.49,6.92,6.89,5.76,7.36,6.84,6.83,7.07,6.75,5.62
ACP2,4.98,5.15,4.92,4.64,5.14,4.63,5.36,4.56,5.08,4.68,5.05,5.01,4.92,5.14,4.78,5.18,4.78,4.62,4.81,5.27,4.8,5.16,5.23,5.06,5.49,4.92,5.04,5.02,4.77,4.87,6.35,4.24,4.91,4.71,4.76,4.7,4.61,5.43,5.09,4.99,4.78,4.71,4.82,5.3,4.32,4.36,4.98,5.02,4.69,4.79
ACP5,4.87,4.54,4.58,4.87,5.22,4.83,4.6,4.9,4.91,4.91,4.83,4.9,4.8,4.91,4.87,5.04,4.88,5.15,5,4.96,5.14,4.92,4.9,4.75,4.62,4.76,5.06,4.97,4.86,4.75,5.58,4.81,4.68,4.81,4.95,4.98,4.83,5.06,4.63,5.08,4.96,4.84,4.97,4.44,4.72,4.38,4.74,4.87,4.91,4.96
ACP6,3.95,3.7,3.77,3.76,3.78,3.97,3.98,3.69,3.69,3.73,3.83,4,3.8,4.55,4.08,3.62,3.76,4.1,3.68,3.69,3.97,3.76,3.94,4.29,3.86,3.75,3.77,3.9,3.75,4.68,5,4.61,3.89,4.12,3.82,3.65,3.58,3.7,4.54,4.02,3.56,3.47,3.42,4.07,3.84,3.88,3.92,3.76,3.79,4.48
ACPL2,8.42,8.86,8.84,8.81,8.86,9.05,8.64,8.77,8.77,8.8,9.05,8.6,8.16,8.86,8.96,8.52,8.87,8.42,8.54,8.59,8.55,8.73,9.07,8.22,8.72,8.41,8.69,9.01,8.44,7.54,7.23,8.83,8.17,8.27,8.39,8.97,8.72,8.85,8.05,8.96,8.81,8.77,8.69,8.7,9.13,8.91,9.07,8.89,8.6,9.46
ACPL2,5.67,5.66,5.98,5.55,5.67,6.12,5.46,5.88,5.77,5.89,5.47,5.78,5.52,5.05,6.03,5.8,5.87,5.86,5.81,5.57,5.64,5.57,5.36,5.96,5.58,5.49,5.75,5.99,5.48,5.67,7.15,6.11,5.31,5.74,5.33,5.94,6.2,5.85,6.85,5.72,5.86,5.67,5.32,5.8,6.03,6.2,5.62,5.58,5.66,5.78
ACPL2,4.8,5.04,5.14,5.12,5.15,4.34,5.36,5.15,5.05,5.01,4.52,5.02,4.98,5.91,5.16,5.44,5.09,4.9,5.03,4.88,5.02,5.21,5.07,5.33,4.88,4.88,4.87,4.94,4.54,5.4,6.46,6.29,5.05,5.01,4.91,5.31,5.51,5.21,5.81,5.35,4.88,5.02,4.92,5.1,5.01,5.2,5.12,4.83,4.8,5.78
ACPL2,7.06,7,7.11,7.19,7.53,7.08,7.74,7.39,7.07,7.04,7.26,6.99,6.69,6.52,7.19,7,7.07,7.08,6.84,6.87,6.96,7.12,7.02,7,6.72,6.96,7.31,7.23,6.82,5.98,6.8,6.26,6.46,6.84,6.86,7.26,7.04,7.06,7.03,7.16,7.14,6.93,6.91,5.43,7.32,7.54,7.51,7.27,7.16,6.56
ACPP,4.17,4.17,4,4.07,4.24,4.48,3.82,4.35,4.25,4.07,4.36,4.21,4.29,4.75,4.14,4.02,4.05,4.01,4.09,4.16,4.28,4.05,4.24,4.09,4.07,3.92,4.08,4.18,4.28,3.93,4.28,4.82,4.16,4.05,4.14,3.9,4.18,4.18,4.26,4.07,4.26,4.12,4.16,4.28,4.21,4.04,4.5,4.03,3.97,5.34
ACPP,3.71,3.94,3.73,4.06,4.2,3.72,4.2,4.09,3.74,3.76,3.86,3.83,3.72,4.61,3.64,3.72,3.8,3.83,3.86,3.67,3.68,3.83,3.97,3.78,4.09,3.89,3.85,4.11,4.07,4.88,5.77,4.66,3.76,3.71,3.93,3.82,4.01,3.85,4.31,3.96,4.09,4.04,3.74,4.23,3.96,3.91,4.11,3.86,3.83,4.76
ACPP,4.42,4.74,4.57,4.86,5.38,4.68,4.64,4.97,4.33,4.49,4.7,4.58,4.38,7.08,4.69,4.35,4.65,4.93,4.74,4.67,4.74,4.75,4.71,4.69,4.51,4.84,4.65,4.6,4.61,3.82,4.8,7.22,4.66,4.53,4.47,4.66,4.48,5.15,5.2,4.71,4.91,4.52,4.84,6.27,4.48,5.37,4.77,5.09,4.83,6.99
ACPP,3.9,4.09,3.63,3.6,3.46,4.17,4.29,3.57,3.82,3.54,4.02,3.58,3.67,3.75,3.76,3.78,3.45,3.73,3.58,3.5,3.78,3.66,3.83,3.68,3.56,3.88,3.52,3.66,3.53,4.97,4.91,3.57,3.71,3.66,3.68,3.69,3.58,3.67,4.3,3.68,3.58,3.54,3.64,4.36,3.69,3.64,3.65,3.58,3.56,5.4
ACPP,4.7,4.44,4.32,4.69,4.87,4.82,5.64,4.67,4.46,4.39,4.58,4.59,4.47,5.14,4.4,4.96,4.39,4.88,4.58,4.43,4.59,4.55,4.66,4.61,4.74,4.44,4.47,4.85,4.79,5.24,6.17,6.04,4.7,4.64,4.65,4.55,4.61,4.48,5.13,4.85,4.75,4.93,4.62,5.13,4.41,4.88,4.49,4.5,4.51,4.75
ACPT,4.81,4.92,4.78,5.09,5.15,5.46,4.84,5.5,4.98,5.2,4.96,4.92,4.9,6.69,5.13,5.29,5.14,4.83,5.14,5.16,4.89,5.09,4.84,5.08,5.12,5.17,4.96,5.19,4.52,6.68,6.57,5.52,4.86,4.96,4.88,5.05,5.22,4.64,5.15,5.64,5.47,5.3,5.07,6.2,5.34,5.59,4.77,5.18,5.2,6.38
ACR /// LOC645529,5.03,4.88,5.08,4.86,5.37,5.07,5.27,4.6,4.51,4.88,5.11,4.78,4.74,5.6,4.83,5.18,4.65,4.86,4.78,4.84,5.29,5.03,4.85,4.82,4.64,4.8,5.01,4.82,5.34,6.02,6.4,7.3,4.94,4.87,5.44,4.89,5.16,4.51,5.62,4.81,4.72,5.07,5.24,6.98,4.99,5.01,4.81,4.83,4.81,6.33
ACRBP,5.13,4.71,5.01,5.2,5.4,5.26,5.83,5.71,4.92,4.86,5.13,5.22,5.05,5.66,5.6,5.28,5.3,5.56,5.31,5.13,5.31,5.4,5.55,5.39,5.72,5.6,5.28,5.41,4.98,4.55,5.42,6.73,5.07,5.28,5.23,5.7,5.23,5.53,4.39,5.82,6.02,6.46,6.47,6.07,5.79,5.16,5.86,5.11,5.33,6.9
ACRC,6.09,5.93,5.78,6.2,5.98,6.08,6.26,6.26,6.12,6.24,5.86,5.89,6,6.06,6.1,5.89,5.92,6.24,6.07,5.94,5.84,6.08,5.71,6.08,5.77,5.85,5.49,6.02,5.75,6.83,6.13,6.06,5.84,5.89,5.86,5.74,5.55,5.84,5.99,6.01,6.11,6.19,6.03,6.62,5.79,6.24,5.92,6.24,6.13,6.14
ACRV1,5.21,5.5,5.43,5.53,5.75,5.49,4.8,5.47,5.32,5.35,5.69,5.5,5.48,6.03,5.46,5.34,5.24,5.53,5.52,5.42,5.5,5.32,5.34,5.34,5.71,5.27,5.3,5.61,5.53,5.1,5.53,6.05,5.14,5.57,5.63,5.58,5.38,5.3,5.14,5.45,5.14,5.44,5.3,5.79,5.25,5.44,5.41,5.75,5.29,6.04
ACSBG1,3.76,3.55,3.71,3.84,3.44,3.26,3.41,3.52,3.56,3.53,3.55,3.83,3.64,3.61,3.58,3.82,3.65,3.34,3.52,3.52,3.74,3.56,3.55,3.52,3.35,3.56,3.85,3.59,3.39,3.88,4,4.12,3.66,3.5,3.28,3.51,3.73,3.55,4.08,3.57,3.92,3.68,3.54,4.14,3.49,3.36,3.33,3.52,3.6,4.16
ACSBG1,3.81,3.92,3.67,3.8,3.95,3.81,4.16,3.8,3.61,3.81,3.94,4.09,3.7,4.82,3.8,3.8,3.71,3.78,3.97,3.6,3.84,4.05,3.77,3.68,3.75,4.03,3.81,3.73,3.77,3.84,5.52,5.23,3.65,3.54,3.81,3.83,3.44,3.59,3.79,3.9,4.05,3.79,3.75,4.65,3.66,4.54,3.72,3.98,3.63,4.37
ACSBG2,3.59,3.66,3.49,3.82,3.62,3.52,3.8,3.69,3.72,3.49,3.5,3.68,3.5,4.06,3.63,3.84,3.57,3.69,3.9,3.65,3.63,3.56,3.56,3.61,3.66,3.73,3.94,3.59,3.55,4.86,5.63,4.57,3.62,3.66,3.63,3.64,3.67,3.48,3.92,3.52,3.55,3.55,3.66,4.14,3.66,3.65,3.74,3.71,3.64,4.13
ACSF2,7.57,7.49,7.81,7.57,7.78,7.73,7.77,7.98,7.62,7.73,7.92,7.68,7.67,6.07,7.76,7.62,7.9,7.67,7.69,7.7,7.93,7.79,8.29,8,7.87,7.97,7.72,7.61,7.55,7.52,7.12,7.95,7.72,8.04,7.77,8.03,7.76,7.86,7.38,8.03,7.88,8.15,8.1,7.83,7.51,7.06,7.42,7.64,7.65,6.2
ACSF3,8.35,8.26,8.57,8.36,8.75,8.67,8.43,8.47,8.26,8.25,8.43,8.23,8.16,7.92,8.61,8.59,8.59,8.86,8.74,8.88,8.43,8.24,8.64,8.47,8.72,8.51,8.63,8.28,8.51,7.35,6.75,7.75,8.49,8.51,8.63,8.81,8.78,8.71,6.88,8.38,8.6,8.64,8.82,6.53,8.28,8.54,8.27,8.46,8.65,7.62
ACSF3,5.4,6.18,5.92,5.94,5.62,5.25,5.95,5.77,5.72,5.86,5.97,5.44,5.76,5.33,5.58,5.45,5.43,5.62,5.55,5.67,5.69,6,5.87,5.94,5.68,5.45,5.83,5.77,5.8,5.04,4.91,6.59,5.39,5.67,5.64,5.84,5.85,5.63,5.81,5.26,5.63,6,5.98,5.16,6.01,5.62,5.62,5.6,5.6,6.73
ACSL1,10.55,10.67,10.36,10.59,10.42,10.54,10.12,10.12,10.73,10.61,10.6,10.68,10.75,10.21,10.66,10.46,10.6,10.56,10.48,10.51,10.57,10.79,10.96,10.65,10.59,10.59,10.45,10.49,10.52,10.63,9.62,9.49,10.65,10.74,10.62,10.64,10.68,10.57,9.9,10.45,10.6,10.38,10.42,10.23,10.26,10.31,10.21,10.56,10.64,9.89
ACSL1,9.19,8.68,8.75,8.96,8.24,7.92,8.51,8.77,9.13,9.13,8.29,9.15,9.24,7.98,9.13,8.99,9.04,8.77,8.97,9.08,9.18,9.14,8.69,8.8,8.96,9.04,8.71,8.85,8.22,7.08,6.35,7.51,9.14,9.14,9.13,8.93,8.65,9.02,8.41,8.7,8.5,8.22,8.28,7.59,8.51,8.05,8.47,8.94,8.67,6.76
ACSL3,8.81,9.2,8.81,8.72,8.56,8.83,9.07,8.66,9.01,9.02,9.27,8.81,9.06,8.94,8.73,8.54,8.62,8.54,8.63,8.57,8.65,8.58,9,8.5,8.67,8.64,8.92,8.62,9.16,8.64,5.53,8.06,8.5,8.65,8.61,8.53,8.5,8.42,7.98,8.7,8.74,8.94,8.96,8.41,8.61,8.84,8.85,8.7,9.01,7.34
ACSL3,10.39,10.33,10.32,10.43,10.24,10.1,10.39,10.16,10.46,10.51,10.25,10.28,10.5,8.54,10.01,9.97,10.11,10.27,10.17,10.24,10.2,10.17,10.1,10.04,9.87,10.21,10.27,10.28,10.23,10.11,7.58,9.09,10.25,10.14,10.17,9.98,10.07,10.09,10.1,10.35,10.31,10.19,10.11,9.11,10.3,10.19,10.18,10.28,10.31,8.48
ACSL4,10.19,10.52,10,10.2,10.1,9.96,9.73,9.89,10.38,10.27,10.41,10.48,10.85,10.36,10,10,10.2,9.9,9.97,10.08,10.43,10.32,10.56,9.88,9.94,10.21,10.25,10.23,10.44,10.42,8.72,9.98,9.96,10.02,9.84,10.12,10.06,10.03,9.61,10.09,10.12,10.09,10.2,10.56,9.91,9.98,9.98,10.26,10.63,9.68
ACSL4,4.52,4.29,4.09,4.23,4.11,4.38,4.3,4.09,4.51,4.35,4.24,4.53,4.43,5.06,4.41,4.38,4.14,4.5,4.57,4.38,4.42,4.63,4.46,4.27,4.26,4.17,4.5,4.34,4.39,4.41,4.12,4.16,4.15,4.39,4.5,4.52,4.48,4.4,4.04,4.23,4.79,4.04,4.4,3.83,4.13,4.11,3.91,4.35,4.33,4.58
ACSL4,5.67,5.23,5.37,5.37,5.02,5.68,5.61,5.58,5.88,5.64,5.23,5.69,5.53,4.54,5.38,5.31,5.47,5.54,5.27,5.53,5.35,5.26,5.03,5.48,5.49,5.43,5.34,5.31,5.07,5.25,6.51,5,5.13,5.23,5.37,5.14,5.11,5.56,6.15,5.53,5.46,5.02,4.44,5.03,4.93,5.54,4.96,5.42,5.46,4.54
ACSL5,6.49,6.19,6.76,6.74,6.36,6.26,6.43,6.86,6.34,6.89,6.62,6.44,5.95,6.97,7.24,7.07,7.28,7.33,7.29,7.31,6.5,6.56,6.6,7.01,7.03,6.74,6.47,6.63,6.59,6.81,6.84,6.92,6.41,6.61,6.83,7.39,7.14,7.31,5.96,6.71,6.78,7.26,6.99,6.69,6.47,6.26,6.62,6.9,7.21,6.79
ACSL5,6.49,6.16,6.86,6.49,6.58,6.33,5.15,6.72,6.52,6.61,6.32,6.46,6.44,5.19,6.95,6.79,6.9,7.06,6.95,6.94,6.38,6.5,6.26,6.81,6.52,6.75,6.38,6.52,6.5,5.48,6.66,6.53,6.84,6.94,6.91,7.19,6.84,7.05,6.36,6.84,6.73,6.97,6.52,5.47,6.13,5.99,6.12,6.61,6.58,6.3
ACSL5,3.87,3.69,3.8,3.88,3.94,3.85,4.16,3.63,3.57,3.59,3.86,3.59,3.81,4.7,3.87,3.94,3.52,3.96,3.73,3.6,3.82,3.92,3.78,3.72,3.83,3.57,3.79,3.81,4.22,3.9,4.63,4.91,3.81,4.02,3.69,3.8,3.93,3.51,5.2,3.6,3.51,3.81,4.15,5.4,3.85,3.75,3.48,3.64,3.8,3.9
ACSL6,3.65,3.78,3.77,3.83,3.6,3.89,4.37,3.58,3.79,3.76,3.82,3.88,3.99,4.48,3.73,3.87,3.65,4.14,3.69,3.86,4.11,3.72,3.79,3.8,3.69,3.7,4.02,3.84,3.69,4.07,5.59,5.49,3.55,3.69,3.58,3.61,4.05,3.69,4.27,3.46,3.86,3.84,3.73,4.13,3.81,4.09,3.67,4.01,3.84,4.13
ACSL6,3.92,4.13,4,3.92,3.89,3.59,3.85,3.45,4.02,3.88,3.9,4.14,4.25,4.33,3.78,3.7,4.03,3.83,3.87,3.74,3.98,3.99,3.97,4.02,3.64,3.71,3.92,3.86,3.64,4.33,4.77,4.1,3.91,3.76,3.65,3.8,3.59,3.69,3.77,3.71,3.61,4.01,4.01,3.93,3.44,3.57,3.57,3.71,4.05,4.2
ACSL6,3.95,3.79,3.58,3.41,3.57,3.77,3.99,3.97,3.81,3.75,4.03,3.65,3.97,4.71,3.41,3.85,3.76,3.53,3.61,3.61,3.72,3.84,3.74,3.74,3.63,3.73,3.55,3.76,3.88,6.19,4.27,4.28,3.87,3.85,3.54,3.64,3.64,3.54,3.51,3.47,3.6,3.84,3.82,3.68,4.12,3.71,3.51,3.74,3.48,5.55
ACSL6,3.26,3.22,3.3,3.07,3.8,3.5,4.79,3.81,3.33,3.21,3.38,3.34,3.27,3.48,3.27,3.26,3.16,3.26,3.24,3.27,3.56,3.27,3.32,3.24,3.29,3.28,3.21,3.29,3.49,4.69,5.57,4.24,3.4,3.28,3.26,3.26,3.6,3.24,4.04,3.44,3.28,3.27,3.35,3.49,3.39,3.36,3.99,3.32,3.35,3.97
ACSL6,3.45,3.36,3.56,3.46,3.49,3.94,4.23,3.75,3.24,3.34,3.29,3.42,3.4,3.36,3.4,3.45,3.61,3.33,3.24,3.28,3.46,3.44,3.21,3.25,3.39,3.3,3.59,3.54,3.3,4.15,5.4,4.87,3.49,3.61,3.43,3.5,3.77,3.67,3.6,3.27,3.42,3.41,3.69,4.23,3.48,3.49,3.57,3.18,3.33,4.36
ACSM1,3.64,4.06,4.19,3.81,3.59,3.57,4.09,3.75,3.59,3.43,3.67,3.74,3.78,4.25,3.67,3.96,3.69,3.87,3.64,3.68,3.69,3.67,3.65,3.49,4,3.62,3.69,3.83,3.96,3.65,5.35,4.12,3.66,3.68,3.58,3.54,3.64,3.37,4.36,3.65,3.7,3.75,3.52,4.25,3.82,3.81,3.52,3.57,3.71,5.09
ACSM2A,3.92,3.76,3.98,3.69,3.8,4.42,4.16,3.75,3.77,3.76,3.83,3.88,4.06,5.77,3.99,4.02,3.88,3.94,3.78,3.71,4.14,4.36,3.89,4.14,3.67,3.52,4.11,4.02,4.12,4.74,5.91,3.79,3.81,3.96,3.9,3.7,4.27,3.94,3.89,3.73,3.62,3.78,3.64,5.34,4.11,3.73,4.14,3.68,4.23,5.14
ACSM2A,3.95,3.63,3.98,3.77,3.85,4.11,4.88,3.68,3.55,3.78,3.74,3.57,3.69,4.64,3.83,3.87,3.75,4.06,3.54,3.62,4.03,3.74,3.61,3.61,3.59,3.81,3.83,3.54,3.78,4.25,5.95,5.33,3.8,3.92,3.68,3.76,4.26,3.44,4.05,3.44,3.44,3.63,3.49,5.15,3.73,3.98,3.48,3.62,3.78,4.23
ACSM2A,3.65,3.77,3.97,3.74,3.94,3.38,3.59,3.76,4,4.02,4.02,3.57,3.81,3.92,3.61,3.82,3.98,4.15,3.99,3.55,4.05,3.71,4.3,3.69,3.45,3.53,3.8,4.01,3.73,4.14,3.87,4.75,4.24,3.76,3.64,3.81,3.99,3.61,3.96,3.59,3.67,3.67,3.87,4.69,3.76,4.04,3.58,3.99,3.81,4.94
ACSM2A /// ACSM2B /// LOC100291873,3.51,3.41,3.39,3.65,3.51,4.24,3.82,3.27,3.47,3.6,3.4,3.57,3.43,5.78,3.49,3.76,3.65,3.78,3.62,3.57,3.67,3.9,3.8,3.45,3.62,3.31,3.59,3.42,3.93,3.56,7.58,6.14,3.64,3.72,3.47,3.98,3.84,3.43,4.28,3.41,3.41,3.78,3.44,4.64,3.58,3.76,4.31,3.82,3.57,4.4
ACSM2A /// ACSM2B /// LOC100291873,4.36,4.17,3.99,4.26,4.24,4.1,4.78,4.18,4.34,4.31,4.21,4.04,4.08,4.1,3.98,3.98,4.33,4.24,3.93,3.98,4.21,4.54,4.03,4.14,3.97,4.33,4.31,4.3,4.3,4.81,6.81,5.27,4.14,3.99,4.12,4.15,4.26,3.97,4.93,4.2,4.02,4.33,4.14,3.91,3.76,4.24,3.94,3.98,3.87,5.28
ACSM2A /// ACSM2B /// LOC100291873,3.94,4.08,4.01,4.2,4.83,4.25,4.72,4.15,4.11,4.29,4.21,4.13,4.06,5.4,4.12,4.59,4.42,3.96,4.08,4.14,4.29,4.01,4.3,4.24,4.06,4.29,4.39,4.04,4.22,4.82,4.31,5.39,4.21,4.02,4.22,4.22,4.29,4.43,4.55,4.1,3.88,4.23,4.03,4.2,4.24,4.45,4.41,3.71,4.03,4.81
ACSM2A /// ACSM2B /// LOC100291873,4.77,4.93,5.01,4.82,4.58,4.83,5.82,5.09,4.87,4.78,4.82,4.72,4.97,6.17,4.82,5.02,4.94,4.72,4.79,4.9,4.71,4.95,4.92,5.07,5.23,4.64,5.07,4.57,4.96,5.39,5.37,6.21,4.91,5.01,5.08,4.82,4.58,4.71,4.93,4.98,4.82,4.8,5.42,5.45,5.12,5.01,4.87,5.03,4.99,5.83
ACSM2B /// LOC100291873,3.96,4.29,3.99,4.44,4.03,4.22,4.39,4.24,4.33,4.65,4.42,4.19,4.32,6.49,4.1,4.17,4.15,4.19,4.06,4.17,4.22,4.75,4.44,4.53,4.32,4.14,3.88,4.41,4.55,4.45,4.28,4.55,4.59,4.02,3.9,4.09,3.98,4.23,5.28,4.15,4.13,4.72,4.25,5.14,3.76,3.78,4.59,4.32,4.11,6.01
ACSM3,6.11,6.33,6.45,6.38,6.77,5.48,5.08,6.1,6.3,6.35,6.68,6.04,5.93,6.94,6.49,6.11,6.79,6.45,6.52,6.43,5.9,6.06,6.15,5.95,6.21,5.85,5.99,6.42,6.27,5.16,6.95,6.71,5.97,5.94,6.58,5.91,5.93,6.21,5.69,6.03,6,6.32,6.33,7.68,6.76,6.64,6.76,6.12,6.19,6.12
ACSM3,6.45,6.43,6.61,6.51,6.18,6.89,5.74,6.08,6.53,6.64,6.31,6.69,6.43,6.04,6.47,6.35,6.15,6.73,6.56,6.6,6.22,6.6,6.3,6.35,6.38,6.17,6.59,6.79,6.37,5.44,5.71,5.95,6.25,6.34,6.39,6.16,6.43,6.61,6.24,6.33,6.6,6.5,6.29,6.11,7.14,7.14,7.16,6.6,6.39,6
ACSM4,3.97,3.98,4.27,3.86,4.29,3.89,4.79,3.83,3.99,4.06,4.26,4.3,3.86,4.25,3.94,3.89,3.94,3.75,3.89,3.88,3.88,4.09,4.13,3.67,3.81,3.64,3.8,4.25,4.27,4.57,6.32,4.54,4.11,3.98,3.95,3.8,3.79,3.95,4.36,3.91,3.58,4.13,3.97,4.57,4.25,4.38,4.45,3.88,3.79,4.17
ACSM5,4.12,4.49,4.27,4.32,4.54,4.57,4.58,4.37,4.25,4.55,4.76,4.69,4.56,5.98,4.15,4.69,4.07,4.23,4.24,4.08,4.81,4.57,4.56,4.16,4.23,4.27,4.25,4.56,4.43,4.37,5.99,5.29,4.35,3.92,4.32,4.1,4.37,4.34,4.73,4.25,4.03,4.51,4.58,5.36,4.25,4.15,4.4,4.32,4.51,5.06
ACSM5,4.77,4.31,4.85,4.55,5.51,4.76,5.17,5.09,4.64,5.01,4.69,4.81,4.4,5.84,4.66,5.06,4.48,4.73,4.44,4.57,4.67,4.85,4.49,4.69,4.72,4.55,5.18,4.89,5.13,4.83,5.71,4.56,4.5,4.73,4.81,4.58,4.89,4.34,5.02,4.81,4.88,4.4,5.02,7.47,4.42,4.62,4.98,4.51,4.45,5.54
ACSS1,6.68,6.5,6.71,7.08,7.33,6.84,7.23,6.87,6.65,6.75,6.79,6.86,6.58,7.2,6.72,7.02,6.5,6.99,7.04,6.87,6.38,6.81,6.66,6.61,6.36,6.54,6.61,6.79,6.8,6.41,7,5.57,6.54,6.57,6.84,6.81,6.91,6.97,6.43,6.94,6.24,7.17,6.81,7.03,6.23,6.47,6.71,6.83,6.74,8.25
ACSS1,4.72,4.94,4.77,4.94,4.98,5.13,5.83,4.78,4.81,4.71,4.56,4.79,4.98,4.84,4.81,5.01,4.7,4.94,4.83,5.08,4.64,4.58,4.78,4.77,5.15,5.01,4.75,4.92,4.67,5.76,5.81,6.78,4.79,4.78,5.09,4.81,4.76,4.94,4.63,4.81,4.76,5.08,4.86,5.03,4.83,5.12,5.07,4.75,4.64,5.68
ACSS1,6.5,6.37,6.94,6.68,6.37,6.54,6.92,7.4,6.37,6.59,6.8,6.46,6.37,6.74,7.04,6.64,6.67,7.33,7.37,7.2,6.25,6.44,6.78,6.65,6.55,6.41,6.7,6.47,6.83,6.95,7.36,7.48,6.55,6.32,6.84,7.1,7.24,7.14,6.86,6.57,6.91,7,7.48,7.61,6.23,6.81,6.66,6.87,6.82,6.6
ACSS2,5,4.67,4.65,4.73,5.01,5.03,4.78,4.42,4.66,4.9,4.89,4.72,5.13,5.79,4.78,4.63,4.87,4.43,5.01,4.91,5.21,4.94,5.11,4.68,4.41,4.74,5.06,4.72,4.42,5.28,5.28,5.74,4.73,4.71,4.82,4.54,4.33,4.89,6.59,4.54,4.96,4.63,4.56,5.7,4.65,4.42,5.45,5.04,4.28,6.44
ACSS2,3.49,3.55,3.61,3.4,3.72,3.73,3.95,3.85,3.47,3.46,3.64,3.57,3.46,3.73,3.73,3.53,3.66,3.61,3.67,3.44,3.53,3.51,3.54,3.89,3.4,3.38,3.53,3.49,3.81,4.38,4.14,4.02,4,3.57,3.55,3.37,3.92,3.65,4.11,3.56,3.56,3.62,3.73,4.85,3.68,3.48,3.63,3.58,3.61,3.78
ACSS3,3.27,3.34,3.5,3.35,3.7,3.56,5.64,3.88,3.3,3.44,3.42,3.26,3.27,3.73,3.33,3.59,3.38,3.5,3.61,3.43,3.34,3.56,3.51,3.54,3.28,3.51,3.56,3.44,3.64,4.7,6.01,4.23,3.38,3.3,3.54,3.5,3.63,3.5,4.32,3.37,3.43,3.8,3.29,4.77,3.92,3.76,3.32,3.57,3.26,3.91
ACSS3,3.95,3.9,3.99,3.94,4.02,4.42,4.25,3.86,4.18,3.94,4.11,4.31,4.05,4.52,3.81,4.13,4.06,3.87,4.03,3.87,4.04,4.21,3.99,4.1,3.92,4.01,4.11,3.99,4.07,4.12,4.29,4.83,3.99,4.12,3.98,3.95,3.98,3.86,5.21,3.92,4.27,4,3.81,5.44,3.83,4.07,4.45,3.75,3.81,4.74
ACSS3,3.62,3.71,3.8,3.88,3.8,3.77,3.85,3.98,3.64,3.78,3.77,3.6,3.56,5.55,3.73,3.77,3.63,3.69,3.56,3.68,4.12,3.64,3.51,3.58,3.56,3.55,3.71,3.64,4.03,4.82,4.06,4.72,3.9,4.11,3.63,3.7,4.19,3.78,3.89,3.65,3.67,3.67,3.99,4.27,3.78,3.93,3.75,4.02,3.81,4.91
ACTA1,4.1,4,4.05,3.87,4.12,4.16,3.85,4.21,4.1,4.07,3.75,4.22,4.11,4.06,4,4.22,4,4.15,3.99,4.01,4.08,3.91,3.78,3.79,4.2,4.06,4.14,3.96,4.16,4.19,6,3.79,3.9,4.07,4.04,3.99,4.02,4.44,4.75,3.98,4.06,4.09,4.01,4.08,4.46,4.54,4.49,4.03,3.95,3.95
ACTA1,5.38,5.15,5.24,5.27,5.02,4.6,5.18,5.65,5.22,5.3,4.78,5.09,5.63,6.15,4.9,5.09,5.11,5.03,5.1,5.26,5.12,5.05,4.96,4.78,4.82,5.1,5.44,5.09,5.14,5.98,4.32,4.78,5.19,5.01,4.69,4.57,5.15,5.05,4.59,5.09,4.66,5.15,5.03,4.02,5.61,5.53,4.96,5.1,5.28,4.6
ACTA1,5.74,5.46,5.9,5.79,5.52,5.26,5.82,5.81,5.46,5.87,5.57,5.66,6.01,5.58,5.71,5.58,5.66,5.63,5.68,6.06,5.84,5.59,5.5,5.7,5.66,5.74,5.78,5.57,6.14,5.54,8.55,5.48,5.6,5.36,5.39,5.44,5.91,5.55,5.41,5.81,5.74,5.58,5.55,5.77,6.09,5.61,5.99,5.65,5.74,5.41
ACTA2,10.6,10.57,10.73,10.72,10.71,10.67,10.72,10.76,10.72,10.6,10.46,10.89,10.97,9.25,11.19,11.1,11.17,10.98,10.89,10.9,11.31,11.3,11.23,11.21,11.21,11.24,10.68,10.5,10.64,11.14,9.02,10.06,10.63,10.71,10.76,11.26,11.23,11.23,10.57,10.63,10.58,10.82,10.88,9.42,10.7,10.62,10.71,10.86,10.85,8.77
ACTA2,4.22,4.69,4.13,4.36,4.19,3.8,4.17,3.64,4.29,4.44,4.01,4.5,4.34,4.74,4.28,3.93,4.29,3.97,3.79,4.01,4.33,4.27,4.42,4.19,4.09,3.87,4.02,4.15,4.23,4.28,5.38,5.2,4.24,4.47,4.17,3.85,3.97,4.24,5.6,3.65,3.85,4.14,3.92,4.2,4.07,3.66,4.15,3.91,4,4.57
ACTA2,3.64,3.56,3.63,3.57,3.52,3.45,3.64,3.52,4.02,3.91,3.83,3.68,3.67,5.84,3.63,3.7,3.7,3.88,3.6,3.8,3.54,4.07,4.3,3.51,3.78,3.78,3.63,3.66,3.64,3.43,3.28,3.65,3.88,3.51,3.8,3.71,3.55,3.69,3.47,3.61,3.49,3.53,3.72,5.47,3.69,3.63,3.82,3.88,3.57,4.17
ACTB,13,13.07,12.86,12.91,12.93,13.04,13.39,12.86,13.15,12.82,12.93,12.96,13.21,12.96,12.68,12.93,12.81,12.87,12.82,12.9,13.12,12.98,13.11,12.79,12.69,13.08,12.91,12.77,13.32,13.8,12.62,12.91,13.03,12.82,12.61,12.52,13.13,12.73,13.32,12.74,13.16,13.05,13.2,12.4,13.25,13.35,12.98,12.96,13.23,11.97
ACTB,12.07,12.07,11.87,12.05,11.9,11.99,12.27,11.94,12.27,11.92,11.88,11.94,12.35,11.89,11.71,12.02,11.97,11.89,11.9,11.95,12.15,12.03,12.25,11.78,11.71,12.11,12.08,11.71,12.17,12.87,11.29,11.81,11.97,11.8,11.79,11.63,12.09,11.8,12.02,11.88,12,12.01,12.05,11.62,12.29,12.34,12.02,11.98,12.3,11.01
ACTB,13.55,13.54,13.49,13.48,13.18,13.31,13.4,13.43,13.59,13.55,13.29,13.51,13.59,12.3,13.42,13.43,13.52,13.61,13.51,13.43,13.58,13.48,13.43,13.46,13.44,13.58,13.52,13.48,13.36,12.98,11.8,12.03,13.46,13.45,13.4,13.37,13.36,13.45,13.31,13.38,13.46,13.44,13.44,12.01,13.59,13.59,13.59,13.49,13.5,12.44
ACTBL2,3.5,3.47,3.18,3.46,3.26,3.44,3.64,3.24,3.34,3.29,3.32,3.48,3.39,3.76,3.53,3.43,3.3,3.35,3.43,3.45,3.46,3.4,3.34,3.31,3.24,3.24,3.21,3.32,3.35,4.83,5.74,4.04,3.42,3.31,3.66,3.25,3.6,3.25,3.99,3.42,3.26,3.46,3.3,3.76,3.21,3.44,3.3,3.2,3.13,3.84
ACTBL2,4.3,4.51,4.01,4.84,4.36,4.07,4.71,4.54,4.58,4.22,4.28,4.34,4.51,5.54,4.37,4.1,4.37,4.25,4.4,4.06,4.03,4.34,4.33,4.45,4.51,4.09,4.18,4.31,4.19,4.19,6.83,4.1,4.25,4.33,4.2,4.55,4.33,4.22,4.13,3.96,3.92,4.44,4.07,4.71,4.24,4.14,4,4.08,4.08,4.75
ACTC1,4.43,4.51,4.68,4.45,4.17,3.74,4.35,4.02,4.46,4.47,4.66,4.66,4.34,5.19,4.38,4.31,4.22,4.35,4.23,4.17,4.22,4.61,4.58,4.38,4.31,4.14,4.19,4.27,4.47,4.44,5.44,4.55,4.22,4.3,4.29,4.25,4.29,4.46,4,4.25,4.3,4.4,4.24,6.63,4.18,3.88,4.04,4.36,4.36,6.04
ACTC1,4.09,4.05,4.02,4.09,4.2,4.42,5.54,4.04,4.1,4.06,4,4.15,4.17,4.76,4.03,4.09,4.12,3.95,4.09,4.12,3.87,4.28,4.18,3.98,4.22,4.16,3.87,4.08,4.2,4.41,4.82,4.06,4.17,4.07,4.3,4.01,4.05,3.93,4.16,3.95,3.81,3.99,3.75,4.76,4.25,4.28,4.3,3.91,4.08,4.23
ACTG1,13.14,13.02,12.95,13.03,12.84,12.98,13.1,12.85,13.11,12.86,12.9,12.97,13.27,10.89,12.82,12.97,12.9,12.95,12.99,12.78,13.08,13.03,13.06,12.83,12.83,13.04,12.97,12.89,13.08,12.69,10.08,10.72,12.96,12.78,12.74,12.74,12.94,12.76,13.04,12.79,13.04,13.18,13.12,11.05,13.09,13.13,12.98,13.05,13.09,10.89
ACTG1,14.11,14.09,14.06,14.09,14.13,14.18,14.33,14.09,14.07,14.1,14.23,14.1,14.15,14.19,14.01,14.11,14.01,14.12,14.07,14.03,14.14,14.16,14.15,14.05,14,14.05,14.09,14.13,14.23,14.25,13.92,13.92,14.14,14.03,14.03,13.91,14.13,13.99,14.3,13.96,14.11,14.18,14.2,14.17,14.1,14.22,14.11,14.12,14.17,14.18
ACTG1,13.73,13.66,13.67,13.74,13.76,13.84,13.89,13.72,13.77,13.67,13.87,13.68,13.77,13.76,13.67,13.76,13.66,13.76,13.72,13.69,13.73,13.78,13.79,13.69,13.69,13.71,13.69,13.73,13.74,13.77,13.29,13.47,13.78,13.65,13.63,13.67,13.79,13.65,14.04,13.74,13.8,13.81,13.78,13.7,13.78,13.87,13.77,13.75,13.75,13.83
ACTG1,13.81,13.74,13.72,13.76,13.81,13.86,14,13.68,13.8,13.72,13.82,13.74,13.94,13.89,13.67,13.79,13.69,13.76,13.74,13.58,13.77,13.84,13.86,13.67,13.64,13.72,13.74,13.75,13.91,14,13.37,13.42,13.73,13.71,13.69,13.63,13.79,13.68,14.01,13.56,13.8,13.88,13.86,13.93,13.8,13.9,13.75,13.77,13.88,13.98
ACTG1,13.06,12.9,12.97,13.08,13.04,13.13,13.27,12.91,13.14,12.9,13.02,12.94,13.2,12.97,12.93,13.04,12.91,13.02,12.93,12.78,13.17,13.12,13.24,12.81,12.89,13.08,12.95,13,13.27,13.4,12.11,12.38,12.94,12.82,12.84,12.84,13.07,12.77,13.28,12.81,13.11,13.23,13.14,13.03,13.17,13.23,13.02,13.16,13.18,12.87
ACTG2,3.75,3.71,3.85,3.53,3.79,3.76,3.88,3.85,3.58,3.69,3.68,3.76,3.66,4.87,3.84,3.51,3.69,3.6,3.58,3.62,3.6,3.76,3.57,3.45,3.73,3.57,3.71,3.76,3.94,5.28,5.74,5.33,3.44,3.62,3.67,3.63,3.76,3.71,4.3,3.65,4.05,3.66,3.77,6.19,3.76,3.55,3.62,3.53,3.56,4.81
ACTG2,4.79,4.68,4.68,4.78,5.1,4.9,4.53,4.88,5,4.77,4.76,4.76,4.58,5.3,4.72,4.73,4.74,4.54,4.84,4.9,4.86,4.61,4.5,5.09,4.71,4.65,4.7,4.65,4.77,5.22,4.72,5.25,4.56,4.44,4.76,4.45,4.72,4.67,4.64,4.97,4.92,4.9,4.75,4.73,5.03,4.87,5.29,4.69,4.66,5
ACTG2,3.47,3.67,3.64,3.62,4.03,3.73,4.08,4.07,3.6,3.61,3.76,3.63,3.75,3.75,3.92,3.57,3.46,3.85,3.46,3.82,3.32,3.74,3.62,3.66,3.71,3.88,3.79,3.63,3.99,4.17,4.58,4.67,3.53,3.49,3.39,3.77,3.91,3.57,4.39,3.81,3.58,3.55,3.6,3.43,4.26,3.82,3.37,3.46,3.33,3.8
ACTG2,4.91,4.59,4.5,4.9,4.42,4.29,4.42,4.4,4.77,4.76,4.51,5.15,4.73,4.53,4.46,4.92,4.65,4.71,4.45,4.58,4.54,4.58,4.74,4.55,4.86,4.88,4.71,4.57,4.44,4.54,5.36,5.47,4.37,4.44,4.62,4.5,4.48,4.77,4.4,4.39,4.47,4.75,4.8,4.28,4.51,5.12,4.5,4.38,4.6,4.27
ACTG2,5.75,5.6,5.57,5.88,5.47,5.88,6.29,5.78,5.6,5.64,5.43,5.88,5.79,6.35,5.52,5.66,5.57,5.93,5.82,5.85,5.65,5.65,5.63,5.65,5.61,5.44,5.4,5.6,5.67,5.36,5.39,5.5,5.28,5.54,5.72,5.74,5.54,5.7,5.23,5.67,5.33,6,5.74,5.14,5.44,5.67,5.48,5.71,5.71,5.26
ACTL6A,10.75,10.74,10.67,10.73,10.56,10.59,10.04,10.43,10.89,10.78,10.76,10.71,10.63,10.36,10.61,10.36,10.61,10.72,10.69,10.69,10.39,10.42,10.44,10.31,10.31,10.39,10.65,10.78,10.62,10.06,9.92,10.38,10.36,10.33,10.45,10.52,10.39,10.39,10.19,10.53,10.65,10.27,10.44,10.16,10.6,10.43,10.53,10.64,10.64,10.4
ACTL6B,3.76,3.79,3.53,3.6,3.79,3.74,4.63,3.84,3.7,3.61,3.92,3.84,3.82,4.18,4.24,3.7,3.7,3.88,3.59,3.78,3.85,3.76,3.71,3.73,3.9,3.59,3.8,3.76,3.82,4.89,4.64,4.28,3.89,3.66,3.83,3.55,4.11,3.5,4.49,3.76,3.64,3.64,3.66,4.78,3.74,4.5,4.13,3.77,3.78,4
ACTL7A,3.83,4.13,4.18,3.99,4.41,4.36,4.04,4.05,4.13,4.18,4.13,4.05,4.03,4.87,4,4.03,4.11,4.07,4.03,4.06,4.05,4.22,3.93,3.98,4.09,4.19,4.09,4.67,4.46,4.59,4.5,5.31,4.09,4.04,4.13,3.98,4.26,4.11,4.97,4.63,4.18,4.27,4.2,5.2,4.06,4.03,3.77,4.07,3.9,4.45
ACTL7B,3.56,3.99,3.91,3.84,4.06,3.86,4.83,4.3,3.96,3.87,4.05,4.08,3.85,4.24,3.93,3.96,3.87,4.13,3.69,3.9,3.95,4,3.98,3.77,4.16,4.03,3.69,3.72,3.76,4.21,4.15,4.12,4,3.97,3.86,3.86,4.15,4.29,4.81,4.04,3.92,3.75,4.3,4.17,3.97,4.29,4.5,3.94,3.76,5.21
ACTL8,4.72,4.84,4.71,4.68,4.3,4.65,4.93,5.27,4.73,4.52,4.83,4.66,4.57,6.55,4.8,5.03,4.78,4.77,4.57,4.66,4.86,4.78,4.76,4.67,4.56,4.54,4.89,5.09,4.56,4.47,5.11,6.02,4.46,4.34,4.82,4.76,4.1,4.77,4.56,4.68,4.48,4.62,4.8,6.37,4.3,4.57,4.92,4.59,4.66,5.97
ACTL9,4.59,4.55,4.7,4.47,5.02,4.81,5.59,5.12,4.57,4.43,4.44,4.6,4.44,6.27,4.73,4.49,4.53,4.74,4.68,4.79,4.75,4.98,4.48,5.04,4.56,4.51,4.43,4.68,5.18,6.42,5.72,5.16,4.62,4.85,4.68,4.39,4.8,4.61,5.14,4.75,4.61,4.72,4.66,5.96,4.8,4.88,4.7,4.95,4.52,5.34
ACTN1,11.14,11.13,11.12,11.18,11.04,11.06,10.79,10.84,11.27,11.01,11.34,11.26,11.21,10.86,11.15,10.89,11,10.9,10.99,10.92,11,11.25,11.62,11.03,11.08,11.13,11.04,11.15,11.12,10.8,8.95,9.97,10.77,10.9,10.98,11.07,10.91,11.02,11.07,11.22,11.34,10.82,10.62,10.53,11.1,11.17,11.2,11.21,11.32,10.66
ACTN1,10.36,10.46,10.36,10.26,10.4,10.43,10.2,10.49,10.34,10.38,10.43,10.27,10.2,10.01,10.45,10.25,10.29,10.27,10.25,10.2,10.37,10.47,10.49,10.41,10.44,10.31,10.36,10.28,10.32,9.68,9.72,8.97,10.23,10.22,10.36,10.46,10.23,10.27,10.2,10.69,10.56,10.09,10.11,8.61,10.49,10.69,10.52,10.28,10.21,9.5
ACTN1,8.62,8.67,8.7,8.49,8.68,8.85,8.72,8.88,8.47,8.69,8.51,8.47,8.3,7.49,8.62,8.6,8.54,8.44,8.6,8.45,8.74,8.68,8.7,8.71,8.85,8.65,8.8,8.46,8.52,7.01,7.43,5.92,8.85,8.63,8.76,8.57,8.8,8.51,8.45,9,8.96,8.28,8.21,7.18,8.9,9.03,8.99,8.65,8.57,6.99
ACTN1,8.93,8.79,9.07,8.71,8.92,9.19,8.63,9.14,8.67,8.97,8.58,8.68,8.56,6.8,8.78,8.9,8.77,8.93,8.81,8.68,9.12,9.04,8.95,8.96,8.98,9.04,9.01,8.61,8.84,6.42,6.05,6.47,9.16,8.88,8.97,9.02,8.85,8.75,9.24,9.09,9.13,8.71,8.57,7.08,9.15,9.11,9.19,8.8,8.78,7.23
ACTN1,8.02,7.08,7.59,7.4,6.54,6.73,7.15,7.73,7.48,7.59,6.56,7.33,7.25,6.07,7.75,7.61,7.46,7.68,7.57,7.77,7.81,7.61,6.94,7.75,7.61,7.76,7.59,7.57,7.09,3.68,5.81,5.35,7.82,7.76,7.64,7.65,7.05,7.54,7.65,7.88,7.59,6.82,6.7,4.96,7.61,7.35,8.04,7.44,7.14,6.31
ACTN1,6.86,6.06,6.66,6.39,5.66,5.88,6.3,6.97,6.61,6.69,5.34,6.57,5.96,4.92,6.45,6.71,6.49,6.7,6.6,6.56,6.79,6.43,5.85,6.75,6.68,6.73,6.7,6.59,6.14,6.44,5.23,5.34,6.93,6.9,6.64,6.58,6.26,6.46,5.01,6.76,6.86,6.34,5.56,4.88,6.5,6.21,6.61,6.43,6.25,4.9
ACTN1,4.08,3.86,4,4.03,4.05,4.11,4.44,4.01,3.97,4.03,3.96,4.01,3.85,4.3,4,4.21,3.93,3.94,3.9,4.35,4.14,3.95,3.72,3.98,3.7,4.15,4.12,4.06,3.88,3.93,4.05,4.29,4.27,4.27,4.25,4.07,4.14,4.02,3.84,3.93,4.41,3.89,3.97,4.07,4.21,3.94,4.29,3.95,3.88,4.05
ACTN2,3.42,3.69,3.38,3.46,3.68,3.75,3.61,3.45,3.53,3.56,3.64,3.67,3.62,5.31,3.57,3.72,3.51,3.51,3.81,3.6,3.38,3.52,3.6,3.41,3.31,3.71,3.37,3.62,3.58,3.69,4,6.18,3.41,3.41,3.68,3.78,3.75,3.44,3.73,3.51,3.46,3.65,3.28,4.13,3.96,3.98,3.63,3.77,3.65,3.97
ACTN2,3.88,3.87,3.76,3.9,4.32,3.62,4.31,3.82,3.73,3.83,3.79,3.84,3.77,4.72,3.93,3.76,3.77,3.97,3.78,3.55,3.93,3.86,3.7,3.75,3.74,3.68,3.66,3.73,3.97,5.03,5.39,4.74,4.04,3.68,3.9,3.87,4.15,3.7,4.06,3.85,3.76,3.71,3.98,3.76,3.83,3.74,3.9,3.94,3.91,3.81
ACTN2,3.28,3.45,3.69,3.41,3.66,3.54,3.5,3.42,3.54,3.48,3.59,3.52,3.42,4.57,3.44,3.52,3.43,3.41,3.36,3.42,3.41,3.48,3.72,3.36,4.01,3.35,3.46,3.66,3.7,4.58,6.26,5.56,3.37,3.26,3.38,3.39,3.44,3.33,3.74,3.44,3.35,3.46,3.64,4.53,3.29,3.35,3.54,3.5,3.41,6.22
ACTN2,4.58,4.86,4.2,4.38,4.44,4.24,4.55,3.87,4.65,4.6,4.61,4.88,4.81,4.42,4.11,4.31,4.22,4.17,4.48,4.17,4.72,4.7,4.38,4.18,4.16,4.02,4.13,4.08,4.55,4.81,4.3,4.29,4.57,4.42,4.34,4.21,3.93,3.98,4.37,4.36,4.24,4.13,4.33,5.48,4.55,4.04,4.06,4.4,4.23,4.5
ACTN2,4.05,4.05,4.04,4.37,4.66,3.85,4.1,4.41,3.76,3.68,3.95,3.9,3.87,4.21,4.18,3.95,3.9,4.1,3.87,4.01,3.85,3.96,3.87,4.08,3.86,3.96,3.92,4.05,3.91,4.06,4.95,3.82,3.54,4.13,4.29,3.92,3.7,3.9,3.99,3.87,3.77,4.02,3.76,4.56,3.81,4.11,3.82,3.89,3.8,4.17
ACTN2,4.19,4.12,3.89,3.93,4.09,4.45,4.07,3.7,3.98,4.12,4.02,4.18,4.09,5.43,4.27,3.88,4.15,4.22,3.9,4.13,4.13,4.14,4.05,3.86,4.47,3.73,3.89,4.06,4.33,4.2,5.75,4.92,3.81,3.62,4.2,4.34,3.96,4.08,4.21,3.96,3.8,4.05,3.94,5.23,3.77,3.68,4.21,4.43,3.85,4.93
ACTN3,4.4,4.87,4.33,4.54,4.47,4.57,5.26,4.56,4.59,4.5,4.75,4.68,4.73,5.11,4.29,4.54,4.51,4.49,4.36,4.32,4.61,4.61,4.61,4.45,4.49,4.44,4.52,4.48,4.77,5.41,4.39,4.44,4.8,4.75,4.46,4.48,4.45,4.29,5.07,4.31,4.48,4.37,4.77,5.93,4.27,4.44,4.23,4.34,4.84,5.22
ACTN4,10.62,10.66,10.71,10.58,10.83,10.91,11.04,10.95,10.5,10.67,10.68,10.55,10.48,10.8,10.68,10.83,10.6,10.79,10.71,10.73,10.78,10.79,10.92,10.78,10.75,10.7,10.79,10.61,10.94,11.21,10.63,11.16,10.49,10.62,10.54,10.73,10.85,10.88,10.71,10.79,10.82,10.78,10.83,10.41,10.49,10.58,10.61,10.66,10.86,10.4
ACTN4,6.48,5.62,6.12,6.09,5.95,5.86,6.11,6.39,6.35,6.35,5.61,6.23,6.09,6.61,6.13,6.36,6.12,6.47,6.68,6.55,6.24,6.19,6.02,6.59,6.09,6.29,6.14,6.07,6.17,5.1,6.14,6.03,6.25,5.82,6.3,5.8,5.93,6.25,5.52,5.94,6.17,5.94,5.69,5.75,5.84,5.6,5.62,6.03,6.02,6.33
ACTN4,7.53,6.83,7.51,7.12,6.34,7.02,7.54,7.57,7.21,7.26,5.94,7.14,6.91,6.34,7.16,7.53,6.94,7.64,7.31,7.68,7.54,7.26,6.55,7.41,7.38,7.82,7.07,7.31,6.68,5.39,5.39,7.67,7.47,7.36,7.26,7.24,6.65,7.51,6.69,7.06,7.13,6.8,6.83,5.19,6.19,6.8,6.97,6.85,6.69,6.55
ACTN4,10.37,10.53,10.49,10.4,10.52,10.58,10.6,10.86,10.13,10.47,10.48,10.25,10.24,10.53,10.4,10.56,10.35,10.59,10.49,10.48,10.46,10.53,10.69,10.53,10.53,10.47,10.55,10.31,10.63,10.77,10.34,10.93,10.22,10.33,10.2,10.53,10.56,10.55,9.96,10.52,10.42,10.52,10.56,10.56,10.19,10.28,10.41,10.4,10.61,10.28
ACTN4,11.57,11.55,11.69,11.61,11.83,11.91,12.02,11.84,11.48,11.59,11.73,11.66,11.62,12.6,11.6,11.7,11.6,11.76,11.78,11.65,11.69,11.75,11.85,11.77,11.76,11.73,11.67,11.52,11.74,12.04,12.82,12.61,11.53,11.52,11.59,11.79,11.9,11.75,11.82,11.76,11.7,11.73,11.68,12.45,11.49,11.59,11.55,11.69,11.78,12.19
ACTR10,10.5,10.54,10.48,10.48,10.27,10.36,10.21,10.31,10.57,10.61,10.55,10.69,10.76,9.06,10.69,10.63,10.62,10.45,10.47,10.52,10.78,10.75,10.68,10.63,10.66,10.68,10.54,10.57,10.49,10.13,8.41,8.79,10.68,10.72,10.78,10.66,10.59,10.69,10.09,10.57,10.55,10.46,10.41,9.73,10.53,10.3,10.45,10.48,10.55,9.54
ACTR10,6.77,6.4,6.59,6.74,6.59,6.51,5.27,6.89,6.77,6.73,7.13,6.91,6.64,7.79,7.2,6.91,7.2,6.87,6.96,7.4,7,7.12,7.17,7.1,7.15,7.12,6.88,6.79,6.52,5.61,6.29,6.02,6.64,6.73,6.77,7.27,6.57,7.05,4.84,6.9,6.63,6.68,6.66,7.44,6.95,6.46,7.02,6.71,6.7,6.86
ACTR1A,8.89,8.76,8.94,8.83,8.9,8.77,8.37,8.96,8.85,8.9,8.82,8.94,8.78,7.38,8.95,8.82,9.08,8.98,9,8.99,8.98,8.95,8.86,9.18,9.02,9.02,8.92,8.89,8.86,7.62,5.8,5.56,9.04,8.94,8.98,8.88,8.87,8.94,8.56,8.89,8.73,8.59,8.65,7.09,8.96,8.92,9.02,8.83,8.77,7.56
ACTR1A,9.99,10.05,10.23,10.19,10.45,10.34,10.4,10.19,10.01,10,10.12,10.02,10.12,9.41,10.26,10.39,10.26,10.26,10.22,9.92,10.35,10.32,10.3,10.4,10.25,10.17,10.22,10.05,10.29,10.69,8.96,9.64,10.15,10.13,10.09,10.38,10.39,10.39,10.23,10.14,10.3,10.23,10.2,8.81,10.24,10.28,10.23,10.26,10.29,8.6
ACTR1A,9.36,9.15,9.38,9.26,9.2,9.42,9.09,9.17,9.27,9.17,9.19,9.26,9.22,8.49,9.46,9.46,9.31,9.46,9.42,9.44,9.4,9.35,9.4,9.58,9.62,9.44,9.29,9.29,9.24,8.92,6.59,8.08,9.37,9.25,9.4,9.46,9.2,9.36,8.8,9.2,9.34,9.14,8.96,7.42,9.43,9.36,9.18,9.16,9.08,7.43
ACTR1A,8,7.97,8.14,7.96,8.26,7.9,7.17,7.84,8.06,8.01,7.75,7.89,7.93,7.64,8.26,8.15,8.28,8.28,8.28,8.33,8.2,8,8.12,8.21,8.2,8.13,7.98,7.93,8.03,7.51,6.59,7.86,8.18,8.08,8.11,8.2,8.18,8.19,7.06,8.13,7.82,7.59,7.96,6.8,8.23,7.75,7.94,7.92,7.94,7.48
ACTR1A,9.05,8.99,9.01,9.02,8.97,8.99,8.96,9.23,9.13,9.1,8.83,9.15,9,8.13,9.14,9.2,9.25,9.32,9.21,9.24,9.24,9.14,9.04,9.17,9.25,9.31,9.05,9.04,8.94,8.35,8.2,9.02,9.18,9.22,9.12,9.14,9.17,9.21,9.13,9.2,9,8.77,9.1,8.76,9.08,8.73,9.24,8.88,8.8,9.02
ACTR1B,9.65,9.4,9.6,9.62,9.78,9.65,9.66,9.8,9.43,9.67,9.6,9.61,9.51,9.91,9.26,9.33,9.28,9.78,9.76,9.71,9.53,9.62,9.71,9.66,9.57,9.44,9.59,9.64,9.68,9.59,8.04,8.49,9.08,9.17,9.27,9.39,9.37,9.52,9.75,9.62,9.6,9.78,9.64,9.12,9.81,9.74,9.78,9.67,9.57,9.33
ACTR1B,9.87,9.94,9.93,9.89,9.9,9.9,9.45,9.84,9.77,9.87,9.84,9.84,9.66,10.16,9.54,9.63,9.54,9.94,10,10.12,9.84,9.81,10.03,9.81,9.92,9.77,9.81,9.84,9.89,9.52,8.44,9.88,9.36,9.42,9.46,9.8,9.61,9.8,9.76,9.85,9.89,9.96,9.81,9.36,9.93,9.95,10.11,9.82,9.87,9.51
ACTR2,11.57,11.53,11.33,11.47,10.98,11.08,11.04,11.17,11.73,11.57,11.35,11.52,11.73,10.13,11.39,11.33,11.47,11.47,11.56,11.61,11.38,11.48,11.54,11.36,11.38,11.5,11.37,11.52,11.28,9.97,8.59,9.36,11.2,11.23,11.25,11.22,11.04,11.33,10.99,11.24,11.31,11.08,11.02,8.99,11.28,11.22,11.38,11.49,11.47,9.71
ACTR2,11.31,11.42,11.17,11.29,11.11,11.17,11.16,11.04,11.51,11.28,11.34,11.35,11.55,11.17,11.11,11.25,11.26,11.32,11.36,11.37,11.36,11.29,11.59,11.13,11.17,11.31,11.29,11.22,11.37,11.23,10.55,10.96,11.08,11.07,11.04,11.09,11.19,11.08,11.31,11.11,11.26,11.23,11.15,10.94,11.38,11.4,11.27,11.28,11.51,10.37
ACTR2,9.34,8.23,8.96,9.06,7.56,7.58,8.52,8.14,9.2,8.88,8.03,9.12,8.94,6.29,9.2,9.11,9.08,8.99,8.99,9.31,8.75,8.88,7.85,9,8.93,9.07,8.61,8.97,7.92,5.09,8.23,5.8,9.03,8.82,9.09,8.89,7.52,8.77,8.74,8.51,8.68,7.82,7.5,4.35,8.87,8.02,8.6,8.81,8.42,6.57
ACTR2,8.62,7.75,8.31,8.2,7.18,7.27,6.73,7.72,8.49,8.23,7.43,8.28,8.22,5.53,8.3,8.28,8.38,8.34,8.29,8.57,8.24,8.14,7.23,8.38,8.14,8.22,8.12,8.32,7.66,5.81,6.61,4.98,8.38,8.25,8.24,8.2,7.41,8.16,6.74,7.53,7.71,7.47,7,6.42,8.08,7.42,8.09,8.04,7.95,6.13
ACTR2,10.94,10.76,10.75,10.82,10.59,10.63,10.7,10.8,10.98,10.89,10.68,10.9,10.9,9.94,10.68,10.62,10.84,11.09,11.04,11.18,10.84,10.9,10.79,10.83,10.8,10.91,10.75,10.76,10.65,10.27,8.86,10.37,10.72,10.64,10.7,10.72,10.58,10.75,10.55,10.7,10.85,10.67,10.6,9.58,10.79,10.83,10.93,10.85,10.74,9.63
ACTR2,9.74,9.31,9.48,9.4,9.02,9.01,9.07,9.36,9.61,9.59,9.07,9.56,9.54,8.4,9.56,9.51,9.62,9.51,9.54,9.87,9.59,9.25,9.09,9.5,9.55,9.7,9.37,9.49,9.27,7.18,6.1,7.5,9.84,9.66,9.6,9.47,9.13,9.45,8.29,9.52,8.98,8.52,8.47,7.17,9.53,9.07,9.13,9.4,9.25,8.07
ACTR2,9.57,8.66,9.38,9.25,8.97,8.62,9.08,9.08,9.41,9.26,8.62,9.3,9.35,8.49,9.29,9.38,9.3,9.34,9.28,9.79,9.26,9.15,8.53,9.26,9.17,9.36,9.08,9.21,8.66,7.31,7.23,5.64,9.55,9.29,9.48,9.15,8.73,9.27,9.16,9.06,9.02,8.49,8.35,7.71,9.4,8.92,9.11,9.12,8.8,7.66
ACTR2,3.39,3.39,3.37,3.55,3.37,3.54,3.62,3.5,3.56,3.45,3.73,3.46,3.54,4.51,3.43,4.15,3.88,3.7,3.49,3.54,3.51,3.36,3.28,3.3,3.71,3.33,3.55,3.43,3.43,4.45,3.75,3.52,3.46,3.76,3.83,3.44,3.61,3.39,3.63,3.55,3.65,3.64,3.81,3.56,3.33,3.44,3.35,3.48,3.4,4.09
ACTR2,3.77,3.65,3.53,3.89,3.74,3.9,3.86,3.68,3.53,3.61,3.76,3.7,3.57,3.63,3.54,3.83,3.58,3.8,3.63,3.62,3.64,3.73,3.54,3.38,3.66,3.67,3.52,3.75,3.87,3.86,4.14,4.29,3.74,3.83,3.54,3.63,3.59,3.98,4.19,3.62,3.92,3.47,3.63,3.77,3.96,3.53,3.85,3.57,3.77,5.32
ACTR2 /// LOC284441,8.88,8.4,8.5,8.47,7.96,8.06,7.77,8.24,8.77,8.61,8.21,8.67,8.61,6.83,8.71,8.53,8.73,8.68,8.64,8.95,8.64,8.54,8.29,8.92,8.55,8.62,8.53,8.66,8.2,6.01,5.77,7.21,8.86,8.64,8.7,8.6,8.04,8.49,6.84,8.59,8.48,7.8,8.14,6.12,8.72,7.92,8.31,8.63,8.51,6.89
ACTR2 /// LOC284441,8.84,8.43,8.56,8.42,8.27,8.19,8.31,8.56,8.65,8.65,8.42,8.64,8.67,7.25,8.71,8.5,8.71,8.66,8.68,8.87,8.74,8.39,8.17,8.66,8.54,8.73,8.53,8.57,8.3,7.19,7.18,7.83,8.73,8.78,8.72,8.51,8.25,8.55,8.28,8.57,8.52,7.85,8,7.46,8.58,8.38,8.28,8.46,8.49,6.79
ACTR3,11.94,11.97,11.92,11.93,11.89,11.92,11.77,11.91,12.04,11.94,12.02,12.04,12.06,11.82,11.9,11.93,11.85,12.11,12.08,12.04,11.94,12.04,11.98,11.9,11.89,12.01,11.9,11.94,11.95,11.95,11.42,11.73,11.8,11.76,11.81,11.85,11.82,11.86,11.83,11.95,11.99,11.97,11.93,11.73,12,11.97,12,12.07,12.06,11.63
ACTR3,11.09,10.85,10.75,10.92,10.05,10.18,10.48,10.66,11.03,10.95,10.32,11.04,11.22,9.29,10.71,10.78,10.81,10.94,11.02,11.02,11.06,10.77,10.61,10.69,10.81,10.98,10.73,10.73,10.42,9.87,6.5,8.4,10.69,10.72,10.65,10.67,10.4,10.78,10.28,10.62,10.65,10.46,10.48,8.98,10.68,10.52,10.78,10.94,10.9,9.04
ACTR3B /// LOC100290215,7.51,7.37,7.75,7.8,7.75,7.43,6.76,7.75,7.64,7.85,7.49,7.6,7.28,6.91,7.42,7.23,7.66,7.48,7.48,7.59,7.75,7.7,7.48,7.5,7.51,7.52,7.83,7.77,7.36,7.66,6.94,7.01,7.23,7.61,7.53,7.51,7.18,7.67,6.31,7.69,7.61,7.54,7.61,6.12,7.55,7.54,7.82,7.77,7.79,7.8
ACTR5,8.22,8.01,8.3,8.43,8.26,8.51,8.04,8.12,8.27,8.3,8.52,8.25,8.18,6.84,8.05,8.17,8.16,8.25,8.2,8.29,8.29,8.06,8.16,8.03,7.95,8.24,8.3,8.2,8.45,7.7,5.01,7.59,8.03,7.99,8.08,8.27,8.24,8.05,8.57,8.25,8.34,8.34,8.17,5.96,8.27,8.09,8.3,8.25,8.44,7.41
ACTR6,9.36,9.34,9.15,9.34,8.92,9.08,8.66,9,9.51,9.29,9.39,9.31,9.36,8.39,9.13,8.95,9.23,9.14,9.2,9.26,9.2,9.28,9.33,9.13,9.02,9.24,9.22,9.31,9.06,9,6.56,8.3,9.05,8.98,8.91,9.03,8.94,9.06,8.67,9.11,9.19,8.82,8.91,7.13,8.9,8.82,8.86,9.29,9.42,8.14
ACTR6,7.32,7.07,7.14,7.47,6.9,6.64,5.87,7.09,7.46,7.18,6.86,7.56,7.86,6.85,7.24,6.93,7.33,7.03,7.09,7.29,7.28,7.13,7.18,6.72,6.9,7.21,7.17,7.41,7.32,6.44,5.9,6.58,7.1,6.93,6.93,7.12,6.82,6.78,7,7.08,7.25,6.99,6.95,6.97,6.73,6.83,6.86,7.26,7.21,6.41
ACTR6,8.1,7.96,7.7,7.89,7.67,7.38,7.34,7.8,8.13,7.89,7.75,8.13,8.07,5.98,7.92,7.68,7.76,7.65,7.83,7.93,7.87,7.53,7.74,7.77,7.86,7.68,7.78,8.03,7.88,7.75,6.07,5.49,7.67,7.67,7.73,7.8,7.27,7.75,7.16,7.73,7.67,7.68,7.4,5.91,7.42,7.56,7.66,7.95,7.82,6.98
ACTR8,7.5,7.71,7.61,7.66,7.38,7.52,7.09,7.5,7.68,7.68,7.83,7.77,7.75,7.47,7.81,7.45,7.78,7.53,7.64,7.49,7.71,7.77,7.86,7.46,7.56,7.51,7.96,7.68,7.54,6.82,7.42,7.45,7.85,7.75,7.8,7.71,7.59,7.39,8.07,7.66,7.59,7.77,7.69,7.13,7.54,7.54,7.5,7.69,7.78,7.28
ACTR8,7.85,7.44,7.88,7.7,7.43,7.69,7.52,7.61,7.77,7.76,7.55,7.65,7.78,6.11,7.96,7.59,7.77,7.76,7.71,7.81,7.94,7.87,7.71,7.64,7.76,7.84,7.79,7.77,7.69,5.82,6.86,6.79,8.14,8.11,8.08,7.67,7.62,7.84,7.83,7.83,7.63,7.85,7.87,6.78,7.82,7.67,7.58,7.81,7.91,6.9
ACTRT1,3.72,3.54,4.04,3.57,4.24,4.19,4.32,3.77,3.68,3.7,3.96,3.71,3.76,4.87,4.09,3.86,3.93,3.75,3.79,3.73,3.79,3.76,3.63,4.01,3.78,3.75,3.77,3.69,4.05,5.11,7.16,4.69,3.62,3.8,3.87,4,3.86,3.82,4.34,3.59,3.87,3.74,3.66,5.18,3.81,3.93,3.92,3.98,3.71,4.1
ACTRT2,4.59,4.6,4.61,4.71,4.63,4.73,4.84,4.65,4.46,4.58,4.49,4.33,4.38,4.87,4.34,4.46,4.9,4.68,4.37,4.74,4.64,4.63,4.59,4.39,4.43,4.42,4.36,4.5,4.54,6.23,4.19,4.45,4.41,4.48,4.31,4.45,4.45,4.6,4.82,4.73,4.52,4.68,4.47,4.6,4.62,4.49,4.66,4.35,4.63,5.11
ACVR1,5.48,5.29,5.37,5.7,5.16,5.17,4.24,5.33,5.63,5.75,5.64,5.37,5.41,5.24,5.13,4.85,5.07,5.39,5.45,5.36,5.09,5.39,5.46,5.31,5.2,5.53,5.23,5.55,5.34,5.06,5.49,4.79,5.28,5.21,5.26,5.26,4.92,5.09,4.57,5.36,5.41,5.49,5.02,5.77,5.35,5.73,5.42,5.61,5.55,5.1
ACVR1,7.41,7.65,7.63,7.22,6.78,7.36,6.45,6.79,7.59,7.22,7.74,7.3,7.44,6.81,6.86,6.57,7.12,7.03,7.04,7.11,7.18,7.27,7.8,7.19,7.01,7.2,7.23,7.3,7.39,6.65,6.65,6.45,6.96,7.23,7.08,7.08,6.85,6.62,6.64,7.16,7.22,7.14,7.03,7.11,7.4,7.37,7.3,7.24,7.37,6.49
ACVR1,6.24,6.06,6.05,6.32,5.68,5.45,5.29,6.14,6.12,6.46,5.62,6.27,6.44,4.46,5.67,5.37,5.66,6.25,6.08,5.83,5.72,6.2,5.67,6.25,6.19,5.94,5.96,6.44,5.91,5.75,4.92,3.36,5.96,6.13,5.69,5.69,5.48,6.11,4.75,6.21,5.65,5.86,5.92,3.73,6.53,6.54,6.32,6.12,5.9,5.22
ACVR1,5.52,5.8,5.59,5.76,5,5.38,4.56,5.6,5.52,5.81,5.67,5.82,5.69,6.52,5.4,5.41,5.47,5.78,5.42,5.73,5.65,5.75,5.48,5.65,5.67,5.53,5.49,5.86,5.6,4.07,5.11,6.33,5.61,5.67,5.75,5.46,5.92,5.52,4.27,5.03,5.63,5.76,5.45,5.1,5.17,5.47,5.67,5.59,5.47,6
ACVR1B,7.43,7.63,7.67,7.78,7.6,7.48,6.6,7.59,7.38,7.71,7.37,7.34,7.19,7.94,7.09,6.78,6.96,7.53,7.57,7.7,7.16,7.27,7.35,7.05,7.19,6.96,7.55,7.73,7.62,7.54,7.06,8.55,6.83,6.95,7,6.8,6.69,6.87,6.99,7.76,7.83,8.07,8.15,7.73,7.54,7.78,7.45,7.81,7.68,7.61
ACVR1B,4.06,4.25,4.05,4.07,3.65,4.01,4.88,3.71,4.04,4.14,4,4.22,4.08,4.22,3.67,4.12,3.72,4.07,3.96,4.05,3.83,3.88,3.91,3.56,4.43,3.95,4.12,4.05,4.25,4.52,5.78,5.08,4.23,4,3.93,3.83,3.83,3.84,3.75,4.1,4.26,4.01,4.15,4.76,4.38,4.12,4.4,4.04,3.89,4.55
ACVR1B,5.38,5.34,5.61,5.46,5.25,5.33,5.17,5.4,5.58,5.55,5.5,5.67,5.44,6.66,5.59,5.48,5.31,5.51,5.91,5.67,5.18,5.52,5.33,5.22,5.38,5.1,5.49,5.76,5.83,4.86,4.66,5.31,5.17,5.15,5.29,5.38,5.27,5.18,4,5.61,5,5.53,5.69,5.39,5.49,5.47,5.67,5.97,5.35,7.43
ACVR1B,4.15,4.04,4.42,4.39,4.52,4.6,4.91,4.27,4.4,4.19,4.39,4.54,4.4,4.63,4.27,4.22,4.15,4.35,4.14,4.28,4.29,4.48,4.32,4.22,4.37,4.29,4.23,4.77,4.39,5.35,5.86,5.12,4.39,4.49,4.21,4.26,4.15,4.05,4.64,4.38,4.24,4.41,4.6,4.47,4.43,4.52,4.41,4.34,4.59,4.81
ACVR1B,3.99,3.98,3.88,4.1,4.01,4.49,3.77,4.05,4.02,3.84,4.13,3.92,3.93,4.11,3.94,4.68,4,4.22,4.23,4.37,3.9,4.11,4.07,4.35,4.12,3.82,3.8,4.13,3.91,3.57,5.17,3.87,4.08,4.18,3.92,4.06,4.01,4.25,4.66,4.33,4.02,4.35,4.25,4.41,4.19,4,3.83,4.42,3.92,4.42
ACVR1C,4.33,4.13,4.91,4.48,4.14,4.13,4.41,4.2,4.54,4.09,4.8,4.15,4.17,5.85,4.48,4.26,4.38,4.13,4.39,4.33,4.13,4.28,4.58,4.06,3.88,4.44,4.4,4.28,4.18,5.3,4.83,4.55,3.88,4.34,4.28,4.1,4.2,3.93,4.54,4.31,3.99,3.97,4.19,5.39,4.08,3.96,4.08,4.14,4.14,4.36
ACVR1C,5.18,5.33,5.41,5.19,6.08,4.93,5.01,4.64,5.16,5.42,5.5,5.22,4.84,6.5,5.33,5.58,5.54,5.35,5.32,6.13,4.68,4.96,5.39,5.52,5.49,4.84,5.26,5.14,5.47,4.3,5.35,5.49,5.44,4.93,5.18,5.29,5.23,5.03,5.78,5.41,5.45,5.67,4.94,5.59,5.06,5.46,5.53,5.09,5.4,7.15
ACVR1C,4.27,4.46,3.95,4.16,4.1,3.97,4.64,3.79,4.13,4.16,4.21,4.3,4.44,4.54,4.13,4.05,4.35,3.91,3.84,3.96,4.12,4.13,4.14,3.77,3.96,4.21,3.74,4.1,4.09,4.44,4.66,5.12,4.15,4.05,3.89,3.92,3.86,3.78,4.32,3.76,4.12,3.99,4.02,4.66,3.86,3.82,4.11,4.16,3.98,5.08
ACVR2A,6.53,6.81,6.64,6.3,7.39,6.61,6.56,6.88,6.6,6.64,7.08,6.81,6.41,6.56,6.56,6.46,6.94,6.77,6.66,6.66,6.53,6.98,7.1,6.81,6.95,6.72,6.86,6.9,6.65,6.21,6.17,6.46,6.43,6.79,6.95,6.64,6.87,6.67,6.95,7.06,7.17,6.76,6.8,7.2,7.03,6.8,6.82,6.98,6.92,6.53
ACVR2A,5.98,6.06,6.11,6.38,6.03,6.06,3.96,5.65,5.83,6.07,6.52,5.9,5.93,8.87,5.89,5.97,5.87,5.86,6.2,6.36,6.01,6.16,5.93,6.15,5.99,5.85,5.92,6.05,5.68,4.63,6.18,6.26,6.13,6.04,6.05,5.94,5.88,5.94,5.17,6.31,6,6,6.06,8,6.33,6.17,6.06,5.93,5.74,8.75
ACVR2A,4.53,4.56,4.7,4.8,4.33,4.15,5.64,5.1,4.83,4.61,4.54,4.85,4.65,5.23,4.56,4.68,4.73,4.93,4.72,5,4.65,4.42,4.6,4.7,4.7,5.01,4.64,4.29,4.44,4.54,5.8,6.75,4.79,5.02,4.89,4.12,4.49,4.78,4.49,5.02,4.85,4.46,4.57,6.07,4.78,4.56,4.96,4.93,4.44,5.19
ACVR2B,5.86,5.19,5.76,5.7,5.78,5.62,6.06,6,5.64,5.73,6.15,5.58,5.32,5.67,6.04,5.85,5.93,5.47,5.38,5.87,6.05,5.92,5.98,5.72,5.91,5.92,5.68,5.6,5.98,5.96,5.2,6.37,5.7,5.82,5.95,5.58,6.08,5.44,5.21,5.88,5.83,6.63,6.63,5.12,5.79,6.02,6.34,5.12,5.63,5.34
ACVR2B,6.78,7.08,6.85,6.78,7.15,7.1,6.76,7.04,6.69,6.85,7.11,6.76,6.5,7.21,7.12,7.02,7.06,6.65,6.86,6.83,6.63,6.53,7,7.22,7.33,7.05,6.83,6.84,6.93,6.84,7.6,6.45,6.52,6.69,6.73,7.15,7.44,6.92,6.85,6.92,6.91,7.69,7.78,7.81,7.33,7.38,7.26,6.87,6.82,7.08
ACVRL1,5.16,4.78,4.48,4.81,4.48,5.01,5.47,4.65,4.76,4.94,5.12,5.04,4.92,4.69,4.57,4.85,4.45,4.88,5.12,4.87,4.78,4.8,4.61,4.31,4.12,4.63,4.62,4.98,4.78,3.91,5.47,4.57,4.79,4.94,4.55,4.65,4.96,4.67,4.67,4.57,4.54,4.58,4.37,5.69,4.08,4.37,4.38,4.72,4.92,5.59
ACVRL1,4.12,3.93,3.94,4.14,4.6,4.58,4.3,4.67,3.97,3.99,4.07,4.21,4.05,4.2,4.21,4.34,4.02,4.06,4.15,4.01,3.97,4.26,4.16,4.01,3.96,3.95,4.13,3.91,4.24,4.41,6.91,4.92,4.21,3.95,4.19,4.02,4.24,4.08,5.38,4.33,4.23,4.46,4.07,5.86,4.11,3.96,4.03,4.12,3.99,4.84
ACY1,8.27,8.44,8.79,8.56,8.67,8.74,8.79,8.52,8.42,8.44,8.42,8.39,8.4,7.02,8.24,8.27,8.44,8.52,8.57,8.49,8.63,8.6,8.71,8.35,8.34,8.23,8.6,8.26,8.73,8.11,6.39,7.48,8.44,8.14,8.08,8.36,8.48,8.29,8.04,8.64,8.69,8.43,8.61,7.6,8.54,8.41,8.33,8.46,8.56,7.4
ACY1,6.91,6.81,6.98,7.01,6.71,6.91,6.26,7.19,6.99,7.11,6.69,6.85,6.84,5.28,6.75,7.21,6.87,7.18,7.26,7.46,7.1,7.03,6.83,6.99,7.14,7.05,7.12,7.15,6.83,5.72,4.65,5.01,6.88,6.74,6.79,7.05,6.79,7.07,5.6,7.26,7.07,6.76,7.09,5.31,7.24,6.5,6.88,7.14,7.07,4.8
ACY1,4.36,4.16,4.46,4.17,4.01,4.25,5.01,4.38,4.22,4.4,4.08,4.38,3.92,4.81,4.22,4.16,4.07,4.52,4.11,4.23,4.47,4.5,4.18,4.14,4.4,4.29,4.21,4.43,4.08,4.39,5.71,4.37,4.28,4.11,4.45,4.11,4.42,4.11,5.18,4.6,4.33,4.44,4.85,4.68,4.35,4.34,4.03,4.19,4.43,6.1
ACY1,4.45,4.71,4.51,4.51,4.77,4.84,4.56,4.2,4.4,4.32,5.08,4.92,4.76,5.26,4.74,4.52,4.44,4.7,5.04,4.75,4.9,4.82,4.9,4.33,4.76,4.48,5.21,4.48,4.69,4.19,4.9,4.82,4.86,4.73,4.57,4.43,4.55,4.24,4.6,4.57,4.48,4.72,4.3,5.65,4.42,4.36,4.42,4.46,4.68,5.52
ACY3,4.01,4.14,4.09,4.25,4.2,4.42,4.97,4.35,4.06,4.16,4.22,4.1,4.31,5,4.4,4.08,3.96,4.24,4.33,3.97,4.64,4.08,4.07,4.12,4.42,4.19,4.31,4.44,3.98,6.06,4.99,5.07,4.03,4.22,4.47,4.2,4.09,4.02,6.09,4.32,4.17,4.3,4.39,4.86,4.73,4.14,4.18,4.41,4.14,5.57
ACY3,4.77,4.85,4.6,4.73,4.41,4.58,5.6,4.18,4.57,4.59,4.31,5.05,4.65,4.44,4.54,4.24,4.66,4.89,4.52,4.42,4.41,4.47,4.54,4.47,4.53,4.24,4.53,4.74,4.91,5.9,7.17,5.54,4.58,4.59,4.71,4.59,4.53,4.5,5.16,4.19,4.53,4.63,4.5,5.09,4.55,4.45,4.93,4.69,4.68,5.37
ACY3,4.87,4.59,4.73,4.93,4.84,4.95,4.59,4.9,4.84,4.86,4.97,5.09,4.98,4.87,4.88,4.84,4.74,4.88,4.79,5.14,4.85,4.95,4.84,4.88,4.95,5.04,4.65,4.66,4.86,4.44,6.14,5.83,4.86,4.89,4.9,4.76,4.82,4.4,6.46,4.85,4.84,5.18,5.01,5.84,4.84,4.54,4.91,4.82,5.04,5.15
ACYP1,8.9,9.02,8.6,8.73,8.3,8.71,8.46,8.87,8.9,8.81,8.78,8.54,8.66,7.43,8.3,8.29,8.52,8.84,8.82,8.93,8.13,7.94,8.05,8,8.07,8.25,8.79,8.62,8.87,8.91,6.62,7.27,8.53,8.54,8.26,8.4,8.46,8.44,7.85,8.64,8.61,8.69,8.56,7.44,8.67,8.07,8.29,8.43,8.66,7.73
ACYP2,4.8,5.34,4.66,4.87,4.62,4.79,4.37,4.61,5.01,4.98,5.05,5.05,5.4,4.61,5.5,4.95,5.59,4.61,5.22,4.83,5.29,5.09,6,4.96,5.21,5.43,4.77,4.82,4.92,4.52,4.32,4.67,4.37,4.81,4.41,5.35,4.88,5.14,4.2,4.84,4.55,4.7,4.7,4.62,4.36,4.06,4.33,4.78,5.03,4.62
ADA,4.45,4.64,4.02,4.36,4.46,3.9,4.89,3.87,4.29,4.31,4.43,4.55,4.71,4.71,4.2,4,4.09,4.46,4.29,4.15,4.47,4.34,4.3,4.14,4.14,4.24,4.85,4.18,4.11,4.5,7.62,4.29,4.63,4.4,4.15,4,4.31,4,4.28,4.06,3.96,4.1,3.91,4.34,4.59,4.59,4.31,4.24,4.12,4.08
ADA,3.95,4.39,3.9,3.92,4.02,4.27,3.77,3.75,4.08,4.1,4.4,4.22,4.11,4.71,4.1,4.01,3.99,4.16,3.75,3.97,4.32,4.14,4.28,3.87,4.08,4.04,4.17,3.93,4.19,3.76,4.27,4.16,3.95,4.04,3.86,4.1,3.81,3.88,3.88,3.98,3.66,3.96,4.11,4.23,3.67,3.71,3.84,3.85,3.88,4.3
ADAD1,3.92,3.74,3.59,4.05,3.9,3.8,3.89,3.69,3.88,3.87,3.91,3.75,3.77,4.99,3.91,3.86,3.86,3.81,4.21,3.87,3.79,4.01,3.84,3.65,3.73,3.82,3.94,3.93,3.79,4.16,4.07,5.14,3.76,3.76,3.69,3.77,3.53,3.85,4.05,3.86,3.83,3.44,4,4.34,3.75,3.8,3.91,3.54,3.75,5.63
ADAD2,4.36,4.25,4.38,4.71,4.47,4.34,4.5,4.17,4.59,4.61,4.89,4.52,4.36,5.55,4.35,4.5,4.4,4.42,4.26,4.63,4.45,4.56,4.48,4.69,4.82,4.51,4.28,4.63,4.56,4.37,6.79,4.8,3.91,4.49,4.39,4.95,4.33,4.24,4.66,5.02,4.7,4.93,5.22,5.39,4.29,4.42,4.59,4.24,4.59,5.53
ADAL,6.4,6.01,6.29,6.1,5.94,6.39,5.83,6.47,6.46,6.51,6.34,5.85,5.97,4.72,6.64,6.31,6.43,6.54,6.81,6.53,6.64,6.08,6.57,6.25,6.09,6.56,6.22,6.44,6.37,5.15,5.64,5.02,6.34,6.19,6.38,6.97,6.26,6.3,5.34,6.13,6.34,6.37,6,4.88,5.8,5.8,5.88,5.79,6.02,4
ADAL,5.56,5.79,5.6,5.61,5.34,5.44,5.94,5.78,5.64,5.63,5.92,5.61,5.44,5.57,5.17,5.26,5.31,5.62,5.52,5.82,5.3,5.41,5.84,5.25,5.52,5.29,5.48,5.5,5.47,6.38,5.41,5.31,5.1,5.32,5.1,5.63,5.53,5.34,5.86,5.57,5.45,5.56,5.41,5.54,5.35,5.65,5.62,5.38,5.4,5.64
ADAL,7.04,6.67,7.11,7.02,6.72,7.27,6.8,7.38,6.82,7.06,7.25,7.03,6.77,5.97,6.78,6.55,6.92,7.33,7.07,7.2,7.15,6.95,7.02,7.14,6.86,6.77,7.22,6.96,7.06,5.95,4.48,7.52,7.27,7.15,6.98,7.2,7.23,7.41,6.48,7.06,7.14,6.88,7.2,5.46,6.8,7.12,7.27,6.89,7,6.26
ADAL,6.45,6.28,6.69,6.44,6.85,6.59,6.28,6.53,6.25,6.75,6.74,6.6,6.05,6.17,6.67,6.72,6.45,6.68,6.84,7.05,6.66,6.58,6.42,6.63,6.9,6.22,6.55,6.57,6.3,6.49,4.65,6.5,6.37,6.52,6.52,6.85,6.56,6.65,5.28,6.83,6.6,6.73,6.67,5.99,6.13,6.23,6.68,6.51,6.55,7.48
ADAL,7.24,7.12,7.37,7.1,7.68,8.2,7.79,7.75,7.39,7.39,7.87,7.07,6.76,6.33,7.42,7.49,7.54,7.51,7.87,7.78,7.47,7.63,7.72,7.68,7.42,7.38,7.62,7.65,7.67,5.94,6.55,5.19,7.5,7.45,7.72,8.06,7.65,7.64,6.56,7.52,7.72,7.49,7.61,7.03,7.18,7.3,7.72,7.08,7.23,6.58
ADAM10,8.44,8.41,8.2,8.24,7.3,7.29,6.07,8.12,8.5,8.49,7.89,8.56,8.57,7.16,8.47,8.02,8.36,7.95,7.95,8.27,8.45,8.4,8.02,8.43,8.42,8.36,7.82,8.38,7.56,6.37,5.89,5.4,8.31,8.49,8.43,8.16,7.83,8.4,7.35,8.28,8.1,7.39,7.59,7.73,7.89,7.64,8.17,8.37,7.93,6.97
ADAM10,8.3,8.04,7.92,7.99,7.2,7.65,6.6,7.74,8.35,8.1,7.71,8.14,8.07,6.5,8.23,7.67,8.05,7.62,7.73,7.74,8.07,8.1,8.04,8.28,8.25,8.16,7.63,8.15,7.33,6.22,7.24,6.4,8.22,8.25,8.12,7.89,7.59,7.88,6.48,8.03,8.01,7.43,7.32,4.98,7.9,7.36,7.52,8.02,7.93,6.74
ADAM10,8.26,8.2,8.48,8.31,7.77,7.79,6.32,8.18,8.41,8.34,8.01,8.33,8.36,5.85,8.38,7.97,8.44,7.84,7.85,7.99,8.53,8.31,8.32,8.47,8.47,8.46,8.08,8.19,7.9,8.24,5.51,5.2,8.35,8.43,8.36,8.35,8.09,8.29,7.71,8.43,8.2,7.73,7.8,5.79,8.16,7.25,7.48,8.38,8.36,6.91
ADAM10,7.03,6.37,6.7,6.86,5.54,5.79,6.12,6.77,6.93,6.81,5.9,7.14,6.53,5.72,7,6.76,6.78,6.6,6.81,6.92,6.82,6.83,6.17,7.18,6.94,7.15,6.69,6.74,5.81,6.4,5.07,5.22,7.3,7.14,7.05,6.94,6.58,7.18,5.19,6.73,6.2,6.42,5.73,5.21,6.83,6.45,6.4,6.56,6.43,5.35
ADAM11,3.96,3.96,3.54,3.96,4.22,4,4.05,3.91,3.73,3.97,3.72,4.1,3.93,3.84,3.93,3.7,4.06,3.82,3.88,3.72,4.36,4.05,4.04,4.19,4.32,4.1,4.55,4.05,4.23,6.55,4.51,4.68,4.16,4.24,3.89,3.91,4.46,4.05,4.82,3.88,4.35,3.8,3.94,4.23,4.05,4.01,3.98,4.01,4,5.16
ADAM11,5.89,5.77,5.8,5.73,5.61,5.85,5.83,5.77,5.68,5.45,6.08,5.77,5.63,6.07,5.69,6.09,5.73,5.61,5.65,5.81,5.63,6.02,5.68,5.5,5.72,5.51,5.68,5.57,5.9,5.86,6.1,6.35,5.85,5.79,5.83,5.97,5.85,5.62,6.15,5.81,5.72,5.94,6.3,5.8,5.82,5.94,6.1,5.63,5.86,6.61
ADAM11,3.75,3.79,3.77,3.62,3.86,3.63,4.22,3.71,3.85,3.88,3.78,3.97,3.66,3.75,3.7,3.55,3.9,3.97,3.87,3.66,3.99,4.22,3.81,3.75,3.95,3.77,3.68,3.99,3.89,4.31,5.2,3.87,3.91,3.73,4.01,3.9,4.1,3.81,4.1,4,3.85,4,4.04,4.19,4.05,3.97,3.66,4.01,3.8,4.83
ADAM12,4.04,4.18,4.13,4.39,5.18,4.26,4.82,5.34,4.28,4.16,4.36,4.35,4.04,4.8,4.72,4.9,4.37,4.73,4.11,4.39,4.22,4.34,4.24,4.4,4.16,4.48,4.64,4.42,4.58,5.39,6.54,5.74,4.14,4.59,4.51,4.46,5.11,4.55,4.37,4.98,4.4,4.2,4.87,5.49,4.35,4.17,4.25,4.63,4.49,5.28
ADAM12,4.09,4.65,4.07,4.24,4.47,4.32,4.11,4.46,4.17,4.44,4.55,4.31,4.14,5.51,4.55,4.31,4.42,4.37,4.37,3.99,4.63,4.76,4.58,4.72,4.6,4,4.37,4.78,4.74,3.68,4.28,4.71,4.53,4.58,4.58,4.19,3.86,4.34,4.24,4.06,4.27,4.23,4.22,4.19,4.23,4.46,4.19,4.81,4.2,5.1
ADAM12,4.04,3.95,3.58,4.07,4.04,3.73,3.9,3.7,3.81,3.79,4.12,3.97,3.96,4.96,3.76,4.01,3.63,4.04,3.93,3.74,4.18,3.97,4.25,4.02,3.68,3.75,4.19,3.86,4.21,4.03,5.6,3.95,3.73,3.58,3.72,3.76,4.03,3.93,4.98,3.88,3.65,3.96,4.2,4.14,4.09,4.29,4.11,3.9,3.88,4.91
ADAM12,3.88,4.29,3.78,3.91,4.06,3.96,4.15,3.86,3.76,3.81,4.37,4,4.08,4.68,3.92,3.82,4.01,4.05,3.9,4.12,3.99,3.99,3.93,3.94,3.85,3.87,3.68,3.91,3.61,4.94,6.78,4.71,3.79,3.74,4.2,3.91,3.69,3.86,4.67,3.87,3.79,3.81,3.84,4.38,3.66,3.95,3.96,3.77,3.92,4.25
ADAM12,4.95,5.02,5.08,4.78,5.72,5.37,4.99,4.9,5.02,5.04,5.09,4.74,4.99,5.25,4.83,4.88,4.83,4.73,5.03,5.07,5.06,4.94,4.91,4.66,4.81,5.11,5.03,5.16,5.08,5.68,6.17,4.14,5.01,4.78,4.85,4.81,4.91,4.81,4.89,4.66,4.9,4.96,5.23,5.05,5.11,5.13,4.6,4.55,4.82,5.53
ADAM15,5.61,5.46,6.04,5.68,5.67,6.07,4.75,6.22,5.61,5.58,5.83,5.44,5.58,4.79,5.87,6.16,5.6,5.8,6.02,5.89,5.62,5.39,5.85,5.75,5.71,5.48,5.84,5.7,5.87,4.66,5.57,5.56,5.54,5.53,5.81,5.82,5.92,6.24,5.07,6.2,6.21,6.02,5.83,4.6,5.41,6.2,5.24,5.98,5.89,5.08
ADAM15,5.39,5.43,5.54,5.62,5.99,5.21,4.58,5.96,5.64,5.47,5.54,5.28,5.24,4.93,5.6,5.79,5.66,5.43,5.62,5.6,5.35,5.38,5.45,5.58,5.63,5.6,5.59,5.76,5.31,5.15,4.76,4.7,5.38,5.66,5.51,5.57,5.08,5.68,5.07,6.03,5.89,5.66,5.23,4.98,5.02,5.55,5.48,5.79,5.38,6.49
ADAM15,6.22,6.4,6.5,6.67,6.57,6.4,7,6.64,6.26,6.2,6.37,6.36,6.46,6.27,6.46,6.57,6.15,6.24,6.39,6.65,6.34,6.28,6.33,6.36,6.39,6.21,6.21,6.55,6.27,5.2,6.49,5.83,6.13,6.51,6.71,6.39,6.6,6.61,6.74,6.52,6.52,6.46,6.41,6.43,6.52,6.38,6.32,6.46,6.34,6.13
ADAM15,5.07,5.19,5.35,5.27,5.13,5.07,5.29,5.23,4.97,4.94,5.24,5.28,5.3,4.93,5.1,5.51,5.21,5.18,5.07,4.95,5.49,5.24,5.22,5.01,5,5.02,5.25,4.81,5.31,5.17,4.6,4.97,5.27,5.21,5.28,5.06,5.44,5.23,5.44,4.83,5.44,5.29,5.15,5.27,5.43,4.93,5.07,5.07,5.07,5.16
ADAM15,5.91,6.05,6.34,5.98,6.48,6.48,5.95,6.15,6.18,5.92,6.37,5.85,5.77,5.45,6.3,6.21,6.28,6.1,6.19,6.12,5.68,5.65,6.13,6.1,6.22,5.92,6.33,5.93,6.26,6.04,7.18,5.76,5.99,6.22,6.3,5.98,6.25,6.01,7.07,6.54,6.37,6.36,6.58,6.16,6.25,6.25,6.05,6.32,6.21,6.02
ADAM15,5.53,6.08,5.34,5.86,5.14,5.16,5.68,5.48,5.51,5.63,5.68,5.95,5.84,5.75,5.82,5.4,5.46,5.9,5.44,5.68,5.49,5.55,5.57,5.64,5.51,4.98,5.58,5.56,5.56,5.22,5.48,5.26,5.77,5.65,5.82,5.32,5.66,5.72,5.36,5.68,5.25,5.46,5.37,5.84,5.13,5.06,5.67,5.7,5.44,6.19
ADAM17,6.37,5.95,6.06,6.48,6.52,5.85,5.28,6.77,6.74,6.47,5.98,6.32,6.33,5.9,6.34,6.78,6.98,6.32,6.56,6.34,6.76,6.56,6.26,6.55,6.52,7.02,6.31,6.37,6.31,6.6,5.92,5.53,6.58,6.6,6.44,6.47,6.47,6.92,5.39,6.23,6.64,6.32,6.41,6.03,6.41,6.51,6.46,6.56,6.6,7.09
ADAM17,9.49,9.69,9.6,9.71,9.56,9.67,8.94,9.52,9.78,9.71,9.62,9.63,9.74,9.12,9.64,9.73,9.85,9.45,9.56,9.38,9.95,9.84,9.96,9.81,9.89,9.81,9.64,9.59,9.49,9.01,7.81,8.67,9.38,9.64,9.49,9.74,9.59,9.73,9.25,9.66,9.7,9.6,9.69,9.61,9.56,9.51,9.53,9.71,9.7,9.89
ADAM17,5.14,4.81,4.77,4.98,4.07,4.11,4.31,5.24,5.2,4.86,4.71,5.19,4.86,4.72,5.04,4.79,4.94,4.72,4.73,4.95,4.75,5.07,4.9,5.26,4.75,4.93,4.67,4.77,5.12,3.68,4.3,4.86,5.75,5.04,5.31,4.83,4.07,4.88,3.5,4.67,4.05,4.64,4.62,4,4.07,3.78,4.51,4.56,4.74,5.56
ADAM17,3.62,3.71,3.9,3.61,4.04,3.69,4.35,3.56,3.53,3.51,3.98,3.84,3.65,4.06,3.95,3.61,3.67,3.74,3.45,3.62,3.77,3.64,3.79,4.09,3.88,4.01,3.97,4.02,3.83,5.26,4.66,5.41,4.01,3.62,3.94,3.84,3.8,3.66,4.28,3.73,3.5,3.8,3.89,4.6,3.99,3.74,3.91,3.53,3.65,4.58
ADAM18,3.29,3.61,3.47,3.38,3.61,3.61,4.45,3.84,3.55,3.56,3.59,3.42,3.53,4.96,3.52,3.5,3.54,3.6,3.69,3.57,3.59,3.7,3.43,3.34,3.38,3.55,3.43,3.5,3.48,4.49,5.82,5.19,3.56,3.58,3.64,3.45,3.86,3.62,3.98,3.5,3.36,3.62,3.55,5.8,3.82,3.45,3.54,3.59,3.54,4.7
ADAM18,4.85,5.66,4.71,4.77,5.07,5.15,4.63,4.46,5.18,4.86,5.34,5.25,5.29,5.17,4.44,5.11,4.87,5.19,4.94,4.86,5.11,5.09,4.9,4.64,4.63,4.5,4.89,4.84,5.05,4.41,4.77,5.36,5.29,5.37,5,4.61,5,4.84,4.91,4.91,4.69,4.59,4.73,6.53,4.43,4.65,4.97,4.86,5.18,5.9
ADAM18,3.36,3.56,3.56,3.69,3.6,3.67,3.86,3.43,3.67,3.83,3.88,3.7,3.6,4.05,3.69,3.62,3.27,3.25,3.6,3.19,3.75,3.64,3.83,3.8,3.45,3.61,3.67,3.85,3.58,3.79,4.76,4.77,4.11,3.49,3.6,3.44,3.75,3.53,3.39,3.52,3.64,3.68,3.84,4.85,3.73,3.35,3.3,3.56,3.47,4.48
ADAM19,3.73,4.21,3.82,3.86,4.1,3.73,4.47,4.04,3.86,3.81,3.85,3.89,3.95,4.21,3.75,3.68,3.76,3.65,3.71,3.97,3.9,3.76,3.81,3.66,3.78,3.8,3.75,3.91,3.8,4.54,5.44,5.13,4,3.9,3.81,3.67,3.93,3.59,4.16,3.78,3.73,3.77,3.9,4.15,3.95,3.52,3.75,3.94,3.83,3.98
ADAM19,3.88,3.9,3.94,3.84,3.74,4.23,3.45,4.22,3.8,3.99,3.72,4.02,4.14,3.74,3.89,3.89,3.87,3.95,3.91,3.76,4.09,3.78,3.6,3.89,3.96,3.71,4.09,3.69,3.51,3.96,3.78,3.68,3.69,4.15,3.9,3.76,3.57,3.72,4.43,3.86,4.04,3.55,3.97,3.83,4.14,3.67,3.92,3.95,3.97,6.1
ADAM19,4.71,4.9,5.07,5.14,5.47,4.33,5.75,4.81,4.77,4.56,4.98,4.75,4.78,6.17,4.91,4.75,4.86,4.78,4.75,4.51,4.61,4.66,4.63,4.63,4.67,5,4.85,4.79,4.73,5.75,4.82,6.87,4.98,4.69,4.81,4.73,4.96,4.54,5.21,4.55,4.71,4.65,5.1,6.18,4.88,5.19,4.68,4.42,4.72,7.19
ADAM19,4.12,4.29,4.12,4.55,3.81,4.1,3.94,4.24,4.04,4.12,4.48,4.16,4,4.1,3.97,4.13,4.26,4.08,3.9,4.28,4.27,3.99,4.2,4.03,4.02,4.22,4.31,4.23,3.92,3.83,4.74,3.87,4.12,4.22,4.37,4.4,4.7,4.35,4.14,4.11,4.4,4.19,3.86,3.82,4.07,3.91,3.7,4.13,3.88,5.96
ADAM2,3.78,3.54,3.5,3.37,3.54,3.55,3.99,3.26,3.58,3.73,3.43,3.7,3.63,3.69,3.54,3.62,3.56,3.51,3.46,3.3,3.64,3.65,3.6,3.31,3.39,3.46,3.5,3.38,3.51,4.05,4.04,3.91,3.82,3.59,3.28,3.67,3.56,3.28,3.8,3.39,3.47,3.44,3.49,3.52,3.98,3.46,3.44,3.45,3.83,4.52
ADAM20,4.27,4.32,4.44,4.5,4.15,4.39,4.73,4.48,4.37,4.26,4.46,4.36,4.42,4.93,4.35,4.26,4.04,4.31,4.37,4.23,4.61,4.4,4.42,3.93,4.23,4.02,4.18,4.2,4.54,4.52,5.17,5.04,4.27,4.03,4.34,4.05,4.19,4.09,4.74,4.13,4.44,4.24,4.52,4.73,4.27,4.11,4.38,4.42,4.2,4.75
ADAM21,4.33,4.9,3.91,4.1,4.55,4.25,4.32,4.06,4.07,4.14,4.33,4.34,4.57,5.93,4.09,4.37,4.29,4.22,4.05,4.22,4.4,4.31,4.46,4.16,4.02,4.09,4.24,4.16,4.12,5.19,4.39,4.52,4.21,3.95,4.34,4.09,4.29,4.01,3.94,4.18,3.94,4.42,4.38,5.5,4.47,4.18,4.21,4.17,4.18,4.98
ADAM21 /// ADAM21P,3.82,3.88,4.08,3.91,3.86,4.03,4.15,3.91,3.87,3.78,3.94,3.95,3.67,5.01,3.92,3.75,3.79,4.02,3.94,3.87,3.71,3.87,3.95,3.95,4.03,4.18,4.13,3.73,3.97,3.78,6.62,3.86,3.88,3.83,4.02,3.99,4.13,4.08,3.97,3.86,3.77,4.34,4.04,4.71,3.7,3.95,3.93,3.66,3.92,4.44
ADAM22,5.99,5.82,6.22,5.98,6.05,6.14,6.58,5.8,6.06,5.75,5.63,6.04,5.85,5.89,6.05,5.9,6.37,5.72,5.88,5.67,5.91,6.02,6.14,6.11,5.86,6.11,5.9,5.81,5.88,5.26,5.32,5.45,6.1,6.13,6.15,6.51,6.07,6.34,5.57,5.92,5.95,5.8,5.67,5.51,5.73,5.84,5.43,6.13,5.83,6.59
ADAM22,3.99,4.28,3.91,3.91,4.33,4.12,4.57,3.76,4.06,4.38,4.18,4.21,4.32,4.38,4.21,4.06,3.79,3.97,3.95,4.08,4.42,4.07,4.23,4.22,4.23,4.15,4.38,4.4,4.47,5.05,4.42,3.99,4.15,4.49,4.41,4.07,4.28,3.96,5.03,4.35,4,4.2,4.27,3.9,4,4.41,3.85,3.91,4.18,4.7
ADAM22,6.08,5.61,6.17,5.91,6.45,6.2,5.06,6.09,5.91,5.83,5.63,5.95,5.71,5.59,6.15,6.42,6.24,6.19,5.94,6,6.07,6.24,5.94,6.43,6.44,6.46,6.08,6.29,5.41,4.81,4.9,4.59,6.32,6.82,6.59,6.54,5.96,6.69,5.73,6.3,6.36,5.82,4.87,5.8,5.31,4.97,5.54,6.17,6.03,4.61
ADAM22,3.76,3.77,3.85,3.94,3.72,3.87,3.95,3.33,3.59,3.73,4.27,3.94,3.84,5.1,4.06,4.09,3.92,3.72,3.57,3.8,4.03,3.76,3.9,3.83,3.82,3.58,3.68,3.78,3.73,3.74,6.26,6.99,3.89,3.87,3.83,3.67,3.99,4,4.55,3.5,3.82,3.76,3.6,6.04,3.82,3.61,3.69,3.56,3.78,5.62
ADAM23,5.7,5.29,5.97,5.82,5.85,5.56,6.17,5.72,5.39,5.93,5.45,5.77,5.6,5.26,5.71,5.87,5.29,5.62,6.1,5.95,5.84,5.89,5.58,5.57,5.64,5.51,5.5,5.67,5.23,4.1,5.05,5.34,5.62,5.84,5.93,5.75,5.99,5.94,5.63,6.07,6.24,6.35,5.85,5.1,4.96,5.73,5.75,6.03,5.73,5.26
ADAM28,4.16,4.23,4.13,4.08,4.31,4.14,4.65,4.21,3.99,4.09,4.2,4.15,4.17,4.27,4.2,4.32,3.94,3.88,3.74,4.11,4.15,4.48,4.17,4.06,3.73,3.95,4.24,4.02,4.49,5.91,4.31,3.88,4.35,3.87,4.07,3.89,4.53,3.83,4.2,3.87,3.95,3.99,3.9,4.11,4.37,4.54,4.24,3.95,4.07,3.9
ADAM28,3.55,3.63,3.98,3.53,3.67,3.76,3.8,3.96,3.51,3.68,3.63,3.69,3.55,3.81,3.62,3.71,3.53,3.77,3.83,3.95,3.67,3.7,3.75,3.59,4.01,3.59,3.78,3.64,3.73,4.82,3.68,5.03,3.59,4.17,3.64,3.61,3.58,3.83,4.7,3.52,3.64,3.45,4.1,3.94,3.74,3.62,3.62,3.87,3.63,3.79
ADAM28,4.01,4.21,3.87,4.18,4.34,4.59,4.79,4.29,4.07,3.98,4.25,4.32,4.05,5.9,3.93,3.91,4.33,4.38,4,4.2,4.51,4.46,4.29,4.17,4.21,3.8,3.81,4.08,4.09,4.86,6.42,5.07,3.97,4.07,4.08,3.89,4.31,4,4.16,4.18,4.3,4.46,4.2,5.25,4.07,4.08,4.72,4.02,4.1,5.64
ADAM28,3.84,3.8,4.14,4.02,4.16,4,4.61,4.06,4.16,3.8,4.14,4.02,3.86,4.42,4.02,4.47,4.03,4.18,4.24,4.1,3.83,4.21,3.86,4.23,4.25,4.25,4.16,4.26,4.28,6.23,4.81,4.57,3.85,3.85,3.92,4.02,4.26,4.21,4.23,4.52,4.11,4.02,4.13,4.34,4.39,4.17,4.4,4.27,4.03,5.04
ADAM29,3.64,3.82,3.67,3.73,3.68,4.07,4.38,3.97,3.69,3.72,3.74,3.59,3.81,4.8,3.7,3.76,3.63,3.77,3.79,3.88,3.71,3.78,3.89,3.6,4.14,3.46,3.68,3.65,3.82,4.29,6.23,4.38,3.92,3.62,3.95,3.75,3.71,3.9,4.4,3.68,3.6,3.53,3.7,4.07,3.65,3.54,3.76,3.74,3.9,5.49
ADAM30,4.55,4.66,4.27,4.48,4.43,4.34,5.1,4.01,4.44,4.42,4.58,4.69,4.7,5.89,4.46,4.22,4.63,4.42,4.59,4.23,4.53,4.6,4.63,4.55,4.3,4.35,4.73,4.53,4.7,5.2,6.03,5.47,4.85,4.39,4.73,4.8,4.22,4.51,4.45,4.52,4.36,4.38,4.56,5.31,4.33,4.72,4.35,4.6,4.67,4.93
ADAM32,4.02,3.86,4.13,4.21,4.6,4.02,4.55,4,4.02,4.14,4.15,4,3.77,5.77,4.08,4.17,4.18,4.27,4.26,3.97,3.98,3.85,4.15,3.99,4.16,4.22,4.72,4.05,4.17,4.87,7.81,6.45,3.79,3.96,4.23,4.12,3.73,4.36,4.75,4,4.18,4.03,4.39,5.34,3.94,4.28,4.28,4.11,4.24,5.71
ADAM33,4.67,4.72,5.01,4.91,4.87,5.22,6.04,4.55,4.92,4.81,4.91,4.92,4.74,6.17,4.78,4.97,4.68,4.84,4.81,4.59,5.23,4.96,4.71,4.95,5.01,4.52,5.1,4.88,4.88,5.6,6.42,5.41,5.05,4.73,4.61,4.82,4.96,4.7,5.62,4.66,5.07,4.94,4.65,4.96,4.82,4.54,4.99,4.99,4.66,6.11
ADAM33,4.53,4.1,4.53,4.43,4.83,4.26,4.5,4.7,4.27,4.18,4.42,4.45,4.25,5.22,4.2,4.52,4.23,4.42,4.39,4.1,4.27,4.21,4.13,4.16,4.35,4.29,4.28,4.25,4.44,4.42,4.69,4.48,4.25,4.42,4.47,4.25,4.4,4.24,4.61,4.28,4.21,4.14,4.11,4.25,4.2,4.43,4.31,4.45,4.22,4.47
ADAM33,4.14,3.98,4.37,4.1,3.93,4.22,4.07,4.01,3.93,3.7,4.01,4.07,3.84,5.28,3.94,4.28,4.05,4.18,4.07,3.78,4.39,4.03,3.85,4.01,3.95,3.9,4.04,4.17,3.98,5.85,5.62,4.09,3.96,3.94,4.15,3.87,3.82,3.86,4.06,3.76,4.11,4.49,4.18,4.32,4.17,3.99,3.85,4.11,3.97,4.33
ADAM33,4.84,4.7,4.92,5.11,5.53,5.48,5.02,5.23,4.86,4.9,5.02,5.01,4.53,6.59,5.09,4.79,4.89,5.45,4.79,4.85,4.82,5.03,4.94,5.19,5.38,4.77,5.15,5.18,5.13,4.87,6.92,5.83,5.13,4.9,5.09,5.15,4.95,4.71,5.33,5.05,5.11,5.14,5.2,6.58,5.17,4.67,5.35,5.07,4.74,6.96
ADAM33,3.65,3.73,3.82,3.89,4.2,3.68,4.7,3.95,3.78,3.83,4.03,3.72,3.76,4.76,3.9,3.87,3.58,3.72,4.18,3.64,3.6,3.89,3.73,3.78,3.88,3.74,3.69,4.06,3.73,4.34,5.74,5.96,3.76,3.73,3.77,4,3.86,3.72,4.38,3.68,3.61,3.84,3.85,4.61,3.94,3.82,4.2,3.99,3.87,4.05
ADAM33,4.56,4.63,4.68,4.87,5.33,4.41,5.39,4.93,4.66,4.62,4.96,4.88,4.54,5.31,4.57,4.94,4.69,4.92,4.62,4.79,4.59,5.21,4.56,4.51,4.77,4.34,4.87,4.96,4.77,4.38,5.95,5.76,4.71,4.62,4.87,4.58,4.73,4.53,4.76,4.45,4.45,4.88,4.88,4.78,4.77,5,4.81,4.88,4.56,4.95
ADAM33,4.57,4.36,4.67,4.5,5.59,4.91,4.36,4.16,4.54,4.57,4.65,4.55,4.3,5.4,4.3,4.72,4.43,4.61,4.33,4.48,4.51,4.6,4.7,4.57,4.41,4.13,4.89,4.49,4.84,4.55,5.66,5.5,4.52,4.67,4.55,4.21,4.26,4.77,5.57,4.7,4.54,4.64,4.7,4.94,5,4.79,4.73,4.36,4.79,5.05
ADAM3A,3.87,4.46,4.09,4.26,3.95,4.32,4.03,3.65,4.03,3.97,3.95,4.09,4.23,4.73,3.83,3.99,3.91,4.12,3.91,3.82,3.93,4.25,4.3,3.72,3.68,4.52,4.18,4,4.3,5.31,6.06,6.02,3.86,4,3.87,3.95,3.76,3.59,4.73,3.72,3.96,3.85,3.86,3.92,4,4.08,4.04,3.86,4.18,4.55
ADAM7,4.95,4.51,4.74,4.88,4.87,5.11,5.32,4.72,4.69,4.7,4.81,5.12,4.6,6.05,4.7,5.14,4.81,4.91,4.66,4.48,4.73,5.07,4.84,4.67,4.69,4.6,4.75,5.05,4.91,5.51,5.67,6.33,4.83,4.76,4.91,4.8,4.66,4.89,5.67,4.85,4.94,4.93,5.03,6.44,5.01,4.82,4.65,4.85,4.55,5.89
ADAM7,4.88,4.4,4.93,4.68,4.95,5.21,5.52,4.55,4.77,4.56,5.04,4.75,4.51,6.25,4.88,4.85,4.87,4.93,4.78,4.8,4.79,4.82,4.73,4.61,4.75,5.07,4.92,5.18,5.13,4.73,6.45,5.28,4.75,4.53,5.33,5.01,4.68,5.01,5.17,4.62,4.61,5.34,5.08,6.92,4.85,4.46,5.21,4.96,4.72,7.2
ADAM7,3.75,3.8,4.01,3.61,3.44,3.75,3.87,3.94,3.85,3.84,4.01,3.82,3.72,4.99,4.17,4.3,4.02,3.76,3.75,3.89,3.8,3.84,3.71,3.59,3.95,3.87,3.93,3.77,3.86,4.59,4.31,4.18,3.74,4.03,3.9,3.84,3.87,4.09,3.78,4.23,3.8,3.6,3.84,5.09,4.44,3.67,3.83,3.87,4,4.02
ADAM8,6.2,6.18,6.61,6.2,6.46,6.74,6.14,6.46,6.2,6.1,6.43,6.26,5.93,6.72,6.4,6.43,6.2,6.51,6.4,6.38,6.2,6.54,6.38,6.44,6.66,6.45,6.22,6.1,6.71,6.74,6.84,7.49,5.82,6.17,6.08,6.66,6.58,6.19,6.73,6.59,6.49,6.64,6.86,7.39,6.72,6.78,6.64,6.57,6.64,7.49
ADAM8,5.32,5.06,5.31,5.14,5.66,5.21,5.06,5.56,5.28,5.02,5.07,5.24,5.15,6.11,5.01,5.18,5.17,5.4,5.38,5.46,5.31,5.2,5.06,5.24,5.21,5.3,5.28,5.17,5.15,6.17,5.13,5.35,5.11,5.14,5.09,5.13,5.32,6.04,4.87,5.17,5.46,5.51,5.65,5.43,5.29,5.52,5.22,5.35,5.17,5.62
ADAM8,5.3,5.13,5.41,5.14,5.82,5.41,5.37,5.85,5.26,5.3,5.29,5.4,5.42,5.32,5.15,5.38,5.04,4.97,5.23,5,5.58,5.81,5.45,5.36,5.05,5.42,5.33,5.28,5.47,5.56,5.46,6.09,5.25,5.28,5.18,4.98,5.92,5.24,4.8,5.62,5.25,5.21,5.63,5.39,5.1,5.87,5.17,5.16,5.33,6.99
ADAM8,4.63,4.62,4.8,4.76,4.96,4.87,4.89,4.56,4.58,4.77,4.87,4.38,4.52,5.99,4.69,4.85,4.5,4.8,4.84,4.9,4.71,4.5,4.82,4.76,5.2,4.48,5.02,4.29,4.9,4.52,5.21,5.97,4.73,4.66,4.89,4.43,4.59,4.88,5.31,4.92,4.65,4.97,4.87,4.53,4.39,5.08,4.44,4.9,5.15,5.2
ADAM9,7.22,6.84,7.05,6.93,6.23,6.58,6.26,6.84,6.97,7.16,6.5,6.98,7,6.11,7.13,7.12,7.19,6.63,6.73,7.18,7,6.94,6.4,7.18,6.89,7.15,7,6.89,6.62,6.89,6.65,6.64,7.13,7.03,7.34,7.19,6.84,7.08,7.12,6.77,6.59,5.82,6.26,6.55,6.98,6.74,7.3,7.25,6.84,6.17
ADAM9,7.85,7.38,7.39,7.55,6.67,7.16,7.52,7.35,7.63,7.53,6.86,7.56,7.42,6.1,7.55,7.82,7.71,7.23,7.12,7.3,7.47,7.49,6.78,7.59,7.62,7.78,7.54,7.43,7.18,7.31,6.83,5.79,7.95,7.48,7.84,7.68,7.49,7.54,6.81,7.43,7.32,6.28,6.77,5.57,7.57,7.16,7.86,7.57,7.45,6.18
ADAM9,9.49,10.04,9.45,9.53,9.5,9.47,9.05,9.08,9.68,9.39,9.75,9.63,9.77,9.21,9.53,9.53,9.69,9.1,9.06,9.11,9.51,9.52,9.99,9.43,9.4,9.68,9.37,9.46,9.59,9.43,8.56,8.43,9.61,9.45,9.41,9.57,9.51,9.38,9.4,9.41,9.5,8.99,9.13,9.23,9.49,9.61,9.49,9.46,9.73,8.96
ADAM9,9.47,9.75,9.53,9.33,9.45,9.41,8.79,9.29,9.69,9.64,9.8,9.53,9.49,9.16,9.55,9.52,9.61,9.09,8.93,9.09,9.38,9.44,9.85,9.47,9.49,9.64,9.41,9.51,9.29,8.22,6.94,9.11,9.55,9.46,9.47,9.65,9.25,9.47,9.38,9.42,9.54,8.86,9.19,8.58,9.6,9.63,9.72,9.56,9.52,8.22
ADAMDEC1,3.62,3.68,3.47,3.47,3.63,3.98,4.07,3.61,3.49,3.67,3.68,3.66,3.67,5.25,3.94,3.6,3.68,3.63,3.61,3.52,3.65,3.57,3.67,3.54,3.5,3.62,3.62,3.59,3.65,4.5,4.63,4.64,3.58,3.83,3.56,3.71,4.43,3.51,3.88,3.46,3.79,3.72,3.62,3.83,3.86,3.54,3.65,3.65,3.64,4.83
ADAMDEC1,3.46,3.66,3.42,3.7,4.23,3.59,3.93,3.63,3.54,3.38,3.78,3.58,3.67,3.94,3.73,3.91,3.73,3.61,3.75,3.55,3.63,3.6,3.49,3.6,3.58,3.57,3.88,3.65,3.76,4.8,4.03,4.16,3.74,3.57,3.68,3.57,3.67,3.86,4.33,3.64,3.77,3.79,3.81,4.05,3.64,3.72,3.5,3.52,3.71,4.69
ADAMDEC1,3.36,3.18,3.21,3.23,3.38,3.29,3.6,3.5,3.25,3.27,3.27,3.35,3.13,3.76,3.37,3.39,3.21,3.84,3.43,3.4,3.25,3.3,3.28,3.24,3.24,3.29,3.34,3.2,3.36,4.17,4.02,3.77,3.3,3.2,3.39,3.37,3.58,3.3,4.06,3.13,3.3,3.35,3.23,4.11,3.4,3.39,3.57,3.36,3.25,3.87
ADAMDEC1,3.63,3.47,3.36,3.64,3.47,3.67,3.79,3.48,3.61,3.58,3.67,3.65,3.49,4.39,3.65,3.34,3.67,3.66,3.52,3.38,3.43,3.67,3.42,3.43,3.54,3.58,3.51,3.62,3.38,3.74,4.71,3.6,3.29,3.64,3.47,3.47,3.84,3.37,3.63,3.46,3.38,3.58,3.66,4.04,3.64,3.57,3.65,3.63,3.45,4.6
ADAMDEC1,3.72,3.7,3.64,3.86,4.14,3.66,3.67,3.78,4.1,3.9,4,3.65,3.82,3.89,3.98,3.88,3.74,3.71,3.94,3.83,3.95,4.03,3.8,4.08,3.74,3.7,4.09,3.78,3.79,3.85,5.79,4.24,3.84,3.84,3.97,3.7,3.86,3.74,3.9,4.02,3.86,3.91,3.88,5.44,3.85,3.81,4.18,3.76,4.04,5.09
ADAMTS1,9.13,8.72,8.97,8.9,8.01,8.3,8.87,9.02,8.93,9.1,8.14,8.93,8.94,5.62,8.36,8.51,8.37,8.4,8.61,8.64,8.5,8.63,8.09,8.37,8.35,8.51,8.72,8.85,8.27,7.11,6.5,6.22,8.14,8.19,8.13,8.24,8.28,8.46,7.49,8.53,8.25,8.14,8.08,6.01,8.74,8.44,8.8,8.66,8.55,6.77
ADAMTS1,11.6,11.64,11.57,11.63,11.5,11.43,11.39,11.57,11.6,11.64,11.56,11.55,11.53,10.89,11.14,11.08,11.02,11.29,11.26,11.27,11.26,11.34,11.36,11.18,11.06,11.14,11.49,11.56,11.43,11.26,9.65,10.79,10.94,11.04,10.98,11.18,11.2,11.14,11.23,11.34,11.27,11.4,11.39,10.82,11.37,11.32,11.37,11.37,11.43,10.77
ADAMTS10,3.68,3.64,3.62,3.8,4.01,3.89,4,3.81,3.52,3.54,3.48,3.62,3.7,4.31,3.5,3.69,3.87,3.76,3.58,3.39,3.76,3.62,3.58,3.69,3.9,3.73,3.64,3.76,3.71,4.59,4.74,4.49,3.72,3.76,3.56,3.85,3.62,3.64,4.19,3.59,3.5,3.65,3.8,3.77,3.81,4.22,3.57,3.52,3.46,4.8
ADAMTS12,3.74,4.26,3.86,3.96,3.83,3.66,4.02,3.85,3.77,4.03,3.97,4.1,3.75,4.2,3.81,3.87,3.71,3.71,3.77,4.14,4.04,3.78,3.82,3.63,3.68,3.81,4.07,3.86,3.82,5.2,4.41,6.08,3.72,3.91,3.67,3.72,4.03,3.65,3.79,4.12,3.65,3.86,3.96,4.3,3.5,4.06,3.95,4.04,4.11,4.78
ADAMTS12,4.1,4.12,4.24,4.3,4.52,4.38,4.63,3.84,4.15,4.36,4.25,4.19,4.04,5.36,4.02,4.22,3.98,3.97,4.05,4.05,4.23,4.49,4.21,4.3,4.08,4.16,4.13,4.14,4.3,5.25,7.94,5.8,4.06,3.96,4.1,3.78,3.85,4.03,4.64,3.93,4.41,4.57,4.45,6.12,4.32,4.65,4.6,4.01,4.1,6.18
ADAMTS13,6.83,6.96,7.32,7.23,7.08,7.62,7.36,7.29,6.83,7.06,7.25,7.18,7.14,7.27,7.07,6.94,6.74,7.1,7.23,7.04,7.25,7.24,7.51,7.35,7.55,7.34,7.02,7.03,7.47,6.24,6.34,7.18,6.79,6.74,6.62,7.26,7.4,7.35,6.18,6.99,7.05,7.41,7.59,6.94,7.05,7.26,7.34,6.96,7.58,7.04
ADAMTS13,4.19,3.97,4.52,4.11,3.98,4.22,4.59,4.12,4.1,4.2,3.94,4.07,4.01,4.89,4.15,4.07,4.06,4.3,4.53,4.47,4.22,4.02,3.96,4.14,4.19,4.04,4.08,4.36,4.1,5.99,5.86,6.17,4.06,4.11,4.11,4.32,3.78,4.27,4.81,4.5,4.42,4.14,4.54,4.88,4.12,4.07,4.22,4.27,3.86,5.64
ADAMTS14,3.96,3.96,4.21,4.13,4.21,3.97,5.06,4.23,4.16,3.87,4.58,4.23,4.23,4.88,4.06,3.92,4.22,3.94,3.86,4.29,3.97,4.2,4.27,4.11,4.12,3.95,4.18,4.24,4.28,3.79,5.67,4.28,3.8,4.16,3.83,4.17,4.07,4.11,4.83,4.18,4.26,4.14,4.01,4.76,4.42,3.6,4.12,4.08,4.36,6.13
ADAMTS14,4.23,4.51,4.12,4.27,4.4,4.56,4.74,4.23,4.29,4.2,4.16,4.5,4.45,5.63,4.36,4.35,4.67,4.18,4.33,4.05,4.29,4.3,4.46,4.48,4.23,4.12,4.62,4.33,4.72,5.65,4.83,5.44,4.19,4.22,4.58,4.42,4.38,4.17,4.19,4.11,4.2,4.11,4.15,4.86,4.26,4.41,4.28,4.27,4.23,5.11
ADAMTS15,4.43,4.38,4.63,4.66,5.16,4.57,4.59,5.12,4.42,4.47,4.28,4.25,4.47,5.04,4.19,4.48,4.37,4.36,4.43,4.51,4.36,4.23,4.25,4.41,4.61,4.42,4.59,4.44,4.26,4.48,6,4.91,4.72,4.43,4.28,4.32,4.98,4.72,5.14,5.05,4.72,4.71,4.82,6.11,5.01,5.15,4.38,4.53,4.45,5.23
ADAMTS15,4.84,4.81,5.01,4.78,5.47,5.68,5.51,4.87,4.69,4.61,5.06,4.82,4.87,5.69,4.78,4.63,4.68,4.84,4.66,4.76,4.62,4.99,5.2,5.2,4.9,4.9,5.05,4.94,4.9,6.16,5.66,6.89,4.75,5.19,4.75,5.14,5.38,4.8,5.08,5.08,5.05,4.44,5.09,5.23,5.65,4.75,5.29,4.94,4.8,5.52
ADAMTS16,4.63,4.88,4.72,4.67,4.58,4.37,5.23,4.6,4.64,4.63,4.75,4.73,4.96,6.53,4.79,4.57,4.59,4.66,4.47,4.52,4.44,4.72,4.71,4.48,4.32,4.5,4.58,4.59,5.09,5.71,6.31,6.46,4.56,4.59,4.47,4.19,4.62,4.75,4.56,4.58,4.79,4.8,5.17,5.66,4.52,4.72,4.85,4.63,4.56,6.86
ADAMTS16,3.46,3.63,3.59,3.37,3.4,3.84,3.51,3.28,3.58,3.45,3.62,3.63,3.74,3.64,3.41,3.26,3.58,3.57,3.37,3.33,3.57,3.52,3.61,3.29,3.5,3.29,3.53,3.82,3.54,5.2,4.15,4.3,3.69,3.4,3.26,3.76,3.82,3.7,3.6,3.2,3.26,3.93,3.27,3.67,3.32,3.32,3.52,3.43,3.37,3.53
ADAMTS17,4.99,5.03,5.05,5.16,4.52,4.79,4.59,4.69,4.82,4.86,5.16,4.87,4.73,4.97,4.82,5.08,4.95,4.84,4.6,4.63,5.19,5.3,5.42,5.41,5.37,4.71,5.01,4.88,4.63,3.84,4.43,4.18,5.09,4.91,4.81,4.37,4.64,4.34,4.52,4.69,5.27,4.83,4.83,4.29,4.48,4.81,4.55,4.35,5,4.67
ADAMTS18,4.04,4.06,3.96,4,4.05,4.41,4.98,3.84,3.83,3.96,4.2,3.9,3.83,4.82,3.97,3.84,3.85,4.25,4.05,3.97,4.15,4.22,4.04,3.8,3.8,3.57,3.87,3.97,4.32,4.38,4.88,5.09,4.04,4.3,4.09,4.05,4.01,3.78,5.13,3.84,3.7,4.1,4.26,5.11,3.76,4.06,4.37,4.05,3.97,4.84
ADAMTS18,4.37,4.72,4.32,4.34,4.28,4.37,5.13,4.07,4.37,4.45,4.65,4.4,4.76,4.61,4.19,4.36,4.31,4.26,4.23,4.2,4.2,4.57,4.45,4.21,4.08,4.4,4.38,4.55,4.75,5.2,4.31,5.11,4.56,4.5,4.26,4.06,4.13,4.2,3.81,3.95,4.47,4.6,4.5,6.75,3.78,3.89,4.35,4.31,4.38,4.7
ADAMTS18,3.56,3.67,3.7,3.59,3.66,3.86,3.8,3.56,3.63,3.56,3.67,3.63,4.12,3.79,3.66,3.52,3.84,3.47,3.67,3.37,4.04,3.65,3.94,3.49,3.61,3.67,3.86,3.81,3.75,3.91,3.86,4.31,3.91,3.63,3.68,3.44,3.52,3.58,3.9,3.7,3.6,3.71,3.86,4.07,3.67,3.54,3.55,3.82,3.91,3.98
ADAMTS18,3.8,4.41,4.5,4.05,3.78,3.76,3.8,4.15,4.04,4.28,4.28,3.99,4.41,4,3.9,3.86,3.9,4,3.98,3.93,4.28,3.96,4,3.77,4.39,3.95,4.29,3.93,4,5.16,4.22,4.87,4.74,4.08,3.92,3.92,3.99,3.89,3.69,3.67,3.95,3.73,3.83,5.63,3.45,3.81,3.61,3.92,3.91,4
ADAMTS19,3.74,3.81,3.78,3.82,4.02,3.95,4.35,3.82,3.65,4.01,3.73,3.66,3.74,4.34,3.71,3.89,3.83,3.77,3.96,4.13,3.65,3.89,3.92,3.95,3.86,3.86,4.04,3.91,3.91,4.35,3.61,6.29,3.67,3.91,3.92,3.77,3.76,3.69,5.23,4.09,3.8,3.95,3.85,4.03,3.77,3.74,3.82,3.89,3.88,6.38
ADAMTS19,4.54,4.43,4.4,4.39,4.81,4.47,4.23,4.67,4.45,4.26,4.68,4.51,4.5,4.7,4.37,4.52,4.19,4.53,4.4,4.38,4.45,4.45,4.46,4.32,4.06,4.34,4.42,4.48,4.61,5.54,5.65,5.69,4.68,4.44,4.51,4.32,4.46,4.39,5.25,4.19,4.22,4.73,4.59,5.53,4.21,4.18,4.74,4.64,4.22,5.81
ADAMTS2,4.06,3.96,4.54,4.03,4.29,3.7,3.79,3.75,3.99,4.08,3.86,3.85,4.32,4.62,3.89,3.94,3.98,4.27,4.25,4.3,4.16,4.09,4.09,3.72,3.84,3.6,3.96,4.13,3.79,4.73,5.22,4.97,4.21,3.84,3.77,3.83,4.32,4.05,4.63,3.89,3.76,3.85,3.98,4.13,3.71,3.98,4.08,3.75,3.92,3.95
ADAMTS2,4.27,4.47,4.48,4.72,4.59,4.99,5.12,4.54,4.29,4.27,4.51,4.41,4.34,5.03,4.39,4.31,4.3,4.41,4.6,4.3,4.33,4.56,4.43,4.55,4.55,4.37,4.41,4.4,4.45,4.27,5.48,4.42,4.6,4.38,4.6,4.35,5.15,4.36,5.05,4.38,4.33,4.27,4.46,5.23,4.56,4.63,4.14,4.27,4.22,4.6
ADAMTS20,3.7,3.7,3.67,3.84,3.9,4,3.87,3.69,3.56,3.51,3.79,3.78,3.5,4.53,4,3.97,3.66,3.8,3.76,3.73,3.76,3.72,3.81,3.67,3.75,3.54,3.63,3.58,3.94,5.37,6.52,5.8,3.91,3.78,3.82,3.84,3.92,3.68,4.86,3.98,3.99,4.05,4.02,4.71,3.97,4.23,3.79,4.04,3.68,4.04
ADAMTS20,3.97,4.19,4.04,3.82,3.79,4.09,4.79,4.46,4.14,3.92,3.96,4.12,4.02,6.26,3.93,3.96,3.97,4.18,3.94,3.99,4.16,4.02,4.23,4.03,4.12,4.4,3.89,3.97,4.07,5.74,5.85,5.32,4.15,4.12,3.99,3.92,4.35,3.96,5.23,3.61,4.08,3.95,3.71,4.96,3.85,4,4.23,3.98,3.79,6.44
ADAMTS3,3.56,3.88,3.74,3.7,4.22,3.94,4.01,3.64,3.73,3.57,3.81,3.75,3.74,3.97,3.69,3.97,3.95,3.86,3.74,3.97,3.57,3.81,3.91,4.04,3.97,4.14,3.66,3.95,3.66,4.96,5.46,5.52,3.8,3.62,3.91,3.95,3.86,3.96,4.5,3.81,3.94,3.83,3.81,4.72,3.9,4.11,3.9,4.05,3.85,4.98
ADAMTS3,3.66,3.86,3.61,3.81,3.87,3.92,3.68,3.47,3.71,3.72,3.56,3.78,4.15,4.24,3.56,3.54,3.6,3.46,3.47,3.55,3.6,3.68,3.69,3.38,3.46,3.65,3.59,3.6,3.6,3.99,4.67,4.28,3.86,3.51,3.71,3.51,3.84,3.82,3.57,3.52,3.51,3.45,3.45,4.3,3.65,3.64,3.33,3.39,3.63,3.86
ADAMTS3,4.38,4,4.2,4.04,4.38,4.11,4.78,3.95,4.09,3.75,4.16,3.92,4.07,4.16,4.16,4.15,4.21,4.22,4.4,3.92,4.39,4.28,3.92,4.63,3.7,3.87,4.38,4.1,4.11,4.59,6.35,4.91,3.99,4.44,4.15,4.2,4.08,3.65,4.35,4.15,3.98,4.18,4.13,5.04,3.88,3.92,3.99,4,4.09,4.37
ADAMTS4,3.95,3.88,4.05,3.68,4.38,3.79,3.95,3.89,3.83,4.01,3.97,3.85,3.92,4.79,4.08,3.94,3.78,4.17,3.87,4.02,4.05,3.75,3.81,4.2,4.03,3.82,3.81,4.07,4.01,4.02,4.52,4.53,3.87,4.1,4,4.02,3.93,3.64,5.06,3.84,4.22,3.8,3.93,5.74,3.96,3.82,4.06,3.85,3.88,4.98
ADAMTS4,4.36,4.33,4.49,4.45,4.33,4.73,4.93,4.68,4.39,4.49,4.48,4.4,4.22,4.84,4.29,4.27,4.24,4.59,4.3,4.3,4.33,4.56,4.17,4.39,4.16,4.53,4.42,4.48,4.41,4.54,5.45,5.01,4.12,4.31,4.41,4.06,4.62,4.29,4.57,4.22,4.16,4.27,4.41,5.4,4.21,4.73,5.02,4.53,4.49,5.5
ADAMTS5,4.15,4.49,4.17,4.56,4.42,4.28,5.28,4.35,4.42,4.23,4.36,4.27,4.11,4.35,4.3,4.3,4.17,4.31,4.3,4.29,4.51,4.4,4.35,4.32,4.34,4.34,4.32,4.64,4.63,4.8,4.64,6.83,4.33,4.56,4.17,4.3,4.43,4.45,5.44,4.07,4.23,4.85,4.38,4.37,4.85,4.76,4.92,4.33,4.25,5.08
ADAMTS5,3.83,3.89,3.88,3.96,3.7,4.57,3.91,3.86,3.94,3.82,3.84,4,3.93,4.42,4.11,3.7,3.92,3.72,3.95,3.9,3.63,3.68,4.04,3.8,3.82,4.03,3.9,3.98,3.74,4.42,4.74,4.52,3.96,3.79,4,4.19,4.18,3.89,4.18,4.05,3.67,3.9,3.67,4.53,3.81,4.07,3.87,4.18,4.09,4.14
ADAMTS5,4.01,4.37,4.14,4.06,3.85,3.73,4.57,3.97,3.94,4,4.34,4.31,4.15,5.01,4.47,3.98,4.2,3.7,4.31,3.75,4.11,4.1,4.12,3.82,3.88,4.17,3.78,4.08,4.11,4.95,5.9,5.17,4.48,3.84,3.74,4.11,4.43,3.91,5.12,3.79,3.6,4.05,3.98,6.88,3.71,4.09,3.8,4.02,3.94,6.21
ADAMTS5,3.95,4.13,3.97,4.17,4.25,4.36,4.46,4.08,4.09,4.2,4.26,4.22,4.31,4.95,4.02,4.52,4.21,4.11,4.14,4.05,4.52,4.01,4.2,4.09,4.09,3.74,4.31,3.87,4.19,4.71,5.19,4.13,4.16,3.94,4.03,4.17,4.7,4.14,4.12,4.2,4.05,4.45,4.43,4.44,3.92,4.31,3.77,4,4.29,5.13
ADAMTS6,4.34,4.23,4.59,4.33,4.36,4.45,4.38,4.9,4.4,4.25,4.31,4.38,4.23,4.49,4.22,4.09,4.04,4.19,4.2,4.78,4.37,4.49,4.26,3.73,4.34,4.01,4.35,4.31,4.13,4.68,5,4.25,4.22,4.45,3.99,4.19,4.01,4.3,4.68,4.33,4.18,4.51,4.48,4.73,4.03,4.03,4.34,4.38,4.23,6.01
ADAMTS6,3.95,3.71,4,3.8,4.22,3.89,4.44,4.05,3.98,3.94,4.1,3.93,4.07,5.57,3.9,4.34,3.95,4.42,3.97,4.25,3.94,4.03,3.9,4.3,3.92,4.49,3.94,3.91,3.97,4.08,5.55,5.27,4.12,3.79,3.79,3.86,4.11,3.8,3.98,3.76,3.74,4.12,3.62,4.87,3.57,4.14,4.12,3.86,3.67,4.91
ADAMTS7,4.13,4.18,4.34,4.19,4.66,4.14,4.3,4.57,4.14,4.3,4.37,4.24,4.17,4.54,4.79,4.96,4.78,4.42,4.39,4,4.52,5.13,5.02,4.83,5.07,5.11,4.52,4.32,4.23,4.38,5.18,4.76,4.69,4.8,4.8,5.17,4.32,5.27,4.02,4.07,4.36,4.72,4.88,4.44,4.35,4.73,5.01,4.44,4.23,5.18
ADAMTS7,4,4,3.96,4.1,4.39,4.21,3.87,4.18,3.65,4.2,4.19,4.18,3.95,4.11,4.1,4.34,4.19,4.32,4.42,4.27,4.15,4.22,3.92,4.12,4.05,4.37,4.04,4.19,4.32,4.73,4.95,4.26,3.62,4.03,4.25,4.23,4.43,4.26,4.48,4.46,4.14,4.5,4.32,4.92,3.96,4.33,4.05,4.43,4,4.33
ADAMTS7,4.24,4.17,4.14,4.24,3.91,3.94,3.09,4.84,3.99,4.32,4.24,4.28,4.23,5.68,3.99,3.82,4.45,4.28,3.84,4.19,4.41,4.26,4.13,4.41,3.89,4.58,4.45,4.24,4.84,5.11,4.2,6.98,4.03,4.5,4.34,4.18,3.93,4.45,5.65,3.99,3.7,4.04,4.42,6.4,4.05,3.97,4.05,4.56,4.32,7.36
ADAMTS8,3.92,4.03,4.08,3.88,3.8,4.06,4.23,4.07,4.22,4.06,4.24,4.01,4.18,4.83,3.99,3.95,4.01,4.32,3.93,3.95,4.52,4.19,3.94,3.95,4.1,3.79,4.2,4.23,4.46,3.87,4.49,4.6,3.83,3.85,3.97,4.08,4.04,3.75,4.83,4.29,3.91,4.13,3.82,3.94,4.45,4.26,3.89,4.12,3.94,5.91
ADAMTS9,4.12,4.36,4.38,4.82,4.7,4.62,4.4,4.32,4.44,4.39,4.48,4.16,4.34,4.85,4.3,4.43,4.42,4.49,4.44,4.33,4.31,4.52,4.31,4.36,4.25,4.33,4.23,4.46,4.03,4.65,4.87,6.37,4.26,4.47,4.53,4.34,4.38,4.53,4.58,4.39,4.7,4.78,4.33,6.4,4.26,4.49,4.12,4.5,4.56,5.4
ADAMTS9,3.65,3.78,3.81,3.74,3.74,3.65,4.32,3.63,3.58,3.51,3.54,3.58,3.61,5.01,3.46,3.54,3.37,3.7,3.56,3.54,3.57,3.59,3.55,3.86,3.6,3.54,3.53,3.55,3.48,4.61,4.83,4.59,3.88,3.58,4.02,3.49,4.21,3.63,4.54,3.67,3.62,3.55,3.87,4.2,3.55,3.85,3.58,3.7,3.33,3.71
ADAMTSL1,3.96,4.22,3.95,4.2,4.17,3.84,4.67,3.91,4.08,3.83,4.28,3.91,4.19,4.33,3.95,4.24,3.89,3.85,3.86,4.11,4.16,4.09,4,3.94,4.01,3.74,3.89,4.31,4.04,3.96,4.84,4.94,4.1,3.95,4.07,3.86,4.04,3.85,4.54,3.88,4.07,4.22,4.51,4.55,3.91,4.21,3.92,3.98,4.01,4.94
ADAMTSL1,4.61,4.34,4.82,4.64,4.59,5.14,4.86,4.16,4.58,4.64,4.6,4.74,4.61,5.83,4.4,4.84,4.89,4.92,4.63,4.47,4.53,4.66,4.65,4.44,4.67,4.53,4.66,4.75,4.57,4.77,7.51,7.35,4.81,4.8,4.29,4.97,4.45,4.72,4.83,4.17,4.64,4.82,4.63,6.31,4.41,5.05,4.73,4.69,4.76,6.23
ADAMTSL1,4.08,3.99,3.99,4.07,4.37,4.76,4.17,3.78,3.93,3.94,3.94,3.98,4.03,4.91,3.78,4.13,4.02,4.49,3.99,3.98,3.72,3.91,3.98,4.21,4.3,4.29,4.01,3.8,4.12,4.15,4.21,5,4.27,4.02,4.06,3.96,3.99,3.84,4.22,4.13,3.97,3.97,4,4.35,4.53,4.61,4.44,3.9,3.96,5.41
ADAMTSL1,4.37,4.09,4.35,4.25,4.38,4.15,4.39,4.17,4.03,4.03,4.04,4.14,4.22,4.84,4.12,4.38,4.32,4.36,4.52,4.2,4.27,4.25,4.09,4.41,4.43,4.41,4.23,4.31,4.25,4.38,5.3,4.62,4.69,4.09,4.3,4,4.49,4.43,4.72,4.25,4.05,4.46,4.35,4.54,4.29,4.57,4.07,4.19,4.13,4.48
ADAMTSL1,4.2,4.29,4.48,4.43,4.34,4.52,4.05,4.08,4.44,4.32,4.2,4.42,4.32,5.66,3.89,4.09,4.37,3.88,3.75,4.03,4.36,4.41,4.34,4,4.09,4.19,4.48,4.32,4.49,4.2,4.11,5.27,4.19,4.14,4.1,4,4.85,4.05,3.98,3.82,4.23,4.21,4.11,4.28,3.91,4.37,4.44,4.21,4.57,5.61
ADAMTSL1,4.22,4.45,4.28,4.15,4.01,3.94,4.02,3.55,4.12,4.13,4.25,4.47,4.49,4.27,3.84,4.34,4.18,4.29,4.09,4.01,4.34,4.67,4.25,4.22,4.29,3.91,4.38,4.16,4.24,4.25,4.88,4.48,4.25,4.01,4.43,3.93,4.31,3.99,4.03,3.99,4.23,4.06,4.09,4,4.09,3.86,3.94,3.99,3.92,5.43
ADAMTSL1,4.07,3.92,4.3,3.98,4.03,3.72,4,4.08,3.93,3.92,4.06,4.11,3.97,4.61,3.79,4.02,3.89,3.88,3.93,3.66,4.07,4.08,3.97,4.11,4.16,3.7,3.91,4.14,4.04,4.28,4.54,5.01,3.8,3.78,3.7,4.1,4.12,3.98,4.77,3.73,4,4.13,4.15,5.36,4.09,4.08,4.16,4.07,4.17,4.68
ADAMTSL1,3.93,3.84,3.79,3.72,4.01,4.26,4.36,3.74,3.66,3.85,3.78,3.86,4,3.87,3.98,3.86,3.7,3.85,3.85,3.85,3.96,3.92,3.93,3.67,3.76,3.91,3.83,3.79,3.87,5.11,4.78,5.07,3.84,3.79,3.67,3.75,3.62,3.67,4.04,3.88,3.66,3.81,3.98,4.85,3.68,3.98,3.71,3.57,3.51,4.05
ADAMTSL2,4.14,4,4.07,4.42,4.51,4.35,5.15,4.34,4.23,4.2,4.12,3.88,4.02,3.86,4.13,4.62,4.02,4.28,4.12,4.05,4.05,4.03,4.04,4.15,4.2,4.11,3.95,4.16,4.19,4.43,3.93,4.62,4.19,4.21,4.28,4.3,4.27,4.26,4.21,4.89,4.7,4.07,4.56,5.46,4.29,4.36,4.86,4.47,4.13,4.92
ADAMTSL2,5.16,5.05,5.2,5.2,6.11,5.01,5.68,5.09,5.15,5.29,5.21,5.07,4.79,6.1,5.26,5.46,5.11,5.21,5.31,5.11,5.09,4.95,5.18,5.45,5.18,5.16,5.24,4.97,5.56,6.23,5.42,5.18,5.18,5.04,5.22,5.15,5.52,5.18,5.46,5.11,5.25,5.48,5.12,5.81,5.13,5.47,5.1,4.95,5.08,5.87
ADAMTSL3,3.86,3.72,3.85,3.95,3.98,4.07,3.72,3.84,4.1,3.92,3.8,3.79,3.78,4.66,3.86,4.12,3.86,3.82,4.01,3.77,3.75,3.97,4.03,4.26,4.05,3.76,3.77,3.87,3.99,4.08,4.4,3.81,3.71,3.81,3.84,3.9,3.64,3.73,4.16,3.99,4.1,3.79,3.77,4.07,3.62,3.71,3.74,3.86,4.03,4.29
ADAMTSL4,5.66,5.56,5.5,5.8,5.65,5.6,6.34,6.27,5.64,5.6,5.79,5.66,5.74,5.79,5.34,5.49,5.41,5.85,5.88,5.65,5.85,5.92,5.93,5.8,5.55,5.52,5.65,5.81,6.06,6.42,6.66,5.93,5.6,5.7,5.68,5.71,5.33,5.66,6.38,5.76,5.68,6.29,6.04,5.67,5.95,5.67,5.79,5.75,5.6,5.97
ADAMTSL4,3.85,4.17,4.12,3.96,3.91,3.86,3.57,4.57,3.96,4,4.13,4.11,3.97,4.19,4.17,4.38,4.36,4.26,3.94,4.36,3.76,4.17,3.91,3.74,4.1,4.23,4.04,4.17,3.91,4.39,4.62,4.14,4.13,3.88,4,4.36,3.94,3.98,4.48,4.07,3.72,4,4.56,3.98,4.36,4.38,4.22,3.76,3.78,5.04
ADAMTSL4,3.78,3.75,3.89,3.79,3.77,4.05,4.18,4.25,3.95,3.85,3.98,3.91,3.78,5.82,4.16,4.11,4.02,4.02,3.99,3.95,3.77,3.97,3.83,4.13,4.07,3.85,3.87,4.02,3.81,4.31,4.69,5.77,3.8,3.85,4.25,3.89,4.08,4.01,4.66,3.96,4.08,4.19,3.86,4.97,3.83,4.08,4.24,3.88,3.99,5.79
ADAMTSL5,4.47,4.48,4.78,4.77,4.61,5.01,3.97,4.81,4.36,4.75,4.66,4.62,4.43,3.74,4.3,4.49,4.3,4.64,4.53,4.68,4.73,4.69,4.53,4.75,4.39,4.7,5.01,4.79,4.67,3.66,7.14,5.55,4.46,4.74,4.61,4.75,4.4,4.83,4.56,4.94,5.03,5.14,5.11,4.09,4.5,5.01,4.45,4.48,4.82,4.18
ADAMTSL5,4.58,4.51,4.76,4.48,5.55,4.56,3.94,4.64,4.4,4.61,4.56,4.69,4.53,4.69,4.3,4.33,4.41,4.57,4.54,4.23,4.81,4.8,4.49,4.78,4.53,4.73,4.67,4.58,4.43,4.9,5.83,4.2,4.99,4.91,4.58,4.32,4.82,4.63,5.88,4.61,4.88,5.07,5.05,4.19,4.58,5.06,4.63,4.82,4.36,5.13
ADAMTSL5,4.92,4.98,4.71,4.63,4.64,4.87,4.51,4.77,4.73,4.64,4.83,4.95,4.83,5.02,4.66,4.63,4.47,4.68,4.56,4.84,4.56,4.99,4.86,4.59,4.91,4.73,4.72,5.04,4.57,4.18,4.39,5.46,4.92,4.69,4.73,5.08,4.49,4.65,5.41,5.15,4.74,4.71,5.28,5.34,4.28,5.3,4.41,4.76,4.84,5.06
ADAP1,7.16,7,7.56,7.38,7.57,7.65,7.02,7.67,7.16,7.15,7.33,7.09,6.89,7.7,7.09,7.08,7.04,7.45,7.36,7.06,6.88,7,7.37,7.29,7.22,6.79,7.15,7.4,7.49,7.89,8.37,8.14,7.18,7.13,7.25,7.53,7.26,7.5,7.77,7.8,7.28,7.65,7.88,8.68,6.89,7.08,7.47,7.25,7.3,8.17
ADAP1,5.91,5.12,6.06,5.81,6.25,5.12,6.42,6.43,5.76,5.66,5.39,5.93,5.31,6.61,5.3,5.61,5.84,6.12,5.89,6.07,6.03,5.6,5.44,6.14,5.81,5.88,5.75,5.77,5.25,5.2,5.4,4.81,5.47,5.8,6.31,6.03,6.22,5.68,5.46,6,5.42,5.72,5.94,6.43,5.53,5.2,5.74,5.6,5.16,6.46
ADAP1,5.12,4.93,5.21,5.22,5.03,5,5.73,4.94,5.24,5.24,4.88,5.32,5.11,5.81,5.15,4.81,4.8,5.52,5.24,5.48,5.41,5.35,5.22,5.32,5.34,5.39,5.56,5.54,5.5,6.14,4.44,4.32,5.72,5.45,5.52,4.86,5.13,5.66,5.68,4.88,5.47,5.46,5.21,5.14,4.98,4.66,5.49,5.28,4.85,4.53
ADAP1,5.41,4.89,5.32,5.77,5.57,5.51,4.82,6,5.57,5.61,4.54,5.22,5.31,5.86,5.25,5.56,5.16,5.53,5.45,5.72,5.04,5.14,5,5.37,5.51,5.46,5.57,5.39,4.9,4.68,5.9,5.95,5.56,5.41,5.4,5.58,5.59,5.71,4.9,5.28,5.64,5.35,5.74,5.42,5.35,5.15,5.54,5.58,5.49,5.89
ADAP1,6.22,6.02,5.95,6.35,5.96,6.67,6.98,6.38,6.15,6.29,5.81,5.89,6.01,6.68,6.14,5.84,6.16,6.89,6.31,6.55,6.09,5.9,5.95,6.35,6.32,6.16,6.21,6.5,6.05,6.15,6.36,5.05,6.18,6.13,6.04,6.05,6.15,6.75,5.39,6.33,6.41,6.1,6.61,6.27,6.14,6.07,6.05,6.34,6.15,6.77
ADAP2,4.15,4.02,4.22,4.44,4.62,4.29,4.28,4.49,4.13,4.13,3.95,4.14,4.17,5.37,4.7,4.39,4.52,4.27,4.41,4.26,4.59,4.31,4.27,4.78,4.3,4.69,4.1,4.24,4.46,4.81,4.45,4.18,4.43,4.34,3.98,4.35,4.44,4.51,4.23,4.16,4.41,4.75,4.95,6.4,4.1,3.69,4.22,4.18,4.18,4.67
ADAP2,3.95,4.42,4.31,4.28,4.39,4.38,4.96,4.54,4.33,4.23,4.59,4.25,4.25,4.3,4.62,4.53,4.64,4.57,4.29,4.39,4.38,4.61,4.79,4.73,4.68,5.07,4.39,4.44,4.2,4.52,4.95,5.3,4.39,4.6,4.08,4.68,4.63,4.19,4.67,4.21,4.61,4.59,4.88,4.48,4.54,4.25,4.13,4.28,4.05,4.83
ADAR,4.4,4.04,4.48,4.42,3.81,4.38,3.96,3.89,4.6,4.33,3.99,4.42,4.23,4.25,4.51,4.38,4.31,4.76,4.13,5.1,4.18,4.16,4.05,4.76,4.45,4.48,4.25,4.46,4.02,5.74,4.31,4.56,4.03,4.29,4.22,4.67,4.11,4.35,4.4,4.37,4.17,3.97,4.22,4.94,4.14,4.33,4.35,4.38,4.25,5
ADAR,6.73,5.84,6.34,6.18,6.06,5.72,6.24,6.63,6.46,6.63,5.59,6.14,6.02,5.97,6.37,6.32,6.33,6.44,6.42,6.74,6.19,6.18,6.12,6.72,6.54,6.59,6.2,6.51,5.68,5.7,5.78,6.25,6.2,6.28,6.41,6.26,5.77,6.27,5.8,5.89,5.76,6.26,5.93,5.66,6.1,5.88,6.13,6.06,5.59,6.51
ADAR,10.14,10.06,10.08,10.11,10,10.05,9.87,10.22,9.95,10.08,9.97,9.98,10.04,9.19,9.93,9.88,9.94,10.05,9.94,9.93,10.17,10.05,10.04,10.01,9.97,9.95,10.04,10.04,10.11,9.8,7.52,8.76,9.76,9.84,9.86,9.97,9.97,9.89,9.71,9.98,10.05,10.28,10.23,9.4,9.91,10.04,10.06,9.99,10.19,9.2
ADAR,10.14,10.04,10.09,10.05,10.17,10.06,10.14,10.14,10,10.08,9.75,9.95,9.99,8.9,9.84,10.01,9.88,10.08,10.12,9.93,10.05,10.14,10,9.98,9.96,9.93,10.12,10.01,10.09,9.94,7.29,9.39,9.84,9.79,9.81,9.9,9.92,9.83,10.05,9.96,10.12,10.34,10.3,9.4,9.95,10.23,10.07,10.02,10.13,9.31
ADAR,10.93,10.9,11.11,11.02,11.05,10.98,10.85,11.19,10.91,11.04,10.95,10.97,10.91,10.17,10.89,10.94,10.88,10.96,10.93,10.9,11.01,11.01,11.06,11,11.01,10.88,11.11,10.96,10.98,10.97,9.64,10.83,10.74,10.89,10.82,10.94,10.89,10.92,10.85,11.04,11.04,11.3,11.17,10.26,10.82,10.97,11.03,10.97,11.07,9.85
ADAR,12.57,12.62,12.58,12.62,12.62,12.69,12.61,12.65,12.53,12.57,12.77,12.6,12.52,12.59,12.52,12.47,12.48,12.54,12.62,12.42,12.6,12.57,12.74,12.6,12.53,12.53,12.6,12.57,12.62,12.62,12.4,12.47,12.43,12.5,12.46,12.5,12.58,12.49,12.51,12.62,12.62,12.7,12.73,12.78,12.54,12.68,12.59,12.53,12.66,12.57
ADARB1,7.35,7.11,7.37,7.37,7,7.27,6.88,7.5,7.33,7.39,7.45,7.46,7.3,7.08,7.24,7.39,7.52,6.78,7.1,7,7.5,7.57,7.53,7.69,7.72,7.6,7.36,7.33,7.49,5.65,5.46,6.69,7.2,7.47,7.41,7.33,7.34,7.76,5.98,7.39,7.27,7.37,7.32,5.98,7.32,6.82,7.19,7.37,7.66,5.94
ADARB1,5.31,5.22,5.1,5.41,5.24,4.75,5.04,5.18,5.23,5.35,5.41,5.44,5.05,5.97,5.49,5.08,5.37,5.27,5.12,5.1,5.34,5.54,5.57,5.4,5.54,5.01,4.88,5.53,5.32,4.18,6.58,6.54,5.31,5.32,5.53,5.25,5.65,5.15,6.1,5.23,5.25,5.04,5.25,7.1,5.19,5.27,5.64,5.36,5.06,5.51
ADARB1,7.38,7.37,7.4,7.34,7.71,7.4,7.28,7.28,7.03,7.39,7.33,7.27,7.13,7.26,7.64,7.5,7.45,7.01,7.18,7.25,7.33,7.68,7.73,7.61,7.67,7.54,7.23,7.41,7.21,6.99,7.67,8.12,7.68,7.64,7.76,7.43,7.57,7.49,7.7,7.61,7.49,7.64,7.52,7.57,7.58,7.68,7.37,7.41,7.3,7.12
ADARB1,5.96,6.12,5.99,6.17,6.54,6.26,6.76,6.24,5.95,6.03,6.27,5.94,6.05,6.91,6.28,5.94,6.17,5.97,5.92,6.12,5.97,6.07,6.37,6.33,5.92,6.3,5.95,6.2,6.13,5.23,5.66,6.28,6.31,6.64,6.54,5.99,6.37,6.34,5.86,6.42,6.31,6.23,5.66,5.98,5.87,6.1,5.91,6.2,6.35,5.6
ADARB1,4.81,4.7,4.62,5.01,4.81,4.72,5.59,4.71,4.78,4.76,5.1,4.97,5.17,4.91,4.51,4.78,4.39,4.46,4.3,4.74,5.05,4.87,4.8,4.6,4.5,4.36,4.78,4.88,4.66,4.6,4.79,4.5,5.02,4.91,4.76,4.47,4.91,4.34,4.33,4.8,4.45,4.8,4.84,4.36,4.52,5.19,4.58,4.57,4.76,5.22
ADARB2,3.69,3.72,3.8,3.65,3.6,3.88,4.24,3.63,3.67,3.79,3.51,3.63,3.86,5.15,3.57,3.52,3.59,3.55,3.48,3.69,3.63,3.74,3.54,3.4,3.53,3.59,3.58,3.53,3.51,6.99,4.42,4.99,3.69,3.42,3.61,3.33,3.73,3.6,4.22,3.74,3.52,3.6,3.93,4.94,3.68,4.1,3.65,3.68,3.7,4.46
ADARB2,3.88,4.07,4.25,3.96,4.08,3.8,4.27,4.13,3.84,3.9,3.85,3.9,4.1,5.33,4.16,3.82,3.85,4.06,4.07,4.12,3.92,4.06,3.89,3.98,4,4.02,3.89,3.96,3.88,3.84,4.34,4.3,4.03,3.78,4.08,3.48,4.02,4.05,4.05,4.18,4.08,4.02,4.05,5.84,3.67,3.93,3.6,4.12,3.77,5.14
ADARB2,4.32,4.37,4.46,4.48,4.82,4.44,4.79,4.26,4.45,4.32,4.49,4.38,4.49,5.75,4.25,4.42,4.44,4.41,4.41,4.4,4.41,4.65,4.54,4.41,4.45,4.69,4.48,4.32,4.41,4.38,6.07,4.67,4.49,4.21,4.42,4.28,4.37,4.49,4.74,4.48,4.13,4.44,4.41,4.75,4.7,4.58,4.36,4.34,4.48,5.85
ADARB2,3.82,3.67,4.25,4.07,3.79,4.25,3.72,4.13,3.73,3.89,3.88,3.85,3.56,5.25,3.98,3.85,3.87,4.19,3.77,3.86,4.02,3.87,3.8,3.7,3.84,3.92,3.96,3.94,3.8,4.04,4.72,5,4.17,3.7,4.28,3.89,4,3.8,4.36,3.93,4.25,3.75,4.24,4.56,3.68,3.81,4.51,3.85,4.02,4.92
ADARB2,5.27,5.52,5.12,5.34,4.85,4.98,5.04,5.15,5.28,5.18,5.35,5.53,5.09,5.38,5.48,5.22,5.28,5.39,5.32,5.38,5.42,5.47,5.21,5.31,5.33,4.93,5.29,5.65,5.12,5.19,4.68,5.27,5.09,5.13,5.42,5.33,4.83,5.31,5.64,5.31,5.01,5.73,5.72,6.28,5.02,5.3,5.26,5.34,5.36,5.55
ADAT1,7.96,8.01,8.08,8.04,7.85,7.93,7.31,8.15,8.02,8.18,8.14,8,8.18,7.29,7.92,8,8.05,7.99,7.76,7.93,8.2,8.04,8.18,7.89,7.98,7.88,8.11,8.08,7.96,7.69,6.66,6.36,8.12,8.15,8.02,8.13,7.87,8.04,7.4,8.21,8.17,8.26,8.18,8,7.91,7.97,8.25,8.05,8.24,7.61
ADAT1,7.35,6.88,7.03,7.13,6.21,6.5,6.55,6.81,7.09,7.19,6.62,7.15,7.23,5.66,6.86,7.13,7.12,7.02,6.92,6.98,7.27,7.21,6.98,7.05,6.9,7.13,7.07,7.21,6.55,5.29,6.64,6.58,7.16,7.27,6.89,6.98,6.65,7.12,5.36,6.57,6.71,6.27,6.7,5.91,6.75,6.53,6.75,6.56,7.11,5.8
ADAT2,7.48,7.72,7.65,7.46,8.01,7.8,7.56,7.35,7.54,7.74,7.94,7.22,7.45,7.73,7.32,7.23,7.52,7.48,7.29,7.49,7.32,7.42,7.4,7.17,7.12,7.02,7.68,7.69,7.93,7.81,7.38,8.51,6.77,7.02,7.01,7.3,7.5,7.3,7.26,7.53,7.57,7.42,7.61,6.17,7.69,7.86,7.6,7.53,7.71,7.05
ADAT2,6.13,6.34,6.58,6.57,6.69,6.49,6.75,6.35,6.46,6.38,6.6,6.23,6.28,5.87,5.94,6.13,5.9,6.45,6.53,6.51,5.83,5.81,5.68,6.05,6.01,5.78,6.34,6.37,6.32,6.49,4.23,5.41,5.39,5.49,5.42,6.17,6.26,5.94,6.36,6.31,6.36,6.31,6.15,5.75,6.18,6.34,6.12,6.31,6.48,5.93
ADAT2,4.17,4.35,4.29,4.3,4.34,4.22,4.05,4.23,4.29,4.24,4.6,4.31,4.11,4.25,4.35,4.45,4.35,4.57,4.16,4.44,4.14,4.51,4.39,4.21,4.29,4.03,4.74,4.17,4.15,4.28,4.3,4.57,3.9,4.06,4.34,4.25,4.26,4.31,4.24,4.15,4.38,4.25,4.38,6.15,3.98,4.21,4.27,4.34,4.17,5.36
ADAT3,6.91,6.86,6.99,6.97,6.97,6.97,5.65,7.27,6.84,6.69,6.86,6.52,6.64,6.56,6.63,6.61,6.67,6.26,7.01,6.84,6.7,6.71,6.55,6.93,6.78,6.74,6.92,6.8,7.09,6.15,7.31,5.74,6.62,6.72,6.58,6.91,6.89,7.1,6.42,7.12,6.9,7.28,7.29,6.85,6.75,7.05,6.93,6.99,6.88,6.11
ADC,5.44,5.42,5.78,5.57,5.9,5.82,5.79,6.04,5.34,5.53,5.45,5.54,5.46,6.52,5.51,5.84,5.41,6.22,5.81,5.71,5.58,5.58,5.26,5.75,5.78,5.81,5.79,5.65,5.87,5.59,6.59,6.6,5.41,5.48,5.62,5.46,5.64,5.61,5.66,6.07,5.64,5.96,5.87,5.69,5.55,6.27,5.43,5.62,5.49,7.13
ADC,4.23,4.25,4.26,4.5,4.26,4.83,4.58,4.84,4.18,4.44,4.61,4.44,4.16,5.03,4.14,4.44,4.39,4.69,4.4,4.63,4.33,4.25,4.25,4.53,4.41,4.37,4.16,4.29,4.33,5.4,6.46,6.45,4.26,4.19,4.49,4.44,4.33,4.21,4.56,4.73,4.61,4.31,4.52,5.7,4.34,4.18,4.54,4.43,4.34,5.6
ADC,4.33,4.29,4.4,4.34,4.36,4.41,4.74,4.12,4.29,4.28,4.26,4.41,4.34,5.32,4.19,4.49,4.25,4.37,4.14,4.36,4.2,4.4,4.29,4.27,4.02,4.21,4.44,4.38,4.61,4.94,6.27,5.07,4.27,4.55,4.55,4.23,4.15,4.42,4.89,4.15,4.37,4.28,4.15,4.2,4.33,4.1,4.56,4.04,4.61,5.07
ADC,4.52,4.5,5.03,4.7,5.24,5.65,4.51,5.11,4.56,4.54,4.53,4.54,4.49,4.97,4.82,4.99,4.68,4.52,4.7,4.95,4.56,4.7,4.65,4.61,5.32,4.7,4.63,4.97,4.63,5.38,5.86,5.04,4.6,4.59,4.74,4.68,4.92,4.69,4.63,5.32,4.68,5,4.66,5.88,5.04,5.3,4.78,4.89,4.82,4.99
ADC,4.59,4.15,4.35,4.58,4.47,4.51,4.76,5.04,4.46,4.72,4.9,4.39,4.52,4.83,4.62,4.8,4.61,4.52,4.75,4.64,4.57,4.55,4.49,4.67,4.79,4.54,4.53,4.75,4.57,4.03,4.56,5.28,4.42,4.52,4.8,4.54,4.12,4.45,4.57,4.79,5.13,4.52,5.11,5.4,4.68,4.13,4.69,4.57,4.58,4.85
ADC,4.28,4.15,4.24,4.68,4.49,4.73,4.17,4.73,4.26,4.42,4.4,4.26,4.15,5.79,4.33,4.59,4.25,4.66,4.26,4.81,4.21,4.7,4.42,4.69,4.46,4.3,4.4,4.75,4.55,4.23,4.94,4.58,4.31,4.52,4.88,4.43,4.34,4.62,4.24,4.68,4.32,4.91,4.79,5.68,5.18,4.5,4.61,4.58,4.48,6.64
ADC,4.5,4.61,4.95,4.79,5.33,4.89,4.8,4.96,4.62,4.88,4.9,4.67,4.68,5.99,4.88,4.74,4.78,4.88,5.01,4.88,4.77,4.77,4.61,4.81,5.09,4.86,4.86,4.95,4.88,4.75,6.34,6.34,4.78,4.86,4.63,4.63,4.92,4.69,5.33,4.56,4.99,4.99,4.92,5.43,4.59,5.35,4.72,5.14,4.86,6.77
ADC,5.19,5.21,5.04,5.41,5.31,4.98,5.04,5.29,5.29,5.33,5.12,5.19,5.24,5.4,5.14,5.19,5.14,5.13,5.24,5.13,5.42,5.57,5.04,4.99,5.25,4.84,5.08,5.04,5.08,5.05,5.2,4.55,5.3,5.2,4.9,5.13,5.08,5.18,5.75,5.28,4.8,5.73,5.5,5.17,5.11,5.11,4.99,5.09,4.97,5.44
ADC,4.2,4.15,4.42,4.56,4.42,4.88,4.03,4.49,4.26,4.26,4.4,4.08,4.06,5.24,4.5,4.69,4.26,4.6,4.76,4.72,4.13,4.08,4.23,4.63,4.56,4.07,4.59,4.53,4.3,4.6,4.21,4.06,4.13,4.14,4.54,4.31,4.32,4.61,4.69,4.91,4.69,4.72,4.59,5.53,4.6,4.6,4.39,4.38,4.56,4.93
ADC,6.27,6.04,6.42,6.46,6.46,6.52,6.38,6.19,6.13,5.79,6.31,6.26,6.08,6.64,6.28,6.59,5.99,6.25,6.4,6.4,6.11,6.38,6.13,6.35,6.39,6.07,6.2,6.33,6.23,7.04,8.19,7.82,6.1,6.19,6.3,6.3,6.19,6,6.66,6.13,6.25,6.33,6.25,6.28,6.34,6.8,6.65,6.3,6.42,7.73
ADC,4.93,5.15,5.28,5.02,5.09,4.93,5.22,5.62,5.21,5.23,5.23,5.12,4.91,5.76,5.01,4.84,5.12,5.16,5.34,5.21,5.07,5.21,4.99,5.25,5.36,5.23,5.42,5.09,5.36,5.16,5.08,5.49,5.08,5.18,5.13,5.34,5.09,4.99,5.64,5.15,5.34,5.29,5.53,6.35,5.22,5.18,5.05,5.05,5.12,6.15
ADCK1,6.64,6.42,6.8,7.04,7,6.89,5.69,7.39,6.8,6.74,6.8,6.99,6.63,6.67,7.01,6.87,6.74,7.07,6.84,6.84,6.74,7,6.9,6.93,7.06,6.73,7.06,6.94,7.02,6.54,5.41,6.37,6.69,6.68,6.77,6.8,6.29,6.89,6.39,7.15,6.93,7.25,7.33,6.06,7.43,6.88,7.31,7.15,6.96,6.16
ADCK1,6.81,6.69,6.88,7.06,7.51,6.79,6.16,7.26,6.81,6.88,7.15,7.01,6.63,7.19,6.69,7.18,6.84,6.99,6.76,6.85,6.78,7.07,6.95,7.1,7.22,6.89,6.93,7.04,6.71,6.02,5.67,7.34,6.66,6.81,6.86,7.01,6.79,6.77,6.09,7.31,7.16,7.15,7.27,5.86,7.36,7.53,7.16,7.12,6.97,7.92
ADCK1,5.07,4.9,5.03,4.87,5.17,5.33,5.04,5.05,5.1,5.06,5.38,4.99,4.9,4.95,5.23,4.64,5.25,5.17,5.22,4.96,4.77,4.99,5.3,5.11,5,5.12,5.19,5.09,5.21,4.49,5.44,5.95,4.84,4.69,4.89,5.05,4.76,5.04,4.74,5.17,5.03,5.16,5.01,4.69,5.52,5.25,5.6,5.09,5.19,5.7
ADCK1,6.3,6.16,6.6,6.56,6.49,6.4,6.49,6.48,6.44,6.45,6.26,6.31,6,6.94,6.45,6.15,6.63,6.28,6.4,6.37,6.19,6.21,6.09,6.43,6.49,6.48,6.39,6.36,6.11,6.58,8.25,6.85,6.13,6.3,6.34,6.24,6.88,6.6,6.21,6.51,6.47,6.7,6.49,6.75,6.65,6.2,6.48,6.5,6.06,8.91
ADCK2,6.6,6.15,7.04,6.86,6.79,6.83,5.8,6.84,6.83,6.75,6.63,6.65,6.43,5.77,6.54,6.78,6.81,6.87,6.74,6.68,6.63,6.61,6.22,6.49,6.68,6.81,6.8,6.63,6.9,5.56,7.65,7.41,7.07,6.92,7.01,6.74,6.77,7.1,6.87,6.8,6.7,7.04,7.18,5.66,7.01,6.98,6.97,6.4,6.76,6.88
ADCK2,6.87,6.49,7.25,7.13,7.34,7.33,7.34,7.03,6.92,6.98,7.13,6.73,6.34,5.33,6.93,6.96,6.95,7.27,7.06,6.77,6.78,6.7,6.59,6.81,7.06,6.69,7.08,7.04,6.87,6.12,5.95,4.92,7.08,7.24,7.17,7.15,7.09,7.16,6.37,6.92,6.91,7.32,7.27,6.41,7.16,7.07,7.19,6.87,6.95,6.32
ADCK2,5.73,5.35,5.54,5.98,5.39,5.05,5.5,5.66,5.51,5.77,5.53,5.64,5.37,4.84,5.59,5.39,5.37,5.5,6,5.84,5.59,5.37,5.11,5.77,5.38,5.21,5.63,5.91,5.1,5.21,5.43,5.48,5.82,5.89,5.82,5.62,5.04,5.74,5.89,5.39,5.39,5.05,5.25,5.04,5.59,5.31,5.38,5.33,5.46,3.95
ADCK4,7.47,7.48,7.63,7.53,7.65,7.31,7.37,7.97,7.49,7.56,7.68,7.3,7.35,5.9,7.34,7.42,7.34,7.81,7.74,7.78,7.35,7.61,7.58,7.53,7.71,7.7,7.89,7.5,7.73,7.32,5.95,7.07,7.22,7.42,7.52,7.84,7.46,7.77,7.74,7.75,7.91,8.04,7.94,5.55,7.79,7.39,7.58,7.77,8,7.42
ADCK5,7.65,7.1,7.35,7.44,7.84,7.52,7.03,7.61,7.33,7.25,7.44,7.35,7.35,6.25,7.45,7.09,7.57,7.39,7.54,7.35,7.55,7.4,7.6,7.6,7.53,7.54,7.51,7.14,7.43,7.12,4.48,7.01,7.71,7.93,7.91,7.84,7.48,7.63,7.13,7.89,7.41,7.6,7.64,6.08,7.43,7.47,7.41,7.32,7.55,6.79
ADCY1,11.07,11.07,11.18,11.16,11.05,11.05,11.14,11.22,11.03,11.09,11.16,11.12,11.17,11.1,11.15,11.23,11.06,11.2,11.25,11.26,11,11.26,11.23,11.33,11.37,11.29,11.09,11.08,11.06,11.8,10.64,11.25,10.38,10.56,10.55,11.28,11.34,11.29,10.82,10.88,10.86,11.58,11.44,10.92,11.11,11.16,11.15,11.23,11.28,10.92
ADCY10,3.81,3.96,3.77,3.87,4.02,4.52,4.33,3.9,3.91,3.8,3.8,3.9,3.76,4.42,3.79,3.81,3.78,3.87,3.71,3.88,4.11,3.84,3.78,3.89,3.69,3.51,3.64,3.75,3.85,4.05,4.05,5.55,3.93,3.98,3.83,3.7,3.97,3.76,4.6,3.84,4.27,4.08,4.37,3.78,3.74,3.77,3.87,4,3.7,5.21
ADCY2,4.18,4.23,4.33,4.35,4.46,4.06,4.31,4,4.39,4.38,4.5,4.38,4.27,4.41,4.31,4.18,4.12,4.36,4.19,4.22,4.58,4.44,4.19,3.98,4.3,4.48,4.12,4.81,4.12,5.03,5.29,5.47,4.27,4.18,4.29,3.98,4.3,3.99,5.29,4.1,4.04,4,4.13,4.1,4.11,4.35,4.32,4.05,4.44,5.21
ADCY2,3.72,3.84,3.51,3.74,3.87,3.87,4.85,3.55,3.78,3.86,3.72,3.82,3.77,4.16,3.77,4.01,3.49,3.51,3.68,3.86,3.8,3.72,3.84,3.82,4.02,3.77,3.61,3.67,3.9,4.92,4.87,4.06,3.81,3.65,3.53,3.54,3.38,3.74,4.03,3.79,3.77,4.18,3.66,3.88,3.96,3.77,3.73,3.76,3.67,3.75
ADCY2,3.52,3.44,3.56,3.55,3.65,3.56,3.59,3.46,3.56,3.5,3.66,3.66,3.58,4.05,3.56,3.76,3.61,3.71,3.47,3.47,3.89,3.72,3.66,3.69,3.44,3.36,3.58,3.76,3.6,3.69,3.98,4.24,3.7,3.79,3.4,3.88,3.43,3.42,3.49,3.51,3.51,3.73,3.83,3.69,3.43,3.56,3.54,3.53,3.38,3.61
ADCY2,5.42,5.69,5.72,5.78,5.77,5.96,6.02,5.81,5.61,5.49,5.76,5.92,5.76,7.29,5.76,5.94,5.66,5.54,5.58,5.73,5.9,6.23,6.01,5.64,5.74,5.41,5.54,5.98,5.98,5.67,6.49,6.84,5.71,5.5,5.45,5.66,5.59,5.58,5.88,5.98,5.73,5.66,6.11,7.86,5.8,5.69,5.64,5.65,5.45,7.76
ADCY3,9.53,9.52,9.71,9.65,10.01,9.77,9.54,9.74,9.54,9.59,9.77,9.57,9.29,9.3,9.33,9.26,9.3,9.75,9.71,9.88,9.18,9.26,9.28,9.17,9.4,9.2,9.74,9.6,9.68,10.08,9.44,9.32,9.06,9.19,9.15,9.29,9.36,9.36,9.72,9.66,9.47,9.76,9.74,9.91,9.68,9.49,9.65,9.47,9.58,9.71
ADCY4,4.07,4.12,4.44,4.4,3.97,4.26,5.38,4.42,3.78,4.01,4.55,4.19,4.03,5.45,3.92,4.08,3.86,4.22,4.01,3.82,3.9,3.99,4.14,4.45,4.11,3.98,4.18,4.21,4.19,4.92,6.04,5.24,3.96,4.3,3.94,3.87,4.16,3.98,5.21,4.18,4,4.29,4.3,5.84,4.25,4.98,4.01,4.1,4.04,4.71
ADCY5,4.25,4.15,3.88,3.91,4.33,4.26,4.9,3.78,4.06,3.89,4.27,4.04,3.97,5.38,3.93,3.96,3.86,4.04,3.91,4.09,4.18,4.63,4.24,3.87,3.84,3.72,4.04,4.01,4.12,5.42,3.91,6.11,3.85,4.37,3.78,4.03,4.09,4.05,3.62,4.14,4.22,3.86,3.97,4.05,3.88,3.85,3.94,4.21,4.03,4.77
ADCY6,6.65,6.77,6.99,6.87,7.42,7.2,6.66,7.21,6.78,6.88,7.07,6.74,6.6,6.83,6.98,7.4,7.15,6.72,6.75,6.8,7.23,7.03,6.97,6.84,6.99,7.18,7.03,6.61,6.79,6.58,6.38,7,6.45,7.16,6.74,7.09,7.32,7.2,6.47,7.27,7.22,7.6,7.49,7.29,6.94,7.54,7.18,7.04,7.13,6.27
ADCY6,4.55,4.74,4.6,4.39,4.46,4.3,4.8,4.96,4.57,4.65,4.62,4.63,4.52,4.23,4.55,4.5,4.77,4.7,4.66,4.43,4.78,4.51,4.71,4.53,4.69,4.88,5.02,5.15,5.11,4.53,5.75,5.08,4.79,4.63,4.57,4.51,4.23,4.45,3.97,4.38,4.51,5.06,4.48,4.31,4.39,4.49,4.39,4.93,4.47,5.1
ADCY7,9.8,10.07,9.76,9.86,9.92,9.65,9.52,9.92,9.79,9.81,10.02,9.82,10.01,10.36,9.69,9.69,9.57,9.81,9.82,9.91,9.76,9.79,10.12,9.58,9.71,9.71,9.81,9.84,9.97,9.8,8.18,10.23,9.27,9.39,9.38,9.51,9.59,9.5,9.59,9.76,9.86,9.97,10,10.4,9.69,9.85,9.75,9.9,9.91,9.37
ADCY7,7.4,6.7,7.1,7.23,6.48,6.12,5.17,7.38,7.14,7.39,6.17,7.1,7.04,5.54,7.07,7.06,6.99,7.14,7.2,7.46,7.12,7.23,6.12,6.89,7.08,7.34,6.87,7.39,6.59,7.07,6.08,6,6.87,6.93,6.85,6.95,6.6,7.14,6.55,6.98,6.74,6.52,5.95,5.14,6.83,6.19,7,7.03,6.84,5.94
ADCY7,6.22,5.95,6.41,6.37,6.76,6.56,6.68,6.49,6.29,6.29,6.38,6.39,6.23,5.83,6.38,6.61,6.33,6.37,6.15,6.54,6.34,6.48,6.22,6.41,6.49,6.47,6.21,6.66,6.49,5.93,8.52,5.42,6.09,6.38,6.08,6.42,6.04,6.21,5.9,6.54,6.52,6.4,6.62,6.68,6.42,6.32,6.35,6.57,6.33,7.01
ADCY8,3.79,4.04,4.11,3.93,4.03,3.98,4.16,3.87,4.01,3.89,4.03,3.82,4.11,4.12,3.68,3.95,4.05,4.02,3.75,3.96,3.98,4.19,4.04,3.86,4.05,3.9,4.56,4.05,4.34,4.23,4.65,4.13,4.15,3.84,4.34,3.78,4.14,3.69,4.57,3.78,4.08,3.92,4.31,4.14,4.25,3.66,4.04,3.83,3.76,4.23
ADCY9,5.78,5.99,5.72,6.12,6.53,6.13,6.33,6.11,5.75,6.04,6.15,5.86,5.35,6.91,5.54,5.77,5.66,6.21,6.07,6.28,5.82,5.71,5.91,5.38,5.88,5.7,5.85,5.77,6.03,5.79,6.13,5.82,5.67,5.65,5.56,5.86,5.76,5.9,5.9,6.09,5.84,6.71,6.68,5.52,5.61,5.49,5.86,5.68,5.94,4.82
ADCY9,5.45,5.6,5.51,5.21,5.07,5.09,4.19,4.86,5.37,5.49,5.68,5.41,5.4,5.94,5.11,5.31,4.82,5.36,5.22,5.14,5.22,5.47,5.29,4.91,5.08,4.85,5,5.56,5.18,3.77,6.03,4.54,5.34,5.27,5.22,5.06,4.7,4.75,5.42,5.34,4.93,5.5,5.07,5.03,4.7,4.95,4.78,5.22,5.24,6.48
ADCY9,5.62,5.99,5.95,5.89,6.36,5.63,4.87,5.98,5.91,5.79,6.19,5.33,5.75,6.17,5.59,5.67,5.53,5.69,5.65,5.44,5.09,5.69,5.84,5.57,5.54,5.19,5.66,5.82,6.22,5.57,7.04,6.87,5.88,5.87,5.67,5.5,5.55,5.79,5.61,5.75,5.94,5.98,5.91,6.29,5.84,5.37,6.21,5.77,5.79,6.61
ADCYAP1,3.99,4.21,4.01,4.08,3.92,3.87,3.88,4.21,4.28,4.1,4.25,4.15,4.29,4.68,4,4.11,4.23,4.15,4.01,4.2,3.98,4.35,4.03,3.86,4.11,3.93,4.12,4.17,4.19,5.24,5.02,4.7,3.83,4.01,3.87,3.83,3.85,3.9,4.07,3.93,3.89,4.06,4.06,4.86,3.8,4.18,3.95,4.11,4.2,4.4
ADCYAP1,4.64,4.6,4.15,4.64,4.74,4.24,4.23,4.56,4.23,4.33,4.66,4.5,4.74,5.06,4.4,4.42,4.34,4.52,4.2,4.26,4.56,4.68,4.43,4.54,4.52,4.2,4.5,4.65,4.35,4.28,4.41,4.82,4.38,4.73,4.49,4.48,4.5,4.29,4.1,5.04,4.06,4.52,4.28,4.92,4.49,3.91,4.49,4.57,4.28,6.03
ADCYAP1,3.96,4.14,3.88,4.09,4.38,4.45,4.95,4.04,4.03,4.01,4.1,4.05,4.12,4.85,4.09,4.18,3.85,4.12,4.13,4,4.3,4.18,4.47,4.14,3.92,3.81,3.68,4.03,3.96,4.27,4.19,4.07,4.31,4.36,4.03,3.96,4.15,3.97,4.89,4,3.96,3.87,3.93,4.38,3.72,4.23,3.99,3.92,4.28,4.81
ADCYAP1R1,3.97,4.15,4.14,4.29,4.62,4.5,5.24,4.36,4.13,4.24,4.61,4.3,3.99,5.68,4.27,4.31,4.17,4.45,4.31,4.41,4.38,4.39,4.29,4.29,4.48,4.42,4.09,4.06,4.14,4.69,6.35,6,4.12,4.39,4.55,4.34,4.47,4.17,5.53,4.17,4.42,4.3,4.43,5.36,4.46,4.33,4.17,4.2,4.02,5.46
ADCYAP1R1,5.54,5.35,5.68,5.82,5.87,5.88,5.33,5.49,5.43,5.61,5.76,5.69,5.26,5.94,5.52,5.95,5.67,6.12,5.43,6.03,5.72,5.84,5.6,5.85,5.76,5.81,5.56,5.69,5.66,5.46,5.56,6.2,5.73,5.57,5.7,5.63,6,5.61,5.89,5.69,5.63,6.03,5.92,5.41,5.9,5.75,6.02,5.84,5.99,6.13
ADCYAP1R1,6.02,6,5.88,5.92,5.93,6.18,6.24,5.85,6.09,5.86,6.25,5.87,5.91,7.87,6.32,5.77,5.82,6.21,6.21,6.04,5.68,6.06,6.11,6,6.05,5.74,5.82,5.86,5.9,5.65,5.43,7.03,5.7,5.92,6.3,5.82,6.01,5.77,6.88,5.58,5.84,6.22,6,7.18,5.88,5.88,6.29,5.76,5.7,7.19
ADD1,10.58,10.68,10.57,10.68,10.63,10.75,10.39,10.46,10.54,10.54,10.64,10.63,10.75,8.85,10.67,10.47,10.63,10.5,10.51,10.43,10.79,10.63,10.82,10.55,10.54,10.68,10.61,10.48,10.7,11.05,9.65,9.74,10.34,10.31,10.35,10.63,10.7,10.55,10.66,10.73,10.74,10.92,10.93,9.65,10.68,10.56,10.54,10.63,10.8,9.27
ADD1,11.33,11.46,11.38,11.41,11.47,11.49,11.22,11.35,11.28,11.32,11.56,11.41,11.35,11.23,11.42,11.26,11.43,11.24,11.3,11.3,11.47,11.48,11.6,11.43,11.41,11.39,11.42,11.36,11.46,11.5,10.62,11.77,11.13,11.09,11.13,11.38,11.42,11.36,11.25,11.5,11.39,11.63,11.74,10.48,11.45,11.46,11.36,11.4,11.47,10.7
ADD1,4.97,4.5,5.04,4.81,4.64,4.78,5.36,5.57,4.87,5.04,4.43,4.53,4.93,4.95,5.01,5.15,4.83,5.01,5.01,5.19,5.14,4.61,4.14,5.16,5.11,5.57,5.26,5.01,4.73,5.8,5.48,5.15,5.09,4.73,4.82,5.12,4.6,5.23,4.69,5.06,5.11,5,4.98,4.66,5.1,5.38,4.78,5.04,4.55,4.56
ADD1,5.76,4.9,5.78,5.57,5.02,5.05,5.28,5.82,5.65,5.85,4.97,5.33,5.2,4.98,5.45,5.69,5.51,6.09,6.14,6.14,5.79,5.42,5.28,5.69,5.92,5.83,5.91,5.67,5.41,5.19,5.19,5.6,6.1,5.13,5.5,5.92,5.28,5.38,4.5,5.38,5.61,5.82,5.6,4.65,5.49,5.4,6.01,5.48,5.44,5.03
ADD1,7.21,6.39,6.88,6.69,6.3,6.53,6.29,6.76,7.05,6.52,6.07,6.83,6.41,5.45,7.12,6.88,7.23,7.02,7.05,7.33,6.82,6.96,6.13,7.33,7.04,7.22,6.84,6.93,5.87,4.59,4.84,5.28,6.59,6.33,6.6,7.05,6.38,6.95,6.47,6.68,6.79,6.41,6.24,4.76,6.8,6.35,6.82,6.85,6.61,4.39
ADD2,4.42,3.9,4.44,4.27,4.78,4.91,4.52,4.07,4.09,4.27,4.32,4.01,3.94,5.6,4.33,4.25,4.07,4.31,4.39,4.06,3.84,4.01,4,4.25,4.36,4,4.3,3.95,4.35,5.48,6.23,5.19,4.27,4.2,4.08,3.8,4.14,4.11,4.13,4.57,4.86,4.05,4.18,4.38,4.73,4.6,4.02,3.99,4.05,4.88
ADD2,4.76,4.43,4.96,5.08,4.87,4.77,4.76,4.86,4.87,4.64,5.14,4.82,4.48,5.63,5,4.75,4.63,5.15,5.07,5.15,4.38,4.85,4.46,4.75,4.93,4.6,4.61,5.08,4.68,5.39,5.89,5.77,4.83,4.74,4.7,4.47,4.32,4.96,4.53,4.7,4.79,5.21,4.65,6.37,4.76,4.79,4.77,4.66,4.78,6.22
ADD2,4.87,4.58,5.14,5.36,5.98,4.41,3.65,4.64,5.01,4.97,4.98,4.96,4.61,4.45,4.42,4.06,4.29,5.26,5.35,5.52,4.26,4.23,4.01,4.13,3.92,4.09,5.48,4.86,4.96,3.99,6.12,4.57,4.44,4.94,4.63,4.48,4.6,4.57,4.17,5.48,4.99,5.53,5.28,5.07,5.26,5.13,5.44,4.97,5.19,5.51
ADD2,5.32,4.77,5.18,5.45,5.42,5.21,5.77,5.89,5.23,5.4,5.48,5.38,5.21,5.78,5.31,5.57,5.09,5.7,5.33,5.31,5.57,5.31,5.3,5.31,5.53,5.35,5.56,5.44,5.78,4.75,6.16,5.16,5.41,5.19,5.42,5.34,4.46,5.49,6.17,5.51,5.76,5.78,5.86,6.12,5.53,5.93,5.45,5.59,5.53,5.81
ADD2,3.83,3.67,4.1,4.34,3.87,4.36,4.59,5.06,3.9,4.12,4.12,3.94,3.82,4.43,4.01,4.08,4.1,4.22,3.89,4.13,4.24,3.77,3.78,3.88,4.02,4.09,4.29,3.99,4.33,5.16,4.75,5.15,4.11,4.01,4.17,4.21,4.34,4,5,4.21,4.19,4.55,3.83,4.68,4.11,4.09,4.45,4.33,4.2,4.71
ADD2,3.86,4.18,4.03,3.9,4.01,3.98,3.9,4.06,4.11,3.99,4.25,4.02,4.16,5.7,3.76,4.03,3.73,4.02,4.06,4.09,4.18,4.27,3.94,4,3.78,4.33,3.98,4.28,4.1,4.24,4.46,4.6,3.79,4.34,4.1,3.85,4.11,3.83,4.55,3.84,3.66,3.85,4,4.99,4.01,3.77,4.13,4,3.82,4.57
ADD3,7.07,6.63,6.83,6.66,6.22,6.95,6.67,7.1,6.91,6.94,6.71,6.53,6.36,6.77,6.6,6.4,6.53,6.91,6.87,7.34,6.24,5.92,6.24,6.46,6.42,6.15,6.93,6.83,6.14,5.09,7.63,7.59,6.79,7.04,6.56,6.65,6.43,6.59,6.14,6.76,6.77,6.57,6.5,6.34,6.75,6.8,6.39,6.67,6.34,6.46
ADD3,7.73,8.19,7.86,7.46,7.32,7.44,7.62,7.54,7.78,7.88,7.87,7.47,7.61,6.6,7.22,7.36,7.01,7.51,7.58,7.57,6.95,7.17,7.35,6.95,6.91,7.13,7.39,7.6,7.59,6.99,7.16,6.58,7.42,7.27,7.6,7.32,6.9,6.94,8.23,7.56,7.48,7.46,6.98,5.59,6.61,7.07,7.19,7.57,7.6,6.48
ADD3,6.16,6.37,6.28,6.35,6.27,6.04,5.88,6.62,6.22,6.61,6.31,6.15,5.99,5.59,5.72,5.66,5.45,6.24,6.47,6.48,5.37,5.85,5.54,5.55,5.7,5.6,6.38,6.35,6.03,5.27,5,4.99,5.68,5.99,6.01,5.82,5.63,6.07,5.24,6.11,6.23,6.18,6.32,5.66,6.02,5.52,5.89,6.05,6.31,5.37
ADD3,6.35,6.49,6.38,6.53,6.8,6.6,6.94,6.55,6.35,6.43,6.45,6.38,6.14,6.26,6.06,5.86,5.89,6.3,6.49,6.53,5.82,5.77,5.92,5.71,5.97,5.79,6.21,6.17,6.43,6.5,6.29,6.18,6.21,6.32,6.4,6.17,6.03,6.02,6.47,6.51,6.59,6.48,6.37,5.94,6.21,6.25,6.13,6.3,6.33,6.25
ADD3,8.6,9.02,8.48,8.56,8.6,8.73,7.73,8.51,8.86,8.78,9.11,8.73,8.67,9.05,8.18,7.56,7.64,8.5,8.51,8.74,7.8,7.94,8.2,7.79,7.85,7.59,8.5,8.67,8.72,7.22,5.94,7.98,8.18,8.37,8.41,8.12,7.41,7.85,7.94,8.54,8.53,8.41,8.44,8.62,8.02,7.86,8.09,8.52,8.64,8.32
ADH1A,5.64,5.91,5.82,6.15,5.34,5.69,5.26,5.51,5.91,5.75,5.99,6.11,6.08,7.74,5.97,6.39,5.9,5.89,5.64,5.79,5.94,6.09,5.87,6.04,6.21,5.92,5.67,6.01,5.97,5.62,7.36,7,5.78,5.78,5.93,5.79,5.9,5.84,5.45,5.7,5.95,6.06,5.88,6.99,5.8,5.56,6.11,5.76,5.76,7.91
ADH1A,4.54,4.64,4.43,4.85,4.55,4.82,4.75,4.81,4.59,4.61,4.81,4.4,4.64,5.46,4.4,4.51,4.49,4.5,4.55,4.51,4.53,4.94,4.77,4.45,4.88,4.69,4.48,5.09,4.56,3.78,5.95,4.74,4.58,4.56,4.45,4.57,4.07,4.42,4.66,4.52,4.67,4.83,4.77,5.56,4.32,4.44,4.93,4.34,4.57,5.38
ADH1A /// ADH1B /// ADH1C,4.49,4.32,4.37,4.62,4.43,4.69,4.84,4.7,4.36,4.19,4.61,4.42,4.54,5.11,4.64,4.7,4.5,4.37,4.31,4.77,4.37,4.67,4.54,4.74,4.58,4.52,4.17,4.59,4.42,4.49,5.25,4.43,4.61,4.39,4.65,4.64,4.3,4.68,4.16,4.52,4.68,5.07,4.63,5.28,4.64,4.69,4.86,4.34,4.26,6.08
ADH1B,3.96,4.13,3.91,4.25,4.1,4.05,3.94,3.84,3.89,3.93,4.17,4.13,4.15,3.98,3.77,3.8,3.76,3.95,3.79,3.95,3.71,4.01,4,3.69,3.93,3.98,3.99,4,3.8,4.28,4.73,4.5,3.6,3.83,3.99,3.73,3.73,3.78,4.55,3.83,4.01,4.06,4.02,5.44,3.79,3.75,3.73,3.91,3.98,5.58
ADH1B,3.99,4.18,4.25,4.35,4.48,4.44,4.02,4.35,4.29,4.16,4.1,4.25,4.1,5.57,4.25,4.2,4.27,3.96,4.13,4.24,4.23,4.35,4.35,3.99,4.01,4.02,4.07,4.55,4.53,4.87,4.57,4.13,4.22,4.19,4.19,4.15,4.29,3.89,4.99,4.45,4.11,4.15,4.42,5.6,4.18,4.34,4.01,4.17,4.19,5.64
ADH1B,3.97,3.74,3.91,3.84,3.81,3.97,4.05,3.95,3.91,3.75,3.66,3.99,3.95,4.4,3.73,3.75,3.67,3.74,3.98,3.83,3.85,3.83,3.88,3.8,3.56,4.03,4.07,3.94,3.86,4.11,5.1,5.78,3.79,3.66,3.84,3.83,4.35,3.81,4.56,4.09,4.09,4.17,3.82,5.6,3.69,3.83,3.78,3.84,4.07,5.26
ADH1B,4.2,4.31,4.08,3.91,4.02,4.68,4.23,4.16,4.07,4.17,4.32,4.25,4.11,4.39,4.2,4.18,4.05,4.35,4.09,4.16,4.13,4.14,4.39,4.24,4.26,4.14,4.21,4.39,4.04,4.22,5.21,5.15,4.14,4.29,4.1,4.08,4.38,4.2,4.59,4.12,4,4.21,4.57,3.8,4.17,4.51,4.26,3.95,4.23,5.6
ADH1B,4.62,4.59,4.01,4.44,4.67,4.12,4.42,3.99,4.67,4.38,4.39,4.6,4.19,4.58,4.22,4.46,4.55,4.43,4.34,4.14,4.59,4.81,4.7,4.08,4.16,4.26,4.52,4.56,4.53,3.61,5.82,4.82,5.02,4.42,4.52,4.33,4.93,4.37,5.4,4.52,4.36,4.49,4.67,4.22,3.87,4.23,4.8,4.79,4.15,3.6
ADH1C,4.52,4.34,4.22,4.5,4.6,4.31,4.54,4.84,4.22,4.3,4.53,4.46,4.54,5.64,4.13,4.11,4.25,4.56,4.14,4.24,4.57,4.35,4.51,4.13,4.35,4.35,4.59,4.39,4.3,6.01,5.07,4.93,4.27,4.34,4.23,4.3,4.72,4.42,5.17,4.42,4.63,4.49,4.73,5.51,4.43,4.4,4.99,4.26,4.36,4.61
ADH1C,3.88,3.98,4.15,4.03,4.34,4.13,3.44,4.04,3.71,3.7,3.79,3.68,3.73,5.61,3.97,4.14,3.9,3.65,3.63,3.7,4,3.78,3.76,3.64,3.45,4.22,3.88,3.76,4.2,3.3,3.99,4.42,3.59,3.89,3.76,3.89,3.9,4.09,4.57,4.21,3.87,3.76,3.82,4.71,4.18,3.78,4.9,4.07,3.91,3.66
ADH4,3.74,4.16,4.01,4.12,3.67,3.66,4.01,3.8,3.88,3.82,3.92,3.95,3.89,5.28,3.67,3.6,3.76,3.97,3.85,3.87,4.13,3.82,3.9,4.02,4.01,3.76,3.97,3.79,4,4.72,5.67,5.65,3.95,3.64,3.72,3.73,4.57,3.86,4.06,3.75,3.72,3.93,3.91,5.41,4.04,3.82,3.87,3.74,3.75,5.75
ADH5,9.25,9.38,9.16,9.33,8.91,8.86,8.38,9.15,9.46,9.42,9.3,9.5,9.56,8.72,9.37,9.25,9.28,9.33,9.43,9.53,9.23,9.32,9.39,9.24,9.26,9.34,9.03,9.4,9.11,7.52,7.66,8.22,8.81,8.9,8.97,9.36,8.92,9.34,8.64,9.04,8.91,9.17,9.01,7.86,9.25,9.02,9.23,9.29,9.15,8.72
ADH5,8.76,8.79,8.75,8.82,8.51,8.41,8.1,8.68,8.87,8.82,8.81,8.93,8.88,8.02,8.86,8.7,8.87,8.96,8.87,9.11,8.59,8.77,8.62,8.8,8.79,8.83,8.64,8.91,8.51,7.45,4.88,6.04,8.45,8.53,8.33,8.92,8.61,8.8,8.71,8.65,8.37,8.41,8.44,8.5,8.93,8.55,8.87,8.58,8.73,6.85
ADH5,10.64,10.54,10.68,10.62,10.61,10.58,10.63,10.58,10.68,10.61,10.29,10.66,10.74,9.96,10.5,10.48,10.46,10.73,10.66,10.6,10.76,10.61,10.39,10.48,10.49,10.52,10.64,10.59,10.45,10.05,9.24,10.02,10.39,10.39,10.31,10.39,10.45,10.52,10.62,10.66,10.58,10.58,10.62,9.07,10.59,10.49,10.62,10.6,10.81,9.57
ADH5,8.04,8.14,8.11,8.14,8.55,8.03,7.49,8.06,8.24,8.13,8.37,8.21,8.33,7.58,8.46,8.26,8.43,8.62,8.28,8.38,8.34,8.29,8.07,8.2,8.16,8.43,8.15,8.16,8.15,8.46,4.81,6.48,7.96,7.88,8.15,8.33,8.65,8.08,7.27,8.21,8.16,8.21,8.44,8.46,8.68,8.48,8.28,8.25,8.41,7.24
ADH6,4.85,5.32,4.21,4.37,4.35,4.07,4.19,3.91,4.74,4.88,4.8,4.63,5.42,4.55,4.08,4.01,4.14,4.11,4.17,4.09,4.77,4.31,4.45,4.03,4.07,4.26,4.37,4.38,5.19,5.2,5.71,5.86,4.61,4.66,4.32,4.09,4.39,4.17,4.72,4.14,4.27,4.48,4.5,4.15,4.01,4.19,4.36,4.21,4.31,4.41
ADH6,4.16,4.16,3.74,3.97,4.93,3.98,4.1,3.88,3.59,3.63,3.84,3.9,3.88,5.77,3.98,4.09,3.75,4.03,3.74,3.77,4.19,3.8,3.95,4.03,4.05,3.75,3.7,3.86,4.03,5.28,5.1,4.69,4.08,3.9,4.03,3.79,4.01,3.72,4.3,3.89,3.64,4.55,4.12,5.14,3.77,3.87,4.08,3.96,3.97,4.33
ADH6,4,4.31,4.2,4.15,3.46,3.97,3.89,3.87,3.84,3.95,4.16,4.24,4.01,5.37,3.83,3.79,4.27,3.85,3.85,3.84,3.76,4.12,4.07,3.65,3.76,3.78,3.78,3.79,3.95,3.68,5.48,3.77,3.88,3.83,4,3.68,4.27,3.72,4.23,3.74,4,4.08,3.84,4.51,3.96,4.06,3.87,3.94,3.76,4.52
ADH7,3.66,3.72,3.4,3.55,3.53,3.67,3.81,3.57,3.6,3.65,4.01,3.64,3.85,4.2,3.47,3.51,3.63,3.5,3.64,3.58,3.91,3.63,3.57,3.52,3.68,3.46,3.72,3.5,3.57,4,3.68,4.36,3.97,3.86,3.76,3.55,3.55,3.46,3.68,3.47,3.4,3.81,3.62,4.21,3.48,3.7,3.59,3.56,3.51,4.14
ADH7,3.94,4.28,3.87,4.23,3.99,3.99,4.13,4.45,4.3,4.28,4.44,4.32,4.56,4.76,4.18,4.12,4.17,4.03,4.29,4.19,4.24,4.51,4.15,4.27,4.22,3.83,4.44,4.25,4.24,4.59,4.72,3.91,3.93,4.35,4.61,4.25,4.6,4.07,5.12,4.39,3.96,4.19,3.97,5.72,4.07,4.6,4.3,4.07,4.14,4.53
ADHFE1,5.79,5.61,5.67,5.5,6.38,5.69,5.68,6.09,5.7,5.67,5.87,5.94,5.34,6.53,6.13,6.13,5.67,5.88,6.19,5.93,6.2,6.15,5.99,6.23,6.21,6.04,5.91,5.86,6.21,6.03,7.32,5.71,5.94,6.25,6.12,5.9,5.71,6.31,5.79,5.98,6.49,6.57,6.76,6.09,6.15,6.2,5.84,5.94,6.1,5.83
ADHFE1,4.28,4.7,4.73,4.64,4.22,4.64,4.85,4.18,4.45,4.32,4.59,4.26,4.49,4.73,4.35,4.19,4.33,4.36,4.38,4.2,4.35,4.6,4.68,4.59,4.68,4.5,4.69,4.57,4.31,4.81,6.44,6.03,4.53,4.31,4.37,4.47,4.66,4.37,5.21,4.38,4.16,4.57,4.89,5.71,4.72,4.04,4.26,4.25,4.69,6.23
ADI1,9.79,9.68,9.61,9.59,9.49,9.32,9.68,9.59,9.8,9.77,9.27,9.78,9.78,8.21,9.69,9.58,9.66,9.63,9.66,9.76,9.6,9.55,9.41,9.55,9.65,9.71,9.66,9.64,9.41,7.56,4.55,7.02,10.17,10.21,10.11,9.65,9.46,9.72,9.11,9.48,9.42,8.96,9.18,6.55,8.97,9.09,8.86,9.58,9.52,7.61
ADI1,10.12,9.92,10.07,10.01,9.77,9.84,10.06,10.24,10.06,10.12,9.63,10.09,9.96,9.09,9.91,9.91,9.93,10.17,10.09,10.04,9.9,9.92,9.64,10.04,9.94,10.04,10.05,10.03,9.51,8.64,8.41,8.48,10.47,10.55,10.46,10.02,9.94,10.22,9.68,10.06,9.94,9.5,9.68,8.44,9.48,9.29,9.47,9.88,9.86,8.33
ADI1,11.19,11.3,11.21,11.15,10.95,11.01,10.97,11.2,11.15,11.08,11.08,11.29,11.27,9.86,11.15,11.13,11.12,11.18,11.23,11.22,11.02,11.12,11.05,11.12,11.14,11.15,11.1,11.21,11.14,10.1,9.78,9.68,11.59,11.63,11.63,11.3,11.05,11.27,10.96,11.17,10.93,10.84,10.65,9.28,10.63,10.42,10.55,11.06,11.14,9.05
ADIG,3.71,3.72,3.43,3.71,3.55,3.75,4.31,3.36,3.5,3.63,3.81,3.75,3.63,4.06,3.71,3.55,3.72,3.87,3.58,3.62,3.73,3.67,3.76,3.54,3.43,3.62,3.6,3.62,3.61,3.81,4.7,4.08,3.77,3.57,3.51,3.45,3.71,3.54,3.87,3.36,3.68,3.9,3.74,4.5,3.52,4.13,3.8,3.37,3.44,4.2
ADIPOQ,4.83,4.66,4.8,4.99,4.87,5.09,4.59,4.76,4.75,4.77,4.98,4.87,4.64,5.06,4.86,5.44,5.15,4.64,4.6,4.77,5.17,4.94,4.82,4.84,4.82,4.96,5.15,5.1,4.6,5.97,4.94,6.52,5.07,5,4.75,4.77,4.83,4.61,4.58,4.66,4.5,4.63,4.67,6.02,4.5,5.3,4.77,4.85,4.78,6.4
ADIPOQ,5.11,5.16,5.28,4.92,5.16,4.83,5.65,4.95,5.38,5.06,5.4,5.02,5.11,5.99,5.06,4.82,5.05,4.89,5.04,5.14,5.14,5.29,4.93,4.83,4.84,5.02,4.96,4.99,4.93,5.37,5.08,6.19,4.91,5.07,4.99,4.89,5.66,5.01,4.99,4.87,5.18,4.88,5.17,5.01,5.67,4.84,5.01,5.14,5,5.07
ADIPOQ,3.63,3.42,3.57,3.53,3.69,3.65,4.52,3.97,3.63,3.62,3.55,3.56,3.45,3.9,3.41,3.6,3.55,3.58,3.74,3.8,3.62,3.52,3.39,3.54,3.67,3.71,3.52,3.63,3.77,3.65,5.75,4.52,3.26,3.28,3.53,3.47,3.86,3.36,5.04,3.52,3.42,3.88,3.89,4.18,3.66,4.17,3.71,3.47,3.38,4.99
ADIPOQ,4.25,4.35,4.12,4.41,4.33,4.27,5.04,4.11,4.17,4.18,4.28,4.34,4.45,4.93,3.98,4.83,4.23,4.25,4.19,4.11,4.43,4.09,4.35,4.03,3.86,4.25,4.17,4.06,4.19,4.87,5.31,4.55,4.39,3.97,4.35,3.99,4.17,4.08,3.77,4.28,4.04,3.93,4.56,4.3,4.49,4.3,4.31,4.09,4.44,4.27
ADIPOR1,10.19,10,10.3,10.18,10.23,10.29,10.18,10.22,10.14,10.05,10,10.15,10.29,9.06,10.14,10.18,10.23,9.95,10.11,9.9,10.31,10.22,10.15,10.17,10.17,10.31,10.22,10.1,10.31,10.35,8.66,9.12,10.36,10.45,10.35,10.25,10.42,10.15,10.14,10.2,10.3,10.28,10.28,9.17,10.33,10.24,10.29,10.21,10.39,8.47
ADIPOR1,9.87,9.46,9.73,9.71,9.47,9.53,9.4,9.85,9.72,9.87,9.27,9.83,9.59,8.47,9.78,9.95,9.82,9.69,9.62,9.65,9.73,9.73,9.41,9.9,9.91,9.85,9.68,9.79,9.36,8.56,6.12,8.07,9.91,10.12,9.99,9.83,9.63,9.94,9.71,9.84,9.67,9.72,9.61,8.08,9.73,9.81,9.93,9.71,9.57,8.51
ADIPOR1,9.51,9.16,9.6,9.44,8.89,9.1,8.64,9.61,9.47,9.51,8.93,9.51,9.42,6.91,9.49,9.58,9.43,9.25,9.32,9.31,9.28,9.53,9.07,9.5,9.52,9.68,9.5,9.53,9.12,7.47,6.14,6.21,9.69,9.77,9.68,9.48,9.14,9.59,9.41,9.45,9.42,9.44,9.08,6.2,9.44,9.35,9.53,9.49,9.33,6.92
ADIPOR1,8.79,8.23,8.61,8.67,8.21,8.23,7.25,8.89,8.64,8.76,7.55,8.63,8.65,5.01,8.7,8.81,8.6,8.36,8.46,8.57,8.51,8.58,8.07,8.84,8.79,8.85,8.5,8.68,8.15,5.67,5.21,6.2,8.94,9.01,8.92,8.64,8.39,8.82,7.43,8.44,8.63,8.42,8.05,6.27,8.63,8.52,8.55,8.68,8.68,6.51
ADIPOR2,8.01,7.54,8.12,8.06,8.07,7.9,8.27,8.22,7.87,8.02,7.7,7.77,7.54,6.63,7.7,7.71,7.9,7.43,7.43,7.45,7.71,7.65,7.54,7.81,8.01,7.55,7.95,8,7.85,8.15,6.63,7.27,8.32,8.47,8.41,8.08,7.69,7.85,7.94,8.43,8.07,7.59,7.26,6.01,7.86,7.33,7.74,7.89,7.72,7.53
ADIPOR2,10.02,9.97,10.09,10.04,10.08,9.92,10.16,10.07,9.9,10.06,9.94,9.89,9.81,8.81,9.83,9.8,9.86,9.82,9.7,9.69,9.81,9.83,9.69,9.79,9.82,9.79,9.99,9.87,9.9,9.86,8.41,9.86,9.93,10.08,9.98,9.83,9.86,9.81,10.2,10.18,10.08,9.96,9.89,9.22,9.93,10.01,9.93,9.99,9.92,7.39
ADK,6.71,7.14,6.53,6.67,6.38,6.49,5.98,6.37,7.11,6.77,6.89,6.75,6.83,6.22,6.54,6.13,6.62,6.54,6.83,6.84,6.53,6.58,7.16,6.62,6.74,6.66,6.66,6.76,6.91,5.5,6.71,6.02,6.24,6.48,6.06,6.6,6.6,6.89,6.48,6.27,6.21,6.43,6.29,6.36,6.63,6.52,6.26,6.72,6.78,6.21
ADK,9.76,9.79,9.91,9.79,9.68,9.69,9.65,9.69,9.83,9.84,9.74,9.77,10.01,7.95,9.26,9.44,9.41,9.73,9.72,9.66,9.82,9.7,9.63,9.52,9.66,9.75,9.76,9.71,9.68,8.75,6.21,8.66,9.61,9.56,9.48,9.71,9.66,9.68,9.71,9.71,9.71,9.44,9.35,7.81,9.84,9.86,9.72,9.74,9.77,8.33
ADM,4.01,4.18,4.12,4.05,3.89,4.36,3.94,4.22,4.07,4,4.04,4.06,4.4,5.67,4.07,4.11,3.94,4.16,4.13,4.05,4.26,4.13,4.46,3.77,4.3,4.56,4.17,4.06,3.85,3.83,4.21,4.12,4.18,3.85,4.05,4.01,4.11,4.04,4.12,4.04,4.42,3.83,4.04,4.01,4.12,4.24,4.06,3.81,4.06,4.68
ADM,4.11,3.87,3.72,3.69,3.84,3.9,3.85,4.1,3.87,3.8,4.01,3.96,3.96,4.36,4.01,4.13,4.22,4.13,3.78,3.89,4.02,4.03,3.83,3.96,3.69,3.72,3.78,3.89,4.07,4.02,4.1,4.55,3.98,3.83,3.86,3.93,3.75,3.68,4.16,3.68,3.85,4.02,4.26,6.63,3.72,3.54,3.77,4.1,3.86,4.63
ADM,3.73,3.9,3.97,3.68,3.68,3.81,3.68,3.61,3.72,3.81,3.92,3.7,4.13,3.99,3.65,3.72,3.8,3.56,3.76,3.8,3.83,4.12,4.1,3.72,3.74,3.41,3.78,3.8,3.82,3.13,3.51,3.75,3.57,3.89,3.65,4.02,3.61,4.1,3.61,3.6,3.49,3.59,4.04,3.52,3.41,3.54,3.72,3.56,3.59,5.28
ADM2,4.7,4.99,5.07,4.85,4.82,4.88,4.63,4.79,4.92,4.75,4.87,5.06,4.99,6.56,4.93,5.01,5.06,4.83,4.76,4.77,4.9,5.24,5.03,4.93,4.93,4.66,4.57,5.04,4.76,4.63,4.7,7.05,4.79,4.87,5.11,4.74,4.75,5.25,5.02,4.78,4.81,5.46,5.27,5.99,4.98,4.77,4.8,4.9,5.12,6.41
ADM2,4.97,4.84,5.01,5.5,5.14,5.06,5.71,5.21,4.95,4.99,5.09,5.19,4.92,5.9,5.03,5.18,4.9,5.17,4.97,5.06,5.17,5.15,4.94,5.2,5.34,5.06,4.98,5.35,4.91,4.44,4.15,4.67,5.4,5.11,5.31,5.03,4.8,5.05,4.63,5.11,5.39,5.32,4.94,5.25,5.41,5.15,5.38,5.11,4.96,4.7
ADNP,11.37,11.46,11.29,11.34,11.34,11.35,11.43,11.62,11.25,11.44,11.44,11.37,11.16,11.35,11.35,11.27,11.18,11.33,11.33,11.49,11.32,11.37,11.22,11.41,11.35,11.24,11.39,11.43,11.15,11.04,10.87,11.53,11.39,11.4,11.42,11.33,11.39,11.35,11.39,11.53,11.35,11.42,11.4,11.45,11.37,11.39,11.47,11.32,11.21,11.38
ADNP,9.79,9.95,9.47,9.6,9.48,9.53,9.36,9.52,9.82,9.71,9.84,9.81,9.85,8.51,9.47,9.48,9.51,9.52,9.58,9.52,9.57,9.64,9.83,9.47,9.51,9.5,9.69,9.67,9.69,9.2,7.25,8.9,9.55,9.5,9.3,9.53,9.63,9.28,9.31,9.52,9.67,9.61,9.73,8.39,9.58,9.69,9.57,9.72,9.66,8.08
ADNP,8.61,8.8,8.53,8.65,8.38,8.46,8.39,8.78,8.87,8.68,8.73,8.76,8.81,8.44,8.6,8.48,8.51,8.67,8.68,8.79,8.51,8.58,8.83,8.6,8.57,8.6,8.63,8.68,8.58,8.07,7.78,8.44,8.45,8.66,8.64,8.69,8.55,8.59,8.56,8.66,8.62,8.62,8.54,8.74,8.39,8.45,8.61,8.61,8.64,8.68
ADNP2,9.09,8.99,8.8,8.63,9.11,9.25,9.47,8.95,8.84,8.99,9.05,8.58,8.53,9.08,9.18,9.24,9,8.83,8.79,8.86,9.04,8.94,9.13,9.16,9.03,8.95,8.91,8.97,9.39,8.53,7.37,8.1,9.08,8.77,9.15,9.06,8.98,8.61,9.14,9.01,8.95,9.43,9.14,7.85,8.98,9.35,9.3,8.45,8.7,8.46
ADNP2,9.29,9.36,9.36,9.3,9.46,9.47,9.18,9.36,9.21,9.28,9.41,9.26,9.17,9.06,9.31,9.18,9.27,9.04,9.14,9.11,9.28,9.32,9.27,9.36,9.36,9.29,9.31,9.33,9.33,8.97,8.53,9.04,9.49,9.56,9.51,9.33,9.34,9.32,9.42,9.53,9.59,9.32,9.25,9.34,9.47,9.51,9.56,9.42,9.32,9.14
ADO,9.78,9.58,9.55,9.62,9.48,9.36,9.37,9.57,9.73,9.74,9.61,9.81,9.71,9.12,9.78,9.72,9.83,9.59,9.76,9.86,9.66,9.69,9.58,9.66,9.67,9.7,9.68,9.7,9.54,9.13,5.78,9.26,9.55,9.67,9.56,9.92,9.64,9.92,9.19,9.7,9.54,9.7,9.69,9.07,9.68,9.49,9.55,9.72,9.82,8.54
ADO,10.54,10.49,10.45,10.55,10.59,10.53,10.14,10.31,10.58,10.48,10.52,10.51,10.49,10.18,10.75,10.65,10.73,10.61,10.59,10.68,10.42,10.35,10.48,10.48,10.36,10.5,10.55,10.52,10.39,10.07,9.26,9.7,10.49,10.51,10.51,10.78,10.63,10.75,10.27,10.55,10.5,10.74,10.67,10.58,10.51,10.38,10.49,10.57,10.59,9.77
ADO,8.53,8.95,8.62,8.58,8.72,8.53,8.12,8.26,8.83,8.67,8.94,8.69,8.64,6.99,8.83,8.85,8.95,8.57,8.7,8.64,8.59,8.74,8.97,8.66,8.72,8.76,8.61,8.71,8.66,8.83,7.89,8.89,8.63,8.78,8.74,8.98,8.78,8.82,8.31,8.48,8.68,8.79,9.05,8.37,8.8,8.66,8.7,8.68,8.76,7.22
ADORA1,3.98,3.78,4.05,3.83,3.83,4.03,3.5,4.06,3.78,3.72,4.07,3.97,3.69,3.94,3.84,3.82,3.85,3.91,3.86,3.94,3.68,3.95,4.11,3.72,3.79,3.64,3.65,3.93,3.75,3.76,4.54,3.8,3.81,3.88,3.81,4.1,3.75,3.76,3.58,3.94,3.81,4.35,3.61,3.54,3.64,3.52,3.78,3.89,3.97,3.91
ADORA1,3.68,3.67,3.79,3.69,4.3,4.64,5.7,3.69,3.9,4.09,3.97,3.85,3.87,3.84,3.69,4.46,4.2,4.21,4.08,3.78,3.83,3.7,4.01,3.95,3.86,4.18,3.83,4.01,3.59,5.43,6.64,5,3.67,3.82,3.65,3.64,4.51,3.84,4.39,3.96,3.95,3.95,4.1,4.65,3.99,4.08,4.13,3.72,3.83,5.14
ADORA1,4.42,4.57,4.77,4.44,5.11,4.88,5.73,4.37,4.59,4.66,4.6,4.86,4.48,5.68,4.72,4.87,4.84,4.42,4.35,4.58,4.69,4.64,4.43,4.44,4.67,4.91,4.22,4.72,4.46,5.13,7.57,7.25,4.94,4.68,4.68,4.52,5.09,4.32,5.48,4.32,4.84,4.82,4.99,5.48,5.11,4.66,4.96,4.49,4.38,6.14
ADORA2A /// CYTSA,6.05,5.87,6.04,6.03,6.63,6.49,6.5,5.8,5.73,5.95,5.98,6.12,5.88,5.49,6.04,6,6,5.93,6.04,5.66,5.97,6.22,5.77,5.9,5.98,5.92,6.01,6.1,6.17,6.56,5.48,5.29,6.39,6.36,6.4,6.35,5.98,6.21,6.8,6.23,6.6,6.74,6.37,5.97,6.03,6.17,6.19,6.03,5.91,5.41
ADORA2A /// CYTSA,4.89,4.78,4.85,5.06,4.6,4.66,5.76,4.99,5,4.63,4.81,4.79,4.41,5.46,5.02,4.41,4.72,5.07,4.89,4.7,5.02,4.38,4.82,4.79,4.74,5.27,4.95,5.24,5.03,4.38,5.61,5.13,4.87,5.17,4.79,4.68,4.84,4.97,5.45,4.97,4.94,5.35,5,4.86,5,5.21,5.08,4.97,4.6,5.53
ADORA2B,8.14,8.03,7.85,8.08,7.52,7.96,8.07,8.13,8.11,8.02,8.05,7.75,7.6,5.92,7.86,7.94,7.83,7.61,7.56,7.36,7.8,7.74,7.78,7.59,7.59,7.83,8.03,8.24,7.98,6.55,6,5.17,8.87,9,8.95,8.19,7.97,8.22,6.7,7.97,7.81,7.57,7.77,5.58,7.59,7.24,7.7,8.09,8.07,5.94
ADORA3,4.14,4.23,4,4.15,4.22,3.88,5.04,3.91,4.18,4.23,4.1,4.27,4.06,6.16,4.06,4.84,4.29,4.1,3.96,4.06,4.26,3.99,4,4.12,4.23,4.05,4.1,4.38,4.35,4.96,6.29,4.44,4.5,3.77,4.14,4.17,3.77,4.02,4.39,4,3.83,3.94,4.26,5.42,4.45,4.19,4.33,4.06,4.15,5.22
ADORA3,5.57,5.32,5.29,5.33,5.16,5.47,5.17,5.03,5.21,5.31,5.74,5.28,5.13,6.42,5.38,5.5,5.21,5.41,5.35,5.2,5.59,5.65,5.14,5.14,5.35,5.1,4.94,5.34,5.26,5.71,7.3,7.51,5.29,5.27,5.24,5.19,5.22,5.36,5.59,4.94,5.31,5.41,5.66,6.39,5.27,5.24,5.36,5.22,5.19,5.65
ADPGK,10.52,10.49,10.61,10.61,10.67,10.55,10.69,10.73,10.51,10.66,10.49,10.5,10.3,11,10.76,10.61,10.55,10.44,10.39,10.39,10.51,10.54,10.46,10.55,10.52,10.41,10.63,10.67,10.6,10.47,10.4,11.16,10.63,10.82,10.86,10.67,10.55,10.72,10.3,10.67,10.46,10.58,10.5,11.07,10.55,10.49,10.54,10.54,10.49,11.07
ADPGK,7.93,7.48,7.68,7.89,7.3,7.13,7.67,7.59,7.92,7.92,7.58,7.61,7.87,6.1,7.58,7.74,7.78,7.52,7.49,7.6,7.81,7.59,7.41,7.57,7.5,7.74,7.76,7.82,7.55,7.58,5.46,5.79,8.07,8.03,7.78,7.69,7.22,7.94,6.65,7.87,7.6,7.25,7.01,6.98,7.45,7.18,7.54,7.83,7.69,6.72
ADPGK,3.94,4.26,4.13,4.31,4.63,4.54,4.46,4.3,4.39,4.32,4.67,4.4,4.21,5.6,4.25,4.12,4.26,4.51,4.28,4.43,4.18,4.68,4.58,4.3,4.49,3.98,4.37,4.5,4.18,4.23,5.3,4.49,4.48,4.23,4.33,4.32,4.33,4.41,3.99,4.2,4.27,4.67,4.17,5.1,4.07,3.87,4.23,4.29,4.23,5.62
ADPRH,5.32,4.82,5.11,5.39,4.63,5.33,5.76,5.27,5.53,5.32,4.78,5.13,5.15,5.03,5.86,5.61,5.36,6.01,5.93,5.99,5.36,5.02,4.82,5.36,5.36,5.22,5.75,5.66,4.78,5.14,6.48,5.3,5.5,5.5,5.43,5.73,5.8,5.99,6.31,5.45,5.09,4.97,4.96,5.46,5.41,5.72,5.09,5.34,5.05,6.09
ADPRH,7.14,6.86,7.24,7.17,6.76,7.08,6.8,6.94,7.14,7.02,6.98,7.12,7.19,5.21,7.4,7.27,7.33,7.5,7.4,7.26,7.16,7.29,7.02,6.9,7.05,7.19,6.94,7.02,7.05,6.27,4.08,5.73,7.32,7.24,7.12,7.56,7.56,7.23,6.54,6.87,7.18,7.44,7.65,5.76,7.14,7.12,7.06,7.2,7.31,6
ADPRH,8.3,8.43,8.5,8.41,8.45,8.49,8.27,8.53,8.53,8.5,8.74,8.46,8.56,8.05,8.5,8.72,8.57,8.66,8.83,8.61,8.47,8.57,8.62,8.43,8.58,8.47,8.36,8.49,8.5,8.64,7.57,7.74,8.4,8.45,8.63,9.01,8.74,8.74,8.09,8.6,8.74,9.1,8.76,8.5,8.33,8.4,8.58,8.62,8.59,8.4
ADPRHL1,5.04,5.14,5.16,5.19,4.98,5.26,4.71,4.97,5.1,5.01,5.22,5.47,5.2,6.22,5.22,5.13,5.18,5.24,5.18,5.1,5.18,5.43,5.25,5.15,5.35,5.18,5.4,5.38,5.03,4.48,6.91,4.71,4.82,5.04,5.09,4.81,4.74,5.09,5.14,4.79,5.45,5.13,5.37,5.62,4.79,5.02,5.26,5.19,5.22,6.18
ADPRHL1,6.48,6.16,6.46,6.7,6.69,6.62,6.72,6.36,6.37,6.35,6.4,6.52,6.44,6.68,6.57,6.43,6.34,6.8,6.62,6.69,6.43,6.54,6.07,6.47,6.59,6.36,6.39,6.69,6.5,5.73,6.27,7.17,6.31,6.38,6.3,6.71,6.09,6.22,7.25,6.36,6.5,6.4,6.09,7.11,6.39,5.91,6.72,6.39,6.26,6.31
ADPRHL1,5.22,5.18,5.35,5.24,4.79,5.33,5.12,5.29,5.15,5.29,5.43,5.46,5.16,5.16,5.32,5.08,5.23,5.4,5.16,5.13,5.42,5.51,5.23,4.94,5.44,5.17,5.49,5.25,5.83,4.86,5.2,5.42,5.13,5.3,5.28,5.25,5.04,5.18,4.62,5.15,5.34,5.6,5.41,5.57,5.22,5.08,5.54,5.45,5.33,5.34
ADPRHL2,9.76,9.73,9.98,9.84,10.05,10.09,9.97,9.78,9.9,9.82,9.91,9.67,9.62,9.16,9.76,9.7,9.89,10.01,9.9,9.85,9.78,9.67,9.73,9.81,9.73,9.72,9.88,9.84,10.05,10.1,6.98,9.25,10.05,9.93,9.94,9.75,9.93,9.81,10.12,9.81,9.83,9.68,9.8,8.94,10.07,10.07,9.93,9.79,9.85,8.75
ADPRHL2,8.85,8.51,8.97,8.8,8.67,8.99,9.03,8.98,8.85,8.84,8.46,8.6,8.59,6.66,8.76,8.83,8.75,8.87,8.92,8.9,8.76,8.77,8.47,8.63,8.9,8.83,8.76,8.87,8.69,7.5,8.15,6.59,8.92,8.91,9.04,8.91,9.01,8.92,8.51,8.93,8.62,8.55,8.32,7.68,8.91,8.96,8.99,8.88,8.84,6.47
ADRA1A,4.33,5.04,4.23,4.51,4.46,4.26,5.03,4.33,4.36,4.41,4.73,4.56,4.38,6.32,4.25,4.7,4.21,4.64,4.42,4.29,4.58,4.65,4.79,4.33,4.29,4.18,4.74,4.56,4.49,4.93,6.48,6.53,4.53,4.4,4.57,4.26,4.51,4.74,4.57,4.37,4.26,4.27,4.46,5.7,4.66,4.57,4.61,4.32,4.3,5.83
ADRA1A,4.44,4.1,4.2,4.32,4.84,4.09,4.34,4.06,4.19,4.06,4.45,4.27,3.98,5.59,4.55,4.48,4.03,4.38,4.66,4.26,4.18,4.29,4.26,4.44,4.26,4.06,4.23,4.33,4.29,7.03,4.86,6.29,4.12,4.02,4.29,4.23,4.63,4.17,4.89,4.26,4.48,3.99,4.09,5.85,4.33,4.21,4.4,4.28,4.21,6.07
ADRA1A,3.86,3.69,3.66,4.08,3.94,3.68,4.24,3.81,3.69,3.94,3.83,3.98,3.92,4.5,3.98,3.7,3.9,3.69,3.78,3.89,3.85,3.9,3.85,3.87,3.7,3.69,3.9,3.98,3.96,4.6,5.58,5.6,4.06,3.89,3.9,3.83,4.08,3.85,4.38,3.73,3.81,3.97,4.66,4.53,3.74,4.01,3.74,3.88,3.99,4.72
ADRA1A,4.61,4.38,4.39,5.15,4.28,4.43,5.6,4.82,4.48,4.62,4.78,4.79,4.29,5.04,4.5,4.82,4.55,4.72,4.71,4.52,4.52,4.87,4.57,4.5,4.78,5.03,4.37,4.89,4.89,4.95,4.15,5.9,4.66,4.41,4.55,4.62,3.83,4.71,4.01,4.53,4.67,4.43,4.53,6.49,4.49,4.95,4.52,4.81,4.49,5.7
ADRA1A,4.34,4.05,4.29,4.11,4.23,4.4,5.01,4.39,4.22,4.21,4.46,4.2,4.15,5.93,4.78,4.96,4.51,4.74,4.62,4.34,4.77,4.36,4.49,4.56,4.64,3.94,4.36,4.19,4.49,5.39,5.69,7.03,4.21,4.53,4.44,3.96,4.45,4.4,4.21,4.29,4.56,4.34,4.16,5.45,5.15,4.73,4.52,4.16,4.5,6.23
ADRA1B,3.83,3.85,3.61,3.85,3.88,3.81,3.84,3.74,3.86,3.89,3.92,3.82,3.66,4.25,3.81,3.68,3.72,3.75,3.8,3.95,3.65,3.88,3.86,3.79,3.87,3.95,3.86,3.87,3.92,4.01,3.82,3.94,3.79,3.74,3.82,3.75,3.92,3.74,3.89,3.93,3.71,3.78,3.68,3.56,3.97,3.99,3.65,3.71,3.6,4
ADRA1D,3.9,3.65,3.73,3.58,3.67,3.64,4.57,3.72,3.65,3.54,3.91,3.5,3.65,5.11,3.69,3.53,3.66,3.54,3.77,3.66,3.5,3.55,3.71,3.67,3.72,3.66,3.84,3.56,3.56,4.55,6.89,5.52,3.75,3.54,3.54,4,3.89,3.83,4.11,3.86,3.8,3.48,3.52,3.95,3.71,4.21,3.52,3.49,3.71,4.85
ADRA1D,3.96,4.1,3.92,4,4.44,4.31,5.07,4.25,3.99,4.06,4.22,4.12,4.19,4.91,4.02,3.88,3.82,4.14,3.91,4.09,4.2,3.97,4.1,3.8,3.72,3.65,4.06,3.83,4.37,4.28,6.62,5.36,4.02,4.02,4.14,3.8,4.08,4.1,4.64,3.81,4.15,4.75,4.16,5.02,4.36,3.7,4.11,3.86,3.88,5.12
ADRA2A,4.76,4.82,4.86,4.94,5.05,5.24,4.97,4.79,5.15,4.74,5.15,4.99,4.81,5.98,5,4.96,4.8,5.11,4.8,4.8,4.66,5.16,5.21,4.62,4.85,4.86,4.99,5.15,5.04,5.94,5.74,6.53,5.13,5.42,4.7,4.71,5.15,4.96,4.73,4.79,5.3,5.37,5.15,5.77,4.74,4.41,4.98,4.88,4.69,5.99
ADRA2B,5.09,5.12,5.48,5.33,5.65,5.54,5.87,5.56,5.09,5.2,5.37,5.21,5.35,5.3,5.48,5.75,5.56,5.51,5.7,5.38,5.15,5.26,5.02,5.13,5.41,5.35,5.24,5.69,5.07,4.76,6.48,5.66,5.25,5.44,5.23,5.24,5.27,5.32,5.05,5.97,5.99,5.44,5.37,6.76,5.61,5.3,5.74,5.96,5.95,6.27
ADRA2C,3.89,3.87,3.89,3.93,4.02,3.98,4.3,4.24,3.87,3.98,3.98,3.9,4.02,4.03,3.99,3.92,3.82,3.88,3.89,3.88,3.81,4.01,4,4.24,3.86,3.74,3.78,4.09,3.9,4.1,5.24,3.94,3.96,4.1,3.95,3.71,3.82,4.08,4.18,4.18,3.97,4.24,3.79,4.94,4.02,3.91,4.19,3.97,4.04,4.01
ADRA2C,5.05,4.86,5.52,5.6,5.43,5.37,5.01,5.15,5.28,5.43,4.91,5.11,5.04,6.66,5.57,5.17,5.34,5.2,5.11,4.94,5.24,5.33,5.02,5.5,5.4,5.69,5.57,5.42,5.43,4.88,5.13,5.67,5.26,5.26,5.58,5.42,5.98,5.4,5.22,5.5,5.57,5.61,5.6,6.65,5.62,4.97,5.39,5.35,5.29,6.49
ADRB1,4,4.01,3.72,3.7,4,4.14,3.93,3.94,3.92,4.06,3.72,3.97,3.93,4.25,4.12,3.78,3.88,3.73,3.77,3.8,3.94,3.85,3.89,3.64,4,3.86,4.01,3.98,3.77,4.16,6.16,4.65,3.99,3.87,3.6,3.88,3.68,4.15,3.67,3.88,3.73,3.6,3.7,4.92,3.75,3.74,3.65,3.76,3.95,4.15
ADRB1,3.94,4.15,3.82,4.32,4.58,4.11,5.56,4.44,4.1,3.88,4.33,4.06,3.98,4.44,3.94,4.47,3.81,4.67,3.97,4.19,3.83,4.2,4.13,4.4,4.3,3.93,4.14,4.11,4.46,5,5.96,4.48,4.23,4.12,4.2,3.96,4.41,3.99,4.77,4.09,4.06,4.48,4.88,4.94,4.03,4.17,4.13,4.24,3.92,4.52
ADRB2,6.21,6.17,6.34,6.38,6.53,5.92,6.42,6.34,6.24,6.08,6.33,6.25,5.8,6.54,6.87,6.3,6.82,6.15,6.17,6.3,6.41,6.73,6.72,6.98,6.94,6.59,6.17,6.19,5.86,4.88,6.92,5.65,6.81,7.08,7.29,7.03,6.87,6.92,6.48,6.63,6.34,6.76,6.78,6.36,6.03,6.43,6.27,6.43,5.7,7.1
ADRB3,4.09,4.34,4.32,4.13,4.13,4.04,4.4,3.98,4.18,4.29,4.39,4.25,4.24,4.75,3.89,4.2,4.13,4.24,4.07,3.97,4.21,4.45,4.21,4.16,4.05,4.18,4.13,4.25,4.15,5.09,4.29,4.19,4.19,4.1,4.22,4.22,4.21,4.23,4.36,3.9,4.32,4.05,4.01,4.51,4.21,4.1,4.25,4.21,3.91,5.17
ADRB3,4.32,4.55,4.43,4.51,4.41,4.44,4.63,4.52,4.4,4.36,4.74,4.57,4.59,5.05,4.42,4.47,4.29,4.45,4.39,4.41,4.63,4.62,4.42,4.56,4.56,4.23,4.37,4.56,4.4,4.28,5.25,6.21,4.43,4.39,4.48,4.46,4.18,4.29,5.06,4.35,4.33,4.81,4.66,5.07,4.24,4.79,4.64,4.4,4.38,6.02
ADRBK1,7.04,6.69,7.14,7.13,6.63,6.79,6.28,7.42,7.1,7.12,6.48,6.84,6.98,5.92,6.82,6.76,6.8,7.42,7.3,7.49,6.78,6.65,6.61,6.93,6.77,7.04,7.22,6.95,6.88,4.88,6.28,6.98,7.07,6.97,6.82,7.1,6.86,7.4,5.84,7.02,7.5,6.86,6.99,4.87,6.53,6.86,6.62,7.08,7.02,5.82
ADRBK1,7.5,7.5,7.79,7.59,7.93,7.87,7.85,7.98,7.4,7.48,7.51,7.35,7.31,6.14,7.48,7.55,7.34,7.83,7.76,7.43,7.41,7.27,7.32,7.4,7.3,7.47,7.86,7.46,7.85,7.11,4.57,6.74,7.23,7.28,7.36,7.42,7.42,7.77,7.84,7.8,7.74,7.81,7.57,6.7,7.09,7.32,7.28,7.58,7.88,6.13
ADRBK2,5.97,5.46,5.67,5.67,5.25,5.49,5.35,6.05,5.64,5.46,5.78,5.52,5.49,5.39,5.85,5.7,5.62,5.43,5.66,5.1,5.58,5.86,5.69,5.89,5.89,5.25,5.73,5.74,5.87,5.14,6.61,6.82,5.32,5.51,5.47,5.79,5.27,5.6,6.15,5.87,6,5.52,5.56,6.94,5.74,5.88,6.05,5.81,5.65,5.89
ADRBK2,5.41,5.4,5.99,6.15,6.34,5.9,6.13,6.01,5.81,6.12,5.79,5.49,5.65,4.47,5.74,5.47,5.83,5.87,5.55,5.93,5.69,5.67,5.65,6,5.85,6.05,5.94,5.81,5.6,4.87,5.62,5.09,5.78,5.74,5.66,6.2,5.52,5.76,5.22,6.2,6.08,5.48,5.3,4.88,5.51,6.38,5.72,6.26,6.09,6.46
ADRBK2,6.2,6.25,6.14,6.24,6.21,6,6.39,6.45,6.03,6.1,6.46,6.13,6.22,5.97,6.25,6.17,5.92,6.1,6.15,6.56,6.15,5.92,6.17,6.35,6.28,6.06,6.13,6.09,5.87,5.54,5.39,5.81,5.93,6.09,6.11,6.35,6.27,6.26,5.83,6.27,6.16,5.99,5.81,6.16,5.84,6.24,5.94,6.26,6.24,4.63
ADRBK2,4.78,4.87,4.88,5.34,5.1,4.9,4.17,5.18,5.08,5.3,5.3,5.25,4.76,5.12,5.14,4.77,5,5.33,5.18,4.96,4.75,5.04,5.11,4.81,4.98,5.2,5.07,5.02,4.76,4.59,4.54,4.86,4.47,4.67,4.78,5,5.16,5.2,4.75,5.16,4.88,5.17,5.18,5.07,4.83,4.31,4.93,5.27,4.96,5.46
ADRBK2,6.19,6.2,6.3,6.17,6.1,6.15,4.44,5.82,6.04,5.89,5.98,5.83,5.54,5.3,5.96,5.68,5.62,5.82,5.59,6.08,6.09,6.07,5.75,6.09,6.42,5.68,6.04,5.92,5.57,5.74,7.22,4.78,6.02,5.71,5.78,5.91,5.98,6.37,5.64,6.4,5.82,5.21,5.13,4.67,5.16,5.16,5.64,5.82,6.13,5.06
ADRM1,11.37,11.32,11.39,11.3,11.42,11.53,11.37,11.41,11.38,11.3,11.32,11.28,11.45,9.92,11.37,11.41,11.45,11.18,11.27,11.25,11.5,11.24,11.37,11.3,11.2,11.49,11.49,11.13,11.57,11.75,9.65,10.27,11.69,11.7,11.6,11.3,11.7,11.42,11.55,11.43,11.39,11.45,11.49,10,11.57,11.54,11.43,11.41,11.52,9.65
ADRM1,9.63,9.46,9.72,9.62,9.76,9.8,9.99,9.5,9.58,9.56,9.33,9.52,9.56,8.43,9.65,9.61,9.75,9.55,9.57,9.69,9.66,9.41,9.46,9.75,9.74,9.77,9.74,9.48,9.65,9.71,7.98,8.79,10.03,9.97,9.8,9.74,9.79,9.83,9.73,9.73,9.75,9.52,9.7,7.87,9.79,9.7,9.74,9.64,9.88,9.35
ADRM1,10.02,9.76,9.88,10,9.47,9.74,9.36,9.92,9.98,9.89,9.3,9.96,9.96,7.96,10.07,9.95,10.1,9.84,9.94,9.99,9.94,9.75,9.55,9.94,9.86,10.14,9.91,10.03,9.58,6.62,6.98,6.02,10.29,10.28,10.13,10.06,9.89,10.1,9.58,9.78,9.73,9.6,9.51,6.97,9.95,9.8,9.85,9.85,9.6,6.58
ADSL,11.1,11.02,11.17,11.11,11.02,11.03,10.94,11.04,11.11,11.16,10.99,11.08,11.09,9.12,10.86,10.78,10.85,10.98,11.04,11.09,10.89,10.86,10.8,10.74,10.7,10.88,11.14,11.13,11.04,10.72,9.36,9.6,10.66,10.66,10.69,10.9,10.7,10.9,10.69,11.14,10.98,11.03,10.87,9.42,11.05,10.87,11.06,11.06,11.1,8.33
ADSL,3.83,3.52,3.97,4.13,3.76,3.65,3.47,3.73,3.97,3.67,3.77,3.76,3.8,3.6,3.94,3.74,3.94,3.66,3.77,3.68,3.98,3.81,3.63,3.59,3.59,3.69,3.76,3.79,3.9,3.76,3.82,3.37,3.69,4.02,3.71,3.54,3.98,3.58,3.06,3.46,3.53,3.67,3.56,4.03,3.5,3.71,3.4,3.82,3.59,3.52
ADSL /// TNRC6B,9.21,8.95,9,8.83,9.19,9.32,8.88,8.72,9.11,8.95,8.93,8.78,8.61,7.7,9.12,9.17,9.21,9.39,9.28,9.36,9.26,9.31,9.19,9.3,9.28,9.28,9.19,8.92,8.99,7.4,6.23,9,8.99,8.75,8.88,9.19,9.1,8.71,9.38,9.06,9.1,9.2,9.41,7.09,9.19,9.33,9.25,8.96,8.56,8.83
ADSL /// TNRC6B,6.37,5.89,5.92,6.08,5.47,5.9,5.03,5.43,6.63,6.42,5.3,5.81,5.86,5.84,6.66,5.42,6.57,6.46,6.56,6.88,6.8,6.53,6.06,6.66,6.69,6.6,6.29,6.17,4.74,4.95,4.64,6.34,6.24,5.54,6.22,6.81,5.97,5.46,4.54,5.12,5.55,5.47,5.53,4.31,5.85,5.43,5.92,6.09,4.75,5.54
ADSL /// TNRC6B,7.52,7.18,7.41,7.31,7.69,7.48,7.24,7.47,7.44,7.64,7.51,7.22,7.04,7.28,7.41,7.51,7.26,7.56,7.3,7.37,7.53,7.76,7.41,7.31,7.25,7.49,7.45,7.45,7.54,8.26,6.78,6.74,7.41,7.39,7.39,7.35,7.14,6.94,7.21,7.55,7.47,7.78,7.91,5.77,7.35,7.48,7.43,7.09,7.47,6.32
ADSL /// TNRC6B,7.63,7.28,7.06,7,7.26,7.48,8,7,7.43,7.15,7.91,7.08,6.61,6.62,7.45,7.6,7.64,7.89,7.74,8.1,7.45,7.66,7.53,7.79,7.64,7.8,7.32,7.4,7.77,6.58,5.71,6.22,7.5,6.74,7.5,7.56,7.39,6.83,8.11,7.44,7.5,8.15,8.27,6.21,7.44,8.49,7.46,6.87,7.11,6.1
ADSL /// TNRC6B,9.03,9.24,9.11,9.23,9.16,9.31,8.9,8.99,9.3,9.05,9.27,9.22,9.18,9.85,9.06,8.9,9.29,9.41,9.48,9.41,9.12,9.05,9.46,9.28,9.39,9.24,9.18,9.11,9.14,9.08,7.38,8.78,8.67,8.79,8.88,9.15,9.05,9.01,8.81,9.12,9.11,9.14,9.36,9.48,9.2,9.03,9,9.29,9.2,9.83
ADSL /// TNRC6B,9.01,9.28,9.12,9.26,9.24,9.35,8.85,8.99,9.3,9.12,9.27,9.19,9.2,9.81,9.25,9,9.26,9.37,9.49,9.3,9.19,9.08,9.43,9.33,9.29,9.39,9.32,9.18,9.15,8.4,8.3,9.31,8.66,8.82,9,9.15,8.9,8.97,9.21,9.2,9.13,9.12,9.41,9.94,9.22,9.12,8.99,9.24,9.28,10.18
ADSL /// TNRC6B,6.94,6.84,6.96,7.02,6.89,6.61,6.89,7.31,6.84,6.91,6.74,6.64,6.41,6.11,6.93,6.96,6.83,7.17,7.17,7.11,6.88,6.95,6.99,7.08,7.17,6.94,7.11,7.08,6.68,7,6.27,4.51,6.94,7.07,6.98,6.54,6.37,6.71,7.47,7.01,7.14,7.17,7.3,5.05,6.94,7.06,7.02,6.76,6.57,6.2
ADSL /// TNRC6B,5.51,5.56,5.26,5.41,5.31,5.36,4.97,5.48,5.22,5.87,5.07,5.32,5.36,5.54,5.59,5.89,5.48,5.7,5.56,5.93,5.61,5.79,5.48,6.04,5.91,5.85,5.6,5.61,5,5.19,5.84,6.41,5.67,5.42,5.56,5.27,4.89,5.24,6.21,5.43,5.46,5.48,5.13,5.12,5.57,5.04,5.66,5.48,5.16,6.45
ADSL /// TNRC6B,8.79,8.88,8.84,8.6,8.72,9.23,8.93,8.5,8.89,8.77,8.97,8.51,8.23,8.47,8.96,8.85,9.02,9.13,9.3,9.25,8.99,8.98,9.26,9.24,9.2,9.08,9.04,8.88,8.9,7.78,6.36,6.51,8.59,8.4,8.74,9,8.79,8.23,8.05,8.79,8.88,9.19,9.25,8.75,8.94,9.08,9.09,8.62,8.22,8.96
ADSL /// TNRC6B,7.72,7.48,7.38,7.26,7.19,7.26,7.01,6.37,7.81,7.57,7.14,7.27,6.99,6.39,7.88,7.3,7.95,7.9,7.92,8.19,7.79,7.84,7.61,7.96,7.89,8.16,7.77,7.65,6.76,6.93,8.38,7.04,7.46,6.81,7.59,7.66,7.13,6.96,7.57,7.23,6.93,7.17,6.81,7.62,7.81,7.12,7.16,7.4,6.66,6.96
ADSS,9.93,9.69,9.79,9.79,9.43,9.65,9.39,9.82,9.81,9.76,9.48,9.75,9.59,8.1,9.69,9.69,9.57,9.77,9.73,9.85,9.45,9.71,9.23,9.5,9.72,9.5,9.79,9.83,9.5,9.9,8.27,8.36,9.6,9.68,9.75,9.54,9.42,9.65,9.31,9.72,9.6,9.4,9.43,7.12,9.83,9.63,9.97,9.7,9.52,9.04
ADSS,9.79,9.76,9.62,9.73,9.35,9.59,8.98,9.37,10.11,9.75,9.86,9.92,9.76,8.36,9.61,9.41,9.54,9.48,9.54,9.71,9.53,9.66,9.65,9.39,9.51,9.46,9.53,9.76,9.54,9.14,7.64,7.94,9.28,9.32,9.4,9.52,9.07,9.37,8.75,9.39,9.54,9.43,9.22,7.6,9.61,9.47,9.55,9.64,9.75,8.56
ADSS,9.24,8.86,8.87,8.97,8.14,8.26,7.81,8.72,9.08,9.29,8.53,9,8.88,7.06,8.89,8.86,9,8.84,8.98,9.29,8.76,8.76,8.14,8.82,8.89,8.89,8.88,9.12,8.3,6.94,6.98,6.11,9,8.93,8.82,8.63,8.26,8.88,7.42,8.88,8.44,8.28,8.21,5.65,8.89,8.54,8.83,8.87,8.77,6.85
ADSSL1,5.57,5.43,5.87,5.57,5.59,5.74,4.28,5.68,5.76,5.78,5.69,5.35,5.26,5.04,5.33,5.5,5.7,6.24,6.01,6.11,5.57,5.6,5.49,5.62,5.64,5.55,5.82,5.47,5.5,4.39,5.12,3.9,6.26,6.03,6.33,6.2,6.09,5.97,5.19,5.68,5.73,5.76,5.47,5.96,5.17,5.21,4.68,5.79,5.52,4.03
AEBP1,5.74,5.49,5.71,5.9,5.85,6.23,5.93,6.07,5.93,5.84,6.09,5.93,5.29,7.52,5.9,6.08,5.82,6.26,6.06,5.65,5.79,6.03,5.74,5.98,5.84,5.85,5.8,5.87,5.89,5.81,6.21,6.12,5.67,5.83,5.82,5.53,5.61,5.59,6.45,6,5.98,6.23,6.23,7.33,5.91,6.12,6.17,5.74,5.67,7.71
AEBP2,8.74,9.09,8.49,8.78,8.2,8.5,8.39,8.32,9.07,8.63,8.98,8.84,9.05,9.33,8.68,8.62,8.71,8.62,8.58,8.9,9.03,8.91,9.13,8.7,8.63,8.73,8.72,8.67,8.77,8.29,8.25,8.77,8.45,8.51,8.55,8.59,8.52,8.43,8.48,8.44,8.48,8.49,8.64,8.97,8.35,8.71,8.45,8.69,8.96,8.35
AEBP2,5.41,5.24,5.05,5.07,4.82,5.06,4.27,4.79,5.34,5.25,5.52,5.34,5.22,4.68,5.32,5.57,5.39,5.24,5.06,5.51,5.26,5.43,5.58,5.67,5.35,5.67,5.08,5.37,5.03,4.72,5.12,5.24,4.85,5.02,5.2,5.47,4.99,5.28,4.24,5.12,5.16,4.98,4.85,4.91,5.09,5.13,5.37,5.32,5.32,4.74
AEBP2,4,3.93,4.08,3.99,3.89,4,4.14,3.99,4,3.82,4.14,3.71,4.08,4.04,3.64,3.63,4.06,3.95,3.88,3.99,3.68,3.87,4.1,3.97,3.73,4.11,3.86,3.98,4.36,3.92,7.33,5.61,3.72,3.8,4.04,4.04,3.87,3.97,4.57,3.84,3.67,4.28,4.04,5.04,3.8,4.11,4.52,4,4.07,4.07
AEBP2,3.98,4.19,3.94,4.07,4.08,3.69,4.21,4.11,4.26,3.89,4.56,4.17,4.18,4.23,4.01,4.03,4.25,4.6,4.33,4.33,4.15,4.17,4.59,4.25,4.14,4.24,4.23,4.34,4.02,4.17,4.13,4.36,4.4,4.03,3.99,4.29,4.08,4.01,4.12,4.13,4.15,4.13,3.96,4,4.34,4.75,4.49,4.19,4.29,5.74
AEBP2,6.95,7.19,6.92,6.95,6.83,6.75,6.91,7.05,6.97,7.03,7.13,7.06,6.77,6.15,7.07,7.33,7.33,7.39,7.29,7.32,7.37,7.19,7.13,7.16,7.19,7.39,6.97,7.04,6.94,5.57,4.8,4.85,7.2,7.03,7.21,7.31,7.37,7.08,6.11,7.02,6.76,6.81,6.89,6.86,7.7,7.3,7.51,6.9,7.24,6.78
AEN,8.15,8.19,8.3,8.33,8.53,8.48,8.31,8.43,8.12,8.14,8.13,8.55,8.39,8.09,9.75,9.83,9.67,8.17,8.25,8.26,8.86,8.8,8.87,9.52,9.6,9.54,8.18,8.28,8.18,8.68,7.44,7.39,10.08,10.21,10.24,9.67,9.54,9.73,8.47,8.45,8.44,8.29,8.21,7.65,8.54,8.48,8.33,8.66,8.47,7.24
AES,9.54,9.51,9.81,9.67,9.32,9.65,9.95,9.59,9.7,9.53,9.24,9.6,9.66,8.84,9.41,9.36,9.49,9.61,9.54,9.35,9.78,9.55,9.7,9.6,9.6,9.77,9.71,9.59,9.58,9.41,8.33,9.4,9.48,9.34,9.29,9.51,9.69,9.66,9.96,9.59,9.7,9.68,9.82,8.11,9.61,9.68,9.66,9.65,9.71,8.28
AES,10.99,10.92,11.04,10.98,11.08,11.09,11.09,11,11.03,10.87,10.93,10.99,11.03,10.81,10.87,10.87,10.85,10.88,10.87,10.7,11.09,11.03,11.02,11.03,10.88,11.02,11.03,10.95,11.05,11.42,10.76,11.41,10.73,10.71,10.73,10.94,11.03,10.91,10.88,11.17,11.05,11.23,11.27,10.59,10.92,11.07,11,10.97,11.03,10.58
AES,9.59,9.45,9.64,9.66,9.38,9.66,9.73,9.38,9.71,9.48,9.24,9.39,9.56,8.56,9.3,9.29,9.5,9.62,9.51,9.39,9.76,9.53,9.66,9.36,9.33,9.53,9.69,9.39,9.41,9.86,7.21,7.64,9.53,9.27,9.19,9.44,9.67,9.37,9.91,9.37,9.57,9.54,9.69,8.12,9.58,9.6,9.47,9.54,9.53,8.17
AFAP1,5.03,4.34,4.43,4.53,4.88,5.49,4.28,4.7,4.42,4.6,4.46,4.44,4.62,4.78,4.49,4.72,4.65,4.67,4.8,4.69,4.64,4.53,4.66,5.08,5.08,4.71,4.98,4.95,4.78,5.98,6.94,5.39,5,4.89,4.66,5,4.62,4.88,4.05,4.5,5.15,4.96,5.21,4.37,5.19,4.83,4.74,4.79,4.86,4.75
AFAP1,9.79,9.85,9.9,9.91,9.99,9.85,9.73,9.81,9.81,9.84,9.93,9.92,9.85,9.52,9.78,9.72,9.69,9.76,9.83,9.8,9.93,9.99,10.07,9.97,9.94,9.86,9.86,9.86,9.78,9.63,9.61,10.08,9.6,9.71,9.82,10,9.94,9.86,10.01,9.98,9.88,10.22,10.27,10.31,9.81,9.93,9.86,9.88,9.93,9.39
AFAP1,9.47,9.51,9.53,9.54,9.43,9.37,9.03,9.53,9.46,9.62,9.58,9.58,9.61,9.23,9.44,9.39,9.36,9.35,9.36,9.43,9.64,9.7,9.59,9.58,9.64,9.47,9.54,9.47,9.48,9.35,8.93,9.08,9.27,9.42,9.41,9.64,9.63,9.62,9.14,9.58,9.46,9.77,9.92,9.12,9.33,9.34,9.56,9.54,9.67,9.2
AFAP1,4.28,4.01,4.35,4.39,4.39,4.8,4.51,4.15,4.27,4.49,4.54,4.34,4.31,4.82,4.43,4.77,4.15,4.4,4.56,4.25,4.47,4.71,4.53,4.76,4.52,4.48,4.6,4.58,4.12,5.08,5.04,4.23,4.45,4.42,4.7,4.65,5.08,4.69,4.56,4.89,4.59,4.73,4.69,4.71,4.64,4.85,4.65,4.49,4.21,4.2
AFAP1L1,3.61,3.72,3.77,3.4,3.5,3.72,3.35,3.47,3.45,3.33,3.46,3.76,3.66,3.68,4.03,3.67,3.54,3.45,3.73,3.32,3.56,3.48,3.4,3.33,3.5,3.43,3.33,3.37,3.47,4.73,6.19,3.68,3.58,3.88,3.45,3.27,3.63,3.53,4.08,3.41,3.27,3.34,3.55,3.39,3.4,3.29,3.35,3.6,3.35,3.73
AFAP1L1,3.91,3.79,3.64,3.9,3.85,3.66,3.87,3.82,3.6,3.8,4.04,4.01,3.87,4.05,3.87,4.14,3.82,3.66,3.97,3.77,4.08,3.68,3.85,4.08,3.71,3.5,4.06,4.03,4.04,5.1,6.45,4.11,4.24,4.01,3.75,3.79,3.54,3.93,5.64,3.89,3.95,4.26,3.91,4.12,3.76,4.24,3.59,3.86,3.97,4.68
AFAP1L1,4.03,4.1,3.98,4.14,4.27,4.3,4.26,4.07,4.1,4.14,4.34,4.08,4.22,4.51,4.08,3.76,3.74,4.2,4.29,4.11,4.4,4.08,4.28,4.01,4,4.21,4.19,4.17,4.87,5.12,5.17,4.39,4.16,4.1,4.1,3.8,4.33,4.08,3.81,4.07,3.81,3.89,4.33,4.13,3.98,4.13,4.1,4.12,4.38,4.27
AFAP1L1,4.23,4.38,4.2,4.14,4.09,4.23,4.66,4.25,4.14,4.38,4.28,4.28,4.25,5.03,4.01,4.06,4.2,4.34,4.27,4.3,4.38,4.16,4.2,4.17,3.94,4.21,4.21,4.33,4.46,5.14,6.14,5.34,4.29,4.25,4.33,4.22,4.17,4.14,4.47,4,4.53,4.76,4.67,4.72,4.46,4.45,4.26,4.15,3.96,4.22
AFAP1L2,4.32,4.69,4.53,4.75,4.33,4.57,4.78,4.48,4.47,4.62,5.1,4.69,4.37,4.71,4.67,4.45,4.57,4.97,4.84,4.47,4.26,4.88,4.8,4.73,4.52,4.68,4.77,4.75,5.11,4.73,5.39,6.92,4.93,4.49,4.51,4.87,4.8,4.23,3.76,4.65,4.82,5.08,4.67,5.16,4.92,4.94,4.57,4.81,4.42,5.18
AFAP1L2,4.11,4.3,4.6,3.97,4.44,4.47,4.05,4.56,4.36,4.34,4.08,4.17,4.11,5.69,3.98,4.24,3.92,4.05,4.07,4.44,3.99,4.01,4.18,3.94,4.07,4.12,4.36,4.28,4.36,4.36,6.98,6.04,4.14,4.28,4.53,4.15,4.9,3.74,6.03,3.93,4.13,4.32,4.2,4.97,4.07,4.58,4.04,3.9,3.97,5.69
AFAP1L2,4.17,4.42,4.62,4.54,5.03,4.87,4.21,4.95,4.3,4.57,4.72,4.46,4.35,4.88,4.44,4.48,5.09,4.56,4.54,4.79,4.89,4.52,4.4,5.24,4.95,4.6,4.04,4.46,4.63,5.47,5.18,4.73,4.44,4.42,4.54,4.53,5.19,5.18,6.07,4.59,5.32,4.32,4.71,5.05,4.72,4.79,4.32,4.8,4.32,4.96
AFF1,4.33,4.54,5.18,4.27,5.4,4.02,4.79,4.33,4.68,4.8,4.71,4.64,4.59,6.36,4.36,4.82,4.65,4.31,4.67,4.19,4.4,4.74,4.48,4.67,4.99,4.66,4.34,4.68,4.77,5.07,5.04,6.14,4.69,4.6,5.33,4.6,4.73,4.74,6.25,4.56,4.41,4.64,4.13,5.15,4.51,4.42,4.58,4.44,4.24,5.24
AFF1,4.93,4.96,4.71,4.79,4.42,4.39,4.85,4.8,4.65,4.84,4.98,4.93,4.84,6.67,4.78,4.9,4.79,4.99,4.6,4.6,5.01,4.95,4.91,4.96,4.81,4.33,4.82,4.89,4.93,5,7.81,5.88,4.67,4.86,4.72,4.87,4.31,4.59,4.63,4.63,4.6,4.42,4.83,7.37,4.77,4.32,4.39,4.64,4.58,6.88
AFF1,3.76,3.91,4.04,4.01,4.15,3.94,4.87,4.08,4.01,4.15,3.94,3.69,3.59,4.1,4.02,4.05,3.95,4,3.83,3.8,4.15,3.98,4.01,3.96,3.78,4.15,3.95,3.87,3.82,5.53,5.11,4.49,3.96,3.91,3.99,3.64,4.42,3.9,5.3,4.04,4.34,4.22,4.23,4.51,4.03,4.7,4.28,3.95,4.06,4.46
AFF1,8.69,8.85,8.63,8.63,8.42,8.88,8.42,8.46,8.54,8.74,8.93,8.55,8.7,8.53,8.94,8.6,8.97,8.64,8.58,8.59,8.49,8.46,8.78,8.77,8.65,8.8,8.48,8.29,8.62,7.26,7.42,8.16,8.92,8.78,8.6,8.84,9.04,8.78,8.19,8.62,8.65,8.47,8.47,8.29,8.56,8.77,8.34,8.45,8.76,8.43
AFF1,4.17,4.03,3.58,4.12,3.89,4.01,3.64,3.61,3.91,3.89,4.09,4.12,4.11,5.23,3.88,4.03,3.86,4.14,3.96,3.98,3.92,3.94,4.04,3.95,3.89,3.87,3.9,3.88,3.83,3.68,6.28,5.66,3.84,3.72,3.68,3.57,3.71,3.68,4.54,3.87,3.88,4.08,3.81,5.49,4.07,3.93,3.75,3.85,3.47,6.48
AFF1 /// BTBD6,10.48,10.46,10.47,10.5,10.57,10.58,10.17,10.31,10.47,10.51,10.46,10.45,10.45,8.71,10.43,10.3,10.46,10.24,10.35,10.34,10.43,10.27,10.5,10.48,10.42,10.45,10.47,10.4,10.6,10.79,8.36,9.56,10.36,10.4,10.38,10.46,10.48,10.54,10.41,10.39,10.48,10.58,10.54,8.85,10.5,10.47,10.38,10.33,10.44,8.42
AFF1 /// MLL,3.75,3.83,3.86,3.76,3.94,3.76,4.61,4,3.69,3.9,3.93,3.88,3.88,4.06,3.86,3.92,3.81,3.73,3.81,3.75,4.01,4.05,3.72,3.74,3.66,3.86,3.83,3.77,4.1,5.31,5.12,5.28,4.21,3.78,3.93,3.88,4.57,3.86,4.27,3.86,4.08,3.69,3.84,4.12,4.15,4.21,3.87,3.69,3.82,3.91
AFF2,4.17,4.57,4.51,4.27,4.08,4.13,4.22,4.66,4.23,4.36,4.39,4.58,4.37,4.47,4.25,4.22,4.25,4.56,4.18,4.16,4.66,4.31,4.23,4.25,4.39,4.22,4.26,4.4,4.02,4.85,4.08,4.44,4.44,4.6,4.62,4.12,4.35,4.36,5.1,4.31,4.3,4.4,4.08,4.61,4.34,4.36,4.65,4.33,4.19,4.51
AFF2,3.98,3.98,3.84,3.92,3.99,4.17,4.09,3.81,3.96,3.96,4.01,4.2,3.91,4.95,3.94,4.2,3.83,4.03,3.88,3.8,3.86,3.99,3.84,3.88,3.71,3.77,4.11,4.01,3.85,4.09,4.89,4.9,3.84,4.15,3.73,3.77,3.96,3.74,4.17,3.75,3.95,4.27,3.93,4.34,3.83,3.94,3.85,3.82,3.94,4.28
AFF2,3.55,3.82,3.66,3.77,3.73,3.67,3.56,3.69,3.95,3.77,3.57,3.68,3.64,4.58,3.72,3.53,3.76,3.64,3.64,3.61,3.53,3.69,3.83,4.04,3.54,3.56,3.74,3.93,3.56,3.8,4.71,4.12,3.85,3.61,3.95,3.71,4.07,3.94,3.99,3.88,3.76,3.57,3.48,3.96,3.67,4.2,3.66,3.8,3.68,5.05
AFF3,7.67,7.85,7.73,7.36,7.12,7.6,7.04,7.98,7.64,7.82,7.93,7.81,7.62,6.37,6.43,5.44,5.92,7.47,7.55,7.88,6.54,6.74,6.94,6.37,6.31,6.84,7.64,7.42,7.17,6.36,5.31,5,6.69,6.82,7.01,6.56,5.96,6.54,7.81,7.64,7.64,7.21,7.04,6.41,6.05,5.93,5.91,7.5,7.39,5.47
AFF3,4.15,3.96,4.29,4.2,4.91,4.39,4.9,4.01,4.1,4.05,4.01,4.28,4.09,4.47,3.78,4.08,3.99,4.09,3.92,4.09,4.08,4.1,3.98,4.09,4.16,4.3,4.26,4.12,4.29,4.52,5.73,5.93,4.16,3.94,4.41,4.02,3.79,3.96,5.28,4.12,4.23,4.07,4.23,5.63,4.07,4.19,4.08,4.14,4.42,4.24
AFF3,3.65,3.86,4.08,3.77,4.03,4.04,4.29,4.3,4.08,4.28,3.85,3.79,3.76,4.43,3.7,4.05,4.04,4.23,4.34,3.96,4.1,3.71,3.9,3.78,3.92,4.14,3.93,4.03,4.59,5,5.98,6.13,4.29,3.99,3.82,3.76,4.31,3.82,4.8,3.68,3.83,4.24,3.97,5.19,3.97,4.3,4.38,3.75,4.03,4.33
AFF3,8.86,9.14,9.03,8.92,8.66,9,8.75,8.62,8.86,8.87,9.18,9.04,8.87,9.3,7.97,7.53,7.53,9.02,9.16,9.11,8,8.33,8.36,7.97,8.01,7.94,8.81,8.86,8.82,8.25,7.74,8.79,8.01,8.41,8.28,8.01,7.62,8.01,8.69,8.97,9.14,8.46,8.24,9.2,7.61,7.36,7.6,9.02,8.75,8.43
AFF4,4.56,4.08,4.58,4.52,4.11,3.94,4.19,4.74,4.52,4.3,4.31,4.44,4.12,3.97,4.88,4.83,4.83,4.75,4.29,4.81,4.47,4.42,4.12,5.72,4.69,4.66,4.31,4.29,3.95,3.91,4.29,5,4.57,5.24,4.81,4.88,4.61,4.94,3.81,4.27,4.87,3.84,3.86,4.96,3.93,4.48,4.09,4.84,4.36,4.31
AFF4,6.5,6.51,6.44,6.28,6.54,6.04,6.76,6.68,6.38,6.38,6.39,6.57,6.12,5.74,6.74,6.59,6.99,6.25,6.13,6.32,6.83,6.59,6.68,6.92,6.8,6.62,6.18,6.33,6.08,4.68,5.16,6.86,7.18,7.47,7.09,6.73,6.42,6.64,5.85,6.91,6.61,6.2,5.71,6.83,6.67,6.44,6.36,6.55,6.46,5.48
AFF4,9.11,9.45,9.01,9.08,8.99,9.22,8.5,8.76,9.33,9.13,9.43,9.2,9.52,8.81,9.57,9.57,9.7,8.88,8.97,8.99,9.59,9.42,9.86,9.43,9.52,9.68,8.98,9.06,9.33,8.54,7.78,8.5,9.72,9.87,9.52,9.55,9.57,9.39,9.18,9.43,9.4,9.23,9.36,8.17,9.32,9.39,9.29,9.32,9.52,7.84
AFF4,5.99,5.48,5.6,5.56,5.96,5.56,5.45,5.73,5.85,5.56,5.85,5.95,5.9,6.71,6.37,5.87,6.32,5.57,5.62,5.83,6.08,6.06,5.67,6.25,6,6.17,5.46,5.94,6.03,5.81,5.97,6.23,6.76,6.87,6.54,6.03,5.36,6.11,6.52,5.62,5.54,5.17,5.44,5.87,5.95,6.14,5.71,5.84,5.67,6.69
AFF4,6.04,5.68,5.93,6.04,6.44,6.33,6.03,6.51,5.98,6.14,5.9,5.72,5.85,5.01,6.18,5.97,6.24,5.88,5.71,6,6.28,6.46,6.22,6.34,6.34,6.32,6.29,6.14,5.77,6.61,7.21,5.55,6.19,6.09,6.17,6.22,6.27,6.4,7.24,6.41,6.44,6.54,6.76,5.62,6.6,6.81,6.54,6,6.26,6.85
AFF4,5.41,5.37,5.73,5.47,5.65,6.42,5.55,5.58,5.71,5.53,5.24,5.47,5.47,5.55,5.75,5.76,5.98,5.52,5.57,5.57,6.24,5.89,5.88,6.12,5.85,5.9,5.75,5.7,5.65,7.27,6.61,6.38,5.74,5.97,6.03,5.61,5.64,5.74,5.79,5.84,5.84,5.8,5.66,7.05,6.18,5.59,5.84,5.52,5.75,5.43
AFG3L2,8.91,8.73,8.93,8.94,9.01,9.01,9.02,8.94,8.86,8.96,8.81,8.85,8.72,7.47,8.79,8.7,8.72,9.05,8.96,9,8.66,8.71,8.57,8.51,8.56,8.65,9.06,8.91,9.02,8.72,6.47,7.78,9.1,8.99,9.03,8.81,8.77,8.92,8.63,8.92,8.92,8.74,8.88,6.76,8.68,8.79,8.97,8.83,9.01,8.04
AFM,4.02,3.78,3.89,3.97,3.97,4.05,5.26,3.69,3.56,3.92,4.04,3.79,3.67,4.73,4,3.76,3.84,3.84,3.61,3.53,3.75,4.09,3.75,3.86,3.66,3.69,3.81,3.69,3.74,4.26,5.59,5.05,3.85,3.67,4.03,3.99,3.99,3.79,4.79,4.21,3.65,3.84,4,4.47,3.9,3.66,4.53,3.74,3.81,4.48
AFMID,7.59,6.97,7.84,7.63,7.78,7.59,6.64,7.47,7.74,7.24,6.71,7.18,6.74,6.63,7.6,7.3,7.42,7.89,7.82,7.78,7.36,7.25,6.86,7.68,7.52,7.66,7.59,7.61,7.11,5.26,6.56,5.94,7.79,7.6,7.88,7.56,7.45,7.31,6.98,7.68,7.47,7.17,7.22,4.8,7.59,7.21,7.51,7.57,6.69,6.79
AFMID,5.95,5.21,5.89,5.42,5.31,5.77,6.24,6.03,5.76,5.78,5.89,5.91,5.46,5.81,5.87,5.88,5.84,5.93,5.85,5.72,6.02,5.5,5.29,5.24,5.88,5.86,5.86,5.65,5.46,5.04,4.52,5.56,5.47,5.44,5.26,5.66,5.67,5.18,4.83,5.5,5.95,5.63,5.85,6.28,5.61,5,5.36,5.6,5.23,6.26
AFP,3.97,3.72,3.7,3.52,3.85,4.08,4.58,3.7,3.65,3.79,3.82,3.68,3.8,3.84,3.51,3.84,3.69,3.67,3.88,3.61,3.54,3.6,3.84,3.84,3.96,4.01,3.88,3.63,3.83,5.4,4.05,4.87,3.71,3.7,3.75,3.75,3.87,3.68,4.3,3.38,3.71,3.69,3.78,3.86,4.24,4.42,4.4,3.64,3.63,4.54
AFP,4.18,4.75,4.71,4.34,4.56,4.06,4.79,4.09,4.3,4.46,4.37,4.43,4.13,4.68,4.12,4.42,4.07,4.47,4.49,4.33,4.43,4.71,4.83,4.11,4.06,4.19,4.07,4.34,4.39,5.31,5.2,4.43,4.31,4.99,4.26,4.32,3.94,4.38,4.75,4.26,4.28,4.27,4.49,5,4.61,4.23,4.73,4.01,4.23,5.31
AFTPH,7.66,7.74,7.52,7.51,7.41,7.61,7.17,7.78,7.61,7.74,7.6,7.53,7.88,5.96,7.57,7.47,7.47,7.52,7.59,7.76,7.62,7.63,7.75,7.56,7.6,7.7,7.69,7.36,7.54,7.44,5.05,7.46,7.85,7.83,7.63,7.45,6.94,7.43,7.73,7.82,7.59,7.42,7.51,5.76,7.31,7.27,7.54,7.46,7.91,5.97
AFTPH,6.46,6.62,6.51,6.64,6.59,6.52,6.5,6.64,6.62,6.56,6.49,6.52,6.67,5.03,6.37,6.42,6.17,6.6,6.58,6.61,6.6,6.63,6.47,6.5,6.58,6.62,6.46,6.26,6.48,7.2,4.86,5.51,6.56,6.66,6.54,6.41,6.15,6.47,6.39,6.71,6.89,6.67,6.71,4.51,6.54,6.38,6.48,6.77,6.62,5.4
AFTPH,7.99,8.13,7.83,8,7.77,7.95,7.19,8,8.2,7.88,8.06,8.14,8.21,7.57,7.81,7.63,7.8,7.8,7.94,7.82,7.91,7.78,8.25,8.01,7.99,8,7.77,7.91,7.93,6.7,5.84,6.95,7.74,8,7.95,7.78,7.5,7.75,7.31,7.83,8.02,7.94,7.76,7.59,7.77,7.59,7.55,8.06,8.2,6.83
AFTPH,8.8,8.95,8.72,8.74,8.39,8.58,8.47,8.94,8.66,8.79,8.73,8.87,8.99,8.68,8.61,8.5,8.51,8.54,8.7,8.77,8.88,8.81,8.71,8.52,8.76,8.8,8.58,8.66,8.82,8.25,6.68,8.65,8.96,9.03,8.75,8.29,8.47,8.38,8.89,8.8,8.75,8.75,8.81,7.28,8.66,8.57,8.53,8.8,8.82,8.34
AGA,8.73,8.49,8.58,8.6,8.44,8.43,8.38,8.8,8.82,9.08,8.2,8.57,8.53,7.32,8.73,8.64,8.62,8.8,8.86,8.9,8.23,8.35,8.03,8.34,8.55,8.7,8.61,8.64,8.56,6.91,5.68,7.15,8.35,8.34,8.38,8.46,8.33,8.75,7.14,8.68,8.63,8.36,8.17,7.66,8.96,8.66,8.81,8.73,8.52,7.42
AGA,9.5,9.67,9.64,9.5,9.6,9.58,9.16,9.57,9.53,9.74,9.83,9.58,9.48,9.49,9.63,9.46,9.55,9.77,9.57,9.6,9.48,9.44,9.43,9.38,9.38,9.44,9.59,9.49,9.56,9.46,8.31,8.64,9.35,9.45,9.35,9.47,9.62,9.56,9.42,9.69,9.59,9.26,9.49,9.37,9.82,9.77,9.78,9.56,9.58,9.44
AGA,7.29,7.55,7.42,7.47,7.36,7.12,7.12,7.12,7.54,7.47,7.92,7.56,7.23,6.79,7.85,7.48,7.49,7.68,7.6,7.59,7.52,7.51,7.69,7.41,7.26,7.39,7.45,7.43,7.31,5.9,5.35,5.65,6.98,7.4,7.35,7.56,7.12,7.65,6.14,7.68,7.25,7.48,7.09,6.56,7.66,7.2,7.53,7.48,7.56,6.3
AGA,7.7,7.53,7.62,7.73,7.09,7.08,5.86,7.6,7.78,7.92,7.42,7.88,7.56,6.09,7.56,7.72,7.6,7.78,7.85,7.89,7.48,7.41,7.45,7.49,7.55,7.29,7.67,7.72,7.3,5.73,5.29,4.96,7.41,7.69,7.44,7.56,7.34,7.54,7.26,7.73,7.46,7.01,6.7,5.66,7.65,7.32,7.73,7.59,7.55,5.8
AGAP1,6.94,6.71,6.75,6.73,6.93,6.76,5.42,6.62,6.62,6.79,7.02,6.54,6.17,6.25,6.25,6.32,6.51,6.76,6.58,6.56,6.23,6.52,6.41,6.4,6.61,6.14,6.79,6.91,6.64,7.45,4.89,5.77,6,6.08,6.28,6.44,6.45,6.06,6.65,6.93,6.8,6.31,6.51,5.93,7,6.84,6.93,6.58,6.87,4.79
AGAP1,3.97,4.51,4.19,4.15,4.25,4.05,4.4,4.09,4.11,4.18,4.13,4.16,4.12,4.33,4.03,4.09,4.27,3.96,4.24,4.06,4.24,4.25,4.09,4.22,3.87,4.07,4.33,3.96,4.35,4.44,7.36,4.76,3.91,4.01,4.15,4.03,4.45,3.76,4.96,3.86,3.84,4.04,4.03,4.69,4.43,4.38,4.29,4.2,4.09,4.36
AGAP1,7.55,7.53,7.88,7.58,7.47,7.29,7.4,7.43,7.48,7.76,7.8,7.21,7.17,6.4,7.16,6.93,7.31,7.34,7.63,7.66,6.91,7.14,7.23,7.49,7.43,7.27,7.58,7.77,7.68,6.95,6.48,8.07,6.94,6.99,6.99,7.09,6.99,7.08,7.13,7.68,7.86,7.43,7.28,6.81,7.63,7.27,7.85,7.52,7.7,6.71
AGAP1,4.03,3.78,3.97,3.82,3.91,3.74,4.69,4.04,3.87,3.7,3.71,3.83,3.89,6.05,3.55,3.84,3.72,3.73,4.1,3.88,3.71,3.63,3.65,3.65,3.85,4.07,4.35,3.55,3.86,4.53,4.97,5.01,3.78,3.67,3.9,3.91,3.93,3.72,5.19,3.86,4.23,4.38,3.88,4.69,3.75,3.69,3.92,3.89,3.95,4.07
AGAP1,7.46,7.57,7.2,7.24,7.1,7.28,7.39,7.23,7.2,7.32,7.43,7.01,7.33,6.38,6.66,6.68,6.91,7.04,7.17,7.03,7.07,7.1,7,6.98,6.98,7.27,7.26,7.29,7.41,6.04,6.06,5.78,6.7,6.85,6.77,6.96,7.27,6.65,6.63,7.33,7.65,7.27,7.34,6.58,7.13,7.88,7.36,7.37,7.29,5.71
AGAP1,3.56,3.82,3.65,3.6,3.7,3.36,4.5,3.45,3.58,3.64,3.56,3.48,3.53,3.74,3.86,3.64,3.4,3.72,3.72,3.55,3.65,3.94,3.76,3.84,3.57,3.67,3.97,3.76,3.66,3.8,3.45,4.73,3.81,3.96,3.58,3.5,3.34,3.43,3.64,3.49,3.57,3.63,3.43,3.72,3.4,3.41,3.42,3.58,3.56,4
AGAP10 /// AGAP9 /// BMS1 /// BMS1P4 /// BMS1P5 /// LOC642826,3.62,3.43,3.99,3.7,3.54,4.05,4.17,3.53,3.54,3.4,3.32,3.39,3.55,3.48,3.75,3.32,3.51,3.71,3.79,3.42,3.45,3.54,3.31,3.67,3.61,3.64,3.43,3.47,3.51,4.3,4.19,5.5,3.63,3.68,3.74,3.41,3.62,3.74,4.77,3.42,3.66,3.6,3.62,4.05,3.77,3.59,3.74,3.59,3.61,3.37
AGAP11,4.81,4.93,4.52,4.33,4.3,4.05,5.35,4.46,4.92,4.61,4.56,4.46,4.8,5.63,4.63,4.47,4.78,4.15,4.61,4.25,5.19,4.56,4.44,4.15,4.86,4.26,4.24,4.69,4.56,4.56,7.73,4.41,4.78,4.56,4.5,4.59,3.97,4.3,4.61,4.18,4.11,4.24,4.29,4.23,3.93,4.02,4.38,4.2,4.09,4.37
AGAP2,4.51,4.63,4.41,4.55,4.47,4.66,4.15,4.05,4.41,4.55,4.76,4.56,4.46,4.76,4.29,4.52,4.29,4.66,4.44,4.17,4.8,4.5,4.37,4.48,4.43,4.22,4.57,4.48,4.63,4.83,5.92,3.94,4.7,4.7,4.73,4.45,5.1,4.76,5.06,3.95,4.41,4.24,4.76,4.31,4.39,4.31,5,4.44,4.35,4.92
AGAP2,6.41,6.28,6.65,6.64,6.43,6.71,6.7,7.18,6.32,6.54,6.22,6.55,6.09,7.88,6.57,6.59,6.64,6.77,6.32,6.96,6.66,6.74,6.6,6.76,6.94,7.04,6.63,6.71,6.57,5.96,8.7,7.63,6.74,6.68,7.17,6.94,6.93,6.68,6.34,6.97,6.96,6.68,6.67,8.12,6.83,6.54,6.73,6.79,6.53,7.93
AGAP2,6.81,6.82,7.26,7.02,6.87,6.95,5.82,7.38,6.67,6.91,7.38,7.1,6.65,8.84,7.03,7.11,7.07,7.33,7.38,7.32,6.98,7.26,6.97,7.27,7.41,7.31,7.18,7.1,6.86,5.57,7.27,8.58,7.13,7.24,7.45,7.49,7.25,7.67,6.45,7.34,7.22,7.47,7.18,8.63,7.19,6.73,7,7.13,6.98,9.52
AGAP3,7.34,7.24,7.43,7.43,7.56,7.59,6.9,7.55,7.08,7.32,7.66,7.31,6.9,8.19,7.33,7.5,7.36,7.38,7.51,7.18,6.82,6.96,7.19,6.95,7.02,6.84,7.53,7.44,7.64,5.95,6.76,7.62,7.36,7.32,7.59,7.31,7.4,7.25,7.41,7.44,7.14,7.12,7.34,8.26,7.45,7.02,7.27,7.22,7.26,8.59
AGAP3,4.6,4.63,4.61,4.64,4.28,4.19,5.46,4.34,4.4,4.41,4.61,4.36,4.53,5.1,4.48,4.24,4.44,4.44,4.5,4.72,4.45,4.49,4.37,4.78,4.41,4.5,4.55,4.57,4.65,4.26,4.43,5.84,4.58,4.53,4.74,4.53,4.15,4.9,4.23,4.8,4.35,4.38,4.38,5.37,4.21,4.83,4.56,4.47,4.41,4.3
AGAP3,7.88,8.07,8.07,8.06,8.27,8.28,7.77,8.23,7.77,7.98,8.13,7.86,8.07,7.43,7.83,8.09,7.85,8.08,8.08,7.97,7.97,7.81,7.82,7.96,7.92,7.77,8.09,8,8.37,7.07,7.76,8.96,8.14,8,7.94,8.03,8.01,8.14,7.73,7.94,8.01,8.26,8.23,8.04,7.67,7.89,7.89,7.82,8.03,7.44
AGAP4,7.92,7.96,8.09,7.93,8.31,8.25,8.22,8.3,7.78,7.88,8.27,7.81,7.7,7.87,7.71,8.11,7.91,7.65,7.73,7.86,8.16,7.92,8.15,8.01,8.09,7.93,8.17,7.75,8.34,8.47,8.8,9.09,8.22,8.06,8.03,8.04,8.45,8.05,8.12,8.19,8.37,8.43,8.32,8.21,8.27,8.51,8.42,8.06,8.17,7.63
AGAP4 /// AGAP7 /// AGAP8 /// LOC100294038,7.43,7.27,7.7,7.52,7.96,7.89,7.8,7.68,7.14,7.38,7.57,6.97,7.01,5.99,7.33,7.28,7.44,7.28,7.35,7.35,7.36,7.24,7.59,7.52,7.61,7.57,7.59,7.49,7.74,8.12,4.86,6.98,7.54,7.8,7.45,7.52,7.99,7.72,7.56,7.68,7.97,7.72,7.81,6.57,7.88,7.94,7.86,7.47,7.63,5.7
AGAP5,7.06,7.11,7.2,7.16,7.35,7.53,7.46,7.49,6.86,7.16,7.37,7.04,7.02,7.64,7.18,7.32,7.13,6.85,6.95,6.99,7.24,7.24,7.36,7.21,7.28,7.16,7.21,7.16,7.31,7.84,5.12,7.8,7.14,7.06,7.13,7.2,7.44,7.2,7.24,7.45,7.36,7.73,7.6,6.64,7.44,7.99,7.5,7.1,7.42,5.89
AGAP6 /// AGAP7,8.94,9.1,9.17,9.1,9.4,9.52,9.59,9.48,8.82,9.04,9.26,8.79,8.65,7.83,8.9,9.24,8.97,8.92,8.84,8.96,9.09,9.07,9.18,9.14,9.14,9.03,9.19,9.01,9.31,9.87,9.01,9.01,9.08,9.15,9.09,9.09,9.21,9.08,9.35,9.32,9.31,9.55,9.57,9.5,9.3,9.54,9.57,9.07,9.24,7.94
AGBL1,4.39,4.32,4.04,4.27,4,4.26,4.11,4.15,4.12,4.1,4.5,4.23,4.5,6.67,4.15,4.04,3.97,4.23,4.08,4.31,4.22,4.31,4.29,3.87,4.11,4.19,4.15,4.23,4.29,4.18,5.59,5.5,4.16,4.28,4.33,4.33,3.92,4.02,4.01,4.04,4.31,4.33,4.13,5.12,3.85,3.92,4.06,4.34,4.32,5.53
AGBL1,4.51,4.37,4.54,4.14,4.33,4.64,4.41,4.5,4.28,4.46,4.42,4.5,4.41,4.6,4.64,4.19,4.47,4.17,4.39,4.29,4.57,4.39,4.29,4.66,4.6,4.47,4.42,4.52,4.2,4.97,5.02,5.54,4.41,4.48,4.63,4.4,4.28,4.33,4.56,4.18,4.22,4.61,4.15,5.39,4.29,4.23,4.3,4.28,4.21,5.12
AGBL2,4.05,4.39,4.2,4.54,4.09,4.28,5.22,4.02,3.94,4.06,4.2,4.26,4.29,3.95,4.28,3.86,4.5,4.1,4.23,4.32,4.47,4.69,4.59,4.41,4.21,4.13,4.05,4.66,4.21,4.3,4.37,5.27,4.35,4.08,4.08,4.73,3.88,4.24,4.79,4.32,4.44,5.28,4.82,6.29,3.98,4.05,4.92,4.33,4.12,3.9
AGBL2,3.95,3.78,3.86,3.73,3.98,3.7,4.52,3.78,3.68,3.72,3.83,4.09,4.03,3.77,3.64,3.54,3.66,3.87,3.79,3.6,3.88,3.95,3.97,3.48,3.61,3.63,3.61,3.94,3.79,4.47,4.13,3.89,3.73,3.76,3.9,3.82,3.66,3.69,3.66,4.03,3.53,3.74,3.82,4.41,3.63,3.62,3.51,3.59,3.66,4.42
AGBL2,4.01,4.05,3.91,3.72,3.82,3.8,3.77,3.9,3.96,4.05,3.89,3.98,3.92,3.89,3.99,4.09,3.59,4.11,3.92,4.01,4.26,4.03,3.97,3.76,3.91,4.14,3.84,3.99,3.95,4.2,3.96,4.38,4.01,3.96,4.09,3.74,3.75,3.85,3.87,4.51,3.72,3.98,3.96,4.61,3.91,3.94,4.14,4.05,4.08,4.37
AGBL2,3.98,3.77,4.31,3.89,4.16,4.15,5.17,4.02,3.9,3.89,4.11,3.89,3.81,4.55,4.32,3.76,4.05,3.74,3.88,4.26,3.98,3.98,3.87,3.99,4.18,4.02,4.36,3.95,3.74,4.53,7.81,5.23,3.9,3.7,4.24,4.02,3.92,3.85,4.23,4.13,3.9,4.45,4.46,6.35,4.16,3.94,3.92,4.49,4.26,4.42
AGBL3,3.41,3.39,3.36,3.47,3.84,3.58,3.66,3.66,3.42,3.42,3.38,3.34,3.35,4.49,3.26,3.37,3.38,3.54,3.32,3.27,3.38,3.43,3.37,3.44,3.33,3.53,3.5,3.5,3.65,4.3,4.88,3.5,3.29,3.35,3.46,3.32,3.44,3.57,3.99,3.39,3.33,3.5,3.64,4.58,3.34,3.61,3.76,3.33,3.44,3.6
AGBL4,4.22,4.22,4.22,4.31,3.89,4.49,5.33,4.09,3.93,4.06,4.06,4.42,3.9,5.93,3.99,4.02,4.13,3.99,4.01,3.9,4.14,4,3.84,4.05,3.97,4.13,4.16,4.23,3.93,5.68,4.89,5.64,3.97,4.09,4.19,3.81,4.19,3.95,4.2,4.1,4.29,4.16,3.65,4.54,3.99,4.06,4.05,3.97,4.52,4.54
AGBL4,3.96,4.33,4,4.13,4.6,4.49,3.96,3.9,4.08,4.14,4.1,4.08,4.3,5,4.06,4.1,4.14,4.09,3.93,4.07,3.95,4.24,4.09,4.02,4.03,3.9,4.12,4.28,4.48,4.91,4.6,5.44,3.94,4.26,4.12,4.1,4.47,3.96,3.87,4.59,4.15,4.02,4.23,6.57,3.93,4.5,4.41,3.88,4.06,7.39
AGBL4,4.71,4.61,4.79,4.7,5.17,5.33,5.11,5.17,4.86,4.71,4.69,4.81,4.62,5.43,4.85,5,4.75,5.04,5.01,4.73,5.06,4.86,4.91,5,4.88,4.75,4.67,4.99,4.62,4.38,7.66,6.3,5.04,4.81,4.96,4.49,5.36,4.84,5.87,4.79,5.13,5,5.05,6.7,5.17,5.56,5.05,5.08,4.68,6.09
AGBL5,6.95,6.72,7.1,7.13,7.3,7.1,6.79,7.34,7.07,7.09,6.93,7.11,6.66,6.27,7.41,7.44,7.5,7.33,7.34,7.31,7.24,7.3,7.29,7.44,7.58,7.44,7.05,6.97,6.78,6.94,4.57,6.26,7.04,7.1,7.25,7.69,7.65,7.65,7.43,7.2,7.21,7.44,7.19,5.46,6.98,7.18,7,7.32,7.46,6.03
AGBL5,4.73,4.64,5.28,4.67,4.68,5.41,4.9,4.87,4.74,4.88,5.34,4.77,4.71,7.36,5.47,5.11,5.69,5.36,5.35,5.03,5.25,4.96,4.86,5.19,5.52,4.96,5.25,4.83,4.9,4.86,7.25,6.25,4.86,4.98,4.87,5.43,4.89,5.43,4.8,5.26,4.99,5.33,5.96,8.27,5.27,5.19,5.02,5.15,4.91,6.52
AGER,9.01,9.03,9.27,9.24,9.48,9.37,9.36,9.62,9.02,9.28,9.61,9.26,9.04,9.69,8.86,8.79,8.85,9.11,9.11,9.09,9.37,9.41,9.52,9.5,9.37,9.2,9.31,9.19,9.41,9.33,9.62,9.77,8.44,8.6,8.76,9.09,9.04,9.14,9.08,9.43,9.2,9.64,9.79,9.76,9.11,9.17,9.14,9.34,9.52,10.48
AGER,8.14,8.18,8.24,8.31,8.5,8.33,8.37,8.77,8.12,8.24,8.21,8.03,8.17,9.33,8.02,8.04,7.86,8.15,8.12,8.16,8.43,8.44,8.57,8.22,8.22,8.5,8.44,8.16,8.54,7.76,8.26,9.23,7.74,7.77,7.98,8.14,8.28,8.19,8.61,8.39,8.39,8.88,8.58,8.97,8.22,8.42,8.26,8.44,8.55,9.53
AGER,6.99,6.92,7.3,7.29,7.64,7.24,7.91,7.04,7,7.18,7.03,7.06,6.85,6.76,6.75,6.71,6.8,7.04,7.3,6.96,6.99,7.14,7.13,6.99,7.28,6.96,7.67,7.11,7.11,5.61,7.64,7.92,6.49,6.65,6.66,7.3,6.96,6.97,7.12,7.38,7.46,7.34,7.47,6.69,7.1,7.24,7.11,7.42,7.4,6.99
AGER,6.39,6.34,6.85,6.9,6.86,7.24,7.05,7.36,6.76,6.6,6.6,6.47,6.56,6.62,6.48,6.55,6.84,6.77,6.77,6.61,6.87,6.8,6.83,6.92,6.7,6.66,7.15,6.8,7.22,7.89,6.86,7.17,6.23,6.33,6.32,6.75,6.74,6.75,7.14,7.11,7.38,7.18,7.18,5.59,6.69,7.06,7.16,6.86,7.19,7.69
AGER,6.43,6.22,6.66,6.55,6.82,6.86,6.54,6.76,6.48,6.53,6.43,6.39,6.44,6.89,6.31,6.54,6.41,6.59,6.85,6.55,6.8,6.53,6.67,7.07,6.73,6.72,6.79,6.5,6.64,5.83,7.94,8.29,6.33,6.25,6.1,6.45,6.67,6.44,6.26,7.06,6.85,6.79,7.11,6.05,6.45,6.92,6.39,6.78,6.56,7.74
AGER,6.34,6.24,6.57,6.53,6.51,6.63,7.03,6.95,6.43,6.17,6.59,6.46,6.06,5.64,6.12,6.03,6.14,6.55,6.7,6.47,7.18,6.52,6.69,6.63,6.65,6.56,7.06,6.32,6.38,7.26,7.48,7.79,6.18,6.19,6.1,6.53,6.48,6.77,5.53,6.78,6.88,6.68,6.7,7.88,6.17,6.22,6.64,6.74,6.81,7.67
AGER,5.51,5.33,5.95,5.58,6.03,5.76,5.57,5.83,5.43,5.34,5.64,5.46,5.51,7.02,5.44,5.71,5.51,5.48,5.7,5.58,5.82,5.68,5.37,5.63,5.51,5.69,5.69,5.43,5.92,6.39,4.86,6.2,5.51,5.39,5.38,5.28,5.98,5.21,4.89,5.48,5.66,5.85,6.03,5.35,5.51,5.52,5.62,5.87,5.76,6.69
AGER,4.59,4.8,4.77,4.94,4.68,4.77,5.04,5.28,4.94,5.05,4.53,4.92,4.62,5.48,4.9,5.06,4.62,4.73,4.82,4.87,4.82,4.56,4.79,4.95,5.04,5.03,4.98,5.07,5.07,4.83,5.53,5.46,4.55,4.81,4.73,5.11,5.17,4.72,5.89,5.01,5.32,5.33,5.18,5.85,4.91,4.93,5.27,4.8,4.6,6.34
AGER,6.54,6.25,6.91,6.69,6.84,7.15,6.21,7.03,6.36,6.72,6.56,6.54,6.25,7.07,6.28,6.77,6.28,6.79,6.69,6.54,6.92,6.38,6.72,6.73,6.78,6.98,7.08,6.59,6.63,7.12,6.84,8.05,6.53,6.14,6.58,6.24,6.64,6.79,6.73,6.95,6.87,6.88,7.31,7.16,6.31,6.35,7.02,6.67,7.07,8.44
AGER,6.16,6,6.3,6.19,5.86,6.28,6.61,6.27,6.37,6.1,6.29,6.36,5.96,6.52,6.07,6.02,5.88,6.18,6.2,6.6,5.74,6.51,6.52,6.36,6.26,6.54,6.45,6.22,6.42,6.01,7.81,7.13,6.24,6.24,6.31,6.17,6.07,6.01,7.12,6.55,6.34,6.45,6.94,6.98,5.99,6.45,6.07,6.45,6.34,7.92
AGFG1,8.67,8.99,8.44,8.62,8.25,8.4,8.56,8.4,8.94,8.71,8.8,8.64,8.78,6.9,8.62,8.5,8.69,8.32,8.44,8.38,8.84,8.55,8.91,8.45,8.43,8.62,8.65,8.62,8.52,7.9,6.43,6.98,8.73,8.78,8.7,8.58,8.41,8.57,7.74,8.67,8.59,8.37,8.57,6.47,8.88,8.89,8.72,8.69,8.82,6.79
AGFG1,6.61,6.32,6.18,6.39,6.13,6.28,5.72,5.83,6.67,6.63,6.57,6.42,6.29,5.85,6.5,5.96,6.53,6.45,6.48,6.45,6.41,6.56,6.67,6.45,6.33,6.17,6.22,6.38,6.09,5.58,5.88,6.32,5.94,6.12,6.12,6.21,6.42,6.33,5.74,6.21,6.06,6.43,6.25,5.98,6.28,6.78,6.64,6.19,6.37,5.69
AGFG1,8.45,8.49,8.45,8.42,8.44,8.53,8.02,8.26,8.6,8.39,8.77,8.48,8.24,7.39,8.53,8.53,8.45,8.67,8.64,8.65,8.27,8.44,8.74,8.47,8.42,8.41,8.48,8.54,8.61,8.1,9.17,7.94,7.86,8.06,8,8.53,8.32,8.28,7.74,8.47,8.22,8.38,8.43,7.82,8.91,9.16,8.92,8.47,8.44,7.02
AGFG1,6.1,6.11,6.05,6.19,6.11,6.29,5.22,5.83,6.42,6.35,6.29,5.93,5.95,5.09,6.02,6.02,6.23,6.5,6.22,6.17,6.49,6.13,6.37,6.22,6.32,6.18,6.1,6.21,6,6.89,5.2,6.06,5.74,5.91,5.79,6.19,6.15,6.09,5.31,6.14,5.92,5.63,5.9,5.59,6.36,7.05,6.76,6.01,6.2,5.21
AGFG1,6.27,6.03,6.05,6.22,6.1,5.83,6.46,5.77,6.32,6.39,6.47,6.2,6.08,5.09,6.18,6.27,6.32,6.32,6.31,6.25,5.99,6.3,6.5,6.35,6.37,6.16,5.89,6.28,6.12,5.8,6.05,6.48,5.72,5.75,5.9,6.37,6,5.95,5.73,6.19,6.18,6.18,6.02,5.77,6.48,6.96,6.69,6.22,6.4,5.45
AGFG1,9.29,8.93,9.08,9.29,8.93,8.89,8.88,9.1,9.19,9.2,8.84,9.28,9.11,8.08,9.21,9.29,9.25,9.12,9.08,9.19,9.2,9.24,8.89,9.22,9.03,9.2,9.17,9.36,8.87,8.17,6.56,8.61,9.34,9.55,9.42,9.13,9.01,9.38,9.24,9.28,9.14,9.15,8.93,7.87,9.57,9.25,9.45,9.18,9.09,8.66
AGFG2,8.12,7.96,8.25,8.09,8.34,8.61,8.73,8.11,7.99,7.9,8.12,8.05,7.92,7.69,7.76,7.87,7.83,8.52,8.54,8.16,7.74,7.98,8.12,8.14,8.08,7.89,8.26,7.86,8.18,8.54,8.65,7.86,7.73,7.73,7.79,8.23,8.17,8.23,8.32,8.34,8.18,8.03,8.24,7.42,8.02,7.97,8.12,7.97,8.45,6.75
AGFG2,8.27,8.26,8.68,8.49,8.71,8.61,7.53,8.45,8.3,8.29,8.5,8.43,8.32,7.92,8.29,8.09,8.23,8.68,8.69,8.59,8.04,8.28,8.26,8.56,8.46,8.09,8.48,8.36,8.33,8.28,8.1,8.67,8.05,7.99,8.11,8.39,8.46,8.51,7.56,8.5,8.47,8.39,8.34,7.12,7.87,7.92,8.08,8.54,8.51,7.45
AGFG2,5.51,5.35,5.45,5.62,5.55,5.32,4.71,5.38,5.45,5.45,5.17,5.46,5.5,5.59,5.27,5.23,4.64,5.74,5.76,5.57,5.3,5.13,4.96,5.58,5.48,5.46,5.49,5.34,5.28,4.71,4.5,4.38,5.03,5.32,5,5.44,5.62,5.55,5.05,5.32,5.45,5.04,4.99,5,5.01,4.68,5.23,5.34,5.41,4.44
AGFG2,5.99,6.38,6.04,6.2,5.89,5.46,6.35,5.48,5.82,6.24,6.54,5.86,5.89,7.19,5.86,5.72,5.75,6.06,6.09,5.77,5.54,5.56,5.93,5.64,5.38,5.71,6.1,5.91,6.41,4.51,5.73,6.43,5.99,5.57,5.56,5.66,6.05,5.73,6.43,5.43,5.41,6.41,6.21,5.52,5.91,5.68,5.5,5.89,5.87,5.83
AGFG2,5.84,5.44,6.41,6.04,6.15,5.89,5.73,5.76,5.86,5.79,5.57,5.64,5.44,6.25,6.12,5.61,5.93,6.07,5.99,6.46,5.57,5.79,5.63,5.65,5.91,5.43,5.64,6,5.61,5.53,7.18,6.18,5.4,5.54,5.65,6.01,5.58,5.79,5.33,5.79,5.88,5.76,5.75,5.81,5.99,5.61,6.14,5.98,5.58,7.06
AGGF1,8.63,8.63,8.55,8.61,8.39,8.44,8.17,8.3,8.6,8.52,8.03,8.37,8.46,6.83,8.05,8.16,8.37,8.44,8.4,8.41,8.6,8.34,8.3,8.37,8.28,8.56,8.47,8.58,8.35,8.19,6.32,6.92,8.11,8.23,7.95,8.13,8.15,8.41,8.32,8.61,8.49,8.21,8.03,6.04,8.59,8.52,8.44,8.48,8.51,6.91
AGGF1,7.32,7.38,7.35,7.39,7.24,6.98,7.29,7.57,7.38,7.27,7.33,7.47,7.32,6.23,7.31,7.27,7.23,7.39,7.32,7.31,7.6,7.48,7.38,7.19,7.37,7.3,7.3,7.46,7.25,7.34,7.24,7.27,7.15,7.03,7.16,7.46,7.19,7.04,7.28,7.49,7.25,7.36,7.47,6.64,7.15,7.18,7.21,7.5,7.36,5.78
AGGF1,8.56,8.75,8.64,8.64,8.79,8.53,8.46,8.58,8.57,8.62,8.79,8.58,8.49,8.19,8.69,8.61,8.73,8.71,8.67,8.76,8.68,8.73,8.86,8.84,8.67,8.73,8.64,8.69,8.71,8.13,8,8.16,8.46,8.57,8.6,8.73,8.8,8.53,8.45,8.74,8.65,8.66,8.9,8.19,8.58,8.8,8.57,8.66,8.7,8.16
AGGF1,7.28,6.59,6.77,6.82,6.17,6.82,6.98,6.99,7.16,7.07,6.52,6.51,6.49,5.51,6.98,7.21,7.3,7.09,6.99,7.18,7.26,6.97,6.62,7.1,6.74,7.51,7.03,7.1,6.65,5.91,4.94,5.01,7.08,6.71,6.96,7.03,6.77,6.93,7.15,6.81,7.05,7,6.72,5.06,7.13,7.22,7,6.53,6.25,5.67
AGGF1,7.25,6.77,6.86,6.66,5.96,6.73,7.23,6.58,7.11,7.01,6.81,6.64,6.55,6.17,7.24,7.18,7.02,7,6.9,6.92,7.03,6.98,6.71,6.8,7.04,6.99,6.84,6.91,6.83,5.27,6.29,5.73,6.58,6.43,6.64,6.94,6.66,6.4,6.67,6.65,6.69,7.2,6.63,4.65,6.75,6.66,6.73,6.6,6.46,4.85
AGGF1,8.86,9.16,8.8,8.96,8.6,8.47,7.83,8.81,8.94,8.89,8.99,8.91,8.75,7.91,8.75,8.76,8.87,8.71,8.84,8.84,8.78,8.95,9.06,8.81,8.86,8.92,8.86,9,8.73,8.27,7.44,8.03,8.58,8.56,8.69,8.77,8.67,8.7,8.4,8.97,8.87,8.48,8.53,7.78,8.7,8.47,8.92,8.88,8.84,7.68
AGGF1,6.74,7.04,6.81,6.93,6.74,7.08,7.11,7.01,7.04,6.94,6.96,6.87,6.73,6.1,7.4,7.07,7.51,6.85,6.95,6.79,7.15,7.28,7.21,7.15,7.03,7.3,6.85,7.08,6.99,5.03,6.12,6.03,7.35,7.11,7.34,7.37,7.19,7.13,6.11,7.18,7,7.13,7.27,6.67,7.56,6.94,7.47,6.87,7.18,5.66
AGK,10.66,10.68,10.76,10.73,10.67,10.47,10.55,10.61,10.68,10.75,10.68,10.86,10.74,10.73,10.98,10.87,10.88,10.55,10.62,10.6,10.75,10.86,10.72,10.94,10.97,10.87,10.56,10.7,10.52,10.57,9.71,10.22,10.89,10.99,10.91,11.05,10.86,11.07,10.42,10.62,10.63,10.7,10.48,10.02,10.78,10.63,10.77,10.69,10.61,10.05
AGK,8.45,8.04,8.31,8.12,7.12,7.2,8.34,8.19,8.35,8.35,7.26,8.35,8.44,6.69,8.6,8.38,8.55,8.15,8.12,8.24,8.61,8.31,7.63,8.46,8.35,8.62,8.08,8.19,7.61,6.78,7.83,6.54,8.75,8.67,8.59,8.32,8.34,8.59,7.36,8.01,7.9,7.69,7.76,5.31,8.37,8.19,8.18,8.11,8.1,5.57
AGK,3.84,3.86,4.1,4.22,3.83,3.8,6.45,4.26,3.83,3.8,3.97,3.84,4.02,4.23,3.8,4.14,4,3.62,4.04,4.24,3.77,4.01,4.13,3.88,3.75,4.08,3.69,3.64,3.88,4.18,4.18,4.57,3.95,3.36,4.01,4.11,4.13,3.92,4.81,3.74,3.88,3.89,3.99,5.65,3.9,3.96,3.71,3.99,3.74,5.73
AGL,8.74,9.08,8.65,8.74,8.7,8.8,7.8,8.34,8.93,8.72,9.13,8.78,8.8,8.01,8.76,8.26,8.66,8.6,8.73,8.69,8.77,8.83,9.24,8.69,8.75,8.68,8.6,8.72,8.64,8.34,7.21,8.19,8.09,8.21,8.06,8.65,8.22,8.39,8.17,8.35,8.59,8.55,8.49,8.85,8.59,8.48,8.71,8.7,8.85,7.71
AGL,6.75,6.59,7.29,6.88,7.05,6.58,5.86,6.82,6.7,6.94,6.96,6.79,6.53,6.34,6.82,6.75,6.91,7.31,6.89,7.22,6.89,6.66,6.57,7.01,6.88,6.59,6.99,6.77,6.84,7.05,5.54,6.17,6.74,6.95,6.87,7.17,6.89,6.89,7.13,6.92,6.92,6.65,6.26,5.73,7.08,6.73,7.22,6.77,6.84,6.18
AGL,6.13,5.65,5.42,5.81,5,4.68,5.65,5.41,6.01,5.8,5.72,5.7,5.61,5.29,5.82,5.28,5.54,5.7,5.95,5.9,5.6,5.77,5.68,5.7,5.86,6.15,5.43,5.95,5.58,4.9,4.71,5.15,5.97,5.54,5.69,5.58,5.02,5.7,5.84,5.9,5.63,5.58,5.14,5.42,5.11,4.56,5.4,5.34,5.59,4.91
AGMAT,5.03,4.86,4.95,5.01,4.69,5.07,5.35,5.11,5.14,5.06,5.29,5.18,4.56,4.31,4.66,5.05,4.74,5.19,5.21,4.93,4.43,4.9,4.64,4.81,4.75,4.65,5.06,5.47,5.06,3.73,4.41,5.4,4.59,4.93,4.91,4.88,4.57,4.67,4.92,5.11,5.02,5.3,5.32,5.27,4.37,4.29,4.46,5.02,5.16,4.01
AGMAT,5.76,5.67,5.92,6.2,5.76,5.87,5.49,5.33,6.12,5.83,6.19,5.7,5.48,5.77,5.6,5.31,5.28,5.9,5.89,6.05,5.81,5.52,5.6,5.32,5.57,5.75,6.07,6.18,5.48,6.87,5.42,5.44,5.47,5.74,5.99,5.39,5.88,5.21,5.59,6.01,5.78,5.49,5.64,5.2,5.64,5.48,5.45,5.78,5.87,5.62
AGPAT1,7.92,7.93,8.08,7.93,8.32,8.44,7.95,7.91,7.92,7.95,8.34,8.07,7.75,8.23,7.89,7.85,7.78,8.05,8.07,7.9,8.09,8,8.46,8.15,8.16,7.95,8.05,7.82,8.06,7.76,8.29,7.82,7.68,7.72,7.67,8.11,7.79,7.98,7.69,8.36,8.33,8.14,8.1,7.62,8.14,8.17,7.97,8.03,8.13,6.91
AGPAT1,6.56,6.12,6.97,6.84,6.6,6.48,6.37,7.16,6.71,6.77,6.27,6.3,6.36,7.22,6.71,6.94,6.6,6.88,6.86,6.68,6.77,6.99,6.33,7.12,6.97,6.68,7.14,6.79,6.5,5.62,5.29,5.65,6.55,6.6,6.98,6.33,6.82,7.04,5.79,7.09,6.36,6.77,6.81,6.62,7.2,6.86,7.09,6.81,6.58,7.46
AGPAT1,6.2,6.38,6.56,6.6,6.36,6.73,6.61,6.7,6.55,6.52,6.22,6.35,6.11,5.93,6.26,6.81,6.15,6.61,6.61,6.3,6.5,6.27,6.46,6.7,6.84,6.23,6.46,6.46,6.42,5.1,4.68,5.94,6.16,6.17,6.22,6.52,6.64,6.45,6.15,6.86,6.88,6.66,6.26,5.31,6.27,6.24,6.52,6.66,6.48,6.57
AGPAT1,6.86,6.35,6.88,6.77,7.09,7.33,6.79,7.29,6.81,6.78,6.57,6.87,6.72,6.57,7.01,7.16,6.85,7.15,6.99,6.95,6.86,7.07,6.78,7.09,7.12,6.97,6.87,7.15,6.56,5.22,6.3,6.02,6.68,6.67,6.82,6.93,6.79,7.01,7.33,7.16,6.97,6.97,6.99,6.84,6.87,7.1,7.09,6.93,6.69,6.91
AGPAT2,7.66,7.5,7.83,7.73,8.11,7.77,7.68,7.92,7.61,7.61,7.55,7.45,7.48,6.94,7.39,7.64,7.37,7.89,7.79,7.68,7.47,7.41,7.37,7.56,7.31,7.47,7.84,7.72,7.98,7.37,5.24,7.86,7.59,7.69,7.73,7.7,7.46,7.68,7.76,7.84,7.71,7.7,7.9,8.49,7.58,7.75,7.8,7.69,7.78,7.85
AGPAT2,6.93,6.61,7.07,6.91,7.4,7.4,7.15,7.16,6.76,6.89,6.64,6.55,6.56,6.73,6.67,6.95,6.6,7.21,6.89,7.04,7.01,6.8,6.25,6.75,6.45,6.83,7.3,6.96,6.71,5.22,6.29,6.2,7,6.8,7.01,6.71,6.43,6.87,7.18,7.09,6.89,7.2,7.23,6.62,6.87,6.59,7.08,6.88,6.82,6.18
AGPAT3,10.05,10.06,9.96,9.89,9.83,9.98,10.45,10.19,9.82,10.03,9.87,9.77,9.92,9.47,9.54,9.61,9.42,9.65,9.57,9.54,9.71,9.62,9.52,9.56,9.59,9.51,9.96,9.88,9.96,9.7,10.12,10.03,9.65,9.52,9.6,9.58,9.71,9.64,9.57,10.05,10.07,10.04,9.98,9.22,9.98,10.03,10.06,9.86,10.16,9.38
AGPAT3,8.89,8.69,8.89,8.95,8.9,8.8,8.73,8.73,8.71,8.66,8.69,8.76,9.03,8.28,8.31,8.52,8.38,8.79,8.71,8.82,8.65,8.62,8.88,8.74,8.64,8.59,8.74,8.71,9,8.03,6.12,8.5,8.24,8.15,8.15,8.48,8.51,8.66,8.18,8.96,8.96,9.1,9.22,7.37,8.7,8.87,8.88,8.83,9.01,7.15
AGPAT3,5.4,5.72,5.62,5.67,5.61,5.52,5.62,5.02,5.42,5.66,6.03,5.88,5.42,5.8,5.3,5.53,5.1,5.38,5.84,5.38,5.41,5.43,5.42,5.48,5.15,5.13,5.65,5.29,5.73,4.9,5.87,5.3,5.63,5.43,5.18,5.4,5.06,5.28,5.27,5.51,5.24,5.85,5.51,5.49,5.21,5.34,5.46,5.25,5.63,5.24
AGPAT3,6.89,6.36,6.94,6.93,6.73,6.33,6.4,6.81,6.82,6.91,6.59,6.69,6.4,6.87,6.65,6.59,6.69,6.56,6.98,6.6,6.55,6.74,6.56,6.9,6.73,6.35,6.6,6.84,6.3,6.51,6.53,6.57,6.86,6.58,6.73,6.75,6.4,6.72,5.91,6.72,6.68,7.23,6.51,6.47,6.86,6.49,7.21,7.07,6.96,7.44
AGPAT3,8.42,8.04,8.18,7.83,8.19,8.3,8.67,8.43,7.98,8.3,8.29,7.72,7.56,6.37,7.91,7.96,7.91,8.11,8.07,8.32,7.99,8.1,8.02,7.94,8.19,8.13,8.01,8.24,8.42,7.79,6.4,6.84,7.66,7.56,7.64,8,7.75,7.56,8.24,8.25,8.4,8.54,8.49,6.41,7.81,8.34,8.37,7.76,7.73,6.1
AGPAT3,5.91,5.66,6.35,6.07,5.84,5.94,6.08,6.44,5.97,6.18,6.18,6.02,5.65,5.35,5.7,5.67,5.91,5.93,5.71,5.97,5.81,5.26,5.56,5.9,6.02,5.65,6.27,6.19,5.95,5.58,5.93,5.42,5.76,5.85,6.24,6.05,5.79,5.84,5.42,6.21,6.34,6.02,5.96,6.62,6.15,5.85,6.38,6.08,5.91,6.26
AGPAT3,3.87,3.95,3.86,4.02,4.57,4.28,3.46,3.99,3.87,3.97,4.38,4.01,4.08,6.16,3.94,3.97,4,4.14,3.97,4.22,3.89,4.18,4.12,4.45,3.88,3.83,4.06,4.38,3.89,4.82,6.81,6.04,4.06,3.72,3.93,4.3,4.13,3.78,4.63,4.03,4.12,4.06,4.12,4.55,3.89,4.03,4.3,3.83,3.85,5.64
AGPAT4,7.3,6.85,6.94,7.09,7.23,7.39,6.62,7.06,6.9,7.11,7.06,7.33,6.96,5.97,6.78,6.86,6.86,6.91,6.78,6.94,7.11,7.37,7.23,7.15,7.02,6.95,7.03,6.95,7.22,6.22,6.42,6.3,7.32,7.33,7.2,6.82,7.01,6.97,6.41,7.37,7.04,7.23,7.27,6.15,7.42,7.53,7.79,7.16,6.89,5.98
AGPAT4,3.6,3.75,3.87,3.81,3.94,4.11,5.16,4.17,3.74,3.89,3.92,4.09,3.87,5.79,3.93,3.93,3.7,3.91,3.95,3.74,3.89,3.92,3.82,4.26,4.09,3.94,3.9,3.93,4.26,3.87,5,5.52,3.78,3.81,3.79,3.82,3.77,3.79,3.93,4.16,4.12,3.79,3.89,4.29,4.15,3.98,4.11,3.76,3.68,4.72
AGPAT4,5.83,5.77,5.99,5.9,6.19,6.14,5.98,6.19,5.85,5.94,6.09,5.99,5.91,5.06,5.84,5.7,5.74,6.03,6.1,5.9,5.98,6.36,6.09,6.09,6.46,5.94,5.63,5.74,6.04,7.15,6.16,4.68,5.11,5.62,5.73,5.76,5.97,5.78,5.3,5.94,6.15,6.37,6.22,5.27,6.37,6.81,5.87,6.12,6.09,5.78
AGPAT4,6.72,5.87,6.67,6.57,5.79,6.18,6.23,6.68,6.3,6.79,5.84,6.63,6.07,3.98,6.3,6.18,6.29,6.5,6.47,6.58,6.4,6.62,6.01,7.11,6.63,6.94,6.41,6.59,5.74,5.23,5.67,6.74,6.74,7.03,6.81,6.39,6.38,6.55,4.98,6.79,6.72,6.57,5.93,5.03,6.74,7.16,7.22,6.61,6,5.03
AGPAT4,5.5,4.57,5.41,5.22,5.34,5.18,5.33,4.96,5.09,5.26,4.68,5.16,5.11,4.64,4.97,4.86,5.02,4.99,5.04,4.88,5.4,4.92,4.92,4.88,5.5,5.14,5.46,5.09,5.17,5.69,5.4,6.34,5.34,5.5,5.32,5.18,4.73,4.97,5.06,5.41,5.12,4.96,5.08,5.12,5.78,5.42,5.81,5.17,5.28,4.52
AGPAT4,6.63,5.57,6.67,6.15,5.75,5.73,5.9,6.89,6.3,6.6,5.83,6.53,6.16,6.66,6.35,6.27,6.36,6.36,6.24,6.53,5.94,6.53,5.63,6.95,6.79,6.63,6.41,6.55,6.19,5.11,6.94,4.83,6.55,6.62,6.78,6.23,6.2,6.55,4.23,6.4,6.63,6.38,5.51,5.37,6.85,6.79,6.74,6.71,6.17,6.23
AGPAT4,6.59,6.28,6.46,6.45,6.04,5.91,5.05,6.57,6.35,6.48,6.23,6.43,6.1,7.01,6.17,6.09,6.05,6.34,6.37,6.53,6.54,6.26,6.15,6.55,6.58,6.77,6.33,6.57,6.19,4.31,8.22,5.25,6.87,6.89,6.38,6.3,6.4,6.68,6.09,6.92,6.56,6.34,6.56,6.07,6.74,6.41,6.89,6.35,6.16,6.66
AGPAT4,5.89,5.37,5.95,6.04,6.18,5.69,6.51,6.17,5.63,6,5.23,5.76,5.71,6.04,6.05,5.5,5.55,5.89,5.55,6.19,5.85,5.85,5.33,5.72,5.75,5.91,5.7,5.93,5.6,4.31,7.28,5.36,5.84,6.17,6.16,5.9,5.15,5.65,6.39,6.09,5.95,6.57,5.66,6.07,5.86,5.91,6.06,5.9,5.4,6.22
AGPAT5,10.7,10.98,10.64,10.68,10.58,10.52,10.28,10.45,10.87,10.69,10.86,10.37,10.46,10.83,10.05,9.84,10.08,10.47,10.46,10.52,9.56,9.55,9.77,9.69,9.67,9.67,10.68,10.72,10.77,10.25,9.33,11.06,9.68,9.66,9.72,9.97,9.76,9.87,10.11,10.38,10.54,10.42,10.28,10.65,10.59,10.51,10.71,10.48,10.55,10.37
AGPAT5,6.93,7.27,6.87,7.11,7.46,7.27,6.61,7.04,7.08,6.86,7.38,6.47,6.61,5.69,6.6,6.09,6.39,6.67,7.03,7.19,5.71,6.05,6,6.25,5.9,5.9,7,7,6.72,6.86,7.08,8.02,5.45,5.69,6.01,6.76,5.76,5.87,6.75,6.94,7.08,6.84,6.45,6.31,7.57,6.7,7.45,6.87,7.27,7.5
AGPAT5,7.88,7.61,7.62,7.83,7.57,7.17,6.37,7.65,8.04,8.13,7.52,7.55,7.5,5.66,7.08,6.93,7.11,7.58,7.59,7.72,6.48,6.63,6.29,6.47,6.5,6.79,7.82,7.95,7.54,6.88,3.9,4.96,6.74,6.86,6.78,6.85,6.51,7.08,6.82,7.61,7.46,7.17,7.11,4.9,7.68,7.14,7.8,7.7,7.5,5.56
AGPAT5,9.12,8.72,8.97,9.01,8.98,8.79,8.67,8.96,8.99,8.95,8.73,8.64,8.55,7.28,8.11,8.18,8.12,8.55,8.55,8.81,7.6,7.39,7.31,7.92,7.79,7.43,9.13,8.93,8.84,8.19,8.53,5.98,8.21,8.05,8.2,8.03,8.15,8.18,8.81,8.97,8.87,8.05,8.37,6.99,9.02,8.73,8.95,8.84,8.88,6.84
AGPAT6,10.43,10.29,10.5,10.51,10.72,10.55,10.61,10.71,10.37,10.49,10.55,10.39,10.3,8.42,10.35,10.52,10.32,10.3,10.36,10.29,10.46,10.57,10.43,10.47,10.51,10.43,10.53,10.48,10.55,10.81,7.64,9.02,10.27,10.4,10.39,10.41,10.42,10.47,10.5,10.66,10.59,10.74,10.86,8.84,10.67,10.82,10.83,10.55,10.64,8.93
AGPAT6,5.42,5.53,5.98,5.61,5.33,5.92,5.79,5.64,5.84,5.76,5.74,5.41,5.41,5.5,5.56,5.43,5.68,5.85,5.71,5.79,5.39,5.44,5.92,5.8,6.11,5.98,5.76,5.91,5.67,6.68,6.72,7.58,5.16,5.16,5.47,5.74,5.69,5.82,6.23,6.11,5.77,6.14,6.47,6.16,6.37,6.17,5.82,5.95,5.99,5.8
AGPAT9,4.94,4.98,4.71,4.95,5.11,4.67,4.92,4.11,4.96,4.73,5.23,5.03,4.83,5.98,4.63,4.98,4.78,4.95,4.97,4.59,4.73,4.9,4.58,4.31,4.42,4.39,5,4.86,5.12,5.3,5.38,5.61,5,5.11,5.17,4.43,4.98,4.44,4.94,4.98,4.69,4.69,4.99,5.29,4.69,5.32,4.41,4.94,4.88,5.37
AGPHD1,4.56,4.31,4.56,4.61,4.3,4.73,4.3,4.55,4.44,4.54,4.69,4.71,4.66,5.93,4.77,4.68,5.1,4.71,4.82,4.47,4.83,4.89,4.7,4.79,4.75,5.22,4.32,4.65,4.63,4.03,5.67,3.83,4.77,4.81,4.69,5.16,4.85,4.82,4.46,5,4.55,5.15,4.57,4.43,5.43,4.48,4.88,4.81,4.63,5.09
AGPHD1,4.69,4.91,4.85,4.71,4.81,4.76,4.66,4.63,4.5,4.72,4.58,4.75,4.93,4.76,4.8,4.84,4.81,5.11,5.04,4.83,5.06,4.92,4.9,5.05,4.58,5.07,4.84,4.79,4.9,4.75,5.84,4.47,4.78,4.61,4.65,5.07,4.66,4.69,4.84,4.69,4.87,5.09,4.94,6.09,4.97,5.48,5.17,4.46,4.89,4.53
AGPHD1,3.68,3.83,3.72,3.75,3.6,3.78,3.65,3.73,3.71,3.71,3.71,3.68,3.77,4.37,4.04,3.81,3.64,3.82,3.78,3.68,3.69,3.88,3.65,3.97,3.77,3.78,3.91,3.77,3.86,4.02,5.73,3.98,4,3.8,3.7,3.92,4.01,3.65,3.54,3.7,3.96,3.71,3.9,4.73,3.55,3.99,3.83,3.62,3.56,4.2
AGPHD1,4.18,3.98,4.06,4.07,3.96,4.18,4.13,3.82,4.15,4.12,4.09,4.16,3.98,5.59,4.1,4.36,4.09,3.87,3.94,4,3.93,4,4.05,4.05,3.81,4.01,4.13,4.17,4.22,5.14,4.29,5.41,4.09,4.08,4.09,4.04,3.98,4.08,5.04,4.09,3.82,3.73,4.09,5.4,4.15,4.32,4.26,3.84,3.83,6.25
AGPS,8.28,8.59,7.88,8.03,7.51,7.72,7.55,7.72,8.44,8.22,8.19,8.25,8.39,7.05,7.87,7.75,8.05,8.05,8.05,7.96,7.88,7.9,8.19,7.51,7.69,7.83,7.94,7.97,8.2,8.13,4.99,6.62,7.78,7.66,7.72,7.87,7.68,7.78,7.28,7.8,8,7.62,7.98,7.44,7.99,7.78,7.89,8.22,8.25,6.95
AGPS,7.72,7.57,7.84,7.72,8.03,7.81,6.86,8.22,7.75,7.84,8.12,7.51,7.51,7.9,7.88,7.51,7.83,8.05,8.31,8.31,7.19,7.77,7.8,7.73,7.73,7.5,8.01,7.87,7.78,7.68,8.45,7.17,7.25,7.4,7.61,7.94,8.08,7.95,7.11,7.81,7.88,7.74,7.86,7.8,8.41,8.21,8.4,7.9,7.96,7.12
AGPS,9.88,9.44,9.68,9.72,9.32,9.37,9.11,9.63,9.67,9.79,9.19,9.72,9.61,8.23,9.45,9.55,9.61,9.65,9.65,9.76,9.42,9.35,9.16,9.5,9.3,9.55,9.61,9.7,9.2,8.27,7.26,7.58,9.61,9.73,9.53,9.4,9.23,9.57,9.41,9.6,9.56,9.1,9.16,7.29,9.6,9.29,9.51,9.67,9.6,7.56
AGPS,9.02,8.52,8.83,8.67,7.95,7.97,8.74,8.73,8.84,8.86,8.23,8.96,8.85,7.56,8.78,8.72,8.74,8.77,8.76,9.05,8.56,8.58,7.96,8.62,8.58,8.52,8.6,8.74,8.1,6.96,8.04,7.31,8.97,8.87,8.54,8.52,8.2,8.69,8.76,8.62,8.45,7.92,7.77,6.44,8.55,8.54,8.6,8.73,8.27,6.99
AGPS,8.17,8.24,7.99,8.18,8.14,8.01,7.93,7.56,8.28,7.96,8.23,7.98,8.02,7.64,8.1,7.72,7.97,8.27,8.32,8.42,7.72,7.71,8.08,8.19,7.99,8.11,8,8.3,8.01,7.3,6.84,7.54,7.88,7.56,7.88,8.21,7.97,8.16,7.63,7.86,7.99,7.69,7.71,7.05,7.77,7.95,7.9,8.11,7.99,6.94
AGR2,4.45,4.55,4.8,4.83,4.76,5.04,4.78,4.87,4.7,4.76,4.63,4.6,4.58,6.16,4.64,4.93,4.46,4.76,4.6,4.66,4.58,4.65,4.61,4.65,4.78,4.46,4.45,4.52,4.61,4.76,6.27,5.79,4.47,4.49,4.49,4.49,4.41,4.74,4.72,4.33,4.53,4.44,4.53,6.46,4.66,4.45,4.74,4.63,4.4,5.42
AGR2,3.87,4.02,3.61,3.77,3.87,3.9,4.63,3.73,3.88,3.68,3.84,3.97,3.83,4.18,3.82,3.88,3.77,3.76,3.78,3.75,3.77,3.64,3.84,3.78,3.73,3.95,3.79,3.9,3.82,4.88,5.89,4.41,3.97,3.75,3.64,3.91,4.11,3.68,4.38,3.73,3.83,3.68,4.15,3.97,3.74,4.43,3.71,3.65,3.69,4.36
AGR2,3.97,4.37,3.8,3.97,4.29,3.93,4.7,4.01,4.06,4.12,4.15,4.1,3.87,4.92,3.91,3.7,3.96,4.17,4.15,3.89,4.07,4.04,3.89,4.1,3.75,3.96,4.2,3.95,4.02,4.99,5.22,5.36,3.76,3.81,3.78,3.83,4.14,4.21,3.99,3.78,3.75,4.24,4.09,5.45,3.94,4.28,3.99,3.98,3.94,4.69
AGR2,3.45,3.59,3.51,3.44,3.99,3.81,3.66,3.38,3.35,3.48,3.62,3.66,3.61,4.03,3.34,3.39,3.5,3.44,3.74,3.26,3.43,3.39,3.43,3.43,3.37,3.57,3.66,3.37,3.46,3.56,3.53,3.69,3.54,3.33,3.54,3.31,3.31,3.97,3.7,3.51,3.3,3.3,3.62,4.1,3.34,3.38,3.64,3.68,3.53,4.2
AGR3,3.82,3.54,3.26,3.5,3.31,3.37,3.58,3.31,3.6,3.45,3.29,3.58,3.46,4.2,3.28,3.53,3.3,3.58,3.23,3.32,3.58,3.62,3.59,3.33,3.21,3.3,3.44,3.63,3.32,4.94,3.85,4.22,3.7,3.77,3.51,3.37,3.49,3.19,4.63,3.47,3.43,3.37,3.55,4.37,3.41,3.34,3.16,3.28,3.41,3.68
AGRN,12.1,12.2,12.03,12.11,12.15,12.31,12.16,12.18,12.03,12.1,12.5,12.19,12.13,13.06,12.31,12.26,12.34,11.88,11.94,11.94,12.47,12.49,12.72,12.35,12.34,12.44,12.13,12.09,12.41,12.78,13.06,13.32,12.11,12.22,12.1,12.27,12.46,12.22,11.96,12.21,12.19,12.49,12.36,13.06,12.19,12.36,12.27,12.1,12.35,13.03
AGRN,6.18,6.03,5.83,6.19,6.69,6.3,6.54,6.41,6.28,6.18,6.29,6.19,6.25,6.98,5.94,6,5.92,6.17,5.91,6.25,6.55,6.13,6.35,6.13,6.08,5.89,5.99,6.09,6.28,6.41,7.46,7.84,6.29,6.1,6.38,6.17,6.09,5.94,6.81,6,5.93,6.44,5.96,6.79,6.18,6.45,6.09,6.28,5.98,6.79
AGRP,4.61,4.49,4.33,4.51,4.76,4.79,5.49,4.82,4.67,4.98,4.52,4.79,4.58,6.2,4.49,4.97,4.58,5.07,4.62,4.58,4.82,4.73,4.71,4.45,4.53,4.31,4.92,5.03,4.87,5.48,4.65,4.99,4.65,4.7,5,4.59,4.6,4.84,5.27,4.53,4.51,5.05,5.08,5.77,4.45,4.52,4.72,4.68,4.86,5.55
AGRP,3.84,3.72,4.13,4.18,3.97,4.27,6.18,4.38,3.96,3.96,3.98,3.71,4.01,4.55,3.85,4.07,4.05,3.97,4.09,4.11,3.86,3.94,3.9,3.77,3.93,3.89,3.86,3.93,3.9,4.16,4.56,6.42,4.04,3.88,4,4,4.32,4.02,4.01,4.12,3.93,3.65,4.11,4.26,4.14,3.78,3.87,3.75,4.18,4.85
AGT,3.56,3.5,3.51,3.56,3.75,3.46,3.85,3.85,3.28,3.42,3.53,3.56,3.33,3.97,3.55,3.62,3.54,3.66,3.59,3.4,3.56,3.52,3.41,3.55,3.59,3.74,3.45,3.59,3.58,6.44,4.04,4.61,3.71,3.57,3.56,3.39,3.54,3.5,4.17,3.53,3.54,3.69,3.82,3.81,3.82,3.6,3.6,3.69,3.37,3.92
AGT,3.9,3.46,3.65,3.71,3.86,3.65,3.7,3.68,3.68,3.97,3.5,3.7,3.62,3.68,3.48,3.9,3.54,3.83,3.49,3.39,3.93,3.5,3.61,3.69,3.88,3.6,3.4,3.61,3.32,3.96,3.97,3.4,3.52,3.57,3.66,3.46,3.72,3.57,3.99,3.73,3.86,3.86,3.62,3.51,3.56,3.65,3.59,3.56,3.69,4.05
AGTPBP1,8.39,8.34,8.27,8.28,8.11,7.93,7.92,8.36,8.43,8.31,7.97,8.09,8.35,7.94,7.79,7.69,7.81,7.98,8.01,7.97,7.79,7.95,8.18,7.76,7.81,7.93,8.12,8.2,8.23,8.24,7.21,7.83,7.64,7.67,7.5,7.86,7.69,7.9,8.04,8.09,8.31,8.42,8.13,7.08,8.27,8.56,8.05,8.26,8.35,6.8
AGTPBP1,6.71,5.98,6.25,6.31,5.76,6.15,6.33,5.84,6.48,6.36,6.1,6.32,6.2,6.57,6,6.05,6.03,6.12,6.33,6.28,6.04,6.14,5.85,6.2,6.06,6.26,6.17,6.29,5.78,6.69,5.44,6.25,5.9,6.01,5.83,5.97,6.12,6.1,6.15,6.32,6.24,6.02,5.8,6.59,6.56,6.65,6.28,6.38,6.2,5.48
AGTPBP1,6.85,6.75,6.62,7.02,6.71,6.45,6.61,7.15,6.82,6.97,6.72,6.54,6.64,5.17,6.37,6.42,6.3,6.49,6.55,6.58,6.57,6.58,6.51,6.36,6.61,6.4,6.71,6.84,6.84,6.35,4.75,4.11,6.23,6.72,6.36,6.55,6.33,6.7,7.09,7.17,6.99,6.85,6.73,5.49,6.76,6.78,6.85,6.68,6.95,5.31
AGTR1,3.48,3.51,3.5,3.97,3.44,3.51,3.56,3.71,3.49,3.52,3.8,3.79,3.52,4.46,3.64,3.72,3.52,3.64,3.65,3.59,3.65,3.59,3.78,3.79,3.9,3.55,3.57,3.8,3.71,4.7,4.69,4.4,3.42,3.53,3.5,3.57,3.47,3.7,3.67,3.73,3.78,3.41,3.61,4.3,3.68,3.89,3.71,3.69,3.42,4.83
AGTR1,3.76,3.52,3.52,3.52,3.61,3.39,3.62,3.31,3.52,3.39,3.55,3.45,3.61,4.35,3.44,3.72,3.36,3.58,3.67,3.7,3.76,3.5,3.46,3.62,3.53,3.6,3.57,3.47,3.54,3.98,4,3.96,3.73,3.64,3.4,3.44,3.77,3.44,4.37,3.47,3.8,3.62,4.04,3.64,3.27,3.99,3.69,3.42,3.56,3.86
AGTR2,3.75,4.06,3.8,3.97,3.82,3.69,4.1,3.88,3.92,3.92,4.12,3.9,3.98,4.61,3.89,3.99,3.89,3.77,3.78,3.77,3.88,4,4.11,3.76,3.76,3.71,3.7,3.82,4,5.05,5.59,4.81,3.95,3.72,3.78,3.61,3.87,3.63,4.64,3.83,3.73,3.99,3.8,4.37,3.6,3.73,3.62,3.81,3.77,5.09
AGTR2,3.93,4.07,3.86,4.3,3.87,3.65,4.26,3.62,3.81,3.91,3.73,3.84,4.01,3.98,3.78,4.06,3.9,3.83,3.73,3.92,4.03,4.06,3.94,3.7,3.66,3.89,3.91,3.95,3.93,5.15,5.12,4.16,3.83,3.72,3.74,3.75,3.74,3.76,4.44,3.93,3.82,3.68,3.78,4.35,3.82,4.18,3.57,3.77,3.91,4.28
AGTRAP,7.2,6.94,7.55,7.36,7.56,7.44,7.35,7.32,7.48,7.41,7.52,7.36,7.21,5.91,7.42,7.49,7.48,7.44,7.55,7.61,7.16,7.31,7.47,7.51,7.32,7.33,7.56,7.39,7.43,7.19,6.23,6.7,7.77,7.56,7.64,7.53,7.37,7.76,8.01,7.69,7.47,7.5,7.61,5.7,7.59,7.69,7.44,7.6,7.68,6.16
AGTRAP,7.44,7.43,7.68,7.88,8.17,7.7,7.39,7.95,7.75,7.77,7.6,7.66,7.5,7.93,8.14,7.91,7.58,7.77,8.06,7.92,7.48,7.93,7.63,7.9,7.95,7.74,7.77,7.94,7.64,7.09,6.01,7.42,7.5,7.63,7.93,7.81,7.67,8.05,7.37,7.65,7.76,8.06,7.84,8.03,7.77,7.73,7.97,7.89,7.73,8.79
AGTRAP,7.02,6.59,7.27,6.88,6.58,6.64,6.59,7.3,7,6.93,6.42,6.73,6.67,5.57,7.22,6.98,7.25,7.08,7.13,7.3,6.99,6.67,6.77,6.83,6.82,7.16,7.07,7.04,6.6,4.36,7.14,4.99,7.25,7.24,7.38,7.16,6.85,7.07,5.44,7.01,7,6.76,6.61,5.07,6.57,6.39,6.96,7,6.77,5.64
AGTRAP,7.15,6.94,7.26,7.26,7.37,7.31,6.7,7.77,7.27,7.23,7.05,7.31,6.92,7.29,7.45,7.2,7.33,7.26,7.5,7.47,7.2,7.21,7.22,7.35,7.22,7.21,7.1,7.51,7.27,6.7,7.18,6.08,7.19,7.41,7.53,7.28,7.24,7.47,7.07,7.64,7.38,7.19,7.41,8.15,7.23,7.28,7.32,7.42,7.27,8.16
AGXT,4.5,4.48,4.27,4.63,4.41,4.34,5.5,4.41,4.63,4.47,4.39,4.64,4.5,4.7,4.37,4.68,4.32,4.37,4.37,4.55,4.6,4.42,4.59,4.46,4.43,4.91,4.27,4.45,4.39,5.63,5.2,5.9,4.35,4.55,4.82,4.29,4.41,4.57,4.72,4.86,4.26,4.55,4.85,4.72,4.76,4.67,4.43,4.77,4.27,4.52
AGXT,4.09,3.85,4.04,4.24,4.15,4.17,4.81,3.91,4.05,3.88,4.13,4.08,3.81,5.18,4,4.27,4.27,4.39,4.18,4.34,3.96,4.19,4.39,4.18,3.84,3.91,4.08,3.95,4.38,4.8,4.68,4.94,4.06,4.18,4.15,3.99,3.86,4.15,4.08,4.1,3.94,4.28,3.98,5.8,4.62,4.83,3.72,3.88,3.9,5.58
AGXT,3.75,3.59,3.48,3.75,3.57,4.11,3.88,3.97,3.77,3.54,3.59,3.62,3.64,4.69,3.63,4.21,3.64,3.55,3.46,3.5,3.36,3.79,3.63,3.63,3.97,3.56,3.56,3.83,3.67,4.26,5.05,5.09,3.62,3.78,3.84,3.67,3.74,3.43,4.07,3.56,3.74,3.55,3.38,4.04,3.7,3.67,3.55,3.37,3.69,4.53
AGXT2,3.84,4.02,4.04,4.02,3.78,3.94,4.78,3.92,3.79,3.9,4.04,3.89,4.13,4.25,3.94,4.02,4.08,3.94,4.27,4.15,3.99,3.96,4.18,3.84,3.96,3.85,3.94,3.95,4.21,4.06,4.77,4.23,4.06,3.84,4.04,3.96,3.8,3.84,3.87,4.12,3.83,3.85,3.83,5.41,3.75,3.93,3.73,3.73,3.76,4.43
AGXT2,4.12,4.34,3.96,4.1,3.93,4.29,4.53,3.79,4.14,4.13,4.44,4.09,4.25,4.23,4.18,4.21,4.07,4.32,3.98,4.02,4.29,4.15,4.04,4.23,3.93,3.73,3.92,4.18,4.59,4.73,6.35,4.57,4.32,3.84,4.27,3.83,4.23,3.92,4.1,4.05,3.91,3.94,4.21,4.38,4.24,4.12,3.87,3.94,3.89,6.09
AGXT2L1,4.04,4.13,3.96,3.71,3.84,3.8,3.84,3.63,3.97,3.72,3.99,4.09,4.22,3.8,3.82,3.67,3.64,3.82,3.6,3.65,3.97,3.72,3.97,4.12,3.65,3.7,3.5,3.93,3.62,3.91,4.48,4.27,3.83,4.09,3.96,3.76,3.78,3.55,3.93,3.72,3.8,3.48,3.64,4.6,3.76,3.67,4.01,3.51,3.78,4.51
AGXT2L1,3.86,3.75,3.48,3.61,3.8,3.62,4.01,3.38,3.65,3.54,3.65,3.74,3.7,5.09,3.5,3.41,3.85,3.73,3.73,3.52,3.84,3.77,3.62,3.98,3.62,3.74,3.81,3.7,3.56,3.99,4.31,4.95,3.5,3.52,3.39,3.57,4.12,3.74,3.96,3.73,3.69,3.65,4.06,4.06,3.66,3.5,3.72,3.52,3.52,4.23
AGXT2L2,6.63,6.44,7.05,7.05,7.13,6.79,7.02,7.48,6.79,6.81,6.94,6.92,6.83,4.27,6.93,7.23,6.79,7.07,7.1,6.97,7.37,7.35,7.31,7.11,7.43,7.22,7.14,6.99,7.17,6.79,5.54,5.26,6.67,6.69,6.79,7.23,6.98,7.17,6.86,7.09,7.39,7.58,7.54,5.01,6.63,6.38,6.94,7.25,7.39,4.14
AHCTF1,8.27,8.58,8.17,8.14,8.51,8.21,8.04,8.1,8.39,8.38,8.34,8.29,8.48,7.73,8.03,8.07,8.12,8.02,8.14,8.12,8.06,7.97,8.2,8,8.08,8.11,8.39,8.19,8.43,7.73,7.18,8.1,8.51,8.46,8.44,8.1,8.14,8.07,8.02,8.31,8.22,8.07,8.12,7.5,8.13,8.2,8.27,8.21,8.48,8.2
AHCTF1,6.52,6.73,6.19,6.4,6.67,6.82,6.32,6.22,6.53,6.38,7.01,6.39,6.38,6.55,6.52,6.43,6.43,6.22,6.27,6.28,6.35,6.28,6.89,5.92,6.28,6.1,6.48,6.42,6.68,5.4,6.06,5.19,6.56,6.72,6.71,6.59,6.15,6.26,6.19,6.18,6.21,6.5,6.48,6.72,6.45,6.37,6.5,6.29,6.61,6.41
AHCY,10.05,10.14,10.17,10.16,10.12,10.27,9.78,10.23,10.16,10.18,10.28,10.17,9.98,9.53,10.21,9.97,10.17,10.04,10.04,10.07,10.09,10.15,10.22,10.13,10.13,9.98,10.21,10.25,10.12,9.92,8.2,9.42,10.05,10.2,10.23,10.38,10.09,10.27,10.22,10.19,10.03,10.1,10.1,9.82,9.79,9.91,9.94,10.05,10.09,9.44
AHCY,8.8,8.39,8.8,8.67,8.52,8.41,8.23,8.56,8.67,8.67,8.04,8.58,8.53,7.1,8.57,8.61,8.64,8.56,8.55,8.61,8.63,8.52,8.43,8.54,8.46,8.57,8.69,8.61,8.27,6.59,6.23,5.45,8.71,8.66,8.58,8.6,8.63,8.75,7.68,8.47,8.4,8.4,8.46,6.5,8.41,8.22,8.36,8.59,8.54,6.42
AHCY,9.66,9.54,9.72,9.71,9.76,9.8,9.65,9.62,9.52,9.62,9.49,9.51,9.53,8.02,9.63,9.63,9.64,9.55,9.54,9.55,9.48,9.52,9.43,9.57,9.57,9.52,9.66,9.69,9.53,9.21,6.2,8.84,9.59,9.67,9.7,9.86,9.68,9.73,8.93,9.54,9.63,9.61,9.63,8.92,9.3,9.45,9.37,9.49,9.45,8.86
AHCYL1,10,10.13,9.71,9.74,9.81,9.92,10.22,10,9.95,9.87,10.19,9.83,9.92,8.37,9.93,9.97,10,9.67,9.73,9.63,10.38,10.24,10.45,9.59,9.95,9.98,9.82,9.73,10.33,9.55,8.51,9.34,10.25,10.06,9.85,9.97,10,9.73,9.27,9.93,9.94,10.19,10.09,10.09,9.85,10.14,10.01,9.88,10.25,9.38
AHCYL1,9.44,9.34,9.08,9.14,8.64,9.01,9,9.34,9.36,9.46,9.27,9.2,9.39,7.99,9.27,9.26,9.38,9.02,9.08,9.26,9.51,9.53,9.52,9.31,9.45,9.49,9.05,9.24,9.33,8.41,7.09,7.63,9.41,9.46,9.24,9.43,9.36,9.24,8.69,9.18,9.06,9.36,9.24,7.09,9.16,9.06,9.29,9.12,9.34,6.87
AHCYL1,7.45,6.93,7.33,7.06,6.74,6.73,7.07,7.27,7.13,7.12,6.66,7,7.12,5.02,7.39,6.97,7.46,7.07,7.09,7.24,7.54,7.39,6.84,7.37,7.2,7.32,7.2,7.26,7.01,6.86,4.79,4.76,7.69,7.67,7.15,7.12,7.08,7.41,5.51,7.05,7,7.12,6.69,4.61,7,6.92,6.9,7.23,6.99,6.61
AHCYL1,8.62,8.36,8.27,8.5,7.95,8.18,8.79,8.55,8.65,8.66,7.89,8.36,8.39,6.55,8.66,8.66,8.76,8.4,8.44,8.48,8.79,8.82,8.52,8.48,8.49,8.74,8.48,8.63,8.34,6.3,4.71,6.82,8.67,8.79,8.79,8.62,8.3,8.6,7.43,8.41,8.22,8.45,8.07,6.03,8.42,7.99,8.39,8.39,8.37,6.14
AHCYL1,8.68,8.38,8.5,8.47,7.61,7.97,7.8,8.54,8.55,8.7,8.02,8.4,8.51,6.58,8.59,8.61,8.51,8.61,8.35,8.58,8.84,8.84,8.39,8.55,8.44,8.62,8.53,8.52,8.1,6.25,5.23,6.35,8.86,8.8,8.57,8.57,8.17,8.54,7.33,8.31,8.14,8.32,7.93,6.14,8.49,8.28,8.45,8.32,8.42,6.5
AHCYL1,11.37,11.41,11.2,11.29,11.19,11.3,11.38,11.36,11.28,11.37,11.44,11.24,11.27,10.2,11.43,11.48,11.41,11.1,11.16,11.25,11.58,11.6,11.65,11.48,11.43,11.43,11.3,11.33,11.49,11.18,8.33,10.03,11.56,11.66,11.53,11.53,11.27,11.44,10.85,11.24,11.25,11.52,11.29,9.62,11.28,11.23,11.37,11.22,11.31,9.82
AHCYL2,6.46,6.22,6.48,6.42,6.95,6.49,5.71,6.36,6.46,6.51,6.61,6.41,6.28,5.1,6.28,6,6.36,6.26,6.43,6.57,6.55,6.59,6.31,6.49,6.47,6.6,6.71,6.32,6.01,5.35,6.93,7.08,6.57,6.83,6.67,6.41,6.31,6.66,6.75,6.93,6.82,6.35,6.14,6.74,6.63,6.32,6.4,6.74,6.51,7.2
AHCYL2,7.01,7.09,7.14,7.17,7.19,6.73,7.1,7.13,6.99,6.99,7.6,7.2,7.05,6.83,7.2,7.12,7.22,7.04,7.27,7.12,6.84,7.09,7.29,7.09,7.19,7.02,7.31,7.25,7.3,6.55,5.82,7.18,6.63,6.85,6.74,7.17,7.03,6.93,7.1,7.22,7.11,7.48,7.46,7.62,6.91,7.06,7.28,7.37,7.37,7.06
AHDC1,6.32,6.26,6.67,6.24,7.07,6.86,7.32,6.79,6.13,6.25,6.4,6.22,6.15,6.91,6.67,6.99,6.52,6.67,6.42,6.36,6.62,6.63,6.81,6.61,6.62,6.52,6.76,6.24,6.91,7.89,7.23,7.49,6.73,6.73,6.63,7.07,6.84,6.68,7.09,6.42,6.78,6.91,6.91,6.59,6.32,6.39,6.41,6.28,6.32,6.77
AHI1,9.85,10.01,9.88,9.87,9.75,9.99,9.94,9.99,9.78,9.97,10.07,9.8,9.9,9.43,9.86,9.95,9.85,9.76,9.85,9.79,9.86,9.89,10.03,9.84,9.99,9.87,9.96,9.82,9.94,10.12,9.96,10.02,9.94,9.96,9.99,9.97,10.02,9.93,9.82,9.97,9.97,10.5,10.59,9.77,9.75,9.68,9.81,9.77,9.89,9.22
AHI1,11.41,11.65,11.24,11.1,10.98,11.56,12.01,11.19,11.36,11.32,11.64,10.99,11.02,10.9,11.28,11.29,11.33,11.09,11.17,11.36,11.43,11.42,11.53,11.35,11.37,11.4,11.35,11.12,11.58,11.34,9.53,10.47,11.33,11.08,11.21,11.35,11.33,10.82,11.44,11.36,11.48,12.05,12,10.59,11.22,11.51,11.31,11.02,11.07,9.89
AHI1,9.49,9.32,9.36,9.26,9.03,9.16,9.32,9.12,9.28,9.38,9.03,9.33,9.32,7.44,9.19,9.11,9.09,9.27,9.32,9.32,9.36,9.36,9.03,9.19,9.15,9.25,9.1,9.21,8.82,8.55,7.89,8.05,9.4,9.36,9.35,9.33,9.17,9.09,9.04,9.29,9.18,9.19,9.43,8.03,9.29,9.11,9,9.13,9.33,7.18
AHI1,8.73,8.62,8.59,8.65,8.57,8.35,8.1,8.39,8.71,8.68,8.72,8.51,8.87,8.35,8.49,8.51,8.4,8.36,8.38,8.47,8.52,8.64,8.86,8.38,8.47,8.48,8.41,8.46,8.55,7.44,8.28,7.78,8.31,8.51,8.33,8.44,8.44,8.38,8.36,8.64,8.7,8.75,8.87,8.96,8.25,8,8.25,8.61,8.59,8.5
AHNAK,6.46,6.23,6.73,6.45,6.44,6.71,6.66,6.54,6.56,6.58,6.95,6.79,6.55,6.36,6.22,6.16,6.36,6.78,6.95,7.03,6.24,6.33,6.56,6.76,6.37,6.79,6.65,6.6,6.53,5.57,5.29,7.08,5.9,5.88,5.67,6.82,6.06,6.48,6.31,6.8,6.7,7.05,6.65,7.48,5.82,6.3,6.06,6.6,6.9,6.2
AHNAK,11.83,11.9,11.85,11.88,12.04,11.92,11.83,12.02,11.75,11.78,12.15,12.04,12.02,12.09,12,11.94,11.87,11.88,11.92,11.89,12.06,12.21,12.27,12.17,12.17,12.07,11.87,11.92,12.08,11.84,11.99,11.83,11.64,11.86,11.73,12.02,12.04,12.02,11.8,11.84,11.97,12.2,12.24,12.16,12,12.18,12.03,12.04,12.1,12.12
AHNAK2,3.91,3.67,3.82,3.77,3.91,3.97,4.02,3.88,3.63,3.6,3.72,3.66,3.83,4.45,3.6,3.91,3.8,3.83,3.64,3.82,4.16,4.06,3.99,3.88,4.16,4,4.01,3.59,3.96,4.73,5.72,5.34,3.75,3.82,3.59,3.91,3.95,3.74,3.85,3.77,4.14,4.03,4.11,4.09,3.9,3.98,3.67,3.81,3.98,4.42
AHNAK2,4.92,4.83,4.82,5.12,4.93,4.52,4.62,5.05,4.82,4.94,5.37,4.91,4.52,5.15,4.86,5.2,5.52,5.1,4.9,4.77,5.33,5.33,5.45,5.39,5.43,5.05,4.75,4.8,4.99,5.01,5.63,7.06,4.85,5.01,5.31,5.32,5.49,5.39,5.24,5.15,5.21,5.57,6.12,5.4,4.86,5.03,5.19,5.07,4.96,5.48
AHNAK2,3.93,3.86,3.9,3.97,4.18,4.72,5.45,3.8,3.85,3.9,3.82,3.95,3.85,4.71,3.97,4.71,4.06,4.11,4.03,3.8,4.29,4.2,4.02,4.13,3.86,4.3,4,4.11,4.03,4.24,6.8,6.13,4.1,3.95,4.15,4.08,4.49,4.16,4.36,3.99,3.99,4.39,4.16,5.25,4.71,4.14,4.08,3.94,4.15,4.59
AHR,6.29,5.89,6.47,6.3,5.72,5.89,5.46,6.42,6.19,6.39,6.06,6.39,6.25,5.11,6.6,6.09,6.45,6.13,6.25,6.32,6.44,6.37,6.04,6.53,6.58,6.4,6.63,6.23,5.8,4.22,6.72,5.17,6.65,6.66,6.71,6.3,5.85,6.48,5.34,6.04,6.35,5.91,6.1,5.65,6.33,5.81,6.22,6.28,6.34,5.3
AHR,8.87,9.27,8.75,8.87,8.66,8.75,8.48,8.52,9.11,8.87,9.07,8.97,9.28,9.06,8.89,8.94,8.91,8.85,8.83,8.84,8.95,8.93,9.11,8.84,8.82,9.02,8.82,8.83,9.13,8.78,6.44,8.89,8.93,8.88,8.92,8.75,8.97,8.78,8.45,8.82,8.75,8.91,9.12,8.73,8.66,9,8.73,8.9,9.06,7.62
AHR,8.37,8.83,8.28,8.6,7.93,8.26,7,7.8,8.67,8.42,8.82,8.54,8.81,7.9,8.36,8.27,8.48,8.35,8.43,8.53,8.39,8.41,9.04,8.5,8.53,8.48,8.19,8.28,8.35,7.86,5.22,7.37,8,8.12,7.97,8.32,7.98,8.23,7.32,8.09,7.93,8.3,8.27,7.46,7.98,8.08,8.29,8.26,8.43,6.98
AHRR,8.69,8.92,8.44,8.78,9.21,9.09,8.61,8.72,8.72,8.64,9.03,8.3,8.51,9.57,8.77,8.57,9.18,8.83,8.86,9,9.14,8.82,9.24,8.74,8.75,8.72,8.98,9.06,9.14,9.13,9.8,9.56,8.87,8.99,8.81,9,9.04,8.99,8.32,8.55,8.7,9.39,9.5,9.29,8.72,9.04,8.89,8.69,9.11,7.41
AHRR,4.71,4.59,5.04,4.51,5.28,5.36,4.73,5.1,4.72,4.84,4.77,4.57,4.57,5.42,4.86,5.07,4.88,5.04,4.95,4.76,4.81,4.56,4.65,5.3,4.9,4.85,5.01,4.87,5.15,4.82,5.12,5.2,5.08,5.14,5.12,5.02,5.12,5.06,5.28,5.28,5.04,5.06,5.05,4.51,5.3,4.87,5.1,4.75,5.06,5.04
AHSA1,11.52,11.28,11.39,11.4,11.32,11.41,11.21,11.4,11.36,11.42,11.22,11.32,11.44,9.98,11.08,11.09,11.12,11.42,11.43,11.48,11.35,11.27,11.08,11,11.04,11.16,11.45,11.42,11.52,11.57,9.72,10.09,11.11,11.03,11.06,10.99,11.03,11.04,11.37,11.47,11.45,11.08,11.16,10.04,11.22,11.29,11.12,11.41,11.44,10.6
AHSA1,9.94,9.59,9.51,9.47,8.98,9.32,9.37,9.46,9.59,9.81,9.2,9.61,9.91,7.57,9.07,9.35,9.34,9.56,9.66,9.73,9.7,9.41,8.86,8.99,9.07,9.33,9.65,9.57,9.46,7.91,6.52,6.86,9.4,9.16,9.14,8.91,8.97,9.12,9.45,9.45,9.55,9.1,9.04,6.46,9.23,9.14,9.14,9.54,9.57,6.78
AHSA1,10.76,10.56,10.55,10.53,10.14,10.16,10.37,10.49,10.61,10.73,10.26,10.55,10.7,7.65,10.1,10.25,10.28,10.52,10.5,10.72,10.48,10.35,10.15,10.11,10.24,10.31,10.64,10.67,10.42,10.06,8.04,8.97,10.31,10.27,10.1,10.05,10.07,10.18,10.4,10.51,10.59,10.3,10.03,6.62,10.08,10.31,10.25,10.64,10.66,8.39
AHSA2,7.3,6.84,6.98,7.27,6.74,7.19,7.95,7.27,7.23,7.44,6.43,7.03,7.36,6.45,6.98,7.18,7.11,6.91,7.04,7.4,7.55,7.42,6.95,7.26,7.02,7.72,7.19,6.89,6.72,6.5,6.79,6.4,7.12,7,6.84,6.8,7.27,7.29,7.27,7.18,7.1,7.01,7.44,6.13,7.32,7.19,7.16,7.31,7.09,5.35
AHSA2,7.16,7.03,6.89,7.26,7,7.34,7.01,7.35,6.97,7.12,7.45,7.21,6.9,7.2,7.08,7.17,6.86,6.94,7.02,7.03,6.95,7.2,7.5,6.96,7.2,7.21,7.08,7.12,7.19,6.83,6.87,6.43,6.74,6.73,6.89,7.05,7.09,7.28,5.82,7.07,7.21,7.58,7.27,7.93,7.13,6.71,6.87,7.17,7.1,7.02
AHSG,4.09,4.12,4.09,4.03,4.19,4.52,3.92,4.11,4.14,4.07,4.23,4.42,4.31,4.63,4.27,4.45,4.08,4.51,4.4,4.57,4.4,4.17,4.29,3.95,4.18,3.98,4.17,4.35,3.82,4.52,5.02,5.73,3.98,4.15,4.47,3.91,4.01,3.98,5.2,4.53,4.63,4.23,4.64,4.51,4.28,3.93,4.26,4.27,4.13,4.68
AHSG,3.78,3.9,3.86,3.84,4.11,4.29,3.98,3.57,3.61,3.89,3.75,3.72,3.79,4.2,3.62,3.85,3.56,3.7,3.9,3.79,4.26,4.08,3.77,3.79,3.82,3.55,3.86,3.93,3.77,4.41,5.52,4.52,3.73,3.72,3.62,3.54,3.95,3.97,4.97,3.77,3.69,4.01,4.44,4.81,3.62,4,3.89,3.76,3.84,4.13
AICDA,5.28,5.33,5.39,5.5,5.72,5.64,5.01,5.66,5.31,5.39,5.8,5.13,4.63,6.15,4.96,5.02,5.17,6.39,6.56,6.65,4.93,5.59,4.91,5.28,5.21,5.46,5.26,5.66,5.33,5.34,6.66,6.16,5.07,5.11,5.28,5.85,5.79,5.47,5.02,4.94,4.81,5.68,5.37,5.58,6.03,5.91,6.35,5.67,5.46,5.85
AICDA,4.8,4.78,4.81,5.02,5.42,4.74,5.11,5.3,4.99,5.28,4.93,4.66,5.09,5.02,4.53,4.73,4.95,5.76,5.71,6.14,4.73,4.74,4.8,5.35,4.87,4.7,4.99,5.15,5.04,5.04,4.46,5.54,4.75,4.78,4.82,5.17,4.71,5.06,4.53,4.54,4.27,4.84,4.83,4.79,5.65,5.03,5.55,5.12,4.69,4.75
AICDA,4.69,5.11,4.66,5.27,4.68,4.83,5.25,4.63,4.99,5.06,4.95,5.03,4.82,6.46,4.84,4.6,4.68,5.18,5.14,5.17,4.81,5.35,4.83,4.68,4.94,4.71,5.11,5.06,5.02,4.81,6.78,5.65,4.82,4.82,5.18,4.77,5.22,4.95,4.46,4.68,4.55,5.01,5.01,6.73,4.93,4.81,5.34,4.49,4.68,5.45
AICDA,4.31,4.23,4.5,4.5,4.78,4.21,4.87,4.91,4.52,4.41,4.52,4.18,4.09,4.54,4.44,4.05,4.06,4.79,4.91,5.42,4.17,4.31,4.2,4.2,4.55,4.43,4.3,4.69,3.99,4.02,4.08,5.1,4.13,3.95,4.04,4.84,3.81,4.52,4.11,4.28,4.03,4.4,4.28,5.14,4.85,4.96,4.71,4.5,4.29,5.4
AIDA,8.6,7.77,8.28,8.46,7.47,7.95,7.33,7.94,8.44,8.44,7.77,8.46,8.26,6.93,8.35,8.22,8.2,8.57,8.54,8.69,7.93,8.12,7.48,8.04,8.11,8.21,7.99,8.18,7.4,6.79,6,7.14,8.27,8.09,8.25,8.17,7.92,8.27,8.07,8.18,7.87,7.59,7.45,5.83,7.96,7.77,8.17,8.34,8.07,7.46
AIDA,9.68,9.82,9.58,9.66,9.44,9.59,8.94,9.4,9.9,9.75,9.79,9.74,9.84,8.33,9.45,9.31,9.54,9.74,9.88,9.78,9.42,9.42,9.7,9.32,9.17,9.41,9.59,9.59,9.55,9.36,6.62,8.36,9.23,9.27,9.24,9.44,9.45,9.41,9.4,9.55,9.74,9.49,9.41,7.4,9.69,9.61,9.61,9.67,9.71,8.12
AIDA,7.99,8.47,7.88,7.92,7.7,7.49,7.22,7.39,8.23,7.88,8.34,7.95,7.96,7.1,7.87,7.6,7.93,7.97,7.98,7.98,7.71,7.84,8.2,7.71,7.54,7.48,7.85,7.79,7.91,7.35,6.77,8.18,7.26,7.53,7.56,8,7.58,7.5,7.52,7.67,7.93,7.73,7.97,8.65,7.74,7.57,7.75,7.88,8.08,7
AIDA,3.86,4.24,4.04,3.79,3.48,3.66,3.76,3.67,3.77,3.82,3.88,3.99,3.91,4,3.69,3.9,3.78,4.02,3.81,3.87,4,3.81,3.94,3.52,3.56,3.53,3.6,3.68,3.78,3.26,3.84,4.07,3.66,3.54,3.89,3.62,3.6,3.58,3.72,4.04,3.72,3.57,3.92,3.51,3.55,3.95,3.97,3.43,3.65,4.34
AIDA /// LOC646890,8.69,7.99,8.39,8.46,7.8,7.8,8.6,8.3,8.35,8.39,7.49,8.3,8.46,7.17,8.12,8.3,8.27,8.63,8.8,8.57,8.17,7.9,7.71,8.14,8.03,8.17,8.35,8.07,7.65,5.84,8.36,7.5,8.46,8.32,8.28,8.11,7.98,8.36,8.59,8.21,8.17,7.66,7.42,7.13,8.62,8.41,8.24,8.28,8.06,7.16
AIDA /// LOC646890,8.06,7.16,7.77,7.74,6.44,6.76,6.38,7.73,8.03,7.8,6.71,7.82,7.68,5.85,7.86,7.69,7.87,7.98,8.13,8.38,7.26,7.19,6.72,7.7,7.57,7.68,7.54,7.99,6.67,6.32,6.63,6.29,7.78,7.77,7.83,7.48,6.91,7.79,6.3,7.87,7.03,6.53,6.22,5.37,7.61,7.14,7.42,7.85,7.38,6.63
AIF1,3.84,3.91,4.1,4.05,3.92,4.03,4.64,4.05,3.7,3.85,3.8,3.85,3.99,5.27,3.88,4.19,4.05,4.11,3.93,3.92,4.02,4.07,3.87,3.64,4.02,4.18,3.99,3.92,4.17,4.69,5.12,5.19,3.91,4.05,4.02,3.71,3.91,3.74,4.19,4.05,4.16,4.16,4.12,5.42,4.11,3.98,3.96,4.12,3.96,4.78
AIF1,3.66,3.67,3.83,3.65,3.73,3.41,4.02,3.84,3.41,3.74,3.73,3.62,3.5,4.25,3.81,3.73,3.62,3.7,3.77,3.8,4.26,3.63,3.56,3.79,3.6,3.37,3.49,3.64,3.44,4.08,4.24,3.56,3.6,3.57,3.53,3.53,4.07,3.57,3.81,3.42,3.66,3.76,3.65,3.97,3.78,3.49,3.64,3.81,3.58,5
AIF1,3.94,3.84,3.86,3.84,4.12,4.23,4.52,3.77,3.54,4.01,3.81,3.93,4.09,4.66,3.94,4.38,4.24,3.87,3.68,3.92,3.91,3.74,3.81,3.9,4.05,3.8,3.73,3.79,3.85,4.35,4.79,4.48,4.14,4.06,3.79,3.72,4.17,3.53,4.31,4.52,4.09,3.93,3.94,5.64,3.89,3.7,3.64,3.91,3.73,4.27
AIF1,4.19,4.03,4.26,4.23,4.31,4.9,5.65,4.69,4.1,4.13,4.17,4.08,4.01,5.67,4.23,4.49,4.35,4.16,4.15,4.24,4.23,4.22,4.28,4.28,4.11,3.95,4.17,4.48,4.63,5.03,5.77,5.29,4.42,4.34,4.28,3.95,4.24,4.08,5.21,4.1,4.13,4.44,4.03,4.96,4.07,4.21,4.09,4.51,4.32,5.15
AIF1,4.43,4.53,4.43,4.75,4.36,4.92,4.34,4.34,4.56,4.33,4.44,4.41,4.38,5.1,4.59,5,4.66,4.17,4.28,4.53,4.23,4.25,4.34,4.23,4.67,4.26,4.16,4.61,4.64,6.32,5.46,5.34,4.61,4.32,4.62,4.58,4.57,4.3,4.61,4.77,4.66,4.83,4.32,4.27,4.31,4.78,4.75,4.49,4.61,6.16
AIF1L,3.89,3.76,3.91,3.71,3.96,3.8,3.94,4.14,3.76,3.56,3.99,3.85,3.76,3.98,3.79,4.19,3.91,3.69,4.08,3.76,3.72,3.89,3.69,3.8,3.88,3.92,3.84,3.58,3.83,4.11,4.86,4.05,3.73,3.82,3.84,3.52,4.12,3.87,3.87,3.84,3.73,3.95,3.73,4.16,3.7,4.12,3.81,4,3.7,4.55
AIF1L,3.74,3.8,3.97,3.94,4.14,4.03,3.97,4.59,3.87,3.99,4.26,4.11,3.78,4.07,3.9,4.11,3.95,4.12,4.1,3.82,3.86,3.86,4.03,3.98,4.2,4.07,3.77,3.98,4.33,4.03,4.39,5.01,3.91,3.78,3.75,3.81,4.05,4.04,4.18,4.08,3.9,3.97,3.99,5.93,3.8,4.02,4.01,3.9,3.73,5.85
AIF1L,5.56,5.54,5.47,5.63,6.24,5.9,5.99,5.89,5.68,5.46,5.57,5.71,5.67,6,5.65,5.7,5.61,5.67,5.65,5.67,5.46,5.77,5.67,5.67,5.78,5.58,5.68,5.74,5.71,6.01,5.99,6.27,5.61,5.52,5.76,5.73,6.31,5.68,6.07,5.82,5.7,5.94,5.79,7.19,5.66,5.86,5.8,5.86,5.69,6.09
AIF1L,4.12,4.18,4.2,4.41,4.69,4.76,5.3,4.12,4.15,4.28,4.56,4.38,4.23,4.44,4.37,4.81,4.25,4.6,4.23,4.34,4.15,4.46,4.22,4.41,4.51,4.23,4.08,4.42,4.22,5.01,5.15,5.51,4.31,4.16,4.23,4.29,4.29,4.13,4.79,4.35,4.32,4.76,4.36,4.84,4.39,4.33,4.62,4.4,4.04,5.3
AIF1L,4.02,4.12,4.01,4.31,4,4.37,4.16,4.29,4.24,4.23,4.57,4.27,4.11,4.69,4.09,4.4,4.19,4.25,3.94,4.28,4.16,4.6,4.22,4.28,4.14,4.19,4.18,4.3,4.65,4.03,4.31,4.12,4.13,4.21,4.63,4.11,3.96,4.07,3.73,3.84,4.12,4.43,4.34,5.17,4.78,3.82,4.31,4.33,3.94,5.62
AIFM1,9.84,9.62,9.73,9.85,9.73,9.74,9.87,9.82,9.85,9.85,9.57,9.8,9.93,7.32,9.48,9.56,9.66,10.05,9.98,9.99,9.77,9.63,9.66,9.37,9.47,9.54,9.72,9.74,9.82,9.26,5.55,8.01,9.52,9.54,9.36,9.64,9.59,9.71,9.72,9.69,9.7,9.44,9.45,6.42,9.34,9.33,9.36,9.78,9.85,6.26
AIFM2,8.58,8.45,8.45,8.6,8.77,8.79,8.26,8.29,8.69,8.36,8.63,8.42,8.45,8.08,8.57,8.32,8.74,8.51,8.61,8.56,8.63,8.47,8.98,8.63,8.51,8.63,8.68,8.46,8.76,8.7,7.27,7.93,8.54,8.71,8.67,8.61,8.59,8.5,8.18,8.68,8.47,8.17,8.23,7.61,8.18,8.31,8.04,8.49,8.42,7.7
AIFM2,7.65,7.45,7.8,7.82,7.76,7.67,7.83,7.95,7.43,7.67,7.88,7.65,7.34,7.96,7.89,7.96,7.85,7.46,7.73,7.57,7.58,8.01,7.76,7.89,8,7.78,7.64,7.65,7.73,7.72,7.45,7.47,7.59,7.94,7.95,8.01,7.82,7.82,7.48,7.85,7.81,8.06,8.16,7.81,7.85,7.89,7.79,7.83,7.77,8.4
AIFM2,8.18,8.04,8.5,8.3,8.65,8.4,8.13,8.6,8.25,8.25,7.95,8.11,7.99,5.08,8.3,8.21,8.47,8.32,8.27,8.36,8.3,8.43,8.24,8.53,8.36,8.51,8.42,8.35,8.21,6.83,5.51,6.6,8.56,8.58,8.58,8.62,8.3,8.56,8.46,8.46,8.45,8.24,8.03,5.55,7.99,7.99,8.23,8.22,8.22,6.53
AIFM2,3.7,3.73,3.57,3.6,3.62,3.74,4.15,3.45,3.85,3.65,3.75,3.83,3.9,4.22,3.75,3.67,3.74,3.67,3.68,3.39,3.56,3.71,3.66,3.62,3.48,3.52,3.62,3.47,3.69,6.69,4.67,4.39,3.67,3.7,3.69,3.69,3.57,3.56,4.18,3.43,3.76,4.02,3.69,5.11,3.76,4.22,3.58,3.71,3.57,3.96
AIFM3,4.54,4.43,4.68,4.38,4.53,4.59,4.67,4.34,4.21,4.53,4.46,4.5,4.53,4.69,4.3,4.38,4.38,4.72,4.6,4.75,4.3,4.67,4.49,4.65,4.27,4.46,4.61,4.69,4.66,4.06,6.01,4.82,4.4,4.28,4.42,4.53,4.66,4.35,4.24,4.31,4.35,4.85,4.87,4.6,4.41,4.7,4.59,4.54,4.61,5.26
AIFM3,4.08,4.21,3.99,4.35,4.44,3.89,4.32,4.67,4.14,4.22,4.16,4.06,4,4.23,4.17,4.41,4.11,4.09,4.26,4.57,4.24,4.13,4.4,4.54,4.49,4.77,4.22,4.71,4.48,4.06,5.18,4.96,4.22,4.45,4.42,4.2,4.17,4.65,3.82,4.09,4.82,4.34,4.35,4.85,4.09,3.9,4.82,4.21,4.46,5.25
AIG1,4.15,4.08,4,4.24,4.23,4.49,4.66,4.85,4.08,3.97,4.21,4.08,4.08,4.59,4.17,4.72,4.34,4.24,4.33,4.39,4.24,4.09,4.12,4.19,4.1,4.21,4.28,3.98,4.38,5,4.5,4.3,4.23,4.12,4.02,4.19,3.97,4.2,4.94,4.18,4.67,4.36,4.47,4.98,4.6,4.86,4.54,4.36,4.38,4.47
AIG1,4.56,4.48,3.96,3.98,3.75,4.31,4.14,3.4,4.09,3.82,4.19,4.08,4.13,4.71,3.9,4.03,3.91,4.17,4.54,3.71,4.16,4.06,4.01,3.87,3.83,3.91,4.16,4.06,3.88,4.14,4.76,5.47,3.97,4.05,4.39,4.03,3.73,3.77,3.73,3.77,3.74,4.04,4.07,5.18,3.65,3.81,4.07,3.91,3.75,4.46
AIM1,12.07,12.25,12.02,12.04,12.01,12.02,11.97,12.09,12.05,12.09,12.3,12.17,12.23,11.74,12.08,12.08,12,11.96,11.96,11.97,12.14,12.23,12.26,12.12,12.28,12.19,12,12.03,12.08,12.33,10.98,11.56,12.15,12.19,12.1,12.08,12.04,11.94,12.1,12.2,12.28,12.28,12.34,11.8,12.2,12.22,12.22,12.16,12.21,11.47
AIM1,8.64,8,8.42,8.36,7.3,7.84,7.41,8.54,8.48,8.46,7.55,8.55,8.43,5.68,8.51,8.23,8.37,8.08,8.34,8.55,8.4,8.34,7.72,8.75,8.63,8.64,8.18,8.28,7.44,6.04,5.7,5.62,8.54,8.66,8.61,8.3,7.8,8.58,7.68,8.52,8.07,7.86,7.52,5.6,8.33,8.01,8.53,8.52,8.31,6.25
AIM1,9.08,8.59,8.91,8.87,8.12,8.22,7.54,9.06,8.94,8.94,8.24,9.11,8.95,5.89,8.94,8.84,8.87,8.59,8.69,8.91,8.92,8.97,8.41,9.16,9.11,9.09,8.7,8.75,8.11,7.83,4.92,6.01,9,9.06,9.14,8.76,8.54,8.93,7.81,9.07,8.94,8.35,8.45,6.14,8.89,8.73,8.99,8.93,8.81,7.22
AIM1L,3.57,3.61,3.81,3.87,3.64,4.03,4.25,3.45,3.72,3.54,3.66,3.65,3.49,4.13,3.56,3.96,3.73,3.66,3.59,3.74,3.77,3.71,3.66,3.83,3.49,3.71,3.73,3.64,3.85,4.23,4.34,5.19,4.06,3.59,4.04,3.88,3.99,3.6,4.02,3.52,3.81,3.71,3.79,4.86,3.67,4.21,3.56,3.97,3.55,5.06
AIM2,11.87,11.87,11.91,11.92,11.4,11.56,11.8,11.81,11.94,12.09,11.72,11.94,11.87,11.18,11.3,11.22,11.28,11.96,11.95,12.03,11.88,11.94,11.63,11.88,11.84,11.81,11.83,11.89,11.5,10.95,10.49,10.99,11.33,11.49,11.55,11.42,11.11,11.44,11.3,11.81,11.68,11.83,11.74,10.77,11.77,11.6,11.8,11.95,11.74,10.78
AIM2,11.88,11.88,11.97,11.85,11.57,11.64,11.65,11.74,11.98,11.93,11.83,11.82,11.9,10.56,11.27,11.16,11.25,11.94,12.01,11.88,12.03,11.84,11.91,11.66,11.69,11.84,11.85,11.72,11.67,11.31,9.92,10.11,11.44,11.48,11.47,11.27,11.36,11.35,11.55,11.79,11.68,11.91,11.92,10.97,11.93,11.79,11.75,11.9,11.92,10.56
AIMP1,6.47,6.24,6.4,6.36,6,5.95,5.17,5.86,6.64,6.8,6.32,6.8,6.58,5.89,6.76,6.83,6.73,6.96,6.89,6.73,6.8,6.56,6.24,6.53,6.57,6.52,6.38,6.54,5.92,5.6,6.04,4.92,6.18,6.32,6.35,6.41,6.33,6.62,5.81,6.32,6.52,6.44,6.06,5.37,6.09,5.11,6.41,6.61,6.28,5.27
AIMP1,10.51,10.47,10.43,10.28,10.38,10.33,10.31,10.17,10.65,10.42,10.52,10.51,10.47,8.79,10.52,10.41,10.65,10.65,10.77,10.66,10.49,10.33,10.44,10.39,10.44,10.41,10.4,10.37,10.39,10.3,9.54,9.01,10.42,10.33,10.38,10.42,10.4,10.42,10.53,10.54,10.43,10.41,10.38,7.85,10.37,10.28,10.4,10.42,10.45,8.81
AIMP1,7.57,7.74,7.64,7.75,7.43,7.39,7.39,7.04,7.98,7.87,7.83,8.02,7.93,6.75,7.89,7.65,7.73,7.92,8.02,7.85,7.26,7.67,7.54,7.55,7.81,7.74,7.3,7.99,7.49,7.62,4.82,5.19,7.12,7.03,7.15,7.57,7.07,7.73,4.93,7.64,7.58,7.3,7.35,5.28,7.14,6.8,7.52,7.88,8.09,6.38
AIMP1,8.04,8.37,7.98,7.87,7.82,7.55,7.56,7.7,8.06,7.91,8.28,8.01,8.02,7.7,8.05,8.04,7.91,8.07,8.32,8.36,7.84,7.76,8.07,7.55,7.67,7.9,7.88,7.9,8.02,7.74,5.9,7.31,7.56,7.53,7.39,7.99,7.9,7.69,7.68,7.95,7.67,7.77,7.94,7.52,7.63,7.53,7.77,8.09,8.14,7.53
AIMP1,10.21,10.29,10.15,10.15,10.11,10.1,10.04,10.13,10.37,10.31,10.33,10.38,10.33,8.76,10.27,10.23,10.24,10.47,10.45,10.49,10.18,10.19,10.1,9.97,10.18,10.24,10.08,10.25,10.09,9.95,7.29,8.35,10.06,10.07,10.08,10.16,10.18,10.24,9.94,10.1,10.09,10.13,10.13,7.83,10.09,10,10.11,10.23,10.15,8.67
AIMP2,8.96,8.78,9.09,8.93,8.95,9.13,9.28,8.99,9.08,8.98,8.65,8.82,9.19,8.19,8.83,9.14,9.04,9.14,9.18,8.92,8.97,8.81,8.49,8.59,8.59,8.92,9.04,9.06,9.16,9.14,8.74,8.9,9.22,9.07,8.82,8.68,9.2,9.06,8.87,8.82,8.96,8.85,8.96,8.08,9.25,9.24,9.09,9.11,9.06,8.7
AIMP2,10.49,10.52,10.5,10.5,10.32,10.46,10.19,10.48,10.59,10.49,10.42,10.38,10.48,8.82,10.38,10.41,10.52,10.58,10.7,10.54,10.46,10.39,10.36,10.32,10.3,10.35,10.54,10.52,10.57,10.24,9.81,8.89,10.48,10.44,10.3,10.46,10.54,10.56,10.38,10.58,10.47,10.52,10.37,9.9,10.52,10.54,10.56,10.52,10.55,8.62
AIP,8.79,8.66,8.9,8.69,8.79,8.86,8.72,8.5,8.69,8.74,8.47,8.65,8.81,6.58,8.39,8.52,8.51,9.01,9.01,9.07,8.51,8.28,8.41,8.38,8.26,8.56,8.73,8.57,8.72,7.54,6.05,9.15,8.39,8.42,8.41,8.54,8.87,8.83,8.56,8.81,8.73,8.69,8.97,7.34,8.92,8.8,8.54,8.71,8.62,6.44
AIPL1,4.07,4.47,4.33,4.27,4.1,3.88,4.47,4.56,4.32,4.14,4.42,4.33,4.32,5.49,4.15,4.47,4.42,4.77,4.53,4.29,4.31,4.37,4.37,3.99,4.05,4.38,4.44,4.37,4.4,4.04,3.98,4.76,4.05,4.2,4.54,3.96,3.98,4.14,4.23,4.12,3.93,4.34,4.61,5.31,4.23,3.9,4.17,4.21,4.14,4.42
AIPL1,3.97,3.75,4.23,4.14,4.38,4.13,4.02,4.53,4.27,4.06,3.98,4.16,3.92,3.81,4.11,4.28,4.4,4.6,4.1,3.98,4.08,4.32,4.09,4.64,4.26,4.45,4.39,3.8,4.38,4.11,5.26,4.21,4.47,3.84,3.91,4.34,4.53,4.29,4.42,4.19,4.48,4.38,4.63,3.9,4.35,4.66,4.34,4.44,4.52,4.15
AIPL1,4.56,4.85,4.49,4.5,4.54,4.77,4.9,4.74,4.72,4.8,4.59,4.66,4.58,5.07,4.83,4.86,4.55,5.02,4.68,4.83,4.67,4.79,4.67,4.84,4.98,4.68,4.92,4.84,4.65,4.85,6.03,6.16,4.4,4.88,4.84,4.71,4.77,4.52,4.87,4.57,4.56,4.67,4.67,4.61,4.54,5.26,4.85,4.72,4.5,6.47
AIPL1,4,4.61,4.28,4.43,4.62,4.49,4.48,4.63,4.57,4.47,4.42,4.15,4.02,5.7,4.3,4.66,4.37,4.26,4.6,4.54,4.17,4.53,4.6,4.31,4.73,4.42,3.94,4.64,4.41,5.82,6.78,6.25,4.34,4.36,4.34,4.19,4.3,4.18,4.59,4.54,4.54,4.07,4.67,6,4.38,4.4,4.47,4.47,4.09,6.53
AIPL1,4.05,4.02,4.11,3.95,4.42,4.74,4.78,4.57,3.9,3.92,3.93,3.92,3.73,4.34,4.19,4.25,3.87,4.41,4.42,4.23,4.16,3.84,3.99,4.05,4.02,4.24,4.06,4.12,4.07,4.41,7.01,5.78,3.99,4.01,3.96,3.98,4.06,4.16,4.52,4.04,4.06,4.17,4.32,4.98,4.61,4.12,4.07,4.13,4,4.36
AIRE,4.42,4.12,4.35,4.58,4.88,5.15,5.08,4.61,4.58,4.51,4.68,4.35,4.2,4.38,4.27,4.55,4.47,4.58,4.11,4.45,4.66,4.39,4.59,4.18,4.02,4.18,4.59,4.59,4.62,4.22,5.03,5.01,4.23,4.39,4.31,4.45,4.71,4.29,4.92,4.55,4.59,4.32,4.41,4.95,4.36,4.46,4.39,4.27,4.48,4.55
AIRE,5.13,4.94,5.18,5.1,5.62,5.05,5.97,5.33,4.96,4.98,5.47,5.11,4.98,5.07,5.17,5.47,5.16,5.2,5.05,5.29,5.27,5.03,5.21,5.1,5.22,5.03,5.28,5.05,4.79,4.3,4.96,6.44,5.21,5.32,5.31,5.42,5.86,5.25,5.19,5.46,5.19,5.37,5.57,5.1,4.96,5.29,5.42,5.49,5.02,5.76
AJAP1,3.71,3.53,3.71,3.67,4.01,4.12,3.24,4.14,3.64,3.46,3.75,3.69,3.83,4.18,3.72,3.75,3.58,3.79,3.63,3.74,3.71,3.67,3.83,3.85,3.52,3.84,3.63,4.05,3.97,3.6,4.58,4.32,3.84,3.72,3.73,3.69,4.38,3.86,4.27,3.71,3.67,4.09,3.88,4.36,3.43,3.66,3.96,3.69,3.59,4.32
AJAP1,3.43,3.68,3.4,3.55,3.54,4.18,3.66,3.4,3.45,3.87,3.56,3.61,3.71,3.87,3.53,3.45,3.44,3.55,3.46,3.44,3.39,3.63,3.49,3.35,3.53,3.56,3.38,3.52,3.36,3.52,4.87,4.98,3.3,3.4,3.54,3.34,3.81,3.64,3.98,3.51,3.24,3.44,3.7,3.78,3.96,3.48,3.42,3.6,3.45,3.76
AJAP1,3.89,4.06,3.74,3.75,3.6,3.9,4.07,4.08,3.8,3.87,3.98,3.96,3.89,5.07,3.88,3.79,3.73,4.05,3.72,3.73,3.57,3.74,3.97,3.75,3.63,4.18,3.91,4.15,3.76,4.47,5.22,5.15,3.72,3.46,4.09,3.88,3.73,3.81,4.38,4.05,3.85,3.71,3.59,3.75,3.74,4.33,3.51,3.77,3.73,5.69
AK1,6.41,6.66,6.62,6.77,7,6.86,6.63,6.55,6.6,6.62,7.16,6.67,6.62,7.97,6.15,6.39,6.45,6.99,6.85,6.81,6.84,6.82,7.19,6.73,6.85,6.42,6.51,6.57,6.77,6.58,6.43,6.88,6.31,6.33,6.24,6.56,6.9,6.34,6.9,6.9,6.76,7.33,6.95,7.74,6.74,6.71,6.52,6.84,6.76,7.7
AK1,8.22,8.11,8.61,8.23,8.3,8.58,8.54,8.54,8.06,8.22,8.18,8.16,7.94,7.48,7.93,7.85,7.87,8.76,8.76,8.7,8.56,8.34,8.49,8.43,8.16,8.08,8.4,8.29,8.3,8.79,6.76,7,7.86,7.85,7.82,7.98,8.39,8.25,8.3,8.28,8.44,8.88,8.79,7.13,8.13,8.07,8.17,8.41,8.59,7.52
AK2,9.24,9.11,9.35,9.42,9.53,9.34,9.26,9.29,9.23,9.38,9.54,9.1,9.09,9.42,9,8.89,9.04,9.7,9.69,9.57,9.01,8.94,8.91,8.93,8.98,8.87,9.42,9.39,9.23,9.55,9.29,10.53,8.74,8.86,8.89,9.15,8.96,9.1,8.81,9.33,9.2,8.96,9.06,9.19,9.46,9.42,9.62,9.37,9.29,10.06
AK2,6.62,6.6,6.98,6.93,7.02,6.78,6.42,6.86,6.81,7,7.05,6.51,6.51,6.84,6.74,6.58,6.54,6.98,6.73,6.75,6.54,6.68,6.35,6.58,6.49,6.61,7.2,6.88,7.13,6.26,6.04,6.75,6.49,6.44,6.42,6.65,6.26,6.81,5.4,6.57,6.5,6.61,7.14,6.06,6.83,7.1,7.12,6.82,6.8,6.39
AK2,10.28,10.15,10.44,10.39,10.27,10.33,9.95,10.26,10.45,10.35,10.23,10.29,10.43,9.2,9.98,9.93,10.24,10.44,10.44,10.59,10.27,10.06,10.01,9.92,9.98,10.1,10.42,10.42,10.4,10.47,7.21,8.88,9.97,9.94,9.94,10.18,10.17,10.07,9.94,10.21,10.25,9.9,10.1,9.47,10.37,10.35,10.31,10.29,10.43,8.82
AK2,10.21,10.06,10.17,10.19,10.13,10.08,9.97,10.27,10.31,10.17,10.01,10.08,10.16,8.09,10.04,9.81,9.98,10.26,10.19,10.31,9.95,9.88,9.81,9.93,9.9,9.89,10.16,10.21,9.98,9.97,8.66,8.89,9.78,9.75,9.83,9.94,9.86,9.79,9.71,9.97,10.07,9.8,9.82,8.3,10.07,9.93,9.99,10.11,10.21,7.42
AK2,10.81,10.75,10.74,10.74,10.47,10.52,10.46,10.67,10.79,10.87,10.28,10.71,10.79,7.34,10.54,10.42,10.68,10.63,10.72,10.73,10.56,10.39,10.35,10.58,10.51,10.55,10.73,10.69,10.49,9.94,7.29,6.92,10.59,10.57,10.5,10.53,10.46,10.75,10.39,10.59,10.6,10.31,10.2,8.83,10.58,10.52,10.51,10.65,10.52,7.16
AK2,10.99,10.92,10.99,10.93,10.49,10.66,10.64,10.84,10.93,11.02,10.59,10.89,10.82,8.39,10.72,10.7,10.88,10.86,10.96,11.01,10.68,10.63,10.61,10.78,10.76,10.82,10.82,10.91,10.76,10.49,7.85,9.37,10.79,10.85,10.75,10.83,10.72,10.96,10.62,10.82,10.74,10.49,10.41,8.37,10.76,10.71,10.8,10.91,10.76,8.3
AK2,7.62,6.87,7.32,7.38,6.99,7.05,6.77,7.21,7.65,7.36,6.6,7.33,7.58,5.79,7.04,7.14,7.41,7.6,7.43,7.59,7.17,6.72,6.67,6.93,7.09,7.2,7.41,7.33,7.06,5.72,4.65,4.89,6.89,6.84,6.79,7.11,6.92,7.26,5.98,6.91,6.98,6.79,6.68,5.76,7.15,6.69,7.13,7.26,7.29,5.35
AK2,5.42,4.9,5.17,5.26,5.48,5.4,5.46,5.49,5.43,5.55,5.34,5.23,4.77,5.66,5.78,5.64,5.61,5.4,5.63,5.63,5.25,5.34,5.18,5.76,5.81,5.31,5.65,5.34,5.36,5.63,5.37,5.68,5.53,5.93,5.68,6.24,5.67,5.68,5.7,5.47,5.44,5.5,5.53,5.52,5.78,5.69,5.42,5.39,5.04,5.68
AK3,10.39,10.6,10.38,10.53,10.36,10.38,10.4,10.46,10.48,10.51,10.5,10.63,10.6,10.13,10.98,10.87,10.88,10.21,10.3,10.36,10.8,10.92,10.86,10.89,10.94,10.95,10.5,10.53,10.4,10.25,10.17,9.26,10.88,10.9,10.99,10.92,10.78,10.87,10.43,10.49,10.38,10.49,10.47,9.5,10.4,10.26,10.48,10.52,10.48,8.78
AK3,7.42,7.28,7.1,7.01,6.4,6.76,6.72,7.06,7.48,7.36,7.07,7.13,7.19,6.88,7.79,7.87,7.82,7,6.96,7.3,7.65,7.63,7.37,7.73,7.74,7.85,7,7.17,6.84,6.44,6.22,5.5,7.57,7.4,7.6,7.47,7.32,7.42,6.87,6.86,6.82,6.9,6.99,5.93,6.57,6.46,6.88,6.86,6.92,6.2
AK3,8.99,9.02,9.06,9,8.93,8.86,9.13,9.06,9.26,9.08,9.05,8.92,9.12,8.84,9.35,9.56,9.44,8.85,8.88,9,9.41,9.36,9.41,9.38,9.39,9.48,9.02,9.04,9.11,8.57,8.81,8.91,9.39,9.24,9.33,9.3,9.32,9,8.96,8.91,9.2,9.16,9.01,8.72,8.91,8.88,9.03,8.85,9.05,8.4
AK3,5.29,5.62,5.39,5.71,5.73,6.56,6.86,6.55,5.62,5.76,5.89,5.22,5.2,4.3,5.87,5.62,6.21,5.5,5.73,5.52,5.79,5.9,5.94,5.97,6.08,5.75,5.55,5.52,5.99,6.09,5.46,4.13,5.77,5.61,5.91,6.2,6.28,6.11,6.54,6.21,5.72,5.68,6.19,5.5,5.58,5.66,5.16,5.46,5.6,4.48
AK3L1,9.09,8.98,9.31,9.15,9.04,9.14,9.29,8.94,9.17,9.57,9.24,8.68,8.38,8.34,8.77,8.91,8.84,8.97,8.76,8.82,8.58,8.77,8.62,8.53,8.62,8.55,9.29,9.28,9.23,8.25,7.76,9.08,8.91,8.9,9.08,8.9,8.75,8.78,8.6,8.71,8.78,9.18,9.05,9.08,9.2,9.5,9.7,8.96,9.02,8.53
AK3L1,7.18,6.55,7.08,6.89,6.1,6.41,6.54,7.08,7.12,7.31,6.15,6.4,6.22,5.93,6.55,6.53,6.3,6.57,6.72,6.81,6.38,6.09,6.05,6.27,6.3,6.55,6.98,7.21,6.23,5.9,6.49,5.55,6.65,6.71,6.7,6.68,6.83,6.78,6.32,6.55,6.54,6.68,6.11,5.54,6.92,6.91,7.37,6.52,6.47,5.44
AK3L1,5.08,4.82,4.89,4.82,4.79,5.46,4.93,4.74,5.22,4.97,4.85,4.7,4.56,4.81,5.13,4.76,4.76,4.9,4.64,4.98,4.35,4.41,4.74,4.84,5.13,4.77,5.28,4.82,4.46,4.66,5.79,4.54,4.35,4.94,4.32,4.93,4.87,4.7,4.32,4.79,4.57,4.58,4.07,4.47,4.78,5.02,4.5,4.76,4.67,5.64
AK5,3.29,3.3,3.43,3.39,3.6,3.77,3.9,3.68,3.46,3.29,3.51,3.48,3.45,4.37,3.37,3.52,3.37,3.42,3.3,3.34,3.31,3.45,3.27,3.67,3.5,3.36,3.37,3.24,3.65,3.8,4.54,4,3.45,3.43,3.33,3.43,3.74,3.23,4.32,3.25,3.42,3.77,3.45,4.76,3.45,3.51,3.36,3.58,3.35,3.66
AK5,3.82,4.15,3.78,3.86,3.75,3.93,3.75,3.72,3.88,3.78,3.84,3.97,3.88,3.73,4.04,3.75,3.78,3.88,3.98,3.83,3.84,3.71,3.79,3.42,4.02,3.66,3.85,3.85,3.97,3.62,4.11,3.83,3.85,3.77,3.75,4.03,3.66,3.57,3.83,3.94,3.92,3.65,3.77,3.48,3.5,4.09,3.76,3.63,3.79,3.7
AK5,4.26,3.92,3.99,4.06,4.44,3.98,4.17,4.14,4.03,4,4.07,4.09,4.12,4.13,4.04,3.75,4.12,4.25,3.74,3.96,4.07,4.05,4.07,3.92,4.24,3.92,3.84,3.93,3.95,4.73,5.06,4.9,4.13,3.95,4,3.93,4.05,4.59,4.45,4.49,4.46,4.07,4.03,4.38,4.25,4.15,4.06,4,4.04,5.36
AK7,4.26,4.66,4.11,4.05,3.78,3.93,4.11,3.59,4.28,4.04,4.26,4.49,4.26,4.52,3.92,3.83,3.98,4.13,4.24,4.14,3.97,4.11,4.24,3.87,3.79,3.76,4.08,4.19,4.08,4.28,4.2,3.9,3.77,4.31,3.85,4.11,4.52,3.53,4.48,4.03,3.72,3.83,3.85,4.13,3.88,4.43,3.68,3.87,4.11,4.34
AKAP1,7.61,7.59,7.6,7.26,7.81,7.52,7.77,7.62,7.77,7.7,7.46,7.53,7.34,8.82,7.7,7.67,7.47,7.51,7.63,7.72,7.45,7.5,7.52,7.36,7.38,7.18,7.79,7.58,7.9,7.75,7.81,7,7.27,7.11,7.35,7.62,7.42,7.19,6.73,7.74,7.44,7.71,7.7,7.85,7.35,7.78,7.73,7.4,7.83,7.23
AKAP1,8.75,8.74,8.76,8.67,8.56,8.79,9.33,8.94,8.78,9.06,8.91,8.61,8.31,7.28,8.59,8.67,8.58,8.77,8.78,8.85,8.61,8.63,8.56,8.48,8.51,8.48,8.84,8.9,9.03,7.91,6.14,6.93,8.58,8.58,8.54,8.67,8.4,8.46,7.75,8.8,8.9,8.94,8.72,6.76,9.01,8.89,9.1,8.62,8.62,6.11
AKAP1,8.1,8.35,8.24,8.27,8.37,8.79,7.96,8.13,8.16,8.4,8.49,7.89,7.96,7.75,7.96,7.94,8,8.19,8.16,8.23,7.97,7.67,8.33,7.74,7.95,7.75,8.33,8.19,8.47,8.35,6.69,7.82,7.67,7.7,7.7,8.14,8.22,7.99,7.42,8.07,8.33,8.25,8.06,5.71,8.33,8.67,8.44,8.17,8.29,5.93
AKAP1,9.58,9.79,9.58,9.51,9.62,9.78,9.71,9.42,9.6,9.72,9.93,9.26,9.34,8.95,9.5,9.4,9.45,9.35,9.6,9.41,9.37,9.31,9.54,9.18,9.22,9.28,9.7,9.57,9.94,10.21,9.47,9.72,9.26,9.22,9.14,9.43,9.47,9.11,9.31,9.5,9.47,9.69,9.76,9.14,9.84,9.92,9.77,9.45,9.68,9.55
AKAP1,7.62,7.34,7.71,7.62,7.83,7.9,7.9,8,7.62,7.64,7.31,7.2,7.17,8.32,7.59,7.66,7.58,7.66,7.66,7.66,7.17,7.18,7.22,7.38,7.37,7.51,7.95,7.79,7.86,8.2,8.35,7.14,7.25,7.59,7.46,7.42,7.58,7.47,6.71,7.84,7.42,7.9,7.84,7.58,7.97,7.96,8.07,7.5,7.83,7.96
AKAP10,4.92,4.67,4.93,4.33,4.38,4.42,4.69,4.88,4.74,5.11,4.02,4.8,4.68,4.12,4.85,4.91,4.98,4.76,4.8,4.78,4.76,4.58,4.38,5.4,4.74,4.87,4.42,4.76,4.51,4.48,4.95,3.95,5.16,4.82,5.07,5.03,4.59,5.27,5.51,4.66,4.66,4.78,4.58,3.65,4.42,5.06,5.31,4.81,4.89,4.87
AKAP10,6.75,6.38,6.42,6.48,5.67,6.2,6.1,6.06,6.69,6.45,6.08,6.01,6.47,6.55,6.73,6.75,6.84,6.32,6.42,6.49,6.16,6.71,6.45,6.33,6.82,6.67,6.35,6.14,6.73,6.67,5.79,5.69,5.96,6.05,6.26,6.16,6.16,6.17,6.25,6.43,6.19,6.33,6.37,5.08,6.17,6.44,6.58,6.23,6.3,5.26
AKAP10,6.82,6.3,6.72,6.33,6.67,6.52,5.55,6.61,6.59,6.75,5.9,6.21,6.29,5.51,6.8,6.35,6.54,6.5,6.67,6.63,6.63,6.65,6.36,6.43,6.77,6.47,6.3,6.55,6.32,4.7,6.35,6.64,6.48,6.62,6.43,6.59,6.35,6.45,4.98,6.29,6.82,6.69,5.93,5.62,6.45,6.55,6.45,6.18,6.42,5.32
AKAP11,10,10.22,9.83,10,9.5,9.71,9.87,9.89,10.04,10.05,10.17,10.11,9.98,9.31,9.88,9.74,9.87,9.85,9.88,9.95,9.97,9.99,10.08,9.9,9.92,9.84,9.87,10.05,9.81,9.64,7.83,8.92,9.6,9.77,9.68,9.73,9.45,9.97,9.1,9.63,9.66,9.9,9.89,9.45,9.97,9.93,10.1,9.96,9.84,9.23
AKAP11,9.8,10.07,9.66,9.81,9.8,9.84,9.29,9.51,9.88,9.85,10.17,9.97,10.18,9.84,9.79,9.75,9.73,9.72,9.67,9.85,9.84,9.94,10.01,9.72,9.78,9.77,9.79,9.73,9.95,9.44,7.96,8.28,9.49,9.68,9.42,9.69,9.67,9.57,9.25,9.56,9.69,9.89,9.94,9.81,9.83,9.96,10.02,9.82,9.96,8.78
AKAP11,5.43,4.82,5.23,4.67,4.95,5.96,5.89,4.46,5.15,4.76,5.46,4.48,4.15,4.55,5.23,4.81,5.53,4.94,5.35,5.14,4.94,5.37,5.06,5.66,5.17,4.87,5.22,4.92,4.71,4.52,4.34,4.87,5.08,4.49,4.86,5.54,4.52,4.74,4.87,5.42,5.58,4.74,4.65,4.55,5.47,5.52,5.26,4.87,4.23,6.27
AKAP12,9.2,9.46,9.11,9.18,8.99,9.09,8.25,9.16,9.28,9.32,9.44,9.03,8.93,8.6,8.52,8.42,8.43,8.85,8.96,9.18,8.63,8.79,8.9,8.46,8.52,8.47,9.04,9.1,9.14,8.63,6.43,6.9,8.83,9.11,9.01,8.56,7.77,8.27,8.06,9.09,9.05,9.08,8.98,9.05,8.83,8.53,8.85,9.11,9.33,8.35
AKAP12,5.82,6.06,6.42,6.15,6.18,6.08,5.9,6.05,5.84,6.04,5.97,6.01,5.81,7.06,5.61,5.35,5.67,6.41,6.16,6.29,5.53,5.63,5.73,5.6,5.81,5.52,5.86,6.26,5.87,4.87,7.65,6.4,5.49,5.64,5.92,6.07,5.23,5.5,5.65,6.08,5.88,5.49,5.88,7.71,6.26,6.54,6.26,6.17,6.22,7.49
AKAP13,8.58,8.54,8.62,8.58,8.66,8.54,8.83,8.66,8.29,8.6,8.54,8.46,8.65,7.55,8.47,8.47,8.42,8.48,8.54,8.55,8.31,8.28,8.54,8.55,8.47,8.57,8.49,8.5,8.65,8.34,7.32,8.66,8.45,8.54,8.47,8.58,8.74,8.67,8.04,8.67,8.71,9.12,8.86,8.13,8.55,8.68,8.59,8.58,8.63,8.04
AKAP13,9.66,9.6,9.42,9.23,9.26,9.67,10.28,9.43,9.44,9.52,9.8,9.29,9.2,9.2,9.66,9.6,9.53,9.43,9.45,9.53,9.61,9.64,9.64,9.55,9.65,9.61,9.59,9.39,9.87,9.65,7.96,9.53,9.62,9.4,9.72,9.46,9.57,9.09,9.93,9.64,9.43,10.04,10.19,8.28,9.53,10.04,9.7,9.17,9.46,8.49
AKAP13,7.12,7.04,7.08,6.94,7.18,7.42,7.49,6.9,7.17,7.08,7.67,6.8,6.74,6.7,7.3,7.4,7.14,7.22,7.25,7.24,6.98,7.18,7.68,7.48,7.29,7.37,7.13,7.07,7.53,5.96,7.32,7.79,7.41,7.08,7.25,7.33,7.26,6.69,7.36,7.2,7.18,7.68,7.91,6.69,6.78,7.68,7.31,6.78,6.75,7.05
AKAP13,7.98,7.75,7.92,7.72,7.84,8.38,8.61,8.15,7.76,7.71,8.05,7.33,7.42,7.8,7.85,7.63,7.95,8.1,8.3,7.98,8.11,7.64,8.09,8.08,7.94,8.05,8.02,7.74,8.33,8.11,8.72,7.17,8.03,7.75,7.98,8.05,8.5,7.63,7.75,8.33,8.48,8.56,8.72,7.33,8.25,8.66,8.09,7.72,7.83,7.36
AKAP13,5.19,5.31,5.32,5.29,5.48,5.36,5.36,5.23,5.28,5.38,5.71,5.44,5.4,6.3,5.01,5.38,5.44,5.13,5.42,5.26,5.26,5.52,5.45,5.5,5.2,5.24,5.18,5.27,5.26,6.38,6.14,5.85,5.53,5.56,5.79,5.34,4.73,5.18,5.4,4.75,5.09,5.95,5.14,5.27,5.29,5.74,5.34,5.52,5.43,5.49
AKAP14,5.27,4.94,5.37,5.32,4.92,4.72,4.62,4.83,5.13,4.93,5.43,5.01,5.14,4.5,4.62,4.6,4.42,5.52,5.22,5.18,4.75,4.42,4.37,4.52,4.52,4.64,5.04,5.15,4.81,4.65,5.79,4.92,4.39,4.53,4.53,4.37,4.36,4.22,4.72,4.86,5.05,4.93,4.75,4.94,5.32,4.59,4.96,5.22,5.11,4.64
AKAP14,6.23,6.34,6.42,6.3,6.44,6.42,6.19,6.45,6.33,6.25,6.43,6.15,6.51,7.17,5.82,5.77,5.82,6.57,6.51,6.4,5.38,5.11,5.29,5.76,5.81,5.52,5.97,6.43,6.23,6.92,5.51,7.14,5.07,5.37,5.32,5.67,5.83,5.68,6.05,6.48,6.62,6.23,6.2,6.27,6.15,6.37,5.83,6.46,6.14,5.68
AKAP2 /// PALM2,3.5,3.91,3.58,3.86,3.68,3.77,3.96,3.62,3.72,3.91,3.63,3.82,3.71,4.53,3.74,4.01,3.68,3.93,3.6,3.61,3.93,3.87,3.84,4,3.98,3.8,3.45,3.9,3.73,4.02,3.67,3.88,3.72,3.51,3.56,3.67,3.41,3.43,3.98,3.57,3.46,3.76,3.82,4.13,3.82,4.29,3.69,3.75,3.76,4.26
AKAP2 /// PALM2,3.77,3.8,3.95,3.85,3.99,3.83,4.43,3.83,3.78,3.84,4.01,3.83,3.86,4.53,3.75,3.97,3.66,3.78,3.86,3.79,3.9,3.84,3.95,3.9,4.1,3.74,3.74,3.66,4,4.56,5.26,4.08,3.8,3.85,3.98,3.84,4.08,3.55,6.09,3.82,3.98,3.71,4.15,4.69,3.91,3.8,4.4,3.93,4.01,4.73
AKAP2 /// PALM2-AKAP2,6.78,6.7,6.42,6.59,6.61,6.62,6.32,6.4,6.63,6.76,6.95,6.78,6.94,6.23,6.94,6.87,6.62,6.94,6.92,7.17,6.65,6.68,6.84,6.69,6.96,6.72,6.57,6.62,6.69,5.48,6.38,6.29,6.65,6.7,6.89,6.88,6.6,6.6,6.68,6.9,7.05,6.52,6.51,6.86,6.31,6.28,6.59,6.65,6.53,5.71
AKAP2 /// PALM2-AKAP2,9.62,9.77,9.48,9.6,9.42,9.39,9.44,9.69,9.72,9.66,9.77,9.75,9.66,7.55,9.52,9.37,9.36,9.74,9.81,9.78,9.4,9.65,9.6,9.53,9.75,9.52,9.58,9.51,9.43,9.27,8.78,8.37,9.33,9.4,9.45,9.42,9.42,9.52,9.37,9.75,9.71,9.38,9.57,9.48,9.18,9.06,9.3,9.78,9.63,7.58
AKAP2 /// PALM2-AKAP2,7.41,6.71,7.38,7.03,6.79,7.14,7.24,7.24,7.22,7.29,7.2,7.25,6.94,5.34,7.59,7.27,7.31,7.61,7.58,7.83,6.96,7.2,6.93,7.88,7.79,7.65,7.24,7.49,6.76,7.55,5.17,5.92,7.55,7.42,7.65,7.59,7.72,7.51,7.46,7.46,7.33,7.24,7,4.04,7.02,7.36,7.01,7.51,7.21,5.6
AKAP2 /// PALM2-AKAP2,4.77,4.3,4.29,4.4,4.67,4.4,4.82,4.21,4.21,4.33,4.29,4.48,4.17,4.96,4.44,4.19,4.58,4.4,5.04,4.49,4.57,4.11,3.97,4.91,4.52,4.74,4.31,4.42,4.46,5.73,6.51,4.72,4.39,4.47,4.72,4.4,4.51,4.42,4.87,4.45,4.68,4.31,4.2,4.19,4.28,5.84,4.44,4.32,4.01,4.33
AKAP3,4.02,3.79,4.11,4.09,4.3,4.3,5.79,3.9,3.89,3.94,4.24,4.09,3.92,4.72,3.9,4.06,4.12,4.29,4.36,4.37,4.15,4.09,4.21,4.17,4.25,3.85,4.12,4.32,4.42,4.38,4.58,5.68,3.92,4.17,4.09,3.72,3.84,4.51,4.21,4.02,4.22,4.73,4.26,4.31,4.3,3.81,3.85,4.03,4.12,5.42
AKAP4,3.79,3.62,3.81,3.96,4.36,4,4.09,3.87,3.74,3.72,3.8,3.88,3.69,4.17,3.82,3.98,3.77,3.91,3.89,3.83,3.97,4.01,3.74,3.81,4.14,4.12,3.89,3.91,4.06,4.26,4.15,5.29,3.71,3.75,3.78,3.81,3.98,3.76,3.83,3.79,4.04,3.69,4.16,5.44,4.05,4.61,4.06,4.31,3.75,4.56
AKAP5,4.24,4.19,3.94,4.08,3.45,3.68,3.59,3.93,4.23,4.29,4.22,4.34,4.16,3.35,3.83,3.88,3.67,4.34,4.51,4.56,3.79,3.79,3.86,3.45,3.6,3.72,4.08,4.27,3.6,4.24,3.59,3.76,4.02,4.31,4.25,3.83,3.79,4.12,4.85,3.92,4.24,3.74,3.53,3.51,3.49,3.42,3.35,4.01,4.15,4.27
AKAP5,4.1,3.83,3.82,4.01,3.79,3.96,3.59,3.76,3.66,3.97,3.89,4.07,3.86,5.1,3.93,3.74,3.84,3.73,4.13,4.07,3.7,4.12,3.68,3.71,3.82,3.83,3.79,3.58,3.62,4.07,5.12,4.58,3.81,3.79,3.96,3.79,4.49,3.83,4.21,3.89,4.01,3.86,3.91,4.73,3.87,4.39,3.74,4.1,3.99,5.76
AKAP6,3.47,3.69,3.57,3.53,3.66,4.04,3.8,3.58,3.76,3.72,3.64,3.64,3.66,4.16,3.59,3.67,3.54,3.77,3.88,3.71,4,3.68,3.51,3.61,3.57,3.97,3.69,3.85,3.59,6.96,4.31,4.45,3.8,3.4,3.57,3.48,4.12,3.51,3.74,3.5,3.57,3.61,3.55,4.51,3.5,4.06,3.51,3.4,3.34,4.08
AKAP6,3.92,3.94,3.87,4.01,4.14,4.4,4.2,4.05,3.96,4.07,3.92,4.18,3.9,5.03,3.95,4.13,3.76,4.28,4.03,3.82,3.87,4.07,4.05,3.83,4.12,3.9,4.02,4.19,4.45,4.19,4.22,4.55,4.24,3.97,3.98,3.75,4.01,3.94,4,4.07,3.76,3.8,3.95,4.35,3.96,3.71,4,4.01,3.97,4.15
AKAP6,3.86,3.83,4,3.8,3.9,3.75,3.27,3.66,3.88,3.6,3.85,3.71,3.81,5.28,3.68,3.71,4.41,3.65,3.67,3.96,3.97,3.64,3.75,4.11,4.24,3.53,4.16,3.84,4.3,3.22,3.17,3.83,3.79,3.59,3.87,3.73,3.68,3.77,3.36,3.7,3.87,3.7,3.39,3.69,3.88,3.54,4.26,3.97,3.79,3.92
AKAP7,4.93,4.81,4.92,5.14,4.77,4.89,6.07,4.28,5.13,4.86,5.01,5.09,4.86,5.46,4.98,4.97,4.97,4.89,5.17,4.92,4.94,4.98,5.26,5.06,4.99,4.69,4.62,5.04,4.69,5.87,5.87,6.38,5.03,5.14,5.2,4.83,5.21,5.02,6.13,4.34,4.48,5.38,4.55,5.53,5.19,4.98,5.15,4.62,4.74,5.33
AKAP7,4.54,4.27,4.47,4.65,5.09,4.21,4.89,4.48,4.61,4.71,4.74,4.55,4.32,5.17,4.47,4.73,4.57,4.6,4.44,4.6,4.24,4.29,4.63,4.5,4.47,4.3,4.49,4.6,4.26,5.29,4.77,5.15,4.51,4.35,4.73,4.68,4.99,4.63,4.46,4.5,4.45,4.49,4.48,6.55,4.93,4.59,4.56,4.34,4.39,7.82
AKAP7,4,4.12,3.89,3.99,4.15,4.29,4.18,4.16,3.92,3.87,3.94,3.76,3.96,4.48,3.93,3.82,3.78,4.03,3.79,3.85,3.84,3.98,3.94,3.96,4.03,3.77,3.9,3.98,4.09,4.9,4.8,4.09,3.95,4.02,3.73,3.74,4.01,3.76,5.55,3.79,3.64,3.71,3.87,4.24,3.91,4.11,4.45,3.95,3.78,4.63
AKAP7,4.48,4.58,4.6,4.71,4.72,4.32,4.71,4.72,4.52,4.38,4.7,4.51,4.3,5.54,4.27,4.64,4.55,4.44,4.81,4.76,4.7,4.55,4.44,4.56,4.62,4.5,4.49,4.74,4.45,4.46,5.42,6.17,4.49,4.42,4.66,4.44,4.14,4.83,5.7,4.61,4.9,4.78,5.06,6.4,4.33,4.93,4.66,4.48,4.55,5.82
AKAP7,5.07,5.29,5.39,5.34,5.78,5.38,6.25,5.22,5.15,5.02,5.5,5.29,5.22,7.92,5.21,5.6,5.15,5.31,5.35,5.08,5.01,5.27,5.26,5.12,5.31,5.07,5.36,5.38,5.86,6.65,5.38,8.42,5.24,5.25,5.37,4.99,5.39,5.18,5.6,5.14,5.19,5.44,5.42,6.55,5,5.37,5.24,5.39,5.09,6.67
AKAP7,5.14,5.36,5.14,5.31,5.33,4.99,5.15,5.32,5.27,5.29,5.26,5.21,5.22,6.41,5.44,5.2,5.15,4.99,5.3,5.04,4.56,5.33,5.65,5.24,5.25,5.23,5.2,5.4,5.26,5.71,5.81,5.95,5.15,5.27,5.36,5.16,5.14,5.55,4,5.21,5.29,5.4,4.98,5.63,5.28,5.11,5.34,5.24,5.18,6.5
AKAP7,4.44,4.63,4.47,4.51,4.35,4.69,4.45,4.68,4.28,4.22,4.86,4.47,4.31,6.2,4.61,4.52,4.49,4.64,4.53,4.28,4.48,4.59,4.57,4.59,4.54,4.24,4.52,4.69,4.42,4.39,6.71,4.7,4.4,4.18,4.33,4.36,4.47,4.61,4.45,4.6,4.48,4.57,4.69,6.75,4.25,4.75,4.78,4.78,4.41,6.55
AKAP8,8.8,8.73,9.09,8.89,9.23,9.06,8.66,8.79,8.82,8.85,9.04,8.73,8.77,8.48,8.79,8.83,8.85,8.88,8.94,8.88,8.69,8.67,8.85,8.91,8.75,8.77,9.06,8.88,8.94,8.58,6.44,8.32,8.56,8.76,8.73,8.79,8.95,8.94,8.82,8.98,8.95,8.77,8.91,8.57,8.97,8.89,8.91,9.02,9,8.04
AKAP8,10.33,10.26,10.38,10.4,10.58,10.44,10.38,10.52,10.3,10.32,10.4,10.41,10.21,10,10.43,10.26,10.36,10.2,10.2,10.32,10.27,10.36,10.23,10.36,10.32,10.35,10.49,10.43,10.44,9.9,10.28,9.74,10.53,10.53,10.67,10.41,10.35,10.35,10.18,10.65,10.52,10.27,10.15,10,10.53,10.34,10.47,10.44,10.49,9.25
AKAP8,4.64,4.71,4.49,4.33,4.78,4.85,5.85,4.66,4.67,4.63,4.33,4.6,4.51,6.65,4.48,4.83,4.39,4.71,4.31,4.5,4.4,4.76,4.7,4.82,4.42,4.59,4.68,5.06,5.35,5.13,5.42,4.92,4.61,4.37,4.46,4.7,4.9,4.51,5.01,4.89,4.4,4.75,5.21,6.21,4.58,4.64,4.54,4.47,4.62,5.36
AKAP8,6.63,6.1,6.34,6.26,5.8,5.37,5.41,6.36,6.39,6.52,5.89,6.19,6.16,5,6.34,6.37,6.12,6,6.17,6.15,6.35,6.2,6.06,6.49,6.44,6.45,6.14,6.21,6.06,5.28,5.22,5.25,6.6,6.55,6.49,6.1,6.2,6.42,5.37,6.3,6.05,5.9,6.13,5.99,5.68,5.7,6.08,6.52,6.19,5.04
AKAP8L,8.69,8.59,8.66,8.48,8.53,8.58,8.29,8.74,8.61,8.61,8.46,8.53,8.81,5.46,9.19,9.38,9.35,8.76,8.77,8.79,9.01,8.77,9.03,9.31,9.23,9.37,8.69,8.33,8.68,7.99,7.28,5.53,9.46,9.5,9.45,9.27,9.27,9.27,8.56,8.89,8.93,8.74,8.74,6.31,8.84,8.68,8.73,8.8,8.84,4.92
AKAP8L,8.63,8.63,8.79,8.55,8.56,8.58,8.85,8.9,8.61,8.56,8.6,8.6,8.71,7.22,9.29,9.29,9.26,8.81,8.91,8.7,8.97,8.84,9.07,9.41,9.29,9.3,8.54,8.25,8.65,7.84,6.23,5.49,9.53,9.55,9.56,9.23,9.14,9.42,9.25,8.88,8.89,8.68,8.8,6.37,8.81,8.87,8.71,8.71,8.84,5.63
AKAP9,8.27,8.38,7.9,8.16,8.12,8.16,7.57,8.11,8.31,8.14,8.38,8.24,8.28,6.36,8.76,8.61,8.67,8.11,8.22,8.23,8.37,8.29,8.67,8.52,8.62,8.52,7.97,8.28,8.27,8.13,7.08,7.92,8.4,8.37,8.27,8.59,8.61,8.22,7.09,8.16,8.13,8.33,8.47,7.31,8.28,8.32,8.26,8.13,8.28,5.36
AKAP9,6.53,6.53,6.33,5.88,6.43,6.75,7.05,6.23,6.34,6.35,6.3,5.87,6.3,4.96,6.7,6.79,7.03,6.46,6.39,6.77,6.82,6.34,6.63,6.53,6.36,6.83,6.59,6.09,6.47,5.99,5.9,5.8,6.72,6.49,6.35,6.79,7.29,6.19,6.16,6.09,6.29,6.5,6.68,5.44,6.46,6.54,6.28,6.27,6.26,4.81
AKAP9,5.49,5.57,5.2,5.23,5.24,5.58,5.34,5.3,5.49,5.24,5.49,5.03,5.56,6.59,5.6,5.85,5.98,5.76,5.64,5.37,5.92,5.31,5.6,5.44,5.38,5.99,5.57,5.22,5.99,5.29,4.62,6.02,5.86,5.56,5.75,5.38,5.78,5.4,6.76,5.93,5.5,5.78,6.11,4.97,5.79,5.93,5.83,5.6,5.35,5.36
AKAP9,3.62,3.62,3.61,3.44,3.62,3.71,3.44,3.82,3.43,3.65,3.6,3.78,3.62,4.97,3.39,3.78,3.93,3.57,3.57,3.6,3.37,3.56,3.82,3.42,3.63,3.5,3.43,3.59,3.7,5.31,4.62,6.88,3.61,3.58,3.96,3.57,3.59,3.48,4.21,3.38,3.48,3.46,3.58,4.51,3.98,3.48,3.78,3.35,3.48,6
AKD1,6.4,6.19,6.43,6.36,6.26,6.34,6.03,6.13,6.43,6.35,6.29,6.46,6.28,6.36,6.08,6.27,6.3,6.06,6.28,6.38,6.32,6.43,6.36,6.69,6.26,6.36,6.49,6.18,5.76,5.87,5.16,5.91,5.75,5.9,5.71,6.6,6.21,6.34,5.97,6.34,5.97,6.31,5.4,6.6,6.54,6.37,6.95,6.43,6.54,4.71
AKD1,3.49,3.51,3.43,3.67,4.05,3.59,4.13,4.19,3.47,3.79,3.6,3.95,3.52,3.85,3.46,3.68,3.79,3.89,3.66,3.7,3.78,3.73,3.93,3.86,3.64,3.57,3.69,4.07,3.96,3.87,5.63,4.12,3.52,3.38,3.56,4.02,3.69,3.58,3.75,3.73,3.5,4.1,3.88,4.35,3.62,3.87,3.57,3.96,4.01,5.75
AKD1,4.52,4.57,4.34,4.47,5.52,4.49,4.65,4.22,4.18,4.51,4.39,4.3,4.01,5.77,4.36,4.2,4.37,3.99,4.09,4.16,4.05,5.04,4.88,4.15,4.22,4.53,4.17,4.61,4.31,5.57,4.61,7.46,4.13,4.24,4.11,4.32,4.3,4.03,4.17,4.8,4.52,4.22,4.03,6.04,4.15,4.66,4.14,4.74,4.31,5.68
AKD1,4.24,4.15,4.41,4.46,4.41,4.76,5.04,5.62,4.17,4.77,4.19,4.24,4.43,5.42,4.39,4.34,4.59,4.45,4.42,4.73,4.5,4.3,4.6,4.1,4.56,3.93,4.5,4.34,4.06,5.99,7.27,4.53,4.13,3.95,3.9,3.83,4.67,4.58,4.07,4.89,4.6,4.49,4.43,6.3,4.31,4.21,4.66,4.6,4.83,5.3
AKIRIN1,9.27,8.73,8.79,8.74,7.86,8.17,8.17,8.79,9.26,9.1,7.95,8.86,8.97,5.99,8.96,9.01,9.11,8.7,8.83,8.86,9.34,9.14,8.87,9.23,9.08,9.3,8.89,8.89,8.23,5.1,6.6,4.1,9.03,8.89,8.87,8.78,8.52,8.63,8.95,8.85,8.89,8.45,8.32,5.13,8.88,8.58,8.95,8.94,8.55,6.13
AKIRIN1,9,8.25,8.57,8.6,7.39,7.42,7.52,8.37,9.04,8.97,7.71,8.64,8.6,6.1,8.88,8.8,9.01,8.56,8.53,8.84,9.01,8.84,8.55,9.09,8.91,9.22,8.64,8.74,7.75,6.77,6.08,5.77,8.97,8.73,8.85,8.56,8.16,8.64,7.27,8.62,8.34,8.07,7.93,4.87,8.32,8.39,8.52,8.68,8.17,6.94
AKIRIN1,8.18,8.46,8.11,8.09,8.29,8.36,8.15,8.08,8.27,8.11,8.34,8.15,8.33,8.76,8.36,8.3,8.38,8.03,8.1,8.12,8.76,8.4,8.58,8.34,8.43,8.52,8.17,8.05,8.27,7.75,8.59,7.4,8.37,8.33,8.28,8.24,8.16,8.17,7.8,8.3,8.27,8.24,8.54,8.51,8.25,8.29,8.23,8.21,8.19,7.9
AKIRIN1,9.46,9.8,9.54,9.44,9.6,9.74,9.62,9.37,9.68,9.54,9.69,9.71,9.7,9.85,9.72,9.68,9.81,9.46,9.47,9.55,10.02,9.89,10.02,9.69,9.81,9.88,9.64,9.59,9.65,9.41,9.36,10.05,9.79,9.64,9.67,9.78,9.69,9.49,9.77,9.67,9.71,9.71,9.81,9.93,9.78,9.8,9.68,9.87,9.8,9.38
AKIRIN1,9.59,9.53,9.42,9.3,9.04,9.31,9.37,9.52,9.63,9.6,9.31,9.43,9.54,7.07,9.5,9.66,9.68,9.29,9.37,9.38,9.99,9.84,9.84,9.73,9.68,9.83,9.54,9.58,9.68,8.34,7.63,7.12,9.79,9.57,9.58,9.52,9.46,9.25,9.16,9.49,9.56,9.59,9.69,7.23,9.59,9.64,9.72,9.42,9.34,7.14
AKIRIN1,9.66,9.97,9.56,9.68,9.79,9.59,9.28,9.55,9.79,9.55,9.98,9.68,9.74,9.89,9.78,9.77,9.97,9.53,9.47,9.73,10.07,9.93,10.17,9.9,9.93,10.03,9.72,9.53,9.59,9.12,9.37,9.66,9.74,9.66,9.58,9.56,9.8,9.65,9.56,9.86,9.83,9.82,9.98,10.48,9.72,9.69,9.83,9.77,9.85,9.59
AKIRIN1,9.86,9.83,9.51,9.45,9.01,9.39,9.49,9.7,9.9,9.92,9.42,9.48,9.87,7.13,9.77,9.82,9.81,9.46,9.58,9.51,10.18,10.08,10.03,9.88,9.91,10,9.67,9.75,9.57,8.55,6.97,6.45,9.83,9.65,9.66,9.6,9.59,9.35,9.32,9.69,9.74,9.65,9.65,6.2,9.77,9.73,9.88,9.61,9.58,7.15
AKIRIN1,9.52,9.48,9.04,9.11,8.51,9.03,8.99,9.32,9.71,9.45,9.05,9.24,9.53,7.04,9.27,9.42,9.42,8.81,8.93,9.06,9.71,9.62,9.74,9.38,9.36,9.75,9.32,9.31,9.21,7.4,6.59,5.88,9.43,9.13,9.05,9.26,8.91,8.94,8.72,9.05,9.34,9.17,9.24,7.88,9.15,9.23,9.35,9.19,9.26,7.35
AKIRIN2,6.45,5.76,6.69,6.56,6.04,5.71,5.48,7.06,6.6,6.5,5.14,6.6,6.18,5.11,6.87,6.73,6.85,7.06,7.11,7.65,6.02,6.45,5.91,7.09,6.92,6.96,6.08,6.86,5.83,4.07,5.88,4.34,6.92,6.82,6.84,6.89,6.07,6.98,5.11,6.64,6.34,5.86,5.4,4.75,6.46,5.83,6.43,6.5,6.1,4.95
AKIRIN2,10.2,10.23,10.22,10.29,10.18,10.17,9.94,10.26,10.29,10.19,10.35,10.35,10.34,9.71,10.39,10.31,10.34,10.42,10.44,10.41,10.24,10.26,10.23,10.29,10.32,10.31,10.28,10.23,10.18,10.07,9.7,10.37,10.39,10.42,10.31,10.46,10.46,10.44,9.99,10.49,10.33,10.39,10.4,9.68,10.19,10.26,10.2,10.34,10.37,9.35
AKNA,4.63,4.77,5,4.75,4.94,5.14,5.13,5.35,4.69,4.72,4.81,4.98,4.84,5.2,4.71,4.77,4.65,4.61,4.74,4.52,4.95,5.05,4.83,4.87,4.71,4.83,4.77,4.98,5.1,6.27,4.59,4.47,4.76,4.68,4.68,4.59,4.9,4.61,4.73,4.76,4.71,5.05,5.16,4.73,4.45,4.56,4.53,4.82,5.13,5.18
AKNA,8.72,8.92,8.76,8.58,8.56,8.83,8.33,8.77,8.52,8.8,8.9,8.52,8.81,8.54,8.41,8.45,8.54,8.42,8.56,8.61,9.26,8.87,9.02,8.54,8.67,8.92,8.78,8.44,8.9,9.14,6.54,8.53,8.56,8.52,8.45,8.46,8.52,8.65,8.08,8.85,8.97,9.02,8.91,8.32,8.54,8.54,8.47,8.66,8.84,7.32
AKNA,9.85,9.74,9.8,9.86,9.95,10.05,9.82,9.77,9.74,9.55,10.09,9.74,9.84,9.67,9.65,9.6,9.74,9.73,9.79,9.73,10.15,10.03,10.33,9.91,9.96,9.92,9.8,9.32,9.95,9.65,8.68,9.38,9.77,9.59,9.71,9.79,9.95,9.8,9.88,9.93,10.07,10.1,10.1,9.46,9.69,9.81,9.75,9.87,10.02,8.9
AKR1A1,10.15,10.06,10.16,10.19,10.15,10.21,10.04,10.27,10.22,10.24,9.87,10.25,10.17,8.97,9.95,9.92,9.9,10.35,10.38,10.21,9.89,9.84,9.78,9.83,9.87,9.83,10.18,10.12,10.07,9.57,8.19,9.75,9.72,9.79,9.7,9.94,9.85,9.96,10.25,10.26,10.13,10,9.94,10.02,10.05,9.96,10.02,10.12,10.13,9.55
AKR1B1,11.51,11.34,11.53,11.56,11.3,11.38,11.29,11.49,11.55,11.46,11.17,11.54,11.53,9.6,11.82,11.79,11.79,11.5,11.53,11.58,11.51,11.61,11.53,11.74,11.64,11.66,11.42,11.46,11.35,11.2,9.87,9.85,11.93,12.03,11.94,11.9,11.76,11.99,11.22,11.39,11.33,11.32,11.21,9.91,11.42,11.32,11.41,11.43,11.28,9.58
AKR1B10,4.75,4.94,4.96,4.84,5.03,4.78,5.13,5.53,4.78,4.96,4.98,5.05,4.82,4.81,4.96,4.67,4.69,4.96,4.91,4.94,5,5.09,4.99,4.82,5.16,4.74,4.89,5.08,4.82,4.71,4.07,5.24,4.93,4.97,5.12,4.88,4.66,4.99,4.96,5.11,5.25,5.08,4.76,4.82,4.75,4.7,4.73,4.96,4.92,4.87
AKR1B10,3.73,3.89,4.05,3.82,3.68,3.61,3.38,3.82,3.83,3.97,4,3.81,3.9,5.4,3.86,3.73,3.86,3.95,4.19,4.04,3.75,4.12,3.79,4,3.53,4.02,3.84,3.81,4.1,5.06,3.77,4.52,3.83,4.09,4,3.66,4.06,3.82,3.75,3.51,3.81,3.57,3.54,3.98,3.87,3.93,3.63,3.68,4,6.09
AKR1B10 /// LOC340888 /// tcag7.1260,3.72,3.79,3.81,3.99,3.91,3.71,4.29,3.56,3.89,3.68,3.75,3.83,3.74,3.94,3.84,4.2,3.94,3.75,3.77,3.82,3.89,4.03,3.92,3.94,3.55,3.79,3.99,3.85,3.71,4.08,4.72,4.06,3.91,3.89,3.89,3.83,3.83,3.98,4.44,3.76,3.64,3.86,4.28,3.86,4.2,3.86,3.79,4.09,3.87,4.42
AKR1B10 /// tcag7.1260,3.28,3.31,3.26,3.43,3.36,3.58,3.43,3.5,3.25,3.32,3.51,3.28,3.18,3.5,3.39,3.55,3.33,3.35,3.41,3.41,3.56,3.18,3.31,3.37,3.46,3.47,3.37,3.22,3.09,3.57,3.62,4.11,3.42,3.36,3.18,3.19,3.57,3.27,3.84,3.08,3.24,3.49,3.54,3.73,3.28,3.48,3.44,3.38,3.46,3.69
AKR1C1,5.32,5.13,5.15,5.21,5.18,5.4,4.66,5.36,5.03,4.95,5.44,5.09,4.78,4.27,6.69,6.54,7.12,4.72,4.65,4.79,6.78,6.57,7.06,7.32,6.93,6.6,4.72,4.86,4.91,4.39,4.89,4.35,6.81,6.8,6.79,6.9,6.71,7.09,5.1,5.35,5.39,5.58,5.43,5.5,5.95,6.09,5.87,5.78,5.32,4.56
AKR1C1,5.27,4.95,5.02,5.04,5.81,5.54,5.68,5.27,4.86,5.21,5.69,5.31,5.13,5.43,6.68,6.68,6.93,4.94,4.43,4.7,7.41,6.9,7.16,6.92,6.89,7.16,4.87,4.94,5.04,5.87,5.85,5.72,7.16,6.91,6.95,7.07,7.26,7.04,5.86,5.42,5.41,5.42,5.74,6.01,6.55,6.38,6.57,5.71,5.82,4.37
AKR1C1 /// AKR1C2,4.73,4.9,4.81,4.94,4.56,4.61,4.06,4.83,4.96,4.95,5,4.91,4.83,4.14,6.45,6.12,6.5,4.29,4.38,4.41,6.64,6.51,6.66,6.32,6.68,6.48,5.04,4.44,4.7,4.98,4.51,4.42,6.41,6.48,6.49,6.63,6.53,6.41,4.5,5.21,4.93,5.37,5.4,4.18,5.82,5.81,5.95,5.35,5.33,4.27
AKR1C2,4.87,4.79,5.03,5,5.23,5.24,5.47,4.62,4.88,4.86,5.15,4.7,4.77,6.24,4.92,5.06,4.72,5.15,4.71,4.61,5.32,4.85,5.04,5.1,4.95,5.33,4.92,5.07,5.26,5.39,6.52,6.08,5.19,5.15,5,5.22,5.08,4.85,5.43,4.68,5.12,5.14,5.06,5.36,5.02,5.46,5.32,4.8,4.96,5.56
AKR1C2,3.42,3.27,3.71,3.29,4.74,3.69,3.87,4.17,3.28,3.38,3.51,3.42,3.38,4.33,3.57,3.46,3.43,3.32,3.23,3.46,3.33,3.22,3.36,3.46,3.44,3.36,3.14,3.32,3.26,4.36,4.51,5,3.36,3.24,3.42,3.73,3.69,3.4,5.08,3.67,3.55,3.25,3.31,4.1,3.64,3.26,3.48,3.34,3.24,3.72
AKR1C2,4.46,4.36,4.5,4.04,4.41,4.47,4.84,4.67,4.41,4.03,4.22,4.28,4.25,5.13,4.23,4.3,4.73,4.15,4.16,4.1,4.12,4.17,4.04,3.99,4.23,4.06,4.14,4,4.13,4.45,6.21,5.6,4.47,4.28,4.87,4.57,4.71,4.18,4.71,4.5,4.01,4.16,4.99,3.71,4.9,4.44,4.64,4.41,4.49,5.66
AKR1C2 /// LOC100134257,3.43,3.52,3.26,3.46,3.67,3.39,3.47,3.37,3.35,3.54,3.47,3.65,3.69,4.49,3.31,3.66,3.42,3.32,3.58,3.27,3.53,3.34,3.49,3.47,3.3,3.3,3.3,3.39,3.29,3.49,4,4.1,3.74,3.43,3.33,3.46,3.45,3.61,3.77,3.31,3.21,3.43,3.83,4.47,3.83,3.37,3.32,3.48,3.27,3.57
AKR1C3,6.71,6.57,7.05,6.61,6.94,6.68,6.69,7.16,6.57,6.76,6.87,6.83,6.55,5.23,8.52,8.39,8.57,6.86,6.98,6.78,8.41,8.14,8.39,8.54,8.47,8.53,6.98,6.48,6.78,6.32,5.93,5.94,7.72,7.53,7.32,8.7,8.72,8.56,6.09,7.16,7.33,7.71,7.82,6.7,9.37,9.4,9.15,7.3,7.24,5.9
AKR1C3,4.07,3.99,3.83,4.16,3.98,4.01,3.93,3.79,3.97,3.86,3.88,4.21,3.98,4.81,4.16,4.3,3.73,3.93,3.89,3.82,3.91,4.16,3.84,3.74,4.06,3.79,3.85,3.8,3.94,4.66,5.51,5.16,3.97,3.89,3.84,3.94,4.05,3.46,4.47,3.54,3.65,4.17,3.87,5.8,3.93,3.95,3.73,4.07,4.05,5.05
AKR1C4,4.13,4.01,3.85,3.98,3.54,4.03,3.85,3.56,3.91,3.93,4.25,3.78,3.98,4.18,4.05,3.89,3.96,4.14,3.8,3.77,3.9,3.88,4.14,3.8,3.85,3.82,4.02,3.75,3.92,3.86,4.84,4.54,3.69,3.58,3.76,4.09,3.94,3.84,5.12,3.82,4.23,3.6,3.83,4.8,4.22,3.83,3.58,3.89,3.82,4.63
AKR1CL1,4.12,4.61,3.86,4.37,3.68,3.6,3.88,4.21,4.21,4.39,3.98,4.29,4.33,5.59,3.84,4.04,3.95,4.17,3.88,3.85,4.1,4.42,4.44,3.93,4.02,4.19,3.81,3.99,3.94,4.27,3.87,5.69,4.26,3.93,4.03,3.73,3.92,3.86,3.78,3.75,3.64,4.4,3.81,4.97,3.96,3.85,4.03,3.85,3.7,4.13
AKR1CL2,5.8,6.4,5.8,6.12,6.05,6.03,6.29,5.76,5.86,6.02,6.28,6.04,5.99,7,6.08,5.97,6.04,5.95,5.96,5.84,5.96,6.04,6.39,5.92,6.12,5.9,5.91,6.09,6.51,5.83,5.72,7.06,6.08,6.19,6.21,5.9,6.07,5.87,5.68,5.98,6,5.75,5.7,7.28,5.45,5.41,5.99,6.03,5.85,6.66
AKR1CL2,5.21,5.12,5.38,5.29,5.64,5.48,5.63,5.17,5.32,5.28,5.06,5.3,5.24,5.4,5.22,5.02,5.23,5.38,5.35,5.24,5.44,5.27,5.09,5.34,5.3,5.12,5.33,5.22,5.22,4.39,8.15,5.77,5.32,5.31,5.11,5.09,5.31,5.16,5.23,5.37,5.31,5.3,5.31,5.62,5.48,5.29,5.23,5.33,4.99,5.42
AKR1CL2,4.71,4.44,4.68,4.54,4.55,4.47,5.15,4.91,4.53,4.55,4.67,4.48,4.54,5.18,4.74,5,4.51,4.73,4.81,4.8,4.71,4.98,4.97,5.22,4.75,5.02,4.68,4.71,4.77,4.51,4.7,4.96,4.58,5.13,5.33,5.11,4.29,4.85,4.91,4.56,4.57,5.01,5.42,4.8,5.03,4.52,5.07,4.81,4.64,4.84
AKR1CL2,3.71,3.59,3.6,3.66,3.67,3.59,3.49,4.12,3.63,3.64,3.67,3.47,3.37,5.48,3.79,3.73,4.02,4.03,3.66,3.6,3.75,3.61,3.54,3.9,3.92,3.65,4.03,3.87,3.83,4.81,5.32,4.95,3.82,3.42,3.87,3.66,3.59,3.86,3.51,3.55,3.72,3.74,3.15,4.18,3.86,3.48,4.08,3.44,3.45,5.14
AKR1CL2,4.45,4.57,4.45,4.58,4.54,4.5,4.63,4.2,4.52,4.78,4.41,4.57,4.58,4.83,4.4,4.77,4.41,4.5,4.3,4.61,4.81,4.46,4.7,4.5,4.35,4.78,4.73,4.49,4.72,4.99,4.4,4.88,4.55,4.21,4.63,4.19,4.82,4.42,4.56,4.69,4.53,4.49,4.7,4.27,4.57,4.19,4.46,4.68,4.54,5.12
AKR1D1,3.72,3.65,3.83,3.79,3.63,4.02,3.74,3.62,3.64,3.65,3.57,3.58,3.66,3.66,3.73,4.11,3.59,3.82,3.68,3.48,3.77,3.62,3.64,3.84,4.11,3.76,3.7,3.95,3.56,3.64,3.97,4.93,3.59,3.82,3.6,3.57,3.47,3.76,3.57,3.49,3.53,3.56,3.81,3.81,3.47,3.67,3.83,3.47,3.59,3.81
AKR7A2,11.2,11.09,11.22,11.27,11.38,11.19,11.03,11.27,11.25,11.18,11.15,11.23,11.16,10.56,11.24,11.19,11.2,11.27,11.21,11.21,11.02,11.06,11.15,11.21,11.13,11.11,11.25,11.19,11.19,10.89,10.89,10.9,11.39,11.45,11.4,11.32,11.21,11.4,11.08,11.17,11,11.15,11.26,10.47,10.83,10.79,10.86,11.08,11.08,10.67
AKR7A2,10.71,10.65,10.74,10.83,10.79,10.74,10.41,10.76,10.81,10.77,10.77,10.77,10.78,9.89,10.76,10.72,10.79,10.78,10.77,10.62,10.71,10.63,10.67,10.68,10.68,10.72,10.72,10.76,10.81,10.49,9.38,9.95,10.9,10.91,10.87,10.76,10.71,10.8,10.43,10.71,10.62,10.75,10.74,9.75,10.47,10.32,10.32,10.62,10.62,8.94
AKR7A2,5.66,5.53,5.55,5.75,5.4,5.65,5.65,5.7,5.44,5.78,4.8,5.38,5.42,4.33,5.39,5.55,5.49,5.73,5.76,5.49,5.56,5.08,5.15,5.52,5.29,5.78,5.37,5.61,5.34,5.83,6.08,4.75,6.02,5.76,5.96,5.68,5.67,5.51,5.71,5.81,5.31,5.24,5.62,5.57,5.64,5.13,5.55,5.5,5.33,5.02
AKR7A3,4.43,4.8,4.99,4.66,4.68,5.07,4.78,4.84,4.75,4.79,4.81,4.79,4.82,5.91,4.79,4.62,5.04,4.57,4.83,5.23,4.41,4.9,4.82,4.68,4.82,4.37,4.76,5.25,4.92,4.39,4.92,4.7,4.58,4.49,4.58,4.64,4.96,4.57,3.65,4.54,4.65,4.77,5,4.94,4.72,4.12,4.66,4.94,4.8,4.99
AKR7L,4.25,4.29,4.3,4.31,4.3,4.41,4.55,4.5,4.3,4.06,4.53,4.46,4.29,4.3,4.44,4.22,4.38,4.23,4.3,4.46,4.28,4.37,4.37,4.32,4.7,4.16,4.2,4.18,4.63,5.09,7.25,5.26,4.31,4.27,3.94,3.98,4.17,4.24,4.89,4.71,4.75,4.57,4.23,4.1,4.45,4.67,4.19,4.17,4.26,5
AKT1,8.9,8.97,9.19,9.07,9.16,9.05,9,9.25,8.97,9.02,9.09,8.98,8.94,8.93,9.11,9.08,9.12,9,8.97,8.84,9.07,9.08,9.1,9.1,9.15,9.04,9.11,9.02,9.17,9.3,9.23,9.29,9.09,9.27,9.29,9.1,9.15,9.19,8.7,9.11,9.08,9.37,9.37,8.38,8.68,8.56,8.85,8.96,9.22,9
AKT1,8.22,7.79,8.18,8,7.8,8.03,7.55,8.41,7.97,8.12,7.63,8.03,7.88,5.39,8.15,8.41,8.05,8.11,7.97,8.19,8.16,8.21,7.87,8.44,8.4,8.49,8.19,8.05,7.99,6.09,5.82,5.12,8.26,8.48,8.52,8.31,7.86,8.34,7.13,8.21,7.9,8.28,8.15,4.92,7.85,7.61,7.49,7.93,8.11,6.44
AKT1,4.06,4.09,4.49,4.18,4.22,4.11,4.23,4.36,4.15,3.95,4.27,4.32,4.17,4.66,4.45,4.46,4.33,4.13,4.27,4.21,4.13,4.3,4.14,4.11,4.32,4.25,4.08,4.3,4.38,4.32,6.46,5.04,4.03,4.13,4.3,4.09,4.49,4.15,4.48,4.02,4.42,4.56,4.45,5.8,4.45,4.34,4.54,3.95,4.08,5.53
AKT1S1,6.35,5.98,6.51,6.08,6.68,6.64,5.77,6.91,6.36,6.25,6.67,6.13,5.85,4.86,6.45,6.29,6.25,6.55,5.96,6.31,7.15,7.22,7.52,7.46,7.33,7.13,6.45,6.44,6.27,4.73,4.54,5.24,6.46,6.4,6.46,6.48,6.83,6.69,5.63,7.08,6.97,6.85,6.74,6.26,6.93,7.21,6.99,6.67,6.76,5.08
AKT1S1,6.26,6.28,6.49,6.34,6.83,6.53,6.73,6.64,6.12,6.14,6.41,6.13,6.07,6.2,6.12,6.15,6.58,6.28,6.28,6.15,6.33,6.53,7.08,6.57,6.95,6.6,6.49,6.36,6.5,6.02,5.73,7.47,6.32,6.25,6.14,6.54,6.07,6.57,6.47,6.87,6.78,6.73,6.54,6.16,6.31,6.58,6.7,6.74,6.9,7.44
AKT1S1,7.72,7.59,8.05,7.62,7.91,8.01,6.77,8.16,7.88,8.02,7.78,7.83,7.47,6.45,7.79,7.9,7.82,7.7,7.66,7.72,8.19,8.12,8.19,8.29,8.45,8.11,8.07,8.06,7.79,7.22,6.85,7.02,7.72,7.92,7.85,7.95,7.77,7.85,7.97,8,8.37,7.79,7.87,6.03,7.84,8.21,7.98,8.09,8.13,6.86
AKT2,7.52,7.4,7.71,7.81,7.71,7.65,7.44,7.69,7.6,7.75,7.74,7.64,7.46,7.34,7.29,7.49,7.55,7.72,7.75,7.58,7.27,7.46,7.47,7.48,7.5,7.38,7.71,7.68,7.85,7.69,7.01,6.87,7.11,7.18,7.11,7.53,7.64,7.37,6.39,7.5,7.61,7.98,7.87,7.12,7.7,7.06,7.74,7.76,7.83,6.72
AKT2,6.52,6.53,6.81,6.52,6.8,6.52,6.5,6.34,6.23,6.5,6.99,6.61,6.66,5.89,6.11,6.44,6.3,6.21,6.55,6.59,6.02,6.56,6.71,6.35,6.57,6.3,6.69,6.56,6.56,5.84,5.96,7.74,6.21,6.04,5.97,6.05,6.65,6.52,6.95,6.31,6.84,6.86,6.08,6.4,6.34,6.42,6.46,6.45,6.57,6.12
AKT2,5.4,5.22,5.15,5.26,4.58,5.5,5.03,5.51,5.48,5.33,5.18,4.93,5.19,4.77,5.64,5.26,5.62,5.8,5.55,5.84,5.37,5.69,5.07,5.87,5.58,5.56,5.21,5.6,5.39,5.16,4.4,5.19,5.48,5.2,5.58,5.29,5.09,5.48,5.14,5.26,5.02,5.15,5.46,5.42,4.67,5.05,5.42,5.04,4.87,5.13
AKT2,10.44,10.28,10.54,10.43,10.53,10.44,10.45,10.63,10.29,10.54,10.59,10.53,10.38,10.29,10.47,10.44,10.45,10.42,10.4,10.36,10.53,10.57,10.62,10.48,10.58,10.32,10.47,10.52,10.59,9.68,10.64,10.45,10.18,10.45,10.35,10.49,10.38,10.56,9.9,10.49,10.31,10.78,10.54,10.32,10.31,10.32,10.47,10.39,10.56,10.42
AKT2,5.23,4.15,5.25,4.66,4.11,4.58,4.73,4.94,5.04,4.84,4.08,4.55,4.47,3.33,4.95,4.95,5.28,5.24,4.84,5.65,5.05,4.54,4.32,4.63,4.79,5.12,5.1,5.06,4.32,3.56,3.61,3.6,5.06,4.98,4.78,4.98,4.76,4.45,5.17,4.35,4.2,4.24,4.1,3.5,4.45,4.07,4.68,4.93,4.95,3.71
AKT2,5.59,5.59,6.17,5.98,5.93,5.75,4.95,5.51,6.13,5.93,5.19,5.53,5.36,4.9,5.91,6.09,6.25,6.3,6.28,6.33,5.93,6.11,5.54,6.37,5.78,6.33,6.09,6.17,5.47,4.71,5.12,4.16,6.16,5.91,5.78,6.26,6.22,5.62,5.18,6.11,5.6,5.14,5.5,5.13,5.53,5,5.51,5.78,5.08,4.7
AKT2,8.31,8.23,8.22,8.16,7.94,8.23,7.13,8.47,8.15,8.47,8.09,8.13,8.57,6.9,7.99,8.14,8.11,8.06,8.28,7.91,8.3,8.18,8.3,8.22,8.05,8.28,8.33,8.16,8.49,5.8,5.34,4.73,7.73,8.19,7.75,7.89,8.08,8.4,7.65,7.98,8.14,8.59,8.28,6.13,7.94,7.95,8.05,7.98,8.53,6.1
AKT2,4.8,4.34,5.12,4.79,4.34,4.18,3.77,4.31,4.85,4.73,4.19,4.48,4.27,3.63,5.23,4.79,4.78,5.08,5.07,5.14,4.71,4.45,4.32,5.32,5.01,4.78,4.77,4.99,4.01,3.44,4.22,3.65,5.02,4.53,4.84,5.04,4.25,4.88,4.58,4.53,4.43,4.11,4.42,3.75,4.21,4.38,4.46,4.77,3.95,3.85
AKT2,5.23,4.66,5.15,4.7,4.66,4.88,5.35,5.35,5.17,5.22,4.55,5.05,4.8,3.99,5.32,4.73,5.19,5.53,5.32,5.44,4.66,4.7,4.76,5.34,5.08,5.06,5.22,5.33,4.44,5.17,4.74,4.57,4.71,4.5,4.96,5.41,5.22,4.89,4.19,4.64,4.68,4.35,4.79,4.46,5.18,4.23,4.48,5.32,4.38,4.83
AKT2,4.27,4.15,4.55,4.07,4.21,4.5,4.21,4.6,4.17,4.22,4.02,4.2,3.91,4.47,4.3,4.32,4.83,4.5,4.42,5.18,4.22,4.37,4.2,4.53,4.68,4.41,4.39,4.38,3.84,4.44,4.21,4.08,4.34,4.5,4.27,4.49,4.13,4.86,4.84,4.47,4.28,3.98,4.33,4.14,4.7,4.32,4.15,4.51,3.83,4.13
AKT2,4.47,4.5,4.41,4.45,4.8,4.69,5.46,4.86,4.51,4.43,4.7,4.42,4.25,5.34,4.51,4.63,4.36,4.77,4.71,4.45,4.46,4.75,4.74,4.09,4.47,4.23,4.8,4.79,4.74,6.46,6.33,5.06,4.43,4.86,4.51,4.46,4.09,4.13,6.58,4.4,4.86,4.74,4.88,5.41,4.22,4.1,4.39,4.56,4.52,5.74
AKT2,4.95,4.26,4.96,4.74,5.46,5.3,4.17,4.69,4.88,4.99,4.55,4.7,4.67,6.13,4.99,4.46,5.17,5.36,4.86,5.23,5.16,4.62,4.54,5.19,5.13,4.96,4.71,5.26,4.48,4.34,7.24,5.63,4.95,4.82,4.8,4.73,5.36,4.87,4.17,5.01,4.92,4.13,4.92,5.78,4.78,5.01,4.73,4.92,4.3,6.36
AKT3,7.15,6.48,6.79,6.81,5.79,5.89,6.94,6.78,6.85,6.73,6.34,6.88,6.91,5.41,6.87,6.49,6.54,6.76,6.56,6.78,6.78,6.61,6.24,6.9,6.78,6.78,6.62,6.96,6.39,5.5,5.89,6.22,6.77,6.77,6.96,6.7,6.45,6.54,5.43,6.6,6.28,6.57,6.57,6.14,6.31,6.38,6.79,6.68,6.49,6
AKT3,5.35,5.33,4.93,5.21,4.65,4.93,4.99,4.97,5.48,5.25,5.45,5.13,5.1,3.91,5.11,4.95,4.78,4.64,5.04,4.99,4.98,5.14,5.2,4.41,4.77,5.16,5.18,5.01,5.43,5.29,4.53,3.91,4.89,5.02,4.9,4.86,4.79,4.9,4.25,5.57,5.22,5.05,5.29,4.72,5.52,4.78,5.24,5.54,5.33,4.02
AKT3,5.22,4.99,4.74,4.76,4.24,4.54,5.43,4.64,4.85,4.82,4.72,4.84,4.83,5.11,5.1,4.5,4.79,4.78,4.58,4.67,4.82,4.74,4.78,4.78,4.9,4.72,4.55,4.7,4.19,4.66,6.1,3.81,4.66,4.76,4.81,4.76,4.49,4.88,5.5,4.78,4.75,5.16,4.33,4.31,4.81,4.65,4.32,4.33,4.32,4.74
AKT3,4.36,3.87,3.81,4.14,3.44,4.11,4.03,4.05,4.02,4.14,3.92,3.85,4.04,3.91,4.06,4.13,4.11,4.03,3.72,4.15,4.02,4.06,4.06,4.18,3.87,4.31,4.01,3.94,3.65,4.09,4.07,3.93,3.96,4.19,4.15,4.19,3.67,3.89,3.96,4.04,3.86,3.94,3.81,3.75,4.23,4.14,3.97,4.11,3.94,3.83
AKT3,4.3,4.43,4.31,4.28,4.65,4.51,4.33,4.5,4.46,4.4,4.34,4.2,4.05,4.24,4.07,3.98,4.14,4.35,4.39,4.41,4.39,4.46,4.42,4.09,4.18,4.2,4.26,4,4.45,5.05,4.84,6.77,4.03,4.26,4.02,4.19,4.13,4.31,4.38,4.36,3.67,4.39,4.46,4.4,4.66,4.76,4.43,4.63,4.33,3.81
AKT3,8.82,8.63,8.72,8.83,8.83,8.75,8.94,8.95,8.63,8.72,8.89,8.7,8.62,8.83,8.64,8.62,8.6,8.77,8.73,8.8,8.62,8.85,8.82,8.67,8.71,8.77,8.66,8.97,8.53,9.32,9.34,8.44,8.76,8.78,8.68,8.65,8.48,8.75,8.58,8.86,8.81,9.16,9.3,8.25,8.78,9.1,9.03,8.76,8.7,8.07
AKTIP,7.91,7.53,7.99,7.8,7.33,7.62,8.1,8.28,7.82,8.08,7.3,7.97,7.79,8.08,8.04,7.97,7.93,7.89,8.04,8.13,7.57,7.83,7.34,8.11,7.83,8.06,7.7,7.99,7.3,6.03,8.13,7.38,8.03,8.2,8.19,7.96,7.53,8.29,7.67,8.05,7.81,7.33,6.86,7.3,7.94,7.72,8.02,8.01,7.75,8.23
AKTIP,4.11,5.01,4.25,4.25,4.31,4.01,4.22,4.13,4.28,4.1,4.92,4.08,4.46,7.07,3.99,4.07,4.36,4.23,4.16,4.01,4.27,4.21,4.34,4.07,3.9,3.86,4.06,4.02,4.65,4.49,5.08,6.33,3.83,3.88,4.06,3.98,4.01,4.02,4.1,4.05,3.78,4.13,5.06,7.2,3.99,3.98,3.92,3.85,4.15,5.86
AKTIP,6.49,6.99,6.37,6.46,6.73,6.32,6.25,6.21,6.57,6.41,6.94,6.48,6.52,8.7,6.6,6.08,6.79,6.39,6.47,6.18,6.13,6.44,6.76,6.23,6.22,6.33,6.35,6.34,6.98,5.99,6.46,8.15,6.19,6.26,5.91,6.57,5.99,6.73,6.11,6.17,6.09,6.19,7.19,7.57,6.17,6,6.2,6.5,6.5,7.09
AKTIP,4.95,5.09,4.97,5.1,4.63,4.89,4.75,4.84,5.05,5.04,5.62,5.1,4.96,7.22,5.15,4.91,5.42,5.11,5.38,5.06,4.76,5.05,5.25,4.84,5.28,5.15,5.12,4.92,4.98,5.01,6.34,5.48,4.74,4.96,5.24,4.98,4.79,5.06,4.69,4.9,4.88,4.88,5.83,7.81,5.07,4.82,4.83,5.22,5.09,7.29
AKTIP,5.13,5.57,5.03,5.12,5.33,4.77,4.93,4.91,5.09,5.06,5.65,5.19,5.3,6.54,5.56,5.15,5.28,5.13,4.8,5.3,4.98,5.14,5.5,5.3,5.12,5.11,5.12,5.15,5.21,4.57,5.92,6.65,4.78,5.29,4.98,5.3,5.03,5.42,4.66,5.17,5.02,5,5.23,6.02,5.09,5.2,5.24,5.17,5.2,5.57
AKTIP,4.47,4.72,4.88,4.65,4.94,4.37,5.02,4.31,4.53,4.53,4.7,4.94,4.43,5.12,4.73,4.43,4.71,4.8,4.64,4.85,4.71,4.74,4.68,4.51,5.08,4.61,4.83,4.72,4.7,6.41,5.72,6.24,4.91,4.82,4.97,4.65,4.81,4.73,5.75,4.78,4.8,4.94,4.84,6.09,4.41,4.72,4.51,4.35,4.46,5.25
ALAD,6.71,6.44,7.01,6.63,6.86,6.76,5.61,6.82,6.66,6.68,6.64,6.52,6.88,5.01,6.5,6.63,6.51,6.69,6.46,6.65,6.63,6.44,6.32,6.58,6.68,6.55,6.72,6.69,6.79,5.98,4.95,5.34,6.94,6.69,6.87,6.78,6.42,6.66,5.45,6.85,6.64,6.38,6.55,4.72,6.87,6.04,6.39,6.76,6.72,5.35
ALAD,7.75,7.45,7.68,7.6,7.2,7.47,7.12,7.36,7.7,7.69,7.41,7.87,7.75,6.01,7.53,7.54,7.69,7.36,7.56,7.6,7.68,7.71,7.58,7.79,7.75,7.71,7.82,7.59,7.4,7.05,5.7,6.27,7.49,7.63,7.33,7.72,7.43,7.82,7.57,7.67,7.77,7.7,7.53,6.78,7.88,7.67,7.72,7.6,8.04,5.53
ALAS1,10.21,10.26,10.07,9.98,9.75,9.72,9.28,10.06,10.1,10.13,9.91,10.33,10.43,7.72,10.84,10.77,10.91,9.28,9.49,9.46,11.05,10.86,11.03,10.83,10.82,11,10.13,9.91,10.03,8.84,5.67,7.2,11.26,11.36,11.26,10.84,10.86,10.96,9.62,10.19,10.11,10.17,10.22,7.47,10.16,9.96,10.18,10.2,10.36,6.32
ALAS1,9.74,9.75,9.64,9.65,9.33,9.41,9.55,9.6,9.78,9.75,9.57,9.96,10.11,7.79,10.35,10.38,10.54,8.98,9.06,9.05,10.64,10.49,10.76,10.43,10.46,10.57,9.57,9.49,9.56,9.34,5.89,7.39,10.93,11.11,10.9,10.36,10.44,10.45,8.93,9.7,9.68,9.74,9.69,7.03,9.77,9.7,9.83,9.76,9.93,6.85
ALAS1,10.15,10.29,10.1,9.94,9.59,9.76,9.67,10.13,10.12,10.14,9.93,10.25,10.38,7.8,10.83,10.7,10.9,9.37,9.39,9.41,11.21,10.94,11.08,10.76,10.82,11.07,10.17,9.77,10.19,9.25,6.77,8.26,11.26,11.38,11.18,10.83,10.79,10.88,9.74,10.19,10.16,10.05,10.11,8.25,10.18,10.08,10.21,10.13,10.44,6.31
ALAS1,10.16,10.19,10.14,10.11,9.67,9.72,9.71,10.05,10.14,10.23,9.94,10.34,10.45,8.15,10.83,10.74,10.87,9.36,9.42,9.56,11.17,10.92,11.05,10.79,10.84,10.99,10.2,9.93,10.16,9.29,5.48,8.23,11.25,11.32,11.15,10.92,10.71,10.93,9.71,10.22,10.09,10.06,10.18,7,10.08,10.18,10.22,10.2,10.45,6.24
ALAS2,4.34,4.11,4.17,4.36,4.4,4.12,4.27,4.36,4.32,4.19,4.56,4.23,4.17,4.62,4.66,4.24,4.05,4.44,4.19,4.23,4.04,4.26,4.24,3.99,4.15,4.38,4.04,4.57,4.29,4.38,4.3,4.51,4.43,4.29,4.23,4.18,4.01,4.32,3.93,4.52,4.24,4.39,4.08,4.87,4.2,4.47,4.38,4.12,4.35,6.06
ALAS2,4.66,4.38,4.42,4.44,4.34,4.33,4.98,4.51,4.55,4.58,4.78,4.66,4.36,5.64,4.8,4.37,4.39,4.51,4.27,4.58,4.57,4.4,4.68,4.26,4.89,4.49,4.63,4.63,4.76,4.19,4.52,5.21,4.57,4.22,4.35,4.52,4.54,4.24,4.7,4.38,4.25,4.66,4.55,5.96,4.89,4.5,4.73,4.55,4.56,5.6
ALAS2,3.82,4.09,4.02,4.11,3.96,4.53,3.81,4.13,3.98,3.86,3.9,3.87,3.95,4.73,3.89,4.17,3.99,4.36,3.88,4.19,3.77,4.02,3.83,3.79,3.99,4.31,3.72,4,3.78,3.93,4.57,6.57,3.99,3.81,4.09,3.98,4.22,4.08,4.96,4.21,4.5,4.1,3.94,4.66,4.07,4.36,3.89,4.09,4.19,3.99
ALB,3.67,3.45,3.7,3.66,4.35,3.95,4.03,3.71,3.55,3.56,3.24,3.64,3.57,3.79,3.55,3.46,3.49,3.69,3.42,3.59,4.03,3.73,3.62,3.63,3.46,3.54,3.5,3.44,3.98,3.47,4.56,3.91,3.47,3.45,3.52,3.52,4.09,3.53,3.8,3.73,3.75,4.03,3.62,4.89,3.71,3.59,3.6,3.62,3.5,4.27
ALB,3.74,4.12,3.31,3.83,3.62,4.47,3.72,3.54,3.99,3.86,3.91,4.31,4.07,3.92,3.39,3.43,3.45,3.41,3.53,3.81,4.16,4,4.12,3.48,3.44,3.51,3.67,3.91,3.95,3.96,5.23,4.12,4.03,3.88,3.83,3.65,3.75,3.56,4.69,3.63,3.79,3.61,3.95,3.48,3.5,3.71,4.02,3.42,3.79,3.64
ALB,3.88,3.73,3.7,3.6,4.03,3.99,4.35,3.55,3.88,3.51,3.85,3.7,3.98,4.19,3.56,3.69,3.56,3.58,3.66,3.57,3.87,3.66,3.65,3.51,3.53,4.45,3.5,3.8,4.22,4.24,3.92,4.19,3.67,3.73,3.86,3.6,3.53,3.72,3.81,3.86,3.86,3.9,3.84,5.34,3.35,3.38,3.82,3.95,3.82,3.68
ALCAM,9.84,9.93,9.42,9.44,8.96,8.95,9.73,9.38,10.12,9.74,9.72,9.53,9.95,8.41,9.49,9.44,9.53,9.2,9.15,9.22,10.01,9.91,10.19,9.66,9.65,9.89,9.63,9.64,9.58,8.37,7.71,8.31,9.73,9.41,9.57,9.55,9.36,9.13,8.75,9.46,9.55,9.69,9.35,8.55,9.96,10.1,9.99,9.4,9.54,7.07
ALCAM,9.26,8.58,8.48,8.67,7.13,7.52,7.17,8.25,9.05,8.82,7.82,8.75,8.87,6.99,8.78,8.76,8.85,8.21,8.25,8.53,9.33,8.9,8.74,8.89,8.78,9.24,8.67,8.73,7.63,5.48,5.23,5.19,8.97,8.9,8.91,8.7,8.01,8.4,7.54,8.43,8.19,7.84,7.52,6.22,9.13,8.66,9.19,8.61,8.44,7.39
ALCAM,9.84,9.79,9.3,9.34,8.43,8.56,9.33,9.18,9.68,9.65,8.93,9.48,9.63,6.35,9.42,9.55,9.45,8.96,9.02,9.22,10.04,9.71,9.48,9.73,9.59,9.94,9.34,9.44,8.94,7.78,5.32,6.05,9.93,9.69,9.6,9.25,9.27,9.11,9.08,9.24,9.21,8.9,8.91,5.69,10.04,9.65,9.99,9.22,9.08,5.89
ALCAM,7.32,6.17,6.51,6.42,5.24,5.95,6.79,5.85,6.96,6.81,5.48,6.57,6.31,5.18,6.94,6.82,6.82,6.27,6.11,6.8,7.18,6.86,6.53,7.22,7.01,7.56,6.45,6.65,5.85,4.11,7.31,5.33,7.31,6.85,7.03,6.89,6.12,6.41,6.22,6.22,6.41,6.35,6.16,5.22,7.33,6.93,7.14,6.22,5.82,4.53
ALCAM,12.13,12.29,12.04,12.06,12.16,12.13,12.2,12.15,12.02,12.05,12.27,12.12,12.12,11.64,11.92,11.96,11.97,11.71,11.75,11.83,12.34,12.23,12.43,12.25,12.25,12.29,12.03,12.04,12.21,12.23,11,11.7,12.14,12.17,12.11,12.03,12.12,12,12.09,12.2,12.15,12.23,12.28,11.81,12.62,12.63,12.56,12.1,12.19,11.45
ALCAM,5.7,4.77,5.05,4.84,3.84,4.35,3.81,4.37,5.36,5.09,4.08,4.76,4.84,3.77,5.07,5.17,5.74,4.69,4.67,5.02,5.52,5.38,4.76,5.7,6.09,5.97,4.96,5.09,4.43,4.87,5.57,4.6,5.63,5.44,5.64,5.17,4.14,5.04,4.75,4.96,4.42,4.6,4.31,3.91,5.95,6.01,5.86,5.2,4.47,3.9
ALCAM,5.52,4.25,5.13,4.92,4.51,4.82,5.95,4.68,5.21,4.99,4.46,4.61,4.45,4.42,5.13,5.03,5,5.1,5.12,5.03,5.06,4.76,4.65,5.85,4.9,5.8,5.1,5.27,4.84,3.42,4.75,4.47,5.81,5.24,5.48,5.3,4.47,5.01,5.62,5.05,4.68,4.63,4.28,4.98,5.93,5.26,5.59,4.73,4.25,4.72
ALCAM,5.95,5.55,5.56,5.46,3.88,5.45,4.92,5.35,5.67,5.54,5.44,5.37,5.11,4.16,5.42,5.3,6.11,4.92,5.08,5.04,5.87,5.91,5.46,5.1,5.53,5.68,5.3,5.39,4.88,5.39,4.27,4.84,5.98,5.43,5.91,5.45,5.37,4.96,6.01,5.54,5.25,5.47,4.99,3.68,5.61,4.93,6.01,4.95,5.33,4.98
ALDH16A1,7.64,7.47,8,7.6,7.99,7.99,7.83,7.91,7.51,7.71,7.8,7.5,7.47,7.53,7.53,7.32,7.4,7.93,8.13,7.84,7.15,7.19,7.36,7.1,7.34,7.43,7.81,7.71,7.82,7.78,6.48,6.62,7.6,7.56,7.43,7.23,7.5,7.53,7.21,7.84,7.8,7.73,7.8,7.12,7.6,7.26,7.45,7.52,7.66,7.6
ALDH18A1,10.19,10.24,10.24,10.28,10.33,10.25,9.6,10.11,10.32,10.24,10.28,10.15,10.17,10.53,9.7,9.69,9.68,10.46,10.42,10.48,9.57,9.52,9.6,9.46,9.46,9.31,10.25,10.26,10.17,10.36,9.46,10.55,9.47,9.45,9.43,9.77,9.52,9.69,9.61,10.18,10.09,9.74,9.93,9.32,10.13,10.07,10,10.15,10.05,9.89
ALDH18A1,8.32,7.9,8.33,8.22,8.29,7.95,8.25,8.32,8.16,8.23,7.29,7.96,7.9,6.15,7.5,7.6,7.57,8.38,8.43,8.44,6.96,7.22,6.76,7.5,7.32,7.45,8.27,8.37,7.84,6.31,6.55,6.85,7.27,7.32,7.16,7.54,7.67,7.68,7.24,7.96,7.8,7.62,7.26,5.75,8.12,7.64,7.94,8.13,7.99,5.45
ALDH1A1,3.9,3.57,3.6,3.51,3.75,4.06,3.5,3.71,3.5,3.52,3.72,3.62,3.65,4.25,3.52,3.53,3.71,3.75,3.71,3.42,3.76,3.69,3.58,3.67,3.65,3.65,3.56,3.72,3.74,4.1,6.45,6.45,3.46,3.67,3.51,3.47,3.72,3.65,4.36,3.77,3.9,3.47,4.06,5.08,3.71,3.53,3.61,3.73,3.42,3.77
ALDH1A1,3.61,3.71,3.65,3.59,4.19,3.76,3.83,4.29,3.43,3.66,3.54,3.72,3.65,4.77,3.76,3.75,3.66,3.87,3.62,3.59,3.77,3.9,3.73,3.79,3.63,3.76,3.63,3.73,3.68,5.17,4.2,4.07,3.98,4.12,3.71,3.67,4.69,3.77,5.31,3.71,3.81,3.76,3.86,4.17,3.79,3.86,4.1,3.8,3.62,4.58
ALDH1A1,3.75,3.88,3.78,3.73,4.03,4.2,4.52,4,3.8,3.82,3.99,4.06,3.79,5.56,3.84,4.13,3.79,3.86,3.72,3.85,4.03,4.01,3.93,3.95,3.88,3.84,3.68,4.03,3.82,4.7,4.67,5.51,4.08,3.9,3.96,3.69,4.04,3.87,5.25,3.86,3.82,3.87,4.11,4.58,3.91,4.17,3.81,4.14,3.74,3.97
ALDH1A2,3.73,3.81,3.62,3.88,3.74,3.67,3.92,3.62,3.84,3.8,3.79,4.02,3.98,5.57,3.84,3.84,3.96,3.66,3.74,3.71,3.96,3.86,4.14,3.85,3.69,3.55,3.64,3.73,4.03,5.56,5.25,4.35,3.88,3.71,4.13,3.64,4.01,3.76,5.32,3.74,3.86,3.65,3.95,4.14,4.16,3.85,3.78,3.64,3.82,5.32
ALDH1A2,3.48,3.71,3.65,3.61,3.61,3.58,4.05,3.5,3.71,3.58,3.93,3.71,3.76,4.72,3.79,3.4,3.55,3.55,3.55,3.68,3.89,3.79,3.67,3.63,3.61,3.58,3.4,3.57,3.51,3.56,3.59,4.53,3.63,3.73,3.79,3.51,3.46,3.81,3.51,3.52,3.34,3.49,3.71,5.44,3.51,3.6,3.75,3.52,3.79,4.85
ALDH1A2,4.32,4.15,3.76,4.29,4.12,4.46,4.08,3.85,3.91,4.03,4.1,4.39,4.15,4.17,4.31,4.54,4.06,3.99,3.69,4.09,3.95,4.4,4,4.1,3.96,3.99,4.06,3.94,4.7,4.08,5.51,3.71,4.36,4.15,4.44,4.29,3.75,3.96,3.81,3.73,3.63,3.97,4.34,4.43,3.65,4,3.91,3.73,3.91,3.91
ALDH1A3,4.09,3.93,3.96,4.1,4.26,4.51,4.4,3.79,3.92,4.1,3.88,3.77,4.12,4.53,3.91,3.66,4.07,3.71,3.84,3.94,4.03,3.76,3.92,4.04,3.82,3.99,3.96,3.91,3.85,4.21,4.4,4.87,4.17,3.71,3.69,3.78,3.81,4.02,4.58,3.68,3.75,4.12,3.92,5.35,4,3.94,3.85,3.71,3.78,4.4
ALDH1A3,3.44,3.59,3.32,3.45,3.6,3.27,3.94,3.38,3.41,3.48,3.4,3.61,3.64,4.01,3.39,3.52,3.59,3.5,3.39,3.42,3.56,3.56,3.43,3.48,3.87,3.46,3.55,3.36,3.54,3.88,5.09,4.43,3.48,3.61,3.42,3.38,3.91,3.54,5.39,3.4,3.38,3.52,3.54,3.69,3.29,3.63,3.4,3.41,3.35,3.73
ALDH1A3,3.58,3.84,3.84,3.81,3.75,3.84,4.08,3.39,3.81,3.68,3.62,3.88,4.12,5.66,3.68,3.84,3.73,3.68,3.68,3.85,3.92,3.83,3.8,3.78,3.65,3.75,3.7,3.81,3.82,4.11,5.09,5.42,3.85,3.78,3.71,3.65,3.67,3.88,4.01,3.57,3.68,3.69,3.94,4.85,3.74,3.63,3.56,3.61,3.68,4.13
ALDH1A3,3.92,3.77,3.71,3.73,4.21,3.67,3.95,3.94,3.63,3.67,3.74,3.62,4.19,3.98,4.11,5.18,4.42,3.97,3.83,4.15,3.74,3.78,3.84,4.57,4.51,4.43,3.8,3.72,3.84,3.88,4.85,4.53,3.75,3.98,3.71,4.52,4.67,4.55,3.83,3.87,3.96,3.81,3.86,6.06,3.74,3.79,4.1,3.79,3.96,5.21
ALDH1B1,7.33,6.66,7.66,7.32,6.94,7.17,6.72,6.96,7.16,7.45,6.83,7.11,7.02,6.54,7.19,7.07,7.15,7.42,7.37,7.24,6.96,7.05,6.51,6.94,6.93,6.95,7.26,7.16,6.85,6.47,4.95,7.28,7.14,7.31,7.32,7.19,6.85,6.89,6.72,7.59,7,6.66,6.31,6.11,7.1,6.91,7.3,7.04,6.97,6.2
ALDH1B1,8.45,8.12,8.53,8.39,8.3,8.13,7.87,8.15,8.42,8.49,8.17,8.45,8.1,7.28,8.26,8.26,8.17,8.42,8.42,8.49,8.07,8.2,7.82,8.15,7.94,7.97,8.53,8.49,8.24,7.8,6.26,7.42,8.17,8.09,8.36,8.21,8.13,8.23,7.75,8.25,8.41,7.71,8.04,6.45,8.46,8.43,8.54,8.42,8.13,7.31
ALDH1L1,3.65,3.88,3.58,3.78,3.87,4.04,4.03,3.6,3.73,3.57,3.73,3.73,3.71,3.89,3.88,3.88,3.62,3.71,3.99,3.77,4.31,3.85,4.05,3.87,3.41,3.62,3.9,4.09,3.8,3.85,3.68,4.69,3.71,3.77,4.02,3.37,3.68,3.84,3.67,3.7,3.57,3.74,3.65,3.98,3.54,3.4,3.98,3.88,3.77,3.61
ALDH1L1,4.19,4.16,4.04,3.98,4.66,4.33,4.1,4.13,4.09,4.63,4.01,4.18,4.22,4.47,4.22,4.24,4.31,4.14,4.14,4.08,4.29,4.29,3.96,3.82,4.12,4.16,4.05,3.99,4.28,3.88,4.44,4.1,4.6,4.32,4.41,4.32,4.12,3.86,4.17,4.4,4.29,4.08,4.49,4.55,4.22,3.96,4.32,3.78,4.35,4.68
ALDH1L2,4.15,3.93,3.88,4.1,4.15,4.35,3.95,3.73,4.16,4.21,4.25,4.08,4.02,4.88,4.03,4.08,4.08,4.31,4.51,4.01,4.3,4.09,4.01,4.03,4.27,3.98,4.08,4.07,4.19,5.24,5.68,4.53,4.34,4.37,4.25,4.14,4.04,4.05,4.82,3.82,4.24,4.21,4.11,4.13,4.09,4.11,4.08,4.07,4.25,5.37
ALDH1L2,4.48,4.41,4.51,4.38,4.69,4.58,4.42,4.11,4.13,4.48,4.41,4.55,4.52,6.04,4.46,4.6,4.31,4.54,4.59,4.54,4.48,4.69,4.83,4.56,4.16,4.23,4.5,4.34,4.53,5.51,5.71,6.54,4.4,4.41,4.34,4.26,4.5,4.16,4.44,4.41,4.09,4.32,4.34,5.68,4.22,5.01,4.46,4.47,4.49,5.61
ALDH2,4.54,4.9,4.96,5.06,4.68,4.62,4.66,4.93,4.78,5.26,4.93,4.67,4.44,5.23,4.95,5,4.91,5.19,4.83,5.12,4.6,5.33,4.65,5.15,5.14,4.85,4.84,5.36,4.83,4.51,5.62,4.83,4.81,4.64,4.74,4.74,5.03,4.65,5.17,5.24,4.35,5.48,5.01,5.02,5.23,5.16,4.74,5.11,4.87,5.3
ALDH2,5.01,4.53,4.22,4.35,3.97,3.99,3.86,4.35,4.57,4.76,4.63,4.54,4.62,4.65,4.34,4.08,3.93,4.76,4.43,4.21,4.69,4.88,4.44,4.34,4.27,3.97,4.09,4.6,4.33,4.18,3.59,3.78,4.31,4.4,4.11,4.68,3.68,4.15,3.71,4.08,4.32,4.38,4.46,4.33,3.83,3.89,4.44,3.99,4.64,4.3
ALDH3A1,3.84,4.18,4.06,4.09,4.35,4.49,4.88,4.32,3.81,3.91,4.11,3.94,4,4.23,3.88,3.94,4,4.08,4.13,4.14,4.22,4.18,3.95,4.06,3.9,4,3.87,4.12,4.22,4.01,4.57,4.77,3.84,3.94,3.93,3.96,4.26,4.08,4.5,3.91,3.91,3.88,4.22,4.22,3.83,4.13,3.99,4.04,3.85,5.12
ALDH3A2,9.81,9.52,9.8,9.67,9.49,9.67,9.84,9.83,9.61,9.56,9.4,9.81,9.81,8.03,10.06,10,9.93,9.96,9.99,9.95,9.99,9.86,9.96,10.09,9.94,10.16,9.73,9.69,9.4,9.57,8.12,8.32,9.73,9.8,9.67,10,10.1,10.16,9.88,9.78,9.84,9.65,9.61,8.12,9.77,9.86,9.94,9.73,9.72,7.15
ALDH3A2,8.54,7.57,8.32,8.38,7.52,7.74,7.92,8.36,8.37,8.32,7.7,8.37,8.31,6.74,8.73,8.69,8.55,8.46,8.62,8.79,8.6,8.6,8.01,8.58,8.68,8.63,8.18,8.33,7.68,6.8,8.08,5.97,8.19,8.22,8.28,8.62,8.38,8.57,7.54,8.2,8.17,8.08,7.93,6.84,8.32,8.17,8.37,8.46,8.03,7.41
ALDH3A2,9.16,9.27,9.17,9.21,9.11,9.14,9.04,9.13,9.4,9.19,8.99,9.19,9.42,7.91,9.37,9.21,9.32,9.25,9.32,9.28,9.59,9.37,9.35,9.31,9.25,9.49,9.17,9.08,9.26,9.15,6.32,8.38,9.23,9.2,9.11,9.2,9.35,9.36,9.24,9.11,9.18,8.86,8.98,7.43,9.32,9.32,9.11,9.18,9.38,6.71
ALDH3B1,4.76,5.7,4.8,5.09,4.89,4.74,5.12,4.54,4.98,5.01,5.27,5.31,5.31,7.35,4.84,4.63,4.64,4.65,4.71,4.79,5.52,5.26,5.29,4.85,4.85,4.61,4.86,4.97,5.01,5.47,5.2,5.15,5.14,4.62,4.91,4.87,4.65,4.41,4.64,4.6,4.85,5.11,4.88,5.88,5.03,5.07,5.34,4.56,5.04,6.12
ALDH3B1,4.36,4.34,4.53,4.77,4.58,4.6,4.82,4.74,4.24,4.44,4.55,4.34,4.12,5.22,4.62,5.11,4.17,4.82,4.74,4.19,5.21,4.37,4.15,4.86,4.8,4.88,4.89,4.54,4.66,5.63,4.57,5.83,4.89,4.68,4.45,4.67,4.41,4.45,5.15,4.55,4.81,4.82,5.24,6.4,4.4,4.85,5.01,4.7,4.56,6.4
ALDH3B1,4.44,4.31,4.43,4.67,4.48,4.75,4.41,4.32,4.47,4.42,4.54,4.52,4.46,4.65,4.78,4.81,4.59,4.63,4.75,4.72,4.47,4.37,4.52,4.76,4.72,4.3,4.57,4.44,4.3,4.64,5.55,4.99,4.53,4.54,4.52,4.57,4.65,4.58,5.75,4.56,4.99,4.78,4.76,5.05,4.34,4.6,4.78,4.74,4.46,4.89
ALDH3B2,3.49,3.83,3.42,3.67,3.65,3.67,3.79,3.65,3.72,3.59,3.73,3.57,3.69,3.8,3.61,3.48,3.68,3.55,3.34,3.41,3.96,3.65,3.75,3.51,3.52,3.59,3.37,3.62,3.69,3.69,4.04,4.9,3.66,3.43,3.72,3.41,3.82,3.48,4.3,3.4,3.52,3.77,3.82,3.48,3.85,3.67,3.48,3.49,3.55,3.73
ALDH3B2,4.08,4.44,3.83,4.16,4.34,3.88,4.38,4.25,4.02,4.21,4.16,4.27,4.39,6.23,4.16,4.18,4.02,4.11,4.1,4.16,4.37,4.24,4.21,3.86,3.84,4.11,4.05,4.2,4.37,4.22,5.34,4.17,4.16,3.95,4.11,4.27,3.86,3.87,4.52,3.98,3.78,4.11,4.04,4.54,3.89,4.44,4.28,4,4.38,4.73
ALDH3B2,4.62,4.38,4.26,4.24,5.15,4.21,4.58,4.39,4.24,4.06,4.35,4.23,4.48,4.26,4.14,4.11,4.11,4.68,4.19,4.36,4.16,4.38,4.14,4.32,4.44,4.14,4.95,4.32,4.37,3.7,4.48,4.33,4.33,4.25,4.18,4.38,4.17,4.14,4.07,4.23,4.49,4.51,4.15,5.69,4.5,4.18,4.72,4.11,4.34,4.89
ALDH3B2,4.12,4.07,4.03,3.99,4.62,4.39,4.22,4.02,3.92,4.13,4.13,4.08,4.08,4.49,4.15,4.34,4.03,4.11,4.31,4.2,4.15,4.17,4.05,4.36,4.09,4.01,4.1,4.06,4.4,3.94,4.13,4.93,3.99,4.17,4.1,4.31,4.45,4.03,4.31,4.11,4.37,4.53,4.31,4.31,5.03,4.32,4.44,4.03,3.98,4.96
ALDH4A1,5.03,5.08,5.22,5.31,5.14,5.03,4.28,5.33,5.26,5.3,5.11,4.89,5.18,4.77,5.08,5.03,5.35,5.2,5.54,5.67,5.16,5.06,5.05,5.42,4.94,5.26,5.57,5.4,5.09,4.42,6.71,5.79,5.51,5.52,5.37,5.1,4.92,5.3,5.77,5.34,4.96,4.79,4.92,4.79,4.78,4.9,4.96,5.14,4.77,5.97
ALDH4A1,8.41,8.58,8.48,8.47,8.79,8.85,8.27,8.6,8.5,8.39,8.72,8.42,8.6,7.64,8.47,8.27,8.49,8.53,8.43,8.39,8.46,8.58,8.88,8.48,8.56,8.57,8.54,8.24,8.79,8.25,6.75,7.57,8.56,8.63,8.55,8.56,8.56,8.59,8.47,8.65,8.57,8.45,8.51,7.1,7.99,8.2,8.25,8.44,8.83,7.39
ALDH5A1,7.5,7.69,7.6,7.8,7.82,7.36,7.55,8.03,7.87,7.86,7.53,7.65,7.77,6.26,7.27,7.07,7.34,7.78,7.89,8.02,7.25,7.11,7.21,7.14,7.23,7.1,7.64,7.6,7.52,7.36,7.45,6.63,6.93,6.98,7,7.48,7.56,7.37,7.08,7.48,7.52,7.78,7.74,7.14,7.4,7.39,7.4,7.62,7.69,6.2
ALDH5A1,6.53,6.42,6.88,6.71,6.9,6.66,6.81,6.86,6.7,6.74,6.68,6.63,6.55,5.66,6.23,6.19,6.18,6.91,6.97,6.95,6.02,6.49,6.17,6.21,6.41,6.36,6.83,6.98,6.46,5.7,5.38,4.92,6.14,6.17,6.17,6.55,6.71,6.43,6.48,6.8,6.73,6.62,6.59,6.37,6.18,5.7,6.26,6.7,6.8,5.84
ALDH6A1,8.65,8.5,8.72,8.67,8.31,8.46,8.35,8.29,8.84,8.63,8.69,8.69,8.52,7.46,8.6,8.32,8.49,8.59,8.89,8.69,8.73,8.72,8.83,8.64,8.66,8.62,8.73,8.62,8.47,7.25,6.72,7.11,8.49,8.44,8.59,8.6,8.06,8.25,8.4,8.69,8.62,8.5,8.53,6.05,8.82,8.62,8.51,8.66,8.47,7.12
ALDH7A1,3.42,3.44,3.52,3.48,3.61,3.55,3.61,3.78,3.72,3.53,3.63,3.48,3.42,4.11,3.61,3.62,3.6,3.36,3.82,3.62,3.78,3.42,3.22,3.44,3.53,3.71,3.62,3.4,3.42,4.71,4.13,4.74,3.72,3.44,3.55,3.6,3.51,3.64,4.05,3.6,4.08,3.54,3.77,4.68,3.33,4.75,3.64,3.56,3.62,5.36
ALDH7A1,3.32,3.39,3.34,3.42,3.99,3.52,3.47,3.5,3.34,3.33,3.48,3.52,3.54,4.15,3.33,3.46,3.34,3.53,3.35,3.32,3.64,3.37,3.38,3.62,3.7,3.46,3.38,3.28,3.53,4.26,4.99,4.95,3.38,3.39,3.51,3.43,3.51,3.75,3.65,3.67,3.52,3.55,3.46,4.41,3.34,4.21,3.55,3.3,3.39,3.74
ALDH7A1,3.98,4.19,4,3.94,4.48,3.84,3.5,3.97,4.03,4.12,4,4.37,4.25,4.32,3.75,4.1,4.13,3.79,3.91,4.12,4.09,4.22,3.87,3.99,3.83,3.75,4.23,3.95,3.89,4.89,4.33,4.26,3.92,3.94,4.19,3.93,3.95,3.93,3.82,3.85,3.86,4.07,4.6,4.48,3.65,4.36,4.06,3.84,3.86,4.04
ALDH7A1,3.64,3.4,3.71,3.5,3.6,3.58,3.82,3.53,3.28,3.6,3.56,3.48,3.43,4.1,3.78,3.74,3.4,3.65,3.78,3.57,3.73,3.65,3.65,3.48,3.53,3.46,3.35,3.56,3.4,4.6,5.44,4.37,3.52,3.57,3.59,3.37,4.03,3.8,3.69,3.94,3.67,3.6,3.63,4.48,3.8,3.97,3.99,3.61,3.44,4.66
ALDH8A1,3.85,3.84,3.76,4.11,3.96,4.36,3.59,3.94,4.05,3.94,3.99,3.86,4.22,4.28,3.87,4.17,3.92,4.17,3.87,3.79,4.18,3.99,4.23,4.08,4.25,3.82,3.73,3.84,3.78,3.92,4.25,5,3.88,3.83,3.93,3.94,4.08,3.91,4.65,3.97,4.02,4.16,4.01,4.77,3.97,3.96,3.79,3.89,3.96,4.58
ALDH8A1,4.8,4.88,4.33,4.98,4.68,4.53,5.19,4.7,4.68,4.81,5.07,4.84,4.97,5.6,4.7,4.41,4.53,4.71,4.86,4.66,4.78,5.02,4.91,4.65,4.89,4.46,4.46,4.7,5.21,5.44,7.44,5.41,4.38,4.45,4.35,4.6,4.56,4.34,5.35,4.68,4.81,4.63,4.9,4.78,4.74,4.88,4.51,4.98,4.93,5.14
ALDH9A1,10.07,10.06,9.83,9.73,9.92,9.92,10.13,10.06,10.07,10.08,10.02,9.92,9.99,9.19,9.63,9.78,9.7,9.85,9.87,9.79,9.81,9.86,9.8,9.58,9.68,9.66,9.88,9.92,10.2,10.58,8.77,8.88,9.81,9.91,9.87,9.62,9.73,9.55,9.42,9.81,9.94,9.85,9.71,8.18,9.79,9.92,9.98,9.89,10.01,7.57
ALDH9A1,8.34,7.97,8.14,8.29,7.08,7.65,8.11,8.3,8.25,8.52,7.69,8.36,8.36,7.59,8.11,7.97,8.02,8.06,8.14,8.28,8.07,8,7.74,8.03,8.03,7.95,8.23,8.24,8.02,6.35,7.08,7.61,8.27,8.35,8.19,7.97,7.94,8.03,7.25,8.09,7.92,7.74,7.27,5.85,8.06,7.81,8.11,8.21,8.2,8.76
ALDH9A1,8.13,7.84,8.05,7.78,7.69,7.04,7.65,7.94,7.99,8.29,7.85,7.92,8.13,7.71,7.87,7.65,7.91,7.92,7.89,7.98,7.91,7.89,7.57,7.85,7.63,8.22,7.9,7.99,7.65,8.3,7.7,7.98,7.85,8.01,7.97,7.69,7.33,7.84,7.86,7.92,7.68,7.55,7.5,7.82,7.83,7.44,8.13,8.05,7.82,7.18
ALDOA,12.89,13.01,13.01,12.93,12.85,12.88,12.81,12.9,12.96,13,12.78,12.79,12.8,11.65,12.75,12.62,12.79,12.84,12.91,12.84,12.82,12.67,12.77,12.78,12.72,12.78,12.99,12.91,12.95,12.68,11.13,11.94,12.82,12.87,12.87,12.73,12.7,12.8,12.69,12.9,12.8,12.67,12.71,11.24,12.57,12.51,12.59,12.84,12.88,11.11
ALDOA,12.94,12.95,13.06,12.95,12.85,12.86,12.87,13,12.91,12.98,12.71,12.84,12.76,11.32,12.75,12.68,12.8,12.89,12.89,12.86,12.8,12.7,12.74,12.82,12.78,12.78,13.01,12.93,12.88,12.55,11.37,11.75,12.89,12.96,12.94,12.77,12.71,12.79,12.76,12.88,12.85,12.66,12.69,11.63,12.6,12.57,12.58,12.82,12.75,11.48
ALDOAP2,4.07,3.95,4.15,4.21,3.98,4.16,4.15,3.79,3.95,4.01,4.28,4.33,4.14,5.99,4.41,3.87,4.15,4.26,4.14,4.29,4.38,3.84,3.95,4.49,4.24,3.99,4.52,4.06,3.83,4.01,5,5.93,3.92,3.81,4.17,3.89,3.9,3.94,4.15,3.58,3.91,4.21,4.57,5.72,3.79,3.95,4.56,4.12,4.1,4.9
ALDOB,3.64,3.52,3.63,3.5,3.76,3.63,5.17,3.62,3.52,3.51,3.47,3.33,3.43,4.03,3.55,3.53,3.5,3.67,3.4,3.31,3.72,3.45,3.34,3.49,3.7,3.5,3.44,3.43,3.55,4.95,6.86,5.43,3.56,3.5,3.61,3.37,3.49,3.31,4.15,3.41,3.57,3.34,3.74,4.78,3.41,3.4,3.27,3.44,3.79,4.68
ALDOB,3.44,3.41,3.34,3.33,3.7,3.58,3.93,3.31,3.31,3.34,3.43,3.39,3.44,6.1,3.31,3.37,3.34,3.67,3.39,3.37,3.31,3.59,3.31,3.24,3.27,3.38,3.38,3.33,3.62,4.33,5.28,4.1,3.45,3.48,3.38,3.26,3.46,3.23,3.58,3.3,3.34,3.47,3.38,4.07,3.48,3.8,3.26,3.31,3.4,3.71
ALDOB,3.96,4.13,4.01,4.29,4.11,4.27,4.45,4.18,4.06,3.98,4.09,4.22,4.31,4.64,3.89,4.26,4.02,4.13,3.76,4.13,4.05,4.1,4.02,3.77,4.01,3.99,3.96,4.05,4.16,3.95,6.03,4.14,4.04,3.99,4.12,3.9,3.98,3.73,4.69,4.43,4.36,4.14,4.12,4.14,4.31,4.55,4.16,4.12,4.1,5.1
ALDOB,3.97,4.03,4.06,4.15,4.14,4.54,4.02,4.41,4.09,3.97,4.49,4.17,4.19,5.18,4.24,3.99,4.1,3.95,4.28,3.92,4.13,3.99,3.98,3.9,4.01,3.79,4.34,4.09,4.18,4,4.34,4.16,4.05,4.12,4.19,3.97,4.11,3.85,4.11,4,4.1,4.26,4.88,4.4,4.11,4.5,3.81,4.27,4.35,5.34
ALDOC,5.82,5.5,5.75,5.83,5.54,6.62,6,6.29,5.68,5.91,5.62,5.36,5.54,5.17,5.5,5.63,5.3,5.58,5.87,5.48,5.86,5.52,5.49,5.87,5.64,5.57,5.65,5.98,5.75,5.75,7.48,6.13,5.83,6.01,5.96,5.39,5.69,5.64,5.93,5.8,6.48,5.58,5.55,4.97,6.35,6.71,6.5,6.1,5.95,6.19
ALDOC,6.68,6.29,6.9,6.46,7.04,6.9,7.04,6.91,6.47,6.42,6.42,6.43,6.19,6.58,6.11,6.15,6.13,6.62,6.45,6.11,6.17,6.33,6.11,6.35,6.21,6.6,6.76,6.63,6.51,5.71,5,7.14,6.73,6.85,6.87,6.45,6.27,6.26,6.21,6.81,6.7,6.18,6.33,6.34,6.86,6.85,6.58,6.66,6.74,6
ALDOC,7.54,7.29,8.01,7.78,7.86,8.04,7.64,7.61,7.81,7.74,7.5,7.43,7.06,7.68,7.2,7.2,7.41,7.25,7.67,7.61,7.16,7.45,7.46,7.3,7.41,7.76,7.89,7.71,7.5,7.83,6.58,6.77,7.77,7.59,7.75,7.34,7.21,7.27,7.38,7.96,7.83,7.47,7.4,6.65,8.11,8.34,8.1,7.77,7.69,5.67
ALDOC,6.16,5.76,6.15,6.24,6.56,6.37,6.77,6.64,6.02,6.05,6.17,6.07,5.99,6.51,5.85,6.33,6.02,6.04,5.98,6.16,6.01,6.5,6.05,6.41,6.12,6.16,6.28,6.2,5.78,6.16,5.83,7.03,6.19,6.33,6.39,6.22,6.15,6.17,6.21,6.42,6.15,6.06,5.73,5.6,6.54,6.48,6.32,6.41,6.11,6.52
ALDOC,6.64,6.35,6.22,6.62,6.83,6.55,6.85,6.62,6.42,6.61,6.53,6.38,6.22,6.52,6.07,6.28,6.12,6.37,6.17,6.23,6.54,6.47,6.09,6.37,6,6.37,6.22,6.47,6.27,5.8,6.45,6.57,6.47,6.44,6.53,5.94,5.98,5.88,6.01,6.44,6.19,6.3,6.18,5.98,6.38,6.42,6.39,6.28,6.67,6.03
ALG1,4.78,5.47,4.88,4.96,5.08,4.95,5.28,5,4.97,5.12,5.48,5.03,4.93,5.63,5.29,4.96,5.07,5.3,5.16,5.06,4.84,5.32,5.31,5.02,5.07,5.22,5.1,5.18,5.14,4.99,6.02,5.91,4.88,4.98,4.74,4.93,4.83,5.21,5.05,4.95,5.21,4.98,4.77,4.98,5.15,4.85,5.14,4.96,4.94,5.56
ALG10 /// ALG10B,6.61,6.33,6.54,6.57,6.1,6.14,5.53,6.25,7.01,6.78,6.39,6.67,6.5,4.4,6.18,6.21,6.36,6.28,6.7,6.72,5.82,6.33,6.48,6.32,6.01,6.1,6.58,6.74,6.29,4.9,4.54,4.93,6.1,6.52,6.23,6.4,5.74,6.48,5.95,6.38,6.51,5.92,6.47,6.21,5.93,5.95,6.4,6.77,6.62,5.3
ALG10 /// ALG10B,6.99,7.03,7.01,6.82,7.16,7.02,6.13,6.88,6.91,6.94,6.98,6.86,6.65,6.19,6.92,6.82,6.94,7,7.01,7.13,6.78,6.84,6.96,6.93,7.28,6.7,6.88,6.89,6.92,7.9,6.39,6.36,6.78,6.97,7.16,7.01,6.96,6.87,6.01,7.37,7.11,6.75,6.73,6.96,6.64,6.54,7.08,6.9,6.96,7.05
ALG10 /// ALG10B,6.74,6.82,6.56,6.73,5.67,5.96,4.69,6.22,6.79,6.68,6.88,6.81,6.57,4.8,6.43,6.16,6.55,6.42,6.46,6.58,6.5,6.61,6.49,6.13,6.38,6.05,6.46,6.65,6.31,5.02,6.78,4.3,6.31,6.41,6.47,6.39,6.07,6.32,5.87,6.42,6.51,6.12,6,6.17,6.37,6.4,6.16,6.47,6.77,5.28
ALG10B,6.19,6.32,6.05,6.25,5.96,5.88,5.12,5.82,6.34,6.25,6.5,6.03,6.16,5.74,6.52,6.59,6.4,6.02,6.08,6.27,5.89,6.45,6.99,6.18,6.11,6.35,6.36,6.13,6.03,6.06,5.34,5.8,6.17,6.09,6.15,6.68,6.37,6.37,5.81,5.95,6.37,6.3,6.02,5.63,6.33,5.88,6.12,6.06,6.44,5.6
ALG11 /// UTP14C,7.5,7.71,7.48,7.35,7.32,7.86,7.66,7.27,7.57,7.71,7.44,7.49,7.44,8.19,7.72,7.91,7.82,7.7,7.7,7.59,7.78,7.86,7.46,7.79,7.68,7.7,7.67,7.76,7.62,6,6.75,8.29,7.68,7.2,7.78,7.71,7.14,7.11,7.47,7.63,7.56,7.6,7.92,6.29,7.69,7.07,7.3,7.33,6.9,7.39
ALG11 /// UTP14C,7.87,7.57,7.77,7.85,7.92,7.78,7.52,7.53,7.82,8.1,7.88,7.65,7.33,7.24,8.14,7.77,8.05,7.83,7.94,7.85,7.74,8.03,7.82,8.15,7.9,7.91,7.57,7.99,7.81,6.91,7.97,6.87,7.95,8.09,8.14,8.2,7.71,7.71,7.14,8.1,7.93,7.47,7.37,6.92,7.89,7.61,7.74,7.98,7.76,6.33
ALG12,7.14,7.07,7.26,7.18,7.68,7.55,7.54,7.54,7.16,7.29,7.25,7.2,7.16,6.96,7,6.9,7.17,7.19,7.18,7.28,7.23,6.99,7.14,7.11,7.31,7.18,7.22,7.24,7.42,7.32,7.11,6.74,7.09,7.13,6.89,7.11,7.25,7.22,7.14,7.45,7.37,7.26,7.47,7.33,6.91,7.11,6.96,7.15,7.4,6.83
ALG13,9.16,9.09,9.18,9.17,8.77,8.63,7.82,9.07,9.3,9.27,8.87,9.31,9.15,6.89,9.29,9.24,9.23,9.15,9.16,9.27,9.13,9.18,8.96,9.27,9.33,9.25,9,9.23,8.7,7.59,4.66,7.34,9,9.2,9.1,9.29,8.93,9.28,8.28,9.13,9.02,8.71,8.2,6.28,9.25,8.96,9.35,9.26,8.96,7.12
ALG13,9.7,9.64,9.62,9.67,9.17,9.18,8.95,9.59,9.7,9.71,9.4,9.83,9.72,8.27,9.71,9.56,9.67,9.67,9.68,9.75,9.64,9.7,9.55,9.69,9.8,9.77,9.59,9.72,9.45,9.09,6.33,7.75,9.5,9.74,9.63,9.71,9.54,9.86,8.67,9.56,9.65,9.2,9.02,7.58,9.8,9.57,9.92,9.67,9.58,8.15
ALG13,8.36,8.81,8.33,8.34,8.18,8.4,8.14,8.14,8.76,8.56,8.68,8.57,8.72,7.78,8.55,8.39,8.6,8.39,8.4,8.48,8.56,8.59,8.86,8.42,8.49,8.66,8.51,8.37,8.41,7.85,6.84,6.87,8.06,8.15,8.1,8.56,8.24,8.38,8.14,8.48,8.41,8.03,8.13,7.25,8.67,8.43,8.54,8.56,8.72,7.65
ALG13,6.77,6.99,6.76,7.05,5.58,6.27,5.68,7.16,6.64,6.79,6.7,6.76,6.77,6.01,6.5,6.74,6.69,6.39,6.86,6.67,6.69,6.75,6.86,6.59,6.57,6.65,6.67,6.74,6.94,6.49,5.02,5.64,7.02,6.89,6.61,6.55,6.28,6.76,6,6.93,6.87,7.26,7.26,5.37,6.6,7.19,6.66,6.76,6.55,6.02
ALG13,8.68,8.96,8.65,8.83,8.66,8.56,8.28,8.49,8.85,8.58,9.15,8.69,8.84,8.52,8.7,8.44,8.33,8.37,8.56,8.56,8.7,8.65,9.3,8.61,8.79,8.57,8.6,8.71,8.78,6.85,5.86,7.13,8.12,8.3,8.26,8.38,8.17,8.41,8.73,8.83,8.87,9.06,9.01,8.8,8.7,8.69,8.6,8.72,8.79,7.35
ALG14,8.11,8.15,8.15,8.05,7.94,8,7.88,7.88,8.05,8.12,7.94,8.11,7.97,7.48,7.53,7.39,7.48,7.48,7.61,7.65,7.98,7.92,7.82,7.7,7.73,7.71,8.01,8.05,7.98,6.97,6.29,6.57,7.33,7.34,7.46,7.41,7.34,7.71,7.83,7.94,7.95,7.62,7.64,6.85,8.06,7.81,8.16,8.11,7.98,7.02
ALG1L,3.93,3.84,4.17,3.8,3.83,3.82,3.92,4.13,3.98,3.91,3.8,3.84,3.74,5.16,3.74,3.55,3.82,3.9,4.06,4,3.98,3.9,3.97,3.89,4,3.75,4.23,3.86,4.08,4.3,4.2,4.75,3.96,3.99,3.94,3.94,3.88,4.13,4.19,4.06,3.93,3.97,3.87,4.48,4,4.06,4.02,3.94,4.12,4.02
ALG2,6.08,5.45,6.23,6.55,6.08,6.58,6.11,6.68,6.26,6.47,5.33,6.35,5.83,5.41,6.34,6.48,6.2,6.76,6.35,6.62,5.85,6.27,5.55,6.29,6.56,6.31,6.31,6.42,5.4,5,5.28,5.17,5.83,6.12,6.05,6.22,5.54,6.33,6.51,6.27,6.27,5.73,5.82,5.42,6.41,5.99,6.55,6.76,5.9,5.16
ALG2,6.3,6.55,6.28,6.2,6.22,6.18,4.78,6.29,6.46,6.34,6.55,6.43,6.23,6.34,6.28,5.76,6.21,6.21,6.2,6.22,6.15,6.13,6.35,6.33,6.26,5.99,6.17,6.59,6.3,4.21,4.81,5.97,5.87,5.94,5.93,6.12,5.97,6,5.33,6.42,6.35,5.65,5.72,4.61,6.13,6.27,6.5,6.43,6.37,5.91
ALG2,10.53,10.58,10.58,10.52,10.8,10.59,10.17,10.35,10.66,10.58,10.8,10.62,10.53,10.37,10.53,10.29,10.48,10.47,10.47,10.41,10.4,10.45,10.58,10.42,10.43,10.31,10.6,10.61,10.73,10.18,9.59,8.89,10.15,10.23,10.23,10.36,10.35,10.19,10.29,10.51,10.56,10.33,10.39,10.48,10.49,10.5,10.47,10.64,10.7,10.42
ALG3,9.45,9.21,9.55,9.58,9.77,9.74,9.27,9.7,9.4,9.42,9.06,9.37,9.21,8.87,9.29,9.34,9.31,9.68,9.64,9.65,9.15,9.06,8.78,9.3,9.31,9.18,9.71,9.7,9.39,8.59,7.49,9.53,9.13,9.16,9.2,9.42,9.59,9.37,9.26,9.57,9.49,9.63,9.65,8.4,9.81,9.76,9.84,9.53,9.36,9.38
ALG3,8.99,8.8,9.07,9.06,9.14,9.07,8.59,9.09,9.07,9.06,8.69,8.86,8.79,8.43,8.81,8.84,8.82,9.15,9.08,9.05,8.72,8.7,8.48,8.68,8.79,8.66,9.12,9.18,9.05,7.8,9.28,8.7,8.69,8.67,8.66,8.83,8.97,8.87,8.4,8.88,9,8.97,8.94,7.57,9.25,9.18,9.26,8.99,9.01,7.78
ALG5,10.35,10.55,10.48,10.46,10.64,10.64,10.28,10.19,10.42,10.37,10.65,10.4,10.37,9.88,10.3,10.27,10.37,10.52,10.47,10.34,10.29,10.29,10.38,10.24,10.18,10.27,10.47,10.51,10.57,10.54,10.38,9.88,10.33,10.45,10.25,10.3,10.39,10.3,10.45,10.49,10.46,10.23,10.46,10.02,10.55,10.54,10.45,10.52,10.5,9.49
ALG6,3.99,3.89,3.92,4.08,3.85,4.02,3.97,3.89,3.95,3.76,3.93,3.98,3.96,4.44,3.95,3.91,3.71,3.86,4,3.88,4.12,4.04,3.87,3.66,3.54,3.73,3.74,3.9,3.93,3.73,5.19,4.03,3.83,4.08,3.75,3.85,3.77,3.73,4.02,4.1,4.28,4.1,3.97,4.94,3.63,4.13,4.11,3.9,4.08,4.82
ALG6,9.52,9.41,9.41,9.46,9.35,9.27,8.98,9.33,9.58,9.5,9.46,9.5,9.24,7.99,9.38,9.22,9.28,9.2,9.37,9.38,8.95,9.26,9.19,9.24,9.16,9.01,9.43,9.63,9.34,8.78,6.31,6.84,9.28,9.51,9.35,9.39,9.12,9.39,9.14,9.39,9.34,9.35,9.19,7.49,9.05,9.25,9.55,9.44,9.33,7.76
ALG6,3.94,4.16,4.14,4.31,4.01,3.91,4.34,3.85,4.11,4.18,4.41,4.06,3.94,4.24,3.96,3.98,3.9,3.73,3.81,4.06,4.16,4.09,4.02,3.93,4.03,3.79,3.98,4.34,3.99,4.26,5.23,3.87,3.94,4.05,4.03,4.4,4.04,3.87,4.23,3.97,3.61,3.94,3.61,5.16,3.87,3.86,4.28,3.91,4.46,4.07
ALG8,9.63,9.51,9.56,9.68,9.54,9.6,9.15,9.7,9.77,9.63,9.34,9.6,9.74,8.33,9.3,9.33,9.28,9.7,9.68,9.8,9.12,9.19,9.15,9.1,9.06,9.11,9.65,9.74,9.49,9.45,7.97,9.08,9.12,9.19,9.11,9.33,9.16,9.35,8.53,9.57,9.64,9.22,9.38,8.89,9.31,9.28,9.41,9.77,9.83,7.43
ALG9,8.3,8.11,8.46,8.32,8.74,8.22,8.76,8.38,8.33,8.31,8.11,8.18,8.13,6.14,8.24,8.4,8.34,8.36,8.35,8.2,8.09,8.1,7.98,8.14,8.18,8.19,8.49,8.22,8.37,8.2,7.2,5.91,8.22,8.56,8.38,8.38,8.47,8.46,8.34,8.29,8.41,8.35,8.49,6.75,8.45,8.12,8.38,8.46,8.45,6.02
ALG9,5.64,5.63,5.82,5.74,5.47,5.56,5.04,5.17,5.68,5.92,5.6,5.62,5.89,5.44,6.08,6.4,6.13,5.82,5.65,5.5,5.36,5.7,5.86,5.45,5.9,5.77,5.59,5.5,5.79,5.38,4.4,5.36,6.16,6.07,5.81,6.22,5.66,6.08,4.99,5.67,5.42,5.76,5.68,3.99,5.41,5.54,6.28,5.39,5.99,4.24
ALG9,7.76,7.93,7.97,8.05,8.26,8.14,8.1,8.28,8.01,8.08,8.27,7.94,7.61,7.62,8.69,8.47,8.49,8.04,8.21,8.17,7.68,7.96,8.04,8.28,8.24,8.23,8.02,8.13,8.08,7.57,5.78,7.54,8.21,8.43,8.53,8.64,8.33,8.51,8,8.33,8.04,8.24,8.32,8.24,8.13,8.09,8.21,8.15,7.98,7.94
ALG9,7.36,6.98,7.63,7.35,7.63,7.54,7.07,7.54,7.51,7.42,7.54,7.13,7.1,7.02,7.55,7.48,7.43,7.37,7.58,7.67,7.24,7.12,7.28,7.53,7.38,7.36,7.58,7.63,7.36,8.53,6.14,7.38,7.36,7.61,7.66,7.65,7.52,7.86,7.12,7.82,7.7,7.48,7.31,7.25,7.38,7.91,7.3,7.53,7.48,5.92
ALG9,4.71,4.72,5.3,4.87,4.71,5.23,4.78,4.89,4.86,4.7,4.74,5.03,5.09,6.94,4.89,4.78,4.9,5.18,4.94,4.97,4.98,4.8,4.79,5.06,5.02,4.57,4.78,4.83,4.96,5.14,6.16,6.51,4.86,4.78,5.28,4.74,5.03,5.23,4.99,5.01,4.6,4.91,5.55,5.97,5.17,4.92,4.61,4.81,5.12,5.03
ALK,4.32,4.39,4.77,4.55,4.38,4.46,5.14,4.37,4.23,4.26,4.5,4.3,4.49,4.09,4.56,4.4,4.69,4.11,4.36,4.36,4.44,4.55,4.39,4.43,4.6,4.81,4.26,4.51,4.46,5.38,4.54,3.88,4.41,4.56,4.56,4.38,4.61,4.35,4.54,4.31,4.33,4.55,4.44,4.11,4.2,4.57,4.66,4.15,4.23,4.4
ALK,3.83,3.92,3.86,3.75,3.86,4.54,4.88,4.18,3.9,3.81,3.99,3.86,3.83,4.3,3.93,4.38,3.88,3.88,3.78,4.14,4.02,3.98,4.09,4.05,4.11,3.86,4.05,3.89,4.18,4.56,4.14,5.4,4.05,3.76,4.12,4.02,3.95,3.86,4.68,4.08,4.27,4.68,4.43,5.35,3.8,4.07,4.03,3.97,3.97,4.48
ALKBH1,8.35,8.29,8.52,8.55,8.57,8.37,8.38,8.43,8.43,8.46,8.52,8.45,8.3,6.48,8.84,8.63,8.77,8.57,8.74,8.7,8.42,8.51,8.31,8.77,8.76,8.58,8.41,8.6,8.38,7.14,4.46,5.55,9,8.97,9.09,8.85,8.62,8.83,7.56,8.61,8.38,8.35,8.24,6.53,8.32,8.21,8.52,8.68,8.6,7.14
ALKBH1,6.09,5.42,5.94,5.96,5.85,5.65,6.57,5.81,6.03,5.93,5.73,5.89,5.78,4.78,6.46,6.24,6.6,6.24,6.17,6.63,6,6.09,5.99,6.17,6.55,6.1,5.89,6.23,5.59,4.74,5.23,5.45,6.1,6.26,6.24,6.3,5.69,6.13,4.09,6.3,5.99,6.11,5.71,5.28,5.76,5.86,6.07,6.01,6.21,6.44
ALKBH2,7.29,6.91,7.41,7.42,7.37,7.47,6.36,7.36,7.36,7.21,7.13,7.08,6.92,5.58,7.13,6.97,7.22,7.43,7.53,7.39,6.57,6.65,6.62,7.06,6.92,7.33,7.6,7.36,7.02,5.25,4.71,6.16,6.91,7.28,6.99,7,7.12,7.39,6.22,7.27,6.97,7.36,7.34,5.16,7.54,7.35,7.45,7.14,7.29,6.17
ALKBH2,7.04,6.71,7.31,7.33,7.05,7.13,6.97,7.36,7.16,7.27,6.67,6.92,6.84,6.1,6.95,6.96,7.08,7.22,7.31,7.38,6.71,6.16,6.46,7,6.57,7.01,7.37,7.03,7.05,7.03,5.98,6.87,6.61,6.69,6.89,6.96,7.19,6.97,7.24,7.32,7,7.51,7.44,6.49,7.29,7.73,7.51,7.08,7.2,6.1
ALKBH3,7.53,7.29,7.56,7.46,7.01,7.42,7.95,7.56,7.61,7.47,7.28,7.43,7.37,4.46,7.68,7.21,7.73,7.69,7.65,7.68,7.4,7.24,7.59,7.5,7.55,7.63,7.65,7.31,7.5,6.32,6.84,6.67,7.5,7.43,7.4,7.83,7.71,7.77,7.02,7.59,7.5,7.3,7.45,5.95,7.85,7.63,7.74,7.75,7.65,6.12
ALKBH4,7.1,6.45,7.07,6.68,7.15,6.94,6.3,7.35,6.72,6.85,6.58,6.76,6.6,6.7,7.09,6.78,6.78,6.84,6.96,7.04,6.99,6.89,6.62,7.46,6.8,7.05,6.96,6.9,6.82,4.86,6.73,6.35,6.87,6.99,6.83,6.8,7.13,6.81,6.18,6.64,6.78,6.66,6.87,6.32,7.21,6.87,7.26,6.96,7.03,6.34
ALKBH5,6.07,5.65,6.28,6.23,6.14,6.25,6.4,5.86,5.98,6.11,5.58,5.8,5.76,7.15,5.99,6.27,6.08,6.25,6.05,6.11,6.35,5.9,5.74,6.31,6.24,5.81,6.29,6.13,6.1,5.31,5.63,6.48,6.15,5.86,6.31,6.11,5.97,6.41,5.88,6.23,5.9,5.73,6.59,6.01,6.05,6.17,6.09,5.88,5.67,6.6
ALKBH5,11.02,11.12,11.15,11.06,11.08,11.1,11.21,11.03,11.03,11.09,11.19,10.92,10.9,10.56,10.78,10.76,10.79,10.87,10.86,10.75,10.97,10.85,10.92,10.77,10.77,10.83,11.13,11.04,11.06,10.75,10.3,11,10.89,10.93,10.73,10.83,10.82,10.83,11.03,11.03,11.06,10.76,10.92,10.11,10.91,11,10.96,10.92,11.01,10.66
ALKBH5,8.75,7.9,8.52,8.54,7.08,7.74,7.95,8.69,8.6,8.67,7.42,8.4,8.07,6.97,8.55,8.32,8.25,8.44,8.32,8.68,8.19,8.26,7.69,8.65,8.35,8.36,8.38,8.69,7.59,5.05,7.5,5.78,8.33,8.56,8.36,8.22,7.88,8.42,7.47,8.3,8.05,7.66,6.95,6.59,7.93,7.3,8.29,8.42,7.94,7.12
ALKBH6,9.04,8.95,9.13,9,9.45,9.13,9.39,9.32,8.96,8.97,9.08,8.94,8.93,9.12,9.11,9.19,9.3,9.13,8.99,9.03,9.47,9.29,9.16,9.24,9.11,9.35,9.21,8.85,9.22,8.83,7.37,6.98,9.43,9.51,9.44,9.33,9.47,9.47,9.37,9.12,9.15,9.11,9.03,8.95,9.25,9.23,9.07,8.92,9.15,8.78
ALKBH6,8.92,8.7,9.17,8.96,9.02,8.98,8.88,9.16,8.83,8.99,8.5,8.89,8.83,6.9,9.08,9.26,9.28,8.97,9.14,9.17,9.24,9.01,8.74,9.27,9.09,9.25,9.04,8.89,8.98,6.3,5.68,6.22,9.53,9.48,9.5,9.15,9.37,9.42,9.57,8.93,9.05,8.82,9.02,8,9.06,9.04,8.95,8.85,8.84,7.03
ALKBH6,8.05,8.09,8.17,8.17,8.45,8.47,8.19,8.43,7.95,8.06,7.67,8.12,8.15,7.96,8.33,8.33,8.3,8.19,8.26,8.09,8.37,8.42,8.09,8.32,8.29,8.48,8.25,8.19,8.19,5.32,7.26,5.85,8.61,8.49,8.57,8.31,8.22,8.46,8.23,8.26,8.23,8.26,8.36,7.51,8.08,8.29,8.23,8.11,8.04,8.36
ALKBH7,4.46,4.34,4.56,4.5,4.75,4.27,4.97,4.27,4.43,4.52,4.43,4.38,4.43,5.14,3.98,4.52,4.13,4.63,4.63,4.14,4.81,4.4,4.46,4.31,4.31,4.5,4.4,4.56,4.63,5.32,4,5.89,4.68,4.2,4.25,4.25,4.67,4.5,4.5,4.23,4.54,4.73,4.99,4.78,4.25,4.94,4.22,4.47,3.98,5.52
ALKBH7,9.27,9.3,9.43,9.38,9.66,9.58,8.91,9.25,9.34,9.23,9.41,9.47,9.3,8.37,9.11,8.93,9.09,9.18,9.5,9.15,9.25,9.23,9.5,9.44,9.46,9.19,9.39,9.3,9.58,8.2,7,9.25,8.67,8.84,8.93,9.22,9.11,9.16,9.41,9.54,9.54,9.47,9.61,8.68,9.5,9.2,9.35,9.4,9.31,8.34
ALKBH7,7.71,7.69,8.03,7.84,8.22,8.36,7.71,7.88,7.78,7.7,7.91,7.9,7.74,7.7,7.59,7.59,7.49,7.83,8.02,7.64,7.64,7.97,7.87,7.82,8,7.68,8.01,7.87,7.93,6.55,6.07,7.93,7.34,7.27,7.44,7.61,7.54,7.82,8.14,8.11,8.08,8.05,8.34,7.89,7.84,7.98,7.91,7.92,7.9,8.98
ALKBH7,9.36,9.23,9.5,9.35,9.61,9.44,8.92,9.22,9.39,9.2,9.35,9.29,9.31,7.52,8.86,8.95,9.1,9.13,9.32,8.94,9.43,9.16,9.5,9.23,9.22,9.26,9.45,9.21,9.39,8.76,5.07,8.18,8.84,8.84,8.73,9.02,9.23,9.12,9.24,9.48,9.48,9.53,9.69,7.56,9.48,9.29,9.2,9.41,9.25,6.71
ALKBH8,6.98,6.5,6.49,6.4,6.33,6.77,7.01,6.62,6.83,6.73,6.73,6.37,6.29,6.32,7.28,7.18,6.88,6.88,6.65,7.01,6.78,6.35,6.34,7.1,6.74,6.49,6.49,6.69,6.38,6.68,6.65,6.41,6.91,6.46,7.13,7.2,6.66,6.38,6.98,6.57,6.29,6.7,6.39,6.63,6.5,6.8,6.91,6.35,6.3,6.43
ALKBH8,5.34,5.38,5.56,5.13,5.27,5.78,5.52,5.13,5.37,5.42,5.59,5.24,5.22,4.93,5.56,5.37,5.42,5.44,5.55,5.41,5.2,5.07,5.44,5.38,5.55,5.28,5.23,5.31,5.55,5.55,5.5,5.17,5.17,5.58,5.25,5.56,5.31,5.63,5.83,5.18,5.2,4.86,5.06,4.65,5.09,5.32,5.38,5.63,5.86,4.72
ALLC,4.01,3.79,4.07,3.74,3.9,4,3.7,4.46,4.09,3.93,3.87,3.93,3.97,3.77,3.8,3.82,4.02,3.76,3.85,4.43,4.01,4.07,3.81,3.79,4.26,4.29,3.8,4.12,3.87,5.1,3.78,4.46,4.17,3.82,4.01,3.78,4.41,4.15,4.3,3.86,3.92,3.77,3.98,4.66,4.41,3.76,4.47,3.9,4.07,4.43
ALMS1,7.34,7.45,7.33,7.4,7.43,7.45,8.23,7.46,7.45,7.37,7.2,7.08,7.2,6.92,7.05,7.27,7.18,7.43,7.38,7.5,7.36,7.17,6.97,7.15,7.11,7.23,7.43,7.28,7.52,8.24,7.15,7.18,7.07,7.07,7.06,7.06,7.45,7.05,7.47,7.28,7.41,7.71,7.75,7.75,7.59,7.76,7.31,7.43,7.46,6.93
ALOX12,4.35,4.27,4.22,4.21,4.2,4.19,4.2,4.37,4.1,4.22,4.46,4.41,4.29,4.23,4.02,4.35,3.88,4.32,4.1,4.36,4.38,4.26,3.91,4.32,4.25,4.48,4.26,4.11,4.3,5.91,7.49,6.03,4.65,4.29,4.39,4.02,4.16,4.25,6.44,4.12,4.43,4.06,4.8,6.14,4.02,4.4,3.86,4.16,4.25,6.17
ALOX12B,5.91,5.84,6.13,5.97,6.21,5.92,6.66,5.64,5.94,5.84,5.9,5.92,5.8,4.86,6.25,6.64,6.1,6.25,6.11,6.23,5.97,5.99,5.92,6.2,6.35,6.24,6.27,6.05,6.31,6.54,6.44,5.81,5.92,5.89,6.05,6.39,6.15,6.39,6.32,5.98,6.1,6.21,6,5.97,5.83,5.73,6.01,6.06,5.87,5.6
ALOX15,3.9,3.97,3.85,3.97,4.05,3.86,4.19,3.87,3.84,4.1,3.98,4,4.03,4.27,3.94,4.3,3.9,3.88,4.17,4.06,3.77,3.95,3.95,4.21,3.82,3.85,3.96,4.16,3.97,4.61,4.01,4.5,3.85,3.87,3.88,3.97,3.66,4.04,3.92,3.87,3.99,4.07,4.27,4.25,4.01,4.07,4.16,3.89,3.98,5.52
ALOX15,5.2,5.35,5.45,5.42,5.52,5.59,6.14,5.16,5.3,5.34,5.37,5.36,5.31,5.47,5.53,5.27,5.24,5.76,5.74,5.65,5.11,5.52,5.34,5.18,5.46,5.42,5.22,5.42,5.59,6.01,5.21,6.15,5.14,5.16,5.22,5.2,5.51,5.69,5.41,5.5,5.64,5.2,5.06,6.57,5.04,5.27,5.23,5.38,5.36,6.22
ALOX15,4.85,4.98,5.14,5.34,5.23,5.43,5.23,5.02,5.06,4.89,5.02,5.07,4.93,6.34,5.06,4.9,4.96,5,4.99,5.04,4.94,5.2,4.97,5.18,4.98,5.11,4.97,5.1,5.04,6.21,5.42,6.39,4.82,5.36,5.4,5.19,5.49,4.91,6.25,5.15,5.04,5.2,5.06,5.94,4.92,5.37,5.42,5.09,5.29,5.84
ALOX15B,4.09,3.94,3.95,3.83,4.05,3.74,4.27,3.74,3.98,4.06,4.25,3.97,4.01,3.96,4,4.05,3.87,3.88,3.88,4.02,3.95,3.66,4.05,3.94,4.33,3.81,3.88,4.07,3.99,4.52,4.05,4.41,3.82,3.87,4.09,3.67,4.41,3.75,4.12,3.81,3.87,4.1,3.92,4.29,4.2,4.24,4.13,4.09,4.26,4.74
ALOX15B,4,4.02,3.66,4.14,4.52,4.22,5.04,4.19,4.09,3.59,3.91,4.06,3.88,4.12,4.08,3.75,4.1,3.77,4.12,4.18,3.9,4.11,3.73,3.93,3.97,4.04,3.85,3.73,4.65,4.47,4.5,5.02,4,3.64,4.31,3.96,4.18,4.51,4.65,3.66,4.17,4.03,3.97,4.24,4.22,3.97,4.13,3.83,4.02,3.83
ALOX15B,3.68,3.67,3.75,3.89,4.22,3.84,4.41,4.05,3.7,3.85,3.87,4.01,3.76,3.9,4,3.96,3.91,4.06,3.73,3.63,3.88,3.83,3.73,3.85,4.18,4.19,4.04,3.93,3.96,4.88,4.24,3.87,4.11,3.83,4.11,3.96,3.79,3.66,4.41,4.19,3.83,4.28,3.97,4.26,3.88,3.63,4,4,3.94,3.99
ALOX15B,3.79,3.97,3.84,3.55,4.12,3.75,3.91,3.57,3.56,3.63,3.55,3.67,3.75,3.96,3.5,3.83,3.71,3.71,3.59,3.61,3.76,3.48,3.67,3.78,4,3.66,3.86,3.56,3.88,4.2,4.91,6.94,3.86,3.86,3.79,3.37,3.65,3.77,3.89,3.62,3.84,3.66,3.98,4.69,3.74,4.22,3.9,3.59,3.7,4.85
ALOX15B,3.86,3.98,3.95,3.87,3.86,3.82,3.85,3.99,4.09,3.93,4.13,3.98,4.34,4.15,4,3.59,3.95,3.74,3.71,3.8,4.05,3.88,3.79,3.68,3.97,3.62,3.76,3.75,4.12,4.82,4.92,3.71,3.96,3.93,3.79,3.93,4.17,3.84,3.85,3.64,3.84,4.23,4.23,5.39,3.93,3.65,3.88,3.59,4.29,5.21
ALOX5,3.67,3.55,3.63,3.7,3.59,3.79,3.92,3.58,3.74,3.77,3.78,3.58,3.6,3.73,3.62,3.72,3.7,3.75,3.63,3.55,3.82,3.52,3.55,3.76,3.41,3.69,3.93,3.66,3.7,4.09,4.61,3.95,3.54,3.55,3.65,3.83,3.93,3.71,3.69,3.63,3.96,3.57,3.57,4.55,3.7,3.55,3.74,3.61,3.56,3.85
ALOX5,4.14,3.78,3.52,3.76,4.25,3.96,3.92,3.93,3.84,3.72,3.84,3.8,3.66,4.1,3.77,4.33,3.74,3.58,3.79,4,3.88,3.94,3.74,3.89,3.57,4.01,3.98,3.95,3.83,4.31,3.82,3.98,3.94,3.91,3.58,3.6,3.74,3.7,4.7,4.06,3.94,3.73,4.09,4.61,3.61,3.57,3.8,3.91,3.69,3.82
ALOX5AP,4.84,4.86,4.69,5.04,4.32,4.5,4,4.77,4.95,4.91,5.26,4.85,4.61,4.96,5.09,4.92,4.8,5.16,5.12,5.2,4.47,4.51,4.65,4.75,5.07,4.67,4.78,5.05,4.56,4.53,5.19,5.34,4.44,4.73,5.25,4.97,4.38,5.16,4.67,5.25,5.06,4.84,4.97,5.26,4.83,4.97,4.78,4.9,4.47,5.97
ALOXE3,3.82,3.75,3.6,3.68,4.27,3.57,4.39,3.55,3.49,3.48,3.67,3.72,3.67,4.72,3.52,3.58,3.76,3.63,3.61,3.41,3.66,3.63,3.48,3.75,3.88,3.69,3.54,3.51,3.63,4.52,7.16,3.94,3.61,3.68,3.62,3.58,3.58,3.53,4.53,3.67,3.45,3.69,3.72,4.04,3.67,3.77,3.51,3.67,3.83,4.48
ALOXE3,5.36,5.29,5.47,5.49,5.51,5.15,6.07,5.54,5.44,5.1,5.54,5.29,5.17,7.89,5.65,5.44,5.37,5.48,5.52,5.52,5.25,5.35,5.37,5.46,5.48,5.21,5.34,5.46,5.44,5.37,6.21,5.71,5.31,5.13,5.54,5.48,5.36,5.48,5.17,5.43,5.14,5.4,5.24,7.03,5.03,5.83,5.66,5.42,5.32,7.61
ALOXE3,3.63,3.72,3.62,3.58,3.48,3.94,4.63,3.63,3.63,3.54,3.65,3.81,3.77,3.64,3.49,3.51,3.44,3.82,3.55,3.41,3.67,3.85,3.57,3.54,3.58,3.58,3.73,3.65,3.87,3.77,4.6,3.62,3.58,3.57,3.5,3.66,3.77,3.58,4.15,3.64,3.39,3.61,3.35,4.69,3.42,4.18,3.47,3.5,3.55,4.4
ALOXE3,4.35,4.36,4.17,4.28,4.09,4.53,4.55,4.19,4.44,4.17,4.3,4.3,4.16,5.14,4.28,4.02,4.42,4.06,4.48,4.43,4.41,4.16,4.2,4.46,4.21,4.18,4.28,4.52,4.3,4.81,5.05,4.49,4.34,4.15,4.63,4.38,4.32,4.48,4.35,4.57,4.5,4.3,4.44,4.98,4.12,4.54,4.59,4.24,4.26,4.82
ALPI,3.79,3.72,3.67,3.86,3.88,3.64,3.85,3.4,4.01,3.66,3.72,3.82,3.82,4.82,3.64,3.8,3.67,3.83,3.63,3.56,3.76,3.77,3.74,3.61,3.52,3.4,3.67,3.83,3.53,3.98,6.27,4.33,3.88,3.54,3.61,3.47,3.54,3.79,3.79,3.75,3.64,3.99,3.87,5.44,3.62,3.93,3.68,3.82,3.58,4.47
ALPI,4.03,3.88,4,3.69,3.77,3.85,4.53,4.04,3.76,3.93,3.99,3.98,3.87,4.85,3.99,3.9,4.04,3.7,4.47,3.97,4.02,4.09,3.92,3.97,4.19,4.17,4,4.05,3.99,4.69,6.43,5.41,4.03,4.25,4.1,3.76,4.39,3.96,4.6,3.83,4.24,4.1,4.45,4.32,4.3,4.02,4.06,3.94,4.21,5.71
ALPK1,5.14,5.1,5.37,5.15,5.19,5.02,5.05,4.98,4.99,5.25,5.28,5,4.89,4.75,5.25,5.28,5.09,4.95,5.06,4.85,5.32,5.28,5.22,5.34,5.06,5.37,5.18,5.35,5.01,5.08,7.01,5.37,4.95,4.94,5.15,5.21,4.91,5.38,5.63,5.26,5.16,5.93,5.27,5.41,5.96,5.81,5.66,5.47,5.35,5.18
ALPK1,3.8,3.88,4.03,3.82,3.93,3.79,3.46,4.03,4.06,4,3.9,4.02,3.96,5.4,4.29,3.66,3.82,3.73,3.89,3.9,4.42,4.19,4.15,3.88,3.58,3.8,4.09,3.89,4.28,4.41,4.75,4.16,4.23,4.27,3.75,3.8,4.37,4.04,4.57,4.11,3.96,3.89,3.85,5.1,4.4,4.39,3.95,3.97,3.85,5.37
ALPK1,5.51,5.62,5.32,5.41,5.08,5.45,5.1,5.04,5.17,5.17,5.28,5.42,5.31,6.33,5.29,5.32,5.14,5.13,4.92,5.04,5.37,5.61,5.36,4.96,5.25,5.12,5.55,5.53,5.77,5.26,5.69,5.41,5.24,5.24,5.2,5.21,5.51,4.89,5.52,5.22,5.07,5.41,6.45,5.12,5.24,5.25,5.08,5.21,5.11,6.23
ALPK2,4.51,4.44,4.7,4.52,4.29,4.38,4.11,4.49,4.66,4.36,4.64,4.35,4.22,5.47,4.79,4.35,4.17,4.38,4.07,4.67,4.41,4.51,4.53,4.3,4.52,4.18,4.42,4.69,4.21,3.71,5.76,5.08,4.29,4.37,4.49,3.99,4.42,4.71,4.18,4.4,4.19,5.03,4.95,4.25,4.34,4.46,4.28,4.59,5.01,5.82
ALPK3,4.21,4.36,4.05,4.52,4.64,4.22,4.94,4.27,4.49,4.29,4.71,4.43,4.41,5.38,4.46,4.38,4.45,3.95,4.26,4.13,4.17,4.39,4.6,4.07,4.22,4.11,4.39,4.33,4.27,4.87,3.92,4.19,3.93,4.32,4.71,4.5,4.24,4.15,4.51,4.54,4.41,5.1,4.78,4.58,4.25,4.2,4.44,4.28,4.38,4.41
ALPK3,4.18,4.01,4.31,4.17,4.27,4.17,4.05,4.4,4.22,4.34,4.39,4.2,4.04,4.56,4.37,4.42,4.4,4.38,4.01,4.18,4.18,4.16,4.31,4.43,4.39,4.21,4.23,4.4,4.29,4.51,4.77,4.64,4.23,4.08,4.4,4.46,4.11,4.49,4.84,4.42,4.35,4.73,4.51,4.3,4.66,4.9,4.46,4.66,4.15,5.37
ALPK3,4.77,4.57,4.66,4.67,4.75,4.91,4.82,4.38,4.6,4.74,4.68,4.74,4.76,5.5,4.82,4.56,4.78,4.65,4.78,4.63,4.86,4.86,4.66,4.42,4.81,4.42,4.44,4.48,4.74,4.92,4.6,6.45,4.47,4.72,4.82,4.49,4.81,4.53,4.87,4.74,4.55,4.8,4.65,4.83,4.57,4.45,4.88,4.98,4.95,5.51
ALPL,5.09,5.01,4.96,4.97,4.94,4.85,4.79,5.05,4.9,5.01,5.15,5.31,4.97,7.92,4.92,4.88,5.2,5.03,5.16,4.94,5.02,5.28,4.95,4.84,4.85,4.85,4.84,5.07,5.06,5.66,7,7.55,5.04,5.19,5,5.06,5.41,4.68,4.71,4.75,4.84,4.8,4.92,6.59,4.68,4.87,5.03,5.02,4.69,7.73
ALPL,5.14,5.02,4.84,4.84,5.09,4.75,5.02,4.7,5.05,4.82,5.3,5.17,4.9,5.64,4.95,5.32,5.11,5.12,5.31,5.05,5.15,5.23,5.1,4.85,4.93,4.88,4.96,5.5,4.9,5.27,4.96,6.37,5,4.93,5.13,5.12,4.92,4.74,5.5,4.85,4.54,4.85,4.77,5.58,4.87,4.9,5,5.04,4.87,5.75
ALPL,4.87,4.63,4.82,4.95,5.2,4.81,5.15,4.57,5.02,4.99,4.94,4.73,4.61,7.67,4.96,4.89,4.98,5.18,4.96,5.16,4.73,4.92,4.81,4.73,5.01,4.76,4.84,4.93,4.99,5.86,7.2,7.14,4.51,4.79,5.03,5.02,4.8,5.04,5.22,5.06,4.88,4.96,5.27,8.06,4.71,5.18,5.19,4.76,4.67,7.32
ALPL,4.28,4.16,4.38,4.38,4.39,4.22,4.83,4.43,4.36,4.39,4.07,4.07,4.15,5.52,4.27,4.14,4.34,4.38,4.23,4.3,4.1,4.29,4.15,4.32,4.35,4.21,4.25,4.13,4.59,4.59,4.58,6.33,4.58,4.07,4.37,4.1,4.45,4.34,4.32,4.24,4.37,4.49,4.57,5.01,4.52,4.75,4.52,4.09,4.27,6.12
ALPL,4.09,4.14,4.07,4.18,4.16,4.62,5.24,4.01,4.03,4.35,4.3,4.02,3.99,4.32,4,4.13,3.9,4.2,4.06,4.17,4.1,4.08,3.97,4.09,4.28,3.89,4.27,4.16,4.22,5.03,4.86,4.25,3.97,3.96,3.95,3.75,3.81,4.23,4.13,4.06,3.76,4.21,4.31,4.72,4.09,4.02,3.65,4.48,3.92,5.2
ALPP,3.81,4.14,3.75,3.83,3.92,3.94,3.75,3.99,4.08,3.93,4.29,3.7,4.08,4.83,3.95,3.82,3.92,4.35,3.85,3.98,4.13,3.8,4.26,3.86,3.74,3.75,4.08,4.16,4.26,4.44,5.48,4.07,3.83,3.9,4.04,3.54,4.68,3.58,3.95,3.98,4.03,4.03,4.14,4.86,4.39,4.01,3.96,3.81,4.14,4.16
ALPP,4.3,4.34,4.57,4.54,4.18,4.75,5.03,4.56,4.49,4.46,4.49,4.32,4.38,5.07,4.76,4.73,4.32,4.39,4.19,4.5,4.5,4.71,4.54,4.51,4.81,4.49,4.38,4.67,4.68,4.18,5.31,6.14,4.52,4.57,4.52,4.37,4.3,4.69,4.72,4.43,4.43,4.75,4.59,4.8,4.83,4.25,4.45,4.63,4.56,4.97
ALPPL2,4.76,4.63,4.77,4.94,5.25,4.68,5.51,5.21,4.79,4.98,4.87,4.9,4.78,5.6,4.88,5.03,4.59,4.88,4.79,4.99,4.8,4.73,4.86,4.49,4.68,5.43,5.02,5.01,5.15,5.05,5.8,7.12,4.74,4.91,5.02,4.56,4.82,4.95,4.94,5.05,5.05,5.12,4.84,5.3,4.73,4.88,4.95,4.73,5.32,5.95
ALS2,8.42,8.55,8.32,8.47,8.61,8.54,8.21,8.76,8.32,8.49,8.61,8.45,8.27,8.19,8.52,8.52,8.51,8.2,8.27,8.25,8.82,8.88,8.68,8.72,8.56,8.58,8.55,8.39,8.45,8.64,6.38,8.37,8.37,8.43,8.42,8.52,8.43,8.52,7.09,8.87,8.76,8.77,8.76,8.4,8.6,8.58,8.65,8.51,8.63,8.16
ALS2,7.65,7.67,7.52,7.8,7.3,7.46,6.57,7.83,7.66,7.8,7.72,7.71,7.53,6.81,7.98,7.78,7.89,7.47,7.46,7.6,7.84,8.22,7.97,7.86,8.08,7.91,7.68,7.78,7.45,6.11,6.32,6.07,7.65,7.77,8.02,8.02,7.53,8.04,6.7,7.8,7.5,7.62,7.44,7.07,8.03,7.56,7.92,7.9,7.87,7.02
ALS2,4.6,4.71,4.55,4.5,4.79,4.29,4.47,4.17,4.74,4.39,4.86,4.51,4.74,4.16,4.47,4.54,4.36,4.46,4.12,4.55,4.78,4.67,4.6,4.99,4.56,3.91,4.3,4.56,4.01,5.25,5.35,6.1,4.18,4.64,4.55,4.33,4.63,4.35,4.97,4.06,4.56,4.18,4.41,3.75,4.23,4.28,3.91,4.2,4.46,4.97
ALS2,3.54,3.72,3.82,3.43,3.89,3.65,3.63,3.76,3.7,3.87,3.58,4.03,3.85,4.7,3.77,4.32,3.68,3.55,3.93,3.78,3.73,3.91,3.97,3.66,3.74,3.98,3.42,3.68,3.85,5.73,4.22,5.07,3.61,3.59,3.66,4.15,3.68,4.14,4.42,3.72,3.82,3.94,3.6,4.02,3.65,4.05,4.3,3.62,3.66,5.69
ALS2,4.33,4.09,3.9,3.98,3.9,3.77,4.45,4.57,4.09,3.78,3.97,3.87,4.1,4.16,4.03,3.94,4.24,3.66,3.89,3.67,3.72,4.29,3.96,4.11,3.98,4.08,3.96,3.85,3.95,4.2,5.1,3.94,3.82,3.92,4.01,3.63,3.93,3.99,3.72,3.8,3.86,3.8,4.12,4.4,4.5,4.16,3.85,3.96,4.14,5.37
ALS2CL,5.35,5.41,5.45,5.21,5.94,5.18,5.53,5.79,5.18,5.27,5.22,5.46,5.15,5.9,5.21,5.56,5.26,5.47,5.16,5.4,5.48,5.5,5.32,5.16,5.76,5.37,5.2,5.48,5.13,5.13,4.76,5.46,5.73,5.39,5.33,5.07,5.08,5.35,5.58,5.03,5.19,5.45,5.25,6.34,5.42,5.57,5.37,5.22,5.08,5.76
ALS2CL,4.12,4,3.82,4.03,4.42,4.49,4.27,3.93,3.92,3.83,4.16,4.08,4.05,4.07,3.94,4.19,3.91,4.21,4.11,4.1,3.93,4.22,4.1,4.27,3.89,3.86,3.98,4.07,3.92,4.88,4.74,5.6,4.12,3.97,4.17,4.04,3.98,4.15,4.99,4.04,4.21,4.03,4.02,4.73,4.09,3.92,4.06,4.11,3.85,5.7
ALS2CL,3.52,3.55,3.67,3.68,3.69,3.94,3.81,3.64,3.52,3.84,3.75,3.51,3.7,4.57,3.69,3.57,3.57,3.78,3.54,3.5,3.56,3.74,3.73,3.68,3.57,3.63,3.71,3.65,3.9,4.81,5.26,4.05,3.63,3.64,4.03,3.52,3.57,3.44,4.27,3.72,3.78,3.55,3.91,4.75,3.74,4.06,3.61,3.58,3.54,4.44
ALS2CR11,3.47,3.81,3.41,3.6,3.73,3.47,5.08,3.44,3.45,3.43,3.64,3.65,3.63,5,3.64,3.3,3.41,3.54,3.51,3.46,3.83,3.61,3.46,3.53,3.46,3.54,3.32,3.39,3.67,5.24,6.1,6.22,3.63,3.54,3.42,3.71,3.66,3.67,4.2,3.56,3.58,3.61,3.77,6,3.64,3.71,3.88,3.41,3.5,4.19
ALS2CR12,3.62,3.88,4.05,4.07,3.94,3.99,3.81,4,3.82,3.96,3.83,3.95,4.06,4.25,3.98,4.31,4.14,3.89,4.2,3.86,3.76,3.88,3.79,4.14,4,4.18,4.22,3.91,3.72,3.93,4.52,4.56,4.34,4.35,4.41,4.15,4.08,4.23,4.29,4.02,4.76,3.87,3.77,4.15,3.93,3.79,4.05,3.97,3.9,3.89
ALS2CR12,3.8,3.68,3.88,3.93,4.02,3.97,4.11,4.02,3.81,3.97,3.84,4.09,3.84,4.65,4.07,3.89,3.73,3.85,3.7,3.68,3.68,3.93,3.84,3.91,3.91,3.89,3.85,3.8,3.82,4.39,4.12,4.14,3.71,4.02,3.75,4.01,3.89,3.89,5.2,3.66,3.77,3.67,4.08,5.05,3.73,3.99,3.89,4.04,3.97,3.99
ALS2CR4,7.13,7.3,6.85,7,6.9,6.82,6.32,6.72,7.28,7.14,7.42,7.09,7.37,6.17,7.08,6.85,7.3,6.84,6.83,6.94,6.9,6.79,6.94,6.58,6.65,6.77,6.98,6.72,7.18,6.42,6.58,5.23,6.96,7.01,6.96,6.72,6.83,6.95,6.54,6.57,6.94,6.64,6.63,5.14,6.97,6.65,6.6,6.94,7.09,5.37
ALS2CR4,7.78,8.33,7.85,7.76,7.76,7.49,7.67,7.34,7.99,7.93,8.13,7.83,8.05,6.9,8.08,7.83,8.03,7.68,7.71,7.74,7.57,7.77,7.96,7.56,7.57,7.64,7.76,7.77,8.18,6.99,6.58,6.29,7.89,7.91,7.91,7.83,7.82,7.87,7.17,7.58,7.57,7.6,7.66,7.2,7.56,7.36,7.66,7.77,8.22,6.51
ALS2CR4,4.1,4.07,4.57,4.48,4.7,4.63,4.44,4.39,4.2,4.21,4.1,3.83,3.76,4.27,4.22,3.93,4.2,4.43,4.43,4.62,3.97,3.83,3.89,3.97,4.23,4.35,4.24,4.27,4.08,4.39,5.95,4.16,3.88,4.01,4.11,4.27,4.27,4.29,4.12,4.07,3.65,4.29,4.21,4.94,4.6,4.91,4.49,4.18,4.38,4.58
ALS2CR4,9.5,9.67,9.54,9.51,9.55,9.3,9.3,9.49,9.55,9.46,9.46,9.43,9.38,8.32,9.57,9.62,9.77,9.44,9.4,9.48,9.09,9.26,9.09,9.24,9.14,9.38,9.47,9.55,9.41,8.78,7.6,8.75,9.61,9.61,9.53,9.66,9.51,9.63,9.45,9.41,9.4,9.14,9.21,8.43,9.24,9.26,9.35,9.37,9.23,8.1
ALS2CR8,4.74,5.13,4.47,4.83,4.15,4.19,3.93,5.07,4.78,4.5,5.47,4.93,4.68,4.51,4.3,4.26,4.37,4.23,4.52,5.11,4.24,4.62,4.96,4.61,4.45,4.43,4.56,4.78,4.54,4.19,3.74,5.59,3.86,4.18,4.29,4.53,4.55,4.44,4.46,4.6,3.89,4.92,4.73,4.79,3.95,4.43,5.05,4.45,5,5
ALS2CR8,4.24,4.48,3.79,4.26,3.74,3.78,4.2,4.04,4.26,3.98,4.7,4.4,4.31,4.89,4.42,4.17,4.54,4.34,3.97,4.27,4.19,4.32,4.5,3.88,4.15,3.81,3.78,4.12,3.76,4.09,4.61,4.1,3.99,3.93,3.94,4.04,3.73,3.8,4.02,3.88,3.71,3.99,3.86,4.31,4.31,3.7,3.82,3.91,4.12,4.07
ALS2CR8,5.09,5.31,4.99,5.18,5.15,5.08,6.06,5.03,5.1,5.42,5.11,5.19,5.26,5,5.37,5.07,5.25,5.49,5.27,5.2,5.38,4.96,5.18,5.01,5.25,5.09,4.83,5.25,5.19,6.34,6.28,5.71,5.34,5.23,5.4,5.2,5.44,5.06,5.31,5.26,4.72,5.38,5.03,5.43,5,5.36,5.13,5.19,5.05,5.63
ALS2CR8,4.27,3.68,4.05,3.97,3.46,4.34,4.06,3.73,4.42,3.92,3.84,3.91,3.83,4.22,4,4.02,3.96,3.94,4.24,4.32,3.83,3.93,3.98,4.17,3.86,3.78,4.01,4.37,3.67,4.5,4.17,4.68,3.73,3.84,3.72,3.92,4.39,4.06,4.02,3.88,4.22,3.84,3.81,3.5,4.44,3.9,4.19,3.94,4,3.94
ALS2CR8,4.78,4.82,4.6,4.7,4.47,4.07,5.38,4.57,4.62,4.94,4.33,4.69,4.6,5,4.41,4.56,4.66,4.81,4.77,4.65,4.47,4.94,4.45,4.26,4.72,4.76,4.55,4.85,4.46,5.61,6.19,4.35,4.29,4.29,4.56,4.35,4.14,4.62,5.39,4.65,4.59,4.26,4.82,4.62,4.33,4.57,4.53,4.45,4.65,4.83
ALS2CR8,5.29,5.29,5.48,5.07,5.6,5.59,6.46,5.93,5.38,5.44,5.98,5.24,4.98,6.13,5.36,5.78,5.17,5.2,5.59,5.57,5.44,5.52,5.49,5.11,5.5,5.06,5.32,5.2,5.18,6.95,4.83,5.49,5.01,4.93,5.03,5.42,5.42,4.9,5.26,4.96,5.91,5.61,6.18,5.62,5.15,5.91,5.83,5.19,5.02,5.03
ALX1,4.2,4.15,3.73,3.93,4.15,3.96,3.6,3.82,4.2,3.99,3.9,4.09,4.02,5.03,3.9,4.16,4.49,4.05,4.08,4.14,4.09,4.11,4.26,4.02,4.25,4.03,3.83,4.13,3.99,4.81,6.05,4.97,4.26,3.95,3.95,4.03,3.98,4.06,4.19,3.98,3.79,4.37,3.91,5.09,3.99,4.07,3.88,4.04,3.94,5.82
ALX3,3.68,3.8,3.65,3.62,3.43,3.48,3.86,3.5,3.76,3.48,3.65,3.99,4,3.4,3.69,3.48,3.71,3.92,3.46,3.61,3.79,3.49,3.73,3.66,3.71,3.6,3.41,3.69,3.55,4.59,4.45,3.19,3.7,3.81,3.96,4.03,3.45,3.77,3.42,3.46,3.72,3.69,3.87,3.29,3.48,3.65,3.61,3.64,3.89,3.96
ALX4,4.41,4.23,4.69,4.43,4.56,4.73,4.72,5.03,4.23,4.44,4.41,4.4,4.37,5.27,4.42,4.34,4.41,4.27,4.67,4.62,4.38,4.46,4.35,4.2,4.28,4.32,4.43,4.61,4.49,5.44,5.03,5.96,4.4,4.45,4.73,4.74,4.24,4.3,4.34,4.61,4.43,4.76,5.13,4.19,4.32,4.19,4.44,4.06,4.3,5.39
AMAC1,3.81,3.99,3.82,3.99,3.99,3.96,3.76,3.75,3.89,3.75,3.85,3.76,3.88,4.63,3.59,3.92,3.61,3.85,3.95,3.88,3.93,3.94,4.01,3.9,4.09,3.81,3.99,3.62,4.08,4.19,5.7,4.77,3.93,3.7,3.88,3.73,3.78,4.04,4.64,3.88,3.61,3.65,3.91,5.44,3.91,4.31,3.85,3.85,3.83,4.88
AMAC1,5.47,5.18,5.41,5.11,5.55,5.41,5.67,5.64,5.19,5.17,5.49,5.22,5.27,5.05,5.42,5.45,5.5,5.38,4.99,5.47,5.3,5.06,5.28,5.51,5.24,4.82,5.3,5.22,5.47,5.24,5.68,5.55,5.24,5.35,5.1,4.88,5.09,5.19,4.97,5.44,5.67,5.73,5.7,5.62,5.82,4.91,5.54,5.11,5.42,5.38
AMAC1L2,5.81,5.57,5.88,6.08,6.51,5.67,5.45,6.26,5.63,5.69,5.87,5.69,5.53,5.82,5.59,6.09,5.53,5.8,5.73,5.72,5.63,5.82,5.62,5.65,5.63,5.47,5.56,5.69,5.93,5.24,4.28,6.09,5.6,5.35,5.47,5.66,5.88,5.92,6.16,6.09,6.23,6.23,6.34,6.27,6.21,5.92,6.1,6.19,5.76,6.69
AMAC1L3,4.62,4.76,4.88,4.76,5.51,5.4,5.37,4.63,4.59,4.67,5.1,5,4.79,4.77,4.77,4.98,4.89,4.74,4.96,4.62,4.6,4.88,4.97,5.16,4.47,5.45,4.95,4.91,5.16,3.68,4.27,4.05,5,4.76,5.2,4.94,5.35,4.71,4.84,5.26,4.81,5.67,4.74,4.51,4.87,4.25,5.14,5,5.25,4.93
AMACR,6.74,6.46,6.84,6.75,6.43,6.53,6.2,6.55,6.62,6.76,6.43,6.79,6.58,6.27,6.36,6.42,6.6,6.83,6.57,6.52,6.76,6.78,6.6,6.89,6.76,6.74,6.65,6.65,6.24,6.15,5.44,6.36,7.29,6.87,7.14,6.9,6.81,6.66,6.85,6.42,6.65,6.26,6.47,7.4,6.46,6.32,6.15,6.67,6.54,5.7
AMACR,4.12,4.01,3.73,4.12,3.62,3.93,4.4,4.13,4.2,4.31,3.79,4.04,4.41,3.64,4.48,4.18,4.34,4.19,4.19,4.23,4.13,4.24,3.98,4.33,4.43,4.6,3.86,3.89,3.48,4.33,3.75,3.79,4.27,4.66,4.77,4.41,3.45,4.75,4.02,4.16,3.91,3.61,4.19,3.98,3.76,4.05,3.84,4.19,4.08,4.01
AMACR,5.72,5.7,6.27,6.18,5.5,5.97,5.68,5.82,6.01,6.1,5.51,6.04,5.87,5.34,6.32,6.1,6.05,5.98,5.95,6.06,5.65,6.02,5.62,6.08,6.38,6.19,6.01,6.33,5.64,5.35,5.61,5.23,6.43,6.68,6.53,6.3,5.62,6.23,5.3,5.79,5.97,5.48,5.38,5.27,6,5.28,5.31,5.98,5.79,4.68
AMACR,4.69,4.45,4.68,4.45,4.83,4.47,4.67,4.77,4.78,4.58,4.45,4.88,4.5,4.72,4.58,5.16,4.74,4.63,4.8,4.86,4.57,4.51,4.72,4.86,4.66,4.33,4.44,4.54,4.32,5.61,5.25,5.65,4.72,4.64,4.5,5.17,4.43,4.64,5.33,4.6,4.84,4.8,4.05,4.94,4.59,4.01,5.25,4.57,4.66,5.41
AMACR,6.79,6.37,6.95,6.8,5.79,5.92,6.39,7.13,6.64,6.86,6.08,6.94,6.77,6.16,6.83,6.88,6.67,6.64,6.76,6.69,6.81,6.85,6.47,7.23,7.05,6.89,6.95,6.97,6.04,5.93,5.57,6.14,7.46,7.39,7.4,6.89,6.86,6.99,6.44,6.67,6.83,5.89,5.95,6.31,6.42,5.91,6.82,6.9,6.56,5.75
AMACR,4.53,4.96,4.52,4.6,4.49,4.44,4.95,4.37,4.68,4.69,4.73,4.72,4.93,4.55,4.68,4.1,4.39,4.38,4.45,4.54,4.6,4.73,4.57,4.49,4.52,4.31,4.34,4.57,4.42,4.81,4.85,4.46,4.84,4.41,4.61,4.65,4.66,4.43,5.71,4.48,4.55,4.87,4.51,4.33,4.06,4.44,4.26,4.4,4.68,4.71
AMACR,6.77,6.85,6.67,7.1,7.25,6.96,6.44,7.04,6.82,6.88,7.13,6.92,6.82,7.16,7.14,7.12,6.91,7.31,7.33,7.08,6.94,7.1,7.01,6.85,7.2,6.93,7.03,6.77,6.79,6.33,5.05,6.66,6.58,6.96,7.37,7.36,7.19,7.17,6.52,6.76,7.2,6.83,6.96,7.33,6.54,6.37,7.08,6.93,6.95,6.39
AMACR,4.23,4.49,4.3,4.12,4.29,4.81,4.91,4.73,4.32,4.66,4.61,4.56,4.55,4.83,4.02,4.46,4.55,4.35,4.14,4.1,4.68,4.41,4.15,4.24,4.4,4.14,4.21,4.27,4.2,4.27,4.9,4.68,4.3,4.26,4.69,4.25,4.88,4.05,4.99,4.15,4.36,4.65,4.55,4.88,4.29,5,4.08,4.2,4.38,4.72
AMACR /// C1QTNF3,4.57,4.6,4.31,4.76,4.5,4.3,4.16,4.37,4.55,4.73,4.39,4.53,4.45,4.14,4.47,4.38,4.32,4.64,4.31,4.34,4.33,4.37,4.34,4.07,4.06,4.05,4.46,4.61,4.65,4.57,4.75,5.09,4.27,4.1,4.08,4.11,3.98,4.42,4.93,4.37,4.45,4.34,4.19,5.07,4.21,3.94,4.17,4.79,4.78,4.44
AMACR /// C1QTNF3,5.71,5.96,5.71,5.91,5.87,6.13,6.57,5.51,5.83,5.68,6.12,5.4,5.77,5.37,5.35,5.41,5.45,5.37,5.94,5.74,5.41,5.55,5.62,5.45,5.07,5.78,5.93,5.73,6.14,6.27,6.46,5.84,5.27,4.94,5.17,5.3,5.39,5.13,5.04,5.96,5.72,5.79,5.97,5.26,5.11,5.01,5.17,5.82,5.87,5.07
AMACR /// C1QTNF3,3.8,3.8,3.9,4.03,3.91,3.79,3.86,3.72,3.85,4.08,4.08,3.87,3.84,4.86,3.83,3.8,3.91,4.04,4.01,3.84,3.54,3.68,3.67,3.66,4.19,3.7,3.8,3.78,3.97,4.3,5.31,4.88,3.75,3.86,4,3.64,3.72,3.59,4.23,4.11,3.9,4.32,4.3,4.7,3.72,3.85,3.85,3.87,3.98,6.83
AMBN,3.95,3.78,3.38,3.64,3.81,3.96,4.52,3.83,3.73,3.49,3.72,3.92,3.77,4.36,3.61,3.74,3.49,3.63,3.43,3.43,3.92,3.67,3.73,3.54,3.7,3.59,3.49,3.73,3.56,4.02,3.93,4.61,3.54,3.51,3.8,3.38,3.22,3.31,3.73,3.42,3.68,3.77,3.72,4.03,4.13,4.17,3.48,3.73,3.69,5.49
AMBP,3.63,3.6,3.84,3.85,4.15,3.86,3.8,3.71,3.71,3.8,3.53,3.7,3.66,3.87,3.82,3.97,3.86,3.83,3.71,3.76,3.8,4.06,3.64,3.79,4.22,3.91,3.58,3.88,3.79,4.02,4.19,4.02,3.67,4.01,3.93,4.11,3.73,3.92,3.88,3.88,4.07,3.68,3.94,4.54,3.76,4.46,4.06,3.9,3.9,4.38
AMBP,3.79,3.67,3.65,3.55,3.97,3.65,4.19,3.59,3.51,3.54,3.72,3.83,3.99,3.53,3.43,3.56,3.7,3.82,3.71,3.5,3.69,3.81,3.69,3.39,3.73,3.7,3.65,3.68,3.74,3.67,5.57,3.41,3.6,3.68,3.43,3.66,3.66,3.64,4.13,3.82,3.73,3.65,3.65,4.07,3.51,3.73,3.58,3.46,3.6,4.91
AMBP,4.06,4.09,3.87,3.87,3.76,3.89,3.58,4.14,3.97,3.74,4.22,4.21,4.08,4.1,4.14,3.84,3.95,3.79,3.96,3.79,4.12,3.84,3.84,3.61,4.09,3.68,4.08,4.05,4.36,3.96,5.51,4.37,4.02,3.88,4.13,3.84,3.71,3.91,5.38,3.77,3.84,4.05,4.15,4.44,3.76,4.08,3.67,3.79,3.86,4.03
AMBRA1,7.93,7.99,8,7.88,8.21,7.87,7.87,7.9,7.71,7.88,8.1,7.86,7.68,7.92,8,7.93,8.05,7.89,8.03,7.88,8.19,8.18,8.36,8.17,8.08,7.94,8.05,7.94,8.38,8.5,6.8,8.46,8.19,8.21,8.2,8.02,8.2,8.09,7.97,8.15,8.21,8.4,8.17,7.88,8.03,8.31,8.03,7.99,8.17,6.91
AMBRA1,5.2,5.36,5.07,5.42,5.01,5.5,5.25,5.94,5.17,5.23,5.03,4.99,5.06,5.52,4.89,5.59,5.39,5.52,5.37,5.15,5.95,5.34,5.26,5.4,5.04,5.32,4.88,5.18,4.9,4.97,5.44,6.76,5.85,5.37,5.56,5.26,5.52,4.99,5.08,5.22,5.7,5.76,5.9,4.8,5.12,5.25,5.15,5.28,5.4,5.82
AMBRA1,4.97,4.3,5.4,4.7,4.23,4.54,4.28,4.41,4.97,4.98,4.57,4.67,4.68,4.05,4.8,5.19,4.68,5.04,4.82,4.7,4.58,4.88,4.43,4.66,4.76,4.84,4.59,5.08,4.67,4.38,6.56,5.78,4.49,4.83,5.01,5.01,4.59,4.5,5.02,4.89,4.69,4.68,4.14,3.94,4.68,4.61,4.72,4.82,4.43,4.65
AMD1,10.48,10.66,10.4,10.48,10.4,10.44,10.19,10.27,10.61,10.51,10.72,10.36,10.43,10.04,10.08,9.94,10.14,10.3,10.32,10.49,9.87,10.03,10.14,9.97,9.95,9.91,10.43,10.6,10.61,10.27,9.05,10.02,10.47,10.52,10.49,10.04,9.86,9.87,10.11,10.22,10.29,9.99,9.95,10.19,10.02,9.93,10.24,10.21,10.4,9.49
AMD1,8.01,7.1,7.76,7.49,7.18,7.17,7.47,7.5,7.78,7.79,7.16,7.33,7.46,7.13,7.31,7.23,7.07,7.29,7.43,7.59,7.21,7.06,6.68,7.18,7.09,7.31,7.51,7.64,6.91,7.65,7.41,6.63,7.97,7.89,7.71,7.2,7,7.23,7.32,7.05,7.32,6.64,6.62,7.31,7.32,6.82,7.38,7.42,7.28,6.92
AMD1,8.48,7.83,8.24,8.27,7.73,7.93,8.09,8.13,8.48,8.4,7.7,8.29,8.04,7.05,7.78,7.82,7.84,7.72,7.85,8.07,7.81,7.52,7.29,7.85,7.68,7.53,8.19,8.24,7.74,7.43,6.95,6.26,8.51,8.47,8.37,7.75,7.54,7.91,8.1,7.89,7.81,7.16,7.29,6,7.7,7.39,7.81,8.06,7.83,6.87
AMD1,10.61,10.17,10.35,10.43,10.09,10.12,10.08,10.27,10.45,10.45,9.99,10.34,10.28,8.84,9.97,9.87,9.97,10.14,10.08,10.22,10.03,9.93,9.65,9.89,9.86,9.96,10.38,10.44,9.95,9.11,6.53,8.4,10.76,10.58,10.6,9.98,9.73,10.02,10.39,10.16,10.05,9.5,9.5,8.44,10.11,9.91,10.02,10.04,10.04,8.67
AMD1,9.72,9.33,9.53,9.62,9.32,9.47,9.1,9.63,9.84,9.59,9.31,9.58,9.51,7.91,9.13,8.95,9.1,9.25,9.14,9.27,8.98,9.02,8.84,8.98,8.98,8.96,9.58,9.73,9.34,8.53,6.96,7.74,9.55,9.47,9.8,9.13,8.78,9.12,8.74,9.39,9.28,8.67,8.48,7.54,9.15,8.99,9.25,9.37,9.41,7.96
AMD1,9.8,9.72,9.46,9.67,9.46,9.53,9.64,9.6,9.76,9.68,9.74,9.67,9.82,8.97,9.18,9.11,9.32,9.3,9.32,9.52,9.34,9.17,9.17,9.13,9.24,9.15,9.76,9.65,9.48,9.07,7.58,9.2,9.75,9.75,9.83,9.22,9.16,9.11,9.08,9.42,9.4,8.92,8.95,8.2,9.33,9.28,9.17,9.47,9.64,9.42
AMD1,9.46,9.24,9.25,9.51,9.2,9.2,8.78,9.25,9.58,9.35,9.27,9.45,9.34,7.2,9.03,8.82,8.95,9.11,8.98,9.27,8.78,8.98,8.62,8.91,8.95,8.77,9.4,9.6,9.3,9,6.88,7.05,9.54,9.47,9.6,9.2,8.79,9.01,8.69,9,9.02,8.62,8.44,6.97,9.14,8.62,9.11,9.23,9.26,8.09
AMDHD1,7.42,7.54,7.47,7.61,7.88,7.78,6.65,7.44,7.6,7.58,8.01,7.5,7.3,6.99,7.36,7.33,7.47,7.5,7.5,7.74,7.29,7.18,7.51,7.67,7.61,7.27,7.55,7.52,7.65,5.94,6.82,7.83,7.77,7.77,7.95,7.65,7.31,7.37,7.49,7.83,7.59,7.42,7.18,6.99,7.71,7.49,7.5,7.58,7.65,8.04
AMDHD2,6.3,6.12,6.64,6.36,6.42,6.5,7.78,6.69,6.12,6.3,6.09,5.98,6.25,7.18,6.25,6.45,6.19,6.45,6.52,6.31,6.22,6.25,6.29,6.37,6.32,6.19,6.21,6.31,6.52,5.19,5.82,6.41,6.21,6.42,6.36,6.38,6.31,6.61,6.48,6.35,6.53,6.92,6.3,6.93,6.54,6.41,6.25,6.13,6.22,7.67
AMDHD2,8.03,7.73,8.3,8.07,8.51,8.4,8.2,8.41,8.04,8.04,8.09,7.9,7.62,8.14,8.04,8.08,7.87,8.14,8.12,8.2,8.15,8.17,8.29,8.42,8.22,8.24,8.19,8.02,8.5,7.08,7.84,8.94,8.21,8.33,8.45,8.32,8.42,8.3,8.73,8.88,8.5,8.53,8.61,7.99,8.04,8.37,8.21,8.17,8.2,8.63
AMDHD2,6.52,6,6.62,6.48,6.98,7.09,7.33,7.1,6.34,6.38,6.23,6.06,5.8,6.42,6.43,6.71,6.68,6.59,6.71,6.68,6.5,6.62,6.43,6.94,6.94,7.02,6.43,6.57,6.91,6.08,6.91,6.61,6.72,6.71,6.67,6.65,7.11,6.8,6.76,7.22,7.19,7.05,6.82,7.8,6.47,6.71,6.8,6.4,6.61,6.61
AMDHD2,5.46,5.54,6.05,5.81,5.59,5.98,5.99,5.99,5.75,5.64,5.64,5.45,5.34,5.87,5.92,5.89,5.62,5.84,5.62,6.04,5.8,5.71,5.58,5.99,6.08,6.16,5.89,5.56,5.98,5.86,7.04,6.89,5.96,5.42,5.8,5.76,5.77,5.76,6.1,5.95,6.21,5.88,6.19,5.99,5.24,5.35,5.78,6.11,5.64,6.09
AMELX,6.04,6.12,6.04,6.3,6.68,6.22,6.92,6.42,6,6.02,6.15,6.14,6.02,6.61,5.94,6.32,5.81,6.46,6.09,5.98,6.21,6.32,6.09,6.07,6.17,5.84,6.14,6.26,6.26,5.63,8,7.11,6.13,5.97,6.24,5.98,6.3,6.13,6.22,5.73,6.57,6.44,6.47,7.43,6.51,6.33,6.1,6.04,5.95,7.29
AMELX,5.34,5.17,5.22,5.56,5.87,5.51,6,5.39,5.27,5.25,5.13,5.4,5.31,5.53,5.18,5.37,5.31,5.58,5.09,5.01,5.66,5.43,5.3,4.81,5.35,5.19,5.21,5.24,5.25,5.39,6.43,5.82,5.44,5.34,5.56,5.15,5.39,5.25,5.6,5.18,5.16,5.54,5.5,6.51,5.37,5.34,5.29,5.34,5.2,6.7
AMELY,4.62,4.52,4.6,4.66,4.98,4.95,4.83,4.77,4.32,4.25,4.66,4.85,4.49,6.09,4.76,4.8,4.78,4.51,4.45,4.52,4.69,4.69,4.78,4.55,4.76,4.48,4.69,4.62,4.37,5.93,6.31,4.71,4.78,4.59,4.59,4.65,4.75,4.61,5.19,4.58,4.7,4.62,5.17,5.76,4.68,4.62,5.07,4.43,4.78,5.92
AMELY,4.69,4.52,4.83,4.92,5.41,4.95,4.93,4.95,4.65,4.72,4.87,4.85,4.46,5.62,4.83,5.3,4.94,4.79,4.72,4.86,4.65,4.93,4.79,4.57,5.11,4.64,4.76,4.77,4.61,5.3,6.65,5.57,4.89,4.74,4.81,5.03,4.82,4.79,4.89,4.56,5.09,5.13,5.09,5.7,4.81,4.97,5.12,4.8,4.76,6.99
AMELY,4.68,4.61,4.6,4.58,5.04,4.56,5.46,4.78,4.6,4.57,4.56,4.74,4.48,5.7,4.97,5.06,5.07,4.51,4.71,4.65,4.73,4.89,4.58,4.62,5.13,4.56,4.59,4.55,4.55,5.6,7.1,5.32,4.69,4.43,4.83,4.67,5.31,4.7,5.38,4.34,4.44,5.11,4.65,5.7,4.73,5.09,4.97,5.05,4.85,5.36
AMFR,7.69,7.31,7.91,7.83,8.04,8.26,7.44,7.75,7.69,7.71,7.62,7.69,7.52,6.65,7.61,7.64,7.72,7.84,7.82,7.78,7.58,7.59,7.51,7.81,7.79,7.77,7.72,7.87,7.59,6.11,5.41,7.52,7.78,7.87,7.93,7.69,7.81,7.63,7.3,7.91,7.92,7.99,7.99,7.75,7.94,7.54,7.65,7.85,7.62,7.63
AMFR,8.6,8.39,8.71,8.59,8.79,8.75,8.97,8.61,8.52,8.34,8.63,8.44,8.41,8.66,8.73,8.52,8.66,8.68,8.58,8.61,8.52,8.32,8.45,8.73,8.71,8.38,8.63,8.59,8.63,7.75,8.07,8.2,8.65,8.74,8.7,8.82,8.87,8.66,8.68,8.99,8.74,8.95,8.91,8.34,8.65,8.73,8.6,8.58,8.59,7.85
AMH,4.57,4.71,4.96,4.9,4.98,5,4.73,5.29,4.68,4.53,4.85,4.84,4.54,5.36,4.74,4.56,4.66,4.93,5.07,4.76,4.79,4.68,4.66,4.72,4.75,4.62,4.76,4.75,5.05,4.4,4.19,4.44,4.61,4.48,4.42,4.36,4.48,4.62,4.83,5.15,4.84,4.8,4.75,5.08,4.66,5.02,4.2,4.98,4.75,4.6
AMH,4.16,4.17,4.19,4.13,5.11,4.55,4.55,4.36,4.31,4.25,4.11,4.17,4.18,4.15,4.11,4.14,3.95,4.37,4.23,4.37,4.21,4.18,4.14,4.13,4.05,4.28,4.25,4.22,4.57,4.68,5.24,4.49,4.34,4.48,4.22,4.27,4.77,4.33,5.17,4.47,4.04,4.43,4.47,4.25,4.42,4.8,4.3,4.69,4.56,4.44
AMH,4.63,4.88,4.56,4.88,5.19,4.63,4.13,4.87,5.02,4.99,4.65,4.96,4.72,4.54,4.66,5.22,4.75,4.87,4.86,4.96,4.44,5.02,4.55,4.81,4.61,4.78,5.05,4.6,5.09,4.18,5.66,3.93,4.76,4.67,4.81,4.58,4.63,4.6,5.27,5.12,5.22,5.03,5.23,4.63,5.09,4.92,4.65,5.22,4.95,4.33
AMHR2,5.74,5.88,6.14,6.09,5.96,5.53,6.4,6.2,5.81,5.81,5.93,5.87,5.56,6.63,5.82,5.68,5.89,6.08,6.09,6.17,5.7,6,5.66,6.14,5.97,6.07,5.9,5.69,5.68,4.52,6.43,6.93,5.59,5.91,6.06,5.66,6.16,5.83,5.82,6.11,5.82,5.52,6.02,6.92,6.12,6.11,6.08,5.89,5.68,6.44
AMHR2,6.09,6.17,6.14,5.98,6.49,6.25,5.79,6.07,6.01,6.24,6.23,6.1,6,6.79,6.05,6.19,6.03,6.03,6.1,6.15,6.16,6.09,6.14,6.04,5.88,6.1,6.34,6.22,6.28,6.96,6.15,6.85,6.42,6.14,6.42,6.2,6.06,5.79,6.25,6,6.31,6.03,6.15,7.23,5.87,6.03,6.29,6.15,6.18,7.77
AMHR2,4.37,4.32,4.36,4.64,4.95,4.16,5.7,4.16,4.14,4.25,4.24,4.34,4.29,5.33,4.23,4.27,4.4,4.38,4.25,4.19,4.84,4.38,4.27,4.22,4.63,4.31,4.29,4.38,4.71,4.12,4.88,4.87,4.34,4.38,4.39,4.27,4.3,4.71,6.21,4.4,4.36,4.57,4.42,5.6,4.28,5.25,4.19,4.65,4.28,4.76
AMICA1,7.27,7.1,7.39,7.28,7.33,7.57,6.92,7.36,7.19,7.24,7.07,6.83,7.15,7.12,7.79,7.79,8.01,7.37,7.4,7.36,7.92,7.5,7.82,7.82,7.56,7.82,7.41,7.09,7.11,6.34,5.86,6.37,7.92,7.75,7.62,7.9,7.74,8.11,7.08,7.53,7.48,7.95,8.15,7.32,8.15,8.56,7.97,7.29,7.45,6.55
AMICA1,4.14,4.29,4.08,4.11,4.25,3.83,5.51,3.73,4.47,4.06,3.93,4.23,4.33,4.81,4.06,4.26,4.04,4.61,3.99,4.1,4.5,4.43,4.27,4.13,4.34,4.56,4.17,4.08,4.17,5.08,6.86,5.3,4.46,4.2,3.88,4.35,4.06,4.66,4.19,4.06,4.58,4.3,3.98,4.14,4.75,3.95,4.8,3.94,4.15,5.79
AMIGO1,4.08,4.12,4.09,4.23,4.32,4.26,4.3,4.2,4.07,4.1,4.21,4.31,4.37,5.71,4.19,4.33,3.89,4.47,4.44,4.2,4.27,4.48,4.31,3.96,4.21,4.87,4.21,4.38,4.57,4.33,5.79,5.46,4.42,4.4,4.14,3.9,4.31,4.31,4.4,4.11,3.99,4.46,4.35,5.1,4.5,4.63,4.33,4.6,3.96,5
AMIGO2,3.53,3.64,3.42,3.38,3.68,3.32,3.86,3.24,3.42,3.48,3.41,3.37,3.42,3.69,3.39,3.41,3.33,3.48,3.47,3.2,3.42,3.39,3.61,3.26,3.33,3.33,3.49,3.43,3.37,3.86,4.32,4.27,3.29,3.55,3.25,3.4,3.31,3.37,4.23,3.21,3.31,3.31,3.61,3.58,3.34,3.43,3.87,3.36,3.66,3.7
AMIGO2,3.84,4.33,3.77,4.08,3.71,4.2,3.98,3.93,3.98,3.82,3.96,4.05,3.98,4.4,3.88,4.54,3.74,4.07,3.79,4.01,3.9,3.96,4.03,3.95,3.88,3.67,3.86,4.01,3.64,5.2,5.32,5.36,3.82,3.93,3.78,3.79,3.75,3.93,5.19,3.69,3.88,3.84,4.29,4.52,3.88,3.96,3.92,3.73,3.86,5.7
AMIGO2,4.42,4.56,4.31,4.39,4.48,4.57,4.91,4.54,4.49,4.51,4.67,4.56,4.34,6.08,4.32,4.51,4.32,4.46,4.64,4.5,4.44,4.33,4.45,4.3,4.44,4.43,4.35,4.52,4.3,5.8,5.9,7.01,4.53,4.61,4.61,4.82,4.42,4.63,5.05,4.77,4.3,4.3,4.89,6.8,4.36,4.32,4.31,4.46,4.31,6.33
AMIGO2,3.52,3.51,3.37,3.52,3.25,3.4,3.8,3.31,3.5,3.4,3.5,3.42,3.43,3.82,3.38,3.38,3.22,3.34,3.3,3.28,3.78,3.36,3.49,3.17,3.2,3.22,3.28,3.36,3.39,4.39,4.34,3.93,3.58,3.2,3.25,3.23,3.54,3.43,4.11,3.23,3.66,3.29,3.32,3.43,3.83,3.72,3.37,3.28,3.32,3.32
AMIGO2,4.05,3.87,3.92,3.85,3.89,3.73,4.02,3.77,3.92,3.98,4.26,4.03,4.12,4.31,3.86,4.2,3.83,4,3.96,3.88,4.19,4.23,4.03,3.75,3.98,4.24,4.1,3.87,4.05,4.59,6.22,4.72,4.05,3.93,4.09,3.74,3.88,3.65,4.98,3.9,3.98,3.7,3.95,5.25,4.1,3.7,4.02,3.75,3.97,6.2
AMIGO3,7.47,7.45,7.42,7.81,7.91,7.76,8.17,7.66,7.17,7.25,7.59,7.54,7.18,7.46,7.32,7.64,7.28,7.48,7.28,7.19,7.65,7.36,7.76,7.39,7.6,7.34,7.6,7.47,7.79,8.02,7.71,7.12,7.62,7.33,7.49,7.46,7.9,7.52,7.56,7.97,7.65,7.9,8.07,7.72,7.38,7.84,7.41,7.54,7.64,7.57
AMIGO3,5.16,5.05,5.51,5.3,5.16,5.36,4.72,5.72,5.2,5.25,5.41,5.22,5.16,5.44,5.32,5.58,5.26,5.62,5.35,5.31,5.09,5.45,5.15,5.19,5.43,5.85,5.48,5.37,5.05,5.39,6.28,5.66,5.39,5.44,5.35,5.61,6.05,5.48,5.29,5.52,5.64,5.13,5.53,6.06,5.74,5.84,5.5,5.58,5.48,6.19
AMMECR1,9.97,10.14,9.89,9.79,9.8,10.07,9.87,9.78,9.91,9.98,10.27,9.91,9.85,8.59,10.2,10.23,10.24,9.65,9.74,9.82,10.19,10.29,10.57,10.2,10.21,10.23,9.92,9.88,10.09,9.71,8.86,9.83,10.07,10.02,10.05,10.19,10.2,9.93,9.89,9.95,9.96,10.09,10.08,8.3,9.89,9.93,10.1,9.92,9.98,8.49
AMMECR1,8.26,8.46,8.27,8.15,8.63,8.21,8.42,8.26,8.31,8.33,8.48,8.27,8.3,7.77,8.61,8.39,8.52,8,8.11,8.16,8.45,8.46,8.61,8.49,8.42,8.75,8.2,8.08,8.27,8.21,6.37,6.66,8.38,8.64,8.46,8.44,8.54,8.4,8.01,8.34,8.39,8.15,8.48,8.7,8.35,7.86,8.02,8.43,8.41,7.92
AMMECR1L,9.99,10.19,9.91,10.08,10.11,10.01,9.87,10.17,10,10.08,10.15,10.12,10,8.82,10.05,9.82,9.95,10.04,10.08,10.07,10,10.04,10.07,10.06,10.07,9.94,10.04,10.13,9.91,9.19,7.34,9.12,9.83,10,10.01,9.98,9.83,9.91,9.7,10.21,10.22,10.26,10.16,10.11,10.02,10.03,10.16,10.17,10,8.39
AMMECR1L,4.28,4.18,4.11,3.9,3.56,4.12,4.09,4.27,4.24,4.09,4.03,4.11,4.21,4.24,4.12,4.39,4.11,4.16,4.02,4.27,4.12,4,3.89,3.78,4.03,4.36,4.14,4,4.13,4.52,4.27,5.3,4.23,4.03,4.19,4.09,4.14,3.98,4.46,3.93,4.15,3.81,3.8,5.13,4.26,4.13,4.02,4.16,3.81,3.96
AMMECR1L,6.84,6.53,6.62,6.75,6.57,6.52,6.74,6.82,6.98,6.88,6.76,6.63,6.64,6.32,6.92,6.84,6.98,6.95,6.94,6.99,6.83,6.81,6.53,6.83,6.79,6.95,6.86,6.9,6.62,5.54,6.16,5.89,6.79,6.97,6.9,6.94,6.71,6.69,6.06,7.15,7,6.71,6.87,6.27,6.97,6.97,7.07,6.88,6.73,7.69
AMMECR1L,8.33,8.07,8.2,8.31,8.37,8.4,8.27,8.56,8.14,8.37,7.99,7.99,8.02,7.09,8.05,8.19,8.29,8.2,8.33,8.43,8.39,8.19,8.04,8.24,8.15,8.42,8.4,8.17,8.21,7.14,7.95,7.91,8.22,8.29,8.23,8.22,8.26,8.29,8.61,8.39,8.29,8.51,8.54,7.4,8.11,8.39,8.38,8.4,8.32,8.49
AMMECR1L,6.81,6.44,7,7.06,7.14,6.95,6.67,6.92,6.71,6.7,6.79,6.78,6.66,7.86,6.93,7.19,6.87,7.17,7.02,6.88,7.06,6.68,6.63,6.98,7.04,6.97,7.12,7.2,6.84,4.81,4.49,7.17,7.33,6.72,7.2,6.82,6.88,6.81,6.3,7.34,6.87,7,7.02,7.1,6.83,6.73,6.76,6.96,6.78,7.34
AMN,4.3,4.2,4.15,4.23,4.86,4.05,4.16,4.95,4.04,4.11,4.28,4.33,4.19,5.26,4.11,4.01,4.18,4.19,4.25,4.46,4.22,4.38,4.42,4.28,4.1,4.37,4.18,4.4,4.33,4.23,4.09,4.15,4.34,4.09,4.34,4.34,4.13,4.12,4.27,4.33,4.38,4.39,4.56,4.12,4.33,4.46,4.04,4.35,4.32,4.41
AMN,5.52,5.48,5.47,5.49,5.62,5.47,5.46,5.57,5.67,5.48,5.52,5.57,5.39,7.12,5.62,6.12,4.97,5.76,5.59,5.35,5.36,5.56,5.5,5.61,5.4,5.33,5.54,5.71,5.69,5.07,5.93,5.75,5.43,5.48,5.77,5.48,5.63,5.59,6.05,5.52,5.41,5.58,5.44,6.21,5.53,5.4,5.72,5.24,5.18,7.65
AMN,5.18,4.8,5.12,5.05,6.22,4.71,5.74,4.96,4.74,5.07,5.14,4.93,4.79,5.07,5.14,5.3,4.81,4.81,4.82,4.96,4.92,5.22,4.62,4.88,5.29,5.09,5.18,5.01,5.6,5.59,4.99,6.48,5.14,5,5.26,4.86,5.84,5.02,5.36,4.82,4.98,5.21,5.73,5.47,5.42,5.71,5.58,5.25,4.95,5.93
AMN1,5.58,5.36,5.35,5.6,5.32,5.26,5.17,5.88,5.59,5.76,5.97,5.71,5.61,7.19,5.68,5.74,5.34,5.68,5.62,5.75,5.83,5.7,5.86,5.67,5.61,5.37,5.35,5.71,5.45,5.64,5.66,5.84,5.22,5.42,5.24,5.52,4.94,5.43,5.05,5.58,5.5,5.73,5.34,5.82,5.35,5.41,5.89,5.62,5.48,6.2
AMN1,6.9,6.82,6.78,6.79,6.21,6.63,5.42,6.78,6.83,7,6.66,7.11,6.86,5.48,6.65,6.47,6.52,6.82,6.87,6.69,6.95,7.02,6.66,6.88,6.86,6.71,6.88,7.09,6.82,5.29,5.4,4.64,6.33,6.49,6.72,6.41,6.24,6.6,5.97,6.69,6.71,6.65,5.9,5.66,6.72,6.13,6.93,6.56,6.65,5.62
AMOT,5.6,5.53,5.32,5.91,5.06,5.13,4.81,5.78,5.53,5.55,5.41,5.53,5.46,5.43,5.94,5.52,5.62,5.43,5.55,5.81,5.27,5.55,5.47,5.35,5.58,5.39,5.32,5.64,5.19,5.45,4.9,4.45,5.21,5.58,5.56,5.85,5.41,5.61,4.05,5.64,5.9,5.56,5.12,5.27,5.64,5.47,5.87,5.57,5.51,5.81
AMOT,4.25,4.18,3.72,3.66,4.11,3.88,4.73,3.86,3.83,3.76,4.1,4.26,4.08,4.01,3.79,3.73,3.9,3.77,3.7,3.83,3.85,3.86,4.37,3.89,3.81,3.88,3.83,3.91,4.24,4.4,6.44,3.95,3.78,3.86,4.02,3.9,4.26,3.9,4.55,3.53,3.69,3.97,3.79,3.87,3.92,3.96,3.95,3.86,3.88,4.82
AMOT,5.53,5.23,5.32,5.2,5.03,5.45,3.93,5.41,5.41,5.34,5.49,5.4,5.23,4.49,5.56,5.21,5.49,5.15,5.25,5.51,5.46,5.5,5.36,5.21,5.2,4.75,4.73,5.47,5.58,4.45,4.41,4.74,5.43,5.37,5.14,5.74,5.45,5.37,4.45,5.42,5.28,5.29,5.39,5.75,5.63,5.69,5.52,5.61,5.55,4.11
AMOT,3.82,3.94,3.77,3.83,3.75,3.99,5.97,4.35,4.03,3.86,4.06,4.02,4.12,4.76,3.81,4.04,4.11,3.93,4,3.99,4.07,3.81,4.08,3.8,4.16,4,4.14,3.9,4.12,4.39,6.07,4.45,3.8,4.16,3.99,3.8,3.85,3.96,4.13,3.99,3.83,4.13,3.9,4.26,3.84,3.84,4.61,3.85,3.85,4.23
AMOTL1,6.16,5.96,6.14,6.13,6.39,6.41,5.24,5.8,6.1,6.31,6.14,5.86,6.04,5.53,6.35,6.43,6.32,5.65,6.13,6.11,5.45,5.79,6.3,6.37,6.48,6.36,5.57,6.2,6.13,4.63,5.49,5.67,6.77,6.92,6.94,6.81,6.46,6.54,4.71,6.11,5.51,5.95,5.89,6.7,5.91,6.18,5.97,5.97,6.07,5.01
AMOTL1,7.6,7.35,7.76,7.75,7.87,7.9,8.06,7.99,7.55,7.65,7.84,7.46,7.24,7.71,8.44,8.5,8.24,7.91,7.55,7.77,7.14,7.35,7.48,7.96,7.98,7.96,7.76,7.66,7.46,7.73,7.59,7.89,8.57,8.6,8.8,8.28,8.69,8.47,7.9,7.49,7.43,7.81,7.71,6.02,7.4,7.7,7.37,7.6,7.79,7.07
AMOTL1,7.4,7.62,7.55,7.52,7.46,7.69,7.5,7.26,7.55,7.46,7.76,7.41,7.2,7.74,8.18,7.94,7.96,7.64,7.47,7.65,7.21,7.44,7.66,8.01,8.01,7.89,7.81,7.64,7.71,8.25,6.81,8.82,8.16,8.31,8.39,8.22,8.25,8.21,6.16,7.4,7.46,7.55,7.8,7.09,7.7,7.32,7.57,7.42,7.52,7.06
AMOTL1,4.6,4.81,4.5,4.57,4.91,4.63,5.24,4.52,4.64,4.76,4.89,4.4,4.79,5.22,4.7,4.71,4.76,4.62,4.72,4.78,4.94,4.9,4.63,4.59,4.66,4.73,4.66,4.78,5.04,4.99,5.67,3.62,5.27,5.69,4.78,5.4,4.51,5.01,4.91,4.55,4.37,4.46,4.68,5.19,4.34,4.21,4.25,4.89,4.51,4.35
AMOTL2,4.04,4.32,4.27,4.15,4.21,4.28,4.64,3.99,4.29,4.35,3.98,4.42,4.3,4.48,4.15,4.39,4.3,4.58,4.23,4.29,4.2,4.6,4.09,4.07,4.31,4.24,4.3,4.12,4.02,4.33,5.81,4.49,4.31,4.32,4.63,4.33,4.08,4.23,4.29,4.12,4.5,4.09,4.55,4.3,4.4,4.66,4.13,4.08,4.21,4.54
AMOTL2,3.74,3.63,3.44,3.76,3.68,3.42,3.92,3.6,3.54,3.56,3.46,3.71,3.83,4.38,3.46,3.79,3.65,3.47,3.48,3.45,3.71,3.74,3.62,3.54,3.67,3.65,3.76,3.42,3.7,4.39,6.93,4.34,3.73,3.41,3.62,3.41,3.87,3.58,4.48,3.59,3.51,3.75,3.89,3.75,3.51,3.7,3.69,3.68,3.57,3.97
AMOTL2,4.41,4.16,4.77,4.44,4.25,4.34,4.26,5.03,4.35,4.4,4.37,4.48,4.46,5.3,4.31,4.35,4.8,4.61,4.62,4.51,4.66,4.36,4.33,4.63,4.49,4.36,4.55,4.42,4.57,4.95,7,5.01,4.62,4.78,4.49,4.41,4.88,4.37,4.67,4.61,4.36,4.41,4.59,4.9,4.49,4.63,4.19,4.46,4.46,4.52
AMPD1,4.41,4.68,4.27,4.83,4.82,4.66,4.81,4.73,4.14,4.47,4.84,4.38,4.35,5.74,4.72,4.91,4.83,5.2,4.73,4.87,4.07,4.95,5,4.71,4.65,4.25,4.36,4.56,4.64,5.19,5.53,5.35,4.54,4.67,4.74,4.55,4.62,4.79,4.99,4.44,4.7,4.5,4.82,4.8,5.09,5.04,5.35,4.27,4.5,5.5
AMPD2,8.03,7.79,8.12,8.26,8.73,8.57,7.89,8.16,7.97,7.99,8.24,8,7.88,7.62,8.06,8.03,8.12,8.29,8.14,8.14,8.01,7.96,8.25,8.11,8.26,8.05,8.32,8.1,8.15,8.16,6.47,8.07,8.12,8.02,8.26,8.18,8.42,7.9,7.88,8.25,8.13,8.29,8.39,8.19,8.06,8.36,8.23,8.03,8.31,7.96
AMPD2,6.16,5.72,6.24,6.14,5.22,5.41,6.21,6.57,5.71,5.93,5.69,5.88,5.85,4.99,5.97,6.07,5.89,5.92,6.12,5.8,6.29,6,5.66,6.31,5.42,5.84,6.1,6.14,6.04,4.98,5.42,4.91,5.69,6.29,6.24,5.97,5.54,5.81,4.94,6.45,5.79,5.84,5.55,5.74,6.52,6.05,5.64,6.24,6.01,6.39
AMPD2,6.34,6.07,6.62,6.38,6.18,6.68,5.47,7.11,6.12,6.28,6.14,6.32,5.76,6.11,6.25,6.49,6.43,6.63,6.65,6.57,6.12,6.19,6.02,6.74,6.47,6.44,6.37,6.41,6.12,5.89,6.6,5.52,6.32,6.47,6.46,6.18,5.9,6.65,6.05,6.45,6.35,6.17,5.98,4.61,6.6,6.68,6.7,6.46,6.72,6.12
AMPD2,7.86,7.8,8,8.1,8.17,8.05,8.18,8.03,7.86,8.06,7.95,7.98,7.64,7.65,8.09,8.13,7.94,8.17,8.06,7.85,7.66,7.94,8.14,8.22,8.05,7.92,7.79,8.09,7.97,6.68,7.73,7.05,7.89,8.24,8.07,8.12,7.69,8.09,7.17,8.17,8.16,8.02,7.89,7.27,7.94,7.84,8.1,8.19,7.94,7.27
AMPD3,4.3,4.39,4.41,4.86,4.77,5.13,4.8,4.35,4.4,4.5,4.44,4.65,4.16,5.05,4.83,4.44,4.8,4.69,4.71,4.62,4.58,4.63,4.32,4.8,4.85,4.72,4.51,4.76,4.62,4.99,5.15,4.58,4.45,4.71,4.73,4.8,4.86,4.88,4.82,4.66,4.16,4.66,4.34,5.05,4.83,4.46,4.59,4.38,4.26,5.17
AMPD3,4.23,3.92,3.56,3.78,3.8,3.76,3.93,3.86,3.84,4.07,3.98,4.37,3.91,3.77,3.95,4.14,4.25,3.89,3.74,3.86,4.15,4.06,4,4.19,4.17,4.09,4.05,4.1,3.65,4.37,4.98,4.59,3.97,4.24,4.31,3.67,3.6,3.99,4.17,3.69,3.71,3.83,3.86,4.47,3.81,3.71,3.78,3.8,3.89,3.9
AMPD3,4.3,4.29,4.25,4.48,4.35,4.38,4.96,4.36,4.42,4.26,4.22,4.28,4.64,4.32,4.46,4.4,4.44,4.38,4.36,4.16,4.77,4.43,4.36,4.14,4.24,4.34,4.21,4.09,4.04,4.65,4.8,5.42,4.55,4.55,4.08,4.2,4.48,4.21,5.13,4,3.97,4.44,4.36,5.75,4.72,4.21,4.58,4.19,4.08,5.61
AMPD3,4.15,4.03,3.68,3.93,3.86,4.01,4.62,3.58,4.02,4.23,3.94,4.02,4.09,5.95,4.03,3.81,3.9,3.97,3.63,3.71,4.09,3.73,3.9,3.77,4.04,3.79,3.97,3.88,4.02,5.15,5.45,5.35,4.04,3.95,3.92,3.97,3.79,3.82,5.26,4,3.8,3.76,4.56,4.66,3.93,3.75,3.67,3.79,3.8,4.69
AMPD3,4.99,5.31,5.29,5.46,5.22,4.78,5.32,5.35,5.14,5.42,5.56,4.95,5.13,4.61,5.31,5.47,5.67,5.6,5.41,5.3,5.53,5.49,5.61,5.45,5.4,5.48,5.47,5.46,5.18,5.16,5.9,6.09,4.98,5.23,5.44,5.52,5.13,5.6,5.52,5.16,5.39,4.97,5.48,5.94,5.46,5.48,6,5.45,5.29,5.61
AMPD3,4.81,5.18,4.62,4.88,4.45,4.63,4.23,4.73,4.78,5.27,4.74,5.06,5.03,4.95,4.97,4.83,4.82,4.82,4.57,4.66,4.94,5.11,4.93,4.77,5.2,4.99,4.77,5.03,4.97,6.3,6.38,5.45,4.94,4.79,4.9,4.9,4.91,5.29,5.07,4.67,4.79,5.07,4.6,5.09,5.23,4.41,4.95,4.79,5.07,4.4
AMPD3,4.97,4.91,4.97,5.08,5.13,5.27,4.96,5.27,4.98,4.92,5.09,4.71,5.04,5.33,5.23,4.84,5.45,5.19,5.14,5.02,5.17,5.12,5.41,5.38,5.39,4.81,5.04,5.05,5.21,5.94,5.62,7.03,4.79,4.93,4.97,5.06,5.24,5.1,5.39,4.9,4.95,5.25,5.1,6.1,5.27,5.35,5.22,4.9,5.07,5.32
AMPH,7.01,7.27,7.42,7.31,7.53,6.97,6.76,6.98,7.06,7.11,7.6,6.86,6.41,7.77,7.18,7.06,6.97,6.68,6.73,6.84,6.98,7.16,7.36,7.12,7.32,6.96,7.03,6.99,7.17,5.9,5.53,7.39,7.55,7.88,7.71,7.02,6.54,7.06,6.09,7.34,7.03,7.04,7.01,7.32,7.85,7.84,7.56,6.94,6.96,8.39
AMPH,4.5,4.07,4.3,4.26,4.51,4.75,4.8,4.66,4.26,4.26,4.29,4.37,4.41,5.52,4.43,4.36,4.31,4.14,4.03,4.29,4.46,4.49,4.23,4.37,4.37,4.16,4.53,4.43,4.58,5.98,6.46,6.22,4.39,4.51,4.44,4.63,4.65,4.52,5.48,5.05,4.58,4.81,4.52,5.07,4.57,4.86,4.5,4.14,4.7,6.06
AMT,5.21,5.08,5.35,5.44,5.71,5.37,4.47,5.27,4.92,5.22,5.68,5.07,4.98,6.13,5.66,5.72,5.79,5.38,5.33,5.49,5.37,5.49,5.35,5.39,5.86,5.6,5.12,5.44,5.29,5.07,6.78,6.53,5.39,4.74,5.39,5.54,6.11,5.49,5.75,5.45,5.54,5.88,5.76,6.82,5.69,5.27,6.09,5.27,5.37,6.4
AMT,5.43,5.26,5.28,5.44,5.65,5.57,5.06,5.89,5.46,5.53,5.32,5.41,5.3,5.41,5.35,5.65,5.32,5.48,5.44,5.38,5.35,5.89,5.54,5.48,5.37,5.36,5.4,5.5,5.45,4.48,4.72,6.15,5.05,5.42,5.51,5.32,5.83,5.56,5.52,5.59,5.43,5.32,5.53,5.95,6.1,5.42,5.45,5.52,5.26,6.78
AMT,4.7,4.63,4.57,4.87,4.39,4.52,3.78,4.8,4.73,4.63,5.03,5.11,4.76,4.62,4.94,4.6,4.72,4.65,4.25,4.75,4.94,4.71,4.71,4.75,5.04,4.7,4.48,4.71,4.49,3.67,3.96,3.94,4.98,4.48,4.3,4.92,4.8,4.73,3.84,4.68,4.07,5.25,4.34,4.11,4.87,5.32,4.37,4.73,4.64,5.4
AMT,6.69,6.39,6.78,7.07,7.41,7.14,7.71,7.17,6.64,6.72,7.01,6.68,6.69,7.35,7.15,7.1,7.07,7.07,6.94,6.92,6.92,7.3,7.18,7.05,7.42,7.06,6.64,7.06,6.68,7.37,8.32,7.24,6.02,6.78,6.74,6.87,7.14,7.27,6.91,7,7.22,7.6,7.06,6.51,7.31,7.46,7.46,7.1,6.78,6.98
AMT,3.76,3.77,3.91,3.94,4.12,3.93,4.06,4,3.78,3.85,3.96,3.92,3.94,3.58,4.04,3.97,3.9,4.03,3.88,3.8,3.89,4.23,4.18,4.15,3.68,4.14,4.17,3.86,3.84,4.32,4.86,3.69,3.97,3.83,3.9,4.03,4.01,4.23,3.93,3.71,4.19,4.32,4.11,3.34,3.94,4.6,4.36,4.09,3.82,3.97
AMT,4.05,3.75,3.66,3.83,3.78,4.23,3.9,3.69,4.1,4.07,4.07,3.98,3.79,3.75,3.9,4.19,3.72,3.78,3.96,4.04,4.41,3.9,4.05,3.93,3.79,4.01,3.95,4.03,3.49,4.06,5.88,5.01,4.11,3.82,3.91,3.79,4.24,4.13,4.53,3.82,4.17,4.27,3.83,4.8,4.31,3.88,4.27,3.74,4.06,3.81
AMT,5.14,5.45,4.82,5.24,4.78,5.18,4.89,5.46,5.16,5.23,5.28,5.01,5.34,5.61,5.18,5.3,5.48,5.13,5.6,5.06,5.2,5.44,5.53,5.07,5.09,4.85,5.14,5.38,5.15,5.06,3.99,4.86,5.25,5.19,5.46,5.17,5.31,4.8,4.7,4.61,5.15,5.41,4.87,5.07,5.53,4.82,5.79,5.57,5.14,5.32
AMT,4.41,4.58,4.04,4.67,4.51,4.36,4.49,4.69,4.46,4.3,4.54,4.85,4.63,4.95,4.59,4.73,4.49,5.03,4.32,4.44,4.81,4.36,4.84,4.78,4.87,4.45,4.84,4.66,4.57,4.8,6.84,5.56,4.44,4.81,4.51,5.17,4.44,4.58,4.84,4.42,4.39,4.75,4.27,4.51,4.36,4.33,4.46,4.35,4.6,6.57
AMT /// NICN1,5.67,6.01,5.75,6.06,5.76,5.39,5.97,5.02,5.81,5.73,5.75,5.93,5.77,6.07,5.91,5.7,5.85,5.64,5.52,6.01,5.67,6.01,5.83,5.64,6.14,5.62,6.05,5.95,5.86,5.77,5.2,5.99,5.89,5.83,5.62,5.72,5.68,5.7,6.66,5.71,5.53,5.69,5.29,5.34,5.58,5.86,5.74,5.69,5.91,7.65
AMTN,3.84,3.79,3.8,3.62,4.28,3.91,3.88,4.15,3.75,3.74,3.79,3.89,3.81,5.5,3.88,3.92,3.76,3.61,3.59,3.87,3.66,3.84,3.83,3.78,3.91,3.77,3.9,3.9,3.71,3.91,4.46,4.81,3.7,3.71,3.96,3.75,4.89,3.62,3.67,4.01,3.7,4.01,4.33,5.3,3.8,3.58,4.36,3.79,3.95,6.02
AMY1A /// AMY1B /// AMY1C,5.28,5.18,5.2,5.39,5.23,5.53,5.28,5.17,5.32,5.05,5.46,5.34,5.3,4.79,5.13,5.23,5.43,5.36,5.05,5.09,5.41,5.47,5.63,5.34,5.42,5.42,5.2,5.33,5.13,5.32,4.42,5.04,5.31,5.13,4.55,5.14,5.14,5.17,5.58,5.29,5.48,5.96,5.57,6.28,5.88,5.64,5.19,5.24,5.62,4.76
AMY1A /// AMY1B /// AMY1C /// AMY2A /// AMY2B,6.52,6.22,6.4,6.59,6.88,6.49,5.85,6.7,6.62,6.75,6.8,6.45,6.47,5.85,6.83,6.42,6.78,6.84,6.46,6.74,6.44,6.62,6.88,7.13,7.01,6.89,6.42,6.56,6.58,7.39,6.13,5.76,6.04,6.34,6.27,6.84,6.17,6.72,7.65,7.34,7.19,7.7,7.86,6.21,7.54,7.5,7.68,6.98,6.97,6.46
AMY1A /// AMY1B /// AMY1C /// AMY2A /// AMY2B,3.93,4.27,3.94,3.7,3.73,3.7,4.05,4.03,4.04,3.79,3.96,4.05,4.01,4.55,3.85,3.96,3.91,4,3.7,4.18,3.79,3.78,4,3.93,3.71,4.18,3.74,3.78,4.11,4.05,4.21,4.23,3.64,3.89,3.96,3.83,3.75,3.82,3.89,3.94,3.75,4.2,3.91,3.72,3.64,4.2,3.72,3.79,4.06,4.35
AMY2B,5.42,5.17,5.46,5.36,5.29,5.87,6.13,5.6,5.37,5.51,5.24,5.27,5.25,4.56,5.24,5.33,5.39,5.56,5.46,5.65,5.57,5.25,5.26,5.58,5.48,5.33,5.32,5.33,5.38,5.05,6.25,5.44,4.71,5.01,4.84,5.52,5.3,4.95,7.35,5.43,5.43,6.29,5.84,7.95,5.41,5.51,5.8,5.52,5.58,4.63
AMZ1,4.08,3.91,3.98,4.25,4.54,4.65,4.11,4.82,4.06,3.99,4.33,4.34,3.94,5.36,3.75,3.91,4.15,4.03,4.09,4.29,3.91,3.93,3.98,4.12,3.84,4.25,4.13,4.14,4.1,5.13,5.12,4.36,3.98,4.31,4,4.01,4.39,4.22,5.13,4.39,3.98,4.22,4.01,6.18,4.31,3.99,4.12,4.39,4.13,4.54
AMZ1,5.56,5.22,5.42,5.34,5.82,5.71,5.49,5.41,5.37,5.44,5.47,5.37,5.2,7.48,5.71,5.84,5.26,5.64,5.5,5.41,5.28,5.29,5.49,5.51,5.45,5.24,5.59,5.64,5.5,6.54,6.57,7.88,5.46,5.65,5.35,5.39,5.77,5.56,6.32,5.36,5.65,5.53,5.95,7.08,5.56,5.97,5.67,5.62,5.48,7.15
AMZ2,10.65,10.63,10.73,10.66,10.34,10.42,10.15,10.56,10.7,10.77,10.57,10.93,10.81,8.97,10.81,10.84,10.88,10.62,10.59,10.62,10.98,10.99,10.8,10.81,10.89,11.04,10.64,10.6,10.48,9.89,8.46,8.31,10.73,10.68,10.66,10.85,10.79,10.88,10.47,10.74,10.68,10.69,10.42,8.56,10.89,10.62,10.82,10.72,10.77,8.97
ANAPC1,9.4,9.56,9.4,9.42,9.42,9.46,9.36,9.37,9.37,9.45,9.65,9.19,9.4,8.22,9.04,9.04,9.04,9.25,9.3,9.27,9.06,9.18,9.22,8.86,8.89,8.99,9.46,9.25,9.63,9.66,8.77,8.4,8.92,8.87,8.8,8.93,9.25,9.03,9.27,9.43,9.41,9.02,9.16,6.92,9.19,9.17,9.02,9.34,9.62,7.58
ANAPC10,7.31,7.65,7.24,7.47,7.04,7.31,6.04,6.97,7.57,7.49,7.48,7.41,7.73,6.46,7.37,7.04,7.67,7.49,7.79,7.69,7.24,7.14,7.26,7.34,7.36,7.44,7.42,7.03,7.36,6.41,4.61,5.9,7.49,7.43,7.36,7.55,7.55,7.5,7.16,7.63,7.55,7.17,7.1,7.01,7.39,7.2,7.22,7.45,7.55,6.67
ANAPC11,12.25,12.41,12.34,12.32,12.4,12.37,12.09,12.15,12.38,12.39,12.45,12.25,12.33,12.13,12.3,12.25,12.39,12.45,12.43,12.34,12.25,12.12,12.17,12.11,12.2,12.18,12.37,12.29,12.43,12.15,12.02,12.09,12.03,12.02,11.98,12.31,12.29,12.3,12.15,12.45,12.44,12.23,12.38,12.06,12.36,12.29,12.29,12.33,12.42,11.94
ANAPC11,5.88,6.1,6.03,6.12,6.42,6,6.45,6.23,5.91,6.07,6.32,6.16,6.03,6.86,5.96,6.35,6.1,6.17,6.02,6.32,6.13,5.94,6.14,6.2,5.88,6.05,6.68,6.1,6.36,6.26,5.85,5.41,6.23,6.09,6.13,6.27,6.01,5.98,5.69,5.94,6.39,6.47,6.35,5.7,6.35,5.9,6.28,6.15,5.64,6.32
ANAPC11,11.02,11.04,11.15,11.01,11.17,11.07,11.07,11.09,11.05,11.06,10.93,11.06,11.02,7.63,10.95,10.92,10.99,11.31,11.33,11.13,10.82,10.75,10.79,10.86,10.85,10.78,11.08,10.99,11.08,10.9,6.01,8.93,10.65,10.7,10.71,11.01,11,11.12,10.95,11.22,11.28,10.98,11.05,7.2,11.15,11.07,11.01,11.11,10.99,7.96
ANAPC11,10.06,10.19,10.26,10.16,10.37,10.46,10.26,10.26,10.11,10.13,10.14,10.16,10,8.75,10.05,10.1,10.06,10.37,10.46,10.28,9.95,9.97,9.97,9.93,10.03,9.95,10.24,10.07,10.14,10.48,8.84,8.58,9.93,9.91,9.9,10.17,10.28,10.1,10.46,10.34,10.35,10.11,10.2,8.9,10.33,10.32,10.13,10.18,10.1,9.15
ANAPC11,10.52,10.59,10.68,10.51,10.7,10.68,10.69,10.62,10.5,10.54,10.39,10.57,10.55,8.21,10.42,10.56,10.55,10.79,10.82,10.65,10.37,10.31,10.25,10.3,10.36,10.38,10.67,10.51,10.54,10.65,7,8.49,10.39,10.26,10.28,10.5,10.65,10.54,10.82,10.67,10.73,10.57,10.59,7.39,10.69,10.66,10.56,10.62,10.58,8.82
ANAPC13,10.53,10.48,10.47,10.38,10.38,10.33,10.25,10.31,10.55,10.53,10.53,10.66,10.51,10,10.65,10.44,10.59,10.5,10.59,10.57,10.37,10.32,10.46,10.53,10.56,10.57,10.39,10.51,10.38,9.89,8.44,9.57,10.27,10.37,10.38,10.5,10.47,10.52,10.22,10.31,10.15,10.21,10.16,10.08,10.44,10.23,10.38,10.37,10.38,9.43
ANAPC13,9.5,9.33,9.39,9.37,9.19,9.21,9.48,9.5,9.44,9.56,8.92,9.54,9.5,5.88,9.43,9.52,9.46,9.56,9.52,9.49,9.47,9.26,9,9.36,9.5,9.55,9.44,9.37,9.12,7.18,5.84,7.58,9.41,9.37,9.3,9.32,9.29,9.32,9,9.29,9.26,8.77,8.92,6.89,9.41,9.32,9.3,9.28,9.2,7.28
ANAPC2,8.36,8.3,8.48,8.4,8.63,8.6,8.05,8.53,8.1,8.33,8.56,8.34,8.22,6.07,8.24,8.49,8.36,8.5,8.55,8.31,8.4,8.34,8.51,8.36,8.37,8.39,8.39,8.14,8.75,8.87,6.26,5.51,8.27,8.47,8.39,8.25,8.51,8.4,8.33,8.51,8.66,8.64,8.58,6.68,8.24,8.28,8.08,8.44,8.8,6.87
ANAPC2,4.32,4.29,4.53,4.45,4.88,4.7,4.74,4.13,4.53,4.19,4.37,4.39,4.19,4.95,4.74,4.39,4.27,4.69,4.33,4.43,4.29,4.44,4.38,4.46,4.52,4.47,4.25,4.63,4.44,4.49,4.74,5.08,4.46,4.31,4.64,4.5,4.29,4.26,4.21,4.32,4.3,4.74,4.3,5.02,4.49,4.4,4.66,4.42,4.31,5.51
ANAPC2 /// LOC650621,6.85,6.16,6.91,6.73,6.6,6.47,5,6.73,6.51,6.66,6.02,6.38,6.47,4.84,6.61,6.7,6.58,6.88,7.04,6.99,6.54,6.36,5.91,6.75,6.55,6.65,6.78,6.26,6.45,6.25,5.34,4.6,6.71,6.74,6.93,6.69,6.5,6.71,5.57,6.61,6.55,6.06,6.22,4.54,6.57,6.67,6.58,6.59,6.74,5.71
ANAPC4,9.52,9.35,9.5,9.53,9.57,9.54,9.51,9.73,9.59,9.63,9.59,9.53,9.44,8.46,9.43,9.47,9.39,9.53,9.56,9.72,9.6,9.5,9.7,9.45,9.45,9.37,9.57,9.47,9.66,9.25,7,7.76,9.4,9.4,9.4,9.43,9.37,9.5,9.57,9.59,9.66,9.62,9.46,8.94,9.62,9.54,9.63,9.58,9.59,8.05
ANAPC5,10.78,10.75,10.83,10.81,10.93,10.9,11.03,10.9,10.68,10.76,10.69,10.66,10.7,9.3,10.61,10.59,10.61,10.74,10.74,10.81,10.75,10.67,10.64,10.66,10.62,10.62,10.87,10.75,10.87,11.14,7.98,10.11,10.54,10.5,10.48,10.63,10.71,10.62,10.93,10.89,10.85,10.87,10.92,9.56,10.94,11.04,10.92,10.76,10.83,9.28
ANAPC5,11.25,11.28,11.24,11.26,11.26,11.26,11.05,11.2,11.25,11.33,11.29,11.07,11.15,10.23,10.82,10.92,11,11.17,11.21,11.16,11.05,11.07,11.19,10.94,10.88,11.01,11.28,11.15,11.27,11.35,10.14,10.6,10.83,10.86,10.72,10.93,11.03,11.1,11.06,11.13,11.22,11.19,11.21,10.01,11.23,11.27,11.21,11.17,11.27,9.2
ANAPC7,5.99,5.89,6.1,6.31,6.81,6.13,7.03,6.2,6.04,6.23,6.7,6.27,5.89,6.42,5.82,5.83,6,6.33,6.12,6.14,5.48,6.2,5.93,6.2,6.65,5.98,5.62,6.24,6.04,7.07,7.9,6.37,5.7,6.03,6.01,6.06,6.22,6.05,5.86,6.42,5.89,6.22,6.46,7.02,6.12,5.89,5.96,6.43,6.01,6.77
ANAPC7,8.38,8.32,8.25,8.38,8.53,8.24,8.46,8.07,8.4,8.34,8.55,8.29,8.51,7.22,8.05,8.05,7.95,8.27,8.36,8.53,8.03,8.38,8.26,8,8.25,7.91,8.34,8.33,8.61,7.98,7.08,7.43,7.49,7.69,7.37,8.13,7.85,8.05,7.29,8.23,8.36,8.24,8.18,7.26,8.53,8.41,8.42,8.25,8.62,7.15
ANAPC7,9.76,9.82,9.74,9.76,10.01,9.83,10.08,9.74,9.73,9.8,9.86,9.71,9.71,7.81,9.63,9.63,9.71,9.81,9.75,9.67,9.74,9.62,9.66,9.56,9.4,9.43,9.77,9.76,9.88,9.9,7.8,9.14,9.71,9.73,9.64,9.65,9.7,9.6,9.78,9.77,9.79,9.6,9.78,8.31,9.66,9.53,9.58,9.71,9.89,7.98
ANG,5.33,4.99,5.67,5.5,5.31,5.44,5.57,5.55,5.55,5.43,5.21,5.14,5.26,5.24,5.07,5.28,5.52,5.78,5.77,6.28,4.95,4.81,4.86,4.78,5.29,5.21,5.44,5.22,5.22,5.77,5.74,4.6,5.05,5.05,4.93,5.09,5.45,5.23,5.46,5.6,5.68,5.56,5.5,5.36,5.42,5.64,5.22,5.35,5.85,4.85
ANGEL1,5.22,4.89,5.39,5.37,5.4,5.46,5.6,5.45,5.4,5.28,5.44,5.2,5.18,7.26,5.25,5.66,5.24,5.47,5.25,5.09,5.3,5.62,5.52,5.57,5.32,5.39,5.34,5.18,5.28,4.94,6.41,5.3,5.16,5.51,5.65,5.45,5.27,5.69,5.14,5.45,5.3,5.33,5.08,6.15,5.14,5.29,5.43,5.22,5.67,5.55
ANGEL1,3.92,3.85,3.97,3.72,3.89,3.74,3.86,4.11,4.01,3.75,3.95,4.04,3.82,4.21,3.69,4.11,3.89,3.7,3.83,4.02,3.9,3.81,3.89,3.97,4.39,4,4.05,4.07,3.86,6.38,3.91,4.84,4,3.85,3.78,3.86,4.13,4.12,4.25,3.79,3.67,3.76,3.75,4.76,3.99,3.91,3.85,3.79,4,4.66
ANGEL1,4.1,4.22,4.19,4.43,4.12,4.95,5,4.35,3.85,3.98,4.4,3.81,4.02,4.7,4.44,4.26,3.97,4.34,4.52,4.52,4.03,4.44,4.04,4.49,3.9,4.07,4.3,4.39,4.07,4.82,4.51,6.04,4.38,4.02,4.13,4.07,3.68,4.37,4.02,4.01,4.35,4.09,5.6,5.55,4.43,4.53,4.76,4.24,4.13,6.57
ANGEL2,8.38,8.49,8.39,8.51,8.49,8.43,8.18,8.16,8.54,8.43,8.67,8.42,8.37,8.3,8.52,8.3,8.54,8.4,8.6,8.5,8.28,8.33,8.71,8.39,8.45,8.33,8.39,8.59,8.46,7.8,7.1,7.93,7.77,8.05,8.09,8.5,8.36,8.36,7.67,8.44,8.44,8.5,8.88,8.82,8.61,8.4,8.45,8.56,8.53,7.66
ANGEL2,7.2,7.11,7.19,7.42,7.15,6.98,6.68,7.05,7.21,7.12,7.32,7.25,7.28,5.7,7.15,7.12,7.27,7.04,7.06,7.27,7.01,7.31,7.3,7.16,6.89,7.19,7.14,7.42,7.2,5.89,4.23,6.42,7.21,7.28,7.1,7.34,6.92,7.24,7.69,7.38,7.33,7.11,7.17,7.47,6.78,6.9,7.17,7.42,7.25,7.12
ANGEL2,5.16,5.28,5.6,5.3,5.63,5.65,4.8,5.72,5.54,5.27,5.85,5.66,4.88,5.4,5.68,5.09,5.72,5.55,5.95,5.61,5.44,5.55,5.36,5.24,5.27,5.51,5.46,5.53,5,5.7,5.66,5.87,5.42,5.15,5.78,5.6,5.56,5.86,4.88,5.59,5.31,5.55,5.86,6.58,5.56,4.96,5.93,5.47,5.46,5.55
ANGPT1,4.4,4.54,4.54,4.66,4.66,4.28,4.75,4.61,4.31,4.31,4.59,4.48,4.26,5.02,4.23,4.59,4.37,4.56,4.44,4.41,4.36,4.54,4.37,4.62,4.17,4.46,4.36,4.77,4.29,4.22,6.61,4.17,4.62,4.36,4.55,4.31,4.25,4.56,4.17,4.33,4.44,4.64,4.7,4.45,4.26,4.24,4.66,4.48,4.47,5.48
ANGPT1,3.61,3.57,3.44,3.74,3.58,3.59,4.38,3.51,3.55,3.56,3.97,3.56,3.82,4.66,3.46,3.52,3.36,3.66,3.52,3.49,3.76,3.7,3.56,3.44,3.52,3.36,3.58,3.67,3.63,4.58,4.23,5.11,3.76,3.57,3.6,3.51,3.53,3.32,5.05,3.38,3.31,3.61,3.52,3.8,3.6,3.75,3.55,3.52,3.98,5.23
ANGPT1,4.47,4.41,4.48,4.39,5.01,4.33,5.17,4.76,4.48,4.47,4.82,4.4,4.33,6.41,4.59,4.68,4.45,4.53,4.46,4.6,4.36,4.5,4.4,4.45,4.6,4.37,4.44,4.6,4.51,5.59,4.83,5.82,4.54,4.5,4.56,4.53,4.47,4.35,5.47,4.37,4.52,4.71,4.73,5.78,4.64,4.63,4.47,4.71,4.5,6.84
ANGPT1,4.38,4.62,4.73,4.64,4.49,4.54,4.1,4.13,4.45,4.73,5.07,4.77,4.7,5.38,4.16,4.63,4.25,4.3,4.52,4.4,4.87,4.59,4.96,4.37,4.4,4.09,4.41,4.36,4.93,5.62,5.39,4.92,4.44,4.27,4.35,4.25,4.46,4.18,5.31,4.05,4.06,4.47,4.47,5.32,3.71,4.17,3.78,4.36,4.72,4.94
ANGPT2,4.16,4.09,4.15,3.9,3.89,3.9,5.37,4.3,4.05,4.28,4.09,4.02,4.01,6.47,4.03,4.04,4.09,4.26,3.97,4.19,3.87,4.03,3.96,4,4.18,3.73,4.32,3.98,4.16,4.44,5.45,5.88,3.75,3.84,3.92,3.89,3.68,3.73,4.11,4.12,3.91,3.98,3.96,5.8,4.45,3.71,3.87,3.94,3.92,6.59
ANGPT2,3.79,3.54,3.76,3.64,4.02,3.67,4,3.59,3.46,3.55,3.56,3.61,3.44,5.77,3.62,3.75,3.65,3.69,3.96,3.51,3.59,3.67,3.5,3.51,4.01,3.73,3.6,3.6,3.72,4.39,6.03,4.04,3.52,3.54,3.76,3.64,3.74,3.48,3.99,3.83,3.72,3.67,3.87,4.91,4.11,4.1,3.67,3.6,3.6,4.52
ANGPT2,4.04,4.57,4.35,4.13,4.53,4.18,4.5,4.12,4.23,4.23,4.63,4.19,4.12,6.51,4.52,4.62,4.57,4.12,4.12,4.33,4.13,4.72,4.33,4.47,4.28,3.94,4.41,4.11,4.12,4.33,4.07,5.29,4.3,4.36,4.15,3.99,3.83,4.24,4.49,4.17,4.04,3.88,5.24,6.07,4.01,4.22,3.71,4.19,3.82,5.64
ANGPT4,3.33,3.39,3.33,3.76,3.8,3.69,3.84,3.64,3.28,3.47,3.42,3.39,3.42,4.44,3.38,3.44,3.48,3.39,3.63,3.32,3.74,3.59,3.39,3.32,3.54,3.44,3.55,3.55,3.85,3.67,5.69,3.42,3.44,3.36,3.53,3.5,3.41,3.69,4.16,3.58,3.54,3.59,3.49,4.13,3.58,3.56,3.4,3.4,3.23,3.83
ANGPT4,4.06,4.13,3.87,4.19,3.87,4.17,3.99,4.01,3.95,4.11,4.09,4.23,4.05,4.02,3.78,4.11,3.87,4.13,3.9,3.98,4.1,3.98,4.06,3.81,3.96,3.77,4.23,3.93,4.14,5.51,4.34,3.7,4.29,4.05,4.26,3.79,4.19,3.73,4.03,3.95,3.93,4.41,4.12,5.33,4.34,3.75,3.77,4.06,3.91,6.53
ANGPTL1,3.33,3.31,3.22,3.21,3.49,3.5,3.88,3.3,3.14,3.24,3.23,3.28,3.23,3.6,3.34,3.67,3.37,3.46,3.12,3.45,3.38,3.19,3.17,3.11,3.2,3.47,3.38,3.32,3.22,4.13,4.78,3.65,3.21,3.26,3.42,3.25,3.66,3.46,4.49,3.61,3.36,3.27,3.64,4.19,3.44,3.41,3.25,3.26,3.24,4.09
ANGPTL1,4.02,3.91,3.55,3.85,3.65,3.74,4.27,3.62,3.59,3.58,3.83,3.64,3.8,3.39,3.6,3.74,3.59,3.86,3.62,3.75,3.61,3.8,3.7,3.8,3.72,3.55,3.54,3.75,3.73,5.31,5.32,3.86,3.9,3.57,3.75,3.67,4.13,3.56,3.88,3.58,3.71,3.67,3.81,4.13,3.64,3.81,3.78,3.41,3.64,3.68
ANGPTL1,3.27,3.41,3.46,3.36,3.55,3.48,3.66,3.65,3.14,3.36,3.27,3.27,3.37,4.04,3.39,3.42,3.26,3.45,3.56,3.36,3.25,3.36,3.28,3.31,3.35,3.34,3.58,3.32,3.52,4.41,5.15,3.89,3.35,3.32,3.34,3.41,3.47,3.34,3.74,3.59,3.47,3.48,3.53,4,3.4,3.4,3.6,3.18,3.41,4.07
ANGPTL2,3.96,4,3.95,3.9,3.94,3.87,4.22,3.85,3.83,3.75,3.84,3.86,4.03,4.66,3.91,3.8,3.73,3.76,3.75,3.51,3.98,3.91,3.84,3.61,4.15,3.8,3.69,3.74,3.89,4.43,4.82,3.74,3.96,3.99,3.92,3.93,4.04,3.68,4.28,3.59,3.83,3.8,4.2,4.16,3.95,3.97,3.83,3.87,3.95,5.17
ANGPTL2,4.08,4.17,4.02,4.27,4.38,4.07,3.84,3.67,3.97,4.05,4.27,4.14,3.91,5.45,4.21,4.08,3.78,4.27,4.1,4.19,3.97,4.07,4.18,4.31,4.06,4.03,3.88,4.06,4.2,4.5,4.94,4.29,4.02,3.91,4.29,4.24,4.51,4.34,5.04,3.82,4.02,4.18,3.95,5.21,4.37,4.37,4.69,3.94,4.11,5.81
ANGPTL2,3.68,3.81,3.76,3.86,4.13,4.31,4.28,4.16,3.85,3.95,3.72,3.74,3.5,4.03,4.01,3.91,4.23,4.25,4.42,4.23,3.94,3.88,3.85,4.44,3.98,4.22,4.01,3.86,4.17,4.81,5.51,4.92,3.84,3.78,3.92,4.19,3.98,4.33,4.07,4.23,3.83,4.26,3.88,5.48,4.46,4.02,4.12,3.91,4.04,6.66
ANGPTL3,3.55,3.3,3.53,3.38,3.94,3.62,3.84,3.59,3.42,3.24,3.5,3.36,3.5,6.33,3.57,3.64,3.56,3.66,3.46,3.49,3.49,3.6,3.49,3.65,3.57,3.71,3.55,3.53,3.54,3.71,5.33,6.23,3.33,3.46,3.66,3.56,3.41,3.45,4.15,3.66,3.75,3.91,3.64,4.72,3.57,3.93,3.5,3.68,3.56,5.15
ANGPTL3,3.4,3.5,3.51,3.36,3.32,3.42,4.22,3.68,3.43,3.41,3.29,3.29,3.38,4.34,3.44,3.52,3.24,3.37,3.3,3.48,3.6,3.48,3.5,3.66,3.7,3.36,3.55,3.43,3.34,4.38,4.06,4.33,3.39,3.47,3.67,3.43,3.56,3.4,3.9,3.34,3.31,3.37,3.48,3.97,3.42,3.63,3.4,3.41,3.5,4.07
ANGPTL4,4.48,4.54,4.56,4.63,5.14,4.58,5.38,4.44,4.5,4.64,4.69,4.56,4.68,5.07,4.66,4.72,4.59,4.61,4.43,4.51,4.51,4.46,4.63,4.47,4.54,4.57,4.75,4.57,4.59,5.48,5.66,4.78,4.82,5.03,4.84,4.6,4.82,4.64,5.6,4.51,4.79,4.63,5.04,5.03,4.84,4.71,4.94,4.62,4.59,5.01
ANGPTL5,3.63,3.71,3.53,3.64,3.84,3.93,4,3.69,3.7,3.6,4.01,3.7,3.6,3.89,3.47,4.12,3.54,3.53,3.75,3.56,3.51,3.58,3.64,3.46,3.5,3.35,3.67,3.84,3.72,4.99,5.95,6.3,3.62,3.53,3.59,3.9,3.74,3.55,4.12,3.81,3.71,3.48,3.57,5.29,3.83,3.73,3.85,3.68,3.7,3.86
ANGPTL6,3.71,3.77,4.12,4.04,4.2,4.1,3.69,4.46,4.01,4.01,3.98,3.98,3.99,4.25,4.04,4.4,4.15,4.01,3.91,4.11,3.97,4,3.99,4.1,4.2,4,4.26,4.07,4.35,5.29,5.59,3.83,4.07,4.17,4.25,4.36,4.07,4.52,4.32,4.32,4,4.19,4.26,4.89,4.14,4.78,4.13,3.99,4.09,5.07
ANGPTL7,4.05,3.96,4.01,3.81,4.44,4.11,4.01,3.86,3.84,4.16,4.05,3.91,3.83,5.22,4.32,4.18,4.03,3.98,3.95,3.93,3.93,4.24,4.12,4.01,4.03,3.65,4.17,3.93,4,4.84,4.06,4.67,3.97,3.99,3.91,4.27,3.96,3.86,4.79,3.92,4.23,4.08,4.16,5.33,4.03,4.42,4.49,3.9,4.02,5.14
ANK1,4.17,4.08,4,4.13,4.21,4.25,4.24,4.5,4.29,4.13,4.15,4.14,3.97,4.34,4.85,4.93,4.49,4.12,4.29,3.98,4.34,4.56,4.53,4.53,4.68,4.84,3.8,3.97,4.16,3.9,4.45,4.07,4.06,4.13,4.69,4.98,5.07,4.53,4.43,4.03,4.16,4.42,4.03,3.72,3.95,3.57,3.96,4.57,4.81,4.25
ANK1,4.6,4.17,4.5,4.35,4.64,4.39,4.81,4.38,4.13,4.16,4.57,4.35,4.14,5.2,4.95,5.14,5.27,4.36,4.29,4.46,5.02,5.35,5.03,5.15,4.73,4.46,4.3,4.13,4.51,4.07,5.05,4.24,4.87,4.99,4.88,4.77,5.16,5.8,3.9,4.37,4.62,4.41,4.36,5.56,4.12,4.32,3.83,4.56,4.73,5.54
ANK1,4.89,4.87,4.85,4.96,5.45,5.01,4.82,5.18,5.07,5.12,5.15,5.12,5.19,6.25,6.26,6.23,6.32,5.24,4.98,5.29,5.69,5.98,5.79,6.25,6.24,6.26,5.2,4.83,5.02,4.02,5.56,4.36,5.62,5.67,5.68,6.24,6.53,6.38,5.17,5.1,4.75,5.11,5.28,5.43,4.31,4.73,4.55,5.15,5.26,6.66
ANK1,4.15,4.2,4.08,3.99,4.35,4,4.3,4.11,4.14,4.28,4.33,4.43,4.4,4.3,4.46,4.56,4.52,4.3,4.31,4.07,4.19,4.28,4.37,4.25,4.57,4.58,4.38,4.42,4,4.98,4.39,4.28,5.09,4.47,4.58,4.78,4.23,4.96,5.5,3.73,3.93,4.03,3.94,4.67,4.11,3.85,3.97,4.17,4.18,5
ANK1,3.84,3.56,4.02,4.14,4.25,4.23,4.28,4.02,3.71,3.76,3.98,3.94,3.88,4.08,4.22,4.77,4.2,4.11,3.9,3.69,4.18,3.88,4,4.26,4.12,3.98,4.65,3.99,3.85,4.03,5.44,4.77,4.34,4.3,4.16,4.54,5.29,4.32,4.11,4.08,3.9,4.47,4.09,5.01,4.34,3.87,3.7,4.39,3.97,4.55
ANK1,5.7,5.66,5.55,5.81,6.21,5.92,5.69,5.5,5.55,5.36,5.89,5.68,5.61,7.88,6.13,6.57,6.17,5.71,5.6,5.86,5.97,6.22,6.15,6.67,6.14,6.49,5.74,5.73,5.97,6.29,7.11,6.55,6.23,6.17,5.77,6.09,6.25,6.58,5.43,6.15,5.85,6.48,5.98,6.2,5.24,5.08,5.35,5.96,5.86,6.23
ANK1,4.2,4.38,4.27,4.39,4.17,4.24,4.69,4.99,4.11,4.25,4.28,4.54,4.36,5.21,4.72,4.72,4.39,4.49,4.1,4.21,4.84,4.59,4.74,4.6,5.02,4.37,4.14,4.42,4.5,4.7,3.89,3.86,4.55,4.65,4.52,4.58,4.83,4.24,4.52,4.38,4.21,4.46,4.41,4.6,4.46,4.06,4.37,4.2,4.49,4.05
ANK2,3.93,4.09,4.47,4.15,3.84,3.87,4.12,4.1,4.07,4.18,4.18,4.08,3.84,4.38,4.14,4.17,4.14,3.96,4.27,3.96,3.98,4.15,4.09,3.98,4.33,4.16,4.42,4.05,4.1,3.99,4.23,5.99,4.3,4.09,4.16,4.18,4.8,4.47,4.4,4.42,4.49,4.35,3.91,6.49,4.36,4.08,4.01,4.15,4.3,5.23
ANK2,4.31,4.46,4.45,4.35,4.4,4.31,4.76,4.12,4.26,4.11,4.24,4.59,4.59,5.32,4.25,4.21,4.07,4.46,4.13,4.26,4.53,4.32,4.42,4.27,4.14,4.25,4.18,4.37,4.5,5.12,6.45,4.22,4.6,4.18,4.37,4.21,4.7,4.15,5.79,4.1,4.23,4.03,4.85,5.92,4.06,4.35,4.41,4.37,4.58,4.48
ANK2,3.63,3.58,3.58,3.7,3.6,3.62,3.68,3.57,3.57,3.54,3.61,3.63,3.7,4.45,3.5,3.58,3.59,3.98,3.8,3.57,3.95,3.54,3.75,3.43,3.58,3.93,3.65,3.57,3.61,4.43,4.05,4.27,3.68,3.67,3.81,3.66,3.61,3.33,4.08,3.3,3.58,3.69,3.5,5.6,3.83,3.69,4.16,3.47,3.63,3.64
ANK2,4.51,4.5,4.44,4.79,4.48,4.23,5.44,4.33,4.39,4.29,4.37,4.49,4.31,5.23,4.24,4.33,4.44,4.45,4.26,4.35,4.69,4.41,4.42,4.29,4.49,4.34,4.66,4.48,4.37,4.64,5.31,4,4.49,4.46,4.31,4.36,4.61,4.7,4.87,4.41,4.08,4.51,4.49,4.95,4.8,4.74,4.49,4.36,4.29,5.69
ANK2,5.24,4.83,5.26,4.97,5.27,5.28,5.53,5.46,5.01,5.16,5.4,5.11,4.56,5.03,5.38,5.34,5.34,4.91,5.54,5.77,4.83,5.33,4.83,5.25,5.56,5.25,5.82,5.81,5.37,5.19,5.49,6.14,5.24,4.89,5.35,5.76,5.29,5.17,6.14,5.86,5.99,5.11,5.35,5.92,6.17,6.02,6.48,5.48,4.78,5.89
ANK3,4.13,4.27,4.85,4.58,4.08,4.38,4.09,4.35,4.48,4.59,4.19,4.4,4.34,4.55,4.02,4.46,4.04,4.66,4.43,4.4,3.93,4.33,4.32,4.32,4.15,4.04,4.47,4.49,4.27,5.53,5.49,4.71,4.03,4.2,4.09,4.29,4.32,4.01,4.91,4.56,4.47,4.21,4.36,4.41,3.97,3.9,4.19,4.52,4.49,4.4
ANK3,3.86,3.79,3.9,3.75,4.02,3.97,4.12,3.65,3.67,4.04,4.42,3.93,3.72,4.51,3.7,3.75,3.77,3.97,3.62,3.75,4.1,4.04,3.87,3.58,3.78,3.59,3.97,3.93,4.18,5.2,5.76,4.91,3.81,3.72,3.54,3.69,3.72,3.73,4.36,3.77,3.89,3.85,3.72,4.29,3.64,3.67,4.06,3.87,3.74,4.43
ANK3,4.03,3.95,3.95,4.01,3.85,4.77,4.51,4.11,4.08,3.96,4.02,4,3.98,5.08,3.78,3.99,3.93,4.67,4.31,4.02,3.61,3.93,4.06,3.88,4.15,4.07,4.1,3.93,4.13,4.51,7.08,5.43,3.93,3.81,4.38,4.11,4.31,3.63,4.72,4.05,4.38,3.92,4.09,6.61,4.08,5.07,4.24,4.16,3.76,4.76
ANK3,3.67,3.66,3.71,4.11,4.01,3.66,4.77,3.96,3.59,3.81,3.99,3.83,3.6,4.33,3.59,3.38,3.87,4.12,3.73,3.83,3.95,3.61,3.54,3.73,3.97,3.51,3.75,3.94,3.81,3.75,5.86,4.76,3.6,3.77,3.83,3.92,3.82,3.95,4.05,3.56,3.51,3.73,3.66,3.59,3.86,3.7,3.44,3.89,3.71,4.17
ANKAR,3.55,3.54,3.45,3.57,4.36,3.88,3.89,3.55,3.4,3.65,3.38,3.69,3.44,4.2,3.45,3.51,3.47,3.62,3.45,3.48,3.51,3.53,3.55,3.52,3.44,3.46,3.58,3.48,3.66,5.19,5.11,4.52,3.5,3.54,3.44,3.44,3.67,3.39,4.25,3.48,3.54,3.83,3.69,5.64,3.94,4.56,3.58,3.52,3.42,4.23
ANKAR,4.77,4.72,4.68,4.66,5,4.77,4.8,4.27,4.65,4.71,5.15,4.74,4.71,5.18,4.82,5.02,4.56,4.76,4.36,4.54,4.93,4.99,4.8,4.61,4.55,4.43,4.55,4.79,4.63,4.6,4.66,4.1,4.64,4.62,4.59,4.52,4.45,4.33,4.47,4.53,4.21,5.17,4.5,5.05,4.68,4.6,4.54,4.52,4.77,4.8
ANKAR,4.21,4.33,4.29,4.1,4.32,4.42,4.45,3.86,4.39,4.24,4.61,4.39,4.11,4.98,4.33,4.6,4.47,4.03,4.45,4.25,4.34,4.13,4.27,4.27,4.29,4.09,4.21,4.16,4.22,5.74,6.24,4.3,4.38,4.23,4.21,4.25,4.28,4.01,4.23,4.29,4.4,4.04,4.25,5.11,4.06,4.15,4.27,4.31,4.35,4.98
ANKDD1A,4.68,4.81,4.57,4.49,4.84,4.45,5.17,4.93,4.42,4.7,4.63,4.64,4.75,4.87,4.33,4.53,4.8,4.51,4.77,4.66,4.56,4.52,4.68,4.82,4.72,5.07,4.64,4.73,4.7,5.1,4.55,5.41,4.51,4.63,4.39,4.54,4.77,4.51,4.54,4.82,4.79,5.35,4.93,4.69,4.83,4.52,5.01,4.82,4.69,4.72
ANKDD1A,4.46,4.67,4.6,4.62,5.12,4.47,4.49,4.48,4.24,4.68,4.6,4.36,4.38,5.61,4.26,4.55,5.08,4.29,4.8,4.83,4.42,4.36,4.54,4.27,4.81,4.39,4.51,4.32,4.71,3.88,4.92,5.96,4.03,4.44,4.59,4.36,4.59,4.57,4.99,4.66,4.82,4.54,4.76,6.87,4.21,4.26,4.22,4.46,4.47,6.65
ANKDD1A /// PLEKHO2,4.34,4.14,4.06,4.57,4.14,4.25,4.84,4.43,4.27,4.33,4.34,4.5,4.59,6.02,4.31,4.05,4.31,4.79,4.41,4.36,4.66,4.42,4.28,4.47,4.21,3.96,4.34,4.71,4.26,4.79,4.39,5.13,4.54,4.33,4.28,4.29,4.32,4.33,4.5,4.45,4.65,4.29,4.62,6.23,4.2,4.43,4.51,4.53,4.71,5.04
ANKFN1,3.77,3.79,3.76,3.86,3.89,3.7,3.97,3.49,3.97,3.94,3.96,3.56,3.69,3.95,3.94,3.78,3.81,3.66,3.91,3.75,3.79,3.9,3.97,3.71,3.86,3.68,3.86,3.98,3.66,3.96,4.45,4.38,3.71,3.8,3.64,3.7,3.94,3.83,3.58,3.57,3.46,3.77,3.86,4.68,3.64,3.73,3.8,3.77,3.78,4.54
ANKFY1,5.55,5.82,6.06,5.75,5.5,6.04,5.07,5.79,5.72,5.73,5.98,5.82,5.53,4.6,5.75,5.54,5.71,5.11,5.82,5.76,5.54,5.36,5.86,5.87,5.76,5.23,5.99,5.42,6.21,5.96,4.98,4.66,4.76,5.26,5.1,5.24,6.02,5.6,6.71,6.04,5.99,6.27,5.77,4.86,5.73,5.95,6.1,5.63,6.06,4.25
ANKFY1,7.15,7.32,7.27,6.87,7.16,7.52,6.75,7.28,6.96,7.1,7.64,7.17,7.19,6.7,6.94,6.79,7.19,6.83,6.96,6.95,7.15,7.01,7.16,6.81,7,6.88,7.47,6.99,7.48,6.99,8.44,5.57,6.66,6.91,6.67,7.13,6.71,6.76,6.72,7,7.22,7.53,7.64,6.47,7.3,7.3,6.91,7.15,7.47,6.36
ANKFY1,7.31,7,7.47,7.35,7.53,7.02,6.46,7.56,7.14,7.34,7.29,7.38,7.22,6.73,7.39,7.57,7.56,7.36,7.27,7.36,7.21,7.32,7.25,7.81,7.31,7.38,7.46,7.58,7.27,6.67,5.6,7.04,7.44,7.5,7.5,7.33,7.14,7.31,7,7.76,7.32,7.07,7.18,6.83,7.44,7.55,7.57,7.42,7.32,6.8
ANKFY1,7.82,7.75,7.83,7.97,8.03,7.55,7,8.04,7.68,7.82,7.87,7.77,7.52,6.58,7.6,7.84,7.53,7.77,7.85,7.69,7.53,7.5,7.62,7.6,7.78,7.72,7.79,7.69,7.74,6.66,6.42,6.24,7.48,7.62,7.47,7.49,7.51,7.72,7.24,8.07,7.87,7.98,7.82,6.36,8.19,7.84,8,7.65,8,7.17
ANKFY1,5.55,5.17,5.46,5.54,5.96,5.78,4.94,5.67,5.53,5.66,5.47,5.66,5.12,6.39,5.48,5.23,5.53,5.4,5.44,5.79,5.3,5.38,5.15,5.6,5.75,5.62,5.45,5.69,5.34,5.28,4.97,5.35,5.42,5.64,5.51,5.82,5.32,5.58,5.96,5.75,5.38,5.43,5.32,5.61,5.65,5.19,5.88,5.76,5.62,5.69
ANKFY1,4.24,3.9,3.84,3.91,3.41,3.76,4.1,3.55,3.75,3.7,3.88,3.88,3.64,4.32,3.97,3.71,3.55,3.66,3.58,3.67,3.46,3.54,3.8,3.97,3.95,3.49,3.72,4.24,3.5,3.77,6.11,4.93,3.81,3.92,3.74,3.74,4.13,3.89,3.4,3.99,3.7,4.16,3.44,3.9,3.34,3.42,3.82,3.89,3.52,3.67
ANKH,4.07,4.33,3.98,3.87,4.11,3.8,4.08,3.63,3.86,4.08,4.23,3.81,4.05,4.17,3.84,3.59,4.08,3.9,3.97,3.94,3.98,4.06,3.79,3.73,4.18,4.07,3.74,4.14,4.56,4.73,5.59,3.93,3.9,3.92,3.66,3.86,3.7,3.95,3.68,3.64,3.72,3.98,3.91,5.18,3.82,3.65,3.67,3.74,3.94,5.36
ANKH,8.88,8.96,8.87,9.02,8.94,9.04,8.37,8.93,9.13,8.99,8.94,8.71,8.68,9.28,8.74,8.43,8.78,8.96,8.96,8.8,8.44,8.64,8.58,8.63,8.54,8.64,8.89,9.08,8.86,9.55,7.91,8.87,8.44,8.63,8.83,8.83,8.79,8.79,8.17,8.46,9,9.06,9.06,9.6,8.92,8.93,8.95,8.97,8.82,8.7
ANKH,5.95,5.66,6.15,6.07,5.81,5.38,5.62,6.39,5.91,6.13,5.7,5.98,5.58,4.83,5.92,5.52,5.79,6.06,5.95,6.07,5.31,5.33,5.33,5.84,5.85,6.11,5.91,5.92,5.99,5.55,3.78,4.95,5.94,5.87,5.84,5.95,5.39,5.69,5.22,6.04,6.01,6.12,5.51,5.92,6.4,5.55,6.1,5.8,6.12,4.67
ANKH,4.62,4.41,4.47,4.56,4.78,4.6,5.29,4.6,4.73,4.51,4.56,4.47,4.21,5.22,4.75,4.33,4.7,5.02,4.47,4.7,4.4,4.44,4.19,4.65,4.99,4.01,4.05,4.94,4.43,5.03,5.34,6.44,4.57,4.5,4.6,4.57,4.41,4.61,4.63,5.11,4.97,4.78,4.73,4.8,4.91,4.09,4.75,4.61,4.44,5.65
ANKH /// TSPAN3,10.18,10.15,10.11,10.13,9.97,9.96,10.01,10.2,10.11,10.25,10.14,10.18,9.97,9.27,10.2,10.09,10.29,9.94,9.98,10.06,10.08,10.02,10.09,10.19,10.03,10.12,10.1,10.09,10.04,9.83,10.14,9.58,10.42,10.37,10.24,10.22,10.17,10.28,9.69,9.98,9.9,10.03,9.98,8.3,9.99,10.05,10.11,10.03,10.14,8.15
ANKHD1,8.76,8.45,8.91,8.78,8.83,8.77,8.73,8.96,8.68,8.87,8.45,8.6,8.34,7.18,8.67,8.64,8.62,9.03,8.85,8.95,8.73,8.69,8.26,8.72,8.77,8.64,8.9,8.8,8.59,7.55,5.37,7,8.57,8.54,8.67,8.69,8.42,8.75,8.22,8.82,8.69,8.71,8.59,7.61,9.1,8.93,8.76,8.74,8.56,6.25
ANKHD1,6.25,6.15,6.54,6.24,6.66,6.21,5.43,6.24,6.41,6.42,6.2,6.11,6.2,4.3,5.97,5.22,6.1,6.36,6.31,6.53,6.1,6.05,6.21,6.07,6.07,6.11,6.29,6.21,6.32,5,5.94,5.24,5.88,6.1,5.7,5.97,5.75,5.8,6.03,6.1,5.93,6.14,5.95,4.37,6.25,6.37,6.37,6.12,6.53,5.14
ANKHD1 /// ANKHD1-EIF4EBP3,9.99,10.03,9.92,9.9,10.04,10.03,10.25,10.01,9.94,9.93,10.26,9.65,9.67,9.18,10.02,10.1,9.99,9.87,9.92,9.97,9.91,9.99,10.12,10.07,10,9.89,9.99,9.92,10.19,10.3,7.35,9.27,10.1,10.08,10.12,10.05,9.99,9.79,9.93,9.89,10.02,10.27,10.21,8.31,10.01,9.88,9.82,9.81,9.96,9.57
ANKHD1 /// ANKHD1-EIF4EBP3,8.31,8.58,8.22,8.21,8.02,7.83,7.97,7.92,8.47,8.36,8.47,8.28,8.45,6.03,8.35,8.44,8.48,8.19,8.16,8.2,8.24,8.17,8.41,8.21,8.11,8.31,8.05,8.02,8.14,8.18,5.23,6.23,8.34,8.54,8.24,8.38,8.17,8.32,8.05,8.05,8.13,8.4,8.2,6.82,7.8,7.79,7.72,8.23,8.46,5.42
ANKHD1 /// ANKHD1-EIF4EBP3,9.65,9.79,9.47,9.51,9.58,9.58,9.06,9.18,9.61,9.57,9.82,9.62,9.75,8.66,9.87,9.67,9.78,9.4,9.5,9.54,9.39,9.49,9.98,9.6,9.56,9.62,9.41,9.52,9.63,9.57,7.01,8.12,9.6,9.71,9.71,9.68,9.62,9.67,9.1,9.38,9.47,9.6,9.66,8.39,9.24,9.34,9.28,9.46,9.74,7.84
ANKHD1 /// ANKHD1-EIF4EBP3,7.9,7.41,7.71,7.79,7.31,7.56,7.06,7.91,7.81,7.87,7.2,7.67,7.47,6.62,7.39,7.45,7.53,7.78,7.9,7.85,7.63,7.7,7.15,7.62,7.58,7.49,7.8,7.73,7.16,5.58,6.42,6.44,7.71,7.65,7.76,7.72,7.12,7.75,6.62,7.66,7.52,7.01,7.16,6.49,7.85,7.66,7.68,7.69,7.59,6.02
ANKHD1-EIF4EBP3 /// EIF4EBP3,7.32,7.3,7.3,7.37,7.77,7.79,7.73,7.66,7.24,7.28,7.65,7.22,7.07,6.25,7.45,7.43,7.27,7.34,7.07,7.04,7.31,7.29,7.6,7.25,7.29,7.14,7.44,7.34,7.5,8.29,5.71,5.84,7.41,7.55,7.47,7.42,7.5,7.28,6.8,7.44,7.6,7.72,7.73,6.51,7.61,7.52,7.58,7.21,7.48,6.12
ANKIB1,8.12,8.33,7.95,8.09,7.81,7.82,7.57,8.07,8.13,8.35,8.14,8.1,8.15,7.94,8.07,8.05,8.07,8.04,8.14,7.82,8.17,8.28,8.21,7.99,8.12,8.11,7.99,8.12,8.04,7.59,7.24,8.16,8.17,8.23,8.05,8.13,8.05,8.01,8.15,8.02,8.15,8.08,7.92,8,8.07,8.07,8.19,8.13,8.17,7.57
ANKIB1,8.65,8.95,8.52,8.76,8.59,8.74,8.58,8.78,8.91,8.71,9.22,8.81,8.62,8.55,8.87,8.76,8.87,8.58,8.57,8.8,8.58,8.94,9.22,8.63,8.95,8.7,8.54,8.72,8.92,8.85,7.13,8.12,8.63,8.5,8.76,8.86,8.51,8.45,8.82,8.79,8.84,8.85,8.81,8.5,8.69,8.9,8.82,8.84,9.14,7.97
ANKIB1,9.44,9.41,9.21,8.99,8.92,9.18,9.24,9.16,9.24,9.24,9.71,9,8.97,6.57,9.37,9.43,9.39,9.16,9.06,9.2,9.48,9.49,9.73,9.43,9.42,9.43,9.34,9.22,9.55,8.03,7.05,8.32,9.26,9.1,9.15,9.26,9.28,8.93,9.36,9.25,9.3,9.52,9.46,7.02,9.32,9.68,9.34,9.06,9.06,6.72
ANKK1,3.65,3.82,3.97,3.91,3.68,4.22,4.18,3.82,3.88,4.2,3.61,3.74,3.82,3.88,4.1,3.53,3.99,4.24,3.89,3.98,4.09,3.8,3.91,4.16,3.92,4.18,4.14,3.93,3.96,4.22,4.08,4.62,3.86,3.96,4.04,3.69,4.38,3.82,3.9,4.5,4,3.96,4.39,4.57,4.32,4.23,3.93,4.85,3.96,5.05
ANKLE1,4.08,4.14,3.83,3.98,3.66,3.8,3.66,3.52,3.93,3.85,3.87,3.93,4.06,3.91,3.73,3.92,3.7,3.9,3.62,3.61,4.22,3.92,4.22,3.97,3.46,3.87,3.86,3.59,3.98,4.45,3.92,3.49,3.78,3.65,3.72,3.75,3.71,3.66,3.58,3.83,3.53,4.15,4.09,4.56,3.59,3.72,3.63,3.76,3.96,3.61
ANKLE1,5.45,5.72,5.66,5.61,5.96,5.94,5.74,6.01,5.69,5.56,5.8,5.48,5.53,6.6,5.74,5.6,5.51,5.84,5.65,5.43,5.71,5.86,5.67,5.76,5.79,5.66,5.74,5.85,5.96,5.8,5.41,7.02,5.57,5.54,5.88,5.7,5.71,5.54,5.76,5.64,6.04,5.97,5.88,5.89,5.74,6.18,5.7,5.58,6.05,6.55
ANKLE1,4.5,4.14,4.12,4.39,4.21,3.91,5.36,4.21,4.1,4.26,4.37,4.46,4.26,4.29,4.03,4.54,4.2,4.11,4.29,4.17,4.39,4.58,4.11,4.01,4.36,4.36,4.2,4.18,4.35,6.79,5.57,6.1,4.52,4.41,4.65,4.01,4.89,4.2,5.59,4.57,4.15,4.05,4.29,5.79,4.43,4.59,4.05,4.08,4.19,5.66
ANKLE1,5.27,5.23,5.08,5.15,5.45,5.44,5.15,5.36,5.09,5.48,5.11,5.27,5.21,5.61,5.29,5.44,5.26,5.51,5.3,5.28,5.52,5.37,4.83,5.04,4.83,5.85,5.1,5.05,5.07,5.39,5.39,4.97,5.12,5.29,5.36,5.03,5.39,5.01,6.14,4.95,5.48,5.17,5.09,4.84,5.2,4.7,4.66,5.41,5.31,5.62
ANKLE1,4.16,4.39,5.11,4.47,5.03,4.41,4.32,5.11,4.48,4.73,4.32,4.6,4.38,4.18,4.59,4.75,4.62,5.03,4.43,4.47,4.27,4.19,4.26,4.62,4.5,4.49,4.28,4.59,4.79,4.54,4.82,4.9,4.52,4.43,4.58,4.57,4.62,4.38,4.83,4.34,4.68,4.41,4.4,3.9,4.27,4.72,4.52,4.58,4.63,4.55
ANKLE1,3.81,3.66,3.76,3.89,4.46,3.55,4.87,4.47,3.97,3.95,3.66,3.72,3.96,4.51,3.68,4.33,4.08,3.71,4.19,4.04,3.81,3.77,3.87,3.65,3.73,4.06,4.14,3.89,3.6,3.74,4.68,3.82,3.85,4.06,4.1,3.79,3.86,3.91,3.86,3.87,4.13,3.79,4.21,3.81,3.63,4.05,3.99,3.89,3.77,4.19
ANKLE2,9.41,9.27,9.4,9.38,9.22,9.07,8.85,9.53,9.19,9.53,9.07,9.32,9.26,7.38,9.56,9.56,9.54,9.21,9.23,9.36,9.56,9.62,9.21,9.61,9.68,9.66,9.35,9.5,9.33,6.6,7.82,8.48,9.78,9.85,9.8,9.39,9.31,9.44,8.68,9.42,9.2,9.62,9.58,9.09,9.36,9.35,9.51,9.36,9.39,7.13
ANKLE2,8.95,8.85,8.94,9.01,9.22,8.89,8.59,9.37,9.04,9.08,9.03,8.92,8.78,7.79,9.08,9.17,9.2,8.76,8.91,9.03,9.18,9.25,9.28,9.39,9.39,9.38,9.1,9.06,9.01,7.32,6.17,8.62,9.28,9.33,9.41,9.23,9.18,9.24,8.74,9.14,9.04,9.39,9.44,8.95,9,9.33,9.17,9.12,9.19,7.77
ANKLE2,9.41,9.6,9.2,9.41,9.21,9.29,8.95,9.08,9.52,9.32,9.55,9.26,9.45,9.02,9.36,9.35,9.6,9.13,9.03,9.18,9.6,9.56,9.93,9.33,9.57,9.57,9.41,9.15,9.64,9.25,7.83,7.52,9.41,9.5,9.45,9.48,9.31,9.3,8.74,9.28,9.53,9.77,9.83,8.33,9.26,9.54,9.36,9.41,9.78,8.29
ANKLE2,8.21,8.01,8.04,8.02,8.18,8.2,8.01,8.55,8.05,8.14,8.04,7.99,7.86,6.58,8.12,8.43,8.34,7.96,7.98,8.05,8.42,8.43,8.36,8.62,8.56,8.41,8.2,8.23,8.08,6.68,5.07,7.31,8.6,8.63,8.65,8.17,8.13,8.37,7.79,8.15,8.14,8.48,8.54,6.76,8.15,8.19,8.32,8.16,8.18,6.85
ANKMY1,5.91,6.12,6.1,6.12,6.15,6.23,6.16,5.74,5.74,5.94,6.07,6.08,6.01,6.02,5.86,5.52,5.77,6.19,6.07,6.07,6.14,5.87,5.77,5.79,5.8,5.52,6.04,5.94,6.22,6.2,5.79,6.29,6.01,5.77,5.86,5.66,5.5,5.99,5.58,5.88,5.53,5.94,6.28,6.62,5.44,6.06,6.02,5.84,5.95,6.42
ANKMY1,4.58,4.64,4.74,5.06,4.81,5.44,4.55,4.92,4.65,4.85,4.53,4.68,4.69,5.8,4.56,4.79,4.87,4.84,5.26,4.8,4.68,4.64,4.5,5.28,4.85,4.85,4.86,4.87,4.61,5.53,6.33,5.9,4.68,4.69,4.53,4.5,4.89,4.96,5.29,4.61,4.99,4.91,4.97,5.63,4.79,4.87,5.01,5.16,4.46,5.54
ANKMY1,3.85,3.83,3.88,4.16,4.68,4.01,4.02,3.79,4.06,3.92,4.08,4.06,4.03,4.21,3.94,4.09,3.87,3.88,4.07,4.05,4.03,4.08,3.98,3.94,3.78,3.73,3.71,3.95,4,4.17,4.88,3.68,3.84,3.97,4.15,3.98,3.62,3.75,4.37,3.98,4.17,3.86,3.77,4.08,3.77,3.84,4.35,3.93,3.86,4.14
ANKMY2,10.33,10.5,10.38,10.47,10.65,10.61,10.26,10.58,10.49,10.48,10.69,10.45,10.47,10.82,10.62,10.51,10.42,10.49,10.45,10.61,10.47,10.53,10.62,10.78,10.68,10.61,10.39,10.38,10.44,10.23,10.32,10.53,10.4,10.44,10.57,10.59,10.47,10.53,10.4,10.67,10.6,10.02,10.01,10.46,10.59,10.49,10.58,10.36,10.48,10.07
ANKRA2,7.78,7.76,7.53,7.82,7.35,7.24,6.9,7.61,7.92,7.67,7.64,8.2,8.23,5.91,8.8,8.71,8.73,7.71,7.64,7.72,8.67,8.53,8.97,8.77,8.72,9.06,7.38,7.71,7.5,7.4,7,5.97,8.86,8.97,8.93,8.81,8.73,8.84,6.94,7.45,7.74,7.64,7.65,5.47,7.37,7.24,7.64,7.88,7.8,5.48
ANKRA2,8.43,8.27,8.32,8.32,7.61,8.02,7.3,7.87,8.55,8.32,8.43,8.77,8.89,7.03,9.54,9.36,9.37,8.21,8.23,8.32,9.21,9.43,9.58,9.38,9.54,9.55,8.15,8.31,7.97,7.59,6.09,5.61,9.49,9.6,9.51,9.45,9.09,9.4,7.47,8.24,8.14,8.31,8.34,7.01,8.02,8.17,8.21,8.58,8.51,6.02
ANKRD1,3.78,3.97,3.79,3.77,3.75,3.98,3.88,3.57,3.76,3.57,3.93,3.88,3.88,4.14,3.78,3.83,3.97,3.57,3.76,3.53,3.58,3.66,3.76,3.79,3.91,3.75,3.63,3.88,3.63,4.73,6.73,5.22,3.9,3.63,3.85,3.48,3.5,3.53,5.23,3.68,3.97,4.01,3.5,4.97,3.72,4.14,3.63,3.49,3.73,4.48
ANKRD10,9.98,9.91,9.89,9.9,9.62,9.68,9.47,9.77,9.91,9.85,9.68,10,9.99,9.23,9.61,9.57,9.56,9.67,9.82,9.86,9.71,9.63,9.97,9.46,9.48,9.53,9.77,9.83,9.89,9.89,6.52,9.46,9.01,9.17,8.88,9.42,9.46,9.58,9.77,9.81,9.79,9.94,9.89,8.82,9.41,9.33,9.62,9.86,9.87,8.79
ANKRD10,10.89,10.7,11.02,10.97,11.01,11.18,11.28,10.86,10.84,10.69,10.94,10.79,10.88,10.6,10.77,10.93,10.86,10.89,10.97,11,11,10.9,11.03,10.99,10.92,10.96,10.94,10.74,11.15,11.43,10.01,10,10.65,10.64,10.59,10.88,11.17,11.07,11.19,10.94,10.92,11.13,11.18,10.77,11.35,11.35,11.2,10.85,10.92,10.67
ANKRD11,7.72,7.41,7.56,7.32,7.31,8.25,8.73,7.77,7.72,7.67,7.72,7.11,6.85,6.09,7.98,7.87,7.84,7.58,7.69,7.65,7.56,7.71,7.84,8.29,7.98,8.02,7.79,7.54,7.88,6.18,5.88,4.73,7.77,7.29,7.66,8.16,8.09,7.19,7.11,7.9,7.99,8.12,8.25,5.8,7.67,7.62,7.72,7.24,7.06,4.44
ANKRD11,9.48,9.59,9.5,9.6,9.72,9.64,9.35,9.98,9.44,9.55,9.64,9.54,9.46,9.13,9.59,9.53,9.55,9.34,9.41,9.41,9.58,9.64,9.69,9.7,9.79,9.66,9.53,9.45,9.58,9.62,9.04,9.63,9.53,9.63,9.51,9.84,9.65,9.73,9.47,9.75,9.63,9.92,9.83,7.53,9.39,9.48,9.53,9.65,9.88,9.14
ANKRD11,9.34,9.38,9.07,8.92,8.94,9.6,9.93,9.17,9.25,9.38,9.34,8.63,8.61,7.08,9.43,9.62,9.49,9.06,9.18,9.26,9.67,9.59,9.52,9.55,9.4,9.52,9.4,9.17,9.52,8.5,5.8,6.01,9.53,8.98,9.36,9.42,9.5,8.58,9.68,9.27,9.51,9.57,9.71,6.61,9.27,9.4,9.23,8.88,8.93,7.67
ANKRD12,5.12,5.2,5.12,5.09,5.06,4.86,6.37,5.35,5.12,5.28,5.03,5.25,5.08,4.78,4.95,5.29,5.25,5.37,5.41,5.09,5.26,5.24,5.18,5.32,5.23,4.97,5.49,5.23,5.23,5.38,6.07,5.21,4.96,5.07,4.97,5.36,4.84,5.22,4.91,5.12,5.17,5.34,5.25,4.79,5.23,4.83,5.45,5,5.48,4.59
ANKRD12,6.77,6.89,6.85,6.77,7.05,6.93,6.24,6.67,6.88,6.59,6.83,6.67,6.84,4.67,7.06,6.64,6.83,6.92,6.94,7.06,6.99,7.01,7.05,6.93,6.91,6.98,6.76,6.76,6.88,4.86,4.41,4.33,6.62,6.31,6.28,6.75,6.52,6.6,5.37,6.9,7.05,6.99,6.98,5.26,6.68,6.72,6.86,6.88,6.94,6.71
ANKRD12,7.99,7.71,7.77,7.63,7.05,7.36,8,7.46,7.93,8.01,7.59,7.62,7.33,7.6,7.89,7.98,7.9,7.89,8.01,8.33,8.24,8.05,7.78,7.79,8.05,8.13,7.92,8.11,7.63,5.62,8.35,7.38,7.83,7.61,7.73,7.7,7.31,7.49,7.07,7.62,7.69,7.82,7.61,6.9,7.62,7.48,7.79,7.76,6.89,7.43
ANKRD12,8.19,8.15,8.08,8.18,8.05,8.01,7.49,7.97,8.02,8.21,8.43,8.04,7.97,7.35,8.12,7.82,8.04,7.89,7.93,8.12,8.28,8.29,8.29,8.21,8.16,8.02,8.15,8.35,8.11,5.6,7.1,6.41,8.04,7.94,8.15,8.13,7.95,7.9,7.87,8.28,8.13,7.8,7.64,7.35,7.99,7.89,7.94,8.05,8.24,7.1
ANKRD13A,8.96,9.19,8.85,9.15,8.77,8.87,8.76,9.03,9.08,9.13,9.2,9.18,9.28,7.26,9.09,9.04,9.08,9.1,9.11,9.07,9.2,9.32,9.54,9.12,9.21,9.12,8.86,8.99,9.07,8.76,7.11,7.33,8.8,8.84,8.85,9.03,8.85,9.19,8.43,8.95,8.97,9.3,9.2,8.56,8.74,8.65,8.73,9.21,9.3,7.67
ANKRD13A,4.13,4.1,4.23,4.22,4.14,4.19,4.48,4.29,4.07,4.28,3.98,4.12,4.06,4.67,4.35,4,3.92,4.32,4.54,4.03,4.33,4.1,4.13,3.99,4.07,4.47,4.09,4.08,3.75,4.45,5.26,4.59,4.32,3.87,4.15,4.16,3.83,3.92,4.89,4.3,3.85,3.93,3.93,4.83,3.97,3.83,4.1,3.95,4.22,3.94
ANKRD13A,9.4,9.46,9.5,9.42,9.51,9.42,9.14,9.42,9.36,9.39,9.66,9.52,9.53,9.68,9.5,9.5,9.42,9.52,9.5,9.57,9.57,9.58,9.81,9.77,9.66,9.56,9.43,9.37,9.59,9.05,8.91,9.32,9.38,9.43,9.45,9.53,9.68,9.61,9.36,9.5,9.51,9.76,9.68,9.44,9.23,9.23,9.31,9.61,9.57,9.11
ANKRD13B,6.91,6.94,7.33,7.12,7.57,7.35,6.32,7.31,7.04,7.11,7.14,6.92,6.65,6.7,7.22,7.12,7.29,7.15,7.41,7.06,7.01,6.77,6.76,6.92,6.85,6.94,7.34,7.07,7.33,7.77,6.89,8.19,6.88,7.03,7.18,7.13,7.32,7.33,7.27,7.26,7.23,7.39,7.25,6.31,7.09,7.1,7.17,7.11,7.44,7.57
ANKRD13C,9.08,9.12,8.79,8.9,8.62,8.57,8.09,8.54,8.95,9.03,8.95,8.99,8.96,8.36,9.12,9.08,9.08,8.76,8.87,9,9.06,9,9,8.99,9.05,8.88,8.74,9.06,8.72,7.8,6.97,8.39,8.89,9.09,9.06,9.07,8.84,8.97,8.22,9.01,8.71,8.59,8.5,8,8.96,8.65,9.05,8.96,8.92,7.56
ANKRD13C,8.02,8.32,7.64,7.88,7.53,7.42,7.13,7.6,8.05,8.01,8.35,8.18,8.06,7.5,7.98,7.73,8.24,7.8,7.85,7.98,8.11,8.11,8.37,8.13,7.9,7.97,7.79,8,8.1,6.69,6.48,6.7,8.1,8.18,7.74,7.96,7.54,8.04,7.49,7.98,7.56,7.42,8.06,7.06,7.94,7.31,7.91,8.08,8.18,7.37
ANKRD13C,6.27,6.6,6.07,6.43,6.01,5.88,5.13,5.65,6.42,6.58,6.53,6.22,6.39,5.97,6.11,6.38,6.76,6.5,6.68,6.64,6.28,6.45,6.58,6.41,6.5,6.53,6.27,6.26,6.52,5.55,5.64,5.69,6.03,6.33,5.86,6.36,5.71,6.47,5.45,6.29,6.53,5.84,6.68,5.14,6.04,5.73,6.06,6.63,6.95,5.95
ANKRD13C,5.46,5.6,5.03,5.3,4.95,4.72,4.98,4.94,5.13,5.01,5.28,5.32,5.32,4.06,5.13,4.77,5.35,5.19,5.46,5.9,5.02,5.45,5.39,5.06,5.09,4.52,5.15,5.31,5.03,4.89,3.87,4.61,4.52,5.31,5.02,5.13,5.04,4.68,4.82,4.65,5.22,4.75,5.51,6.73,5.22,5.21,5.17,4.93,5.4,5.21
ANKRD13C,6.5,6.94,6.56,6.54,6.57,6.6,6.68,6.08,6.85,6.75,7,6.78,6.73,6.21,6.56,6.4,6.55,6.73,6.61,6.59,6.4,6.21,7.24,6.65,6.4,6.62,6.4,6.44,6.7,6.86,5.73,6.22,6.37,6.49,6.26,6.37,6.48,6.37,6.42,6.32,6.56,6.5,6.57,5.47,6.66,6.43,6.58,6.62,7.29,5.54
ANKRD13C,5.07,5.05,5.38,5.19,5.3,5.34,5.22,5.1,5.18,5.17,5.56,5.24,4.91,5.26,5.17,5.34,5.53,5.59,5.64,5.64,5.23,5.21,5.52,5.5,5.42,5.13,5.2,5.25,5.26,5.46,5.4,5.74,5.11,4.84,4.68,5.53,5.25,5.19,5.99,5,5.36,5.38,5.31,4.69,5.39,5.17,5.4,5.43,5.55,5.43
ANKRD13C,5.75,6.01,5.77,5.79,5.53,5.38,4.93,5.7,5.77,5.83,6.29,5.91,5.72,5.17,5.91,5.15,5.77,5.31,5.15,5.36,5.49,5.76,6.29,5.86,5.98,5.92,5.56,6.22,5.66,4.33,4.27,4.85,5.65,5.92,5.96,5.96,5.78,5.7,4.36,5.65,5.74,5.6,5.23,5.37,5.89,5.77,6.12,5.81,5.85,5.14
ANKRD13D,7.29,7.57,7.56,7.44,7.67,7.42,7.62,7.75,7.24,7.46,7.39,7.37,7.19,7.63,7.35,7.37,7.12,7.31,7.37,7.32,7.51,7.39,7.68,7.44,7.48,7.53,7.71,7.3,7.64,6.36,5.19,6.96,7.26,7.27,7.34,7.38,7.32,7.45,6.97,7.73,7.72,7.64,8,6.2,7.19,7.26,7.69,7.55,7.6,7.36
ANKRD13D,7.36,7.43,7.5,7.57,7.33,7.64,7.99,7.92,7.5,7.66,7.66,7.26,7.31,6.91,7.53,7.04,7.22,7.33,7.35,7.35,7.38,7.5,7.56,7.28,7.59,7.24,7.61,7.25,7.67,7.53,6.61,6.87,7.24,7.19,7.21,7.34,7.45,7.24,7.13,7.16,7.7,7.71,7.65,7.1,7.48,7.6,7.38,7.4,7.7,6.34
ANKRD16,5.87,5.71,6.32,5.79,5.9,6.35,4.58,6.14,5.86,5.92,5.95,5.92,5.9,4.95,5.74,5.55,5.69,5.81,6.17,5.97,5.74,5.62,5.8,5.79,5.55,5.63,6.07,5.81,5.79,4.58,5.1,4.65,5.88,6,5.85,5.71,6.14,6.33,4.86,6.11,6.02,5.75,5.77,5.44,5.83,5.67,5.24,5.61,6.24,5.55
ANKRD16,3.77,3.86,3.94,3.88,3.63,4.01,4.01,4.38,3.74,3.8,4.03,3.84,3.65,6.32,3.72,3.7,3.75,3.9,4,4.01,4.2,3.99,3.9,3.81,3.84,3.63,4.15,3.67,3.65,4.16,7.48,4.83,4.18,3.59,3.85,3.87,4.27,3.69,4.76,3.99,3.93,4.09,3.83,5.37,4.22,4.84,4.11,3.83,3.97,4.83
ANKRD17,9.59,9.82,9.59,9.63,9.82,9.73,9.88,9.57,9.54,9.7,9.83,9.61,9.64,9.94,9.6,9.67,9.68,9.63,9.46,9.6,9.63,9.73,9.72,9.55,9.53,9.53,9.66,9.57,9.79,9.55,9.43,9.02,9.7,9.64,9.67,9.32,9.8,9.48,9.42,9.32,9.45,9.69,9.81,9.81,9.65,9.62,9.68,9.5,9.58,9.65
ANKRD17,8.76,9.09,8.74,8.69,8.75,8.83,8.54,8.64,8.76,8.91,9.02,8.66,8.99,7.89,8.7,8.71,8.82,8.69,8.75,8.82,8.82,8.79,9.22,8.61,8.69,8.68,8.78,8.45,9.09,8.41,8,7.81,8.56,8.81,8.35,8.67,8.81,8.58,7.33,8.76,8.59,8.56,8.89,7.54,8.71,8.43,8.4,8.76,8.77,9.47
ANKRD17,10.01,10.08,9.94,10.03,9.93,9.95,9.51,9.98,10.11,10,10.16,10.04,10.02,8.36,9.99,9.97,10.05,9.74,9.88,9.83,10.05,10.11,10.24,9.96,9.98,10.04,9.89,10,9.99,10.16,8.13,8.85,9.82,10,10.01,9.98,9.95,9.97,9.64,9.92,10.05,9.97,10.05,8.68,9.96,10.04,10.09,10.06,10.17,7.85
ANKRD17,8.5,8.53,8.43,8.43,8.45,8.41,8.26,8.31,8.52,8.52,8.64,8.42,8.46,8.29,8.32,8.25,8.47,8.34,8.35,8.36,8.43,8.45,8.66,8.27,8.39,8.37,8.4,8.42,8.58,8.09,7.05,6.73,8.48,8.41,8.32,8.27,8.41,8.26,8.28,8.22,8.26,8.23,8.06,7.09,8.21,8.46,8.22,8.39,8.51,7.84
ANKRD17,9.58,9.31,9.16,8.79,8.91,9.53,9.7,9.16,9.2,9.3,9.59,8.83,8.84,7.11,9.38,9.46,9.44,9.25,9.15,9.37,9.56,9.45,9.54,9.25,9.4,9.36,9.33,9.25,9.65,9.17,6.24,7.66,9.51,9.12,9.43,9.38,9.37,8.71,9.06,9.19,9.33,9.56,9.47,7.47,9.35,9.44,9.54,8.82,9.01,6.2
ANKRD18A,3.65,3.8,3.41,3.62,3.55,3.48,3.62,3.42,3.73,3.71,3.81,3.66,4.03,4.1,3.46,3.84,3.73,3.5,3.55,3.65,3.6,3.66,3.61,3.65,3.89,3.84,3.57,3.57,3.8,5.75,4.36,5.26,3.64,3.73,3.51,3.53,3.46,3.34,3.92,3.39,3.51,3.47,3.8,4.04,4.09,3.58,3.67,3.58,4.04,4.18
ANKRD18A,3.87,3.34,4.21,3.73,3.79,4.45,4.61,3.64,3.66,3.53,3.94,3.66,3.59,4.58,3.81,3.73,3.97,4.11,3.81,3.45,3.81,3.97,3.72,3.83,4.1,3.7,3.63,3.91,3.63,4.88,7.65,4.52,4.16,3.41,3.66,3.73,4.14,3.8,6,3.81,3.94,4.07,3.86,4.83,3.65,3.6,4,3.83,3.84,5.18
ANKRD19,3.93,4.04,3.83,4.06,3.99,3.87,4.6,3.87,3.88,3.85,3.97,3.81,3.84,3.95,3.69,3.93,3.82,4.04,3.9,3.75,3.69,3.98,3.81,3.92,4.19,4.12,3.83,3.86,4.11,4.35,3.78,3.62,3.88,3.71,3.93,3.76,3.8,3.78,3.87,3.84,3.67,3.91,4.29,4.89,3.78,4.28,3.85,3.71,3.87,5.01
ANKRD19,3.23,3.37,3.22,3.36,3.42,3.36,3.59,3.73,3.41,3.44,3.34,3.35,3.41,4.11,3.5,3.43,3.38,3.36,3.24,3.31,3.37,3.37,3.32,3.23,3.39,3.23,3.5,3.37,3.53,3.43,6.05,3.46,3.43,3.24,3.37,3.26,3.31,3.32,3.54,3.41,3.46,3.3,3.22,4.12,3.47,3.39,3.4,3.42,3.25,3.3
ANKRD19,5.09,5.22,5.2,5.37,5.57,5.88,5.04,5.46,5.32,5.46,5.55,5.2,4.81,9.42,5.7,5.56,5.59,5.48,5.68,5.12,5.23,5.27,5.31,5.4,5.22,4.94,5.42,5.35,5.37,4.88,8.46,7.7,4.77,5.45,5.28,5.33,5.11,5.71,5.5,5.08,5.59,5.55,5.31,8.99,5.14,5.17,4.9,5.37,5.2,8.27
ANKRD19,3.42,3.53,3.43,3.46,3.68,3.55,4.08,3.44,3.53,3.41,3.4,3.73,3.46,4.26,3.5,3.55,3.4,3.35,3.43,3.52,3.63,3.89,3.62,3.46,3.38,3.47,3.55,3.52,3.41,5.48,4.83,4.04,3.61,3.53,3.55,3.88,3.51,3.49,3.66,3.47,3.4,3.63,3.38,3.99,3.74,3.56,3.5,3.35,3.41,3.93
ANKRD2,4.37,4.47,4.89,4.44,4.66,4.54,4.81,4.29,4.65,4.53,4.55,4.65,4.36,5.03,4.78,4.24,4.66,4.82,4.5,4.72,4.63,4.7,4.61,4.41,4.37,4.73,4.83,4.48,4.34,4.5,7.61,5.13,4.72,4.88,4.73,4.43,5.12,4.76,5.09,4.6,4.63,4.48,4.73,5.33,4.24,4.6,5.45,4.57,4.73,5.39
ANKRD20A1 /// ANKRD20A2 /// ANKRD20A3 /// ANKRD20A4,4.55,4.55,4.54,4.48,4.61,4.53,4.02,4.67,4.62,4.63,4.4,4.69,4.55,5.62,4.53,4.77,4.88,4.5,4.59,4.38,4.54,4.51,4.67,4.36,4.53,4.59,4.49,4.27,4.77,5.97,5.84,4.95,4.89,4.69,4.65,4.64,4.35,4.62,4.31,4.28,4.43,4.86,4.74,6.57,4.59,4.44,4.65,4.37,4.38,5.06
ANKRD20A5,8.68,8.68,8.9,8.78,8.95,8.78,8.64,8.94,8.7,8.88,9.14,9.22,9.16,8.5,10.03,10.19,9.84,8.48,8.53,8.71,10.09,10.51,10.49,10.31,10.46,10.17,8.72,8.57,8.87,7.59,6.96,8.53,9.04,9.39,9.31,10.2,10.01,9.99,8.76,9.03,9.08,9.27,9.2,8.86,8.63,8.62,8.72,9.18,9.14,8.48
ANKRD22,3.82,3.94,3.89,3.98,3.78,4.21,4.41,4.58,3.98,3.96,3.94,3.86,3.93,6.02,4.12,3.99,3.91,3.99,3.94,4.07,3.79,3.93,3.98,3.98,3.73,4.02,4.08,4.13,3.87,3.95,6.76,4.57,3.63,3.61,4.06,3.92,3.95,3.83,4.12,3.68,4.08,4.3,3.96,5.28,3.83,4.08,4.14,3.83,4.08,5.51
ANKRD22,3.55,3.69,3.48,3.66,4.21,4.08,3.73,4.1,3.63,3.62,3.98,3.91,3.8,3.67,3.77,3.86,3.59,3.67,3.46,3.98,3.85,3.74,3.5,3.48,3.8,3.54,3.41,3.7,3.53,3.89,4.22,4.57,3.77,3.47,3.7,3.6,3.45,3.69,4.56,3.58,3.49,3.99,3.53,4.54,3.65,3.65,3.55,3.37,3.72,4.79
ANKRD23 /// ANKRD39,4.48,4.51,4.47,4.5,4.7,4.02,3.41,5,4.59,4.56,4.63,4.65,4.41,5.53,4.44,4.49,4.29,4.41,4.48,4.93,4.36,4.4,4.51,4.61,4.38,4.1,4.7,4.57,4.77,4.54,5.88,5.15,4.39,4.57,4.83,4.54,4.14,4.72,4.92,4.63,4.27,4.62,4.08,5.64,4.81,4.49,4.57,4.34,5.04,5.17
ANKRD23 /// ANKRD39,4.92,4.77,5,5.12,5.59,4.68,4.76,5.29,4.82,4.79,4.96,4.71,4.98,5.7,4.8,4.72,4.67,4.87,4.79,4.9,4.68,5.08,4.78,4.68,4.59,4.71,5.05,4.99,5.17,4.75,4.49,5.05,4.81,5.08,4.8,5.08,4.77,4.73,4.15,5.1,5.13,5.39,5.12,5.92,5.34,5.03,5.57,5.37,4.86,5.86
ANKRD24,6.13,6.33,6.66,6.39,6.92,7.04,6.94,6.87,6.1,6.22,6.69,6.35,6.37,6.8,6.11,6.76,6.58,6.31,6.53,6.33,6.84,6.45,6.78,6.89,7.02,6.82,6.4,6.15,6.91,7.5,7.8,6.77,6.53,6.69,6.56,6.45,7.34,6.57,6.33,6.25,6.8,6.92,7.25,6.3,7.1,7.18,6.9,6.61,6.76,6.03
ANKRD26,6.97,6.85,7.09,7,6.66,6.71,6.02,6.84,7.15,7.01,7.28,7.2,6.81,6.34,7.19,6.9,6.95,6.88,7.24,7.31,6.9,7.02,7.02,7.26,7.24,7.28,6.84,7.09,6.66,5.68,6.33,6.48,7.15,7.27,7.12,7.3,6.69,6.99,6.42,7.19,6.92,6.97,6.93,6.68,6.79,7.07,7.14,7.17,6.85,6.81
ANKRD26,7.23,7.27,7.49,7.24,7.29,6.89,6.31,7.28,7.33,7.29,7.56,6.98,6.97,6.54,7.32,7.15,7.26,7.47,7.44,7.34,7.48,7.28,7.43,7.02,7.13,7.46,7.22,7.17,7.44,5.38,4.44,5.21,7.52,7.29,7.33,7.26,7.42,7.08,7.79,7.36,7.55,7.14,7.66,6.67,7.25,7.03,7.16,7.21,7.44,5.49
ANKRD27,9.78,9.93,9.83,9.95,9.87,9.78,9.98,9.97,9.87,9.97,9.9,9.77,9.9,9.2,9.38,9.3,9.32,9.95,9.87,9.91,9.43,9.56,9.48,9.48,9.36,9.37,9.88,9.89,9.9,9.7,8.46,9.74,9.35,9.41,9.43,9.41,9.31,9.4,9.74,9.99,9.83,9.99,9.81,9.01,9.77,9.79,9.79,9.85,10.01,9.09
ANKRD28,4.63,4.52,4.33,4.96,4.7,4.86,4.06,4.54,4.91,4.38,4.69,4.89,4.64,5.69,4.48,4.4,4.43,4.83,4.84,5.07,3.86,4.06,4.64,4.68,4.4,4.6,4.48,4.3,4.75,5.29,6.04,4.87,4.13,4.08,4.22,4.3,4.26,4.29,5.23,4.52,4.97,5.23,4.12,5.55,5.07,5.29,4.6,4.5,4.72,4.72
ANKRD28,8.15,8.31,8.09,8.32,7.94,8.39,7.66,8.14,8.51,8.29,8.54,8.12,8.07,6.91,7.96,7.66,7.82,8.07,8.28,8.33,7.9,7.9,8.14,7.69,7.83,7.8,8.24,8.39,7.97,8.55,6.81,7.12,7.67,7.8,7.8,7.84,7.53,7.82,7.67,8.27,8.31,8.1,8.39,6.24,8.52,8.3,8.32,8.34,8.47,5.33
ANKRD28,6.38,6.25,6.41,6.54,5.56,5.85,5.47,6.32,6.61,6.64,5.67,6.27,6.42,5.71,6.13,5.84,6.32,6.34,6.76,6.52,5.87,6,5.75,6.32,6.27,6.15,6.12,6.42,5.67,5.94,6.17,5.64,6.34,6.17,5.95,6.19,5.87,5.88,5.71,6.31,6.17,5.79,6.02,5.62,6.34,5.89,6.12,6.2,6.57,5.72
ANKRD28,3.84,3.84,4.07,3.92,3.72,3.91,3.99,3.8,4.15,3.97,4.03,3.62,3.61,4.23,3.84,3.93,3.77,3.84,3.84,3.92,3.72,3.89,3.85,3.89,3.84,3.91,3.74,4.1,3.69,4.34,5.4,4.55,3.95,4.08,3.55,3.71,4.14,4.16,4.01,3.77,3.51,4.02,3.64,4.38,3.71,4.15,3.8,3.88,3.86,5.46
ANKRD29,3.82,4.06,3.76,3.86,3.85,4.36,4.17,4.03,4.04,4.35,4.27,3.99,3.94,5.67,4.13,3.81,3.96,4.72,4.59,4.99,3.85,4.16,4.06,3.96,4.1,3.99,3.97,4.05,4.06,4.24,4.89,4.43,3.71,3.59,3.95,3.9,4.17,4,4.66,4.34,4.45,4.15,4.01,4.89,4.22,3.92,4.36,4.11,3.95,5.08
ANKRD30A,4.03,4.29,3.98,4.11,3.66,4.08,3.42,3.88,3.92,3.87,4.25,4.32,4.73,4.02,3.82,3.97,4.01,3.83,3.9,4.07,4.29,3.97,4.28,3.78,3.86,3.95,3.79,4.04,3.75,4.46,4.74,4.12,3.96,4,3.85,3.63,3.8,3.79,3.85,3.6,3.57,3.61,4.03,4.49,3.82,3.79,3.82,3.86,3.87,4.57
ANKRD30B,3.89,3.99,3.96,3.93,4.21,4.15,4.02,4.11,4.08,4.29,3.86,4.04,4.01,4.63,3.77,4.1,4.15,4.05,4.04,4.19,3.92,4.07,4,3.93,3.86,4,4.15,4,3.93,4.92,4.83,4.33,4.29,4.06,3.85,3.93,4.07,4,4.39,3.83,3.85,4.24,3.99,4.97,4.38,4.04,4.23,3.93,3.95,3.92
ANKRD32,7.54,7.74,7.59,7.41,7.11,7.27,6.57,7.48,7.61,7.83,7.67,7.57,7.07,6.91,8.03,7.92,8.04,7.34,7.47,7.52,6.85,6.88,6.98,7.23,7.32,7.43,7.56,7.78,7.41,6.75,5.48,6.11,8.73,8.97,8.83,8.08,8.04,7.83,5.94,7.29,7.78,7.19,6.8,5.42,7.04,7.06,6.95,7.48,7.54,6.19
ANKRD32,7.55,7.66,7.42,7.57,7.24,7.34,6.24,7.54,7.69,7.71,7.88,7.5,7.15,6.11,7.97,7.64,7.88,7.27,7.52,7.43,6.88,6.95,7.11,7.54,7.23,7.2,7.67,7.6,7.48,6.84,4.55,6.97,8.47,8.73,8.63,8.06,7.72,7.79,6.89,7.52,7.28,7.06,7.26,5.96,7.17,6.67,6.85,7.42,7.42,6.76
ANKRD32,4.14,4.17,4.08,3.95,4.09,4.23,4.46,3.88,3.96,3.97,4.09,4.04,4.09,4.74,3.93,4.25,3.92,4.1,3.92,3.87,4.12,3.99,3.85,4.15,3.89,3.9,3.81,3.89,4.25,4.52,4.26,5.54,4.32,3.91,4.01,3.95,3.99,3.81,4.57,3.83,4.01,3.88,3.92,4.07,3.87,4.15,4.18,3.84,4.16,4.4
ANKRD32,8.46,8.53,8.43,8.23,8.96,8.4,7.85,8.41,8.39,8.39,8.94,8.14,8.07,9.09,8.87,8.66,8.77,8.46,8.26,8.38,7.9,7.85,7.92,8.43,8.48,8.33,8.4,8.49,8.63,8.73,7.62,9.98,9.29,9.47,9.47,8.77,8.64,8.97,8.42,8.28,8.43,8.3,8.38,9,8.29,8.03,8.29,8.2,8.21,9.66
ANKRD33,3.99,3.92,4.34,4.07,4.26,3.91,3.87,4.28,3.97,3.93,4.24,3.98,4,4.63,4.3,4.01,4.04,4.15,4.02,3.66,3.81,3.9,4.17,4.26,4.05,3.75,3.72,3.97,4.1,4.32,6.54,5.36,3.85,3.9,3.89,3.85,4.08,3.89,3.92,3.81,3.86,3.87,3.99,5.07,3.78,4.32,3.86,4.16,3.96,5.19
ANKRD33,3.91,3.87,3.84,4.13,3.76,3.89,5.22,3.89,3.82,3.96,3.91,4.02,4.02,4.09,3.89,3.43,3.98,4.03,4.09,3.74,3.98,3.97,4.05,3.97,3.81,4.28,4.1,3.92,3.9,5.45,5.27,4.17,3.8,4.05,3.82,4.27,4.23,3.72,4.46,4.03,3.86,4.14,4.18,5.09,3.92,4.15,3.97,3.81,4.08,3.99
ANKRD34A,4.41,4.52,5.23,5.16,5,4.94,5.21,5.56,4.71,4.67,5.3,5.09,4.57,5.14,4.99,4.85,5.24,5.06,4.76,5.5,5.15,5.28,4.93,5.1,4.87,4.82,5.01,5.3,5.02,4.49,5.59,7.88,4.75,4.69,4.84,5.4,5.16,5.12,4.75,5.13,4.91,5.16,5.39,5.6,5.25,5.06,4.9,5.26,4.8,6.32
ANKRD34B,3.57,3.61,3.35,3.44,3.69,3.42,4.31,3.32,3.52,3.55,3.53,3.56,3.5,4.93,3.49,3.78,3.52,3.62,3.31,3.52,3.6,3.42,3.49,3.38,3.3,3.43,3.36,3.59,3.69,4.47,4.1,4.77,3.63,3.41,3.48,3.54,3.42,3.39,4.13,3.25,3.38,3.36,3.64,5,3.58,3.65,3.64,3.43,3.35,4.1
ANKRD34B,3.87,3.73,3.87,3.88,4.05,4.04,4.65,3.82,3.97,3.85,4.18,3.6,3.85,4.91,3.62,3.97,3.68,3.65,3.72,3.83,3.83,3.75,4.04,3.74,3.53,3.78,3.84,4.02,4.18,4.22,4.62,5.2,3.89,3.54,4.14,3.6,3.65,3.77,4.12,3.77,3.79,4,4.03,4.57,3.85,4.08,3.71,3.83,3.74,4.25
ANKRD34C,4.09,3.75,3.86,4.13,3.67,4.58,4.52,4.2,4.17,4.07,4.6,3.87,3.87,5.92,4.11,3.98,3.81,4.11,3.84,4.01,3.91,4.49,4.31,4.23,4.18,3.83,3.99,4.26,4.1,4.66,4.81,6.7,4.01,4.15,4.15,4.15,3.88,3.98,4.48,4.16,4.38,4.31,3.79,6.12,4.08,4.24,4.05,3.95,4.05,6.09
ANKRD34C,4.06,4.27,4.17,4.34,4.53,4.34,4.4,4.39,4.09,4.15,4.59,4.52,4.34,6.33,4.12,4.63,4.06,4.15,4.12,4.36,4.17,4.3,4.5,4.05,3.86,3.79,4.12,4.58,4.11,4.02,5.46,5.65,4.15,4.28,4.13,4.03,3.89,4.22,5.15,4.13,3.9,4.1,3.99,6.32,4.33,4.26,4.68,4.3,4.1,6.68
ANKRD34C,4.7,4.57,4.23,4.69,4.72,4.36,4.36,4.49,4.49,4.55,4.74,4.42,4.56,6.53,4.22,4.6,4.46,4.4,4.28,4.23,4.26,4.76,4.68,4.42,4.45,4.27,4.23,4.38,4.39,5.24,6.5,7.72,4.21,4.33,4.21,4.26,4.54,4.19,4.24,4.2,4.39,4.69,4.54,6.37,4.28,4.69,4.15,4.28,4.36,7.09
ANKRD35,7.99,7.66,8.36,8.21,8.19,8.35,8.31,8.18,8.02,8.23,7.98,8.03,8.07,6.46,7.99,7.78,8.05,9.17,9.27,9.21,7.68,7.57,7.44,7.76,7.74,7.82,8.32,8.06,7.91,7.59,7.56,6.22,7.79,7.67,7.83,8.24,8.14,8.18,7.98,8.14,8.3,8.01,8.25,6,7.26,7.2,7.18,8.41,8.2,6.46
ANKRD35,5.6,5.75,5.42,5.65,5.59,5.54,5.63,5.28,5.74,5.68,5.86,5.76,5.7,6.04,5.63,5.51,5.17,5.65,5.27,5.69,5.84,6.2,5.53,5.36,5.72,5.31,5.48,5.58,5.52,5.8,5.67,6.77,5.35,5.93,5.85,5.58,5.83,5.29,5.57,5.5,5.57,5.61,5.8,6.38,5.02,5.93,5.27,5.19,5.72,6.47
ANKRD36,5.11,4.87,5.16,5.11,4.59,4.41,4.61,5.08,5.31,5.14,4.76,4.9,4.82,4.72,4.76,4.98,5.23,5.35,5.4,5.31,4.89,4.61,4.47,4.5,4.79,4.99,5.12,4.83,4.64,4.34,3.77,4.27,5.48,5.24,5.26,5.1,4.77,5.08,4.11,4.61,4.51,4.57,4.82,4,5.1,4.85,4.77,4.78,4.78,4.25
ANKRD36,4.68,3.91,4.12,4.12,3.79,3.94,4.38,3.57,4.83,4.39,4.32,4.32,4.19,4.18,4.01,4.23,4.41,4.11,4.06,4.69,4.33,4.11,3.95,4.2,4.12,4.27,4.21,4.26,4.24,5.57,6.49,4.88,4.35,4.31,4.04,4.13,4.39,3.69,4.95,3.8,3.86,3.77,4.06,4.01,4.19,3.87,3.85,4.07,4.08,5.06
ANKRD36,5.71,4.77,5.7,5.24,5.26,6.19,6.36,5.55,5.17,5.52,4.93,4.38,4.68,5.25,5.08,5.25,5.74,5.54,5.26,6.09,4.92,4.9,5.04,5,5.27,5.55,5.27,5.21,5.38,5.87,5.15,5.67,5.15,4.68,4.97,5.32,5.86,4.94,6.03,4.96,5.41,4.85,5.25,5.07,5.29,5.39,5.51,5.28,4.86,5.59
ANKRD36 /// ANKRD36B /// FLJ40330 /// LOC400986 /// LOC400987 /// LOC652726,6.17,6.22,5.68,5.8,6,6.57,6.29,5.69,6.28,5.7,6.3,5.37,5.42,5.5,6.38,6.32,5.67,6.01,6.2,6.42,5.92,5.68,5.59,5.8,6.32,5.92,6.2,6.29,5.67,5.4,6.85,5.95,5.93,5.57,6.24,6.37,5.9,5.33,5.79,5.91,5.78,5.89,6.17,6.8,6.05,6.33,5.8,5.38,5.14,6.44
ANKRD36 /// ANKRD36B /// LOC100134365 /// LOC400986 /// LOC400987 /// LOC652726,6.57,6.06,6.12,6.11,5.34,6.34,6.87,6.03,6.55,6.42,5.79,5.85,5.66,4.22,6.36,6.29,6.48,6.68,6.61,7.04,6.15,5.88,5.72,6.51,6.14,6.24,6.57,6.31,6.02,4.92,4.05,5.98,6.53,6.21,6.51,6.31,6,6.13,6.3,5.98,5.95,5.55,5.9,5.34,6.5,6.17,5.91,6.07,5.29,4.53
ANKRD36 /// ANKRD36B /// LOC400986,9.44,9.57,9.19,8.96,8.89,9.59,9.67,8.97,9.73,9.24,9.49,8.62,8.9,9.59,9.22,9.3,9.18,9.2,9.32,9.47,9.06,8.9,9.34,9.13,9.16,8.92,9.3,9.13,9.54,9.18,9.2,8.76,8.87,8.53,8.86,9.19,8.99,8.57,9.19,9.2,9.48,9.82,9.62,8.79,9.04,9.13,9.16,8.75,8.77,7.47
ANKRD36 /// LOC400986 /// LOC652726,6.87,5.93,6.22,6.11,5.2,5.4,6.18,5.57,6.91,6.64,5.61,5.51,5.77,4.81,6.5,6.37,6.75,6.54,6.4,6.91,6.07,5.84,5.7,6.45,6.32,6.32,6.26,6.37,5.34,4.53,4.74,4.36,6.42,5.82,6.13,6.56,5.26,5.84,6.17,5.47,6.18,5.65,5.93,5.02,5.7,5.34,5.75,5.91,4.6,4.76
ANKRD36B,4.35,4.35,4.49,4.21,5.38,4.67,4.62,4.9,4.32,4.24,4.25,4.27,4.55,4.6,4.2,4.26,4.47,4.19,4.18,4.44,4.31,4.2,4.26,4.15,3.98,4.38,4.33,4.4,4.5,6.04,3.44,4.39,4.51,4.33,4.3,4.19,4.39,4.05,4.54,4.17,4.34,4.32,4.76,6,4.52,4.51,4.36,4.38,4.53,4.1
ANKRD36B,5.8,5.57,5.8,5.81,6.14,5.91,5.36,5.89,5.85,5.87,5.84,5.75,5.76,6.75,5.8,5.92,5.8,5.55,5.69,5.67,5.55,5.91,5.66,5.75,5.98,5.76,5.8,6.02,5.76,4.69,4.65,5.09,5.24,5.68,5.61,5.73,5.37,6.07,5.33,5.61,5.77,6.14,6.3,6.21,5.33,5.89,6.44,5.64,5.73,6.38
ANKRD36B,4.97,4.99,5.13,4.57,5.03,4.77,5.48,5.02,4.89,4.93,5.09,4.92,4.9,4.29,5.39,5.43,4.97,4.78,4.92,4.9,5.08,4.93,4.84,4.97,4.66,5.08,5.19,4.88,5.08,6.04,4.41,4.72,5.28,5.05,4.82,5.26,5.09,4.67,5.94,5.31,5.46,4.92,5.19,5.88,5.65,5.07,5.09,5.26,4.97,3.96
ANKRD36B /// FLJ40330,4.13,3.91,4.27,4.78,4.25,4.22,5.07,4.83,4.18,4.33,4.23,4.32,4.16,4.52,4.34,4.45,4.58,4.16,4.23,4.52,4.31,4.19,4.08,4.16,4.18,4.58,4.17,4.34,3.93,4.42,4.9,4.6,4.24,4.32,4.25,4.45,4.61,4.21,4.19,4.06,4.38,4.73,4.22,4.34,4.65,4.55,4.57,4.83,4.14,5.05
ANKRD37,9.74,9.84,10.01,10.04,9.7,9.82,10.02,9.78,10.04,10,9.93,9.4,9.29,9.82,9.32,9.28,9.38,9.18,8.96,9.04,9.72,9.72,9.7,9.5,9.49,9.39,9.86,10,9.78,7.98,7.19,9.18,9.47,9.47,9.58,9.35,9.36,9.39,9.02,9.42,9.21,9.25,9.18,9.12,9.68,9.45,9.59,9.41,9.44,9.98
ANKRD37,3.86,3.68,3.91,3.88,3.49,3.78,4.09,3.76,3.9,3.86,3.99,3.8,3.67,5.83,3.91,3.61,3.97,3.41,3.85,3.81,3.83,3.69,3.83,3.88,3.66,3.86,4.03,3.84,3.95,5.66,4.21,7.31,4.17,3.69,3.7,4,3.76,3.75,4.52,3.61,3.69,3.64,3.74,5.7,4.09,3.91,3.73,3.8,3.82,5.72
ANKRD39,6.79,6.8,6.83,6.81,7.16,7.21,6.49,7.01,6.87,6.8,6.87,6.71,6.63,6.36,6.44,6.86,6.7,6.6,6.76,6.54,6.76,6.25,6.62,6.52,6.63,6.82,6.8,6.79,6.97,6.89,5.98,6.48,6.76,6.69,6.67,6.8,6.83,6.7,6.29,6.87,6.93,6.78,6.64,5.9,6.21,6.04,6.55,6.72,6.78,5.67
ANKRD40,7.02,6.8,7.32,7,7.2,7.06,6.3,7.02,7.27,7.08,7.21,6.83,6.83,6.72,7.15,7.19,7.04,7.31,7.33,7.11,6.8,6.67,6.95,7.12,6.97,6.79,7.21,6.82,6.84,6.21,5.22,6.94,7.04,7.18,7.29,6.9,6.94,6.86,6.99,7.43,7.52,6.96,6.89,6.74,7.32,7.33,7.54,7.28,7.16,7.15
ANKRD40,9.07,9.13,9.4,9.51,9.63,9.52,8.89,9.13,9.47,9.29,9.36,9.33,9.15,9.87,9.47,9.22,9.48,9.57,9.56,9.52,8.91,9.18,8.96,9.36,9.24,9.27,9.46,9.39,9.22,8.67,8.76,9.7,9.29,9.31,9.39,9.3,9.28,9.45,9.17,9.49,9.33,9.14,9.41,9.72,9.59,9.21,9.23,9.45,9.18,10.51
ANKRD42,4.06,4,4.35,4.16,3.76,4.01,3.67,4.28,3.86,3.99,4.1,4.05,3.81,5.95,4.34,3.77,4.18,3.9,3.96,3.88,4.03,4.43,4.16,4.4,4.3,3.76,3.8,3.99,3.92,3.73,3.94,3.87,3.78,4.18,4.32,3.81,3.64,4.29,3.7,4.22,3.87,4.3,3.93,5,4.22,3.92,4.39,3.93,3.97,5.88
ANKRD42,8.02,8,7.99,7.94,8.26,7.93,7.82,8.03,8.01,8.1,7.94,8.31,8.15,7.57,8.47,8.45,8.46,7.87,7.95,8.14,8.26,8.41,8.26,8.54,8.42,8.33,8.06,8.12,8.23,8.34,8.74,8.15,8.24,8.33,8.5,8.42,8.29,8.43,7.37,8.24,8.13,8.03,7.78,8.33,8.02,7.94,8.32,8.31,8.26,8.16
ANKRD43,4.24,4.38,4.16,4.91,4.54,4.3,4.98,4.51,4.52,4.34,4.47,4.72,4.45,5.33,4.35,4.55,4.42,4.47,4.56,4.34,4.34,4.5,4.29,4.22,3.98,4.42,4.32,4.24,4.3,4.91,5.04,4.44,4.63,4.48,4.21,4.2,4.02,4.18,4.2,4.51,4.23,4.39,4.34,4.53,4.13,4.02,4.45,4.16,4.24,4.98
ANKRD43,3.72,3.91,3.7,3.61,3.82,3.87,4.01,3.68,3.48,3.6,3.88,3.77,3.93,4.97,3.62,3.73,3.71,3.69,3.67,3.85,3.75,3.98,3.88,3.73,3.65,3.93,3.64,3.79,3.9,5.26,5.35,4.47,3.84,3.68,3.67,3.75,4.18,3.75,4.69,3.55,3.72,3.71,3.85,4.49,3.86,3.93,3.64,3.52,3.66,4.15
ANKRD44,4.86,5.15,4.74,4.63,4.59,4.79,5.68,4.57,4.81,5.02,5.17,4.87,4.95,4.79,4.6,4.63,4.64,4.77,4.73,4.66,5.05,4.77,5.1,4.46,5.03,4.36,4.89,4.74,4.81,4.7,4.73,5.01,4.59,4.76,4.63,4.59,4.63,4.54,5.26,4.76,4.78,4.86,4.61,4.68,5.26,4.51,4.91,4.7,4.58,4.67
ANKRD44,4.88,4.67,4.3,4.31,3.9,3.82,4.4,3.9,4.45,4.37,4.35,4.51,4.5,4.48,4.48,4.66,4.31,4.44,4.24,4.46,4.83,4.57,4.54,4.53,4.56,4.32,4.61,4.31,4.38,4.22,5.12,4.92,4.83,4.37,4.55,4.15,4.37,4.53,4.49,4.03,4.36,4.41,4.59,4.33,4.07,4.64,4.36,4.16,4.35,5.22
ANKRD44,3.91,4.13,3.98,4.2,4.33,4.03,3.95,4.41,4.11,3.97,4.08,4.11,4.07,4.87,4.18,3.89,4.25,4.16,4.29,4.23,4.02,4.22,4,4.29,4.06,4.16,3.74,4.19,4.55,5.87,5.6,5.57,3.97,4.07,4.29,3.91,3.79,3.87,5.42,3.88,4.19,4.32,4.07,4.13,3.42,4.06,4.05,4.55,4.07,5.77
ANKRD44,3.88,3.93,4.03,3.91,4.36,3.84,4.96,4.09,4.12,4.11,4.46,4.04,4.36,4.63,4.13,4.16,3.75,4.1,4.26,4.42,4.01,3.93,4.05,4.31,4.38,3.96,4.08,4.41,4.04,4.05,5.93,5.58,4.04,4.08,4.06,4.19,4.45,4.27,4.04,4.07,4.24,4.51,4.64,6.79,4.07,3.83,4.63,3.79,4.04,4.84
ANKRD45,4.59,4.87,4.51,4.86,5.28,5.25,4.46,4.26,4.43,4.58,4.43,4.62,4.54,6.25,4.6,4.34,4.57,4.54,4.84,4.58,4.46,4.51,4.68,4.63,4.74,4.53,4.61,4.79,4.76,5.54,5.93,6.61,4.8,4.81,4.85,4.69,4.55,4.57,5.3,4.11,4.45,5.32,4.59,5.78,4.72,4.73,4.95,4.35,4.68,5.46
ANKRD45,3.6,3.79,3.71,3.6,3.91,3.57,3.66,3.76,3.91,3.67,3.77,3.74,3.66,4.28,3.91,3.84,3.9,3.72,3.85,4.06,3.54,3.55,3.63,4.11,3.85,3.56,3.84,4.01,3.74,3.6,4.01,4.03,3.61,3.46,3.72,3.98,3.89,3.77,3.99,3.91,4.41,4.2,3.83,4.49,3.82,3.59,3.7,3.82,3.99,4.34
ANKRD46,8.01,8.2,7.96,8.12,7.74,7.86,7.63,7.84,8.04,8.17,8.19,8.26,8.11,6.08,8.33,8.31,8.3,7.92,8.09,7.9,8.05,8.24,8.51,8.37,8.46,8.39,8.11,8.06,7.7,7.62,7.6,6.12,8.32,8.4,8.49,8.36,7.92,8.31,7.21,7.97,8.09,7.81,7.96,7.23,8.07,8.09,7.98,7.83,8.03,6.1
ANKRD46,5.3,4.83,5.1,5.14,5.22,5.18,4.74,5.25,5.17,5.16,5.3,5.21,5.06,6.49,5.34,4.94,5.09,5.23,5.31,5.63,5.14,4.93,5,5.33,5.29,5.08,5.05,5.11,5.21,4.59,6.93,6.17,5.05,4.7,5.03,5.36,5.26,5.5,5.28,5.3,5.33,5.53,5.06,7.36,5.06,4.82,5.53,5.54,5.57,6.29
ANKRD49,9.08,9.19,9.16,9.22,8.89,9.12,9,8.88,9.15,9.36,9.31,9.22,9.15,7.83,9.41,9.28,9.37,9.18,9.13,9.22,9.38,9.24,9.32,9.29,9.26,9.27,9.03,9.14,8.96,8.49,6.08,7.95,9.38,9.45,9.37,9.45,9.21,9.42,9.33,9.2,9.1,9.19,9.41,7.57,9.09,8.99,9.05,9.15,9.22,7.7
ANKRD5,3.88,3.97,3.73,3.97,3.99,4.1,3.63,3.58,3.89,4.05,3.7,3.7,3.84,5.59,3.58,3.72,3.86,3.95,3.92,3.73,3.87,3.77,3.86,3.79,3.9,3.55,4.01,3.84,3.92,3.67,4.76,6.45,3.47,3.86,4.03,3.89,3.92,4.04,4.62,3.61,3.67,3.76,3.93,4.64,3.68,3.81,3.85,3.89,3.88,4.39
ANKRD5,4.09,3.98,4.04,4.08,4.52,4.04,4.06,4.31,3.93,4.1,4.04,4.28,4.25,4.15,4.05,4.17,3.92,4.19,3.96,4.14,4.29,4.04,4.13,3.9,4.22,4.09,4.25,4.05,4.12,4.35,5.19,4.66,4.1,3.94,4.05,3.74,3.95,4.04,5.21,3.95,3.77,3.96,3.88,4.11,3.9,4.03,4.04,4.18,3.81,4.99
ANKRD50,7.78,8.14,7.52,7.79,7.3,7.53,7.43,7.46,8.01,8.02,8.14,7.9,7.84,7.83,7.9,7.56,7.95,7.48,7.62,7.71,7.83,8.09,8.17,7.49,7.87,7.77,7.79,7.97,7.78,7.54,7.65,7.03,7.65,7.61,7.59,7.85,7.56,7.56,7.48,7.83,7.77,7.86,7.68,7.86,7.83,7.64,7.77,7.9,7.94,8.02
ANKRD50,6.65,6.95,6.65,6.58,7.05,7.25,6.89,6.75,6.57,6.65,7.1,6.8,6.53,6.66,7.04,6.89,6.97,6.89,6.68,6.68,6.94,6.98,7.15,7.03,6.98,6.82,6.9,6.7,6.93,6.56,6.5,6.51,7.05,6.8,6.77,7.04,6.89,6.45,6.57,7.13,6.94,6.64,6.73,6.3,6.98,6.94,6.88,6.59,6.7,6.03
ANKRD52,8.55,8.49,8.56,8.64,9.12,8.83,9.04,9.17,8.43,8.72,8.98,8.52,8.35,9.59,8.66,8.81,8.57,8.69,8.65,8.74,8.62,8.82,8.77,8.64,8.84,8.51,8.64,8.79,8.91,8.82,9.57,9.75,8.41,8.58,8.52,8.66,8.78,8.64,8.75,9.09,8.96,9.09,9.03,10.23,8.35,8.62,8.94,8.69,9.05,10.45
ANKRD53,3.59,3.56,4.01,3.58,4.14,3.7,4.18,3.83,3.89,3.96,4.31,3.85,3.72,4.04,3.83,3.89,3.82,3.71,3.84,4.06,3.63,3.79,3.88,4.15,4.12,3.67,4.06,3.88,4.08,3.99,6.48,4.77,3.89,4.07,3.95,3.8,3.86,3.98,3.8,4.3,3.74,3.83,3.84,3.79,3.88,3.81,3.56,3.82,3.49,4.71
ANKRD54,7.82,8.06,7.85,7.73,8.16,8.18,7.78,8.04,7.78,7.92,8.03,7.85,7.85,6.6,7.93,7.83,7.85,7.99,7.98,7.78,7.95,7.58,7.85,7.68,7.69,7.83,7.97,7.92,8.16,8.37,6.64,5.36,8.02,8.06,7.91,7.93,7.97,7.93,6.31,7.89,7.88,7.79,8.08,5.99,7.47,7.41,7.75,7.88,8.14,6.75
ANKRD55,4.72,4.6,4.73,5.12,5.25,4.86,5.48,4.81,4.67,4.71,4.98,4.53,4.68,6.32,4.53,4.72,4.4,4.71,4.77,4.74,4.52,4.68,4.52,5.08,4.53,4.71,4.73,4.57,4.71,5.34,5.87,4.98,4.58,4.48,4.82,4.5,4.85,4.52,4.79,4.47,4.74,4.7,4.68,4.98,4.64,5.28,4.73,4.7,4.59,4.99
ANKRD56,4.54,4.71,4.51,4.68,4.65,5.04,5.57,5.64,4.72,4.83,4.6,4.68,4.77,4.89,4.67,4.62,4.51,4.53,4.51,4.64,4.59,4.9,4.52,4.73,4.88,4.11,4.74,4.75,4.56,5.62,5.18,4.84,4.76,4.75,4.83,4.56,4.54,4.54,5.14,4.63,4.49,4.82,4.5,5.17,4.93,4.67,4.3,4.99,4.47,5.29
ANKRD57,7.25,7.18,7.42,7.28,6.79,6.95,6.58,7.39,7.56,7.64,7.35,7.18,7.07,6.01,6.87,6.69,6.68,7.29,7.37,7.46,6.43,7.03,6.56,6.96,6.91,6.83,7.14,7.24,7.02,5.68,5.73,5.65,6.91,7.07,7.16,6.98,6.73,6.89,6.32,7.36,7.29,7.18,7.09,4.34,6.77,6.6,6.75,7.24,7.14,6.25
ANKRD57,9.25,9.58,9.27,9.33,9.07,9.23,9.09,9.16,9.39,9.32,9.47,9.4,9.2,9.16,8.83,8.73,8.71,9.28,9.35,9.39,8.56,8.75,8.81,8.86,8.77,8.7,9.16,9.28,9.25,8.64,7.93,9.14,9.05,9.23,9.23,9.01,8.74,8.89,9.15,9.26,9.27,9.18,8.94,9.56,8.72,8.81,8.86,9.3,9.17,8.48
ANKRD58,4.22,4.27,4.28,4.11,4.33,4.23,4.66,5.08,4.12,4.33,4.26,4.2,4.22,4.53,4.42,4.34,4.27,4.32,4.46,4.32,4.24,4.41,4.45,4.31,4.26,4.49,4.44,4.41,4.31,5.43,5.12,6.5,4.42,4.34,4.5,4.32,4.6,4.52,5.02,4.55,4.21,4.21,4.82,5.32,4.59,3.96,4.7,4.5,4.29,5.4
ANKRD6,4.87,4.7,4.37,4.83,5.37,4.69,4.75,4.8,4.68,4.52,5.15,4.62,5.06,4.72,4.55,5.08,4.73,4.76,4.76,4.68,4.91,5.28,4.77,4.77,4.58,4.67,4.57,4.85,4.74,5.24,5.97,4.49,4.98,4.84,4.85,4.64,4.51,4.51,5.34,4.55,4.83,5.32,4.48,5.5,4.45,4.87,4.76,4.77,4.78,4.81
ANKRD6,5.42,5.52,5.19,5.63,5.37,5.12,5.73,5.41,5.46,5.53,5.58,5.68,5.49,6.65,5.68,5.57,5.39,5.55,5.38,5.39,5.74,5.73,5.56,5.23,5.34,5.06,5.32,5.27,5.29,6.07,6.48,6.43,5.57,5.49,5.44,5.17,5.15,5.37,5.79,5.39,5.26,5.22,5.66,6.15,5.82,5.27,5.55,5.7,5.48,7.58
ANKRD7,3.42,3.56,3.23,3.38,3.34,3.53,3.47,3.21,3.48,3.38,3.53,3.55,3.59,4.35,3.33,3.29,3.36,3.45,3.43,3.19,3.29,3.43,3.59,3.5,3.3,3.39,3.47,3.23,3.41,3.44,5.95,3.99,3.41,3.4,3.5,3.19,3.4,3.43,3.83,3.13,3.26,3.37,3.42,3.38,3.3,3.48,3.24,3.41,3.34,3.85
ANKRD9,6.06,5.92,6.19,6.28,6.58,6,5.35,6.31,5.95,6.12,6.1,5.92,5.71,5.88,5.98,6,5.83,6.13,5.89,6.18,5.75,5.74,5.92,6.1,5.66,5.94,6.28,6.41,6.08,5.84,5.58,7.45,6.24,6.18,6.33,6.02,5.74,5.89,6.46,6.42,6.13,6.15,6.34,6.2,5.78,5.95,6.21,5.82,6,6.32
ANKRD9,7.33,7.22,7.37,7.43,7.58,7.6,7.06,7.5,7.2,7.37,7.61,7.02,7.02,6.7,7.01,7.04,6.89,7.39,7.14,7.4,6.76,6.79,7.06,7.11,6.95,7.01,7.51,7.48,7.49,7.29,6.54,7.91,7.19,7.43,7.35,7.17,7.46,7.3,7.33,7.39,7.37,7.58,7.3,7.51,7.13,7.27,7.35,7.19,7.03,7.64
ANKS1A,8.37,8.45,8.42,8.43,8.46,8.52,7.68,8.33,8.33,8.42,8.69,8.45,8.27,7.31,8.56,8.39,8.49,8.49,8.48,8.33,8.52,8.55,8.72,8.66,8.62,8.57,8.47,8.32,8.51,8.61,5.38,7.76,7.82,8.16,8.07,8.45,8.25,8.37,8.42,8.4,8.66,8.85,8.82,6.61,8.99,8.86,8.52,8.71,8.96,7.28
ANKS1A,3.85,3.79,3.87,3.88,4.28,3.87,5.2,3.86,3.88,4.01,3.68,4.09,4.15,3.97,3.65,3.73,3.79,3.89,3.93,3.69,3.48,3.89,3.86,3.7,3.87,3.8,4.23,3.86,3.77,5.51,5.17,5.14,4.13,3.85,4.04,3.78,3.69,3.92,4.27,3.83,3.82,3.73,3.92,4.4,4.25,3.71,3.93,3.54,3.57,4.26
ANKS1A,7.13,6.91,6.98,7.03,6.53,7,7.51,7.31,7.01,7,7.17,7.36,6.99,6.84,7.15,7.17,7.11,7.35,7.19,7.17,7.09,7.19,7.05,7.35,7.49,7.41,7.1,7.12,7.02,6.31,8.28,6.4,6.88,6.98,7.11,6.94,7.08,7.13,6.35,7.32,7.11,7.73,7.16,7.34,7.41,7.34,7.58,7.18,7.28,7.55
ANKS1A,4.95,5.01,5.23,5.05,4.93,4.91,5.53,5.19,4.93,4.95,5.05,5.19,4.94,4.8,5.21,5.3,4.92,4.97,5.26,5.35,5.42,5.14,4.95,4.91,5.13,5.14,4.9,5.21,5.65,5.59,5.11,5.42,4.98,5.06,5.18,4.62,4.98,4.99,5.57,5.22,5.39,5.24,5.06,5.34,5.26,5.27,4.93,4.85,4.77,6.1
ANKS1A,3.6,3.78,3.64,3.94,3.88,3.88,4.42,4.12,3.83,4.05,4.11,3.84,3.77,4.81,3.88,3.89,3.82,3.77,3.39,3.61,3.74,3.99,3.78,3.77,3.94,4.06,3.87,3.69,3.73,4.01,4.96,5.64,3.58,3.4,3.67,3.77,4.37,4.01,4.05,4.05,4.08,3.88,3.91,3.89,3.91,3.74,3.83,4.48,3.76,4.57
ANKS1B,3.31,3.22,3.3,3.26,4.12,3.55,3.61,3.4,3.33,3.34,3.37,3.32,3.2,3.43,3.31,3.56,3.35,3.45,3.42,3.42,3.56,3.26,3.11,3.43,3.43,3.44,3.43,3.31,3.5,3.8,5,4.11,3.52,3.26,3.57,3.29,3.78,3.26,5.34,3.46,3.34,3.38,3.38,4.11,3.58,3.54,3.33,3.44,3.33,3.82
ANKS1B,4.33,4.38,4.45,4.53,4.38,4.96,4.34,4.63,4.44,4.71,4.32,4.16,4.45,4.31,4.48,4.66,4.67,4.52,4.65,4.36,4.6,4.53,4.3,4.44,4.32,4.34,4.5,4.73,4.25,4.79,5.48,5.36,4.45,4.46,4.82,4.39,4.19,4.19,4.22,4.46,4.39,4.41,4.37,4.33,4.32,5.34,4.73,4.59,4.44,4.55
ANKS1B,4.91,4.81,5.34,5.16,5.34,4.51,4.61,4.51,4.85,4.97,4.96,4.92,4.68,5.59,5.19,5.1,4.94,5.19,5.49,5.26,4.77,4.94,4.87,5.28,5.1,5.09,5.22,5.44,4.94,5.63,6.05,4.85,4.27,4.84,4.95,5.58,4.67,5.19,4.01,5.39,5.18,5.75,5.6,5.17,4.99,5.58,5.38,5.41,5.34,6.01
ANKS1B,3.35,3.37,3.32,3.5,3.35,3.61,3.91,3.44,3.44,3.26,3.21,3.31,3.31,3.7,3.17,3.2,3.37,3.52,3.31,3.29,3.43,3.36,3.4,3.34,3.49,3.65,3.35,3.19,3.4,3.24,4.85,4.1,3.29,3.26,3.27,3.43,3.58,3.35,3.42,3.66,3.15,3.2,3.63,5.02,3.34,3.47,3.73,3.33,3.31,3.68
ANKS1B,3.72,3.91,4.11,3.72,3.71,3.94,3.7,3.73,3.73,3.65,3.88,3.75,3.76,3.84,3.58,3.75,3.67,3.62,3.58,3.7,3.75,3.74,3.78,3.78,3.46,3.99,3.96,3.93,3.73,4.55,4.93,5.23,3.99,3.72,3.9,3.73,4.28,3.72,4.48,3.83,3.86,3.61,3.76,5.42,3.69,4.09,3.71,3.7,3.79,4.92
ANKS1B,3.98,3.73,3.52,3.98,3.97,3.75,4.57,3.67,3.75,3.85,3.67,3.68,3.73,4.69,3.78,3.88,3.85,3.97,3.72,3.79,3.92,3.62,3.56,3.73,3.89,3.85,3.97,3.89,3.93,4.12,6.2,6.19,3.83,3.76,3.84,3.68,3.86,3.62,4.11,3.86,3.95,3.68,3.67,4.88,3.95,3.83,4.04,3.82,3.89,4.05
ANKS1B,4.45,4.84,4.77,4.54,4.57,5.03,4.94,4.85,4.4,4.32,4.41,4.37,4.56,4.61,4.6,4.83,4.43,4.16,4.65,4.6,4.72,4.37,4.26,4.93,4.45,5.08,4.67,4.41,4.45,4.68,5.86,5.46,4.52,4.51,4.74,4.39,4.41,4.56,4.77,4.5,4.96,4.42,4.6,4.4,4.67,4.7,4.81,4.41,4.96,5.06
ANKS1B,3.38,3.39,3.26,3.28,3.48,3.5,4.22,3.37,3.44,3.39,3.59,3.42,3.39,4.58,3.23,3.54,3.23,3.25,3.48,3.26,3.51,3.78,3.38,3.28,3.23,3.44,3.29,3.56,3.46,3.85,4.98,4.26,3.46,3.29,3.43,3.37,3.85,3.27,4.51,3.23,3.34,4.08,3.44,4.86,3.61,3.5,3.57,3.45,3.32,5.34
ANKS1B,4.55,4.67,4.7,4.81,4.98,4.86,4.96,4.47,4.48,4.8,4.97,4.66,4.74,7.65,6.06,5.4,5.99,5.52,5.03,4.81,5.02,5.11,4.5,5.5,4.86,4.77,4.72,4.69,4.3,5.01,5.58,5.17,5.8,6.28,6.43,5.16,5.36,6.16,4.69,4.94,4.41,4.41,4.88,6.39,4.63,4.46,4.56,4.9,4.9,8.71
ANKS1B,3.59,3.7,3.78,3.53,3.61,3.6,3.39,3.48,3.88,3.36,3.65,3.45,3.66,3.65,3.54,3.4,3.47,3.48,3.54,3.35,3.6,3.64,3.99,3.67,3.51,3.58,3.56,3.35,3.52,3.64,4.63,4.77,3.76,3.71,3.57,3.35,4.07,3.56,3.74,3.47,3.65,3.56,3.44,4.04,3.95,3.65,3.42,3.37,3.69,3.94
ANKS3,6,5.79,6.18,6.24,5.7,6.05,4.7,6.4,5.87,5.94,5.96,6.24,5.52,5.88,6.21,6.02,5.97,5.74,6.21,6.24,6.03,5.84,5.72,6.19,6.53,6.21,5.99,6.16,6.05,4.58,5.58,6.82,6.11,6.21,6.49,5.99,6.11,6.38,5.11,6.81,6.27,6.41,6.71,6.19,6.03,5.43,6.18,6.09,5.96,4.35
ANKS3,6.15,5.9,6.27,6.25,6.61,6.52,5.5,6.35,6.25,6.2,6.28,6.29,6.11,5.85,6.29,6.32,6.01,6.19,6.46,6.17,6.46,6.36,6.2,6.49,6.18,5.99,6.39,5.91,5.99,5.5,5.32,5.93,6.32,6.28,6.38,6.51,6.38,6.53,6.16,6.11,6.04,6.54,6.65,5.28,6.65,6.72,6.3,6.16,6.23,6.23
ANKS3,6.01,5.76,5.96,6.02,6.34,6.1,5.97,6.22,5.91,6.02,5.85,6.14,5.8,5.65,6.15,6.46,6.05,6.13,5.7,6.12,6.01,6.15,6.04,6.46,5.87,5.84,6.02,5.95,6.2,5.09,6.52,6.8,6.21,6.07,6.18,6.33,6.19,6.37,5.8,6.36,6.37,6.42,6.32,4.97,5.98,6.31,6.09,5.88,6.04,6.88
ANKS3,6.01,5.91,5.93,5.89,6.17,6.06,5.45,6.42,5.74,6,5.99,5.84,5.62,4.41,6.25,6.13,6.19,5.84,6.01,5.8,5.66,6.05,5.76,5.89,6,6.29,6.21,5.77,5.79,4.24,4.04,5.11,5.94,6.08,6.02,6.02,5.97,6.15,4.44,6.07,6.28,6.13,6.04,5.45,6.17,5.84,6.18,5.84,6.08,5.88
ANKS4B,4.42,4.66,4.29,4.59,4.09,4.38,4.62,4.06,4.24,4.3,4.7,4.66,4.65,6.11,4.35,4.23,4.05,4.38,4.25,3.98,4.51,4.09,4.32,3.97,4.11,4.04,4.36,4.12,4.82,4.74,5.76,4.37,4.45,4.56,4.21,4.04,4.36,3.78,3.95,3.76,3.99,4.03,4.44,5.6,4.24,4.12,4.23,4.24,4.19,4.69
ANKS4B,3.63,3.81,3.7,3.66,3.74,3.48,4.05,3.74,3.62,3.71,3.78,3.67,3.8,4.87,3.51,3.77,3.74,3.84,4,3.47,4.05,3.72,3.62,3.62,3.5,3.62,3.63,3.62,3.97,5.6,4.26,4.91,3.64,3.89,3.58,3.52,3.47,3.5,4.24,3.38,3.56,3.51,3.55,4.78,3.62,3.92,3.67,3.63,3.46,5.01
ANKS6,5.63,5.8,6,5.88,5.98,6.13,6.58,6.13,5.81,5.83,5.9,5.76,5.8,6.43,6.02,5.91,5.72,6,5.89,5.76,5.96,5.88,5.84,5.96,5.96,6.01,5.9,5.99,6.09,6.47,5.88,6.09,5.81,5.94,6.1,5.71,5.7,5.72,6.44,6.2,5.97,6.46,6.53,6.21,6.04,6.13,5.93,5.93,5.87,6.06
ANKS6,4.96,5.04,5.83,5.29,5.63,5.56,4.8,5.31,5.22,5.2,5.26,4.86,4.64,5.55,4.94,4.52,4.8,5.5,5.47,5.39,4.82,4.83,4.74,5.09,5.01,5.08,5.17,5.29,4.98,4.96,8.25,6.3,4.46,4.83,5.08,4.73,4.71,4.69,5.88,5.13,5.38,5.49,5.67,5.68,5.05,5.69,5.75,5.35,5.38,4.45
ANKS6,5.14,5.68,5.2,5.31,5.32,5.71,5.78,5.35,5.24,5.33,5.73,5.51,5.4,6.05,5.41,5.33,5.27,5.44,5.28,5.22,5.73,5.51,5.52,5.11,5.37,5.22,5.47,5.71,5.44,5.64,7.4,6.5,5.37,5.16,5.32,5.06,5.42,5.2,5.66,5.51,5.28,5.76,5.23,6.68,5.11,5.14,5.65,5.31,5.16,6.55
ANKZF1,8.72,8.51,9.04,8.86,9.05,9.26,9.09,9.01,8.55,8.82,8.85,8.74,8.63,8.4,8.8,9.02,8.99,8.84,8.89,8.8,8.81,8.64,8.79,8.95,9,8.8,8.87,8.75,8.92,8.96,9.31,8.86,8.88,8.99,8.96,9.08,9.13,9.1,9.18,8.88,8.88,9.14,9.08,7.84,8.84,8.87,8.81,8.65,8.87,8.21
ANKZF1,6.74,6.88,6.5,6.79,6.53,6.29,6.51,6.27,6.87,6.91,7,7.05,7.02,8.26,6.65,6.38,6.44,6.48,6.23,6.5,6.83,7.22,6.73,6.28,6.19,6.48,6.27,6.77,6.58,6.94,7.27,7.36,6.7,6.78,6.58,6.07,6.46,6.53,5.77,6.12,6.17,6.48,6.56,6.49,6,5.9,6.25,6.39,6.31,7.38
ANLN,9.07,9.21,8.83,9.08,8.9,8.81,8.21,8.62,9.28,9.09,9.3,8.89,9.08,7.94,8.46,8.12,8.46,8.48,8.69,8.81,7.22,7.28,7.51,7.32,7.49,7.28,9,8.88,9.18,8.72,7.72,7.67,9.21,9.35,9.32,8.39,8.36,8.41,8.42,8.96,9,8.28,8.37,8.51,7.88,8.02,7.97,8.83,9.06,7.6
ANLN,8.18,7.75,7.96,8.13,8.2,7.88,7.35,8.18,8.13,8.1,7.89,7.84,7.93,8.38,7.44,7.76,7.42,7.77,7.77,7.85,6.47,6.45,6.06,6.83,6.36,6.72,8.12,8.24,7.92,7.05,6.48,7.37,8.57,8.73,8.52,7.17,7.27,7.44,7.6,8.05,7.99,7.54,7.58,7.57,7.01,7.46,7.19,7.89,7.97,7.46
ANLN,8.45,8.34,8.13,8.49,7.61,7.93,6.79,8.35,8.41,8.64,8.08,8.17,8.14,7.54,7.76,7.81,7.61,8,8,8.31,6.76,6.96,6.45,6.58,7.08,6.8,8.14,8.5,8.25,6.39,5.83,6.82,8.64,8.89,8.86,7.76,7.16,7.74,7.74,8.31,8.3,7.57,7.4,7.15,7.37,7.21,7.36,8.22,8.24,7.02
ANLN,7.58,7.08,7.25,7.44,6.72,6.95,6.82,7.22,7.46,7.48,7.16,7.28,7.2,6.62,6.97,6.7,6.53,7.05,6.94,7.01,6.26,6.4,5.55,5.95,6.2,6.03,7.01,7.37,6.84,4.63,4.76,5.34,7.7,7.88,7.88,6.65,6.59,6.65,7.04,7.02,7.17,6.5,6.5,5.31,6.39,6.34,6.59,7.21,7.2,6.05
ANO1,4.22,3.92,4.26,4.02,4.29,4.63,4.82,4.59,4.17,4.14,4.37,4.25,4.01,5.22,4.51,4.47,4.11,4.32,4.24,4.14,4.24,3.98,4.23,4.28,4.09,4.03,4.56,4.18,4.1,4.76,5.55,6.57,4.34,4.33,4.32,4.48,4.2,4.27,5.15,4.08,4.34,4.47,4.09,5.28,4.05,4.71,4.24,4.14,4.19,5.7
ANO1,4.06,4.77,4,4.22,3.81,3.8,4.3,3.73,4.25,4.14,4.46,4.31,4.68,4.17,3.94,3.87,3.97,3.95,3.74,4.02,4.13,4.79,4.82,4.04,3.83,4.02,4.02,4.04,4.14,4.53,4.92,3.99,3.96,4.36,3.98,3.79,3.62,3.71,4.26,3.83,3.69,3.97,3.67,4.6,3.68,3.81,4.01,3.92,4.22,5.55
ANO1,3.61,3.71,3.46,3.63,3.82,3.68,3.89,3.62,3.8,3.61,3.66,3.72,3.9,4.53,3.62,3.64,3.69,3.74,3.53,3.44,3.69,3.94,3.94,3.49,3.4,3.43,3.71,3.66,3.77,4.3,4.52,4.72,3.74,3.96,3.56,3.57,3.88,3.51,4.05,3.38,3.52,3.8,3.54,4.2,3.47,3.7,3.36,3.89,3.79,6.19
ANO10,6.65,6.41,7.08,6.77,6.99,6.7,5.5,6.65,6.66,6.67,6.67,6.7,6.46,6.41,6.6,6.49,6.5,6.71,6.92,6.53,6.82,6.62,6.67,6.97,6.72,6.58,6.79,6.89,6.73,6.68,4.3,5.17,6.27,6.79,6.71,6.55,6.78,6.77,6.78,6.89,6.53,6.79,6.74,5.72,6.76,6.52,6.6,6.7,6.47,6.03
ANO2,4.02,4.17,4.35,4.2,4.12,4.08,4.38,4.19,4.35,4.09,4.38,4.39,4.39,4.71,4.23,4.75,4.03,4.1,4.18,4.24,4.36,4.29,4.17,4.11,4.16,4.02,3.93,4.46,4.15,4.36,5.98,5.56,4.11,4.13,4.32,4.41,4.96,4.17,4.26,4.01,3.97,4.03,4.13,4.16,4.21,4.8,4.84,4.13,4.17,4.46
ANO3,3.67,3.85,3.7,3.86,3.52,3.94,4.06,3.77,4.12,3.81,3.74,3.96,3.92,3.88,3.48,3.67,3.89,3.61,4.03,3.93,3.38,3.83,4.2,3.6,3.62,3.69,3.53,3.74,3.82,3.97,5.17,3.98,4,3.67,3.77,3.92,3.58,3.74,3.48,4.03,3.78,4.17,3.67,3.79,3.5,3.9,3.59,4.06,3.86,5.17
ANO3,3.63,3.66,3.99,3.66,3.74,3.53,4.32,3.99,3.53,3.79,3.61,3.56,3.46,4.35,3.55,3.7,3.51,3.53,3.69,3.64,3.91,3.85,3.75,3.71,3.63,3.68,3.51,3.71,3.83,4.36,3.89,4.06,3.9,3.66,3.63,3.65,3.82,3.69,4.61,3.31,3.68,3.71,3.99,3.99,3.71,3.66,4.11,3.78,3.42,4.81
ANO3,4.77,4.63,4.5,4.64,5.01,4.47,4.33,4.48,4.49,4.64,4.93,4.71,4.43,6.29,4.73,4.8,4.57,4.4,4.32,4.45,4.63,4.82,4.69,4.57,4.58,4.93,4.63,4.88,4.77,4.59,8.02,5.6,4.59,4.75,4.25,4.58,4.45,4.28,5.13,4.48,4.64,4.66,4.75,5.33,4.57,4.59,4.53,4.84,4.5,6.29
ANO3,3.53,3.34,3.57,3.56,3.6,3.81,4.05,3.65,3.57,3.46,3.56,3.4,3.29,3.89,3.66,3.52,3.7,3.64,3.53,3.55,3.53,3.82,3.52,3.5,3.61,3.82,3.78,3.63,3.57,4.85,5.51,5.37,3.49,3.9,3.47,3.65,3.82,3.59,4.02,3.53,3.84,3.98,3.66,3.94,3.55,3.86,3.95,3.73,3.49,4.48
ANO4,4.51,4.36,3.95,4.36,3.72,3.69,3.61,4.18,4.35,4.36,4.35,4.48,3.96,4.37,4.29,4.12,3.95,4.52,4.06,4.2,4.72,4.19,4.41,4.14,3.68,4.22,4.12,4.51,3.87,3.42,3.99,3.55,4.04,4.53,4.18,4.48,3.88,4.34,4.02,4.07,4.03,3.87,4.01,4.51,3.89,3.63,4.05,4.21,4.26,4.95
ANO4,4.16,3.81,4.24,4.12,4.56,3.84,4.21,4.16,4.12,4.13,4.37,4.05,3.88,4.57,4.17,4.16,4.14,3.93,4.21,4.11,4.38,4.33,4.07,4.16,4.1,4.15,3.97,4.43,4.03,4.12,4.66,4.5,3.92,4.09,4.26,4.08,4.01,4.38,4.11,4.02,4.46,3.96,4.07,4.46,3.96,4.25,4.58,4.12,4.05,5.7
ANO4,4.31,4.02,3.99,4.04,4.05,4.15,4.3,4.27,4.19,3.96,4.21,4.34,4.16,4.97,3.96,4.09,4.43,4.16,3.9,4.05,4.2,4.28,4.36,3.93,4.14,4.41,4.03,4.46,4.46,4.09,5.4,4.23,4.13,4.04,4.17,3.87,4.68,3.86,4.33,3.89,4.08,4.12,4.37,5.5,4.12,4.59,3.99,4.05,4.27,4.75
ANO5,3.49,3.4,3.41,3.45,3.45,3.48,3.8,3.22,3.52,3.58,3.46,3.69,3.7,4.62,3.45,3.4,3.61,3.55,3.47,3.25,3.4,3.56,3.39,3.31,3.6,3.43,3.42,3.74,3.36,4.21,5.24,3.84,3.6,3.43,3.66,3.3,3.56,3.71,3.52,3.54,3.43,3.48,3.35,3.62,3.66,3.5,3.31,3.33,3.44,4.38
ANO5,4.22,4.21,4,3.98,3.66,3.81,4.97,4.62,3.89,4.15,3.99,4.05,4.09,4.91,3.92,3.87,3.8,4.13,3.93,3.87,3.98,3.92,4.05,3.83,3.86,3.86,4.16,3.99,4.02,5,4.49,4.48,4.2,4.08,3.99,3.9,4.21,3.91,3.93,3.77,3.92,3.77,3.84,4.85,3.83,3.78,3.81,3.82,3.92,4.91
ANO6,7.68,7.78,7.68,7.85,7.86,8.05,7.8,8.03,7.62,7.71,7.63,7.79,7.83,7.35,7.48,7.64,7.68,7.64,7.68,7.76,7.64,7.49,7.47,7.71,7.69,7.53,7.87,7.71,7.75,7.48,6.97,7.01,7.65,7.74,7.78,7.66,7.66,7.57,7.81,7.82,7.74,7.83,7.88,7.86,7.57,7.86,7.83,7.6,7.7,6.88
ANO6,8.69,8.88,8.39,8.5,8.41,8.5,7.95,8.24,8.76,8.74,8.95,8.7,8.78,8.21,8.46,8.29,8.57,8.29,8.4,8.49,8.41,8.16,8.64,8.03,8.22,8.25,8.4,8.41,8.7,8.26,6.04,7.39,7.9,8.35,8.18,8.32,8.64,8.11,7.8,8.36,8.41,8.63,8.81,7.58,8.33,8.16,8.33,8.43,8.96,7.27
ANO6,8.36,8.18,8.3,8.44,8.32,8.03,8.37,8.32,8.32,8.35,8.52,8.26,8.23,7.2,8.08,8.04,8.12,8.1,8.26,8.27,8.12,8.19,8.17,8.01,8.11,8.38,8.27,8.24,8.32,8.2,6.54,6.88,8.12,8.29,8.2,8.16,8.11,8.18,8.26,8.18,8.25,8.34,8.29,7.75,8.01,8.22,8.27,8.24,8.42,7.71
ANO6,4.01,3.67,3.79,4.3,3.7,3.82,3.66,4.08,3.92,4.01,4.04,3.98,3.87,5.07,3.89,3.85,4.1,3.86,3.77,3.93,3.72,4.22,4.03,4.05,4.19,3.93,3.9,4.31,3.91,3.69,5.18,5.65,3.95,4.1,3.95,3.82,3.8,3.67,4.96,3.98,4.02,4.2,3.88,5.29,4.22,3.62,4.49,3.89,3.87,5.05
ANO6,4.3,4.36,4.13,4.1,4.3,3.84,4.49,4.31,4.16,4.09,4.38,4.41,4.31,6.11,4.15,4.15,4.04,3.86,4.09,4.43,4.19,4.35,4.11,3.96,4.27,3.8,3.98,4.49,4.05,3.94,5.86,4.54,3.92,4.38,3.85,4.11,3.86,3.93,3.89,4.19,4.22,4.2,3.72,4.18,4.19,3.6,4.6,4.14,3.93,6.82
ANO6,8.58,8.52,8.36,8.62,7.95,8.27,8.35,8.61,8.27,8.69,8.24,8.54,8.49,8.01,8.32,8.28,8.29,8.29,8.38,8.61,8.25,8.24,7.9,8.37,8.37,8.41,8.5,8.55,8.16,6.99,7.34,8.39,8.48,8.5,8.37,8.3,8.04,8.45,8.43,8.56,8.48,8.67,8.46,7.76,8.35,8.49,8.72,8.35,8.39,8.37
ANO7,4.97,4.94,4.82,4.56,5.16,4.87,4.88,4.64,4.66,5.14,4.85,4.98,4.9,5.18,4.92,4.68,4.78,5.1,4.87,4.94,5.19,4.76,4.97,4.99,4.98,4.99,4.88,4.89,5.42,5.32,5,5.42,4.89,4.88,4.8,4.75,4.67,4.7,6.01,5.37,4.82,5.02,5.6,5.51,5.18,4.88,5.24,4.92,4.91,6.18
ANO7,4.73,4.82,4.89,4.98,5.21,4.95,4.14,5.41,4.96,4.73,4.7,4.7,4.78,4.8,5.11,4.75,4.68,4.94,4.78,4.94,4.69,4.71,4.87,4.85,4.86,4.73,5.13,5.13,4.93,4.19,6.35,5.11,4.81,5,5.03,4.84,5.55,4.68,5.34,4.95,4.9,5.23,4.95,5.31,5.37,4.77,5.08,4.44,4.73,5.38
ANO7,5.41,5.39,5.77,5.58,5.8,5.79,6.2,5.87,5.5,5.54,5.53,5.37,5.09,6.75,5.18,5.4,4.95,5.26,5.44,5.5,4.89,5.4,5.37,5.29,5.04,5.35,5.82,5.56,5.49,5.86,6.55,7.5,5.53,5.23,5.5,5.38,5.06,5.17,5.51,5.26,5.63,5.65,4.94,7.05,5.06,5.19,5.56,5.41,5.44,6
ANO8,4.64,4.7,5.13,5.18,4.99,5.13,5.61,5.48,5.15,5.07,4.91,4.76,4.99,6.35,5.1,5.05,4.92,4.99,5.29,5.4,5.07,5.08,4.83,5.07,4.88,4.86,5.09,5,4.85,4.4,6.11,5.35,4.99,4.75,4.77,4.9,4.87,5.04,4.85,5.36,5.14,5.38,5.17,7.48,5.2,4.96,4.8,4.95,5.03,5.1
ANO9,4.05,3.8,3.95,3.77,3.87,4.08,4.57,4.03,3.9,3.91,4.04,4.18,4.08,4.8,4,3.87,4.27,3.81,3.89,4.38,4.2,4.2,4.26,3.89,4.16,3.83,4.11,4.17,4.19,4.91,4.13,4.5,4.03,4.02,4.22,4.22,4.19,4.24,4.01,4.1,4.24,3.86,4.17,4.84,4.66,4.6,4.18,3.71,4.32,4.26
ANO9,4.67,4.74,4.66,4.91,5.1,5.19,5.29,5.09,4.81,4.81,5.07,4.73,4.82,4.86,4.83,4.81,4.9,4.86,4.62,4.79,5.27,4.82,5.16,4.67,4.74,4.68,5.19,5.2,5.37,4.39,4.68,5.03,5.05,4.69,4.61,5.11,4.45,4.68,4.24,5.74,5.18,5.02,5.36,5.23,5.26,5.17,4.48,5.18,5.51,4.25
ANP32A,9.16,9.14,9.07,9.07,8.77,8.99,8.52,8.82,9.22,9.09,9.34,9,8.96,8.52,8.78,8.72,8.89,9.16,9.24,9.27,8.72,8.61,8.72,8.63,8.68,8.55,9.05,9.06,9.05,8.42,5.6,6.95,8.4,8.49,8.39,8.64,8.6,8.72,8.21,8.6,8.79,8.72,8.75,8.65,9.23,9.16,9.03,8.95,9.08,8.45
ANP32A,9.81,8.85,9.23,9.16,8.06,8.44,8.54,8.84,9.41,9.34,7.86,8.95,9.32,5.96,8.94,8.8,9.21,9.23,9.3,9.63,8.9,8.47,7.51,8.65,8.52,8.81,9.09,9.11,8.34,6.7,6.39,6.09,8.98,8.73,8.71,8.65,8.27,8.55,8.05,8.24,8.46,8.27,8.26,5.74,9.03,9.02,8.8,8.94,8.59,5.6
ANP32A,11.71,11.19,11.37,11.34,10.66,10.89,10.86,11.09,11.57,11.51,10.28,11.22,11.28,8.67,11.09,11.06,11.2,11.57,11.67,11.74,11.03,10.81,9.8,10.87,10.79,11.05,11.4,11.44,10.6,10.03,7.54,7.68,11.15,10.92,11.08,10.94,10.47,10.87,10.66,10.9,10.84,10.75,10.61,8.72,11.33,10.97,11.08,11.16,10.75,7.82
ANP32A,11.73,11.34,11.62,11.64,11.64,11.69,11.49,11.61,11.63,11.63,11.51,11.58,11.59,11.08,11.26,11.3,11.22,11.58,11.66,11.64,11.17,11.24,11.28,11.23,11.17,11.18,11.65,11.63,11.51,11.27,10.34,11.01,11.31,11.17,11.19,11.35,11.38,11.34,11.55,11.56,11.66,11.5,11.4,11.06,11.55,11.65,11.72,11.58,11.64,10.67
ANP32B,12.87,12.83,12.9,12.87,12.87,12.89,12.88,12.88,12.83,12.89,12.92,12.81,12.78,11.93,12.71,12.78,12.73,12.98,12.96,12.93,12.52,12.42,12.42,12.55,12.58,12.57,12.89,12.87,12.96,12.8,12.15,12.06,12.81,12.77,12.76,12.7,12.74,12.74,12.68,12.67,12.76,12.94,12.83,11.97,12.82,12.81,12.83,12.81,12.89,11.48
ANP32B,10.81,10.82,10.89,10.92,10.87,10.83,10.83,10.72,10.9,10.91,10.96,10.86,10.97,10.67,10.71,10.65,10.72,10.93,10.95,11.03,10.46,10.3,10.58,10.5,10.51,10.47,10.82,10.93,10.98,11,10.46,10.64,10.7,10.7,10.59,10.66,10.77,10.76,10.65,10.75,10.78,10.79,10.82,10.53,10.79,10.84,10.78,10.78,10.88,10.29
ANP32C,3.45,3.66,3.32,3.69,3.76,3.61,4.32,3.52,3.37,3.26,3.6,3.46,3.6,4.76,3.46,3.38,3.36,3.67,3.49,3.44,3.67,3.54,3.46,3.38,3.27,3.4,3.59,3.5,3.4,4.02,4.05,3.43,3.32,3.4,3.54,3.45,3.45,3.4,3.49,3.41,3.58,3.5,3.51,3.53,3.57,3.35,3.3,3.4,3.44,3.86
ANP32D,4.29,4.37,4.31,4.44,4.57,4.52,5.12,4.29,4.23,4.39,4.56,4.35,4.45,4.47,4.21,4.28,4.17,4.39,4.28,4.26,4.06,4.26,4.08,4.2,4.47,4.48,4.53,4.31,4.52,4.8,6.13,5.73,4.67,4.26,4.23,4.26,4.55,4.14,4.73,4.38,4.18,4.26,4.31,5.43,4.32,4.37,4.1,4.35,4.4,5.05
ANP32D,3.52,3.6,3.47,3.41,3.35,3.7,3.9,3.5,3.39,3.46,3.46,3.54,3.42,4.22,3.41,3.62,3.63,3.68,3.47,3.38,3.55,3.43,3.5,3.59,3.51,3.65,3.6,3.47,3.48,4.67,4.92,3.75,3.61,3.36,3.43,3.38,3.49,3.43,3.95,3.6,3.52,3.49,3.69,4.48,3.54,3.72,3.37,3.41,3.55,4
ANP32E,9.58,9.24,9.35,9.5,8.94,9.2,8.43,9.09,9.75,9.45,9.32,9.34,9.3,6.72,8.71,8.28,8.81,9.17,9.34,9.42,8.65,8.51,8.49,8.44,8.51,8.6,9.21,9.35,9.15,6.95,5.04,6.43,8.71,8.63,8.73,8.37,8.07,8.52,8.72,9.36,9.26,8.46,8.52,6.89,9.1,9.19,9.15,9.44,9.36,6.05
ANP32E,10.69,10.59,10.5,10.52,10.3,10.36,10.12,10.21,10.71,10.54,10.61,10.53,10.43,9.48,9.95,9.73,9.93,10.38,10.37,10.46,9.86,9.99,9.93,9.73,9.7,9.8,10.58,10.65,10.48,9.27,7.35,7.81,9.87,9.91,9.95,9.86,9.49,9.77,9.93,10.44,10.46,9.76,9.87,7.68,10.3,10.19,10.36,10.53,10.64,9.65
ANP32E,12.14,12.23,12.06,12.2,12.19,12.09,11.92,11.84,12.26,12.06,12.32,12.08,12.24,12.08,11.84,11.87,11.85,12.07,12.01,11.98,11.94,11.96,12.11,11.73,11.74,11.83,12.13,12.13,12.27,12.07,10.02,11.32,11.87,11.79,11.85,11.82,11.85,11.76,12,11.92,12.08,11.98,12.09,12.01,12.12,12.09,12.14,12.18,12.26,12.09
ANP32E,9.59,9.36,9.39,9.41,8.9,9.27,8.36,8.97,9.77,9.37,9.46,9.39,9.3,8.97,8.96,8.63,8.97,9.34,9.32,9.73,8.67,8.77,8.93,8.68,8.65,8.73,9.42,9.39,9.31,7.69,8.5,7.46,8.94,8.78,8.86,8.78,8.27,8.77,8.44,9.33,9.26,8.3,8.36,7.65,9.28,8.76,9.09,9.56,9.41,8.34
ANP32E,9.32,9.06,9.21,9.19,8.93,8.95,9.03,8.85,9.44,9.25,9.03,9.16,9.13,7.75,8.46,8.14,8.6,9.11,9.04,9.07,8.45,8.31,8.12,8.33,8.01,8.32,9,9.15,9.02,7.9,5.74,7.33,8.54,8.42,8.48,8.51,8.09,8.27,8.39,9.05,9.11,8.1,8.47,6.72,9.03,8.69,8.86,9.14,9.15,7.4
ANPEP,5.06,4.73,4.8,4.78,4.76,4.95,5.27,4.55,4.85,5.02,4.69,4.74,4.98,5.34,4.71,4.79,4.62,4.75,4.83,4.5,4.91,4.79,4.68,4.75,4.48,4.58,4.99,4.67,4.69,4.62,5.43,4.88,5,4.56,4.86,4.57,5.35,4.83,5.39,4.87,4.49,4.84,5.05,5.5,4.85,4.85,5.02,4.74,4.74,5.17
ANPEP,3.91,3.85,3.82,4.04,4.2,4.24,4.27,3.85,3.89,3.9,3.99,3.61,3.84,4.41,3.71,3.83,3.82,4.08,3.67,3.74,3.94,3.98,4.04,4.02,3.83,4,3.98,3.64,3.72,4.67,5.24,5.96,3.91,3.8,3.73,3.9,4.03,3.87,4.6,4.05,3.91,4.05,4.68,5.44,4.21,4.55,4.26,3.95,3.71,4.16
ANTXR1,4.53,4.65,4.89,4.89,4.59,4.69,4.62,4.84,4.89,4.62,4.95,4.71,4.5,5.02,4.5,4.48,4.74,4.83,4.58,4.55,4.61,4.71,4.75,4.56,4.55,4.47,4.71,4.73,4.74,4.93,5.57,5.03,4.53,4.53,4.64,4.89,4.46,4.22,4.35,4.86,4.26,4.58,4.52,5.48,4.83,4.81,4.67,4.7,4.56,5.99
ANTXR1,4.54,4.3,4.73,4.68,4.55,4.43,5.18,4.63,4.61,4.54,4.88,4.6,4.45,5.19,4.41,4.63,4.31,4.75,4.6,4.67,4.59,4.62,4.55,4.9,4.54,4.81,4.49,4.41,4.65,4.62,6.36,4.94,4.89,4.57,5.07,4.55,4.63,4.57,4.85,4.34,4.55,5.13,4.29,5.41,4.51,4.56,4.53,4.47,4.37,6.84
ANTXR1,3.57,3.43,3.74,3.62,3.96,4.91,4.29,3.37,3.66,3.48,3.7,3.68,3.76,5.15,3.71,3.8,3.72,3.9,3.81,3.41,3.69,3.76,3.65,3.71,4.11,3.72,3.54,3.58,3.58,4.06,4.76,4.34,4.15,3.86,3.72,3.77,3.62,3.51,4.74,3.8,3.95,3.84,3.52,5.27,3.83,3.68,3.79,3.87,3.86,5.44
ANTXR1,4.36,4.21,4.32,4.25,4.3,4.36,4.58,4.44,4.27,4.38,4.42,4.24,4.24,6.08,4.04,4.41,4.36,4.27,4.13,4.28,4.42,4.26,4.29,4.26,4.52,4.32,4.38,4.19,4.72,4.35,6.72,6.58,4.19,4.16,4.4,4.15,4.47,4.23,4.58,4.21,4.21,4.59,4.21,6.43,4.14,4.29,4.27,4.35,4.26,5.78
ANTXR2,4.03,4.16,3.96,3.97,4,4.07,3.99,4.08,3.92,3.9,4.18,4.16,3.97,4.76,4.02,4.16,3.83,4.12,4.23,3.89,4.06,3.95,3.86,3.85,3.76,3.94,3.87,3.88,4.03,4.26,4.39,5.09,3.99,3.99,4.27,3.88,3.94,3.9,4.99,3.97,3.83,3.96,4.2,4.39,3.9,3.83,4.05,3.89,4.14,4.9
ANTXR2,3.94,4.07,3.92,3.92,3.81,4.09,4.13,3.89,4,3.84,4.11,4.17,4.29,4.32,3.87,3.87,4,3.85,3.56,4.13,3.96,4.02,4.01,4.24,4.28,3.73,3.81,4.07,4.03,5.72,5,5.92,4.05,3.98,4.14,3.71,4.06,4.15,4.25,4.04,3.98,3.76,4.66,4.2,4.06,4.04,4.26,3.91,3.95,4.28
ANTXR2,4.57,4.6,4.26,4.39,4.9,4.46,4.86,4.49,4.42,4.46,4.65,4.55,4.52,6.14,4.58,4.94,4.82,4.65,4.23,4.27,4.53,4.67,4.63,4.87,4.57,4.37,4.25,4.61,4.46,5.19,4.95,6.53,4.27,4.38,4.55,4.54,4.39,4.53,4.99,4.45,4.59,4.53,5.11,5.39,4.44,4.45,4.3,4.62,4.4,5.93
ANTXR2,3.89,3.84,3.98,4.01,3.83,3.98,4.17,4.9,3.67,3.84,3.99,4.05,3.86,5.11,4.07,4.04,3.99,4.18,4.04,3.97,3.56,4.04,4.04,3.91,4.29,3.87,4.19,4.18,4.07,4.44,4.32,5.79,3.87,3.99,4.23,4.26,4.01,4.06,4.3,3.77,4.36,4.34,4.02,4.44,4.31,3.67,3.84,4.51,3.82,5.83
ANUBL1,5.3,5.63,5.52,5.25,4.6,4.5,4.83,5.45,5.43,5.47,5.68,5.19,5.62,6.57,5.11,5.45,5.12,5.12,5.31,5.26,5.11,5.25,5.22,5.28,5.35,5.36,5.47,5.56,5.29,5.44,6.09,4.96,5.3,5.3,5.47,5.61,4.84,5.27,5.37,5.14,4.97,5.18,4.84,4.05,4.86,5.13,4.91,5.59,5.37,5.98
ANUBL1,6.71,7.03,6.81,6.88,6.43,6.37,5.92,6.45,7.05,6.85,7.18,6.95,6.78,5.93,7.06,6.63,7.25,6.84,6.87,6.64,6.8,6.69,7.25,7.13,6.94,6.89,6.88,7.01,6.78,6.4,5.24,7.62,6.51,6.63,6.46,7.22,6.91,6.94,6.05,6.92,6.82,6.53,6.88,6.5,6.7,6.12,6.6,6.93,7.13,7.21
ANXA1,5.84,5.27,5.6,6.06,4.44,5.02,5.06,5.54,5.77,5.89,5.39,5.09,5.38,4.91,6.11,5.6,5.7,6.2,6.18,6.03,5.13,5.34,5.18,5.53,5.24,5.42,5.72,5.14,4.92,4.85,4.88,5.23,4.95,5.49,5.18,6.42,6.08,6.15,6.02,5.88,6.22,5.17,5.51,4.84,6.36,5.88,6.14,5.97,6.23,4.53
ANXA1,5.24,5.3,5.55,5.61,5.58,5.38,5.3,5.44,5.64,5.52,5.6,5.56,5.36,5.5,5.77,5.99,5.69,6.07,5.71,5.58,4.59,5.37,5.21,5.56,5.42,5.46,5.33,5.36,5.24,5.96,6.18,5.23,4.94,5.38,5.2,6.25,5.9,6.15,6.09,5.91,5.64,5.43,5.03,4.69,6.34,6.37,6.02,5.76,5.78,5.85
ANXA1,6.24,6.18,6.29,6.45,6.46,6.19,6.17,6.59,6.57,6.48,6.4,6.57,6.45,6.75,6.67,6.03,6.23,6.69,6.68,6.99,5.72,6.22,6.52,6.24,6.59,6.27,6.19,6.34,6.27,5.66,6.47,4.93,5.8,6.2,6.08,6.89,6.66,6.84,5.36,6.71,6.79,6.04,6.2,6.34,6.94,6.28,6.83,6.53,6.7,6.25
ANXA1,5.33,5.31,5.78,5.94,5.75,5.13,4.22,6.04,5.72,5.74,5.49,5.4,5.68,4.92,5.99,5.66,5.94,6.22,5.86,5.96,4.89,5.28,5.22,5.46,5.23,5.39,5.17,5.31,4.92,6.09,5.14,5.43,5.42,5.58,5.11,5.95,6.28,6.19,4.98,6.07,5.97,4.69,4.75,4.89,6.21,6.58,5.78,5.44,5.96,5.3
ANXA1,3.75,4.09,3.81,3.97,4.08,3.92,4.35,4.17,4.11,4.12,3.96,3.9,3.95,5.32,3.89,3.77,3.68,4.28,3.71,4.06,3.98,3.82,4.1,3.85,3.92,4.13,3.95,3.91,3.84,3.98,6.94,4.15,3.6,3.82,3.8,4.21,3.94,3.92,4.4,3.66,3.72,3.88,4.32,4.2,3.77,4.12,3.89,3.83,3.67,4.7
ANXA10,4.41,4.24,3.82,4.07,3.98,4.85,3.94,4.54,4.32,4.03,4.34,4.12,4.35,4.92,4.02,4.19,4.15,4.1,4.02,4.15,4.34,4.32,4.17,4.17,4.25,4.15,4.3,4.05,4.26,4.3,4.83,4.44,3.9,4.15,4.28,4.23,4,3.97,4.28,4.42,3.88,4.12,4.18,3.81,3.94,4.62,3.99,4.24,4.35,4.36
ANXA11,11.92,11.86,12.01,11.97,12.02,11.98,11.74,11.98,12,11.92,11.8,12,11.92,11.07,12.27,12.07,12.32,11.9,11.99,11.94,12.41,12.33,12.4,12.46,12.4,12.31,12,11.94,11.92,11.78,10.4,10.77,12.1,12.13,12.13,12.32,12.19,12.3,11.89,12.12,12.02,12.02,12,11.11,12.22,12.2,12.17,11.94,12.02,10.85
ANXA11,12,11.91,12.03,12.04,12.03,12,11.86,12.03,12.05,11.99,11.91,12.08,12.01,11.3,12.26,12.14,12.36,11.95,11.99,11.95,12.47,12.39,12.43,12.45,12.41,12.39,12.07,11.97,12.03,11.79,11.26,11.44,12.15,12.18,12.19,12.29,12.29,12.34,12.03,12.1,12.02,12.04,12.05,11.44,12.26,12.23,12.24,12.01,12.04,11.19
ANXA11,8.36,8.51,8.42,8.3,8.51,8.49,8.22,8.27,8.48,8.48,8.71,8.28,8.44,6.1,8.8,8.55,8.72,8.19,8.28,8.31,9.15,9.12,9.16,8.86,8.9,8.81,8.54,8.63,8.75,6.68,6.46,5.64,8.27,8.35,8.4,8.8,8.7,8.56,7.08,8.49,8.48,8.55,8.61,7.98,8.65,8.7,8.83,8.41,8.34,6.96
ANXA11,12.36,12.35,12.48,12.43,12.5,12.46,12.27,12.51,12.34,12.46,12.32,12.49,12.36,11.63,12.73,12.57,12.75,12.37,12.44,12.47,12.84,12.81,12.78,12.87,12.88,12.77,12.46,12.42,12.4,12.13,11.71,11.63,12.57,12.64,12.66,12.85,12.61,12.78,12.28,12.59,12.51,12.48,12.45,11.58,12.65,12.59,12.67,12.36,12.36,11.83
ANXA11,11.49,11.58,11.62,11.53,11.44,11.58,11.32,11.52,11.48,11.5,11.45,11.52,11.54,10.35,11.7,11.64,11.88,11.43,11.44,11.39,12.15,11.92,12.06,11.95,11.89,11.95,11.64,11.48,11.73,11.37,9.17,10.09,11.74,11.67,11.59,11.81,11.85,11.83,11.46,11.58,11.64,11.69,11.67,10.12,11.9,11.84,11.73,11.47,11.79,10.49
ANXA11,11.01,11.02,11.13,11.06,11.08,11.04,10.95,11.33,10.99,11.03,10.93,11.05,11.18,9.12,11.2,11.34,11.4,11.05,11.01,11.05,11.65,11.5,11.54,11.52,11.45,11.5,11.12,10.92,11.17,10.95,7.81,9.66,11.22,11.24,11.2,11.33,11.42,11.39,10.99,11.18,11.13,11.33,11.22,8.74,11.42,11.59,11.52,11.04,11.28,8.67
ANXA11,10.83,10.8,10.98,10.88,10.98,11.09,10.92,11.07,10.76,10.86,10.75,10.82,10.9,9.41,11.05,11.09,11.19,10.88,10.9,10.88,11.44,11.33,11.55,11.33,11.33,11.4,11.03,10.8,11.12,10.77,8.55,8.28,11.04,11.05,11.03,11.14,11.32,11.3,10.77,11.01,11.02,11.11,11.17,9.26,11.31,11.28,11.31,10.81,11.08,9.69
ANXA11,10.41,10.5,10.53,10.4,10.56,10.47,10.53,10.66,10.3,10.48,10.35,10.4,10.44,8.81,10.63,10.62,10.71,10.37,10.42,10.39,11.09,10.92,10.94,10.97,10.89,10.89,10.56,10.31,10.39,10.48,8.37,9.63,10.61,10.61,10.5,10.73,10.81,10.89,10.25,10.67,10.5,10.64,10.57,8.78,10.84,10.75,10.86,10.47,10.6,8.84
ANXA13,3.75,3.73,3.82,3.79,4.11,4.15,4.12,3.61,3.9,3.81,4.06,3.85,3.77,3.93,3.92,4.19,3.96,4.06,3.97,3.64,4,3.86,4.01,3.88,3.95,4.3,3.86,3.98,3.92,4.74,6.95,5.17,3.63,3.79,3.68,3.84,4.21,3.78,4.34,3.55,3.83,3.98,3.85,4.76,3.71,3.99,4.33,4.26,3.87,4.26
ANXA13,4,3.77,3.76,4,3.87,4.01,3.98,3.87,3.81,3.99,4.1,3.84,3.72,4.48,4.2,3.76,3.98,4.47,3.83,3.85,3.77,3.82,4.21,4.03,4.06,3.82,3.91,3.93,4.06,4.97,4.27,4.11,3.93,4.11,3.86,3.85,3.98,3.93,5.19,3.6,3.79,3.73,3.97,4.63,3.9,3.77,4.13,3.81,3.5,4.96
ANXA2,6.27,6.44,6.07,6.3,6.38,6.25,6.38,6.27,6.17,6.14,6.46,6.29,6.52,7.16,6.11,6,6.14,5.99,6.32,6.43,6.6,6.19,6.42,6.37,6.29,5.92,6.35,6.32,6.31,6.24,6.1,7.55,6.36,6.15,6.22,6.24,6.06,6.21,5.98,6.37,6.2,6.21,6.28,7.09,6.39,6.51,6.42,6.18,6.2,6.93
ANXA2,8.01,8.18,8.34,8.28,8.61,8.53,8.57,8.36,8.07,8.13,8.56,8.29,8.1,8.85,8.45,8.37,8.23,8.19,8.13,8.21,8.46,8.57,8.57,8.48,8.5,8.57,8.4,8.22,8.29,8.82,8.68,9.57,8.06,8.08,8.24,8.4,8.33,8.24,8.62,8.53,8.5,8.7,8.59,8.47,8.88,8.69,8.87,8.41,8.32,9.13
ANXA2,12.49,12.51,12.55,12.49,12.6,12.62,12.76,12.47,12.53,12.48,12.42,12.47,12.6,11.76,12.54,12.52,12.64,12.4,12.39,12.29,12.87,12.73,12.71,12.63,12.61,12.74,12.61,12.44,12.6,12.94,12.25,12.01,12.6,12.5,12.47,12.5,12.67,12.48,12.74,12.72,12.72,12.68,12.79,11.84,13.01,13.05,12.91,12.65,12.7,11.74
ANXA2,12.57,12.46,12.47,12.51,12.43,12.46,12.44,12.58,12.57,12.45,12.42,12.66,12.67,11.67,12.46,12.47,12.52,12.37,12.35,12.3,12.78,12.67,12.64,12.72,12.67,12.68,12.55,12.51,12.43,12.43,11.47,11.88,12.48,12.53,12.42,12.43,12.44,12.52,12.4,12.61,12.61,12.6,12.5,11.61,12.83,12.91,12.86,12.65,12.67,11.5
ANXA2,11.46,11.08,11.27,11.31,10.82,11.01,11.3,11.21,11.43,11.27,10.73,11.38,11.46,9.67,11.26,11.25,11.29,11.09,11.2,11.12,11.58,11.49,11.27,11.37,11.44,11.5,11.21,11.28,10.99,10.38,8.96,9.27,11.25,11.21,11.12,11.27,11,11.4,11.1,11.24,11.25,11.25,11.07,7.43,11.65,11.58,11.62,11.36,11.34,9.5
ANXA2,12.6,12.37,12.46,12.5,12.13,12.28,12.35,12.47,12.55,12.49,12.09,12.52,12.6,10.45,12.31,12.42,12.44,12.3,12.34,12.36,12.65,12.62,12.45,12.69,12.52,12.64,12.45,12.38,12.27,12.11,9.29,9.9,12.42,12.49,12.35,12.33,12.36,12.61,12.34,12.6,12.56,12.5,12.4,10.21,12.76,12.8,12.77,12.52,12.53,10.2
ANXA2P1,3.93,3.9,4.02,4.11,3.75,4.12,4.27,4.13,3.93,4.05,4.29,3.97,3.99,5.19,3.85,4.33,4.04,4.03,4.16,4.28,4,4.11,4.09,4.02,3.87,3.98,3.71,4.31,4.1,4.85,5.88,5.1,4.12,4.12,4.22,3.93,3.91,3.97,5.08,3.63,4.13,4.11,3.91,6.59,3.89,4.22,4.08,3.82,3.91,4.6
ANXA2P2,12.29,12.22,12.17,12.24,11.93,12.04,12.17,12.16,12.37,12.29,11.98,12.28,12.49,10.27,12.2,12.16,12.25,11.98,12.08,12.02,12.56,12.4,12.4,12.29,12.21,12.48,12.24,12.15,12.25,11.79,9.51,10.26,12.2,12.15,12.08,12.07,12.16,12.18,12.04,12.25,12.24,12.3,12.23,10.22,12.55,12.52,12.44,12.32,12.41,10.38
ANXA2P3,3.8,3.71,3.52,3.89,4.16,3.9,4.98,3.92,3.89,3.88,3.66,3.7,4.15,5.54,3.7,3.79,3.57,3.6,3.79,3.77,3.9,3.89,3.73,3.72,3.81,3.73,3.79,3.67,3.82,5.58,4.08,4.24,3.76,3.67,3.83,3.63,3.83,3.67,4.38,3.69,3.71,3.91,3.93,3.99,4.39,4.12,4.19,3.9,3.9,4.15
ANXA3,3.58,3.48,3.43,3.54,3.5,3.78,3.82,3.41,3.44,3.52,3.32,3.52,3.56,3.44,3.5,3.4,3.43,3.49,3.42,3.49,3.36,3.65,3.56,3.27,3.47,3.29,3.7,3.44,3.57,5.43,5.12,5.54,3.42,3.42,4.06,3.24,3.47,3.39,4.01,3.38,3.27,3.5,3.74,4.01,3.31,3.47,3.41,3.33,3.43,3.62
ANXA3,3.85,3.7,3.63,3.71,3.7,3.78,3.77,3.76,3.71,3.65,3.75,3.84,3.59,4.2,3.74,3.68,3.52,3.64,3.47,3.48,3.94,3.71,3.62,3.42,3.72,3.47,4.01,3.64,3.78,5.63,5.57,5.39,3.74,3.73,3.62,3.39,3.59,3.53,5.89,3.62,3.45,3.42,3.8,4.49,3.56,4.14,3.37,3.46,3.67,4.19
ANXA4,8.99,8.85,9.04,9.08,8.89,9.14,8.9,9.04,9.35,9.04,8.98,9.87,9.75,7.68,10.72,10.73,10.69,9.32,9.45,9.32,10.51,10.5,10.57,10.92,10.85,10.91,9.08,9.01,8.99,9,5.35,7.73,10.53,10.52,10.54,10.69,10.67,10.74,9.36,9.55,9.41,9.34,9.32,7.02,9.39,9.39,9.27,9.79,9.67,7.33
ANXA4,8.72,8.52,8.64,8.68,8.59,8.48,7.75,8.76,8.79,8.85,8.33,9.45,9.4,7.17,10.38,10.31,10.29,8.9,8.96,9.02,10.17,10.19,9.85,10.54,10.5,10.6,8.79,8.77,8.41,8.55,6.13,6.96,10.05,10.11,10.11,10.22,10.24,10.41,8.84,8.9,8.79,8.65,8.72,7.94,8.79,8.65,8.86,9.48,9.18,7.07
ANXA4,8.16,8.42,8.2,8.26,8.03,7.82,6.76,7.91,8.36,8.46,8.38,9.02,8.92,8.5,10.13,10.06,10.09,8.28,8.45,8.54,9.88,9.91,9.82,10.03,10.08,10.22,8.26,8.3,7.97,8.02,7.01,7.04,9.46,9.53,9.55,9.91,9.73,10.04,7.68,8.58,8.39,8.38,8.29,8.17,8.38,8.1,8.2,8.97,8.75,7.59
ANXA4,8.95,9.04,9,8.99,8.63,8.72,8.09,8.94,9,9.12,9.19,9.85,9.73,9.41,10.85,10.83,10.78,9.09,9.07,9.29,10.59,10.61,10.58,10.67,10.78,10.87,8.89,9.09,8.68,8.71,7.36,8.53,10.21,10.34,10.46,10.64,10.55,10.6,8.76,9.25,9.04,9.19,9.05,8.95,9.15,8.79,9.14,9.7,9.55,9.18
ANXA4,8.43,8.09,8.35,8.57,7.9,8.01,7.75,8.24,8.52,8.6,7.92,9.22,9.03,5.07,10.19,10.14,9.99,8.69,8.61,8.72,9.98,10.03,9.58,10.17,10.23,10.21,8.27,8.61,7.82,4.62,6.69,6.87,9.88,9.84,9.72,10.06,9.73,10.14,7.89,8.63,8.48,8.55,8.32,5.95,8.53,8,8.64,9.12,8.78,6.27
ANXA4,6.75,6.87,6.84,6.83,6.75,6.71,6.8,6.76,6.93,6.94,7,7.41,7.44,6.83,8.4,8.21,8.64,6.86,6.95,6.96,8.15,8.09,8.59,8.46,8.45,8.58,6.47,6.69,6.68,6.67,5.91,6.6,7.89,7.89,7.83,8.3,8.41,8.36,6.55,7.08,6.89,7.08,7.17,7.27,6.88,6.92,6.73,7.29,7.28,6.44
ANXA4,9.19,9.23,9.25,9.27,9.22,9.04,9.11,9.06,9.34,9.27,9.03,9.83,9.92,8.79,10.86,10.69,10.82,9.42,9.37,9.34,10.63,10.67,10.51,10.79,10.73,10.88,9.16,9.15,9,9.43,7.29,8.96,10.5,10.54,10.47,10.65,10.65,10.8,9.49,9.48,9.45,9.16,9.33,7.57,9.36,9.31,9.17,9.92,9.73,7.88
ANXA4,3.68,3.59,3.79,3.65,3.68,4.03,3.77,4.1,3.71,3.67,3.6,3.7,3.61,4.32,3.9,3.87,3.78,3.61,3.53,3.91,3.8,3.65,3.57,4.04,4.35,3.65,3.64,3.64,3.61,3.77,4.07,3.87,3.88,3.81,3.65,3.55,4.25,3.8,3.51,3.79,3.85,3.51,3.99,4.98,3.7,3.98,3.81,3.8,4.05,3.9
ANXA4,5.75,5.64,5.45,5.61,5.27,5.15,5.17,5.62,5.63,5.7,5.4,6.27,6.29,5.45,6.24,6.7,6.25,5.51,5.76,5.49,6.79,6.43,5.98,6.73,6.47,5.57,5.43,5.64,5.48,5.63,4.61,5.49,6.52,6.4,6.35,5.47,6.7,6,5.64,5.52,5.67,5.66,5.74,5.69,5.47,5.54,5.7,5.77,5.87,5.7
ANXA5,12.83,12.74,12.8,12.82,12.68,12.63,12.77,12.72,12.94,12.79,12.6,12.9,12.99,12.04,12.79,12.77,12.67,12.84,12.82,12.71,12.87,12.88,12.78,12.78,12.84,12.91,12.7,12.77,12.59,12.66,11.53,12.03,12.85,12.81,12.82,12.7,12.72,12.69,12.84,12.78,12.79,12.7,12.71,11.75,12.95,12.9,12.86,12.84,12.84,11.85
ANXA5,9.31,8.7,8.97,9.09,7.93,8.5,8.68,8.67,9.51,9.07,7.91,9.21,9.7,4.38,8.79,8.75,8.95,8.91,9.05,8.81,9.32,8.71,8.58,8.93,8.75,9.41,8.86,8.55,8.39,6.79,4.69,3.8,9.17,9.02,8.62,8.54,8.65,8.97,8.56,8.76,9.01,8.28,8.34,4.43,9.1,8.82,8.89,9.22,9.21,3.99
ANXA5,11.88,11.63,11.67,11.79,11.36,11.56,11.58,11.6,11.85,11.73,11.46,11.92,12.03,9.67,11.67,11.64,11.66,11.71,11.71,11.68,11.85,11.83,11.55,11.69,11.66,11.85,11.66,11.59,11.44,11.66,8.59,10.29,11.79,11.8,11.67,11.43,11.67,11.65,11.57,11.69,11.87,11.59,11.6,9.49,11.86,11.81,11.72,11.83,11.82,10.01
ANXA5,13.07,12.77,12.95,12.97,12.5,12.57,12.77,12.81,13.02,12.96,12.45,12.97,13.13,11.68,12.85,12.91,12.85,12.93,12.95,12.87,12.94,12.93,12.6,12.86,12.94,13.01,12.87,12.93,12.39,12.45,11.85,11.6,12.99,12.95,12.89,12.84,12.75,12.9,12.82,12.93,12.9,12.69,12.72,11.71,13.02,12.86,12.92,12.96,12.85,11.76
ANXA5,12.48,12.45,12.4,12.46,12.29,12.32,12.31,12.25,12.57,12.4,12.41,12.5,12.63,11.61,12.47,12.39,12.39,12.45,12.43,12.3,12.49,12.53,12.49,12.45,12.49,12.57,12.45,12.43,12.22,12.46,11.03,11.91,12.46,12.39,12.4,12.33,12.37,12.39,12.43,12.41,12.55,12.4,12.41,11.84,12.58,12.6,12.5,12.53,12.51,11.55
ANXA5,7.21,7.21,7.3,7.18,7.14,7.42,5.85,7.19,7.28,7.22,7.67,7.4,7.04,7.85,7.54,7.19,7.34,7.52,7.38,7.44,7.12,7.16,7.33,7.52,7.44,7.45,6.89,7.17,6.76,7.16,7.15,8.06,6.52,6.8,6.92,7.72,6.78,7.05,5,6.79,6.86,7.08,7.01,7.9,7.34,7.62,7.76,7.18,7.04,8.29
ANXA6,10.98,10.85,11.06,10.86,10.88,10.98,10.75,10.8,11.02,10.9,10.59,10.94,11.05,7.84,10.97,10.92,11.09,10.94,10.97,10.81,11.27,11.11,11.21,11.26,11.19,11.24,10.99,10.73,10.87,10.2,7.79,8.19,11.01,10.97,10.95,10.93,10.89,10.98,10.94,10.99,11.09,10.86,10.86,8.4,11.42,11.4,11.32,10.87,10.92,7.64
ANXA7,10.87,10.75,10.67,10.77,10.62,10.57,10.53,10.72,10.84,10.8,10.6,10.89,10.82,9.66,10.57,10.47,10.51,10.92,10.93,10.92,10.6,10.72,10.63,10.51,10.59,10.5,10.65,10.73,10.48,10.72,8.9,9.46,10.4,10.39,10.34,10.59,10.42,10.59,10.69,10.81,10.78,10.84,10.68,9.13,10.73,10.72,10.73,10.84,10.8,9.23
ANXA7,11.42,11.53,11.28,11.41,11.24,11.31,11.06,11.11,11.56,11.34,11.52,11.4,11.54,11.19,11.24,11.13,11.27,11.42,11.48,11.37,11.33,11.31,11.64,11.08,11.13,11.22,11.33,11.37,11.51,11.54,9.96,11.09,10.92,10.83,10.85,11.18,11.12,10.98,11.22,11.31,11.45,11.41,11.5,11.28,11.41,11.34,11.27,11.48,11.74,11.07
ANXA8 /// ANXA8L1 /// ANXA8L2,5.15,4.5,5.11,5.19,4.95,4.7,5.38,5.75,5.18,5.39,5.03,5.06,5.07,5.56,6.19,6.64,6.27,5.44,5.35,5.44,6,6.02,5.92,6.59,6.2,6.54,4.93,5.49,4.77,5.14,5.42,5.53,6.09,6.08,6.05,6.38,6.01,6.47,5.03,5.14,5.12,5.21,5.33,5.24,5.93,5.7,5.21,5.57,5.54,5.24
ANXA8 /// ANXA8L1 /// ANXA8L2,5.55,5.61,6.04,5.83,5.55,5.92,5.6,6.18,5.57,6.13,5.47,5.98,5.73,5.62,7.27,7.53,7.68,6.21,6.35,6.21,7.03,6.62,6.77,7.67,7.46,7.69,5.67,5.76,6.16,5.72,5.98,6.22,7.2,7.29,6.99,7.46,7.88,7.5,5.81,6.19,6.21,6.34,6.53,6.14,6.6,6.58,6.45,6.19,6.82,6.27
ANXA8 /// ANXA8L1 /// ANXA8L2,5.3,5.29,5.63,5.36,5.95,5.06,5.2,5.8,5.57,5.34,4.93,5.32,5.24,5.82,6.5,6.58,6.81,5.51,5.71,5.52,6.31,6.11,5.67,6.68,6.48,7.03,5.36,5.16,5.51,6.02,5.26,6.77,6.3,6.49,6.24,6.73,6.96,6.62,6.06,5.58,5.54,5.51,5.28,5.9,5.89,5.17,5.49,5.73,5.78,5.32
ANXA8 /// ANXA8L1 /// ANXA8L2,7.63,7.54,7.67,7.5,7.95,7.77,8.34,7.67,7.58,7.61,7.61,7.7,7.62,7.41,9.14,9.25,9.4,7.75,7.71,7.85,8.8,8.52,8.75,9.11,9.09,9.28,7.96,7.37,7.6,8.42,7.69,6.81,8.74,8.79,8.49,8.94,9.27,9.17,7.08,8.08,7.86,8,8.25,7.7,8.16,8.31,8.01,7.98,8.03,7.21
ANXA8L1,4.09,4.6,4.41,4.73,4.33,4.06,4.23,4.66,4.23,4.7,4.78,4.39,4.47,4.99,4.67,4.98,4.23,4.37,4.37,4.33,4.07,4.51,4.4,4.57,4.56,4.83,4.5,4.61,4.49,3.91,4.29,4.88,4.39,4.38,4.6,4.56,4.31,4.56,3.76,4.45,4.66,4.79,4.76,5.19,4.54,4.34,4.93,4.76,4.12,6.6
ANXA8L1,4.44,4.39,4.85,4.56,4.32,4.17,4.18,4.36,4.31,4.11,4.5,4.39,4.1,4.72,4.51,4.53,4.53,4.82,4.64,4.68,4.28,4.43,4.33,4.64,4.54,4.39,4.66,4.81,4.84,5.01,4.58,4.84,4.76,4.48,4.4,4.77,4.04,4.63,4.68,4.76,4.43,4.67,5.54,5.18,4.47,4.3,4.29,4.46,4.22,4.23
ANXA9,7.36,7.47,7.48,7.67,7.49,7.36,7.04,7.67,7.53,7.65,7.08,7.49,7.39,6.72,7.35,7.58,7.63,7.85,7.81,7.86,7.6,7.72,7.6,7.6,7.87,7.76,7.63,7.64,7.23,6.29,5.44,6.18,7.45,7.47,7.4,7.51,7.7,7.77,6.62,7.74,7.83,7.64,7.44,6.02,7.58,7.51,7.64,7.64,7.23,6.42
AOAH,5.25,5.39,5.49,5.67,6.06,5.63,4.4,5.68,5.42,5.52,5.87,5.61,5.04,8.33,5.93,5.9,6.31,5.88,5.85,6.15,5.8,5.61,5.89,5.79,5.68,5.72,5.63,5.66,5.98,4.13,7.48,7.14,5.61,5.32,5.76,6.42,6.07,6.33,5.79,5.8,5.93,6.08,6.39,7.34,5.91,6.3,6.55,5.8,5.99,8.07
AOC2,6.65,6.76,6.86,6.52,6.47,6.65,5.91,6.62,6.64,6.81,6.74,6.68,6.6,7.59,6.96,6.68,7.11,7.02,6.78,6.77,6.55,6.88,6.78,7.02,7,6.94,6.96,6.6,6.69,5.52,5.72,6.56,6.21,6.79,6.56,6.77,6.35,6.95,4.65,6.59,6.84,6.94,6.6,6.88,6.9,7.11,6.89,6.96,6.87,7.05
AOC3,4.61,4.01,4.2,4.31,4.29,4.21,4.99,4.15,4.18,4.47,4.18,4.18,4,4.12,4.37,4.29,3.84,4.17,3.95,4.07,4.23,4.07,4.25,4.14,4.03,3.99,4.01,3.95,4.44,4.4,6.79,5.97,4.11,4.05,4.32,4.36,4.1,3.89,4.5,4.08,3.91,4.42,4.52,4.17,4.45,4.73,4.77,4.03,4.24,4.27
AOC3,4.68,4.82,4.75,5.04,4.68,4.42,5.32,4.69,4.73,4.76,5.04,4.8,4.62,4.92,4.71,4.83,4.78,4.57,4.85,4.74,4.61,4.69,5.06,4.86,4.85,4.9,4.71,4.95,5.28,5.35,4.5,4.71,4.38,4.28,4.33,4.82,5.18,4.21,4.71,4.98,5.17,4.89,4.72,5.53,4.74,5.15,4.71,5.09,5.46,4.93
AOF1,9.24,9.61,9.23,9.18,9.13,9.3,8.78,8.97,9.4,9.31,9.47,9.3,9.24,9.56,8.96,9.08,8.94,9.49,9.35,9.49,9.29,9.09,9.76,8.79,9.01,9.04,9.23,9.12,9.28,9.64,8.48,9.72,8.79,8.83,8.69,8.92,8.89,9.02,9.06,9.36,9.25,9.42,9.31,8.68,9.19,9.3,9.41,9.28,9.6,8.51
AOF1,4.72,4.56,4.85,4.76,3.9,4.36,4.65,4.86,4.37,4.35,4.37,4.33,4.29,4.55,4.41,4.18,4.5,4.7,4.56,4.35,4.12,4.45,4.38,4.69,4.39,4.47,4.28,4.63,4.35,4.69,4.96,5.16,4.57,4.48,4.36,4.28,4.47,4.43,4.75,4.67,4.4,4.55,4.37,6.32,4.36,4.9,4.26,4.46,4.19,4.56
AOX1,4.97,5.06,4.94,4.98,5.08,4.99,5.25,4.9,4.93,4.93,5.25,5.03,5.58,5.23,5.09,5.11,4.93,4.8,5.13,4.92,5.13,5.44,5.15,4.79,4.66,4.6,5.04,5.09,5.06,5.45,5.58,5.13,5.27,5.19,4.95,4.78,4.72,4.9,5.57,5.33,4.84,4.88,5.2,5.78,5.06,4.79,5.21,5.28,4.82,6.47
AP1B1,7.03,6.57,7.03,7.09,6.71,7.04,7.4,7.26,6.76,6.78,6.51,6.64,6.94,6.48,7.05,7.31,7.18,7.15,7,7.07,6.86,6.75,6.79,7.16,6.89,7.1,7.01,6.83,7.14,6.83,7.4,6.16,7.17,7.36,6.98,7.08,6.86,7.03,6.76,7.33,6.93,6.73,6.84,6.49,6.87,6.92,7.03,6.86,7.17,6
AP1B1,10.54,10.43,10.76,10.65,11.07,10.95,10.73,10.8,10.49,10.57,10.54,10.53,10.37,10.49,10.79,10.8,10.78,10.74,10.58,10.62,10.84,10.68,10.77,10.87,10.76,10.76,10.78,10.55,10.89,11.12,10.22,11.29,10.76,10.79,10.82,10.84,11.01,10.76,10.97,10.79,10.85,10.62,10.75,10.11,10.63,10.72,10.57,10.64,10.79,10.32
AP1G1,9.17,9.26,9.33,9.29,9.51,9.31,9.31,9.32,9.24,9.2,9.31,9.3,9.17,9.87,9.4,9.38,9.42,9.58,9.38,9.42,9.52,9.46,9.41,9.46,9.54,9.37,9.24,9.31,9.29,9.12,8.66,9.39,9.17,9.22,9.26,9.44,9.43,9.39,9.28,9.19,9.23,9.32,9.35,8.63,9.42,9.43,9.44,9.32,9.3,9.03
AP1G1,7.21,6.44,7.04,6.8,6.04,6.14,4.7,6.83,6.89,6.84,6.21,7.16,6.95,5.05,7.15,7.26,7.19,6.88,6.98,7.2,7.01,7.15,6.46,7.36,7.11,7.03,6.67,6.85,6.42,5.02,5.38,5.1,7.38,7.2,7.05,7.19,6.7,7.17,5.16,6.88,7.04,6.13,6.55,5.95,6.85,6.72,6.84,6.81,6.84,7.23
AP1G1,8.17,8.01,8.13,8.16,7.79,8.03,7.79,8.28,8.26,8.29,7.98,8.05,8.12,6,8.16,8.29,8.35,8.09,8.08,8.11,8.3,8.02,8.15,8.4,8.44,8.34,8.09,8.22,7.87,7.05,5.48,5.65,8.19,8.45,8.44,8.23,8.23,8.25,7.22,8.21,8,8.19,7.92,6.37,8.48,8.19,8.11,8.07,8.21,6.12
AP1G1,5.56,5.36,5.53,5.35,5.4,5.29,5.13,5.34,5.77,5.31,5.23,5.68,5.56,5.56,5.83,5.39,5.48,5.59,5.37,5.57,5.67,5.61,5.25,5.55,5.87,5.94,5.57,5.53,5.38,6.18,6.39,6.29,5.83,5.97,6.03,5.65,5.18,5.8,5.91,5.42,5.17,5,4.83,5.98,5.23,5.58,5.4,5.38,5.1,6.22
AP1G1,6.91,5.64,6.59,6.51,6.07,6.44,6.06,6.56,6.74,6.66,5.54,6.65,6.29,4.53,6.86,6.97,6.91,6.86,6.9,7.17,6.83,6.7,5.97,7.13,6.85,6.89,6.86,6.75,5.72,4.65,6.35,5.69,7.33,7.05,7.05,7.01,6.34,6.74,4.77,6.72,6.28,6.09,5.6,6.34,6.98,6.67,6.61,6.74,6.52,5.83
AP1G1,10.28,10.1,10.34,10.31,10.42,10.48,10.15,10.21,10.53,10.24,10.22,10.4,10.41,10.02,10.41,10.36,10.5,10.34,10.46,10.39,10.45,10.4,10.61,10.51,10.51,10.5,10.35,10.32,10.31,9.7,9.8,10.08,10.59,10.69,10.63,10.57,10.51,10.5,10.4,10.41,10.52,10.37,10.46,10.35,10.51,10.39,10.3,10.43,10.41,9.69
AP1G2,9.24,9.24,9.34,9.29,9.41,9.54,9.19,9.42,9.23,9.2,9.41,9.15,9.25,8.45,9.28,9.33,9.24,9.22,9.21,9.08,9.5,9.35,9.64,9.28,9.37,9.33,9.29,9.11,9.56,9.82,6.05,7.87,9.35,9.24,9.24,9.3,9.41,9.32,9.25,9.39,9.33,9.34,9.46,8.97,9.26,9.44,9.24,9.31,9.51,8.29
AP1M1,9.96,10.04,10.06,9.98,10.21,10.09,9.82,10.06,9.92,9.93,10.08,9.88,9.79,8.92,10.04,10,10.08,10.23,10.05,10.09,9.9,9.94,10.01,9.98,10.01,10.01,10.06,9.87,10.14,9.97,8.4,9.74,10.07,10.07,10.1,10.21,10.25,10.13,10.16,9.99,9.95,10.01,10.31,9.28,10.15,10.04,10.24,9.92,10.05,8.8
AP1M1,8.26,8.14,8.37,8.04,7.73,8.25,7.6,8.35,8.06,8.35,7.79,8.02,7.97,5.29,8.44,8.28,8.33,8.35,8.24,8.29,8.04,7.91,7.94,8.2,8.36,8.29,8.21,8.29,7.84,6.55,6.67,6.94,8.3,8.29,8.25,8.41,8.13,8.42,7.86,8.09,8.11,8.18,8.15,5.51,8.1,8.09,8.11,8.18,8.03,6.63
AP1M2,4.42,4.69,4.19,4.26,5.03,4.1,4.44,4.14,4.42,4.43,4.49,4.72,4.51,4.5,4.35,4.23,4.17,4.15,4.01,4.05,4.25,4.48,4.78,4.01,4.14,4.15,4.03,4.42,4.42,4.12,6.29,4.19,4.26,4.48,4.55,4.26,4.37,4.11,4.47,4.05,3.9,4.47,4.41,5.26,4.13,4.08,4.31,3.97,4.09,4.43
AP1S1,8.95,8.33,8.72,8.71,7.84,7.89,7.83,8.86,8.87,9.01,8.05,9.1,9.17,5.29,8.98,8.8,9.03,8.87,8.96,8.87,9.4,9.25,8.45,9.09,9.12,9.18,8.72,8.9,8.25,5.82,5.53,6.02,8.75,8.76,8.5,8.88,8.68,8.88,7.65,8.67,8.56,8.79,8.35,5.46,8.67,8.29,8.92,8.84,8.53,4.8
AP1S1,8.82,8.29,8.55,8.49,8,7.98,8.11,8.51,8.65,8.87,8.17,8.74,8.88,7.2,8.75,8.71,8.71,8.59,8.74,8.63,8.74,8.95,8.47,8.92,8.86,8.77,8.51,8.95,8.26,7.77,7.95,7.39,8.3,8.59,8.57,8.63,8.52,8.67,8.08,8.44,8.34,8.72,8.33,7.64,8.31,8.3,8.6,8.79,8.42,7.3
AP1S2,7.64,7.46,7.53,7.29,6.95,7.68,6.97,7.52,7.54,7.57,7.43,7.37,7.22,6.53,7.24,7.2,7.19,7.68,7.38,7.5,7.19,7,7.23,6.57,6.65,6.95,7.35,7.63,7.74,6.33,6.02,7.22,6.97,7.04,7.08,7.2,7.2,7.14,6.76,7.46,7.21,7.06,7.28,5.39,7.08,7.13,7.23,7.24,7.47,6.56
AP1S2,8.31,8.15,7.8,8.24,7.42,7.25,7.16,7.96,8.3,8.25,7.65,8.23,8.17,7.42,8.06,7.66,7.97,7.89,8.05,8.26,7.7,7.93,7.62,7.94,7.98,7.72,7.78,8.24,7.29,7.16,9.64,7.46,7.76,7.75,7.88,7.89,7.56,8.02,6.85,7.55,7.56,7.5,7.66,7.27,7.73,7.27,7.84,8.11,7.74,7.89
AP1S2,9.38,9.62,9.39,9.44,9.32,9.42,8.59,9.3,9.59,9.36,9.51,9.3,9.19,9.03,9,8.82,9.02,9.43,9.45,9.36,8.85,9.06,9,8.75,8.68,8.7,9.33,9.37,9.32,8.5,6.79,9.05,8.84,9,9.07,9.12,9.11,8.94,8.9,9.26,9.31,9.19,9.02,8.94,8.92,8.97,9.23,9.26,9.23,8.57
AP1S2,5.86,5.58,5.29,5.7,5.29,5.15,4.38,5.49,5.55,5.72,5.61,5.74,5.5,5.74,5.66,5.48,5.42,5.31,5.45,5.44,5.48,5.69,5.6,5.4,5.54,5.24,5.24,5.88,5.74,4.35,4.8,5.04,5.32,5.16,5.25,5.48,5.97,5.35,4.38,5.77,5.14,5.5,5.82,6.2,5.43,4.98,5.5,5.52,5.43,6.15
AP1S2,4,4.12,4.08,4.03,4.03,3.81,4.72,4.09,4.19,4.11,3.91,3.96,4.03,4.56,3.91,4,4.06,4,3.85,3.97,4.14,3.85,4,3.91,4.03,4.14,3.83,4.27,4.29,4.2,4.85,3.9,4.04,4.07,3.95,3.97,3.83,3.81,4.2,3.87,4.18,3.85,3.77,4.65,3.89,3.8,3.66,4.08,4.13,5.11
AP1S2 /// LOC653653,4.37,4.34,3.93,3.96,3.85,3.61,3.83,3.77,4.11,4.26,4.13,4.35,4.33,3.9,3.97,3.9,4.09,4.05,3.96,3.85,4.23,3.95,4.16,3.83,3.75,3.81,4.17,4.07,4.12,4.02,4.89,4.23,3.98,4.12,3.79,3.67,4.11,3.82,4.71,3.61,3.66,4.09,3.68,3.76,3.8,3.89,3.55,4.08,3.8,3.89
AP1S3,4.81,4.62,4.91,5.19,4.29,4.45,5.59,4.99,5.36,5.09,4.66,5.1,4.8,5.71,5.29,5.14,5.61,4.53,4.7,4.71,4.71,5.17,4.93,4.98,5.37,5.18,4.9,4.92,4.73,4.2,4.81,5.44,5.75,5.73,6.01,5.13,5.31,5.52,4.8,4.73,5.06,4.81,4.52,5.83,5.11,4.62,4.97,5.05,4.8,5.36
AP1S3,4.7,4.44,4.94,5.1,4.32,4.17,4.71,5.28,4.84,4.88,4.48,4.95,4.87,4.88,5.43,5.1,5.29,4.47,4.92,4.95,4.62,4.63,4.95,5.72,5.17,5.78,4.86,4.93,4.59,5.49,5.18,4.63,6.17,5.36,5.5,5.46,5.05,5.43,4.66,4.66,5.09,4.42,4.3,4.31,4.69,4.33,4.65,5.25,4.74,5.7
AP1S3,3.63,3.67,3.24,3.57,3.55,3.53,4.02,3.4,3.71,3.52,3.5,3.46,3.85,3.99,3.46,3.63,3.54,3.66,3.47,3.29,3.78,3.42,3.53,3.57,3.93,3.79,3.61,3.4,3.35,3.73,4.41,3.9,3.81,3.64,3.55,3.34,3.43,3.63,3.94,3.36,3.56,3.48,3.57,3.51,3.37,3.74,3.49,3.36,3.48,4.04
AP2A1,8.23,8.21,8.45,8.44,8.85,8.66,8.74,8.39,8.1,8.27,8.33,8.16,8.03,8.68,8.28,8.36,8.19,8.63,8.33,8.14,8.33,8.4,8.51,8.46,8.36,8.25,8.47,8.24,8.45,8.87,9.22,9.11,8.01,8.29,8.35,8.4,8.55,8.34,8.55,8.53,8.53,8.47,8.55,7.57,8.23,8.06,8.38,8.31,8.43,7.29
AP2A1,5.86,4.81,5.47,5.43,5.2,4.85,5.19,5.1,5.64,5.94,4.84,5.51,5.39,5.13,5.63,5.46,5.86,5.54,6.01,5.78,5.68,5.81,5.06,5.73,5.94,6.23,5.6,5.78,4.67,5.84,6.06,6.17,5.78,5.5,5.66,5.81,5.18,5.59,4.21,5.61,5.77,5.62,5.46,4.85,5.03,6.15,5.36,5.57,5.19,5.18
AP2A1,6.71,6.4,6.85,6.7,6.67,6.56,7.12,6.73,6.55,6.69,6.52,6.54,6.26,5.63,6.42,6.57,6.71,6.91,6.62,6.58,6.68,6.77,6.59,6.77,6.67,6.56,6.84,6.53,6.79,7.03,6.54,7.12,6.74,6.6,6.79,6.62,6.66,6.64,7,6.48,6.34,6.63,7.05,6.53,6.67,6.58,6.65,6.45,6.88,5.8
AP2A1,7.09,6.9,7.21,7.18,7.24,7.53,7.08,7.24,6.87,7.02,7.3,7.05,7,7.63,7.01,7.21,7.13,7.28,7.17,7.16,7.11,7.1,7.06,7.21,7.14,7.14,7.28,7.11,7.38,7.49,7.03,6.38,7.39,6.87,7.05,6.98,7.46,7.12,7.32,7.34,6.97,7.52,7.41,8.19,7.24,7.13,6.81,7.22,7.32,8.39
AP2A2,8.99,9.07,8.95,8.86,8.87,9.04,8.27,8.65,9,8.83,9.02,8.95,9.06,7.76,8.55,8.5,8.77,8.79,8.9,8.63,9,8.82,9.27,8.73,8.73,8.8,8.91,8.72,9.24,8.54,7.17,6.94,8.43,8.58,8.36,8.58,8.63,8.54,8.73,8.8,8.9,8.9,8.92,7.45,8.66,8.95,8.78,8.86,9.08,5.92
AP2A2,7.78,7.6,7.8,7.77,7.62,7.54,7.54,7.74,7.65,7.74,7.52,7.45,7.37,4.72,7.45,7.43,7.51,7.76,7.8,7.65,7.7,7.78,7.86,7.73,7.43,7.66,7.69,7.77,7.67,6.57,6.05,7.79,7.31,7.67,7.1,7.3,7.36,7.55,7.9,7.79,7.55,7.8,7.45,6.48,7.49,7.64,7.53,7.81,7.74,6.15
AP2A2,6.35,6.29,6.36,6.48,6.63,6.79,7.26,6.72,6.21,6.19,6.51,6.41,6.23,7.78,6.46,6.49,6.17,6.61,6.74,6.28,6.51,6.59,6.38,6.29,6.54,6.4,6.34,6.75,6.67,5.35,6.09,6.05,6.1,6.21,6.4,6.36,6.42,6.45,6.5,6.46,6.57,7.06,6.77,6.82,6.39,5.94,6.78,6.66,6.38,7.51
AP2B1,9.89,9.96,9.93,9.92,10.25,10.17,9.74,9.99,9.8,9.97,10.12,9.87,9.82,7.44,9.87,9.73,9.74,10.13,10.24,10.19,9.86,9.96,10.1,9.83,9.88,9.78,9.93,9.93,10.04,9.59,9.06,8.89,9.37,9.47,9.47,9.91,9.76,9.72,10.09,10.04,10.07,9.94,9.96,8.7,9.99,10.11,10.2,10.03,10.09,8.97
AP2B1,9.4,9.18,9.35,9.31,9.12,9.19,9.32,9.18,9.39,9.38,9.08,9.33,9.39,5.2,9.23,9.15,9.24,9.09,9.34,9.17,9.66,9.39,9.41,9.41,9.32,9.4,9.28,9.18,9.15,7.82,5.58,6.57,9.15,9.12,9.07,9.23,9.08,9.27,8.09,9.49,9.61,9.16,9.2,6.67,9.26,9.18,9.19,9.22,9.34,6.54
AP2M1,11.08,11.01,11.03,11.11,10.65,10.9,10.67,11.06,11.12,11.16,10.91,11.13,11.14,9.52,10.93,10.83,10.99,11.2,11.18,11.19,11.12,11.11,11.08,11.06,11.07,11.08,11.05,11.08,10.86,10.06,9.55,10.23,11.05,10.95,10.86,11,10.9,11.05,10.63,11,10.96,10.77,10.81,9.12,10.63,10.49,10.75,11.04,11.03,10.1
AP2M1,10.46,10.28,10.58,10.55,10.47,10.46,10.44,10.49,10.51,10.54,10.23,10.45,10.4,9.58,10.37,10.39,10.48,10.77,10.64,10.65,10.53,10.5,10.45,10.48,10.47,10.56,10.62,10.53,10.5,9.95,10.09,10.39,10.42,10.37,10.48,10.48,10.43,10.54,10.4,10.54,10.57,10.32,10.39,9.69,10.27,10.18,10.19,10.5,10.6,9.71
AP2M1,10.4,10.19,10.46,10.42,10.13,10.32,10.22,10.41,10.39,10.3,9.92,10.29,10.26,7.33,10.21,10.19,10.32,10.58,10.56,10.55,10.46,10.26,10.31,10.37,10.25,10.46,10.37,10.2,10.2,9.64,7.34,8.82,10.38,10.35,10.25,10.26,10.28,10.39,10.29,10.4,10.5,10.22,10.19,8.23,10.11,9.94,10.07,10.39,10.22,8.93
AP2M1,10.67,10.45,10.48,10.54,10.03,10.09,10.14,10.37,10.61,10.58,9.89,10.52,10.58,6.52,10.33,10.26,10.51,10.64,10.77,10.67,10.72,10.4,10.34,10.48,10.33,10.63,10.48,10.4,10.21,7.93,5.76,7.18,10.42,10.44,10.31,10.3,10.28,10.51,10.14,10.31,10.27,10.03,10.14,6.9,10.06,9.87,10.03,10.42,10.36,7.02
AP2M1,7.71,7.42,7.67,7.81,7.22,7.49,6.66,7.57,7.55,7.69,7.5,7.8,7.55,8.37,7.51,7.48,7.43,7.33,7.39,7.89,7.57,7.79,7.63,7.7,7.72,7.48,7.56,7.83,7.53,5.98,7.18,6.87,7.59,7.23,7.26,7.44,7.4,7.46,7.34,7.54,7.3,7.63,7.3,7.06,7.33,7.4,7.65,7.51,7.36,7.17
AP2S1,10.78,10.65,10.85,10.7,10.85,11,11.04,10.65,10.63,10.72,10.65,10.65,10.85,9.21,10.76,10.88,10.82,10.85,10.82,10.81,10.92,10.7,10.64,10.73,10.77,10.9,10.85,10.74,10.98,10.67,9.88,9.68,10.85,10.68,10.7,10.79,11,10.89,10.99,10.76,10.8,10.66,10.76,8.79,10.88,10.74,10.8,10.79,10.69,9.29
AP2S1,10.81,10.72,10.78,10.84,10.84,10.85,10.75,10.69,10.81,10.88,10.56,10.89,10.81,9.08,10.81,10.73,10.88,10.8,10.83,10.78,10.88,10.78,10.75,10.76,10.73,10.84,10.91,10.77,10.83,10.62,7.19,9.53,10.69,10.58,10.69,10.84,10.88,10.85,10.72,10.77,10.84,10.6,10.67,9.03,10.82,10.89,10.68,10.81,10.76,9.37
AP2S1,10.8,10.84,10.77,10.78,10.82,10.75,10.52,10.74,10.79,10.88,10.64,10.88,10.82,9.51,10.87,10.74,10.9,10.82,10.88,10.87,10.89,10.75,10.74,10.79,10.87,10.84,10.89,10.89,10.81,10.36,8.93,9.04,10.76,10.83,10.63,10.82,10.84,10.97,10.69,10.8,10.76,10.44,10.64,9.28,10.85,10.73,10.77,10.83,10.73,9.9
AP3B1,10.27,10.41,10.31,10.33,10.28,10.25,10.39,10.41,10.3,10.35,10.31,10.37,10.31,8.7,10.27,10.21,10.23,10.32,10.32,10.29,10.35,10.36,10.35,10.27,10.33,10.27,10.37,10.37,10.34,10.21,9.45,9.31,10,10.12,10.18,10.39,10.39,10.34,10.21,10.19,10.15,10.27,10.19,8.56,10.13,10.14,10.23,10.25,10.33,8.81
AP3B1,7.84,7.24,7.72,7.32,6.83,7.09,6.86,7.66,7.77,7.79,7.04,7.42,7.41,6.14,7.78,7.69,7.71,7.49,7.5,7.7,7.57,7.44,7.02,7.85,7.72,7.94,7.57,7.61,6.83,7.52,6.5,6.46,7.74,7.4,7.77,7.65,7.37,7.23,7.12,7.42,7.38,7.34,6.67,6.52,7.36,7.45,7.38,7.38,7.22,6.71
AP3B2,3.96,3.91,3.99,3.92,4.08,3.99,5.37,4.03,3.97,3.95,3.85,4.07,3.77,5.06,4.06,3.95,3.64,3.84,4.06,3.79,3.78,3.83,3.81,3.63,3.77,3.91,3.84,3.82,4.19,5.34,5.98,5.3,3.64,3.71,3.97,3.79,4.43,3.74,4.9,3.59,3.73,4.21,4.22,5.92,3.67,3.83,4.48,3.73,3.81,4.65
AP3B2,4.28,5.11,4.11,4.17,4.14,4.02,6.13,4.6,4.37,4.54,4.8,4.86,4.91,5.71,4.44,4.51,4.2,4.5,4.05,3.97,4.73,4.34,4.42,4.1,4.21,3.88,4.26,4.36,4.73,6.2,6.56,5.01,4.38,4.36,4.09,4.04,3.83,4.15,4.77,4.14,4.08,4.29,4.07,6.85,4.03,4.1,4.29,4.42,4.17,5.8
AP3B2,4.3,4.32,4.49,4.5,4.7,4.7,5.24,4.53,4.25,4.52,4.43,4.31,4.19,4.84,4.61,4.85,4.4,4.52,4.4,4.64,4.58,4.27,4.41,4.74,4.61,4.69,4.25,4.38,4.28,4.77,4.73,3.97,4.16,4.58,4.62,4.63,4.56,4.47,4.3,4.47,4.78,4.92,4.6,5.11,4.58,4.47,4.68,4.35,4.59,4.66
AP3D1,10.45,10.57,10.4,10.45,10.46,10.48,10.4,10.38,10.5,10.41,10.52,10.42,10.42,9.78,10.4,10.31,10.46,10.32,10.32,10.33,10.4,10.34,10.63,10.42,10.42,10.48,10.39,10.3,10.64,10.45,9.73,10.39,10.31,10.32,10.16,10.39,10.49,10.26,10.35,10.41,10.43,10.45,10.56,9.52,10.45,10.43,10.35,10.44,10.55,10.09
AP3D1,9.11,9.07,8.87,8.48,8.62,9.27,9.82,8.87,8.67,8.94,9.07,8.35,8.49,7.35,8.98,9.01,8.94,8.72,8.66,8.71,9.15,8.88,9.15,8.98,8.91,8.96,8.95,8.8,9.32,8.19,7.75,6.37,8.72,8.38,8.6,8.87,8.73,8.14,9,9.05,9.15,9.09,9.06,7.03,8.93,9.25,9.1,8.32,8.53,6.39
AP3D1,8.11,7.87,8.14,7.66,8.01,8.58,8.72,8.43,7.83,8.06,7.84,7.07,6.98,7.19,7.96,8.36,8,8.02,8.01,8.06,8.1,8.11,8.06,8.24,8.25,8.24,8.19,8.13,8.59,7.71,7.72,5.89,7.99,7.61,7.99,8.24,8.1,7.5,8.32,8.41,8.34,8.55,8.39,5.68,8.38,8.48,8.54,7.79,7.66,5.87
AP3M1,9.68,9.62,9.55,9.7,9.55,9.45,9.26,9.65,9.76,9.73,9.33,9.74,9.63,7.3,9.72,9.68,9.8,9.7,9.74,9.75,9.68,9.78,9.58,9.73,9.64,9.66,9.63,9.69,9.56,9.34,5.54,6.19,9.75,9.65,9.76,9.82,9.76,9.67,9.06,9.51,9.33,9.64,9.54,7.97,9.6,9.46,9.6,9.52,9.46,7.5
AP3M1,8.88,8.57,8.79,8.82,8.46,8.51,7.95,8.67,8.82,8.92,8.45,8.83,8.91,7.08,8.83,8.8,8.84,8.8,8.93,8.89,8.85,8.7,8.6,8.78,8.69,8.91,8.64,8.8,8.51,6.45,6.64,7.64,8.91,8.91,8.72,8.98,8.63,8.93,7.47,8.84,8.43,8.23,7.91,6.37,8.82,8.43,8.58,8.78,8.52,6.6
AP3M1,9.41,8.72,9.2,9.11,8.18,8.57,8.57,9.16,9.28,9.3,8.09,9.25,9.25,7.03,9.33,9.28,9.41,9.15,9.22,9.4,9.28,9.12,8.4,9.22,9.22,9.38,9,9.35,8.34,7.2,8.29,4.32,9.34,9.35,9.21,9.13,8.9,9.39,8.03,8.68,8.56,8.21,8.07,8.21,8.84,8.64,8.71,9.03,8.81,7.7
AP3M1,6.95,7.03,7.24,7.15,7.63,7.33,6.49,7.16,6.96,7.03,7.29,6.96,6.76,6.94,7.18,6.96,7.13,7.35,7.38,7.28,6.91,6.89,7.13,6.95,7.18,6.79,7.13,7.28,7.3,6.75,7.12,7.45,6.58,6.7,6.73,7.39,7.25,7.19,6.83,7,7.02,7.08,6.84,7.37,7.36,7.2,7.41,7.03,7.16,7.53
AP3M2,8.33,8.44,8.5,8.45,8.22,8.17,8.12,8.42,8.19,8.32,8.63,8.22,8.24,7.2,7.5,7.8,7.56,8.4,8.29,8.42,7.5,7.52,7.88,7.54,7.61,7.46,8.13,8.41,8.32,7.69,6.08,7.33,7.49,7.69,7.73,7.85,7.81,7.67,7.87,7.82,7.96,8.05,8.18,7.28,7.96,7.86,8.07,8.13,8.24,6.87
AP3M2,6.71,6.43,7.12,7.02,6.91,6.21,6.62,7.17,6.97,7.11,6.75,6.7,6.59,5.55,6.5,6.29,6.27,6.86,6.99,7.03,6,6.01,6.11,6.06,6.47,6.3,6.77,6.85,6.71,6.2,5.99,5.51,5.98,6.39,6.21,6.37,5.97,6.52,5.84,6.53,6.62,6.2,6.22,5.52,5.78,6.41,6.49,6.88,6.84,6.46
AP3M2,5.69,5.66,5.6,5.7,5.2,5.76,5.24,5.46,5.77,5.64,5.32,5.62,5.82,5.46,5.18,5.33,5.14,5.55,5.45,5.51,5.41,5.24,5.18,5.09,5.12,5.11,5.56,5.48,5.67,5.91,5.37,4.98,5.42,5.43,5.2,5.23,5.25,5.09,5.7,5,5.19,5.35,5.01,5.58,4.98,5.75,4.86,5.38,5.3,5.22
AP3M2,5.7,5.53,5.49,5.91,4.91,5.34,5.16,5.81,5.62,5.77,5.41,5.36,5.1,6.95,4.89,5.25,5.14,5.61,5.58,5.61,4.92,5.34,4.98,5.2,5,4.78,5.76,5.42,5.04,5.84,7.48,5.68,5.21,4.71,4.76,5.04,5.22,5.4,6.01,5.4,5.4,5.08,5.09,4.97,5.48,5.67,5.16,5.52,5.32,5.39
AP3S1,11.85,11.96,11.82,11.85,11.93,11.88,11.72,11.84,12,11.82,12.01,11.98,11.99,12.15,11.75,11.79,11.83,11.71,11.72,11.68,12.05,12.02,11.99,11.8,11.85,11.94,11.91,11.76,12.11,12,11.72,11.98,11.69,11.69,11.64,11.72,11.79,11.76,11.96,11.84,11.92,11.83,11.89,12.14,12.01,12.05,11.89,11.94,11.97,11.68
AP3S2,6.79,6.33,6.83,6.75,6.6,6.76,6.84,6.81,6.77,6.6,6.72,6.56,6.55,6.39,7.06,6.89,7.09,6.47,6.75,6.54,6.58,6.72,6.63,6.84,6.87,7.14,6.84,6.59,6.47,6.91,6.75,6.26,6.81,7.22,7.25,7.21,6.82,7.01,5.76,7.16,6.38,6.95,6.92,8.37,7.03,6.63,6.98,7.01,6.89,7.99
AP3S2,6.85,6.47,7.17,7.39,7.69,7.12,6.2,7.54,6.9,7.24,7.59,6.88,6.78,6.54,7.8,7.25,7.64,7.67,7.61,7.57,6.94,6.95,7.39,7.72,7.55,7.71,7.4,7.18,7.29,6.17,6.22,7.27,6.91,7.16,7.06,7.85,7.55,7.77,6.79,7.7,7.27,7.64,7.64,7.71,7.73,7.57,7.58,7.36,7.38,7.13
AP3S2,8.24,7.68,8.36,8.1,7.47,7.83,6.94,8.08,8.05,8.16,7.13,8.16,8.14,5.5,8.53,8.3,8.39,8.29,8.33,8.34,8.1,7.91,7.5,8.39,8.26,8.32,8.23,8.04,7.37,5.24,5.03,5.61,8.37,8.38,8.39,8.22,7.9,8.58,6.97,8.13,8.01,7.98,7.51,4.97,8.16,7.78,8.16,8.14,7.85,5.51
AP3S2,9.5,9.41,9.64,9.49,9.61,9.6,9.27,9.68,9.58,9.55,9.51,9.49,9.6,8.24,9.87,9.8,9.93,9.68,9.65,9.66,9.63,9.57,9.47,9.78,9.77,9.82,9.65,9.58,9.45,8.83,6.7,8.96,9.7,9.72,9.73,9.92,9.91,9.87,9.59,9.82,9.79,9.8,9.76,9.28,9.82,9.74,9.76,9.76,9.59,6.92
AP4B1,7.42,6.66,7.61,7.38,6.88,7.06,7.65,7.91,7.39,7.65,6.82,7.24,7.09,6.49,7.14,7.36,7.03,7.38,7.36,7.64,6.98,6.85,6.5,7.01,7.11,7.16,7.54,7.62,7.09,7.17,4.88,4.63,7.21,7.23,7.1,7.27,7.17,7.41,5.52,7.63,7.17,7.02,6.4,6.56,7.29,7.27,7.49,7.46,6.98,5.17
AP4B1,8.8,8.76,8.93,8.86,8.73,8.87,8.39,8.69,8.83,8.88,9.1,8.74,8.71,7.23,8.49,8.51,8.58,8.76,8.85,8.73,8.43,8.52,8.61,8.41,8.62,8.47,8.9,8.93,8.9,8.31,7.31,6.64,8.44,8.48,8.52,8.57,8.43,8.63,8.52,8.98,8.82,8.91,8.77,5.96,8.88,8.98,8.86,8.66,8.6,8.6
AP4B1,3.95,3.96,3.88,3.73,3.87,3.87,3.68,3.67,3.98,3.81,4.59,4.28,3.82,6.64,3.83,4,3.68,3.82,3.68,4.04,3.6,4.23,3.88,3.91,4.15,3.76,4.07,4.34,3.89,3.57,4.36,6.26,3.75,3.82,3.78,4.09,3.96,3.75,3.62,3.96,3.65,3.81,4.13,4.38,3.62,3.61,4.65,4.22,4.14,5.45
AP4E1,4.17,4.37,4.08,4.02,4.02,4.17,4.47,3.87,4.23,4.07,4.13,4.16,4.1,4.14,4.06,4.05,4.01,4.09,4.13,4.22,4.31,4.23,4.17,3.96,3.87,4.04,4.09,4.15,4.13,4.42,4.63,4.92,4.12,4.43,4.83,3.98,4,4.02,4.19,4.08,3.77,3.95,4.05,5.08,3.86,3.94,4.1,4.14,4.22,4.83
AP4E1,4.13,3.95,3.8,3.99,3.79,3.93,4.28,4.3,4.12,4.08,3.83,3.95,3.77,3.86,4.35,3.91,4.16,4.01,3.89,3.82,3.77,4.13,3.65,3.88,3.96,4.5,3.92,3.93,3.76,4.37,4.31,4.5,4.25,4.42,4.09,4.03,3.52,3.91,4.45,3.77,4.13,3.45,4.1,4.7,3.76,4.05,4.19,4.02,3.64,3.86
AP4E1,4.23,3.99,4.3,4.15,3.85,3.93,4.01,4.08,4.46,4.2,4.27,4.28,4.12,4.2,4.52,4.43,4.26,3.98,4.34,4.4,4.29,4.36,4.09,4.49,4.75,4.29,4.14,4.18,4.1,4.74,4.48,5.11,4.78,4.36,4.45,4.34,4.31,4.05,4.17,4.7,3.99,3.98,3.92,4.04,4.73,3.99,3.97,4.1,4.61,4.12
AP4E1,7.42,7.36,7.4,7.28,7.33,7.34,6.35,7.39,7.44,7.58,7.45,7.23,7.29,5.34,7.57,7.5,7.63,7.16,7.13,7.37,7.46,7.42,7.41,7.53,7.35,7.54,7.4,7.37,7.36,5.82,4.87,5.4,7.66,7.73,7.67,7.6,7.68,7.63,5.53,7.07,7.47,7.42,7.14,4.91,7.3,7.32,7.34,7.36,7.67,4.91
AP4E1,4.51,4.16,4.24,4.49,3.62,3.9,4.47,4.2,4.15,4.42,4.29,4.14,3.92,4.54,3.92,4.36,4.17,4.36,4.4,4.35,3.65,4.19,3.98,4.62,4.33,4.28,4.31,4.65,4.13,4.13,4.56,5.79,3.91,4.45,4.43,4.32,4.09,4.33,4.03,4,4.18,4.06,3.88,4.18,4.57,3.76,3.86,4.25,4.21,5.25
AP4E1,5.12,5.15,4.92,5.11,5.03,5.03,5.18,5.3,4.97,5.12,5.24,4.93,5.06,5.16,4.94,4.83,4.99,4.75,4.85,4.64,4.94,5,5.06,4.79,5.07,4.81,4.65,5.03,4.79,5.03,5.84,5.27,4.85,5.12,5.34,4.98,4.64,5.14,5.08,4.89,4.96,4.77,5.07,5.1,5.13,4.8,4.75,4.89,4.9,5.03
AP4M1,7.2,7.22,7.56,7.44,7.69,7.55,6.95,7.06,7.4,7.3,7.16,7.33,7.2,6.71,7.37,7.42,7.33,7.59,7.42,7.49,7.55,7.5,7.45,7.62,7.61,7.65,7.42,7.5,7.19,6.49,5.43,6.73,7.47,7.41,7.46,7.65,7.34,7.55,6.33,7.37,7.41,7.99,7.68,6.86,7.27,7.47,7.47,7.45,7.19,6.67
AP4M1,7.51,7.05,7.49,7.48,7.17,7.04,6.33,7.57,7.41,7.4,7.25,7.46,7.32,5.87,7.29,7.38,7.36,7.65,7.55,7.4,7.25,7.76,7.61,7.57,7.64,7.58,7.44,7.54,7.13,6.46,4.49,6.43,7.63,7.42,7.63,7.5,7.51,7.44,6.5,7.26,7.29,8.15,7.8,5.07,7.09,7.15,7.36,7.26,7.17,6.67
AP4M1,6.95,6.23,6.58,6.81,6.3,6.37,5.68,6.35,6.93,7.09,6.51,6.94,6.52,5.5,7.13,6.71,6.98,6.71,6.68,6.7,6.75,6.93,6.57,6.97,7.08,6.84,6.92,6.65,6.51,5.39,4.94,5.3,6.67,6.95,7.02,6.83,6.61,7.02,5.8,6.83,6.58,7.12,7.03,5.23,6.45,6.56,6.59,6.83,6.53,5.21
AP4M1,6.92,6.62,6.77,6.66,6.35,6.28,6.02,6.7,6.78,6.74,6.24,6.89,6.6,5.25,6.83,6.52,7.2,6.97,7.07,7.09,7,7.05,6.72,6.81,6.84,7,6.77,6.71,6.39,5.17,5.48,4.68,6.96,6.87,6.74,6.89,6.37,7.09,6,6.97,6.48,7.29,6.66,5.88,6.88,6.15,6.59,6.74,6.69,5.06
AP4M1,7.11,6.81,7.08,7.11,7.37,7.43,6.91,7.28,6.85,6.88,7.09,7.04,6.84,6.21,6.81,6.83,6.83,7.31,7.06,7.13,7.07,7.28,7.28,7.11,7.21,7.05,7.04,7.12,7.18,6.97,5.59,5.6,6.94,7.23,7.15,7.02,7.25,7.31,7.1,7,6.97,7.63,7.51,7.22,7.24,7.01,7.34,7.01,7.05,6.08
AP4S1,4.79,5.02,4.77,4.88,4.65,4.82,5.39,4.9,4.65,4.59,4.75,4.65,4.45,5.01,4.5,5.18,4.46,4.62,4.75,4.7,5.03,4.7,4.59,4.45,4.57,4.61,4.58,4.55,4.4,5.14,6.56,4.91,4.61,4.61,4.66,4.87,4.5,4.96,4.8,4.67,4.53,4.85,4.64,4.79,4.72,4.55,4.32,4.59,4.73,5.29
AP4S1,5.11,4.89,5.09,5.11,4.89,4.93,4.75,5.05,5.38,5.33,4.83,5.28,5.02,4.02,5.31,5.3,5.14,5.17,5.12,5.35,5.06,5.33,5.11,5.21,5.34,5.23,5.2,5.23,4.86,4.09,4.12,4.3,4.68,4.87,4.74,5.13,4.85,5.02,4.81,5.37,5.14,4.97,4.71,4.6,5.07,5.21,5.33,5.16,5.34,4.57
APAF1,4.55,4.39,4.43,4.56,4.37,4,5.09,4.47,4.44,4.49,4.61,4.64,4.46,7.18,4.89,5.1,4.58,4.71,4.54,4.83,4.15,4.83,4.58,4.73,5.28,4.45,4.42,4.56,4.5,4.24,6.91,5.75,5.38,5.1,5.06,5.01,4.4,4.83,4.38,4.44,4.66,4.5,4.14,5.88,4.33,4.88,4.75,4.71,4.02,5.65
APAF1,4.47,4.3,4.35,4.76,5.12,4.71,5.4,4.67,4.57,4.33,4.72,4.42,4.41,6.58,4.39,4.6,4.92,4.48,4.62,4.5,4.31,4.61,4.72,4.54,4.81,4.63,4.46,4.8,4.54,4.52,4.67,5.56,4.74,4.85,5.1,4.6,4.42,4.42,4.79,4.47,4.61,4.62,4.62,5.63,4.56,4.69,4.47,4.34,4.21,6.13
APAF1,5.48,5.23,5.24,5.56,5.19,5.45,5.12,5.87,5.3,5.34,5.41,5.55,5.29,4.83,6,5.59,5.68,5.3,5.34,5.56,5.43,5.6,5.52,6.22,6.14,6.01,5.57,5.35,5,4.6,4.02,5.74,6.77,6.65,6.83,6.48,6.11,6.26,4.2,5.25,5.39,5.2,5.1,5.96,5.08,4.66,5.6,5.4,4.99,5.07
APAF1,4.21,4.03,4.31,4.17,4.24,4.74,4.11,3.88,4.05,4.1,4.07,4.06,4.15,4.32,4.69,4.45,4.53,4.36,4.1,4.01,4.34,4.27,4.22,4.84,4.3,4.08,4.06,4.33,3.98,5.13,4.86,3.92,5.09,4.91,5,4.47,4.5,4.41,4.93,4.24,4.03,4.2,3.96,4.62,3.72,4.1,3.82,4.01,4.37,4.77
APBA1,3.53,3.53,3.62,3.55,3.46,3.58,3.64,3.38,3.56,3.68,3.7,3.49,3.63,4.07,3.69,3.45,3.59,3.54,3.41,3.46,3.66,3.57,3.4,3.43,3.39,3.42,3.73,3.59,3.58,3.71,4.43,4.04,3.51,3.71,3.56,3.66,3.63,3.34,3.72,3.42,3.53,3.33,3.7,4.34,3.68,3.41,3.63,3.73,3.77,5.43
APBA1,4.79,5.06,4.49,4.78,5.03,4.33,4.67,4.52,4.49,4.6,5.04,5.05,4.94,5.82,4.76,5.04,4.64,4.85,4.66,4.32,4.46,4.63,5.18,4.66,4.41,4.86,4.52,4.81,4.93,4.51,6.37,7.46,4.57,4.65,4.41,4.48,5.01,4.52,5.26,4.55,4.24,4.53,4.63,4.88,4.93,4.45,4.25,4.57,4.55,6.22
APBA2,4.29,4.36,4.45,4.25,4.51,4.67,4.39,4,4.29,4.51,4.46,4.28,4.45,4.67,4.38,4.39,4.37,4.31,4.4,4.44,4.21,4.2,4.32,4.17,4.43,4.44,4.3,4.51,4.43,5.34,5.2,4.56,4.47,4.52,4.38,4.38,4.16,4.42,4.8,4.38,4.56,4.57,4.64,4.71,4.41,4.62,4.59,4.27,4.21,4.15
APBA2,4.27,4.02,4.33,4.03,4.3,4.27,3.85,4.67,4.16,4.2,4.26,4.05,4.28,4.59,4.1,3.97,3.73,4.25,4.1,4.15,3.96,4.15,4.2,4.05,4.3,3.88,4.03,4.2,4.34,4.72,5.99,4.37,3.97,4.02,3.95,4.21,4.02,4.02,3.92,4.15,4.54,4.14,4.17,4.26,5.09,4.01,4.45,4.01,4.36,4.21
APBA2,7.02,6.89,7.16,6.99,7.12,6.93,7.15,7.34,7.01,7.05,7.19,7.12,6.97,7.45,6.95,6.7,6.84,7.31,7.33,7.28,6.99,7.23,7.18,7.19,7.07,6.74,7.06,6.88,7.03,6.42,7.4,6.14,7.1,7.2,7.04,7.09,6.75,7.3,7.47,7.32,7.18,7.43,7.3,7.24,7.22,7.02,7.24,7.29,7.21,6.62
APBA3,8.3,8.3,8.43,8.35,8.64,8.56,8.2,8.53,8.13,8.05,8.55,8.45,8.18,7.95,8.23,8.41,8.34,8.35,8.44,8.48,8.3,8.44,8.49,8.61,8.54,8.56,8.5,8.22,8.57,9.03,8.53,7.37,8.7,8.74,8.61,8.52,8.71,8.66,8.76,8.52,8.49,8.66,8.9,8.17,8.43,8.41,8.35,8.4,8.49,6.24
APBB1,6.7,6.45,6.84,6.84,7.12,6.85,6.56,6.85,6.44,6.74,6.95,6.6,6.11,6.89,7.15,6.56,6.9,7.02,7.27,7.07,6.63,6.54,6.67,6.76,6.71,6.66,6.77,6.69,7.01,5.37,5.01,6.52,6.69,6.8,6.76,6.9,6.87,7.05,6.89,6.96,6.8,7.27,7.37,7.64,6.61,7.14,7.12,6.88,6.78,7.42
APBB1,6.4,6.15,6.48,6.29,6.98,6.61,5.92,6.74,6.22,6.48,6.2,6.26,6.02,7.08,6.29,6.26,6.67,6.59,6.69,6.55,6.24,6.74,6.37,6.55,6.52,6.55,6.28,6.61,6.34,4.19,6.14,5.98,6.35,6.34,6.59,6.61,6.84,6.7,5.25,6.54,6.51,6.94,6.62,6.31,6.5,6.32,6.66,6.5,6.51,6.48
APBB1,6.29,6.12,6.51,6.59,6.39,6.55,6.28,6.68,6.48,6.38,6.4,6.27,6.25,5.37,6.54,6.72,6.51,6.75,6.82,6.75,6.45,6.4,6.21,6.7,6.6,6.47,6.29,6.29,6.36,5.3,6.13,5.45,6.15,6.53,6.58,6.82,6.5,6.75,6.43,6.55,6.39,6.93,6.53,6,6.87,6.86,6.8,6.34,6.34,5.86
APBB1,5.72,5.71,6.17,5.95,6,5.79,5.92,5.76,5.85,5.99,6.04,5.88,5.48,5.63,5.86,5.81,5.85,6.35,5.83,6.09,5.81,5.89,5.6,6.27,5.87,6.01,5.91,5.86,6.23,5.72,5.4,5.43,5.82,5.92,5.82,6.26,6.27,5.89,6.19,6.04,6.04,6.27,6.26,5.77,6.07,5.99,5.95,5.85,5.89,5.68
APBB1,3.35,3.62,3.64,3.59,4.27,4.01,3.83,3.52,3.52,3.66,3.49,3.55,3.64,3.87,3.68,3.56,3.66,3.66,3.64,3.51,3.88,3.53,3.37,3.45,3.58,4.07,3.52,3.54,3.44,4.37,3.83,3.87,3.59,3.67,3.79,3.7,3.7,3.57,4.32,3.58,3.65,3.58,3.78,3.47,3.64,4.02,3.66,3.42,4.04,4.96
APBB1,4.94,4.66,4.91,5.09,4.85,4.69,4.52,4.99,4.92,4.75,4.9,4.97,4.74,6.26,5.16,4.82,4.79,5.2,4.94,5.04,4.82,5.04,4.77,5.1,4.85,5.23,4.8,5.11,4.68,4.03,7.21,7.94,4.78,5.12,4.82,4.71,5.3,5.32,5.18,5.07,4.71,4.9,5.15,6.54,5.11,4.8,4.91,5.03,4.84,6.31
APBB1,4.73,4.76,4.99,4.78,4.98,5.14,5.07,5.08,4.55,4.89,4.6,4.65,4.59,5.5,4.95,4.93,4.78,4.91,4.79,4.88,4.64,4.84,4.58,4.91,5.01,4.81,4.99,4.78,4.45,4.49,4.67,5.73,4.62,4.8,5.18,4.86,4.46,5.18,4.38,4.54,4.54,4.68,5.06,5.89,4.91,4.87,4.45,4.66,4.69,4.88
APBB1IP,8.31,8.48,8.39,8.36,8.54,8.69,7.82,8.49,8.17,8.37,8.73,8.32,8.3,7.95,8.39,8.22,8.34,8.25,8.29,8.31,8.78,8.69,8.87,8.49,8.32,8.6,8.39,8.36,8.59,8.17,4.53,8.29,8.41,8.48,8.38,8.43,8.61,8.39,8.52,8.71,8.65,8.38,8.69,8.42,8.99,8.87,8.85,8.45,8.56,8.01
APBB1IP,5.79,5.46,5.65,5.62,5.35,5.39,5.41,5.56,5.58,5.46,5.75,5.58,5.47,8.09,5.48,5.81,5.61,5.73,5.51,5.33,5.47,5.84,5.73,5.79,5.75,5.7,5.64,5.64,5.63,5.77,6.5,7,5.52,5.52,5.48,5.84,5.49,5.57,5.9,5.83,5.53,5.33,5.71,5.83,5.49,5.62,6,5.62,5.42,7.04
APBB2,4.43,4.49,4.08,4.13,4.38,4.21,4.42,4.01,4.33,4.16,4.69,4.16,4.09,5.12,4.43,4.08,4.17,4.25,3.88,4.24,4.16,4.58,4.58,4.43,4.09,4.12,4.16,4.39,4.33,5.26,5.58,4.79,4.18,4.39,4.46,4.68,4.03,4.41,4.58,4.03,4.02,4.09,4.4,4.27,4.2,4.23,4.3,4.42,4.18,5.12
APBB2,6.97,6.76,6.86,7.2,6.87,6.92,6.74,7.07,7.15,6.88,7,7.22,6.7,7.52,7.03,6.82,7.02,6.95,6.81,6.77,6.9,7.15,7.04,6.99,7.05,6.71,6.75,7.19,7.02,7.66,8.29,7.46,6.72,6.89,6.87,6.77,6.82,6.8,6.58,6.98,7.08,7,6.92,7.31,6.97,7.14,7.06,7.17,6.87,7.91
APBB2,4.49,4.51,4.65,4.71,4.52,4.88,4.11,5.11,4.36,4.37,4.98,4.63,4.63,5.32,4.75,4.75,4.84,4.73,4.42,4.74,4.52,4.59,4.42,4.83,4.9,5.1,4.43,4.64,4.72,4.73,5.5,5.83,4.72,5.31,5.1,4.78,4.57,4.41,5.06,4.85,4.68,4.65,4.83,4.58,4.53,5.18,4.78,4.59,4.98,4.82
APBB2,4.17,4.07,4.34,4.22,4.26,4.12,4.69,3.95,4.06,4.17,4.13,4.14,3.99,4.86,4.6,4.48,4.2,4.18,3.93,4,3.84,4.11,4.29,4.34,4.43,4.12,4.04,4.07,4.18,4.52,5.99,5.63,4.43,4.47,4.33,4.1,4.15,4.22,4.53,3.88,4.09,4.05,4.26,4.12,4.26,4.28,4.49,4.14,3.87,3.92
APBB2,4.41,4.4,4.61,4.61,4.44,4.09,3.72,4.19,4.23,4.4,4.55,4.57,4.39,4.49,4.52,4.55,4.72,3.91,4.55,4.24,4.62,4.2,4.32,4.53,4.68,4.32,4.14,4.38,4.4,4.39,4.18,4.91,4.59,4.78,4.82,4.58,4.32,4.38,4.16,5.03,4.36,4.17,3.98,6.38,4.5,3.96,4.75,4.69,4.67,5.35
APBB2,4.13,4.35,4.16,4.01,4.04,4.07,5.06,3.8,3.93,4.01,3.93,4.21,4.38,4.82,4.03,3.64,3.95,4.02,3.93,3.8,4.21,3.96,4.15,4.09,3.58,4.22,4.01,3.87,4.14,5,5.51,5.43,4.27,4.16,4.17,3.67,4.13,3.75,5.9,3.87,4.03,4.07,4.01,5.48,4.06,3.8,3.69,3.81,4.01,4.21
APBB2,4.54,4.55,4.47,4.66,4.3,5.07,3.64,4.75,4.56,4.85,4.54,4.43,4.47,4.57,4.57,4.65,4.84,4.32,4.82,4.76,4.51,4.69,4.49,5.19,4.85,4.48,4.7,4.81,4.73,4.2,6.21,4.1,4.93,4.81,4.91,4.42,4.33,4.57,4.21,4.85,4.29,4.74,4.67,5.63,4.23,4.86,4.34,4.76,4.81,5.81
APBB3,6.58,6.3,6.7,6.5,6.89,6.82,6.67,6.86,6.4,6.72,6.69,6.58,6.38,6,6.53,6.8,6.7,6.61,6.5,6.63,6.93,6.76,6.63,7.04,6.96,6.92,6.56,6.75,6.92,5.85,6.27,7.03,6.72,6.83,6.91,6.94,6.98,6.95,5.86,7.13,7.01,7.24,7.24,4.53,7.04,7.27,7.37,6.89,6.89,4.06
APBB3,6.78,6.4,6.84,6.9,6.5,6.97,5.7,7,6.6,6.91,6.48,6.61,6.48,5.41,6.58,6.85,6.56,6.77,6.71,6.58,6.87,6.96,6.99,7.03,7.01,6.96,6.69,6.89,6.8,6.62,6.07,5.35,6.97,6.92,6.78,7.02,6.94,7.06,5.98,6.95,7.1,7.22,7.25,5.16,7.07,6.91,6.96,6.98,6.86,6.23
APBB3,7.37,7.05,7.14,7.2,7.26,7.13,7.45,7.63,7.33,7.29,6.93,7.39,7.22,6.36,7.19,7.41,7.14,7.32,7.28,7.17,7.59,7.4,7.38,7.45,7.51,7.5,7.27,7.33,7.33,5.52,7.22,6.96,7.38,7.61,7.5,7.27,7.45,7.53,7.04,7.52,7.38,7.42,7.66,7.16,7.59,7.77,7.54,7.57,7.12,7.93
APC,6.37,6.59,5.99,6.28,6.57,5.97,6.1,6.78,6.48,6.57,6.62,6.57,6.54,6.76,6.61,6.84,6.56,6.18,6.28,6.52,6.44,6.66,6.31,6.33,6.55,6.67,6.08,6.63,6.41,4.99,5.25,4.99,6.62,6.76,6.69,6.69,6.33,6.35,6.29,6.87,6.63,6.47,6.03,5.86,6.77,6.63,6.57,6.55,6.33,6
APC,4.1,4.09,4.07,4.09,4.02,4.58,4.41,4.04,4.19,4.04,4.21,4.04,4.05,4.03,4.29,4.12,4.19,3.84,4.15,4.2,4.14,4.07,4.34,3.99,4.35,4.13,3.96,4.17,4.1,4,4.15,4.32,3.87,3.91,4.51,4.08,4.15,4.24,4.35,3.82,4.44,4.13,3.9,4.41,4.39,3.98,4.33,4.28,4.02,4.66
APC,6.21,6.17,6.3,6.15,5.35,6.14,6.53,6.26,6.25,6.03,6.59,6.31,6.29,6.16,6.24,5.9,6.42,6.36,6.29,6.31,6.44,6.38,6.29,6.3,6.28,6.33,6.09,6.47,6.52,5.33,5.04,7.18,6.4,6.45,6.23,6.2,6.19,6.01,5.58,6.15,6.33,6.46,6.3,6.77,6.22,6.23,6.4,6.24,6.26,7.11
APC2,4.87,4.85,4.65,4.75,4.72,4.77,4.61,4.7,4.75,4.86,5.3,4.88,4.87,5.79,4.91,4.83,4.75,4.96,4.68,4.71,4.99,4.9,4.91,4.77,4.57,4.6,4.73,5.04,4.57,4.87,4.99,4.93,4.9,4.69,4.73,4.72,4.71,4.94,4.75,4.66,5.15,5.1,5.06,4.79,5.03,4.89,5.31,4.76,4.81,5.33
APCDD1,5.61,5.66,5.63,5.7,5.31,5.69,5.99,5.75,5.7,5.79,5.72,5.69,5.9,6.81,5.53,5.46,5.39,5.48,5.72,5.56,6.3,5.74,5.82,5.65,5.49,5.44,5.83,5.71,5.78,6.32,7.77,7.84,5.58,5.62,5.53,5.29,5.48,5.57,6.14,5.8,5.93,5.74,6.01,6.13,5.62,6.05,5.91,5.77,5.65,6.12
APCDD1,3.95,4.08,4.29,4.27,4.27,3.92,4.98,3.99,4.11,4.05,4.1,4.05,4.05,4.86,4.06,4.45,3.99,4.03,4.17,4.06,3.99,4.09,4.28,3.78,4.17,4.38,3.97,4.55,4.2,4.29,6.91,4.34,4.1,4.11,4.6,4.08,4.04,4.34,4.81,4.23,3.83,4.24,3.87,5.34,4.44,3.96,4.32,4.52,4.14,4.54
APCDD1L,4.55,4.39,4.02,4.51,4.04,4.25,4.51,4.59,4.38,4.25,4.2,4.41,4.58,4.74,4.3,4.45,4.33,4.36,4.36,4.44,4.62,4.57,4.58,4.5,4.31,4.63,4.3,4.41,4.46,4.76,5.6,4.79,4.31,4.62,4.39,4.29,4.09,4.29,4.44,4.61,4.44,4.78,5.2,4.77,4.34,4.73,4.54,4.34,4.19,4.41
APCDD1L,4.99,5.29,5.07,5.24,5.4,4.86,5.34,5.35,5.25,5.25,5.59,5.27,5.23,5.47,5.26,5.23,5.3,5.52,5.08,5.35,5.04,5.18,5.2,5.39,5.33,5.1,5.12,5.36,5.27,5.72,5.5,5.74,5.09,5.1,5.52,5.02,5.11,5.15,5.4,4.97,5.29,5.23,5.32,5.44,4.96,4.98,5.41,5.16,5.45,6.95
APCDD1L,5.16,4.9,5.32,5.23,5.01,5.39,5.76,5.29,5.17,5.36,5.3,4.95,4.98,6.43,4.97,5.4,5.06,5.44,5.59,5.25,5.28,5.22,5.08,5.22,5.33,5.23,5.12,5.12,5.33,6.04,5.88,5.88,5.19,5,5.16,5.24,5.18,5.35,5.01,5.03,4.9,5.35,5.64,5.78,4.75,4.63,5.06,5.3,5.23,7.63
APCS,3.97,3.87,3.86,3.97,3.92,4.1,4.68,4.05,3.92,3.88,4.07,3.65,4.01,4.48,4.04,3.95,3.76,3.88,4.11,4.05,3.99,3.95,4.29,4.25,3.9,3.63,3.8,3.84,3.78,5.2,4.7,5.25,3.92,3.74,4.16,3.76,3.76,3.69,3.97,3.84,3.77,3.95,4.02,4.15,3.61,3.95,3.67,3.91,3.8,3.97
APEH,10.16,9.97,10.28,10.17,10.29,10.3,10.07,10.1,10.12,10.13,10.07,10.07,10.05,9.24,9.9,9.87,10,10.43,10.45,10.43,9.99,10.02,10.02,9.98,9.95,10.09,10.3,10.1,10.24,10.31,9.62,9.43,9.94,10.01,9.85,9.99,10.12,10.01,10.2,10.1,10.16,9.98,9.88,7.86,9.95,10.12,9.93,10.05,10.22,8.63
APEX1,12.16,12.12,12.19,12.21,12.22,12.17,12.06,12.16,12.18,12.2,12.16,12.18,12.15,11.37,12.01,11.96,12.02,12.1,12.04,12.09,12.13,12.09,12.02,11.88,11.93,12,12.21,12.22,12.17,12.15,10.45,11.52,11.79,11.82,11.84,11.96,12.01,11.98,12.02,12.16,12.13,12.26,12.17,11.39,11.95,12.03,12.04,12.19,12.11,11.05
APEX2,9.24,9.1,9.24,9.2,9.45,9.54,9.24,9.32,8.93,9.15,9.21,8.95,8.9,8.93,9.2,9.19,9.08,9.19,9.24,9.12,9.07,8.97,8.84,9.14,8.93,9.07,9.4,9.21,9.24,9.03,8,10.12,9.38,9.39,9.4,9.03,9.36,9.3,9.34,9.2,9.18,9.01,9.16,9.05,9.26,9.51,9.21,9.11,9.08,8.9
APEX2,8.04,7.96,8.27,8.11,7.79,8.03,8.21,8.29,8.13,8.16,7.51,7.72,7.7,6.15,8.05,7.72,8.1,7.87,8.05,7.9,7.82,7.5,7.43,8.02,7.86,7.97,8.27,8.2,7.92,6.9,4.94,7.53,8.41,8.43,8.54,8.07,8.25,8.21,7.45,7.98,7.83,7.76,7.55,6.81,7.95,8.07,8.08,7.76,7.98,6.31
APH1A,9.51,9.55,9.59,9.5,9.29,9.1,8.18,9.6,9.48,9.82,9.38,9.59,9.56,7.4,9.8,9.49,9.64,9.37,9.42,9.34,9.55,9.63,9.43,9.36,9.64,9.54,9.72,9.78,9.63,7.99,7.19,8,9.37,9.55,9.47,9.63,9.3,9.52,8.75,9.9,9.5,9.7,9.51,7.47,9.14,9.1,9.43,9.6,9.59,8.14
APH1A,9.95,9.79,9.91,9.86,9.77,9.9,9.96,9.92,9.94,10.05,9.98,9.86,10.07,8.39,9.97,9.94,10.04,9.84,9.81,9.76,10.01,10.09,9.8,9.91,10.01,9.88,9.99,9.98,9.97,8.21,6.52,8.91,9.79,10.02,10,10.09,9.94,10.01,9.08,10.14,10.13,10.06,9.99,8.61,9.79,9.86,9.84,10.03,10.01,7.84
APH1A,7.57,6.92,7.49,7.46,6.76,6.82,5.33,7.43,7.5,7.63,6.58,7.19,7.2,5.05,7.53,7.43,7.42,7.45,7.39,7.44,7.16,7.26,6.85,7.36,7.54,7.39,7.57,7.61,6.82,5.8,4.72,4.4,7.47,7.6,7.43,7.56,7.54,7.59,4.83,7.36,7.4,6.97,6.74,4.88,6.97,6.32,7.03,7.37,7.16,5.56
APH1A,8.94,8.68,8.92,8.95,8.42,8.41,7.98,8.77,8.72,9.12,8.63,8.89,8.54,8.72,9.13,8.71,8.92,8.85,8.79,8.95,8.75,8.95,8.53,8.8,8.89,8.82,8.91,9.19,8.59,4.37,5.9,7.99,8.71,8.73,8.96,9.05,8.59,9.03,7.62,9.09,8.93,8.91,8.4,8.38,8.38,8.45,8.61,8.89,8.73,8.72
APH1A,8.32,7.72,8.31,8.24,7.45,7.83,7.65,8.35,8.11,8.39,7.66,8.1,7.81,7.42,8.27,8.24,8.14,8.24,8.13,8.26,8.03,8.08,7.69,8.26,8.34,8.24,8.36,8.47,7.67,4.89,5.68,4.73,8.24,8.25,8.41,8.35,8.06,8.33,6.51,8.17,8.21,8.08,7.66,6.91,7.64,7.62,7.9,8.23,7.87,8.45
APH1A,10.03,9.77,9.89,9.92,10.07,9.83,9.51,9.86,9.98,10.11,9.98,10.08,10.05,8.31,9.93,10.06,10.02,9.79,9.8,9.66,9.96,9.91,9.87,9.91,9.87,9.95,10.07,10.03,9.88,8.96,7.42,7.89,9.95,9.89,9.91,9.97,9.94,10.04,9.84,10.04,9.97,10.13,10.03,8.32,9.94,9.59,9.87,9.88,9.99,8.53
APH1A,9.06,9,9.27,9.1,9.25,9.34,9.26,9.03,9.22,9.18,9.12,9.06,9.12,7.56,9.08,9.11,9.02,9.08,9.01,8.8,9.27,9.09,9,8.95,9.02,9.14,9.16,9.14,9.07,9.5,4.86,8.41,9.2,9.12,9.13,9.08,9.25,9.07,9.28,9.19,9.26,9.36,9.25,7.6,9.21,9.11,9.09,9.17,9.29,7.77
APH1B,3.98,3.76,3.83,3.82,4.26,4.03,4.6,3.69,3.85,4,4.14,3.97,3.91,4.43,3.98,3.84,3.97,4.28,4.27,4.03,3.93,3.97,4.14,3.69,4.11,4.2,3.89,3.88,4.18,4.16,5.08,4.17,4.06,3.95,3.87,4.01,4.04,3.87,3.91,3.88,4.03,4.15,3.87,4.8,4.15,4.09,4.32,3.89,3.83,4.93
APH1B,3.78,3.8,3.81,3.85,3.81,3.86,5.1,3.72,3.87,3.81,4.03,3.67,3.81,3.54,3.78,3.72,3.98,4.17,3.85,3.97,3.59,3.83,4.07,3.64,3.75,3.56,4.02,3.78,4,3.82,4.43,4.13,3.81,3.84,3.72,3.61,4.26,4.14,3.77,3.65,3.68,3.79,4.06,3.77,3.61,4.2,3.65,4.03,3.8,3.78
APH1B,4.03,4.06,3.91,3.99,4.5,4.36,4.3,4.13,4.28,3.88,4.18,4.01,4.24,6.01,4.22,4.22,3.9,4.25,4.18,4,4.04,3.9,4.11,4.36,4.01,3.96,4.17,4.15,4.18,4.2,5.39,4.08,4.39,4.11,3.9,4.09,4.08,3.93,4.54,4.02,4,3.93,4.15,5.42,4.03,4.07,3.96,4.12,3.96,3.77
APH1B,3.74,3.98,4.02,3.93,4.1,4.16,4.64,4.43,4.04,3.99,4.14,4.04,4.19,4.69,4.26,3.85,3.89,3.88,3.84,3.98,4.32,3.99,4.02,4.18,4.1,4.14,4,4.04,3.79,4.59,4.32,4.76,4.05,3.95,3.98,3.98,4.18,4.02,4.47,4.29,4.15,4.03,3.92,4.89,3.9,4.05,3.94,3.81,4.05,4.07
APH1B,4.08,4.01,4.26,4.31,4.07,4.33,3.87,4.12,4.09,4.21,4.36,4.35,4.13,6.35,4.45,4.47,4.3,4.37,4.2,4.18,3.87,4.47,4.59,4.25,4.1,4.41,4.36,4.71,4.09,4.64,7.26,5.43,4.15,4.57,4.39,4.63,4.64,4.32,4.02,4.83,4.34,4.29,4.64,6.53,4.45,4.13,4.77,4.38,4.35,5.08
APH1B,3.7,3.81,3.51,3.75,3.73,3.73,4.68,3.62,3.84,3.8,3.77,3.77,3.88,3.99,3.56,3.74,3.68,3.67,3.55,3.68,3.86,3.91,3.83,3.62,3.6,3.5,3.55,3.5,3.74,4.74,4.94,4.85,3.9,3.74,3.74,3.81,3.51,3.76,4.22,3.74,3.52,3.48,3.75,4.07,3.76,3.62,3.6,3.54,3.79,4.04
API5,10.95,10.98,10.95,11,11.03,10.93,10.89,10.72,11.08,10.92,10.96,10.95,11.08,9.76,10.73,10.78,10.83,10.99,11.02,10.8,10.88,10.91,10.85,10.7,10.62,10.78,10.93,10.94,11.07,10.87,9.73,9.77,10.71,10.68,10.61,10.74,10.65,10.66,10.89,10.78,10.91,10.83,10.82,9.99,10.95,10.94,10.95,11.01,11.01,10.08
API5,6.95,6.44,6.81,6.69,6.59,6.15,6.81,6.82,6.89,6.87,6.23,6.83,6.71,6.59,6.45,6.35,6.55,6.92,6.93,6.96,6.59,6.57,6.04,6.65,6.41,6.62,6.71,6.66,6.37,5.49,4.79,5.66,6.67,6.54,6.34,6.34,6.02,6.68,6.41,6.87,6.63,6.06,6,5.46,6.79,6.7,7.03,6.88,6.76,5.22
API5,7.95,7.6,7.32,7.71,6.8,7.21,6.79,7.58,7.97,7.93,7.42,7.86,7.71,6.94,7.6,7.34,7.43,7.39,7.43,7.96,7.4,7.67,7.22,7.46,7.07,7.46,7.54,7.94,7.25,6.29,6.15,4.51,7.18,7.39,7.24,7.38,6.57,7.25,5.79,7.51,7.42,6.7,6.69,6.08,7.16,6.98,7.51,7.79,7.65,7.43
API5,10.51,10.29,10.15,10.37,9.82,9.92,9.58,10.22,10.55,10.44,10.22,10.4,10.41,9.2,10.21,10.02,10.09,10.24,10.29,10.38,10.19,10.37,9.99,9.99,9.84,10.05,10.27,10.38,10.13,9.75,7.99,8.93,10.04,10.08,10.12,9.97,9.74,10.02,9.55,10.26,10.12,9.72,9.78,9.59,10.14,9.96,10.27,10.34,10.17,9.58
APIP,9.13,8.97,8.91,8.88,8.57,8.9,8.73,8.9,9,9.08,8.59,9.03,8.94,6.34,8.68,8.81,8.86,8.64,8.75,8.77,8.82,8.67,8.56,8.71,8.71,8.72,8.92,8.89,8.55,7.78,7.76,6.29,8.8,8.84,8.75,8.74,8.8,8.79,8.84,8.68,8.7,8.71,8.75,6.52,8.95,8.69,8.62,8.85,9.02,6.35
APIP,9.48,9.32,9.36,9.3,8.98,9.07,9.08,9.25,9.5,9.45,8.99,9.33,9.36,7.64,9.16,9.29,9.43,9.12,9.22,9.08,9.17,9.07,8.92,9.12,9.01,9.2,9.15,9.42,9.21,8.45,7.27,7.11,9.08,9.21,9.16,9.19,9.29,9.4,9.04,9.15,9.03,9.19,9.15,6.93,9.1,9.11,9.28,9.31,9.24,6.84
APITD1,9.45,9.46,9.4,9.26,9.41,9.53,9.63,9.43,9.53,9.41,9.5,9.37,9.27,8.42,9.44,9.09,9.46,9.39,9.29,9.37,9.21,8.75,8.95,8.87,8.9,9.01,9.38,9.36,9.55,8.27,6.13,8.72,9.34,9.39,9.2,9.39,9.31,9.16,9.62,9.49,9.33,9.15,9.34,8.51,9.24,9.12,8.98,9.38,9.45,7.16
APITD1,7.94,7.8,7.75,7.91,7.71,7.93,7.56,7.76,8,8,7.74,7.9,7.79,5.69,7.69,7.74,7.72,7.63,7.98,7.75,7.33,7.33,7.24,7.52,7.66,7.58,7.79,7.89,7.91,7.38,7.16,6.18,7.76,7.82,7.55,7.68,7.32,7.62,7.78,7.83,7.84,7.57,7.39,6.33,7.44,7.26,7.69,7.92,7.75,6.73
APITD1 /// CORT,5.5,5.52,5.61,5.73,5.61,5.97,5.59,5.86,5.54,5.54,5.6,5.57,5.37,5.23,5.55,5.44,5.6,5.47,5.7,5.72,5.49,5.39,5.11,5.26,5.58,5.51,5.78,5.59,5.47,6.46,5.63,5.18,5.32,5.13,5.1,5.77,5.72,5.6,5.8,6,5.71,5.51,5.64,6.51,5.75,5.63,5.35,5.8,5.8,5.83
APLF,7.31,7.32,7.13,7.32,7.13,7.15,6.67,7.17,7.39,7.53,7.46,7.36,7.24,5.77,7.61,7.5,7.47,7.13,7.07,6.9,7.62,7.55,7.53,7.43,7.7,7.46,7.23,7.18,7.17,7.6,7.12,5.89,7.7,7.8,7.88,7.39,7.34,7.29,7.21,7.22,7.18,7.56,7.25,6.31,6.9,6.97,7.23,7.24,7.57,6.56
APLF,3.93,4,3.76,3.84,4.05,3.93,3.71,3.67,3.77,3.88,4.05,3.7,3.79,4.29,3.88,3.74,4.01,3.82,3.88,3.68,3.91,3.95,4.34,3.78,3.9,3.9,3.75,3.75,3.79,4.75,4.64,5.03,4.07,4.18,4.05,3.84,3.93,3.9,4.8,3.78,3.91,3.87,3.92,3.64,3.78,4.82,4.05,3.5,3.69,3.96
APLF /// PROKR1,5.48,4.95,5.07,5.22,4.87,5.27,5.17,4.92,5.13,5.33,5.1,4.92,5.49,4.45,5.3,4.97,5.16,5.07,5.08,4.8,5.53,5.39,5.4,5.16,5.27,5.57,5.05,5.03,4.72,4.37,3.91,3.36,5.81,5.97,5.54,5.22,5.12,4.95,5.02,5.29,4.81,5.25,5.04,3.69,4.96,4.39,4.92,5.01,5.52,3.74
APLN,4.7,4.68,4.51,4.97,4.61,5.32,5.92,4.85,4.75,4.61,4.97,4.87,4.89,5.73,4.7,4.97,4.65,4.66,4.53,5.24,4.67,4.69,4.63,5.01,4.76,4.76,4.74,4.76,4.79,4.94,4.74,5.78,4.5,4.6,4.77,4.77,5.04,4.64,5.73,4.77,4.85,4.77,4.76,5.68,4.76,5.27,4.88,5.08,4.9,6.14
APLNR,3.79,3.51,3.58,3.54,3.8,3.51,4.42,3.87,3.56,3.6,3.32,3.62,3.58,4.45,3.83,3.66,3.69,3.66,3.45,3.45,3.57,3.58,3.4,3.66,3.4,3.43,3.73,3.63,3.57,3.86,6.18,4.17,3.57,3.64,3.83,3.44,3.44,3.66,4.61,3.56,3.65,3.62,3.66,4.51,3.38,3.45,3.66,3.5,3.69,4.95
APLNR,4.45,4.86,5.04,4.74,4.77,4.78,4.59,4.58,4.91,4.91,5.02,4.92,4.85,5.21,4.47,4.54,4.72,4.77,5.06,4.73,4.91,4.93,4.75,4.91,4.79,4.87,4.77,4.86,4.68,5.66,4.57,6.64,4.56,4.85,4.9,4.61,4.62,4.68,4.32,4.98,4.72,4.73,4.68,6.28,4.92,4.87,4.88,5.14,4.79,6.23
APLP1,6.51,6.62,7.08,7.13,7.7,7.24,6.21,6.93,6.93,6.97,7.09,7.02,6.89,7.13,8.42,8.32,8.36,7.11,7.13,7.09,7.61,7.56,7.55,8.19,8.16,8.27,7.14,6.8,6.71,7.77,5.96,7.21,8.05,8.17,8.07,8.3,8.21,8.25,7.68,7.03,7.37,7.27,6.98,7.75,7.24,7.31,7.24,7.36,7.49,7.31
APLP1,6.25,6.11,6.56,6.3,6.18,6.11,6.42,6.32,6.27,6.39,6.42,6.22,6.12,6.74,7.24,7.81,7.02,6.57,6.39,6.11,6.46,6.67,6.51,7.03,7.3,7,6.19,6.28,6.33,6.59,6.24,6.6,6.77,7.16,6.97,7.08,6.81,7.18,7.1,6.63,6.59,6.58,6.55,6.19,6.4,6.26,6.28,6.36,6.48,6.26
APLP1,6.17,6.32,6.63,6.38,6.73,7.16,6.89,6.56,6.32,6.47,6.65,6.53,6.53,5.68,7.71,7.73,7.64,7,6.93,6.77,6.85,6.79,7.11,7.57,7.45,7.46,6.66,6.45,6.55,6.93,7.64,5.42,7.41,7.55,7.37,7.63,7.76,7.6,7.09,6.77,6.82,6.62,6.75,6.27,6.91,6.55,6.8,6.67,6.71,6.98
APLP2,11.35,11.41,11.4,11.4,11.44,11.39,11.16,11.54,11.38,11.44,11.55,11.43,11.44,12.4,11.44,11.4,11.28,11.31,11.29,11.19,11.49,11.51,11.5,11.5,11.48,11.36,11.34,11.37,11.48,11.35,12.35,12.71,11.47,11.56,11.5,11.41,11.28,11.46,11.24,11.35,11.33,11.6,11.55,12.42,11.28,11.28,11.45,11.34,11.52,12.36
APLP2,9.6,9.61,9.69,9.7,9.61,9.44,9.5,9.73,9.66,9.71,9.52,9.7,9.68,9.46,9.63,9.38,9.56,9.53,9.49,9.47,9.75,9.77,9.69,9.77,9.74,9.75,9.68,9.77,9.51,8.12,8.59,10,9.68,9.71,9.63,9.72,9.48,9.68,9.12,9.58,9.54,9.73,9.79,8.69,9.61,9.54,9.61,9.64,9.65,9.06
APLP2,8.01,7.89,8.1,7.98,7.64,7.61,6.73,8,7.96,8.04,7.63,7.84,8.01,5.64,7.64,7.55,7.59,7.41,7.46,7.53,8.13,7.85,7.71,7.58,7.56,7.91,7.9,7.7,7.96,7.41,5.31,4.84,8.35,8.19,7.98,7.59,7.68,7.62,8.39,7.77,8.06,7.4,7.63,5.25,7.83,7.49,7.74,7.87,7.94,4.42
APLP2,10.97,11.15,11.03,11.11,11.07,11.05,10.95,11.17,11.03,11.12,11.28,11.1,11.11,10.39,11.04,10.94,10.97,10.87,10.91,10.84,11.09,11.05,11.21,11.04,11.13,11.05,11.03,11.04,11.1,10.94,8.23,11.26,10.92,11.17,11.05,11.02,10.89,11.03,10.63,11.06,10.98,11.23,11.14,11.15,10.96,10.92,11.05,10.98,11.21,9.2
APOA1,3.26,3.35,3.79,3.65,3.89,3.62,4.25,3.65,3.73,3.56,3.46,3.55,3.66,4.01,3.55,3.69,3.5,3.59,3.59,3.44,3.68,3.44,3.52,3.71,3.5,3.67,3.56,3.66,3.71,4.22,4.31,3.9,3.55,3.61,3.6,3.52,3.88,3.85,4.07,3.63,3.85,3.67,3.63,4.23,3.8,4.14,3.58,3.83,3.64,4.17
APOA1,3.86,3.75,3.78,3.82,3.92,4.11,4.4,3.74,3.78,3.88,3.76,3.78,3.76,3.99,3.68,3.85,3.92,4.11,3.69,3.86,3.97,3.99,3.88,3.93,3.68,3.63,3.92,3.95,3.62,4.57,4.76,5,3.73,3.68,3.88,3.83,3.8,3.71,4.84,3.72,3.98,3.84,3.92,4.72,4.23,3.97,4.17,3.95,3.71,4.26
APOA1,4.1,4.19,4.09,4.22,4.25,4.39,5.2,4.24,3.98,4.35,4.16,4.02,4.11,3.92,4.1,3.92,3.99,4.02,4.05,3.98,4.03,4.08,4.09,3.73,3.83,3.63,4.19,4.3,4.1,3.99,5.83,4.46,3.87,3.98,4.12,3.9,4.11,4.36,3.98,4.14,4.25,4.05,4.15,5.77,3.88,3.86,4.06,4.04,3.87,4.51
APOA1,5.74,5.9,5.89,5.82,5.94,6.3,6.94,5.7,5.61,5.87,5.95,5.81,5.76,6.34,5.39,5.67,5.9,6.13,5.84,5.85,5.96,5.88,5.82,5.64,5.81,5.52,6.15,5.97,6.14,5.45,7.13,7.96,6.01,5.73,5.92,5.38,5.74,5.85,6.24,6.27,5.88,5.92,6.26,6.71,6.07,5.93,5.96,5.54,6.02,6.31
APOA1,4.7,4.62,4.73,4.66,5.09,4.89,5,5.65,4.7,4.63,4.72,4.61,4.68,5.61,4.5,4.91,4.5,5.01,4.89,4.74,4.82,4.76,4.84,4.67,4.63,4.66,5.18,4.87,5.57,4.66,4.78,5.15,4.76,4.79,4.64,4.64,4.78,4.58,5.76,4.75,5.14,4.88,5.42,4.78,4.96,4.88,4.89,4.85,4.72,5.91
APOA1,3.8,3.55,3.63,3.71,3.62,3.67,4.3,3.65,3.68,3.74,3.35,3.5,3.44,4,3.54,3.62,3.61,3.81,3.39,3.54,3.67,3.61,4.09,3.55,3.48,3.79,3.6,3.87,3.68,4.86,5.47,6.22,3.67,3.78,3.65,3.43,3.49,3.82,3.63,3.62,3.77,3.9,3.94,3.72,3.81,3.79,3.74,3.6,3.9,4.42
APOA1BP,9.33,9.37,9.44,9.34,9.36,9.28,9.46,9.49,9.38,9.3,9.05,9.36,9.25,8.6,9.3,9.27,9.23,9.47,9.49,9.33,9.25,9.17,9.12,9.31,9.26,9.26,9.48,9.32,9.26,9.45,7.73,7.92,9.34,9.49,9.27,9.37,9.32,9.39,9.57,9.51,9.35,9.31,9.18,7.63,9.41,9.1,9.05,9.26,9.19,7.84
APOA1BP,9.75,9.75,9.78,9.65,9.58,9.44,8.97,9.57,9.66,9.72,9.45,9.75,9.68,8.84,9.59,9.5,9.57,9.79,9.83,9.71,9.7,9.57,9.47,9.48,9.52,9.54,9.74,9.62,9.6,9.34,7.49,8.32,9.57,9.81,9.55,9.82,9.61,9.68,9.21,9.82,9.73,9.63,9.67,8.53,9.58,9.47,9.52,9.62,9.64,8.49
APOA2,3.36,3.61,3.48,3.48,3.49,3.44,3.57,3.48,3.37,3.46,3.74,3.58,3.72,3.97,3.42,3.44,3.41,3.95,3.51,3.47,3.65,3.59,3.46,3.37,3.36,3.63,3.76,3.58,3.49,3.52,4.46,5.46,3.51,3.4,3.53,3.56,3.53,3.47,3.19,3.33,3.55,3.58,3.43,3.56,3.55,3.47,3.68,3.49,3.5,5.13
APOA2,3.67,3.6,3.88,3.67,3.63,4.26,3.92,3.99,3.63,3.68,3.78,3.65,3.73,3.61,3.85,3.77,3.58,3.82,3.73,3.8,3.79,3.68,3.59,3.56,3.52,3.52,3.7,3.57,3.64,4.12,4.41,4.2,3.76,3.73,3.61,3.81,4.04,3.67,4.08,3.63,4.05,4.14,3.45,4.19,3.82,3.73,4.1,3.73,3.77,3.86
APOA2,3.68,3.5,3.73,3.53,3.67,3.57,3.54,3.63,3.44,3.61,3.32,3.41,3.73,3.87,3.43,3.58,3.65,3.58,3.7,3.42,3.58,3.55,3.42,3.42,3.79,3.55,3.5,3.56,4.24,4.21,3.7,5.96,3.58,3.61,3.69,3.63,3.73,3.69,4.08,3.68,3.45,3.46,3.69,4.32,3.64,3.51,3.66,3.71,3.75,4.4
APOA4,3.78,3.96,4,3.79,4.38,4.03,4.13,3.81,3.77,3.79,4.06,4.03,3.87,4.43,3.82,3.78,3.89,3.88,3.93,3.75,4.11,4.11,4.15,3.77,3.83,4.12,3.86,3.84,4.59,4.19,5.23,4.78,3.78,3.95,3.98,4.02,4.17,3.83,4.31,4,3.82,4.11,3.62,4.93,4.7,3.67,3.75,3.97,3.75,5.05
APOA5,4.22,4.05,4.16,4.2,4.21,4.12,4.15,3.85,4.05,4,4.53,4.54,3.87,4.82,4.31,4.19,3.99,4.42,3.96,4.38,4.25,4.18,4.34,4.15,4.18,4.08,4.17,4.57,4.32,4.65,5.7,5.62,3.96,4.46,4.28,4.2,4.19,4.22,4.01,4.31,4.04,4.2,3.94,4.81,3.96,3.99,4.45,4.32,4.16,4.84
APOA5,4.41,4.94,4.39,4.93,4.56,4.73,4.66,4.23,4.75,4.57,4.69,4.63,4.89,5.35,4.58,4.74,4.48,4.38,4.59,4.53,4.53,4.63,4.59,4.5,4.53,4.51,4.95,4.86,4.76,5.03,6.06,4.92,4.76,4.52,4.37,4.48,4.88,4.41,5.86,4.46,4.42,4.91,4.24,5.5,4.05,4.7,4.48,4.41,4.76,4.66
APOB,3.58,3.43,3.21,3.51,3.39,3.89,4.22,3.43,3.52,3.34,3.35,3.55,3.3,3.79,3.52,3.2,3.35,3.62,3.38,3.44,3.74,3.36,3.38,3.51,3.5,3.62,3.48,3.38,3.78,6.33,6.37,4.61,3.83,3.24,3.3,3.35,3.59,3.2,3.61,3.28,3.52,3.26,3.76,6.32,3.66,3.42,3.89,3.4,3.44,3.82
APOB,3.58,3.41,3.47,3.62,3.55,3.86,3.49,3.26,3.33,3.41,3.75,3.48,3.41,4.55,3.3,3.68,3.33,3.65,3.38,3.25,3.52,3.7,3.31,3.83,3.61,3.57,3.32,3.35,3.32,4.55,4.74,4.9,3.55,3.39,3.58,3.5,3.85,3.4,4.76,3.33,3.28,3.45,3.46,4.94,3.64,3.8,3.39,3.47,3.32,3.77
APOB,3.52,3.45,3.4,3.32,3.43,3.43,4.04,3.45,3.29,3.26,3.57,3.58,3.31,3.62,3.4,3.52,3.45,3.52,3.31,3.42,3.62,3.43,3.43,3.44,3.43,3.34,3.32,3.45,3.46,4.1,4.9,3.61,3.58,3.59,3.38,3.55,3.63,3.45,3.69,3.43,3.37,3.43,3.51,4.77,3.68,3.64,3.47,3.43,3.49,5.55
APOB,3.23,3.19,3.04,3.2,3.51,3.26,3.57,3.44,3.01,3.29,3.07,3.35,3.03,3.32,3.37,3.55,3.23,3.39,3.21,3.14,3.22,3.21,3.48,3.46,3.47,3.53,3.22,3.2,3.4,4.35,3.8,3.95,3.19,3.17,3.11,3.45,3.63,3.36,4.7,3.29,3.07,3.58,3.46,3.58,3.04,3.57,3.58,3.19,3.15,3.35
APOB48R,5.21,5.1,5.33,5.43,5.58,6.11,5.01,5.58,5.17,5.49,5.14,5.3,5.15,5.33,5.29,5.74,5.28,5.57,5.29,5.47,5.58,5.64,5.59,5.57,5.8,5.62,5.7,5.54,5.73,6.7,6.06,5.89,5.17,5.22,5.5,5.65,5.66,5.59,4.93,5.47,5.78,5.31,5.56,5.37,5.5,5.69,5.53,5.53,5.5,6.13
APOBEC1,3.85,3.98,4.27,4.37,3.87,3.96,3.99,3.91,3.8,4,4.43,3.96,3.76,5.81,4.07,4.08,3.92,4.32,4.14,4.06,4.21,4.55,4.11,3.8,3.9,3.93,4.13,4.01,4.16,4.78,5.14,5.41,4.25,4.04,4.33,4.26,4.27,4.24,5.88,3.91,4.33,4.13,4.05,4.93,3.77,4.09,4.25,3.89,4.07,6.27
APOBEC2,3.64,3.57,3.49,3.61,3.69,3.47,3.7,3.86,3.43,3.58,3.67,3.75,3.82,4.67,3.65,3.69,3.59,4.01,3.73,3.65,3.68,3.84,3.6,3.85,3.52,4.04,3.65,3.72,3.42,3.85,3.97,4.22,3.61,3.62,3.69,3.45,3.65,3.49,3.53,3.67,3.91,3.8,3.93,5.82,3.87,3.71,3.82,3.52,3.83,5.6
APOBEC2,3.82,3.82,3.75,3.73,3.7,3.73,4.37,3.65,3.71,3.59,3.67,3.83,3.85,5.59,3.68,3.61,3.7,3.64,3.67,3.76,3.7,3.98,3.63,3.5,3.6,3.61,3.7,3.88,3.8,4.03,4.46,4.53,4.15,3.73,3.61,3.65,3.54,3.62,4.09,3.74,3.47,4.17,3.93,4.2,3.56,3.61,3.37,3.62,3.47,4.32
APOBEC3A,3.58,3.6,3.57,3.37,3.3,3.66,3.56,3.86,3.51,3.58,3.44,3.84,3.35,4.44,3.51,3.4,3.71,3.74,3.53,3.39,3.57,3.49,3.38,3.39,3.47,3.32,3.62,3.46,3.55,4.26,4.2,3.76,3.75,3.42,3.42,3.6,3.36,3.65,3.94,3.59,3.5,3.55,3.68,3.99,3.39,3.68,3.48,3.38,3.45,4.64
APOBEC3A /// APOBEC3B,6.16,6.26,6.23,6.18,6.1,6.28,5.76,6.31,6.34,6.23,5.76,5.97,6.02,5.96,7.1,6.94,6.96,6.59,6.34,6.49,6.14,6.01,5.99,6.43,6.53,6.72,6.08,6.1,5.88,4.91,4.94,5.32,7,7.2,6.91,7.27,6.78,7.37,5.5,6.36,6.17,6.1,6.09,5.9,5.95,6.17,5.76,6.31,5.97,5.71
APOBEC3B,7.46,7.73,7.37,7.58,7.47,7.23,6.31,7.32,7.9,7.58,7.71,7.25,7.62,4.99,8.53,8.33,8.51,7.76,7.75,7.67,7.37,7.38,7.79,7.7,7.79,7.86,7.48,7.39,7.46,6.95,5.58,6.54,8.46,8.45,8.42,8.73,8.48,8.6,6.19,7.69,7.73,7.23,7.22,5.42,7.21,7.13,7.06,7.67,7.75,5.87
APOBEC3B,7.84,7.74,7.88,7.93,7.77,7.51,6.94,7.84,7.94,7.81,7.94,7.63,7.67,6.44,8.83,8.7,8.85,7.87,8.04,7.88,7.57,7.51,7.85,8.07,8.09,8.18,7.55,7.57,7.77,6.46,5.89,6.9,8.66,8.72,8.66,8.83,8.54,8.92,7.8,8.09,8.17,7.41,7.53,4.98,7.45,6.89,7.26,7.98,8.03,5.51
APOBEC3C,9.67,9.59,9.82,9.95,9.94,9.9,10.28,9.77,9.92,9.77,9.34,10.04,10.07,9.48,10.75,10.55,10.85,10.25,10.17,10.15,10.63,10.56,10.22,10.87,10.75,10.75,9.93,9.7,9.35,9.8,9.51,9.34,10.53,10.32,10.59,10.79,10.95,10.87,10.45,9.98,9.77,9.5,9.78,9.69,9.55,9.25,9.15,10.05,9.69,10.17
APOBEC3C,9.59,9.42,9.79,9.86,9.91,9.84,9.94,9.68,9.87,9.65,9.32,10,9.97,10.05,10.85,10.56,10.72,10.25,10.03,10.1,10.77,10.59,10.28,10.79,10.65,10.77,9.87,9.64,9.35,9.14,9.24,9.71,10.41,10.33,10.53,10.71,10.71,10.8,9.9,9.9,9.75,9.41,9.72,9.81,9.53,9.31,9.23,10.04,9.73,10.03
APOBEC3C /// APOBEC3D,8.69,8.43,8.79,8.73,8.31,8.58,8.5,8.84,8.8,8.87,8.29,9.04,9.02,8.96,9.72,9.78,9.75,8.88,8.95,8.98,9.74,9.75,9.52,9.78,9.89,9.9,8.82,8.91,8.43,8.43,7.22,7.34,9.26,9.45,9.4,9.76,9.7,10.06,8.39,8.79,8.8,8.62,8.52,8.18,8.5,8.41,8.63,8.98,8.87,9.24
APOBEC3D,7.69,7.49,7.99,8.04,8.48,8.19,8.49,8.14,7.82,7.75,8.05,7.88,7.58,7.16,7.64,7.84,7.93,8.15,7.96,7.93,8.39,7.96,8.29,8.2,8.25,8.17,8.12,7.75,7.8,7.48,6.58,6.87,8.09,7.8,7.96,8.03,8.28,7.99,8.23,7.91,8,7.88,8.22,8.16,8.08,7.74,7.74,7.71,7.61,6.94
APOBEC3F,5.81,5.48,5.49,5.61,6.1,5.84,5.11,6.06,5.48,5.47,5.71,5.79,5.66,6.16,5.94,6.02,6.09,6.03,5.77,5.69,6.2,5.89,6.4,5.97,5.8,6.24,5.79,5.51,6.01,5.6,4.8,6.66,6.28,5.42,6.1,6.39,5.94,5.87,5.68,6.09,5.98,6,6.07,5.43,6.36,5.77,6.13,5.82,5.83,4.89
APOBEC3F,7.39,7.41,7.76,7.62,7.96,8.04,7.81,7.63,7.47,7.62,7.56,7.71,7.53,7.05,8.23,8.15,8.08,8.22,8.22,8.17,8.28,8.08,8.08,8.29,8.28,8.12,7.62,7.7,7.46,6.51,8.29,7.62,7.78,7.62,7.76,8.23,8.37,8.24,7.65,8.07,7.99,8.07,7.9,7.51,7.41,7.69,7.49,7.9,7.83,7.71
APOBEC3F,6.32,6.16,6.23,6.48,6.46,6.35,4.78,6.03,6.29,6.18,6.33,6.52,6.61,6.15,6.91,6.54,7.22,6.33,6.2,6.23,7.16,7.2,7.39,7.31,6.89,7.31,6.33,6.37,6.31,6.2,5.44,5.49,6.53,6.44,6.58,7.01,6.69,6.86,5.77,6.4,6.38,6.49,6.52,5.55,5.97,6.08,5.86,6.36,6.68,5.9
APOBEC3F,6.19,6.08,6.18,5.92,5.62,5.99,4.93,6.26,6.13,6.05,6.2,6.06,6.3,5.73,6.97,6.76,7.01,6.52,6.29,6.29,6.98,7.02,7.02,6.54,7.03,6.93,5.96,6.24,6.22,6.58,4.92,6,6.57,6.46,6.45,6.91,6.9,6.93,5.27,6.22,6.43,6.3,6.41,5.99,5.68,6.03,6,6.29,6.23,6.76
APOBEC3F,4.17,3.92,4.07,3.93,4.27,4.21,4.15,4.24,3.95,4.11,4.25,4.03,3.84,4.21,3.95,4.03,4.14,4.06,4.1,4.1,4.24,4.34,4.07,4.29,4.02,4.02,4.2,4.42,4.11,4.42,7.67,4.97,3.84,3.91,3.86,4.01,4.85,3.98,4.06,3.95,4.03,4.08,4.17,4.51,4.46,4.47,4.41,4.01,3.97,5.26
APOBEC3G,7.4,7.82,7.47,7.27,7.3,7.13,7.03,7.14,7.55,7.44,7.55,7.63,7.88,8.44,8.08,7.95,8.25,7.21,7.45,7.25,8.55,8.4,8.63,8.12,8.13,8.48,7.27,7.31,7.19,7.07,7.1,6.87,7.95,7.8,7.88,8.02,8.44,8.09,7.43,7.4,7.38,7.3,7.5,7.43,7.19,7.16,6.92,7.46,7.46,6.7
APOBEC3G,6.29,6.13,5.91,6.18,5.92,6.52,6.96,6.36,6.12,6.07,6.31,6.44,5.99,6.4,6.14,6.44,6.14,6.12,6.24,6.09,6.34,6.23,6.37,6,6.37,6.46,6.28,6.16,6.48,6.09,5.93,6.43,6.31,6.61,6.4,6.01,5.96,6.23,6.27,6.23,6.25,6.29,6.42,6.94,6.37,5.73,6.23,6.2,6.27,6.56
APOBEC3H,5.78,5.64,5.73,5.86,6.02,5.89,5.29,5.86,5.64,5.58,5.68,6.09,5.98,5.76,6.45,6.69,6.2,5.71,5.88,5.81,6.03,6.38,6.22,6.5,6.49,6.02,5.75,6.08,5.76,4.68,4.33,4.41,6.54,6.71,6.81,6.78,6.11,7.02,5.39,6.22,5.79,6.09,5.81,5.61,6,5.78,6.11,6.24,5.87,5.85
APOBEC3H,6.18,6.19,6.38,6.35,6.55,6.48,5.51,6,6.03,6.1,6.28,6.64,6.64,6.37,7.74,7.52,7.38,6.29,6.36,6.23,7.57,7.68,7.58,7.57,7.6,7.39,6.5,6.4,6.36,5.77,7.28,6.65,7.5,7.6,7.76,7.41,7.82,7.52,6,6.9,6.44,6.38,6.53,6.57,7.16,6.97,7.17,7.01,6.92,7.06
APOBEC3H,5.98,5.64,5.73,5.94,5.87,5.69,6.34,5.75,5.78,5.95,5.86,6.31,5.95,6.29,6.92,6.48,6.72,5.8,5.76,5.72,6.92,6.99,6.57,6.57,6.73,6.6,5.85,5.98,6.01,5.65,5.22,5.57,7.13,6.61,6.92,6.59,6.78,6.75,5.17,6.3,6.46,5.79,6.4,5.27,6.27,5.82,6.24,6.37,6.3,6.73
APOBEC4,5.41,6.07,5.53,5.5,5.09,4.9,5.25,5.01,5.52,5.75,5.68,5.85,5.88,6.24,5.29,5.54,5.21,5.61,5.37,5.22,5.44,5.91,5.83,5.23,5.56,5.27,5.28,5.73,5.64,5.06,5.12,5.72,5.12,5.24,5.57,5.27,5.2,4.94,5.01,4.97,5.48,5.43,5.4,7.57,5.39,5.76,4.85,5.24,5.07,6.74
APOC1,6.29,6.35,6.65,6.34,6.8,6.51,7.3,7.01,6.48,6.53,6.58,6.21,6.02,6.09,6.3,6.63,6.24,6.43,6.25,6.51,6.39,6.11,6.3,6.19,6.17,6.36,6.85,6.6,6.72,6.92,5.68,7.02,6.67,6.56,6.65,6.41,6.34,6.64,6.47,7.14,6.6,6.69,6.63,6.72,6.97,6.04,6.98,6.61,6.49,5.61
APOC1,6.21,6.12,6.7,6.56,6.35,6.61,7.68,6.52,6.12,6.04,6.1,5.57,6,6.17,5.83,6.32,6.21,5.94,6.23,6.04,6.23,5.81,6.13,5.79,5.93,6.15,6.4,6.09,6.23,6.18,6.65,5.65,6.45,6.37,6.33,6.48,6.42,5.94,6.62,6.61,6.4,6.58,6.81,5.99,6.64,6.56,6.12,6.38,6.53,5.66
APOC1,3.75,3.68,3.88,4.05,4.32,3.94,4.32,4.06,3.79,3.87,3.81,3.79,3.76,3.54,3.86,4.03,3.72,3.93,3.97,3.83,3.82,3.83,3.99,3.77,3.81,3.95,3.96,4.11,3.95,3.99,4.34,4.88,3.88,3.79,3.83,3.82,4.03,3.73,3.96,3.99,3.85,3.95,3.97,3.99,3.8,3.91,3.9,3.72,4.12,3.78
APOC1 /// APOE,3.69,3.33,3.38,3.73,4.24,3.71,3.85,3.55,3.82,3.59,3.69,3.54,3.78,3.38,3.64,3.81,3.5,3.8,3.86,3.83,3.65,3.82,3.47,3.57,3.73,3.36,3.74,3.79,3.82,3.96,3.77,3.43,3.65,3.58,3.75,3.54,3.9,3.81,4.3,3.5,3.62,3.63,3.49,3.49,3.83,3.84,3.83,3.48,3.61,3.28
APOC2,4.01,4.02,3.67,3.86,4.03,3.94,4.1,3.66,4.16,4.05,3.88,4.15,4.06,4.3,3.99,3.84,3.72,3.8,3.79,3.6,4.21,4.04,4.18,4.08,3.88,3.52,3.7,3.9,4.08,4.75,3.87,5.68,3.68,3.77,3.88,3.84,3.76,3.5,3.69,4.22,3.94,3.52,4.15,5.59,3.56,3.63,4.1,3.94,3.78,5.39
APOC2,3.8,3.71,3.93,3.73,3.54,3.74,3.88,3.9,3.69,3.8,4.06,4.14,3.96,5.53,3.8,3.82,3.78,3.81,3.77,3.82,3.96,4.08,3.73,3.94,3.77,3.84,3.84,3.72,3.99,4.48,6.13,5,3.57,4.18,3.93,3.85,4.01,4.08,4.27,3.9,3.9,3.91,3.67,5.76,4.19,3.77,3.61,3.58,4.02,5.97
APOC2,3.93,3.73,3.66,3.91,3.99,3.89,4.78,3.98,3.91,3.64,3.73,3.75,3.96,4.85,3.73,3.65,3.89,3.73,3.9,3.71,4.25,3.84,3.82,3.69,3.74,3.97,3.67,3.67,3.92,4.16,6.05,5.23,4.18,3.94,3.8,3.81,3.77,3.78,4.1,4.01,3.71,3.64,3.54,4.94,3.65,3.58,3.85,3.89,3.75,4.64
APOC3,4.32,4.41,4.36,4.1,4.54,4.34,4.85,4.47,4.18,4.09,4.23,4.24,4.35,4.32,4.24,4.21,4.09,4.08,4.08,4.23,4.2,4.14,4.24,4.14,4.17,4.63,4.13,4.29,4.34,4.5,6.59,5.28,4.41,3.91,4.18,4.35,4.18,4.13,4.74,4.29,3.96,4.26,4.3,5.84,4.93,4.46,4.04,4.48,4.36,5.48
APOC4,3.87,4.03,4.12,3.97,4.55,3.78,4.3,4.05,4.04,3.9,4.01,3.9,3.97,4.43,4.01,3.95,3.9,3.97,3.84,4.42,3.98,3.98,4.28,4.13,4.11,3.82,3.78,4.1,4.3,5.31,5.22,4.98,3.76,4.07,4.05,4.23,4.52,4.1,4.41,4.36,4.1,3.85,4.18,4.5,3.93,4.76,4.11,3.99,4.2,5.3
APOD,12.28,12.09,12.41,12.38,12.36,12.35,12.28,12.41,12.29,12.33,12.04,12.62,12.51,12.02,12.63,12.58,12.52,12.28,12.28,12.32,12.84,12.84,12.67,12.84,12.86,12.91,12.36,12.26,12.02,12.33,12.23,12.26,12.37,12.36,12.42,12.85,12.8,12.78,12.58,12.59,12.46,12.88,12.84,12.5,12.75,12.79,12.73,12.41,12.39,11.9
APOD,11.3,10.96,11.38,11.31,11.37,11.42,11.21,11.42,11.27,11.17,10.99,11.61,11.46,10.74,11.61,11.51,11.5,11.27,11.21,11.33,11.82,11.86,11.69,11.89,11.92,11.95,11.31,11.15,10.97,11.29,10.91,10.8,11.3,11.27,11.35,11.83,11.85,11.75,11.56,11.57,11.46,11.9,11.91,11.41,11.82,11.87,11.75,11.44,11.36,10.6
APOD,4.68,5.08,5.09,4.69,4.65,4.41,4.35,4.95,4.63,4.74,4.4,4.8,5.03,4.86,4.81,4.81,4.31,4.35,4.86,4.61,5.15,4.89,4.94,4.83,4.99,5.19,4.33,4.42,4.58,4.38,4.67,4.39,4.33,4.58,4.38,4.75,4.4,4.97,4.07,4.45,4.52,4.29,4.94,5.15,4.32,3.99,4.62,4.18,4.39,4.96
APOE,4.83,4.26,4.93,4.64,4.45,4.56,4.56,4.22,4.63,4.76,4.91,4.68,4.5,4.32,4.41,4.84,4.87,4.64,4.8,4.81,4.47,4.51,4.64,4.73,4.64,4.42,4.57,4.57,4.46,5.59,5.17,6.26,4.98,4.68,4.6,4.7,4.83,4.32,5.69,4.85,5.22,4.8,4.79,4.55,4.83,4.93,4.98,5.11,4.83,4.83
APOF,3.98,3.62,3.46,3.66,3.46,3.45,3.64,3.6,3.65,3.49,3.72,3.49,3.57,3.75,3.83,3.48,3.68,3.85,3.41,3.58,3.6,3.79,3.85,3.54,3.53,3.32,3.76,3.64,3.65,4.85,4.55,3.84,3.75,3.3,3.56,3.61,3.54,3.59,3.55,3.61,3.5,3.78,3.22,4.08,3.35,3.47,3.5,3.4,3.65,4.66
APOH,3.7,4.14,3.71,3.76,3.9,3.77,3.94,3.94,3.83,4.09,3.93,3.9,3.98,4.2,3.69,3.77,3.74,3.85,3.75,3.55,3.98,3.69,3.89,4.05,3.82,3.59,3.86,3.76,3.83,4.5,4.84,3.9,4.01,3.83,3.77,3.66,4.08,3.59,4.05,3.53,3.76,3.88,3.53,4.51,4.24,4.25,3.56,3.64,3.84,4.43
APOL1,5.47,5.06,5.64,5.6,5.51,5.96,5.84,5.7,5.29,5.09,5.1,5.27,4.95,6.54,5.56,5.65,5.52,5.64,5.3,5.62,5.67,5.93,5.22,5.52,5.5,5.59,5.67,5.66,5.61,5.57,7.5,5.63,5.71,5.41,5.61,5.4,6.03,5.71,5.61,5.88,5.7,5.6,5.86,5.42,5.86,5.9,5.81,5.81,5.48,7.43
APOL1,3.74,3.84,3.9,3.81,3.71,4.21,3.76,4.12,3.7,3.86,3.88,3.63,3.77,4.89,3.83,3.96,3.86,4.05,4.04,4.02,3.99,3.66,3.77,3.92,3.95,3.81,3.77,3.87,3.57,3.45,4.95,4.98,3.67,3.51,3.8,3.86,4.16,3.98,4.39,3.96,3.86,4.13,3.51,4.2,4.19,3.62,3.78,3.7,3.53,4.95
APOL1,5.6,5.23,5.76,5.56,6.21,6.03,5.89,5.98,5.18,5.28,5.36,5.36,5.14,7.2,5.44,5.82,5.74,6.15,5.39,5.73,5.7,5.48,5.33,6.15,5.76,5.93,5.63,5.61,5.62,5.94,6.3,6.54,5.74,5.71,5.72,5.65,6.15,5.84,6.1,5.63,5.77,5.8,5.75,7.55,5.86,6.17,5.98,5.64,5.39,7.23
APOL1,5.69,5.32,6.24,5.42,6.27,5.71,6.61,6.25,5.37,5.58,5.47,5.68,5.48,6.54,5.64,6.2,5.7,5.91,5.79,5.94,5.81,5.68,5.37,5.58,5.85,5.78,6.22,5.75,5.81,6.57,6.05,7.3,5.67,5.89,5.99,5.87,6.18,5.92,5.22,6.03,6.24,6.17,6.06,7.26,6.39,7.01,6.12,5.94,5.78,7.2
APOL1,5.63,5.17,5.82,5.58,6.04,6.16,5.79,5.89,5.33,5.54,5.34,5.43,5.3,6.11,5.41,5.82,5.57,5.81,5.73,5.48,5.96,5.73,5.43,5.48,5.48,5.92,5.31,5.8,5.76,6.82,5.3,6.78,5.6,5.51,5.39,5.68,6.15,6.01,7.07,5.6,5.93,5.88,6.06,6.34,6.04,7.15,6.05,5.81,5.38,6.61
APOL1,4.96,5.03,5.13,5.1,5.38,5.33,5.33,5.69,4.95,5.18,5.34,5.13,5.3,5.92,5.24,5.33,5.39,5.13,5.4,5.4,5.2,5.23,4.79,5.51,5.33,5.2,5.58,5.23,4.85,5.32,7.54,6.8,5.32,5.05,5.22,5.18,5.83,5.57,5.5,5.3,5.11,5.75,5.43,5.77,5.36,5.97,5.7,4.96,5.32,6.12
APOL1,4.53,4.64,4.41,4.68,5.18,4.45,5.17,4.47,4.68,4.65,4.51,4.57,4.75,5.74,4.44,4.67,4.54,4.78,4.7,4.56,4.73,4.65,4.75,4.87,4.61,4.48,5.04,4.67,4.89,4.55,5.38,6.25,4.52,4.75,4.53,4.45,4.36,4.81,4.73,4.73,4.78,4.74,4.82,6.26,4.84,4.84,4.69,4.45,4.7,5.39
APOL1,5.36,4.77,5.63,5.36,5.82,5.3,7.06,5.73,5.18,5.21,5.06,5.01,5.22,5.85,5.37,5.71,5.52,5.85,5.4,5.65,5.5,5.51,5.2,5.63,5.38,5.62,5.51,5.53,5.28,6.54,7.15,6.66,5.55,5.48,5.54,5.61,5.75,5.85,6.46,5.67,5.87,5.85,5.74,6.7,5.9,5.83,6.3,5.97,5.36,6.48
APOL1,5.26,4.83,5.16,5.54,5.79,5.76,5.95,5.86,4.83,5.05,5.11,5,4.86,6.32,5.16,5.64,5.11,5.95,5.38,5.61,5.35,5.42,5.26,5.58,5.39,5.76,5.27,5.59,5.49,5.49,7.57,6.32,5.7,5.34,5.49,5.43,6.12,5.74,6.53,5.73,6.04,5.85,5.73,6.65,6.32,6.23,6.53,5.9,5.35,5.89
APOL1 /// APOL2,5.62,5.24,5.03,5.17,4.68,5.12,4.65,5.12,5.26,5.15,5.08,5.02,5.28,4.84,5.08,5.65,5.39,5.47,5.62,5.51,5.5,5.49,5.66,5.28,5.09,4.91,4.83,4.99,5.02,5.66,4.71,5.65,5.03,4.75,4.97,5.03,5.11,5.09,4.09,4.87,5.16,5.34,4.72,4.9,5.81,5.12,5.19,5.19,5.46,4.56
APOL2,5.54,5.93,5.9,5.82,5.65,5.5,5.16,5.91,5.72,5.97,5.56,6.03,5.75,5.99,5.95,5.82,6.39,5.97,6.3,5.99,6.06,5.98,5.81,6.2,5.78,5.96,5.78,5.64,5.27,5.75,5.66,4.52,6.19,5.83,6.02,6.08,6.02,6.23,5.95,5.81,5.71,5.45,4.89,5.86,6.14,5.87,5.49,6.21,5.64,5.65
APOL3,3.9,4.13,3.92,4.19,4.44,4.31,4.82,4.01,4,4.08,4.11,4.11,4.05,5.27,4.16,3.85,3.9,4.04,4.09,3.92,4.12,4.24,4.23,4.02,4.04,4.11,4.08,4.04,4.21,4.24,4.33,4.36,4.16,4.09,4,3.77,4.76,4.04,4.7,4.33,3.98,3.97,4.35,4.07,3.87,4.07,3.93,4.18,3.87,4.5
APOL3,4.5,4.56,5.14,4.84,5.01,5.07,4.85,4.78,4.74,4.93,4.59,4.71,4.62,5.51,4.71,4.55,4.74,5.1,4.84,4.78,4.84,4.71,4.67,4.67,4.93,5.37,4.91,4.68,4.64,4.57,5.54,7.15,4.98,4.97,4.68,4.89,4.65,4.79,4.36,4.73,4.73,4.81,4.98,5.61,4.78,4.9,4.89,4.86,4.51,5.83
APOL3,4.22,4.08,4.29,4.21,4.23,4.57,4.05,4.42,4.24,4.17,4.24,4.25,4.08,4.41,4.39,4.36,4.2,4.38,4.63,4.2,4.29,4.23,4.29,4.43,4.52,4.19,4.04,4.45,4.15,4.56,6.2,6.27,4.39,4.18,4.23,4.23,4.45,4.46,5.38,4.1,4.43,4.18,4.21,5.49,4.43,4.3,4.23,4.09,4.17,5.17
APOL4,4.08,4.25,4.15,4.2,4.5,3.81,4.19,4.47,4.07,4.05,4.22,4.21,4.02,4.49,4.1,4.45,4.23,4.18,4.05,4.28,4.49,4.45,4.27,4.18,4.13,3.99,4.21,3.99,4.3,3.46,5.75,6.33,4.33,4.33,4.45,4.09,4.22,4.08,4.77,4,4,4.01,4.09,3.98,4,4.31,4.39,4.25,4.38,4.77
APOL4,3.71,3.44,3.42,3.45,3.59,3.57,3.79,3.33,3.35,3.49,3.65,3.36,3.5,4.59,3.27,3.6,3.59,3.52,3.49,3.42,3.51,3.42,3.54,3.65,3.35,3.57,3.45,3.5,3.38,4.37,4.24,4.04,3.53,3.78,3.76,3.37,3.32,3.49,3.58,3.5,3.35,3.42,3.47,3.55,3.44,4.01,3.95,3.44,3.4,3.68
APOL4,3.94,3.65,3.75,3.9,3.96,3.87,3.57,3.63,3.64,3.76,3.55,3.78,3.79,4.12,3.69,4.01,3.84,3.8,3.6,3.79,3.86,3.83,3.68,3.81,3.94,3.78,3.81,3.81,3.82,4.16,4.43,3.91,3.83,3.88,3.79,3.65,3.48,3.72,3.79,3.8,3.54,3.78,3.64,3.92,4.38,3.6,3.86,3.72,3.83,3.63
APOL4,3.98,4.02,4.26,3.9,4.09,4.99,4.7,4.25,4.17,3.84,4.37,3.88,4.01,5,3.88,4.59,4,4.16,4.2,3.9,3.9,3.84,4.26,4.28,4.32,4.39,4.01,4.37,4.38,4.36,4.11,4.13,4.11,4.03,4.24,4.25,4.49,4.2,6.03,4.44,4.6,4.34,4.16,4.73,4.07,4.42,4.69,4.25,4.29,5.03
APOL5,3.98,3.85,3.89,4.06,4.7,4.57,4.33,4.35,3.83,4.03,3.98,3.95,3.83,5.45,4.09,4.07,3.97,4.37,3.96,4.14,4.08,4.12,4,4.36,4.32,3.85,4.17,4.17,4.18,4.19,4.38,4.64,4.01,4.17,4.15,4.09,4.73,4.16,3.91,4.01,4.18,4.4,4.13,5.12,4.1,4.81,4.12,4.22,3.93,5.07
APOL6,4.86,4.84,5.06,4.99,5.14,5.3,6.32,5,5.11,4.71,5.26,4.81,4.7,6.38,4.81,4.74,4.82,4.97,5.11,4.86,4.9,4.7,4.94,5.15,5.04,4.85,4.96,4.48,5.12,6.99,6.35,5.31,5.17,4.67,4.78,4.88,5.25,4.95,6.58,5.09,4.91,5.13,5.05,6,6.16,5.76,5.39,4.94,5.14,6.26
APOL6,4.93,5.12,4.87,4.62,4.99,4.92,4.96,5.38,4.79,4.91,5.06,5.14,5.02,5.78,5.04,5.38,4.96,5.24,5.5,5.41,4.83,4.86,4.97,5.39,5.23,5.17,5.4,4.85,5.22,5.45,7.26,5.19,4.99,4.97,4.97,5.23,5.19,5.22,5.64,5.11,4.96,5.03,5.41,5.79,5.3,4.9,5.16,5.13,5.05,6.38
APOL6,4.29,3.99,4.5,4.48,4.42,4.84,4.81,5.15,4.27,4.49,4.38,4.35,4.1,5.62,4.71,4.52,4.4,4.76,4.55,4.59,4.19,4.46,4.19,4.39,4.88,4.87,4.5,4.44,4.22,4.59,7.29,6.04,4.18,4.83,4.72,4.62,4.12,4.44,3.96,4.46,4.35,4.35,4.56,5.36,4.51,4,4.5,4.75,4.13,5.05
APOL6,5.46,5.11,5.57,5.5,5.71,5.61,5.41,5.48,5.47,5.54,5.45,5.28,5.44,6.36,5.81,5.8,5.59,5.93,5.67,5.59,5.04,5.32,5.62,5.82,5.68,5.8,5.82,5.49,5.31,5.63,5.55,5.44,5.52,5.55,5.61,5.88,6.03,5.96,6.16,5.3,5.64,5.48,5.72,5.18,5.88,5.9,5.98,5.73,5.56,5.5
APOL6,4.57,4.37,4.53,4.48,5.17,4.7,4.57,5.19,4.53,4.36,4.56,4.64,4.22,6.19,5.14,4.63,4.79,4.74,4.81,4.67,4.77,4.69,4.47,5.05,4.75,5.04,4.47,4.8,4.26,4.58,4.53,5.73,5.15,4.36,4.62,4.75,4.96,4.67,4.46,4.94,4.85,4.73,5.69,5.87,4.78,5.28,5.38,4.55,4.67,7.38
APOLD1,5.28,4.87,5.07,4.97,5.14,5.4,5.25,5.18,5.1,5.03,5.38,5.06,4.53,4.97,4.93,4.67,4.71,5.3,5.19,4.99,4.47,4.38,4.46,4.77,4.31,4.35,5.13,4.99,5.14,5.74,6.88,5.49,4.69,5.09,4.9,4.75,5.29,4.77,5.52,5.72,5.4,5.76,5.6,5.1,4.68,5.21,5.08,5.22,5.26,5.52
APOLD1,3.72,3.72,3.73,3.66,3.99,4,4.38,4.3,3.69,3.69,3.68,3.91,3.87,4.44,3.85,4.12,3.8,3.63,3.88,4,3.97,3.94,3.7,3.8,3.94,4.06,3.81,3.63,3.82,4.55,5.28,5.47,3.66,3.78,3.68,3.57,3.76,3.63,3.71,3.78,3.6,3.82,4.24,4.03,3.79,3.64,3.78,3.66,3.71,5.22
APOM,5.6,5.46,6.02,6.12,5.97,5.4,5.94,5.9,5.92,5.76,5.82,5.68,5.66,5.23,5.46,5.21,5.31,6.07,6.12,6.11,5.49,5.08,5.29,5.76,5.63,5.54,5.79,5.66,6,6.03,5.1,4.7,5.19,5.22,5.26,5.68,5.14,5.65,5.14,5.94,6.29,5.58,5.86,5.35,5.43,5.06,5.15,6.3,5.79,4.93
APOO,9.78,9.74,9.89,9.9,9.84,9.79,9.37,10.02,9.78,9.9,9.73,9.95,9.83,8.64,9.84,9.8,9.81,9.78,9.85,9.95,9.88,9.85,9.55,9.77,9.75,9.81,9.85,9.89,9.82,10.07,7.67,8.24,9.54,9.58,9.7,9.9,9.72,9.97,9.67,9.82,9.75,9.79,9.73,9.51,9.71,9.49,9.77,9.8,9.87,8.59
APOOL,7.61,7.49,7.78,7.54,7.53,7.44,6.61,7.34,7.5,7.6,7.32,7.47,7.27,6.6,7.29,7.2,7.3,7.38,7.38,7.52,7.65,7.35,7.48,7.47,7.41,7.84,7.71,7.49,7.25,7.2,6.81,5.5,7.54,7.36,7.49,7.49,7.14,7.21,7.7,7.77,7.47,7.14,7.18,5.97,7.84,7.32,7.24,7.59,7.24,5.52
APOOL,9.01,8.7,8.89,8.72,9.15,8.93,9.15,9.1,8.92,9.04,8.9,8.65,8.49,9.27,9.09,9.23,9.15,9.21,9.07,9.25,9.18,9.18,8.74,9.1,9.06,8.96,9.02,9.18,9.25,9.32,8.87,8.67,8.82,8.79,9.12,9.01,8.82,8.71,8.31,8.97,8.79,9.3,9.32,8.64,9.1,9.36,9.36,8.71,8.54,9.37
APP,10.6,10.72,10.49,10.58,10.4,10.55,10.25,10.25,10.75,10.53,10.7,10.55,10.86,10.23,10.65,10.58,10.68,10.34,10.4,10.43,10.67,10.68,10.82,10.61,10.67,10.66,10.56,10.43,10.62,10.37,10.22,10.74,10.37,10.58,10.45,10.6,10.58,10.49,10.38,10.56,10.59,10.59,10.49,11.07,10.76,10.7,10.7,10.76,10.85,9.95
APP,11.56,11.62,11.51,11.56,11.47,11.49,11.35,11.46,11.58,11.58,11.71,11.51,11.48,11.48,11.61,11.56,11.66,11.41,11.38,11.44,11.7,11.67,11.7,11.77,11.85,11.78,11.54,11.65,11.53,11.64,11.56,11.64,11.42,11.43,11.29,11.68,11.54,11.6,11.66,11.64,11.64,11.71,11.6,11.68,11.84,11.88,11.85,11.61,11.6,11.43
APP,8.51,8.23,8.2,8.02,7.01,7.52,7.64,8.17,8.41,8.44,7.7,8.26,8.3,6.42,8.23,8.16,8.4,7.96,8.08,8.27,8.46,8.32,7.93,8.41,8.5,8.66,8.12,8.21,7.81,7.46,4.2,6.39,8.13,8.18,7.9,8.27,8.04,8.41,7.86,8.2,8,7.99,7.86,6.29,8.39,8.22,8.47,8.23,8.11,6.3
APP,9.26,9.08,8.99,8.85,8.07,8.4,8.62,8.93,9.23,9.2,8.56,9.07,9.04,6.21,9.07,9.07,9.13,8.88,8.9,8.84,9.44,9.13,8.89,9.27,9.23,9.27,8.93,9.03,8.66,7.44,6.43,8.05,8.91,8.91,8.82,9.03,8.81,9,8.24,8.74,8.78,8.83,8.75,7.06,9.27,8.97,9.2,9.26,8.85,5.16
APP,10.14,10.05,9.97,10.06,9.85,9.9,9.77,9.99,10.11,10.2,10,10.11,10.21,9.39,10.08,10.05,10.12,9.83,9.86,10.01,10.32,10.32,10.18,10.16,10.27,10.3,10.02,10.15,9.9,9.93,8.98,9.47,9.84,9.95,9.82,10.2,9.99,9.97,9.82,10.09,9.95,10.05,10.03,9.66,10.4,10.23,10.4,10.15,10.19,9.24
APP,8.55,8.29,8.31,8.14,7.08,7.63,7.63,8.2,8.39,8.53,7.76,8.46,8.49,5.42,8.2,8.32,8.46,7.94,8.02,8.32,8.47,8.32,8.18,8.44,8.53,8.52,8.16,8.13,7.84,7.16,5.62,6.52,8.17,8.27,8.09,8.2,7.89,8.34,7.6,8.11,8.01,7.97,7.96,5.93,8.39,8.34,8.43,8.26,8.17,6.77
APP,8.54,8.3,8.22,8.14,7.58,7.84,7.52,8.17,8.42,8.48,7.85,8.3,8.43,6.39,8.29,8.27,8.47,8,8.18,8.29,8.63,8.29,7.98,8.4,8.35,8.6,8.23,8.2,7.82,6.92,6.73,6.1,8.02,8.18,7.94,8.19,8,8.42,7.63,8.17,8.09,8.02,7.93,6.54,8.48,8.43,8.6,8.38,8.22,5.72
APP,8.55,8.4,8.19,8.06,7.45,7.7,7.31,8.16,8.26,8.5,7.69,8.22,8.54,5.84,8.2,8.19,8.18,7.95,7.97,8.22,8.55,8.33,7.9,8.3,8.32,8.61,8.32,8.16,7.73,6.43,4.58,6.44,7.99,8.07,8,8.25,8.05,8.35,7.37,8.14,8.05,7.84,7.95,6.1,8.49,8.36,8.54,8.07,8.22,5.58
APP,8.39,8.59,8.22,8.06,7.59,7.57,7.51,8.15,8.45,8.64,8.02,8.4,8.71,6.72,8.12,8.16,8.43,8.04,8,8.16,8.65,8.36,8.21,8.25,8.43,8.58,8.17,8.23,8.1,7.26,6.65,6.78,8.04,8.1,7.71,8.19,7.94,8.36,6.97,8.13,8.23,7.91,7.93,6.54,8.48,8.24,8.49,8.3,8.33,6.64
APP,9.65,9.72,9.43,9.51,8.8,9,8.75,9.32,9.75,9.74,9.22,9.62,9.59,8.31,9.6,9.53,9.68,9.26,9.37,9.49,9.76,9.77,9.55,9.76,9.77,9.77,9.48,9.69,9.21,8.67,6.44,7.64,9.37,9.42,9.34,9.63,9.35,9.59,8.61,9.35,9.23,9.26,9.23,7.99,9.7,9.59,9.87,9.55,9.45,8.38
APP,8.54,8.16,8.13,8.07,7.46,7.65,7.45,8.14,8.28,8.46,7.56,8.27,8.2,6.54,8.23,8.13,8.37,7.94,8.12,8.32,8.46,8.21,8.1,8.45,8.47,8.4,8.18,8.18,7.84,6.81,7.31,5.66,8.08,8.13,8.07,8.17,8.13,8.36,6.89,8.16,8.07,8.03,7.87,6.83,8.43,7.95,8.55,8.24,8.25,6.31
APP,5.2,5.53,5.64,5.55,5.71,6.1,6.34,5.7,5.22,5.24,5.58,5.42,5.25,4.8,5.29,5.38,5.54,4.91,5.49,5.24,5.4,5.46,5.76,5.35,5.84,5.54,5.86,5.31,5.57,4.48,4.71,5.58,5.2,5.36,5.21,5.47,5.36,5.52,5.2,5.73,5.76,6.18,6.11,4.92,5.81,5.61,5.27,5.66,5.6,5.17
APP,7,6.25,6.99,6.65,6.87,7.25,7.38,6.68,6.67,6.73,6.91,6.8,6.3,8.08,6.92,6.91,6.62,6.55,6.53,7.1,7.12,6.77,6.32,7.16,7.3,7.1,7.04,6.67,6.69,6.51,7.5,6.66,7.06,6.71,6.65,6.77,6.99,7.1,7.33,6.93,7.13,6.69,7.15,6.46,7.42,7.63,7.29,7,6.73,6.1
APPBP2,8.43,8.48,8.41,8.44,8.61,8.42,8.04,8.19,8.42,8.39,8.5,8.47,8.25,8.09,8.79,8.52,8.66,8.44,8.47,8.47,8.4,8.35,8.52,8.79,8.61,8.52,8.47,8.51,8.41,7.66,7.81,8.7,8.76,8.91,8.87,8.65,8.57,8.62,8.6,8.67,8.52,8.07,8.04,8.54,8.56,8.37,8.43,8.4,8.33,8.06
APPBP2,8.43,8.49,8.63,8.67,8.1,8.59,8.7,8.76,8.56,8.66,8.56,8.5,8.47,6.53,8.55,8.61,8.79,8.57,8.81,8.83,8.59,8.65,8.53,8.78,8.84,8.76,8.49,8.53,8.34,7.73,7.91,8.4,8.81,8.63,8.65,8.57,8.57,8.78,8.46,8.67,8.54,8.49,8.55,7.17,8.65,8.55,8.6,8.64,8.57,7.52
APPBP2,8.66,8.81,8.58,8.73,8.67,8.68,7.67,8.62,8.81,8.81,8.85,8.92,8.7,8.07,8.93,8.93,9,8.79,8.8,8.84,8.66,8.93,8.85,8.88,8.89,9.13,8.82,8.74,8.56,8.09,6.61,8.33,8.78,8.96,8.9,8.78,8.95,8.69,7.82,8.85,8.82,8.78,8.84,7.43,8.62,8.73,8.81,8.87,8.83,7.33
APPBP2,5.99,6.09,5.73,6.1,5.68,5.48,5.46,6.26,6.43,6.21,6.05,5.95,6.33,5.32,6.14,6.09,6.45,5.79,5.98,6.17,5.83,6.04,6.22,6.16,6.24,6.49,5.87,6.28,6.02,5.16,5.69,4.73,5.61,5.58,5.36,5.99,5.3,6.05,5.38,5.57,6.16,5.89,5.88,5.68,6.04,5.78,6.02,6.15,6.17,5.76
APPBP2,6.87,7.21,6.84,7.01,6.95,7.01,6.51,6.88,6.87,6.91,7.33,6.88,7.04,6.07,7.18,7.02,7.22,6.88,7.18,6.86,6.96,7.03,7.35,6.99,7.12,7.04,6.99,6.86,6.99,7.11,5.69,7.61,6.5,6.5,6.65,7.16,7.06,6.93,5.97,6.84,6.88,6.94,7.05,7.71,7.16,7.27,7,7.06,6.95,6.7
APPL1,7.21,7.41,7.05,7.1,6.51,7.04,6.06,6.85,7.28,7.25,7.19,7.05,7,6.97,6.55,6.66,6.78,6.84,7.13,7.05,6.67,6.7,7.09,6.69,6.63,6.74,7.05,7.03,6.79,5.67,6.68,6.61,6.42,6.54,6.51,6.64,6.52,6.59,6.36,6.84,6.69,6.7,6.55,6.41,6.64,6.88,7.11,6.82,6.84,6.27
APPL1,4.38,4.11,4.43,4.03,3.8,4.47,4.11,4,4.3,4.37,4.51,3.91,3.99,3.77,4.08,3.78,3.86,4.2,4.44,4.58,3.91,3.85,4.02,4.07,3.86,3.7,4.37,4.12,4.15,4.14,3.88,3.89,3.85,3.59,3.82,4.01,3.89,3.91,3.38,4.03,4.51,4.23,3.89,3.12,4.58,4.04,4.32,3.98,3.97,3.33
APPL1,6.38,6.37,6.28,6.47,6.52,6.13,6.24,6.45,6.42,6.25,6.1,6.15,6.33,6.41,6.17,5.84,6.11,6.66,6.47,6.55,5.92,6.2,6.14,6.46,5.98,5.88,6.46,6.43,6.53,6.77,6.71,4.99,5.96,5.94,6.24,6,5.92,6,4.49,6.18,6.43,6.24,5.66,6.59,6.05,6.25,6.17,6.15,6.15,6.77
APPL1,7.88,7.63,7.71,7.54,7.23,7.73,7.07,7.99,7.61,7.82,7.91,7.42,7.07,6.92,7.45,7.31,7.24,7.74,7.79,8.07,7.6,7.33,7.45,7.53,7.69,7.43,7.86,7.71,7.57,6.65,6.43,5.5,7.15,6.93,7.21,7.58,7.48,6.87,7.69,7.92,7.49,7.5,7.29,6.04,7.63,7.67,8.13,6.99,7.19,5.99
APPL1,6.9,6.56,6.51,6.72,5.35,6.42,5.25,6.69,6.96,6.89,6.64,6.86,6.71,6.62,6.49,6.29,6.31,6.86,6.77,7.05,6.37,6.55,6.43,6.45,6.46,6.49,6.45,6.66,6.51,5.85,4.9,3.76,6.24,6.25,6.09,6.38,5.5,6.22,5.56,6.33,6.45,5.84,6.09,5.85,6.25,6.25,6.55,6.65,6.7,5.97
APPL1,8.5,8.5,8.31,8.52,8.45,8.58,7.93,8.2,8.59,8.22,8.75,8.5,8.72,10.4,8.28,8.13,8.16,8.49,8.41,8.33,8.44,8.48,8.67,8.11,8.26,8.31,8.41,8.37,8.63,9.19,10.56,9.91,8.15,8.24,8.21,8.18,8.16,8.18,7.72,8.09,8.64,8.83,8.35,9.64,8.43,8.58,8.6,8.53,8.68,8.13
APPL1,7.68,8.17,7.49,7.82,7.68,7.94,7.6,7.5,8.12,7.69,8.02,7.7,8.03,6.91,7.21,7.14,7.44,7.56,7.68,7.79,7.26,7.47,7.94,7.17,7.18,7.32,7.74,7.56,7.79,7.55,5.82,8.02,6.86,7.02,6.72,7.11,7.18,7.03,7.13,7.2,7.41,7.51,7.39,7.01,7.63,7.59,7.37,7.55,7.68,7.1
APPL1,7.3,7.02,7.24,7.12,6.59,7.33,6.6,7.09,7.38,7.11,6.81,6.96,6.88,5.16,7.09,6.67,6.88,7.26,7.17,7.25,7.01,6.89,6.58,6.98,6.67,6.75,7.2,7.18,6.81,6.17,4.89,5.14,6.97,6.81,6.63,6.94,6.16,6.51,6.33,6.91,6.99,6.8,6.71,5.13,7.15,7.24,7.1,6.89,6.79,5.57
APPL2,6.52,6.33,6.51,6.74,6.08,5.06,5.6,6.84,6.6,6.73,6.03,6.93,6.55,6.39,6.42,6.97,6.52,6.75,6.65,6.82,6.81,6.54,6.35,6.69,6.57,6.79,6.58,6.56,6,4.16,5.98,4.1,6.6,6.71,6.6,6.47,6.11,6.98,5.35,6.83,6.39,6.43,6.22,5.61,6.58,6.26,6.76,6.83,6.55,5.7
APPL2,6.94,6.82,6.85,6.95,7.03,6.99,6.47,6.65,7.07,6.94,7,6.89,6.86,6.6,6.89,6.86,6.93,7.02,7.16,6.82,6.95,6.93,7.09,7.05,6.96,6.97,6.93,6.88,7.06,6.29,6.37,7,7.1,6.76,7,6.88,7.2,7,7.08,7.04,7.16,7.05,7.26,6.79,7.07,7.15,6.92,7.07,7.15,5.41
APPL2,6.86,6.44,6.68,6.59,5.84,5.96,6.13,6.75,6.65,6.85,6.46,6.86,6.71,5.15,6.87,6.58,6.87,6.82,6.83,6.76,6.54,6.91,6.39,6.8,7.2,6.72,6.33,6.52,6.43,5.82,5.5,5.35,6.69,6.84,6.3,6.87,6.36,6.85,5.24,6.57,6.68,6.9,6.53,5.25,6.25,6.48,6.64,6.84,7.04,5.33
APPL2,6.43,5.59,6.17,6.22,5.85,6.12,5.44,6.15,6.25,6.06,5.52,5.96,5.8,6.03,6.41,5.9,6.44,6.12,6.41,6.19,5.73,5.87,5.98,6.12,5.85,5.87,6.44,6.04,5.75,5.97,6.87,5.87,5.95,5.92,6,6.12,5.37,6.33,7.6,6.07,6.17,5.63,5.45,5.44,6.37,6.44,5.97,6.06,6.02,5.43
APRT,11.27,11.2,11.37,11.27,11.38,11.38,11.14,11.32,11.27,11.23,11.23,11.09,11.07,9.35,10.89,10.82,11.07,11.32,11.42,11.25,11.15,10.89,11.08,10.92,10.95,11.1,11.32,11.18,11.35,11.05,8.38,9.98,10.93,10.81,10.62,10.98,11.1,11.05,11.31,11.27,11.27,11.05,11.21,9.94,11.43,11.29,11.25,11.18,11.23,9.77
APTX,9.29,9.13,9.41,9.42,9.57,9.47,9.6,9.56,9.31,9.27,9.26,9.35,9.24,8.55,9.96,9.99,9.96,9.46,9.52,9.43,9.69,9.59,9.57,9.95,9.79,9.91,9.54,9.31,9.34,9.54,8.35,8.84,10.54,10.37,10.47,10.05,10.25,10.14,9.24,9.48,9.46,9.2,9.2,8.11,9.6,9.49,9.37,9.52,9.4,8.43
APTX,7.53,7.38,7.74,7.52,7.63,7.42,7.48,7.37,7.53,7.56,7.19,7.69,7.56,5.9,8.08,8.06,8.1,7.35,7.66,7.46,7.82,7.75,7.55,8.21,7.77,8.06,7.41,7.47,7.22,5.76,5.81,6.64,8.48,8.4,8.3,8.18,8.09,8.32,5.79,7.56,7.44,7.31,7,6.01,7.42,7.57,7.51,7.62,7.67,6.27
APTX,7.61,7.2,7.73,7.76,7.65,7.43,6.94,7.87,7.61,7.66,7.3,7.71,7.56,6.77,8.2,8.1,8.04,7.86,7.85,7.65,7.9,7.81,7.8,8,8.15,7.97,7.62,7.75,7.44,7.79,7.55,7.16,8.42,8.58,8.45,8.44,8.39,8.45,6.9,7.76,7.58,7.71,7.49,7.2,7.79,7.59,7.94,7.75,7.7,7.71
APTX,9.54,9.52,9.69,9.73,9.86,9.66,9.41,9.65,9.71,9.72,9.8,9.73,9.6,8.94,10.32,10.19,10.28,9.78,9.78,9.7,10.01,10.07,10.05,10.2,10.12,10.17,9.75,9.81,9.77,9.63,8.2,9.82,10.42,10.47,10.5,10.37,10.28,10.37,9.64,9.84,9.72,9.61,9.66,8.95,9.72,9.77,9.7,9.78,9.74,9.07
APTX,8.22,7.66,8.18,8.09,8.48,8.29,8.12,8.66,7.98,8.12,8.13,8.28,8.11,7.15,8.89,8.86,8.53,8.33,8.32,8.21,8.26,8.35,8.26,8.45,8.65,8.44,7.87,8.3,7.86,6.74,8.02,7.03,9.02,9.01,9,8.92,8.74,8.94,8.36,8.28,8.16,8.22,7.88,8.45,8.31,8.07,8.23,8.28,8.19,7.2
APTX,7.63,7.2,7.71,7.72,7.86,7.55,6.76,7.51,7.6,7.78,7.49,7.56,7.58,7.46,8.2,8.17,8.33,7.82,8.02,7.81,7.91,7.86,7.7,8.29,8.22,8.14,7.53,7.66,7.21,6.31,7.02,7.33,8.52,8.62,8.53,8.53,8.34,8.52,7.85,7.93,7.67,7.66,7.27,6.3,7.62,7.71,7.55,7.79,7.71,5.64
AQP1 /// INMT,5.01,5.06,5.17,5.01,4.82,4.49,4.82,5.44,4.73,5.04,4.97,5.33,5.09,5.69,4.82,4.69,5.02,5.16,4.99,4.62,5.18,5.16,4.85,4.5,5.16,4.99,5.07,5,5.02,4.9,6.43,5.11,5.12,4.9,4.89,5,5.1,4.79,4.91,4.69,4.75,4.93,5.15,4.69,5.05,4.88,4.98,4.92,4.73,5.77
AQP1 /// INMT,3.55,3.85,3.63,3.52,4.08,3.69,4.68,4.17,3.96,3.85,4.06,3.73,3.92,4.31,3.58,3.72,3.61,4.03,3.83,3.94,3.89,3.79,4.13,3.7,3.77,3.64,3.76,3.77,3.71,5.29,4.51,3.81,3.95,3.6,3.77,3.91,3.8,3.96,4.06,3.8,3.66,3.98,4.24,3.93,3.78,4.32,4.27,3.98,3.79,4.4
AQP1 /// INMT,3.51,3.49,3.74,3.75,3.83,4.29,3.31,3.5,3.52,3.42,3.51,3.62,3.58,4.06,3.67,3.8,3.61,3.49,3.57,3.45,3.62,3.65,3.55,3.49,3.56,3.34,3.5,3.5,3.42,3.39,4.72,3.8,3.37,3.61,3.62,4.06,3.43,3.46,4.54,3.55,3.4,3.68,3.97,5.46,3.73,3.3,3.74,3.8,3.44,4.17
AQP1 /// INMT,4.03,4.35,4.15,4.36,4.85,4.04,4.34,4.07,4.03,4.41,4.39,4.1,4.01,4.24,4.1,4.32,4.34,4.16,4.14,4.17,4.29,4.13,4.04,4.17,4.01,4.3,4.12,4.08,4.04,5.53,5.14,5.07,4.36,4.25,4.14,4.3,4.18,4.28,4.63,4.24,4.16,4.37,4.57,4.73,4.09,4.32,3.99,4,4,4.48
AQP10,4.24,4.35,4.26,4.05,3.97,3.97,3.95,3.95,4.3,4.3,4.47,4.32,4.69,4.61,4.22,3.95,4.21,4.28,3.94,4.18,4.29,4.34,4.17,3.84,4.04,4.47,4.24,4.41,4.5,4.67,3.98,3.96,3.97,4.11,4.52,3.85,3.93,4.08,4.36,3.97,4.08,4.11,4.06,4.71,3.69,4.39,3.82,3.88,3.94,4.95
AQP10,3.72,3.84,3.56,3.75,3.81,4.19,4,4.08,3.74,3.91,3.81,3.49,3.7,3.91,3.84,3.7,3.78,4.06,3.93,3.67,3.7,3.7,3.71,3.88,3.75,3.49,3.7,3.81,3.91,3.98,5.17,5.63,3.79,3.75,3.65,3.83,3.65,3.84,4.11,3.83,3.89,3.73,3.8,4.57,3.67,3.87,3.65,3.9,3.52,3.95
AQP11,5.07,4.94,5.19,5.12,5.71,5.24,4.7,4.86,5.1,4.94,5.12,5.1,5.02,5.53,4.2,4.25,4.44,5.57,5.13,5.62,4.84,4.96,4.59,4.55,4.27,4.48,5.14,4.94,5.34,4.13,4.53,6.37,4.46,4.89,4.46,4.57,5.02,4.67,5.12,4.68,4.69,4.62,4.72,4.69,4.85,4.63,5.01,5.09,5.32,4.69
AQP11,5.43,5.31,5.01,5.33,5.24,5.35,4.68,4.97,5.3,5.39,5.78,5.39,5.01,5.57,4.95,5.01,4.9,5.36,5.59,5.61,4.79,4.66,5.39,4.77,4.91,4.81,5.14,4.91,5.17,5.53,5.51,5.11,4.76,4.71,4.89,5.13,4.79,5.01,5.05,5.18,4.81,5.07,4.79,6.45,5.38,5.05,4.91,5.43,5.28,5.28
AQP12A /// AQP12B,4.78,4.54,4.88,4.34,5.36,4.93,5.2,5.04,4.69,4.45,4.82,4.57,4.56,6.06,4.96,4.57,4.37,4.89,4.63,4.45,4.85,4.89,4.53,4.81,4.59,4.42,4.63,4.54,4.81,3.9,4.91,4.92,4.71,4.49,4.78,4.44,4.91,4.04,4.83,4.64,4.71,4.8,4.95,5.39,4.53,4.94,4.95,4.65,4.5,5.78
AQP2,4.4,4.37,3.94,4.36,4.31,3.93,4.05,4.1,4.42,4.44,4.42,4.3,4.11,5.06,4.26,4.1,4.07,4.18,4.21,4.32,4.58,4.35,4.39,4.21,4.02,4.15,4.12,4.08,4.03,4.7,4.68,5,4.23,4.42,4.16,3.95,4.16,4.29,4.27,3.94,4.3,4.06,4.22,5.72,4.04,4.41,4.14,4.1,4.15,6.67
AQP2,5.78,5.71,5.86,6.01,6.08,6.18,5.64,5.84,5.86,5.98,5.8,5.93,5.73,5.98,5.96,5.97,5.83,5.93,5.97,6.17,5.88,6.2,5.84,5.99,6.24,5.85,5.87,6,6.24,6.13,7.75,6.36,6.12,5.79,5.96,5.85,5.96,5.94,6.57,5.93,6.3,6.13,6.18,5.78,6.06,5.89,5.91,5.96,5.84,7.12
AQP2,5.18,5.27,5.07,5.36,5.05,5.61,5.44,4.8,5.2,5.06,5.38,5.38,5.19,5.74,5.39,5.41,4.86,5.44,5.06,5.26,4.95,5.4,5.22,5.09,5.1,4.96,5.07,5.27,5.09,4.84,7.61,5.76,5.17,5.11,5.1,5.1,4.92,4.81,4.39,5.19,5.46,5.5,5.09,5.38,5.24,5.54,5.43,5.29,5.11,5.92
AQP3,4.34,4.13,4.67,4.46,4.39,4.49,4.78,4.32,4.51,4.5,4.2,4.57,4.22,5.11,4.38,4.28,4.38,4.61,4.52,4.42,4.64,4.59,4.29,4.43,4.34,4.07,4.61,4.62,4.22,4.26,4.42,5.62,4.66,4.58,4.62,4.28,4.31,4.49,4.62,4.25,4.45,4.65,4.64,4.55,4.43,4.07,4.51,4.38,4.33,4.42
AQP3,5.87,5.41,5.9,5.92,6.28,6.41,5.88,6.36,6.13,5.93,6.12,5.84,5.87,5.74,5.82,5.73,5.93,6.28,6.11,5.96,6.2,5.83,5.96,5.98,5.81,5.64,5.89,6.11,6.24,5.44,4.91,5.9,6.02,6.08,6.14,6.1,5.85,6.31,5.96,6.32,5.9,5.97,5.86,5.56,5.91,5.59,5.94,6.05,6.06,6.07
AQP3,4.15,3.9,4.11,4.56,4.56,4.07,4.13,4.28,4.11,4.23,4.45,4.09,3.98,4.33,4.04,4.06,3.88,4.36,4.38,4.38,4.29,4.17,3.99,4.09,4,4.25,4.43,4.35,3.93,4.02,4.67,5.64,3.88,4.17,4.05,4.07,4.1,4.24,4.43,4.12,4.44,4.5,4.13,4.19,4.27,3.94,4.14,3.88,4.12,6.75
AQP4,3.74,4.03,3.81,3.8,3.89,3.65,5.01,3.74,3.69,3.63,3.78,3.91,3.79,4.95,3.76,3.65,3.73,3.76,3.45,3.74,3.64,4.22,3.93,3.38,3.76,3.6,3.71,3.81,3.68,5.62,5.5,4.28,3.8,3.98,3.69,3.73,3.87,3.73,3.9,3.65,3.55,3.65,3.64,4.56,4.18,4.06,4.06,3.77,3.85,4.12
AQP4,3.74,4.45,3.87,3.88,3.79,3.66,3.92,3.54,4.09,3.84,3.85,4.14,4.46,5.51,3.83,3.78,3.71,3.77,3.78,3.69,3.98,4.02,3.96,4.11,3.63,3.67,3.73,4.03,3.89,5.37,4.8,3.88,3.82,4.1,3.82,3.67,4,3.68,4.64,3.57,3.64,3.7,3.54,3.84,3.78,3.81,3.75,3.85,3.77,4.73
AQP4,3.48,3.4,3.36,3.34,3.7,3.73,3.41,3.21,3.37,3.65,3.42,3.38,3.39,4.08,3.46,3.47,3.52,3.38,3.34,3.3,3.39,3.46,3.44,3.59,3.25,3.55,3.26,3.37,3.41,3.7,4.27,3.89,3.48,3.5,3.41,3.22,3.29,3.57,3.71,3.41,3.3,3.31,3.41,3.55,3.43,3.3,3.53,3.57,3.38,3.56
AQP4,3.84,4.05,4.07,3.72,4.09,3.84,4.21,3.76,3.86,3.73,3.79,3.96,3.98,6.01,4.01,3.85,3.85,3.83,3.86,3.73,3.79,3.91,3.99,3.79,3.66,3.67,3.65,3.89,3.77,4.57,4.62,4.58,3.97,3.92,3.84,3.72,3.97,3.65,3.83,3.75,3.97,3.75,3.71,4.44,3.77,3.77,3.92,3.63,3.67,4.42
AQP4,3.81,4.04,3.88,3.74,3.76,3.62,3.9,3.79,3.76,3.8,4.01,4.22,4,4.56,3.74,3.75,3.74,3.69,3.76,3.81,3.94,3.85,3.95,3.93,3.61,3.87,3.69,3.78,3.66,4.72,6.66,3.84,4.02,3.84,3.8,3.87,3.84,3.77,4.49,3.98,3.79,3.97,3.69,4.22,3.52,3.68,3.91,3.89,3.67,5.16
AQP5,3.89,4.13,4.32,4.33,4.48,4.17,4.98,4.54,4.16,4.14,4.23,4.34,4.31,4.59,4.43,4.28,4.1,4.39,4,4.23,4.23,4.31,3.83,4.15,4.33,4.31,4.56,4.02,4.5,4.94,5.39,5.77,4,4.32,4.28,4.08,4.66,4.13,5.17,4.19,4.01,4.35,4.47,5.79,4.79,4.18,4.06,4.28,4.07,5.58
AQP6,3.94,3.5,3.96,4.04,4.36,3.67,4.47,4.02,3.7,3.78,3.78,3.73,3.85,4.07,3.92,3.98,3.75,4,3.93,4.14,3.66,3.62,3.75,3.7,3.95,3.86,3.65,3.75,3.85,4.4,5.6,4.34,3.94,3.95,3.62,3.98,3.73,4.06,4.73,3.72,3.72,4.06,3.98,4.09,4.35,3.95,3.8,3.96,3.85,4.74
AQP6,3.88,3.83,3.86,3.94,4.16,3.69,3.86,3.82,3.74,3.78,3.8,3.73,3.86,4.27,3.63,4.15,3.87,3.72,3.84,3.77,3.89,3.72,3.69,4.03,3.81,3.8,3.81,3.57,3.7,4.22,6.92,6.77,3.93,3.79,3.75,3.85,3.9,4,3.79,3.98,4.22,4.02,3.89,5.68,3.65,3.77,3.62,3.76,3.75,6.57
AQP7,5.17,5.06,4.76,5.15,5.66,5.61,5.51,5.83,4.94,5.11,5.14,4.95,4.99,5.34,5.18,5.17,5.26,5.34,4.98,5.68,4.99,5.25,4.93,5.27,4.95,5.15,5.11,5.29,5.24,5.16,6.05,5.8,4.8,5.26,5.19,5.13,5.37,5.05,5.07,5.19,5.38,5.4,5.15,4.66,4.66,5.61,5.59,5.11,5.17,5.39
AQP7,3.87,4,3.92,4.16,3.93,3.99,4.48,4.18,4.22,4.22,4.1,4.14,4.32,4.53,4.15,4.28,3.85,4.05,4.03,3.95,4.51,4.03,3.97,4.09,3.83,3.57,4.11,4.29,4.2,5.32,5.27,4.7,4.01,4.15,4.08,3.87,3.99,4.22,4.81,4.17,4.6,4.1,3.95,4.24,4.33,4.05,4.66,4.34,3.96,4.17
AQP7,4.76,4.48,4.9,4.71,5.36,5.05,4.59,4.49,4.27,4.55,4.69,4.73,4.38,5.75,4.61,4.24,4.57,4.78,4.32,4.77,4.52,4.98,4.69,4.78,4.61,4.95,4.56,4.54,4.86,4.58,5.84,4.61,4.37,4.72,4.71,5.2,4.8,4.96,4.63,4.93,4.79,4.62,4.98,5.52,4.87,5.01,5.28,4.73,4.61,5.87
AQP7,3.43,3.76,4,3.86,3.83,4.28,4.53,4.04,3.75,4.04,4.03,3.95,3.59,6.16,3.99,3.87,3.69,4.06,4.01,4.03,3.97,4.2,3.82,4.05,4.63,3.95,4.19,4.15,3.88,3.93,6.55,3.69,4.16,3.53,4.22,3.87,3.84,4.33,5.65,3.95,3.67,4.6,4.19,5.39,3.79,3.87,4.36,4.18,3.59,4.11
AQP7,4.57,4.66,4.43,4.71,4.93,4.58,4.88,5.45,4.51,4.39,4.62,4.66,4.46,5.52,4.44,4.88,4.59,5.49,4.84,4.65,4.88,4.61,4.54,4.73,4.76,4.69,4.59,4.34,5.05,4.82,6.07,5.99,4.49,4.82,5.32,5.02,4.74,4.56,4.81,4.82,5.04,5.15,4.67,5.95,4.82,4.64,4.49,5.12,5.04,5.82
AQP7,4.64,4.38,4.26,4.28,4.68,4.68,4.18,4.43,4.19,4.24,4.3,4.53,4.49,5.04,4.33,4.59,4.27,4.4,4.18,4.33,4.41,4.36,4.05,4.14,4.55,4.47,4.57,4.29,4.55,4.17,6.02,4.73,4.39,4.25,4.22,3.92,4.31,4.46,5.17,4.55,4.27,4.84,5.27,4.42,4.02,4.36,3.84,4.41,3.88,4.63
AQP7 /// AQP7P1 /// AQP7P2 /// LOC100132938,4.06,4.21,3.75,4,4.57,4.21,4.28,4.02,3.95,4.06,4,4.22,4.15,4.73,3.95,4.29,4.16,4.12,3.89,3.97,4.35,4.06,4.18,3.78,3.96,4.2,3.99,4,4.2,4.92,6.54,4.01,4.31,4.34,4.2,4.01,3.94,3.89,5.21,4.03,4.09,4.08,4.24,4.88,3.97,4.47,4.18,3.84,4.02,4.7
AQP8,5.45,5.8,5.42,5.3,5.48,5.4,5.05,5.52,5.62,5.63,6.01,5.71,5.33,5.89,5.56,5.49,5.27,5.84,5.54,5.73,5.7,5.69,5.65,5.72,5.64,5.43,5.53,5.58,5.24,6.83,5.72,6.62,5.41,5.53,5.77,5.61,5.41,5.5,5.26,5.73,5.54,5.91,5.93,5.92,5.36,5.31,5.77,5.53,5.53,7.13
AQP9,4.33,4.06,4.07,4.1,4.41,3.82,3.86,4.36,4.13,4.1,4.25,4.1,4.03,4.5,4.1,3.94,4.04,4.04,3.62,4.15,4.17,4.08,4.16,4.15,4.05,4.01,4.54,4.14,3.84,5.86,5.32,4.66,3.98,4.05,4.03,3.91,4.34,3.82,3.88,4.41,3.81,4.08,4.15,4.18,3.97,4.14,4.18,4.16,3.89,6.58
AQP9,4.03,4.95,4.32,4.59,4.24,4.67,3.83,4.03,4.52,4.42,4.79,4.41,4.65,5.32,4.56,4.24,4.49,4.65,4.29,4.25,4.36,4.83,4.65,3.99,4.5,4.39,4.15,4.4,4.93,4.52,4.77,5.51,4.7,4.5,4.63,4.5,4.11,4.15,4.55,4.34,4.56,4.29,4.32,6.93,3.94,4.25,4.53,4.46,4.47,6.16
AQP9,4.82,4.7,4.34,4.69,4.86,4.84,5.35,4.6,4.63,4.7,4.6,4.52,4.69,4.93,4.62,4.49,4.38,4.64,4.76,4.63,4.4,4.65,4.66,4.57,4.57,4.25,4.51,4.56,5.15,4.83,4.87,5.03,4.46,4.53,4.49,4.45,4.28,4.23,4.23,4.5,4.78,4.25,4.28,6.04,4.49,4.6,4.73,4.49,4.5,6.61
AQR,9.1,9.16,9.1,9.06,8.92,8.96,8.61,8.91,8.98,9.11,9.06,8.88,8.92,7.26,8.89,8.76,8.95,9.04,8.96,9.04,8.98,8.98,8.89,8.74,8.77,8.81,9.1,8.96,8.84,8.54,5.42,8.02,9.08,9.09,9.1,8.99,8.75,8.96,8.65,8.85,9.13,9.12,8.89,7.22,8.76,8.94,8.81,8.99,9.27,8.26
AQR,6.65,6.48,6.64,6.55,6.26,7.01,5.64,6.95,6.52,6.44,6.75,6.14,5.9,5.28,6.36,6.42,6.45,6.64,6.81,6.44,6.27,6.26,6.74,6.5,6.19,6.46,6.64,6.33,6.36,5.5,5.16,4.27,6.08,6.11,6.18,6.57,6.39,6.51,6.71,6.24,6.64,6.89,6.89,6.64,6.44,6.82,6.65,6.37,6.42,5.39
AR,3.8,3.65,3.79,3.81,3.98,4.01,5.13,4,3.82,4,3.95,3.97,3.77,4.3,3.62,4.12,3.48,3.85,3.67,3.86,3.74,4.14,3.59,4.08,3.6,3.64,4.03,3.92,3.75,4.13,7.81,4.14,4.12,3.88,3.74,3.69,4.07,3.73,3.95,3.96,4.08,4.39,3.64,3.98,3.88,4.35,4.24,3.66,3.61,5.01
AR,4.71,4.79,4.71,4.87,4.87,4.69,4.79,4.76,4.83,4.69,4.66,5.05,4.56,5.53,4.68,4.92,4.74,4.92,4.55,4.59,4.8,5.02,4.62,4.42,4.84,4.52,4.39,4.7,4.64,5.14,5,6.59,4.73,4.84,4.87,4.67,4.77,4.59,5.84,4.86,4.86,4.56,4.37,4.92,4.57,5.64,4.73,4.66,4.65,5.78
AR,4.23,4.04,4.2,4.39,3.88,4.13,4.43,4.26,4.26,4.26,4.21,4.04,4.16,4.61,4.14,4.27,4,4.04,4.07,4.11,4.29,4.4,4.03,4.23,3.96,4.17,4.14,4.31,4.44,4.23,4.86,4.93,4.55,4.41,4.2,4.25,4.06,4.39,4.55,4.33,4.19,4.23,4.12,4.31,4.31,4.24,4.09,4.1,4.37,5.1
AR,3.94,3.88,4.04,4.36,4.1,4.27,3.97,4.62,4.05,4.1,4.16,4.12,3.98,7.09,4.32,4.03,3.91,4.01,3.87,4.11,3.83,4.28,3.97,4.4,3.72,4.16,4.4,4.21,4.53,4.3,6.52,6.06,4.23,3.9,4.16,4.3,4.11,4.56,4.6,4.05,3.93,4.42,3.89,7.05,4.34,4.36,4.48,4.11,4.07,6.11
ARAF,10.39,10.3,10.61,10.59,10.91,10.64,10.66,10.8,10.37,10.44,10.41,10.37,10.24,10.85,10.43,10.6,10.49,10.7,10.52,10.49,10.45,10.46,10.39,10.62,10.62,10.49,10.65,10.58,10.58,10.96,10.59,11.07,10.29,10.31,10.35,10.53,10.63,10.59,10.94,10.74,10.68,10.73,10.66,10.71,10.69,10.88,10.83,10.6,10.52,11.02
ARAF,8.98,8.78,9.14,9.13,9.42,9.29,9.21,8.98,9.05,9.05,8.82,9,8.93,9.1,8.92,8.95,9.06,9.25,9.18,9.1,9.18,8.93,9.06,9.06,8.89,9.1,9.21,9.1,9.21,9.03,9.44,9.1,9.02,8.8,8.88,9.08,9.02,9.03,9.22,9.17,9.18,9.09,9.29,7.86,9.23,9.31,9.35,9.08,9.11,10.14
ARAF,7.33,6.95,7.53,7.64,7.97,7.46,7.01,7.67,7.36,7.42,7.03,7.18,7.24,6.88,7.17,7.47,7.38,7.69,7.71,7.47,7.32,7.19,7.09,7.37,7.6,7.54,7.65,7.37,7.42,7.72,6.33,7.11,7.36,7.34,7.31,7.49,7.31,7.62,8.03,7.84,7.72,7.44,7.6,6.79,7.75,7.83,7.77,7.49,7.83,6.49
ARAF,8.17,7.59,8.18,8.3,7.55,7.89,6.54,8,8.13,8.22,7.26,7.94,7.85,5.52,8,7.91,8.1,8.17,8.27,8.31,7.73,7.81,7.65,8.23,8.07,8.13,8.11,8.17,7.54,5.66,5.11,5.61,7.94,7.88,7.86,8.25,7.53,8.22,5.55,8.21,8.17,7.81,7.56,5.66,8.05,7.88,8.29,8.13,7.81,5.73
ARAF,6.26,6.63,6.48,6.64,6.39,5.95,7.27,6.24,6.68,6.56,6.52,6.42,6.61,6.45,6.48,6.29,6.47,6.32,6.31,6.11,6.35,6.43,6.69,6.18,6.47,6.53,6.42,6.36,6.79,5.54,5.91,5.67,6.05,5.95,6.33,6.3,6.18,6.33,6.24,6.15,6.56,6.52,6.73,5.35,6.67,6.72,6.66,6.31,6.58,5.38
ARAP1,7.86,7.86,8.06,7.91,8.4,8.14,7.82,8.05,7.52,7.86,8,8.12,8.12,6.32,8.56,8.72,8.58,8.01,7.98,7.75,8.44,8.46,8.54,8.59,8.63,8.45,8,7.82,8.15,8.61,6.08,6.23,8.46,8.54,8.44,8.59,8.71,8.63,8.86,8.29,8.27,8.36,8.37,6.58,7.86,8.13,8.01,8.25,8.32,6.58
ARAP1,7.52,7.63,7.87,7.82,7.86,7.82,7.52,8.12,7.56,7.76,7.76,7.82,7.8,7.14,8.47,8.29,8.34,7.71,7.93,7.75,8.11,8.14,8.44,8.54,8.54,8.27,7.75,7.71,7.75,7.08,5.21,6.1,8.25,8.22,8.12,8.51,8.37,8.42,7.45,8,8.01,8.06,7.72,5.84,7.9,7.74,7.67,8,8.13,6.51
ARAP2,8.23,8.38,8.13,8.21,8.21,8.14,8.11,8,8.27,8.13,8.24,8.1,8.2,8.33,8.22,8.17,8.43,8.15,8.09,8.05,8.69,8.49,8.61,8.16,8.3,8.42,8.11,8.1,8.37,8.53,7.27,8.04,8.32,8.39,8.39,8.3,8.52,8.28,8.17,8.13,8.1,8.63,8.98,7.95,8.42,8.49,8.08,8.14,8.33,8.02
ARAP2,8.91,9.14,8.99,8.99,9.1,9.03,8.73,8.88,8.96,8.97,9.35,9.02,9.03,8.94,9.3,9.1,9.16,8.8,9,8.96,9.28,9.27,9.65,9.17,9.22,9.3,8.93,9.07,9.04,8.21,6.97,8.39,9.03,9.06,9.2,9.15,9.12,9.19,8.55,8.86,8.98,9.56,9.57,9.65,8.9,9.04,9.15,9.03,9.1,8.82
ARAP3,3.95,4,3.78,3.96,4.05,4.3,4.89,3.89,3.93,3.94,3.86,3.91,3.87,4.93,3.88,3.91,3.91,3.93,4.05,4.27,3.86,3.81,4.1,3.83,3.73,3.9,3.85,3.95,4.07,3.21,4.8,5.83,4.26,3.93,3.75,3.95,4.22,3.89,3.67,3.95,4.16,3.79,4.37,4.5,4.04,3.95,4.2,3.54,3.99,5.53
ARAP3,4.59,4.7,4.68,4.58,5.02,4.81,4.32,4.74,4.81,4.83,4.94,4.78,4.68,5.98,4.65,4.93,4.7,5.14,5.02,4.85,4.63,4.92,4.75,4.5,4.87,4.31,4.54,5.16,5.15,4.52,6.47,4.55,4.82,4.66,4.81,4.77,4.34,4.85,4.48,5,4.65,4.82,4.66,5.7,5,4.74,5.4,4.57,4.85,5.24
ARC,5.57,5.91,6.07,5.82,6.04,6.04,5.17,5.94,5.71,5.7,6.16,5.98,5.78,6.08,7.43,6.99,7.19,5.83,6.12,6,6.07,5.98,6.53,6.96,7.16,7.08,5.91,5.43,6.01,5.61,6.08,5.86,8.53,8.62,8.58,6.86,6.4,6.71,6.22,6.47,6.18,6.12,6.47,5.66,5.53,5.98,6.06,6.19,6.32,6.67
ARCN1,7.43,6.42,7.54,7.31,6.64,6.58,6.78,7.08,7.33,7.19,6.24,7.28,7.21,6.52,7.41,7.49,7.54,7.55,7.55,7.65,6.97,6.66,6.23,7.5,7.45,7.32,7.06,7.26,6.25,5.93,5.25,4.35,7.51,7.56,7.45,7.14,6.68,7.61,6.57,7.23,6.82,6.16,5.96,4.94,7.05,6.21,6.89,7.32,6.86,5.59
ARCN1,10.85,10.91,10.8,10.84,10.77,10.9,10.67,10.9,10.84,10.91,10.92,10.84,10.85,10.39,10.93,10.92,11.05,10.93,10.94,10.9,10.86,10.77,10.93,10.9,11,10.88,10.88,10.86,10.72,10.56,9.43,9.67,10.86,10.91,10.81,10.89,10.81,10.85,10.93,10.95,11,10.75,10.77,10.25,10.91,10.86,10.87,10.93,10.98,10.72
ARCN1,7.69,6.68,7.69,7.58,6.92,6.46,6.26,7.45,7.41,7.49,6.31,7.62,7.37,5.64,7.82,7.82,7.74,7.78,7.73,7.89,7.45,7.22,6.64,7.84,7.73,7.71,7.24,7.37,6.41,5.58,5.75,5.47,7.64,7.62,7.83,7.55,6.79,7.85,6.58,7.57,7.38,6.48,6.5,6.85,7.24,6.56,7.67,7.7,7.16,6.89
ARD1A,10.72,10.68,10.84,10.78,10.78,10.79,10.79,11.02,10.69,10.76,10.64,10.82,10.8,8.26,10.51,10.59,10.51,10.88,10.87,10.83,10.52,10.58,10.5,10.55,10.65,10.6,10.8,10.83,10.75,10.75,7.72,8.65,10.56,10.59,10.57,10.64,10.64,10.68,10.93,10.89,10.71,10.84,10.82,9.73,10.73,10.77,10.73,10.81,10.74,9.21
ARD1A,5.52,5.28,5.43,5.11,5.19,5.41,5.54,4.93,5.18,5.29,5.25,5.24,5.12,5.96,5.46,5.51,5.51,5.25,5.5,5.1,5.14,5.25,5.22,5.38,5.23,5.17,5.35,5.31,5.41,7.12,6.82,5.88,5.28,4.95,5.26,5.44,5.33,5.62,5.65,5.13,5.24,5.67,5.35,6.32,5.67,5.55,6,5.72,5.27,5.86
ARD1A,4.42,4.22,4.79,4.49,3.74,5.64,4.1,4.57,4.64,4.38,4.28,4.64,4.68,4.53,4.22,4.42,4.47,4.74,4.41,4.57,4.73,4.51,4.55,4.36,4.13,4.23,4.6,4.52,4.46,3.85,4.01,4.4,4.61,4.57,4.16,4.28,3.75,4.08,3.89,4.32,4.77,4.07,4.34,5.02,4.69,4.52,4.45,4.59,4.67,4.45
ARD1A,4.63,4.69,4.78,4.63,4.77,4.85,5.97,5.21,4.56,4.83,4.59,4.71,4.53,4.26,4.58,4.53,4.57,4.95,4.47,4.4,4.44,4.5,4.46,4.8,4.63,4.74,4.67,4.95,4.81,4.39,4.26,4.99,4.62,4.7,4.74,4.78,4.73,4.55,4.91,4.99,4.68,4.87,4.76,4.77,4.31,5.06,4.85,4.66,4.83,4.41
ARD1B,4.57,4.93,4.51,4.44,4.49,4.44,4.3,4.06,4.62,4.71,4.71,4.81,4.85,5.15,4.4,4.43,4.56,4.81,4.41,4.34,4.71,4.8,4.72,4.41,4.54,3.98,4.26,4.59,4.59,4.04,5.55,4.38,4.63,4.31,4.32,4.46,4.35,4.34,4.59,4.27,4.35,4.33,4.35,4.86,4.15,4.35,4.97,4.31,4.1,5.7
AREG,3.89,3.44,3.51,3.54,3.55,3.35,3.42,3.33,3.52,3.41,3.39,3.51,3.35,4.09,3.78,3.5,3.73,3.48,3.39,3.37,3.46,3.3,3.51,3.68,3.42,3.52,3.51,3.35,3.63,3.65,4.37,3.86,3.46,3.47,3.59,3.42,3.79,3.52,4.27,3.35,3.56,3.48,3.36,4.4,3.69,3.68,3.22,3.38,3.39,3.6
ARF1,12.48,12.39,12.54,12.47,12.41,12.44,12.35,12.4,12.51,12.54,12.27,12.45,12.45,11.5,12.34,12.25,12.42,12.57,12.53,12.47,12.36,12.35,12.22,12.4,12.29,12.34,12.48,12.51,12.39,12.09,10.83,11.52,12.28,12.38,12.32,12.32,12.33,12.39,12.4,12.55,12.5,12.34,12.32,11.31,12.49,12.36,12.46,12.52,12.46,11.3
ARF1,12.02,11.98,12.01,12.07,11.92,11.98,11.82,11.94,11.97,12.05,11.83,11.98,11.99,10.69,11.8,11.84,11.93,11.98,12.07,11.99,11.94,11.92,11.83,11.88,11.79,11.87,12.06,11.93,11.89,11.71,10.87,11.21,11.76,11.84,11.77,11.85,11.83,11.88,11.93,12.01,12.03,11.85,11.8,10.2,12,11.89,11.94,12.09,12,10.55
ARF3,10.81,10.61,10.91,10.89,10.95,11.03,10.45,11.08,10.88,10.88,10.78,10.92,10.93,8.76,10.96,10.91,10.91,10.85,10.85,10.79,11.11,11.16,11.02,10.93,11,10.98,10.93,10.9,10.8,10.25,7.37,9.2,10.58,10.65,10.78,11.03,10.87,10.91,10.13,10.84,10.86,11,10.95,8.9,10.81,10.89,10.93,10.95,10.98,9.24
ARF3,9.47,9.25,9.51,9.47,9.35,9.55,8.95,9.37,9.52,9.44,9.23,9.5,9.34,7.68,9.43,9.36,9.57,9.67,9.55,9.6,9.62,9.43,9.54,9.82,9.69,9.73,9.65,9.49,9.11,8.79,5.34,8.7,9.33,9.22,9.27,9.53,9.46,9.58,9.2,9.56,9.48,9.01,9.1,8.61,9.85,9.69,9.69,9.43,9.29,7.98
ARF3,7.48,6.94,7.24,7.39,7.31,7.33,6.4,7.25,7.45,7.42,6.71,7.43,6.99,7.86,7.65,7.47,7.54,7.53,7.5,7.69,7.57,7.45,7.11,7.81,7.71,7.69,7.25,7.65,6.77,5.77,7.41,6,7.62,7.19,7.53,7.55,7.24,7.45,7.31,7.37,7.46,6.76,7.03,6.54,7.12,7.42,7.49,7.42,6.92,7.4
ARF3,11.06,10.8,11.07,11.08,11.13,11.09,10.93,11.1,11.1,11.08,10.96,11.16,11.1,9.6,11.13,11.05,11.09,10.98,10.98,10.97,11.23,11.27,11.25,11.21,11.22,11.13,11.02,11.1,10.92,10.75,9.28,9.52,10.81,10.95,11.03,11.08,11.12,11.12,10.75,10.98,11,11.15,11.07,9.47,10.94,10.95,11.07,11.08,11.17,9.66
ARF4,11.87,11.68,11.74,11.83,11.71,11.79,11.59,11.83,11.91,11.75,11.7,11.89,11.93,10.56,11.78,11.83,11.77,11.65,11.68,11.64,11.93,11.93,11.81,11.82,11.91,11.97,11.75,11.85,11.76,11.44,8.18,9.72,11.97,11.99,11.92,11.74,11.72,11.81,11.84,11.88,11.88,11.58,11.37,10.26,11.88,11.92,11.86,11.95,11.89,10.48
ARF4,11.61,11.69,11.5,11.59,11.51,11.45,11.21,11.49,11.77,11.69,11.58,11.73,11.93,10.49,11.64,11.69,11.66,11.51,11.49,11.52,11.82,11.84,11.8,11.59,11.73,11.79,11.59,11.69,11.67,11.53,7.18,9.22,11.67,11.71,11.63,11.58,11.55,11.65,11.31,11.67,11.56,11.47,11.43,10.27,11.69,11.68,11.62,11.85,11.92,9.97
ARF5,10.84,10.81,10.88,10.73,10.63,10.63,10.76,10.81,10.71,10.89,10.54,10.8,10.94,6.95,10.69,10.77,10.78,10.89,10.94,10.82,11.11,10.95,10.88,10.85,10.79,10.91,10.82,10.76,10.82,10.2,5.24,8.97,10.7,10.72,10.6,10.71,10.81,10.94,10.64,10.8,10.68,10.98,11.03,8.22,11.04,10.98,11.02,10.82,10.82,7.9
ARF5,10,9.88,9.93,9.86,9.81,9.54,9.63,10.14,9.99,10,9.54,9.93,10.14,7.85,9.81,9.68,9.92,9.99,10.17,10.14,10.38,10.12,9.84,9.93,9.97,10.13,9.98,9.81,9.91,8.03,7.32,5.62,9.84,9.93,9.78,9.84,9.83,10.07,9.44,10.01,9.96,10.15,10.2,7.72,10.24,9.96,10.03,10.02,10.09,7.82
ARF5,10.15,10.03,10.22,10.13,10.14,9.87,9.98,10.43,10.1,10.18,9.73,10.2,10.16,6.66,10.02,9.99,10.13,10.3,10.24,10.24,10.41,10.16,10.15,10.13,10.08,10.33,10.13,10.1,10.13,8.14,7.75,7.06,10,10.09,9.97,10,10.2,10.24,10.18,10.24,10.22,10.28,10.32,8.1,10.31,10.36,10.38,10.22,10.22,8.14
ARF5,10.78,10.77,10.86,10.73,10.79,10.6,10.89,10.95,10.69,10.89,10.5,10.86,10.91,8.13,10.65,10.59,10.8,10.88,10.93,10.84,11.11,10.92,10.86,10.81,10.79,10.89,10.87,10.78,10.82,10.11,6.25,7.74,10.73,10.78,10.68,10.68,10.89,10.85,10.71,10.8,10.82,10.87,11.02,8.13,11.07,11.19,11.06,10.79,10.83,8.56
ARF6,11.34,11.34,11.38,11.41,11.44,11.48,11.2,11.24,11.51,11.28,11.39,11.36,11.47,11.71,11.48,11.34,11.45,11.51,11.49,11.36,11.44,11.27,11.41,11.44,11.3,11.39,11.54,11.39,11.29,10.95,10.64,11.57,11.57,11.4,11.48,11.37,11.51,11.41,11.45,11.36,11.43,11.14,11.29,11.29,11.58,11.42,11.31,11.4,11.26,11.51
ARF6,11.5,11.5,11.5,11.51,11.55,11.42,11.16,11.32,11.6,11.46,11.63,11.48,11.57,12.1,11.65,11.45,11.59,11.58,11.6,11.49,11.56,11.48,11.58,11.56,11.58,11.57,11.61,11.49,11.35,10.59,10.36,10.64,11.56,11.56,11.69,11.5,11.53,11.56,11.35,11.46,11.45,11.22,11.43,11.47,11.63,11.47,11.5,11.51,11.39,11.7
ARF6,10.48,10.63,10.3,10.34,10.55,10.56,10.48,10.28,10.53,10.33,10.66,10.47,10.66,10.97,10.36,10.35,10.38,10.34,10.3,10.32,10.46,10.39,10.65,10.33,10.36,10.53,10.39,10.22,10.68,10.75,10.04,10.93,10.36,10.31,10.26,10.39,10.56,10.26,10.67,10.41,10.45,10.39,10.59,10.58,10.48,10.49,10.45,10.41,10.7,10.22
ARFGAP1,8.49,8.11,8.71,8.63,8.88,8.97,8.49,8.81,8.41,8.48,8.72,8.44,8.33,7.85,8.87,8.97,8.89,8.57,8.55,8.47,8.72,8.83,8.94,9.06,9,8.81,8.77,8.62,8.8,7.78,7.78,8.12,8.72,8.94,8.98,9.03,8.88,8.96,8.37,9.01,8.99,9,8.88,8,8.73,8.69,8.91,8.79,8.94,7.6
ARFGAP1,8.83,8.68,9.01,8.89,9.28,9.09,8.87,9.13,8.61,8.85,8.95,8.72,8.74,8.48,9.06,9.18,9.08,8.76,8.79,8.68,9.01,9.19,9.23,9.23,9.13,9,9.05,8.81,9.23,8.74,7.61,7.6,9.19,9.13,9.21,9.23,9.11,9.23,8.72,9.23,9.14,9.31,9.18,8.49,9.05,9,9.13,8.98,9.22,7.5
ARFGAP1,5.97,5.4,5.81,5.96,5.5,5.69,5.18,6.08,5.86,6.07,4.93,5.81,5.43,5.35,6.33,6.35,6.04,6.11,6.02,6.08,5.87,5.78,5.41,6.17,5.82,6.01,5.96,6.03,5.56,4.63,5.2,5.96,6.02,6.4,6.25,6.24,5.19,6.11,4.58,6.03,6.15,5.58,6.03,5.43,5.59,5.87,5.83,5.68,5.42,5.59
ARFGAP1,5.99,5.43,5.96,5.9,5.77,5.7,5.23,6.35,5.88,6.24,5.3,5.83,5.64,5.04,6.09,6.32,6.18,6.01,5.83,6.07,6.07,5.71,5.39,6.02,5.76,5.72,6.13,5.55,5.37,4.06,5.85,5.24,6.22,6.34,6.18,5.9,5.43,6.25,6.61,5.88,5.27,5.53,5.39,6.17,5.35,5.61,5.6,5.94,5.71,5.49
ARFGAP1,7.28,7.31,7.65,7.5,7.56,7.44,6.67,7.83,7.05,7.4,6.9,7.33,7.31,5.92,7.6,7.93,7.69,7.39,7.29,7.2,7.6,7.33,7.64,7.85,7.77,7.79,7.68,7.33,7.54,5.62,6.64,7.74,7.68,7.87,7.78,7.75,7.79,7.86,6.97,7.59,7.84,7.76,7.53,5.25,7.57,7.78,7.54,7.64,7.77,5.87
ARFGAP2,10.17,10.01,10.37,10.33,10.44,10.45,10.4,10.44,10.12,10.26,10.34,10.29,10.15,9.51,10.3,10.37,10.37,10.41,10.42,10.33,10.42,10.31,10.4,10.49,10.55,10.39,10.31,10.19,10.32,10.08,9.59,9.91,10.3,10.42,10.38,10.49,10.55,10.46,10.23,10.43,10.4,10.46,10.54,10.45,10.21,10.37,10.39,10.32,10.42,9.57
ARFGAP2,8.22,7.8,8.36,8.37,7.46,7.74,7.85,8.33,8.28,8.32,7.47,8.45,8.21,5.35,8.32,8.15,8.42,8.1,8.24,8.4,8.34,8.48,7.87,8.61,8.51,8.37,8.23,8.23,7.45,5.43,5,5.98,8.14,8.12,8.17,8.36,7.75,8.41,6.98,8.18,8.1,7.93,7.88,6.43,8.16,7.62,7.93,8.29,7.76,6.61
ARFGAP2,8.2,7.3,8.45,8.12,7.52,7.49,7.49,8.05,8.22,8.18,6.98,7.98,7.96,6.04,8.23,8.05,8.3,8.34,8.21,8.48,8.11,8.28,7.67,8.37,8.44,8.45,8.11,8.21,7.37,5.34,5.44,6.64,8.34,8.22,8.33,8.23,8.02,8.4,6.91,7.82,8.01,7.75,7.78,7.29,7.88,7.78,8.07,8.17,7.81,6.67
ARFGAP2,4.01,4.05,4.72,4.05,4.8,4.21,4.05,4.47,4.06,4.24,4.1,4.04,3.78,4,3.9,4.04,4.19,4.57,4.39,4.19,4.35,4.04,4.38,4.59,4.38,4.27,4.16,3.91,4.18,4.06,5.3,4.15,4.4,4.06,4.1,4.55,4.02,4.65,4.05,4.42,4.34,4.02,4.23,5.04,4.44,4.31,4.15,4.22,4.11,4.82
ARFGAP3,9.65,9.66,9.41,9.61,9.46,9.36,9.42,9.35,9.74,9.56,9.63,9.67,9.79,8.36,9.67,9.67,9.85,9.33,9.55,9.55,9.98,9.94,10.17,9.65,9.74,9.92,9.47,9.52,9.62,9.37,6.98,9.41,9.64,9.77,9.55,9.81,9.72,9.64,9.46,9.37,9.46,9.54,9.47,9.14,9.44,9.51,9.55,9.51,9.71,8.32
ARFGAP3,6.53,6.41,6.68,6.56,5.95,6.07,6.46,6.5,6.68,6.89,5.93,6.75,6.79,5.74,6.69,6.73,7.03,6.76,6.47,6.81,7.13,6.93,6.54,7.16,7.03,7.13,6.73,6.54,6.25,4.73,6.11,6.43,6.85,6.98,6.78,6.63,6.14,7.14,6.68,6.55,6.46,6.66,6.12,6.16,6.51,6.31,6.76,6.25,6.57,6.26
ARFGEF1,8.81,9.28,8.75,8.8,8.68,8.88,8.62,8.55,9.01,8.78,9.11,8.88,9.19,9.28,9.12,8.99,9.14,8.74,8.87,8.76,9.11,9.03,9.51,8.93,8.98,9.15,8.76,8.76,8.99,9.28,6.49,8.77,8.85,8.9,8.92,9.08,8.73,8.81,8.62,8.79,8.94,8.85,9.03,8.21,8.74,8.58,8.43,8.73,9.22,8.59
ARFGEF1,9.5,9.38,9.23,9.52,9.23,9.3,9.08,9.42,9.4,9.57,9.22,9.5,9.42,7.86,9.6,9.51,9.42,9.37,9.45,9.47,9.63,9.74,9.45,9.71,9.75,9.67,9.3,9.48,9.1,8.33,5.84,8.18,9.56,9.67,9.64,9.53,9.39,9.45,9.32,9.43,9.29,9.2,9.16,7.82,9.3,9.24,9.47,9.43,9.27,7.43
ARFGEF2,10.49,10.95,10.44,10.51,10.3,10.4,10.37,10.25,10.51,10.5,10.87,10.61,10.66,11.15,10.84,10.83,10.94,10.29,10.46,10.46,10.79,10.82,11.05,10.8,10.87,10.87,10.5,10.47,10.56,10.61,9.6,10.77,10.78,10.75,10.64,10.64,10.74,10.71,10.4,10.5,10.52,10.46,10.47,10.71,10.39,10.31,10.42,10.49,10.69,10.58
ARFGEF2,5.7,5.24,5.9,5.77,5.52,5.64,4.85,6.17,5.71,5.65,5.54,5.45,5.46,4.01,5.93,5.89,6.23,4.96,5.5,5.58,5.71,5.83,6.11,6.2,6.28,5.91,5.69,5.67,5.85,5.56,5.82,5.01,6.35,6.28,6.29,6.23,5.77,6.25,5.68,6.19,5.99,5.76,5.29,3.94,5.81,5.44,5.7,5.74,5.75,4.51
ARFIP1,5.93,5.53,5.51,5.63,5.18,5.13,5.4,5.87,6.06,5.78,5.64,5.75,6.05,5.9,6.28,6.41,6.53,5.93,5.82,6.1,5.72,5.84,5.52,6.04,6.12,6.18,5.49,5.84,5,4.45,4.71,4.76,6.28,6.29,6.21,5.97,5.51,6.01,5.73,5.89,5.47,5.19,4.93,5.37,5.48,5.23,5.48,5.85,5.31,6.01
ARFIP1,6.55,6.71,6.51,6.48,6.26,6.26,5.91,6.6,6.69,6.52,6.85,6.56,6.46,6.68,6.92,6.77,6.77,6.58,6.69,6.65,6.43,6.72,6.67,6.74,6.73,6.71,6.44,6.6,6.23,6.01,6.06,5.02,6.74,6.95,6.77,6.81,6.43,6.9,6.65,6.54,6.45,6.46,6.32,6.16,6.29,6.28,6.29,6.66,6.59,6.3
ARFIP1,5.57,4.94,5.32,5.29,4.73,4.72,4.83,5.24,5.61,5.41,4.55,5.43,5.13,5.14,5.78,5.84,5.62,5.27,5.18,5.65,5.28,5.25,4.81,5.96,5.41,5.54,5.06,5.47,4.89,5.05,5.78,4.94,6.04,5.59,5.67,5.51,5.06,5.58,5.1,4.98,4.74,4.48,4.94,5.43,4.79,4.7,4.97,5.03,5.06,4.84
ARFIP1,6.14,5.95,5.8,6.16,5.59,5.58,4.59,6.21,6.26,6.34,5.96,6.21,6.12,4.73,6.7,6.5,6.68,6.19,6.24,6.38,6.05,6.38,6.15,6.38,6.69,6.49,5.93,6.36,5.58,4.5,5.03,4.39,6.27,6.49,6.27,6.51,6.05,6.67,5.57,6.01,5.97,6.07,5.39,4.97,5.71,5.01,6.19,6.32,6.18,5.2
ARFIP2,5.16,5.06,5.4,5.25,5.38,5.5,5.15,5.29,5.23,5.37,5.25,5.05,4.93,4.73,5.3,5.13,5.15,5.28,5.17,5.07,5.54,5.24,5.09,5.53,5.48,5.2,5.48,5.31,5.26,5.41,5.62,6.41,5.33,5.17,4.87,5.38,5.02,5.13,5.52,5.67,5.61,5.32,5.45,5.13,5.56,5.21,5.29,5.4,5.37,6.61
ARFIP2,8.61,8.5,8.85,8.69,8.59,8.75,8.76,8.96,8.67,8.77,8.48,8.69,8.45,7.23,8.74,8.83,8.75,8.64,8.56,8.45,8.65,8.77,8.59,9,8.98,8.91,8.66,8.9,8.5,8.23,6.97,8.2,8.78,8.92,8.81,8.86,8.75,8.9,8.43,8.72,8.65,8.62,8.4,8.06,8.77,8.66,8.74,8.78,8.69,8.3
ARFIP2,7.99,7.78,8.1,8.01,8.28,8.13,8.06,8.3,7.96,8.05,7.84,7.91,7.95,7.23,8.12,8.14,8.09,7.77,7.6,7.85,8.07,8.02,7.95,8.22,8.18,8.07,7.99,8.07,7.9,7.54,8.85,7.82,8.29,8.35,8.3,8.1,8.08,8.25,8.08,7.98,8.01,7.81,7.63,6.61,7.92,7.74,8.05,8.14,8.03,7.72
ARFIP2,8.31,8.02,8.39,8.1,7.85,7.91,6.93,8.41,8.24,8.37,7.77,8.19,8.1,5.75,8.22,8.21,8.45,7.75,7.97,7.97,8.42,8.14,7.81,8.41,8.33,8.55,8.23,8.17,7.65,6.49,7.72,7.74,8.49,8.69,8.51,8.14,7.9,8.45,7.21,8.25,7.89,7.6,7.62,7.3,7.99,7.48,7.88,8.17,7.9,5.99
ARFIP2,8.22,7.76,8.14,8.11,7.54,8.34,7.72,8.1,8.19,8.14,7.51,8.03,7.99,5.96,8.32,8.34,8.18,7.8,7.97,7.94,8.03,8.07,7.98,8.37,8.27,8.39,8.06,8.17,7.88,6.51,7.37,5.98,8.49,8.41,8.38,8.37,8.11,8.46,7.65,8.09,7.86,7.78,7.67,5.96,8.12,7.94,8.15,8.32,8.06,7.32
ARFIP2,9.17,9.18,9.4,9.37,9.77,9.63,9.6,9.46,9.24,9.24,9.13,9.26,9.2,7.95,9.33,9.44,9.32,9,9.08,8.94,9.59,9.42,9.36,9.41,9.39,9.54,9.43,9.27,9.42,9.91,8.76,8.89,9.56,9.6,9.6,9.35,9.43,9.5,9.73,9.36,9.47,9.43,9.48,8.34,9.53,9.59,9.42,9.38,9.48,8.07
ARFIP2,9.29,9.11,9.42,9.29,9.6,9.46,9.1,9.33,9.22,9.33,9.19,9.19,9.11,7.21,9.3,9.4,9.46,9.05,9.12,9.02,9.34,9.31,9.33,9.54,9.55,9.5,9.3,9.32,9.4,8.65,8.66,8.57,9.58,9.61,9.62,9.42,9.41,9.38,8.94,9.44,9.45,9.27,9.2,7.85,9.35,9.42,9.45,9.31,9.37,8.45
ARFRP1,5.82,5.78,5.88,5.89,6.26,5.95,5.81,5.98,5.75,5.6,6.09,5.78,5.61,6.24,5.6,5.86,5.62,6.29,6.17,5.84,6.08,5.96,5.87,6.03,5.75,5.69,5.69,5.88,5.96,5.63,4.45,6.14,5.83,5.66,5.92,5.76,5.97,5.66,6.63,5.72,5.95,6.21,5.55,7.57,6.06,6.29,6.54,6.02,5.89,6.68
ARFRP1,8.36,7.68,8.29,8.39,7.88,7.84,7.02,8.4,8.27,8.28,7.55,8.17,8.12,5.06,8.57,8.52,8.56,8.69,8.83,8.92,8.49,8.42,7.85,8.68,8.44,8.71,8.15,8.4,7.65,4.82,6.87,6.88,8.75,8.58,8.58,8.55,8.52,8.72,8.06,8.22,8.19,8.23,8.41,5.64,8.63,8.68,8.58,8.22,7.87,5.02
ARFRP1,9.17,8.86,9.24,9.23,9.49,9.4,8.83,9.14,9.07,8.9,9.01,9.13,9.08,9.18,9.47,9.27,9.41,9.42,9.46,9.41,9.28,9.27,9.24,9.34,9.37,9.55,9.3,9.15,8.99,8.81,9.57,8.91,9.34,9.33,9.41,9.37,9.43,9.49,9.49,9.37,9.27,9.36,9.38,9.46,9.54,9.61,9.6,9.24,9.2,8.94
ARG1,3.52,3.61,3.48,3.67,3.3,3.58,3.27,3.62,3.48,3.52,3.59,3.73,3.49,3.99,3.5,3.71,3.45,3.62,3.46,3.6,3.74,3.43,3.59,3.51,3.57,3.47,3.9,3.8,3.82,5.66,5.65,3.82,3.57,3.71,3.47,3.54,3.55,3.35,4.81,3.37,3.44,3.48,3.79,3.81,3.64,3.38,3.58,3.43,3.57,4.05
ARG2,5.74,5.4,5.9,5.72,5.35,5.5,5.88,5.22,5.46,5.78,5.34,5.15,4.89,5.36,5.63,6.14,5.86,5.79,5.57,5.61,5.23,5.48,5.25,5.76,6.1,5.75,5.7,5.57,5.24,4.87,4.81,5.47,5.91,5.94,6.08,5.65,5.64,5.59,4.66,5.45,5.22,5.22,5.45,5.4,5.62,5.73,5.92,5.26,5.85,6.23
ARG2,5.81,6.31,6.84,6.22,6.34,6.13,6.3,5.83,6.58,6.54,6.25,6.02,5.9,6.34,6.51,6.33,6.45,6.24,6.37,6.15,5.95,5.83,5.74,6.65,6.3,6.05,6.23,5.84,6.02,5.63,7.47,7.16,6.79,6.85,6.72,5.97,6.06,6.54,5.44,5.71,5.63,5.75,5.93,7.6,6.72,6.74,6.69,5.87,6.03,7.43
ARGFX,3.52,3.48,3.54,3.68,3.75,4.08,4.15,3.94,3.44,3.6,3.52,3.56,3.44,3.63,3.52,3.84,3.54,3.71,3.69,3.66,3.5,3.52,3.54,3.46,3.79,3.57,3.9,3.59,3.52,5.08,4.97,5.14,3.62,3.39,3.71,3.69,3.65,3.52,5.69,3.84,4.04,3.81,3.41,3.74,3.56,3.85,3.73,3.44,3.63,4.66
ARGLU1,7.76,6.93,7.73,7.51,7.22,7.45,8.1,7.45,7.62,7.66,6.69,7.4,7.25,6.13,7.24,7.11,7.17,7.92,7.9,8.05,7.19,7.36,6.74,7.54,7.31,7.42,7.33,7.48,6.95,5.4,5.98,5.38,7.26,7.22,7.39,7.51,7.11,7.44,6.77,7.84,7.53,7.24,7.21,5.23,7.28,7.47,7.49,7.39,7.07,5.05
ARGLU1,7.55,6.46,7.64,7.42,7.11,7.41,7.94,7.84,7.38,7.32,6.43,6.82,6.59,5.58,7.16,7.03,7.1,7.95,7.89,8.01,6.69,6.74,6.35,7.66,7.32,7.24,7.23,7.29,6.69,5.21,4.64,6.36,7,6.86,7.23,7.24,6.75,7.43,7.5,7.39,7.14,7.15,7.01,5.47,7.61,7.26,7.51,7.48,6.82,4.77
ARGLU1,12.91,13.06,12.92,12.96,12.91,12.87,12.75,13.03,12.91,12.98,13.16,12.98,12.89,13.36,12.82,12.73,12.7,12.97,12.97,12.99,12.82,12.96,12.96,12.79,12.87,12.7,12.89,12.99,12.92,12.79,12.94,13.16,12.58,12.69,12.72,12.82,12.63,12.82,12.59,12.82,12.75,13.01,12.94,13.39,12.8,12.75,12.91,12.87,12.89,13.38
ARGLU1,12.32,12.49,12.35,12.4,12.25,12.24,12.01,12.36,12.35,12.34,12.5,12.4,12.43,12.18,12.1,12.07,12.07,12.31,12.33,12.42,12.22,12.37,12.48,12.15,12.22,12.15,12.27,12.37,12.31,12.27,11.09,11.64,11.92,12.07,12,12.09,11.98,12.18,11.9,12.17,12.09,12.39,12.33,12.03,12.14,12.14,12.26,12.32,12.38,11.97
ARGLU1,4.32,4.04,4.87,4.77,3.95,4.32,3.87,4.42,4.48,4.16,3.93,4.56,4.1,4.13,4.27,4.17,4.31,4.77,4.66,4.87,4.2,4.22,4.05,4.29,4.93,4.39,4.78,4.33,3.81,3.75,6,5.46,4.87,4.76,4.75,4.29,3.92,4.99,5.24,4.35,3.93,4.22,3.95,4.66,4.13,3.92,3.93,4.85,4.1,5.83
ARHGAP1,10.05,10.01,10.23,10.21,10.55,10.45,10.2,10.32,10.1,10.15,10.3,10.02,10,10.59,10.14,10.06,10.17,10.25,10.26,10.21,10.27,10.28,10.18,10.18,10.3,10.17,10.23,10.19,10.26,10.19,9.71,10.36,10.24,10.23,10.23,10.19,10.22,10.08,10.54,10.27,10.28,10.32,10.42,10.52,10.32,10.32,10.11,10.19,10.38,10.52
ARHGAP1,5.91,5.66,5.98,6.28,5.72,5.92,5.93,6.15,6.11,5.82,5.18,6.16,5.78,6.72,6.16,6.31,5.76,6.4,6.02,6.3,5.84,6.02,5.68,6.21,6.02,5.9,5.63,6.33,5.45,4.81,5.1,5.4,6.18,6.03,5.78,6,5.23,6.08,5.85,5.86,5.46,5.83,6.01,5.7,5.87,5.63,6.01,5.85,5.66,5.66
ARHGAP10,8.62,8.52,8.68,8.7,9.04,9,8.38,8.65,8.48,8.52,8.66,8.59,8.47,8.39,9.03,8.96,8.91,8.66,8.55,8.77,8.56,8.78,9.02,9.24,9.08,8.97,8.58,8.81,8.68,8.29,9.27,9.17,9.27,9.26,9.26,9.19,9.13,9.28,8.31,8.91,8.98,8.79,8.78,8.02,8.64,8.45,8.55,8.77,8.85,9.33
ARHGAP11A,7.48,7.2,7.29,7.16,7.24,7.06,7.03,6.94,7.38,7.47,7.2,7.13,7.03,7.15,7,6.73,7.05,7.26,7.62,7.72,6.06,6.46,6.4,6.62,6.81,6.77,7.06,7.36,6.92,7,7.21,7.92,7.52,7.31,7.56,7.22,7.02,7.24,7.3,7.42,7.19,6.21,6.36,7.01,6.79,6.11,6.68,7.35,7.32,7.54
ARHGAP11A,7.22,6.96,7.08,7.05,6.56,6.71,6.34,6.63,7.03,6.98,7.02,6.76,6.76,5.89,6.81,6.69,6.57,7.34,7.13,7.11,6,5.87,5.87,6.32,6.18,6.07,7.1,6.98,6.85,6.04,6.02,6.17,7.31,7.26,7.42,6.9,6.53,6.72,6.29,7.13,6.81,6.13,6.1,5.97,6.26,6.12,6.06,7.1,6.96,6.98
ARHGAP11A,5.68,5.79,5.85,5.58,5.9,5.48,5.24,5.76,5.69,5.72,5.96,5.42,5.32,5.52,5.45,5.34,5.29,5.35,5.6,5.45,4.82,5.01,5,4.58,5.03,4.49,5.92,5.48,5.77,5.61,5.16,6.32,5.76,5.86,6.02,5.42,5.53,5.23,5.3,6.13,6.02,4.95,5.38,6.61,5.14,5.1,5.6,5.37,5.84,5.77
ARHGAP11A,8.41,8.18,8.05,8.12,7.64,7.59,7.21,8.19,8.26,8.26,8,8.08,8.04,5.81,7.73,7.54,7.76,7.89,7.95,8.3,6.8,6.88,6.77,6.96,6.95,6.91,8.11,8.21,7.87,7.42,6.62,6.16,8.24,8.34,8.38,7.6,7.46,7.67,7.7,8.09,7.92,7.2,7.13,5.63,7.18,6.65,7,8.05,8,5.99
ARHGAP11A /// ARHGAP11B,8.21,7.65,7.61,7.76,7.38,7.29,7.31,8.07,7.92,7.89,7.81,7.46,7.23,7.27,7.69,7.3,7.69,7.67,7.71,7.9,6.97,7.3,6.92,7.18,7.19,6.9,7.81,8.05,7.92,6.65,6.41,6.82,8.24,8.23,8.24,7.4,7.62,7.35,7.38,7.75,7.62,7.12,7.54,7.07,7.37,6.84,6.84,7.54,7.57,7.63
ARHGAP12,4.87,4.63,4.55,4.54,4.54,4.41,4.95,4.36,4.77,4.61,4.88,4.75,5.01,5.27,4.9,5.07,4.93,4.45,4.62,4.68,5,4.99,5.48,5.01,5.27,5.19,4.67,4.41,4.92,4.47,4.17,3.9,4.87,5.24,4.92,5.06,5.13,4.72,5.21,4.58,4.73,4.88,5.05,4.67,4.52,3.94,4.27,4.36,5.26,4.44
ARHGAP12,5.87,5.49,5.66,5.6,5.41,5.27,5.23,5.46,5.64,5.88,5.55,5.7,5.76,7.48,5.69,5.44,6.24,5.78,6.06,5.73,6.21,5.76,5.88,6.41,6.11,6.04,5.73,5.58,5.34,4.79,7.16,4.9,6.28,6.62,6.53,5.91,5.82,6.69,5.64,5.87,6.09,5.53,5.75,7.42,5.02,5.54,5.4,5.7,5.5,5.42
ARHGAP15,9.29,9.15,9.41,9.31,9.17,9.32,9.14,9.4,9.31,9.26,9.15,9.31,9.29,8.67,9.09,9,8.97,9.84,9.78,9.77,9.39,9.25,9.19,9.39,9.28,9.48,9.32,9.16,9.2,9.04,6.72,8.59,8.74,8.84,8.93,9.44,9.31,9.5,9.67,9.7,9.68,9.45,9.55,8.26,9.58,9.79,9.47,9.41,9.29,8.45
ARHGAP15,7.77,7.58,7.66,7.59,5.84,6.96,6.76,7.06,7.78,7.87,7.11,7.94,7.76,5.89,7.49,7.44,7.57,7.84,8.16,8.1,7.79,7.61,7.26,7.62,7.71,7.75,7.46,7.62,6.89,5.93,6.24,6.8,7.15,7,7.24,7.77,7.28,7.78,7.36,7.71,7.47,7.26,7.11,5.61,7.8,7.3,7.64,7.58,7.56,5.5
ARHGAP17,6.97,7.1,7.03,7.03,7.48,7.19,7.08,7.36,7.06,7.14,7.15,6.97,6.81,6.36,7,6.55,7.1,7.15,7.03,7.18,7.29,6.91,7.42,7.13,7.11,6.84,7.24,7.01,7.25,7.26,6.74,5.98,6.96,6.99,6.82,7.24,7.07,7.09,7.12,7.62,7.48,7.39,7.47,6.15,7.06,7.11,7.11,7.31,7.53,5.88
ARHGAP17,7.17,7.29,7.62,7.42,7.53,7.78,7.41,7.71,7.52,7.43,7.54,7.36,7.16,5.91,7.29,7.2,7.44,7.24,7.55,7.36,7.5,7.47,7.59,7.47,7.4,7.37,7.49,7.41,7.54,7.9,6.49,6.73,7.21,7.12,7.39,7.49,7.48,7.38,7.22,7.73,7.78,7.86,7.83,6.62,7.35,7.7,7.42,7.57,8.01,5.89
ARHGAP17,4.83,4.69,4.84,4.76,4.53,4.77,4.84,4.97,4.85,4.73,4.74,4.76,4.92,5.25,4.67,5.08,4.86,4.7,4.91,4.74,5.04,4.85,4.75,4.73,4.49,4.93,4.71,4.87,5.07,5.42,5.42,5.78,5.06,4.69,4.89,4.92,5.19,5.15,5.13,4.89,4.93,4.82,4.81,4.42,4.74,5.01,5.12,4.58,4.83,5.13
ARHGAP17,5.48,5.27,5.66,5.55,5.98,5.61,5.29,5.64,5.68,5.49,5.82,5.34,5.09,5.79,5.36,5.82,5.56,5.44,5.48,5.59,5.75,5.51,5.65,5.57,5.33,5.38,5.74,5.35,5.55,5.38,5.48,4.29,5.68,5.46,5.23,5.72,5.76,5.31,5.57,5.99,5.95,5.96,6.05,5.1,5.23,6.06,5.74,5.62,5.98,5.42
ARHGAP17,4.08,4.01,4.03,4.37,4.21,4.14,4.53,4.22,4.11,4.12,4.09,4.13,4.27,5.2,3.98,4.1,4.36,4.43,4.21,4.13,4.33,4.26,4.34,4.03,4.38,4.37,3.9,4.28,4.47,4.26,4.74,4.39,3.99,4.2,4.51,4.35,4.24,4.1,4.78,3.98,4.12,4.55,4.13,4.65,4.33,4,3.9,4.53,4.16,5.5
ARHGAP18,4.21,4.31,4.04,3.86,3.97,3.91,4.22,3.92,4.08,4.18,3.94,4.28,4.15,4.5,4.18,3.81,3.9,3.94,4.13,4.22,4.26,4.11,4.06,4.1,4.14,3.95,4.24,4.29,3.95,4.65,4.32,4.28,3.98,3.91,4.2,3.79,4.08,4.14,5.73,3.89,3.83,4.16,4.22,5.54,4,3.9,4.14,4.16,4.12,3.97
ARHGAP18,3.5,3.39,3.61,3.46,3.52,3.49,3.58,3.66,3.62,3.66,3.77,3.61,3.43,4.21,3.48,3.75,3.44,3.83,3.91,3.98,3.66,3.77,3.68,3.55,3.54,3.66,3.7,3.67,3.41,3.79,3.99,5.18,3.66,3.57,3.95,3.77,3.62,3.45,4.96,3.53,3.78,3.38,3.73,4.87,3.81,3.46,3.8,3.67,3.71,4.49
ARHGAP18,4.18,4.14,3.93,4.09,4.41,3.83,3.86,3.93,4.05,4.22,4.07,4.07,4.13,5.27,4.19,3.93,4.4,4.13,4.28,4.2,4.09,3.84,3.9,4,4.08,3.68,4.68,4.41,4.1,4.86,6.89,4.33,4.21,3.67,4.23,3.94,3.95,4.08,4.22,3.66,3.96,3.67,3.81,5.15,4.34,4.74,4.5,4.09,4.05,4.89
ARHGAP19,7.27,6.82,7.22,7.11,7.1,6.84,6.58,7.3,7.29,7.54,7.13,7.21,7.28,6.53,7.3,7.04,7.02,7.33,7.1,7.18,6.35,6.59,6.35,6.43,6.84,6.58,7.36,7.38,6.59,5.72,5.58,5.11,6.92,7.09,7.01,6.91,6.86,6.8,6.41,7.39,7.08,6.98,6.63,5.41,6.63,6.01,6.33,7.32,7.31,6.25
ARHGAP19,8.11,8.17,8.17,8.09,8.16,8.04,7.65,8.26,8.01,8.28,8.16,7.75,7.81,6.48,7.63,7.99,7.55,7.89,8.02,7.94,7.35,7.34,7.39,7.03,7.18,7.32,8.26,8.15,8.27,6.95,6.33,6.26,7.42,7.59,7.72,7.84,7.46,7.75,7.93,8.26,8.11,8.05,7.91,5.71,7.17,7.31,6.95,8.22,8.48,6.12
ARHGAP19,5.55,5.7,5.26,5.61,5.63,5.87,6.69,5.93,5.61,5.79,5.8,5.94,6.13,5.31,5.52,5.82,5.34,5.75,5.61,5.44,5.79,5.72,5.6,5.37,5.36,5.26,5.66,5.77,5.71,7.14,7.47,5.98,5.26,5.75,5.34,5.15,5.7,5.11,5.47,6,5.51,5.51,5.6,5.57,5.94,5.36,5.49,5.73,5.65,7.18
ARHGAP20,6.01,6.6,5.97,5.84,5.75,6.17,4.97,5.62,6.05,6.17,6.17,5.76,6.08,5.66,6.31,5.85,6.27,5.75,5.87,6.02,6.18,6.06,6.53,5.5,5.8,5.46,6.09,6.11,6.02,5.78,5.56,5.55,6.5,6.2,6.26,6.65,6.27,6.29,5.67,6.08,5.9,5.4,5.61,7.05,5.21,5.62,5.53,5.86,6.04,5.88
ARHGAP20,4.04,3.95,3.94,4.16,4.04,4.08,4.29,4.15,3.96,4.01,4.06,4.09,4.04,4.86,4.38,4.16,3.88,4.1,4.04,4.18,3.93,4.06,3.95,4,4.27,3.91,4.24,4.21,4.09,4.23,6.07,5.29,4.28,4.3,4.11,4.33,4.45,4.02,4.38,3.93,4.17,3.98,4.12,4.52,4.68,4.83,4.1,4.36,3.84,4.52
ARHGAP21,3.67,3.53,3.7,3.78,3.53,3.97,4,3.51,3.75,3.73,3.81,3.54,3.7,5.23,3.87,3.69,3.59,3.41,3.75,3.75,3.6,3.83,3.71,3.47,4.08,3.51,3.7,3.52,3.65,5.37,6.83,5.36,3.88,3.63,3.61,3.46,3.44,3.95,3.76,3.63,3.53,3.78,3.58,5.02,3.82,3.7,3.84,3.65,3.64,5.38
ARHGAP21,6.52,6.51,6.3,6.47,6,6.35,6.42,6.28,6.47,6.59,6.74,6.29,6.38,5.43,6.5,6.42,6.27,5.99,6.09,6.18,6.21,6.42,6.59,6.38,6.32,6.21,6.29,6.37,6.28,5.86,4.99,6.01,6.09,6.32,6.42,6.6,6.04,6.51,5.46,6.68,6.61,6.4,6.64,6.1,6.25,6.39,6.27,6.49,6.66,5.31
ARHGAP21,7.26,6.83,7.15,7.04,7.06,6.69,7.45,7.39,7.13,7.32,7.11,6.98,7.03,5.98,7.28,7.32,7.26,6.96,7.13,6.91,7.2,6.99,6.86,6.88,7.14,7.17,7.15,7.18,6.97,7.88,6,5.66,7.57,7.3,7.39,7.19,7.31,7.38,7.26,7.17,7.16,7.17,7.07,7.31,6.78,7.13,7.18,7.28,7.25,5.2
ARHGAP21,4.38,4.37,4.07,4.52,4.25,4.19,5.02,4.96,4.46,4.26,4.17,4.34,4.57,5.93,4.29,4.28,4.16,4.44,4.35,4.38,4.53,4.56,4.42,4.25,4.29,4.53,4.6,4.44,4.65,5.85,4.65,5.24,4.57,4.35,4.52,4.23,4.59,4.92,5.31,4.5,4.2,4.92,4.71,5.42,4.16,4.37,4.37,4.29,4.24,5.1
ARHGAP22,3.75,3.96,4.22,4.01,4.43,3.81,4.07,4.37,4.09,4.04,4.21,4.09,3.95,4.22,3.99,3.97,3.94,3.61,3.88,3.78,4.05,4.12,4.07,4.1,3.94,3.93,3.98,3.87,4.06,4.37,4.09,4.71,4.25,3.91,3.96,4.1,3.96,4.05,4.65,4.2,4.18,3.97,3.89,4.32,4.18,4.19,4.35,4.42,4.01,4.53
ARHGAP23,7.61,7.55,7.8,7.78,7.89,8.05,8.04,7.82,7.62,7.69,7.74,7.64,7.69,7.43,7.93,8.05,8.06,7.74,7.69,7.69,7.96,8.05,7.94,8.09,8,8.04,7.75,7.8,7.82,7.63,8.29,8.34,7.89,7.98,7.88,7.97,8.33,8.06,7.38,7.49,7.73,7.64,7.62,6.77,7.29,7.5,7.46,7.78,7.81,7.05
ARHGAP23,4.3,4.17,3.76,4.19,3.89,4.19,4.01,4.54,4.13,3.98,4.09,4.42,3.96,4.54,4,4.08,4.32,4.03,3.96,4.11,4.31,4.07,3.92,4.11,3.95,4,4.05,4.15,3.97,3.68,5.88,4.15,4.08,4.14,3.97,4.11,3.87,3.99,5.01,3.65,4.06,4.3,3.86,5.23,3.91,3.78,4.06,3.96,3.84,4.28
ARHGAP24,4.62,4.76,4.26,4.55,4.74,4.77,4.22,4.22,4.64,4.56,4.69,4.37,4.66,6.22,5.01,4.49,4.43,4.88,4.65,4.62,4.42,4.52,4.35,4.63,4.82,4.61,4.48,4.73,4.62,4.17,4.87,6.07,4.39,4.63,4.76,4.69,4.05,4.28,5.1,4.67,4.52,5.1,4.53,6.17,4.78,4.86,4.72,4.53,4.54,5.53
ARHGAP24,6.39,6.59,6.55,6.58,6.31,6.38,6.57,6.89,6.54,6.56,6.72,6.58,6.56,6.01,6.08,6.08,6.03,6.66,6.63,6.57,6.18,6.31,6.23,6.53,6.54,6.46,6.64,6.69,6.89,6.46,6.49,6.15,6.59,6.52,6.26,6.42,6.22,6.38,6.37,6.54,6.82,6.84,7.04,6.79,6.98,6.48,6.41,6.74,6.64,6.33
ARHGAP24,4.22,4.06,4.13,4.33,3.89,4.09,4.1,4.46,4.02,3.97,4.04,4.25,3.9,4.09,4.21,4.45,3.68,4.35,4.77,4.18,4.17,4.08,4.05,4.75,4.31,4.21,4.46,4.31,3.97,4.52,4.65,4.17,4.22,4.11,4.43,4.34,3.96,4.42,4.44,4.06,4.31,4.45,4.24,4.73,4.29,4.24,4.23,4.08,4.32,4.09
ARHGAP25,4.75,5.12,4.87,5.07,4.86,4.96,5,5.09,4.79,5.01,4.84,4.72,4.83,5.79,4.79,4.98,4.76,4.8,4.88,4.79,4.98,4.9,4.81,5.23,4.61,4.69,4.73,4.81,5.03,4.86,5.99,5.06,4.84,4.92,4.82,4.71,5.13,4.61,4.57,4.79,4.58,5.27,4.79,5.55,4.52,4.73,4.88,4.78,4.7,5.89
ARHGAP25,3.59,3.8,3.7,3.75,3.86,3.98,3.68,3.87,3.95,3.77,3.75,3.83,4.03,5.58,3.71,3.74,4.06,3.55,3.61,3.97,3.72,3.93,3.86,3.85,3.54,4.09,3.99,3.78,4,4.07,4.9,4.32,3.62,3.68,3.84,3.85,3.87,3.62,4.12,3.96,3.65,3.88,4.01,4.03,3.89,4.2,3.81,3.52,3.74,3.97
ARHGAP25,3.98,4,4.07,3.81,4.08,4.01,4,4.03,3.86,3.74,4.03,4,3.98,5.11,3.7,4.25,3.95,3.87,3.82,3.69,3.98,3.84,3.85,3.85,3.75,3.88,3.92,3.9,3.83,4.04,4.85,5.03,4.02,3.94,3.9,3.87,4.1,3.93,5.09,3.83,3.68,3.7,3.82,4.63,4.29,3.78,4.08,3.92,4.02,4.53
ARHGAP25,3.99,3.68,3.91,3.75,3.84,3.9,4.4,4.14,3.69,3.81,4.43,3.84,3.72,4,3.78,3.84,3.96,4.14,3.87,3.79,3.96,3.93,3.68,4.01,3.85,3.77,3.87,4.01,4.03,3.97,4.02,3.76,3.95,3.69,3.64,3.48,4.04,3.91,4.73,4.17,4.11,4.02,3.78,4.18,4.26,4.26,3.75,3.81,4.26,4.26
ARHGAP25,5.11,5.4,5.22,5.49,5.63,5.35,5.95,5.55,5.16,5.25,5.45,5.49,5.17,6.07,5.31,5.33,5.11,5.05,5.03,5.14,5.19,5.42,5.32,4.97,5.38,5.33,5.18,5.5,5.31,5.63,7.2,5.52,5.11,5.41,5.41,5.07,5.4,5.18,4.76,5.05,5.34,5.77,5.19,5.7,5.3,5.36,5.77,5.17,5.15,7.05
ARHGAP26,5.05,5.45,4.96,5.17,4.88,4.77,5.4,4.31,5.28,5.22,5.39,5.41,5.32,5.45,5.18,4.64,4.93,5.41,5.25,5.66,4.98,4.94,5.18,4.61,4.89,4.95,4.78,4.6,4.95,5.24,6.4,5.17,4.42,4.75,4.5,4.75,4.28,4.7,5.31,4.9,5.09,5.3,5.34,5.69,4.31,4.37,4.77,5.4,5.64,3.88
ARHGAP26,7.75,8.3,7.78,7.94,8.11,7.9,8.17,7.92,7.98,7.95,8.45,8.16,7.62,8.71,7.74,7.71,7.66,7.85,7.9,8.29,7.73,7.68,8.01,7.83,7.87,7.62,7.65,7.89,7.91,7.26,7.09,7.82,7.01,7.7,7.48,7.84,7.99,7.67,7,7.9,7.83,7.82,7.93,8.42,7.66,7.61,7.68,7.83,7.87,8.96
ARHGAP26,5.75,5.05,5.34,5.35,5.32,5.23,5.9,5.77,5.48,5.75,5.37,5.48,5.24,5.28,5.9,6.11,5.59,5.6,5.68,5.69,5.23,5.48,5.42,5.9,5.63,5.97,5.38,5.54,5.12,4.42,6.13,5.51,5.79,6.11,6,5.89,5.04,6.19,4.86,5.55,5.61,5.21,4.73,7.59,4.77,5.11,5.62,5.66,5.44,5.11
ARHGAP26,6.38,6.24,6.45,6.21,5.74,6.27,5.61,6.62,6.36,6.3,6.52,6.15,6.33,4.94,6.23,6.44,5.96,6.45,6.77,7,5.75,6.05,6.19,6.3,5.94,6.08,5.96,6.45,6.13,5.46,5.02,4.61,5.99,6.1,6.12,6.17,6.13,6.29,5.81,6.11,6.48,6.48,5.94,4.68,5.94,6.02,6.35,6.41,6.76,6.09
ARHGAP26,7.33,7.37,7.54,7.46,7.46,7.67,7.47,7.38,7.33,7.27,7.63,7.31,7.2,6.68,7.46,7.37,7.41,7.35,7.26,7.42,7.39,7.45,7.54,7.57,7.61,7.58,7.23,7.36,7.53,6.54,7.55,5.92,7.86,7.69,7.68,7.64,7.9,7.52,7.6,7.46,7.4,7.59,7.1,7.4,7.65,7.68,7.25,7.46,7.45,5.74
ARHGAP26,6.28,6.15,6.29,6.26,6.18,6.82,6.76,6.79,6.24,6.54,6.08,6.17,6.13,5.91,6.53,6.68,6.36,6.51,6.23,6.54,6.31,6.41,6.08,6.68,6.99,6.44,6.42,6.38,6.08,5.84,4.12,4.51,6.63,6.6,6.85,6.82,6.84,6.53,5.73,6.72,6.52,6.29,6.35,6.49,6.24,6.22,6.37,6.72,6.38,6.78
ARHGAP27,4.76,4.36,4.83,4.95,4.86,4.53,4.5,5.01,4.52,4.99,4.52,4.66,4.74,6.03,5.08,4.64,4.98,5.16,4.86,5.02,5.02,4.8,4.6,4.68,4.95,5.45,4.82,5.02,4.81,5.1,6.55,3.92,5.24,4.9,4.96,5.17,4.64,5.21,4,4.38,4.6,5.21,4.89,5.18,4.34,4.78,4.73,5.4,4.7,4.15
ARHGAP27,6.13,6.13,6.28,6.21,6.55,6.32,6.46,6.41,6.26,6.2,6.47,5.87,5.93,6.11,6.29,6.16,5.93,6.11,6.16,5.78,6.15,6.35,6.58,6.25,6.3,6.07,6.35,6.17,6.59,5.74,7.47,5.68,6.2,6.02,5.94,6.4,6.3,6.62,7.02,6.15,6.33,6.68,6.26,6.78,6.17,6.71,6.29,6.24,6.34,5.83
ARHGAP27,8.47,8.78,8.69,8.68,8.82,8.92,8.67,8.74,8.41,8.47,9.02,8.53,8.54,9,8.59,8.7,8.7,8.6,8.52,8.5,8.58,8.85,9.09,8.68,8.76,8.58,8.56,8.54,8.97,7.57,5.84,7.73,8.62,8.65,8.56,8.66,8.77,8.77,8.42,8.58,8.62,9.17,9.14,8.17,8.33,8.77,8.44,8.53,8.77,8.61
ARHGAP27,4.59,4.7,4.35,4.36,4.58,4.09,4.31,4.46,4.13,4.35,4.43,4.27,4.9,4.79,4.41,4.45,4.45,4.41,4.42,4.16,4.5,4.39,4.45,4.13,4.19,4.2,4.77,4.45,4.44,4.6,3.82,4.51,5.16,4.43,4.42,4.18,4.29,4.5,4.9,4.1,4.18,4.16,4.28,4.31,4.26,4.68,4.18,4.13,4.4,4.57
ARHGAP27,3.58,3.61,3.85,3.64,3.71,4.4,3.39,3.62,3.64,4.02,3.76,3.88,3.66,3.76,3.65,3.98,3.72,3.93,3.54,3.72,3.86,3.52,3.71,3.82,3.78,3.46,3.47,3.55,3.64,3.72,3.41,4.21,3.81,3.87,3.71,3.59,3.51,3.67,5.37,4.07,3.79,3.52,3.93,4.05,3.53,3.71,3.49,3.69,3.66,3.64
ARHGAP28,5.38,5.87,5.53,5.53,5.09,5.51,4.09,5.58,5.4,5.36,5.98,5.25,5.25,6.09,5.4,5.18,5.06,5.36,5.54,5.46,4.66,5.37,5.09,5.17,5.28,5.4,5.46,5.16,4.91,4.36,5.64,4.59,4.48,5.05,5.14,4.7,4.93,4.96,4.28,5.41,5.11,4.49,4.71,5.7,6.02,6.16,5.77,5.15,5.5,6.34
ARHGAP28,3.81,3.62,3.96,3.62,3.73,3.81,3.98,3.73,3.45,3.53,3.66,3.65,3.55,4.39,3.63,3.67,3.5,3.73,3.64,3.52,3.43,3.65,3.76,4.08,3.56,3.8,3.47,3.67,3.59,4.01,5.11,3.87,3.56,3.71,3.8,3.59,3.72,3.62,3.98,3.83,3.69,3.5,3.8,4.08,3.93,4.09,3.75,3.61,3.85,4.27
ARHGAP28,5.09,5.41,4.72,4.85,4.31,4.47,4.71,4.19,5.11,4.72,5.42,4.8,4.98,6,4.74,4.97,4.7,4.51,4.44,5.03,5.29,4.58,5.02,4.24,4.51,4.41,5.13,4.86,4.99,4.38,5.81,4.62,4.94,5.27,4.99,4.42,4.63,4.85,4.81,4.46,4.45,4.48,4.77,5.25,4.66,4.47,4.96,4.79,4.47,4.37
ARHGAP29,5.6,5.86,5.71,5.77,5.73,5.71,5.3,5.53,5.9,5.75,6.07,5.65,5.42,7.94,5.74,5.99,5.99,5.21,5.3,5.7,6.12,6.35,6.49,6.22,6.34,6.31,5.64,6.15,5.8,6.72,7.36,7.56,5.95,6.29,6.37,5.91,6.01,5.9,5.79,5.79,5.44,6.24,5.9,7.68,5.74,5.82,5.98,5.98,5.83,7.19
ARHGAP29,7.06,7.25,6.55,6.87,6.51,6.93,6.72,6.9,6.84,7.14,7.41,6.78,6.52,6.19,7.2,6.82,7.15,6.7,6.38,6.59,7.4,7.69,7.95,7.59,7.58,7.53,7.26,6.84,7.27,6.68,5.92,6.66,7.44,7.74,7.74,6.93,6.65,6.86,7.49,7.02,7.13,7.32,7.02,7.92,7.15,6.84,7,7.19,7.07,6.51
ARHGAP29,4.31,3.98,4.08,4.45,4.02,4.2,4.54,4.03,4.06,4.35,4.1,4.12,3.94,4.07,4.32,4.43,4.04,3.95,3.75,4.33,4.22,4.22,4.46,4.43,4.49,4.17,4.13,3.98,4.08,3.96,6.63,3.9,4.42,4.42,4.46,3.91,4.09,4.18,5.12,4.09,3.97,4.28,3.88,4.08,4.46,3.87,4.02,4.05,4.09,3.99
ARHGAP29,3.85,4.21,3.59,3.89,3.88,3.98,4.32,3.93,3.96,3.8,3.95,3.91,4.09,4.39,3.76,3.73,4.01,3.9,3.69,3.82,3.75,3.91,3.94,3.75,3.89,3.62,4.17,4,3.99,4.57,4.76,4.02,4.13,4.34,4.1,3.76,3.76,3.82,3.48,3.88,4.13,4.02,3.69,4.95,3.63,3.66,3.73,3.78,3.84,3.85
ARHGAP29,3.37,3.54,3.51,3.23,3.66,3.39,3.36,3.35,3.37,3.4,3.49,3.44,3.63,3.36,3.32,3.83,3.49,3.49,3.82,3.53,3.44,3.46,3.62,3.36,3.39,3.58,3.55,3.48,3.32,3.84,3.36,5.21,3.56,3.42,3.54,3.21,3.37,3.33,3.77,3.42,3.57,3.26,3.26,3.35,3.39,3.45,3.84,3.35,3.66,3.86
ARHGAP29,3.43,3.33,3.51,3.37,3.89,3.58,3.92,4,3.54,3.71,3.54,3.46,3.46,3.72,3.51,3.42,3.62,3.56,3.68,3.42,3.83,3.57,3.54,3.92,3.44,3.76,3.63,3.48,3.65,4.73,4.68,5.51,3.39,3.58,3.55,3.68,3.56,3.7,3.93,3.54,3.53,3.53,3.38,4.09,3.48,3.41,3.84,3.53,3.65,4.2
ARHGAP30,8.42,8.41,8.71,8.65,8.68,8.57,8.4,8.61,8.55,8.61,8.52,8.63,8.54,8.09,8.54,8.52,8.44,8.51,8.55,8.68,8.75,8.69,8.73,8.76,8.72,8.56,8.62,8.54,8.52,8.2,6.19,7.16,8.21,8.28,8.26,8.71,8.56,8.59,8.69,8.74,8.75,8.65,8.59,8.22,8.59,8.51,8.59,8.7,8.91,7.53
ARHGAP4,7.19,7.11,7.58,7.27,7.76,7.75,6.96,7.74,7.36,7.11,7.41,7.37,7.16,7.65,7.09,7.13,7.04,7.4,7.56,7.49,7.21,6.99,7.21,7.26,7.08,7.07,7.3,7.24,7.59,7.45,7.58,8.24,6.88,6.9,6.93,7.25,7.38,7.33,6.11,7.69,7.62,7.74,7.77,8.18,7.14,7.49,7.19,7.41,7.53,8.26
ARHGAP4,7.32,7.08,7.49,7.37,7.63,7.34,6.57,7.53,7.39,7.36,7.4,6.94,6.95,6.8,7.04,6.79,7.18,7.67,7.44,7.29,7.29,7.07,7.27,7.51,7.21,7.03,7.29,7.15,7.59,7.39,4.8,6.56,6.87,6.77,6.7,7.21,7.48,7.25,7.03,7.43,7.41,7.55,7.7,6.65,6.71,7,7.08,7.44,7.61,7.63
ARHGAP4,9.31,9.32,9.45,9.4,9.65,9.64,9.79,9.4,9.16,9.23,9.43,9.44,9.27,9.52,9.09,9.02,9.09,9.59,9.41,9.47,9.19,9.13,9.33,9.13,9.24,9.05,9.39,9.23,9.68,9.32,8.1,9.3,8.79,9,8.93,9.09,9.22,9.2,9.63,9.35,9.29,9.59,9.53,9.61,9.19,9.37,9.19,9.23,9.5,9.46
ARHGAP4,8.58,8.54,8.7,8.65,8.8,8.81,8.82,8.78,8.49,8.57,8.91,8.46,8.6,9,8.46,8.26,8.29,8.86,8.73,8.74,8.64,8.41,8.68,8.59,8.41,8.39,8.7,8.48,8.86,8.21,8.74,8.87,8.14,8.07,8.18,8.38,8.5,8.41,8.18,8.68,8.66,8.81,8.88,8.9,8.44,8.57,8.58,8.55,8.73,8.68
ARHGAP5,8.93,8.89,8.57,8.73,8.45,8.47,8.39,8.44,8.76,8.81,8.93,8.81,8.64,7.5,8.67,8.57,8.59,8.53,8.43,8.64,8.54,8.77,8.56,8.44,8.74,8.55,8.47,8.62,8.46,7.86,6.58,7.08,8.89,8.79,8.68,8.66,8.35,8.59,8.1,8.69,8.61,8.29,8.43,7.59,8.36,8.08,8.53,8.78,8.71,7.76
ARHGAP5,4.54,4.13,4.3,4.44,4.26,4.84,4.68,4.37,4.49,4.16,4.82,4.44,4.34,5.59,4.34,4.37,4.29,4.61,4.5,4.39,4.32,4.33,4.45,4.7,4.6,4.59,4.5,4.48,4.14,4.68,6.4,5.89,4.28,3.91,4.57,4.39,4.44,4.08,4.8,4.26,4.44,4.53,4.66,5.36,4.12,4.75,4.13,4.48,4.57,5.39
ARHGAP5,7.7,8.12,7.67,7.88,7.78,7.66,7.85,7.66,8.04,7.75,7.95,7.97,8.1,7.44,8.08,7.43,7.72,7.82,7.71,7.88,7.46,7.59,8.04,7.7,7.72,7.35,7.81,7.89,7.79,6.96,7.15,7.76,7.52,7.69,7.67,7.85,7.4,7.61,7.72,7.72,7.71,7.45,7.51,6.81,7.55,7.67,7.76,7.89,8.03,8.23
ARHGAP5,7.71,7.99,7.85,7.86,7.44,7.62,6.79,7.45,7.88,7.81,8.1,7.96,7.91,7.35,7.99,7.83,7.84,7.52,7.64,7.61,7.47,7.57,7.93,7.41,7.72,7.56,7.89,7.89,7.63,6.35,7.12,7.26,7.34,7.81,7.63,7.95,7.48,7.7,7.58,7.96,7.86,7.7,7.57,8.56,7.44,6.9,7.68,7.91,8.14,7.9
ARHGAP5,6.36,5.97,6.08,6.5,5.12,5.64,5.2,6.09,6.7,6.47,5.58,6.26,6.23,5.29,6.15,6.35,6.27,6.36,6.39,5.83,6.06,6.32,6.04,6.56,6.07,6.22,6,6.43,5.94,6.03,5.22,5.7,6.1,6.35,6.49,6.21,6.12,5.81,5.47,6.14,6.28,5.09,5.46,4.99,6,6.22,5.98,6.56,6.22,6.75
ARHGAP5,6.17,6.21,5.99,6.08,5.46,5.37,5.26,5.62,6.4,6.12,6.11,6.19,6.18,5.24,6.08,5.9,6.19,5.85,5.83,5.68,5.86,5.79,6.39,6.04,5.9,5.96,6,6.14,6.22,5.38,5.98,5.79,5.71,5.82,6.23,6.25,5.74,6.02,5.43,5.91,6.16,5.66,5.24,4.29,5.52,5.87,5.88,6.23,6.39,5.16
ARHGAP5,7.12,7.45,6.96,7.26,6.83,6.7,6.53,6.7,7.5,7.28,7.54,7.34,7.27,6.96,7.31,7.09,7.33,6.78,6.94,7.17,6.78,7.08,7.32,7.09,6.92,7.07,7.18,7.35,7.16,6.53,5.72,5.64,6.69,6.94,7.08,7.1,6.35,7.16,5.97,7.18,7.08,7.08,7.01,6.24,6.84,6.68,6.72,7.4,7.29,5.99
ARHGAP6,4.63,4.59,4.56,4.48,4.93,4.55,4.93,4.87,4.33,4.58,4.59,4.62,4.51,5.99,4.45,4.53,4.71,4.86,4.66,4.79,4.57,4.63,4.75,4.49,4.61,4.72,4.6,4.67,4.57,5.03,5.49,5.23,4.68,4.5,4.56,4.52,4.7,4.79,5.09,4.52,4.69,4.75,4.67,5.42,5.13,4.78,4.4,4.86,4.72,6.46
ARHGAP6,4.2,4.33,4.53,4.25,4.31,4,4.17,4.27,4.11,4.35,4.38,4.47,4.45,4.46,4.52,4.39,4.23,4.36,4.06,4.03,4.4,4.51,4.44,4.12,4.28,4.09,4.05,4.33,4.36,4.71,4.74,5.33,4.33,4.03,4.44,4.09,4.07,4.03,4.17,4.14,4.27,3.94,4.24,4.84,4.35,4.11,4.59,4.6,4.27,4.56
ARHGAP6,3.38,3.38,3.63,3.53,3.54,4.37,3.67,3.45,3.65,3.52,4,3.5,3.49,4.05,3.51,3.65,3.61,3.59,3.57,3.8,3.48,3.6,3.4,3.66,3.72,3.36,3.6,3.78,3.53,5.06,4.05,5.33,3.81,3.49,3.59,3.56,3.82,3.48,4.04,3.36,3.45,3.91,3.79,4.54,3.77,4.09,3.58,3.64,3.5,3.84
ARHGAP6,5.89,6.4,5.82,6.01,6.1,6.16,6.66,6.13,5.75,5.61,6.15,6,6.08,5.86,5.93,6.23,6.17,6.11,5.92,5.66,5.81,6.13,6.21,5.98,5.89,5.73,5.8,6,5.58,5.34,5.5,5.78,6.24,5.91,6.11,5.78,5.76,5.99,6.21,5.83,5.79,5.98,5.92,5.91,5.97,6.22,6.07,6.19,5.81,6.07
ARHGAP8,5.26,5.44,5.39,5.25,5.76,5.83,5.44,5.48,5.42,5.34,5.52,5.52,5.25,6.05,5.23,5.5,5.47,5.49,5.68,5.42,5.31,5.27,5.4,5.48,5.64,5.49,5.53,5.42,5.26,5.32,5.25,5.71,5.36,5.2,5.57,5.46,5.22,5.4,6.38,5.66,5.44,5.59,5.41,6.54,5.56,6.17,6,5.7,5.37,6.42
ARHGAP8 /// LOC553158,3.85,3.83,3.81,3.97,3.95,3.75,4.21,4.18,3.82,3.88,4.16,3.81,3.84,4.17,4.01,4.16,3.73,3.95,3.78,3.8,3.85,4.07,3.96,3.77,3.82,3.95,3.96,3.97,3.89,3.55,5.18,3.52,3.93,3.84,3.93,4.12,3.78,3.83,3.79,3.78,3.83,4.03,3.89,3.9,4.02,3.67,3.75,4.03,3.86,5.07
ARHGAP8 /// LOC553158,5.31,4.83,5.08,5.3,5.25,5.59,4.94,5.09,5.11,5.07,5.48,5.2,5.09,5.37,5.53,5.08,5.24,5.44,5.32,4.94,5.44,5.22,5.25,5.45,5.57,5.05,5.06,5.24,5.25,6.96,5.04,5.42,5.17,5.13,5.51,5.29,4.86,5.56,4.87,5.3,5.17,5.06,4.83,5.57,5.26,5.46,5.05,5.22,5.02,6.41
ARHGAP8 /// LOC553158,4.49,4.83,4.67,4.65,4.74,5.18,4.73,4.81,4.65,4.76,4.92,4.86,4.63,5.11,4.56,4.49,4.65,4.91,4.72,4.68,4.51,4.87,4.79,4.45,4.56,4.6,4.64,4.94,5,5.13,5.33,5.62,4.49,4.65,4.67,4.65,4.64,4.73,4.68,4.78,4.46,4.95,4.77,6.03,4.82,4.87,4.56,4.64,4.67,6.37
ARHGAP8 /// PRR5,7.69,7.37,7.74,7.83,8.09,7.83,8.08,7.4,7.54,7.77,7.68,7.89,7.58,10.07,8.69,8.77,8.53,7.38,7.52,7.76,8.17,8.21,8.4,8.54,8.82,8.51,7.52,7.8,7.83,6.77,7.97,7.49,8.68,8.85,8.91,8.91,8.63,8.96,7.82,8.01,8.04,7.81,7.67,9.94,8.08,7.92,8.02,7.78,7.94,10.54
ARHGAP8 /// PRR5,6.14,6.04,6.46,6.01,6.45,6.2,5.25,6.25,6.12,6.22,6.21,6.24,6.21,5.99,7.46,7.3,7.36,6.31,6.05,6.05,6.66,6.78,6.94,7.44,7.26,7.04,6.45,6.45,6.36,5.63,6.07,6.13,7.39,7.35,7.53,7.49,7.58,7.7,5.33,6.62,6.53,6.44,6.43,7.27,6.64,6.54,6.4,6.57,6.46,5.82
ARHGAP8 /// PRR5,5.83,5.1,5.88,5.8,5.46,5,5.16,5.59,5.75,5.26,5.04,5.45,5.64,5.04,6.34,6.18,6.39,5.44,5.3,5.53,6.25,6.02,6,6.25,6.24,6.52,5.7,5.47,5.38,4.89,5.02,4.51,6.81,6.98,6.66,6.8,6.8,6.83,4.87,5.57,5.79,4.91,5.18,5.53,5.31,5.16,5.12,5.37,5.93,6.21
ARHGAP8 /// PRR5,6.22,5.72,5.97,6.02,6.63,5.7,5.88,6.18,5.78,6.28,5.99,6.2,5.93,4.86,6.83,6.67,6.9,5.94,5.68,5.92,6.28,6.19,6.54,6.68,6.74,6.78,5.99,6.11,5.73,5.03,5.34,5.37,7.01,6.97,7.18,7.18,6.98,7.36,6.15,6.47,6.36,6.58,6.05,4.83,5.9,5.58,6.38,6.38,6.46,4.86
ARHGAP8 /// PRR5,6.27,5.98,6.57,6.33,5.79,6.25,5.05,6.7,6.25,6.1,6.35,6.14,6.39,5.52,7.3,7.44,7.39,6.15,6.26,6.33,6.5,6.99,6.95,7.5,7.39,6.86,6.35,6.21,6.41,6.53,4.7,5.74,7.73,7.76,7.7,7.81,7.5,7.64,4.68,6.49,6.52,6.49,6.28,6.83,6.48,5.93,5.91,6.09,6.47,6.98
ARHGAP8 /// PRR5,6.94,6.62,6.72,6.75,7.26,6.04,7.04,7.17,6.56,6.85,6.74,6.77,6.74,6.79,7.93,7.7,7.83,6.71,6.81,6.84,7.47,7.32,7.46,7.91,7.92,7.58,6.84,6.91,6.69,6.19,5.98,6.38,7.89,8.23,8.01,8.07,8,8.17,6.69,7.23,7.19,7.25,6.83,6.73,6.86,7.27,7.1,6.6,7.29,7.87
ARHGAP9,4.75,5.21,4.92,5.1,4.97,4.78,4.53,5.37,4.92,5.23,5.43,5.24,5.02,4.83,5.06,4.99,4.94,4.91,4.85,4.7,4.81,5.18,5.36,5.18,5.23,5.05,4.92,5.23,5.37,4.29,6.69,4.44,4.7,4.73,5.1,4.96,4.97,4.9,4.63,4.93,5.16,5.13,4.78,7.09,5.25,5.25,4.96,4.87,5.15,5.99
ARHGAP9,3.39,3.45,3.84,3.75,4.26,3.63,3.55,3.93,3.47,3.64,3.51,3.54,3.64,4.24,3.62,3.4,3.52,3.46,3.6,3.35,3.54,3.84,3.51,3.64,3.67,3.5,3.56,3.57,3.64,3.6,4.4,4.02,3.44,3.47,3.76,3.56,3.74,3.47,3.62,3.8,3.71,3.32,3.64,4.25,3.91,3.66,3.65,3.7,3.67,3.68
ARHGAP9,3.75,3.94,4.18,4.04,4.1,4.48,4.25,3.96,3.75,4.02,4.27,4.1,3.96,4.48,3.86,3.87,3.74,3.8,3.87,4.17,3.91,3.88,4.07,4.14,3.6,3.79,3.82,3.88,3.91,4.38,5.38,4.1,3.89,4.05,4.01,3.84,4.16,4.15,4.22,3.8,4.49,4.57,4.25,4.03,3.92,4.32,4.4,4.29,4.26,4.59
ARHGAP9,4.11,4.16,4.25,4.17,4.34,4.15,4.56,4.16,4.05,4.23,4.46,4.12,4.51,4.53,3.97,4.38,4.18,4.74,4.28,4.42,4.24,4.05,4.15,4.19,4.12,3.84,3.96,4.3,4.22,4.87,5.4,4.82,3.86,4.1,4.31,4.03,3.98,4.04,4.49,4.04,3.98,4.34,4.34,6,4.28,4.02,4.04,4.36,4.26,4.55
ARHGDIA,10.52,10.54,10.91,10.68,11.1,11.02,11.13,11.01,10.59,10.59,10.58,10.54,10.6,10.67,10.48,10.59,10.47,11.06,11,10.74,10.66,10.43,10.55,10.61,10.63,10.67,10.86,10.6,10.88,11.54,10.19,11.47,10.52,10.35,10.38,10.5,10.95,10.67,11.2,11.05,11.09,10.96,11.16,10.59,11.11,11.15,10.96,10.9,11.01,10.62
ARHGDIA,10.2,10.2,10.59,10.4,10.75,10.68,10.66,10.73,10.21,10.31,10.19,10.23,10.19,10.27,10.17,10.3,10.25,10.71,10.58,10.45,10.3,10.23,10.16,10.29,10.31,10.39,10.57,10.3,10.6,10.81,10.14,11.28,10.16,9.99,10.02,10.28,10.56,10.37,10.77,10.64,10.71,10.58,10.71,10.45,10.69,10.89,10.73,10.5,10.72,10.71
ARHGDIA,7.29,6.95,7.44,7.23,7.39,7.22,6.72,6.56,7.51,7.42,6.82,7.05,6.88,6.11,7.33,7.1,7.4,7.92,7.63,7.76,7.19,7.05,6.59,7.65,7.51,7.53,7.4,7.21,6.59,6.57,6.85,5.62,6.93,6.68,6.7,7.23,7.17,7.18,7.12,7.41,7.05,6.67,6.91,5.87,7.67,7.44,7.41,7.12,6.67,5.13
ARHGDIA,10.24,10.16,10.45,10.32,10.61,10.51,10.35,10.72,10.17,10.29,10.18,10.24,10.02,10.55,10.28,10.4,10.26,10.71,10.63,10.59,10.26,10.2,10.13,10.49,10.45,10.29,10.48,10.3,10.39,10.74,10.72,11.38,9.9,9.89,10.05,10.46,10.47,10.41,10.59,10.73,10.55,10.63,10.65,10.72,10.68,10.82,10.72,10.42,10.58,10.77
ARHGDIB,11.44,11.33,11.46,11.47,11.25,11.22,11.11,11.43,11.56,11.47,11.03,11.47,11.48,10.65,11.19,11.11,11.31,11.93,12.01,12,11.25,11.15,11.07,11.19,11.17,11.21,11.43,11.35,11.11,11.24,10.38,10.95,11.16,11.18,11.19,11.3,11.23,11.46,11.11,11.4,11.29,11.15,11.29,10.45,11.37,11.32,11.28,11.41,11.25,10.42
ARHGDIB,12.58,12.58,12.64,12.62,12.58,12.65,12.45,12.64,12.67,12.55,12.59,12.67,12.6,12.22,12.53,12.44,12.53,12.97,12.96,13.02,12.4,12.45,12.47,12.51,12.45,12.48,12.59,12.56,12.44,12.62,12.16,12.45,12.44,12.44,12.48,12.6,12.59,12.66,12.53,12.61,12.65,12.5,12.53,12.06,12.66,12.58,12.59,12.66,12.53,12.02
ARHGDIG,4.15,4.38,4.18,4.17,4.06,4.59,4.44,4.19,4.19,4.27,4.09,4.48,4.43,4.28,4.27,4.23,4.06,4.48,4.19,4.07,4.38,4.21,4.37,4.12,4.01,4.32,4.15,4.36,4.41,4.29,3.71,3.95,4.29,4.24,4.22,4.22,4.22,4.12,3.52,4.14,4.21,4.36,4.27,3.72,4.14,4.19,4.39,4.22,4.04,4.99
ARHGEF1,8.02,7.91,8.05,8.03,8.37,8.13,8.05,8.33,7.79,8.02,7.81,7.58,7.72,7.06,7.38,7.93,7.66,8.25,8.26,8.18,7.82,7.54,7.83,7.78,7.75,7.51,8.13,7.8,8.38,6.75,5.68,6.45,7.71,7.54,7.4,7.79,7.92,8.05,7.42,8.03,8.26,8.3,8.09,7.07,8.12,8.15,7.93,7.93,8.15,7.48
ARHGEF1,8.02,8.06,8.52,8.25,8.7,8.55,8.83,8.63,7.92,8.05,7.99,7.76,7.86,7.29,7.77,7.95,7.84,8.62,8.49,8.56,7.85,7.75,8.11,8.16,8.13,7.84,8.28,7.97,8.33,7.37,6.75,8.27,7.95,7.94,7.76,8.07,8.27,8.21,8.41,8.33,8.35,8.37,8.29,8.01,8.48,8.51,8.23,8.18,8.56,8.02
ARHGEF1,8.52,8.61,8.9,8.75,8.77,8.52,8.72,8.7,8.41,8.58,8.39,8.35,8.26,7.04,8.48,8.35,8.4,8.96,8.95,8.91,8.29,8.22,8.48,8.55,8.51,8.3,8.76,8.56,8.63,8.04,7.23,8.24,8.26,8.34,8.34,8.46,8.45,8.46,8.24,8.8,8.61,8.9,8.83,7.78,8.44,8.49,8.61,8.61,8.73,7.63
ARHGEF1,8.72,8.8,9.14,8.88,9.29,9.03,9.13,9.02,8.6,8.72,9.04,8.68,8.65,8.88,8.6,8.66,8.54,9.11,9.06,9.09,8.66,8.65,8.83,8.68,8.79,8.68,9.01,8.78,9.28,9.2,9.04,9.28,8.46,8.54,8.54,8.86,8.67,8.83,8.61,9.1,9.11,9.14,9.22,8.87,8.99,8.92,9.11,8.79,9.1,8.14
ARHGEF10,4.75,4.64,4.47,4.71,4.27,4.39,5.28,4.68,4.49,4.76,4.54,4.68,5.06,5.01,4.72,4.41,4.22,4.73,4.46,4.59,4.5,4.84,4.76,4.72,4.49,4.27,4.49,4.67,4.72,4.7,4.85,5.33,4.48,4.37,4.61,4.42,4.41,4.27,4.8,4.71,4.48,4.56,4.44,4.86,4.15,5.03,4.54,4.31,4.67,5.68
ARHGEF10,4.3,4.7,4.37,4.7,4.62,4.24,4.88,4.69,4.52,4.48,4.64,4.65,4.48,5.45,4.75,4.76,4.35,4.52,4.42,4.45,4.71,4.67,4.59,4.65,4.55,4.51,4.72,4.52,4.7,4.92,6.69,5.82,4.61,4.57,4.65,4.44,4.33,4.42,4.56,4.33,4.39,4.72,4.17,5.72,4.44,4.35,4.27,4.65,4.75,5.82
ARHGEF10,4.09,4,3.85,3.98,4.1,4.08,3.88,4.06,4.13,4.02,4.07,3.95,4.04,4.58,3.82,3.85,3.98,3.96,3.94,3.92,3.97,4.12,4.15,4.1,4.1,4.23,4.13,4.08,3.87,4.55,4.25,3.75,3.79,3.87,3.96,3.91,4.06,4.12,4.39,4.1,4,4.19,4.18,3.94,4.18,4.53,3.67,3.74,4.03,3.96
ARHGEF10L,4.33,4.48,4.21,4.19,5.18,4.35,4.36,4.91,4.49,4.5,4.42,4.46,4.28,4.61,4.42,4.23,4.41,4.77,4.67,4.43,4.46,4.6,4.25,4.74,4.41,4.33,4.58,4.32,4.49,4.43,6.03,5.17,4.34,4.24,4.51,4.28,5.08,4.51,4.61,4.92,4.7,4.56,4.76,4.66,4.66,4.72,4.34,4.66,4.39,5.63
ARHGEF10L,4.36,4.63,4.55,4.6,4.88,4.92,4.23,4.58,4.59,4.8,4.76,4.44,4.44,4.59,4.49,4.86,4.39,4.8,4.52,4.35,4.66,4.35,4.35,4.79,4.68,4.57,4.52,4.57,4.72,4.97,5.18,6.1,4.33,4.27,4.89,4.6,4.52,4.81,4.67,4.62,4.5,5.38,4.51,5.65,4.78,4.42,4.9,4.64,4.5,5.87
ARHGEF10L,5.41,5.34,5.58,5.52,5.24,5.18,5.6,5.97,5.44,5.28,5.44,5.54,5.23,6.36,5.24,5.22,5.19,5.56,5.44,5.7,5.34,5.14,5.36,5.62,5.68,5.63,5.69,5.57,5.4,4.72,5.03,5.32,5.21,5.41,5.5,5.35,5.45,5.33,4.81,5.58,5.34,5.3,5.58,5.87,5.71,5.19,5.41,5.67,5.09,5.99
ARHGEF10L,4.44,4.45,4.27,4.81,4.71,4.51,4.82,4.81,4.23,4.3,4.81,4.49,4.43,5.18,4.23,4.22,4.31,4.26,4.45,4.52,4.39,4.9,4.55,4.28,4.5,4.1,4.59,4.64,4.77,4.39,5.54,6.11,4.24,4.26,4.37,4.25,4.4,4.35,4.77,4.61,5.09,4.87,4.9,5.28,4.38,4.88,4.61,4.51,4.53,5.15
ARHGEF10L,4.18,4.26,4.29,4.29,4.5,5.33,5.43,5.28,4.32,4.33,4.41,4.31,4.24,5.04,4.33,4.46,4.45,4.5,4.28,4.27,4.5,4.51,4.41,4.72,4.3,4.23,4.54,4.33,4.72,5,6.99,6.79,4.74,4.55,4.41,4.31,5.05,4.28,6.13,4.57,4.74,5.12,4.41,5.24,4.57,4.69,4.73,4.32,4.6,4.56
ARHGEF10L,5.41,5.37,5.48,5.5,5.78,6,5.19,5.13,5.25,5.26,5.57,5.36,5.18,5.75,5.16,5.25,5.16,5.39,5.5,5.37,5.44,5.52,5.1,5.32,5.15,5.03,5.13,5.43,5.29,5.26,7.23,5.75,5.49,5.31,5.35,5.35,5.28,5.39,5.34,5.43,5.49,5.62,5.64,6.93,5.68,5.6,5.22,5.29,5.27,5.53
ARHGEF11,6.69,6.58,6.85,6.75,6.89,7.11,7.01,6.93,6.56,6.77,6.97,6.3,6.41,6.51,6.86,6.9,6.88,6.72,6.74,6.56,6.83,6.67,6.94,6.81,6.89,6.73,6.87,6.69,7.06,6.16,5.1,6.47,6.94,6.83,7.01,6.94,6.91,6.8,6.67,6.54,6.89,6.95,7.09,6.76,6.67,7.13,6.87,6.63,6.6,6.66
ARHGEF11,5.27,5.39,5.2,5.22,5.2,5.34,5.51,5.6,5.24,5.46,5.23,5.39,5.45,5.83,5.39,5.28,5.17,5.45,5.69,5.56,5.52,5.55,5.27,5.36,5.53,5.35,5.39,5.55,5.6,4.81,5.94,6.2,5.21,5.36,5.79,5.43,5.41,5.23,5.04,5.33,4.99,5.4,6.03,5.79,5.51,5.83,5.7,5.2,5.53,4.87
ARHGEF11,6.06,5.86,6.1,6.14,6.01,6.37,6.34,6.67,6.05,6.02,6.11,6.15,5.87,5.92,6.17,6.22,6.21,6.16,6.25,6.04,5.99,5.98,6.11,6.5,6.48,6.08,6.28,6.15,5.87,5.31,5.34,6.12,6.25,6.09,6.11,6.22,6.64,6.48,6.12,6.38,6.13,6.09,5.99,5.93,6.35,6.06,6.23,6.16,5.98,6.73
ARHGEF12,5.33,5.68,5.38,5.65,5.84,5.34,5.33,4.92,5.45,5.32,5.83,5.54,5.51,5.7,5.7,5.31,5.69,5.87,5.64,5.5,5.11,5.72,5.64,5.05,5.72,5.61,5.16,5.6,5.37,4.16,5.08,5.35,5.43,5.21,5.57,5.74,5.62,5.34,5.23,5.24,5.64,5.03,5.8,6.41,5.84,5.1,5.53,5.42,5.35,5.38
ARHGEF12,6.63,6.54,6.64,6.73,6.83,6.67,6.25,6.41,6.5,6.54,6.65,6.32,6.28,6.49,6.53,6.39,6.62,6.44,6.41,6.23,6.52,6.37,6.5,6.48,6.74,6.69,6.98,6.66,6.91,5.34,7.67,5.53,6.79,6.88,6.88,6.67,6.44,6.66,6.23,6.81,6.8,6.43,6.17,6.06,6.97,6.29,6.7,6.57,6.55,5.79
ARHGEF12,9.7,9.73,9.54,9.73,9.54,9.47,9.69,9.65,9.65,9.55,9.81,9.59,9.76,8.69,9.6,9.77,9.77,9.62,9.65,9.66,9.59,9.59,9.73,9.66,9.63,9.64,9.6,9.63,9.67,10.37,7.7,9.54,9.45,9.68,9.55,9.55,9.62,9.7,9.09,9.64,9.76,9.79,9.78,9.37,9.59,9.55,9.68,9.64,9.88,8.6
ARHGEF12,6.45,6.09,6.62,6.58,6.22,5.83,6.37,6.63,6.49,6.59,6.81,6.47,6.25,5,6.37,6.53,6.43,6.34,6.3,6.4,6.48,6.58,6.53,6.86,6.64,6.43,6.44,6.65,6.22,5.15,4.92,6.04,6.69,6.48,7.02,6.46,6.43,7.09,5.93,6.32,6.7,6.48,6.5,5.18,7.26,6.84,7.11,6.46,6.58,5.32
ARHGEF12,5.08,4.87,5.42,5.22,5.25,5.21,5.23,5.24,5.31,5.09,4.98,4.8,5.1,4.44,5.34,4.88,5.15,5.04,4.83,4.87,4.92,4.85,5.15,5.52,5.07,5.09,4.95,5.03,4.78,5.49,6.13,4.58,5.05,5.28,4.81,5.53,5.27,5.6,4.13,5.19,5.42,5.68,5.2,4.46,6.01,4.99,5.4,5.44,5.44,4.45
ARHGEF15,4.49,4.48,4.3,4.71,5.03,5,5.97,4.43,4.49,4.69,4.64,4.48,4.6,5.95,4.5,4.94,4.58,4.72,4.61,4.71,4.88,4.7,4.47,4.47,4.63,4.55,4.55,4.58,4.72,5.88,6.41,5.2,4.88,4.9,4.77,4.35,4.44,4.32,6.01,4.59,4.79,4.95,4.53,5.12,4.79,5,4.51,4.32,4.81,5.84
ARHGEF15,4.1,4.06,4.35,4.34,4.42,3.96,4.75,4.32,4.29,4.08,4.06,3.93,4.01,4.74,4.04,4.26,3.98,4.17,4.25,3.95,4.05,4.01,4.06,4.25,4.05,4.08,4.1,4.14,4.31,4.33,4.73,4.87,3.96,3.82,3.94,3.9,4.03,3.99,4.63,4.08,4.06,4.21,4.27,5.43,4.33,3.99,3.82,4.09,4.07,4.72
ARHGEF16,5.29,5.13,5.46,5.46,6.07,6,6.28,5.53,5.27,5.48,5.47,5.42,5.03,6.3,5.24,5.41,5.35,5.51,5.49,5.56,5.43,5.64,5.49,5.65,5.61,5.67,5.66,5.5,5.15,5.35,6.85,5.95,5.41,5.33,5.49,5.63,5.43,5.57,5.41,5.65,5.47,5.68,5.85,6.11,5.75,5.63,5.3,5.49,5.33,6.26
ARHGEF16,4.71,4.82,5.11,4.69,6.09,4.66,4.85,5.21,4.54,4.73,4.63,4.61,4.38,5.81,4.94,4.73,4.76,4.98,5.3,4.83,4.82,4.63,4.71,5.34,4.72,4.81,4.6,4.6,4.97,6.3,7.34,6.77,4.76,4.88,4.96,4.59,4.47,4.97,5.61,5.03,5.22,4.74,4.73,5.38,4.74,5.29,4.69,4.66,4.7,5.21
ARHGEF16,5.72,5.59,6.01,5.53,5.41,5.87,5.13,5.34,5.65,5.75,5.84,5.96,5.45,6.36,5.47,5.78,5.58,5.52,5.75,5.68,5.75,5.79,5.63,5.69,5.98,5.49,6.18,5.62,6.07,5.41,6.37,5.99,5.77,5.82,5.89,6.06,5.84,5.69,5.89,6.11,5.48,5.85,5.92,5.95,5.8,5.67,5.42,5.85,5.91,7.05
ARHGEF17,7.21,7.23,7.64,7.41,7.63,7.54,6.55,7.9,7.32,7.6,7.61,7.51,7.21,7.4,7.72,7.6,7.56,7.11,7.48,7.52,7.66,7.83,7.8,7.94,7.99,7.61,7.75,7.69,7.66,6.76,7.15,8.25,7.43,7.52,7.25,8.01,7.41,7.79,7.09,7.71,7.68,8.3,8.14,7.72,7.49,7.87,7.85,7.46,7.6,8.45
ARHGEF18,9.48,9.65,9.51,9.62,9.62,9.57,9.23,9.65,9.45,9.54,9.76,9.56,9.52,9.44,9.53,9.44,9.39,9.66,9.62,9.58,9.53,9.63,9.73,9.59,9.51,9.34,9.47,9.52,9.74,8.54,7.59,8.54,9.07,9.34,9.35,9.48,9.46,9.36,9.36,9.56,9.49,9.6,9.56,9.59,9.24,9.24,9.37,9.45,9.59,9.18
ARHGEF19,7.34,7.22,7.46,7.37,7.75,7.74,8.09,7.65,7.39,7.35,7.57,7.36,7.08,7.06,7.4,7.52,7.32,7.39,7.37,7.31,7.28,7.21,6.9,6.93,7.02,7.17,7.38,7.49,7.4,7.18,7.05,6.83,7.45,7.43,7.48,7.04,7.56,7.24,7.16,7.35,7.26,7.32,7.73,6.58,6.94,7.17,7,7.32,7.18,7.8
ARHGEF2,5.47,5.45,5.68,5.49,4.68,4.77,5.04,5.11,5.28,5.35,4.78,5.39,5.29,4.6,5.06,5.3,5.14,5.03,5.05,5.17,5.63,5.25,5.27,5.54,5.63,5.34,5.27,5.39,5.04,4.21,4.43,4.74,5.64,5.58,5.28,5.1,5.1,5.47,5.14,5.54,5.02,5.53,5.31,4.67,4.91,5.05,5.2,5.52,5.52,4
ARHGEF2,4.27,3.98,4.48,4.17,4.28,3.92,3.91,4.49,4.26,4.52,4.18,4.13,3.95,5.24,4.42,4.65,4.3,4.24,4.31,4.36,4.33,4.19,3.9,4.76,4.63,4.47,4.43,4.28,3.76,5.4,4.81,4.97,4.27,4.1,4.24,3.99,4.29,4.28,4.85,4.2,4.16,4.39,4.51,4.64,4.55,4.94,4.52,4.01,4.19,4.13
ARHGEF2,10.03,10.06,10.11,10.1,10.31,10.38,10.3,10.21,9.83,10.08,10.19,9.96,10.02,10.74,9.85,9.99,9.92,9.93,9.92,9.83,10.34,10.24,10.27,10.1,10.09,10.06,10.18,9.87,10.28,10.37,8.45,10.76,9.93,9.81,9.95,9.92,10.11,9.76,10.58,10.26,10.31,10.36,10.47,10.72,10.04,10.12,9.92,10.03,10.31,10.42
ARHGEF3,3.92,3.89,3.91,4.23,3.84,4.01,3.71,3.48,3.8,3.85,3.93,4.07,3.76,4.99,4.22,3.82,3.96,3.7,3.95,3.88,4.32,4.26,4.26,4.32,4.02,3.77,3.86,3.79,4,4.9,4.6,3.87,4.68,4.69,4.28,4.83,3.89,3.84,3.69,3.87,3.97,3.59,4.27,5.69,3.69,3.72,4.2,3.83,3.95,3.89
ARHGEF3,4,4,4.15,4.16,4.26,4.17,4.04,4.19,4.13,3.9,3.9,4.18,4.15,4.71,4.12,4.25,4.16,4.14,4.05,4.05,3.98,4.08,4.13,4.12,4.49,4.18,4.05,4.1,4.25,4.58,4.45,5.31,4.69,4.16,4.24,4.35,4.49,3.95,5.09,3.92,3.99,4.35,3.93,4.38,4.35,4.25,3.92,4.39,3.93,4.84
ARHGEF3,3.75,3.76,3.52,3.91,3.83,3.73,4.52,3.61,3.83,3.56,3.41,3.7,3.87,4.34,3.85,3.69,3.7,3.63,3.58,3.5,3.76,3.95,3.76,3.89,3.54,3.62,3.73,3.7,3.87,3.96,6.66,4.02,3.64,3.75,3.73,3.65,3.73,3.53,4.56,4.03,3.88,3.62,3.74,4.12,4.17,3.71,3.46,3.67,3.74,5.12
ARHGEF3,3.76,4.15,3.96,4.19,3.75,3.89,4.16,3.78,3.9,3.99,4.04,3.87,4.18,4.29,3.89,3.84,4.03,3.94,3.84,3.68,3.87,4.02,3.71,3.82,4.24,3.66,4.04,3.97,3.97,5.56,3.48,3.87,4.02,3.95,3.95,3.96,3.7,4,4,3.95,4.23,3.48,3.96,4.59,3.82,3.94,4.02,3.85,3.75,3.49
ARHGEF4,4.92,4.85,4.75,5.14,4.73,5.07,4.92,4.53,4.86,4.94,5.22,4.97,4.69,5.56,5.1,5.03,5.11,5.31,4.96,4.48,4.96,4.9,5.23,4.63,4.91,4.9,4.74,4.93,5.15,4.83,6.27,5.74,4.75,5.19,5.23,5,4.76,5.12,5.11,4.84,5.02,4.51,4.87,6.28,4.86,4.97,4.97,5.03,4.62,7.45
ARHGEF4,5.7,5.49,5.7,5.74,6.11,6.01,5.92,5.51,5.64,5.89,5.4,5.57,5.76,5.99,5.56,5.46,5.72,5.86,5.68,5.57,5.76,5.63,5.71,5.42,5.55,5.48,5.63,5.56,5.7,6.15,5.97,6.31,5.68,5.62,5.43,5.26,5.57,5.64,6.14,5.47,5.87,5.76,5.85,6.2,5.85,6.17,5.66,5.75,5.56,6.19
ARHGEF4,4.07,4.41,3.9,4.05,4.01,4.13,4.91,3.82,4,3.8,3.99,4.25,4.33,5.66,3.99,3.84,3.76,3.95,3.8,3.74,4.13,3.97,4.04,3.69,3.68,3.7,4.02,3.95,4.04,4.24,4.48,4.9,3.89,3.83,4.07,3.56,4.23,3.93,3.96,3.69,3.69,3.62,3.77,4.22,3.73,4.1,3.78,3.76,3.9,4.73
ARHGEF4,4.55,4.47,4.71,4.5,4.39,4.35,4.45,4.61,4.62,4.32,4.32,4.65,4.62,5.01,4.44,4.4,4.47,4.56,4.25,4.33,4.56,4.64,4.52,4.46,4.52,4.25,4.43,4.7,4.27,4.4,5.87,4.89,4.14,4.49,4.65,4.64,4.54,4.53,4.64,4.48,4.47,4.68,4.96,4.59,4.51,4.05,4.23,4.5,4.46,4.99
ARHGEF5,4.02,3.91,4.32,4.17,4.37,3.83,4.31,4.29,4,3.83,4.26,3.91,3.94,4.39,4.16,3.75,3.87,3.97,3.99,3.96,4.49,3.92,4.07,4.38,3.86,4.23,4.06,3.97,4.36,4.42,4.68,6.54,4.04,3.78,4.31,4.03,4.08,4.09,4.52,4.03,4.09,4.13,4.6,5.3,4.44,4.1,4.01,4.35,3.94,4.95
ARHGEF5 /// ARHGEF5L,4.79,5.02,4.69,4.57,4.36,4.5,4.19,4.44,4.94,4.62,4.54,4.56,4.83,4.55,4.54,4.66,4.42,4.9,4.66,4.73,4.87,4.75,4.9,4.58,4.43,4.77,4.41,4.47,4.72,4.28,5.09,6.11,4.78,4.79,4.69,4.79,4.31,4.38,4.52,4.63,4.12,4.62,4.66,4.95,4.63,4.58,4.86,4.67,4.85,4.65
ARHGEF6,6.03,6,6.29,6.27,6.25,6.4,6.27,6.13,5.88,6.22,6.19,6.12,6.1,6.47,6.11,6.29,5.84,6.46,6.07,6.33,6.27,5.98,6.01,6.17,6.17,5.78,6.01,6.15,6.01,7.09,6.29,6.26,5.67,5.9,6.22,6.18,6.38,6.27,6.25,5.91,5.97,6.07,6.13,7.11,6.58,6.58,6.4,5.85,6,6.72
ARHGEF6,4.24,4.39,3.94,4.1,4.22,4.24,4.77,4.09,4.04,4.04,4.2,4.06,4.21,4.56,4,4.21,4.11,4.08,4.14,4.06,4.01,3.94,3.99,3.88,4.03,4.07,3.86,4.16,4.08,5.89,4.23,4.44,4.21,4.13,4.01,4.08,4.03,4.14,4.41,3.92,4.22,4.26,3.86,4.83,4.01,3.89,3.96,3.96,4.15,4.42
ARHGEF6,3.6,3.67,3.93,3.66,3.7,3.7,4.16,3.67,3.58,3.76,3.95,3.9,3.7,3.7,3.62,3.93,3.87,3.81,3.89,3.68,3.71,3.77,3.64,3.62,3.68,3.92,3.77,3.76,3.77,4.37,5.51,4.32,3.73,3.82,3.91,3.62,4.06,3.82,5.11,3.98,3.75,4.24,3.82,4.83,3.94,3.74,3.76,3.79,3.64,5.2
ARHGEF7,7.05,6.82,6.69,6.83,6.53,6.98,6.18,6.91,6.93,6.94,6.8,6.79,6.78,5.46,6.77,6.69,6.87,6.56,6.61,6.69,6.87,6.63,6.78,6.58,6.88,6.92,6.91,7.01,6.96,6.31,6.15,6.63,6.88,7.27,7.15,7.06,6.7,6.9,6.23,7.19,6.99,6.45,6.79,5.82,6.85,6.51,6.88,6.86,6.89,6.54
ARHGEF7,9.89,9.74,9.96,10.02,10.05,10.14,9.75,10.06,9.87,9.93,9.96,9.92,9.83,8.4,10.13,10.17,10.01,9.97,9.93,9.92,10.02,10.15,10.07,10.15,10.14,10.12,9.93,9.99,9.96,10.15,7.5,9.59,9.95,10.05,9.97,10.07,10.11,9.95,10.21,10.07,10.19,10.21,10.03,8.31,9.97,10.37,10.22,10.03,10.22,8.68
ARHGEF7,4.14,4.73,4.02,4.09,3.99,3.7,3.81,3.82,4.17,4.14,4.49,4.56,4.42,5.78,4.16,4.3,4,3.94,4.35,4.15,4.18,4.79,4.17,4.17,4.08,4.6,4.14,4.38,4.09,4.28,4.57,4.39,4.24,4.22,4.31,4.38,4.39,4.15,4.05,3.92,3.98,3.88,3.91,4.68,3.99,3.9,4.31,4.33,4.32,5.12
ARHGEF7,7.02,7.11,7.08,6.66,7.03,7.65,7.78,7.43,7.14,7.14,7.67,6.74,6.45,4.44,7.34,7.06,7.18,6.51,6.56,6.75,7.44,7.36,7.91,7.45,7.41,7.07,7.27,7.11,7.4,6.87,6.57,6.59,6.87,6.6,7.01,7.03,7.65,6.62,7.18,7.66,7.54,7.83,7.86,5.01,7.08,7.52,7.78,7.02,7.07,4.61
ARHGEF7,5.49,5.17,4.48,4.92,4.57,4.34,4.29,5.24,5.15,5.41,5.24,5,4.42,4.89,5.2,5.22,5.38,4.52,4.83,5.04,5.3,5.65,5.3,5.09,5.53,5.5,5.08,5.38,4.5,3.6,5.5,4.23,5.3,4.88,4.75,4.97,5.21,4.81,4.04,5.28,5.29,5.39,5.25,4.83,4.91,5.75,5.29,4.84,5.05,4.53
ARHGEF7,5.42,5.35,5.26,5.56,5.64,5.71,5.17,5.36,5.45,5.42,5.54,5.31,5.46,7.22,5.59,5.39,5.78,5.64,5.31,5.76,5.78,5.65,5.46,5.82,5.81,5.63,5.69,5.44,5.51,5.73,5.53,5.48,6.12,5.7,5.83,5.39,5.31,5.82,4.58,5.63,5.12,5.33,5.12,5.96,5.78,5.37,6.39,5.71,5.48,6.1
ARHGEF7,6.26,6.33,6.28,6.39,5.48,6.14,6.18,6.16,6.17,6.41,6.16,6.07,6.44,6.13,6.49,6.03,6.48,6.2,6.14,6.39,6.63,6.54,6.45,6.5,6.37,6.14,6.4,6.28,6.09,5.33,5.6,6.13,6.78,6.69,6.61,6.61,6.17,6.79,6.22,6.66,5.98,5.89,5.75,7.25,6.56,6.07,6.44,6.43,6.43,6.18
ARHGEF9,7.27,7.26,7.42,7.31,7.65,7.75,7.55,7.28,7.31,7.41,7.57,7.11,7.01,6.2,6.88,6.68,7.02,7.09,6.92,6.98,7.41,7.09,7.43,7.34,6.9,7.05,7.3,7.27,7.36,7.31,5.24,6.64,7.13,7.05,7.05,7.05,7.16,7.09,7.04,7.28,7.4,7.15,7.21,6.38,7.68,7.55,7.61,7.15,7.52,6.13
ARHGEF9,7.58,7.68,7.77,8.02,7.96,8.26,7.81,7.91,7.83,7.98,7.58,7.8,7.67,7.45,7.73,7.59,7.46,7.82,7.75,7.69,7.65,7.85,7.73,7.68,7.9,7.69,7.82,7.88,8.06,6.74,7.27,7.6,7.19,7.44,7.31,7.66,7.53,7.71,7.45,7.57,7.68,8.24,7.95,7.45,8.01,8.12,8.13,7.71,7.96,7.16
ARHGEF9,7.12,6.28,6.88,6.79,6.79,7.77,7.19,7.05,6.95,6.79,7.09,6.26,6.1,6.69,7.07,6.94,6.89,7.05,6.93,7.3,6.78,6.73,7.03,7.33,7.21,7.13,6.79,7.04,7.15,5.41,5.12,4.81,6.99,6.67,7.15,7.13,7.27,6.52,7.1,7.09,7.12,7.68,7.24,7.52,7.41,7.51,7.43,6.77,6.59,7.1
ARID1A,7.81,7.84,7.81,7.83,7.62,7.83,6.98,8,7.92,7.94,7.68,7.61,7.86,5.18,7.56,7.54,7.59,7.76,7.83,7.72,7.49,7.57,7.88,7.73,7.47,7.4,8.08,7.84,7.89,7.27,4.07,5.75,7.17,7.62,7.39,7.62,7.48,7.75,6.04,7.63,7.66,7.93,7.86,4.46,7.42,7.28,7.77,7.75,8.1,5.45
ARID1A,10.73,10.73,10.7,10.76,10.52,10.64,10.59,10.8,10.7,10.78,10.85,10.66,10.71,9.81,10.44,10.46,10.41,10.61,10.63,10.64,10.55,10.48,10.48,10.47,10.46,10.41,10.6,10.68,10.63,10.25,8.63,9.83,10.39,10.6,10.5,10.5,10.5,10.56,10.17,10.49,10.57,10.66,10.72,9.38,10.51,10.53,10.57,10.55,10.6,9.33
ARID1A,6.77,6.71,6.92,6.78,6.66,6.71,7.05,7.37,6.55,6.89,6.49,6.54,6.71,6.35,6.51,6.84,6.47,7.01,6.74,6.96,6.64,6.81,6.35,6.62,6.16,6.65,7.09,6.77,6.93,5.47,5.4,6.34,6.58,6.84,6.77,6.66,6.81,6.85,6.46,6.88,6.9,7.04,6.8,5.7,6.5,6.75,6.55,6.76,6.73,5.67
ARID1A,3.83,3.93,3.68,3.69,3.82,3.65,3.92,3.6,3.6,3.63,3.62,3.65,3.75,4.62,3.9,3.79,3.63,3.68,3.69,3.45,3.75,3.73,3.73,3.75,3.7,3.68,3.56,3.76,3.61,5.23,6.1,5.24,3.76,3.71,3.57,3.69,3.84,3.6,4.49,3.69,3.51,4.03,3.84,5.02,3.71,3.78,4.18,3.65,4.13,4.25
ARID1A,9.64,9.63,9.77,9.82,9.88,10.03,9.94,9.73,9.65,9.79,9.93,9.57,9.59,9.01,9.47,9.6,9.51,9.64,9.63,9.57,9.47,9.6,9.59,9.36,9.59,9.32,9.77,9.75,9.8,10.23,10.03,9.55,9.35,9.46,9.35,9.63,9.71,9.6,9.36,9.71,9.93,9.97,10.09,9.53,9.51,9.75,9.68,9.64,9.91,9.21
ARID1A,7.74,7.73,7.95,7.85,7.66,7.98,6.5,7.86,7.79,7.86,7.77,7.58,7.53,5.79,7.5,7.54,7.44,7.69,7.8,7.74,7.31,7.52,7.57,7.62,7.66,7.42,7.92,7.82,7.75,7.09,5.79,7.17,7.41,7.43,7.21,7.74,7.54,7.67,4.46,7.74,7.71,7.93,8.11,6.25,7.49,7.57,7.71,7.67,8.09,4.31
ARID1B,8.46,8.15,8.31,8.27,7.73,7.95,7.78,8.49,8.47,8.43,8.02,8.27,8.23,6.92,8.03,8.11,8.05,8.3,8.36,8.47,8.19,8.31,8.03,8.15,7.91,8.1,8.23,8.35,8.02,6.54,5.43,6.7,8.1,8.11,8.05,8.07,8.08,8.17,6.82,8.25,8.17,7.94,8.04,6.04,8,7.69,8.22,8.32,8.27,5.6
ARID1B,9.1,9.56,8.94,9.08,8.53,8.92,9.08,8.78,9.27,9,9.24,8.97,9.47,9.71,8.69,8.71,8.85,8.89,9.06,9.1,8.9,9.02,9.34,8.5,8.64,8.8,9.08,8.68,9.33,9.14,8.21,9,8.34,8.53,8.24,8.68,8.87,8.57,7.5,8.78,8.86,9.02,9.37,9.92,8.62,8.53,8.5,8.8,9.21,8.69
ARID2,9.55,9.74,9.54,9.57,9.54,9.62,9.26,9.48,9.63,9.52,9.73,9.58,9.45,9.4,9.54,9.06,9.46,9.53,9.58,9.44,9.22,9.33,9.4,9.43,9.49,9.32,9.57,9.55,9.43,9.37,7.77,8.83,9.35,9.43,9.59,9.46,9.24,9.3,8.9,9.55,9.62,9.45,9.57,9.72,9.41,9.33,9.38,9.55,9.52,8.94
ARID2,7.58,6.96,7.01,6.5,6.78,7.38,6.93,7.28,6.78,7.19,7.28,6.69,6.78,5.7,6.98,7.01,6.8,6.93,6.63,6.81,7.28,6.9,7.17,6.43,6.88,7.12,6.92,6.78,7.45,5.67,6.14,6.02,6.97,7.05,6.77,6.67,6.14,6.03,5.77,6.97,7.08,6.92,7.29,5.55,7.14,6.64,6.97,6.68,6.94,6.68
ARID2,4.55,4.66,4.64,4.72,5.09,4.73,4.64,4.45,4.88,4.65,4.7,4.61,4.46,4.36,4.56,4.32,4.52,4.75,5.05,4.71,4.47,4.36,4.49,4.43,4.62,4.55,4.44,4.63,4.52,5.24,5.24,4.87,4.26,4.44,4.65,4.43,4.11,4.5,4.46,4.57,4.68,4.53,4.88,4.87,4.49,4.47,4.58,4.46,4.66,4.6
ARID3A,10.15,10.3,10.33,10.24,10.51,10.39,10.4,10.5,10.08,10.28,10.4,10.45,10.36,9.74,10.7,10.71,10.78,10.08,10.11,9.87,10.99,10.93,11.08,11.01,10.97,10.95,10.32,10.28,10.54,10.81,9.47,10,10.63,10.64,10.49,10.72,10.95,10.88,10.25,10.46,10.51,10.86,10.77,9.6,10.49,10.53,10.58,10.5,10.62,9.21
ARID3B,6.55,6.16,6.66,6.55,6.45,6.29,6.02,6.96,6.36,6.51,6.73,6.43,6.48,5.09,6.28,6.47,6.48,6.63,6.58,6.37,6.17,6.29,6.36,6.25,6.56,6.21,6.38,6.4,6.53,4.34,5.12,6.16,6.34,6.63,6.47,6.54,6.52,6.28,4.86,6.65,6.13,6.64,6.2,5.51,6.05,6.33,6.14,6.55,6.71,5.53
ARID3B,9.51,9.61,9.38,9.45,9.54,9.61,8.94,9.46,9.68,9.34,9.74,9.5,9.61,9.35,9.43,9.38,9.2,9.41,9.39,9.4,9.27,9.28,9.85,9.35,9.43,9.38,9.14,9.22,9.52,9.51,7.34,9.28,9.5,9.48,9.42,8.99,9.19,9.24,9.2,9.24,9.38,9.31,9.27,9.15,9.1,9.16,8.99,9.47,9.52,8.92
ARID3B,5.83,5.7,5.7,5.76,6.17,5.64,5.42,6.13,5.74,5.74,5.55,5.92,5.81,7,5.91,6.43,5.94,6.15,6.03,5.97,5.85,5.95,5.72,6.11,5.79,5.92,6.29,6.28,5.82,5.21,5.66,5.89,5.68,5.65,6.05,6.14,6.08,5.63,5.74,5.77,6.23,6.03,6.06,5.95,6.05,6.07,6.3,6.38,5.72,7.44
ARID3C,3.95,4.02,3.88,3.93,3.6,4.57,4.26,3.96,3.79,3.86,3.82,3.93,3.88,5.34,3.61,3.75,3.81,3.94,3.69,4.08,3.84,4.15,3.78,3.67,3.64,3.76,3.77,3.94,3.78,4.22,5.39,4.15,4.45,3.87,3.76,3.69,3.66,3.78,4.09,4.42,3.89,4.04,3.74,4.37,3.74,4.19,3.94,4.25,3.81,4.13
ARID4A,6.57,6.9,6.43,6.41,6.41,6.55,5.41,6.55,6.52,6.37,6.82,6.88,6.55,5.77,7.07,7.23,7.23,6.6,6.64,6.91,6.93,6.83,7.17,7.25,7.42,7.33,6.38,6.34,6.37,5.96,3.92,6.51,7.01,7.31,7.39,7.16,6.93,7.1,6.12,6.75,6.87,6.47,6.44,6.46,6.13,5.98,6.67,6.52,6.79,5.46
ARID4A,7.04,7.23,6.96,7.15,6.95,5.94,4.87,6.81,7.13,7.21,7.24,7.4,7.59,5.71,7.93,7.75,7.79,7.04,7.22,7.43,7.45,7.59,7.55,7.59,7.84,7.59,6.93,7.29,7.03,5.13,4.2,6.49,8.09,8.4,8.2,7.82,7.4,7.87,5.42,7.01,6.93,7.02,6.7,4.66,6.56,6.75,6.68,7.08,7.52,6.07
ARID4A,7.51,7.59,7.3,7.37,7.33,7.18,6.39,7.54,7.51,7.52,7.57,7.79,7.57,7.26,8.15,8.04,8.14,7.33,7.48,7.82,7.81,7.96,7.99,8.2,8.14,8.09,7.2,7.42,7.11,6.75,6.53,5.47,8.56,8.73,8.62,8.06,7.97,7.95,6.99,7.19,7.28,7.31,7.13,7.28,7.13,6.99,7.38,7.41,7.54,7.56
ARID4A,6.34,6.69,6.18,6.51,5.88,5.93,6.01,6.4,6.31,6.46,6.65,6.6,6.55,4.63,7.24,7.08,7.08,6.27,6.57,6.58,6.45,6.87,7.2,6.96,7.31,7.06,5.97,6.2,6.42,5.01,4.67,5.47,7.16,7.27,7.1,7.12,6.65,7.11,6.13,6.32,6.34,6.33,6.27,6.48,6.29,6.65,6.03,6.36,6.44,6.03
ARID4A,7.76,8.12,7.64,7.61,7.6,7.42,7.58,7.45,7.93,7.86,8.01,7.89,7.86,7.73,8.19,8.29,8.49,7.88,8.06,8.03,8.05,8.18,8.21,8.46,8.48,8.48,7.73,7.82,7.68,6.67,7.19,7.41,8.9,8.93,9,8.3,8.14,8.33,6.96,7.88,7.71,7.64,7.7,7.99,7.12,7.39,7.47,7.71,7.75,7.45
ARID4B,6.41,5.65,5.85,5.89,5.71,6.14,6.69,5.96,5.79,5.83,6.05,5.75,5.61,5.42,6.55,6.27,6.43,6.33,6.19,6.58,6.22,5.92,6.41,6.5,5.76,6.33,6.09,5.93,6.1,5.86,6.03,6.65,6.73,6.08,6.7,6.57,6.17,5.9,4.98,6.06,6,6.37,6.16,6.62,6.09,5.98,5.72,5.69,5.67,6.41
ARID4B,10.23,10.37,9.98,10.17,9.93,9.88,9.43,9.96,10.37,10.14,10.52,10.34,10.36,9.83,10.44,10.43,10.34,9.98,10.01,10.23,10.32,10.47,10.72,10.37,10.46,10.49,10.05,10.14,10.19,10.11,9.65,9.71,10.45,10.69,10.64,10.27,10.18,10.2,9.38,10.12,10.32,10.33,10.31,9.82,10.04,10.09,10.07,10.26,10.37,9.33
ARID4B,6.07,5.69,5.82,5.88,5.57,5.59,5.54,6.16,6.03,6.1,5.61,5.95,6.1,5.08,6.03,6.28,6.05,5.65,5.88,5.94,6.02,6.15,5.7,6.23,6.2,6.25,5.91,6,5.25,4.47,5.44,4.88,6.54,6.47,6.37,6.07,5.65,5.83,5.77,5.87,5.85,5.66,5.58,4.19,5.75,5.6,5.75,6.01,6.2,4.92
ARID4B,7.17,6.19,6.62,6.49,5.23,5.81,5.91,6.73,6.72,6.82,6.11,6.85,6.7,6.02,6.96,6.85,6.89,6.58,7.08,7.02,6.89,6.95,6.36,7.21,7.12,7.09,6.58,6.52,5.51,5.26,5.89,5.46,7.27,7.4,7.23,6.47,6.28,7.05,6.13,6.49,6.19,5.82,5.6,5.05,6.48,5.89,6.36,6.44,6.29,5.89
ARID4B,4.01,3.89,3.81,3.81,4.07,3.82,4.03,3.61,3.96,3.63,3.85,4.07,3.61,3.49,4.17,3.72,4.14,3.97,3.93,3.79,3.65,4.27,4.41,3.97,4.36,4.04,3.6,4.18,3.8,3.85,4.32,5.25,3.85,3.96,4.56,4.13,4.26,3.67,4.61,4.08,4.3,3.86,4,3.8,3.77,4.59,3.94,4.28,3.99,3.36
ARID5A,9.09,9.15,9.23,9.15,9.47,9.21,9.77,9.25,9.06,8.99,9.18,8.94,8.82,8.66,8.51,8.55,8.77,9,8.87,8.91,9.06,8.95,9.28,9.13,9.11,8.95,9.16,8.97,9.33,9.19,7.13,8.78,9.17,9.14,8.96,8.97,9.06,8.93,9.2,9.06,9.06,9.79,9.75,8.21,9.28,9.1,9.27,9.05,9.17,7.83
ARID5A,7.1,6.58,7.36,7.42,7.07,7.39,7.26,6.99,7.01,7.08,6.72,7.08,6.88,6.85,6.92,6.69,6.53,7.42,7.17,7.12,7.07,7.05,6.93,7.3,7.3,7.27,7.04,7.28,6.91,6.3,5.78,7.69,7.32,7.13,7.04,6.74,7.28,7.24,6.21,6.71,6.96,7.55,7.12,8.15,7,7.43,7.4,7.45,6.59,6.75
ARID5A /// UNQ5814,3.93,3.89,4.29,4.01,4.49,3.81,4.53,4.11,3.88,4.17,4.28,3.74,3.7,4.3,3.7,4.3,4.57,4.41,4.34,3.98,3.91,4.06,4.18,4.37,4.29,4.18,4.3,4.25,4.02,4.77,6.19,5.87,4.09,3.73,4.02,3.94,4.26,4.3,5.12,3.73,4.55,3.97,4.16,6.02,3.97,4.56,4.47,3.88,4.22,6.12
ARID5B,8.19,8.04,7.95,7.77,7.57,8.34,7.65,7.87,8.26,7.91,7.97,7.82,7.69,6.76,8.21,8.08,8.32,8.23,8.24,8.47,8.21,8.03,8.2,8.34,8.36,8.42,8.01,7.78,7.79,7.29,6.73,7.07,8.39,7.74,8.24,8.65,8.31,8.02,7.67,8.01,7.97,8.04,8.22,6.47,7.97,7.73,7.83,7.92,7.34,6.2
ARID5B,9.5,9.69,9.46,9.44,9.26,9.34,8.51,9.3,9.57,9.47,9.75,9.76,9.59,9.4,9.54,9.4,9.48,9.44,9.57,9.5,9.45,9.34,9.66,9.66,9.63,9.59,9.34,9.26,9.29,9.22,8.98,9.62,9.68,9.73,9.69,9.76,9.71,9.68,9.29,9.37,9.6,9.57,9.76,8.94,9.35,9.2,9.17,9.41,9.54,9.14
ARID5B,6.54,6.24,6.31,6.02,5.97,7.19,6.1,6.36,6.56,6.48,6.06,6.3,6.16,5.36,6.94,7.17,6.81,6.91,6.85,6.94,6.49,6.51,6.4,7.17,6.98,7.09,6.52,6.7,6.06,4.73,4.26,5.95,6.85,6.35,6.97,6.73,7.25,6.78,5.94,6.4,6.34,5.87,5.76,4.03,6.39,6.47,6.21,6.35,5.67,5.42
ARIH1,10.18,10.25,10.29,10.27,10.19,10.25,9.76,9.98,10.22,10.22,10.23,10.26,10.5,9.07,10.49,10.42,10.59,10.14,10.21,10.36,10.49,10.53,10.64,10.56,10.61,10.59,10.26,10.15,10.3,9.9,8.95,9.58,10.56,10.64,10.49,10.49,10.58,10.54,10.2,10.34,10.35,10.57,10.6,8.83,10.45,10.45,10.22,10.44,10.62,8.05
ARIH1,8.9,8.71,8.75,8.75,8.58,8.33,8.39,8.66,8.76,8.79,8.47,8.84,8.67,7.96,9.11,9.05,8.95,8.64,8.68,8.78,9,8.91,8.86,9.18,9.22,9.1,8.67,8.89,8.49,7.33,5.58,6.81,9.55,9.73,9.62,9.07,8.94,9.03,8.51,8.9,8.86,8.71,8.5,6.49,8.91,9,8.97,8.82,8.68,7.08
ARIH2,8.21,8.21,8.27,8.46,8.42,8.62,8.2,8.49,8.16,8.28,8.38,8.26,8.09,6.96,8.61,8.8,8.53,8.44,8.55,8.64,8.27,8.4,8.53,8.51,8.64,8.49,8.25,8.24,8.36,9.05,6.86,7.5,8.1,8.27,8.19,8.54,8.66,8.73,7.51,8.38,8.36,8.79,8.74,6.63,8.48,8.51,8.56,8.45,8.48,7.68
ARIH2,9.78,9.63,9.82,9.7,9.85,9.98,10.37,9.81,9.68,9.61,9.77,9.45,9.54,9.31,10.03,10.19,10.21,9.78,9.76,9.63,9.93,9.77,9.7,9.93,10.01,10.01,9.9,9.67,9.99,10.29,8.63,9.42,10.16,9.92,9.91,10.03,10.28,9.86,10.13,9.81,9.89,9.88,10.06,8.95,9.88,9.99,9.84,9.68,9.64,9.14
ARIH2,8.94,8.68,8.83,8.63,8.84,9.1,9.11,8.65,8.86,8.65,8.79,8.57,8.71,7.25,9.03,9.27,9.07,8.81,8.63,8.67,8.92,8.82,8.82,9.01,8.92,9.01,8.88,8.72,9,8.99,7.09,8.73,9.18,8.97,9.06,9.07,9.33,8.91,9.02,8.82,8.9,8.79,8.97,5.86,8.78,8.66,8.71,8.67,8.67,7.12
ARL1,8.72,8.79,8.8,8.78,8.83,8.7,8.5,8.94,8.76,8.88,9.05,8.73,8.74,8.66,9.05,8.97,9.05,8.91,8.77,8.71,8.95,9.09,8.98,9.06,9.1,8.98,8.85,8.94,8.75,7.85,5.66,7.33,8.55,8.85,8.79,8.97,8.87,8.89,8.15,9.02,9.01,8.85,8.87,7.45,9.03,8.96,9.03,8.93,9.03,8.31
ARL1,7.2,7.24,7.08,7.07,6.78,6.95,6.88,6.85,7.28,7.17,7.29,7.36,7.38,7.13,6.98,6.97,7.08,7.2,7.2,7.2,7.26,7.06,7.12,6.81,6.88,7.18,7.21,6.96,7.31,6.47,6.15,7.03,7.12,6.88,6.86,6.85,7.12,6.8,7.04,7.5,7.19,6.91,6.8,7.06,7.45,6.83,6.82,7.19,7.27,6.54
ARL1,8.99,8.81,8.76,8.94,8.63,8.56,7.39,8.8,8.95,8.89,8.74,8.98,8.96,7.47,8.78,8.58,8.76,8.8,8.86,9,8.77,8.84,8.77,8.83,8.81,8.86,8.88,8.97,8.74,7.71,5.71,6.91,8.25,8.49,8.55,8.77,8.39,8.68,9.02,9.13,8.9,8.4,8.49,7.38,8.85,8.67,8.87,8.99,8.79,7.36
ARL1,9.81,9.76,9.61,9.7,9.55,9.49,9.58,9.74,9.81,9.73,9.72,9.84,10,8.49,9.6,9.59,9.56,9.54,9.67,9.63,9.85,9.74,9.72,9.51,9.67,9.75,9.67,9.69,9.67,9.5,7.62,9.23,9.47,9.39,9.33,9.51,9.48,9.45,9.81,9.85,9.9,9.58,9.53,8.26,9.79,9.67,9.79,9.83,9.91,8.34
ARL1,8.34,8.38,8.22,8.34,8.07,8.28,7.8,8.2,8.61,8.46,8.29,8.59,8.51,8.62,8.41,8.16,8.44,8.17,8.27,8.3,8.41,8.36,8.55,8.45,8.33,8.36,8.32,8.49,8.2,7.92,8.94,8.24,8.06,8.2,8.07,8.17,7.96,8.25,8.21,8.4,8.47,7.92,8.08,8.32,8.32,8.28,8.35,8.56,8.61,8.69
ARL1,9.81,9.77,9.63,9.71,9.67,9.66,9.8,9.7,9.9,9.82,9.69,9.87,9.89,8.95,9.63,9.52,9.55,9.62,9.58,9.69,9.82,9.78,9.78,9.57,9.72,9.72,9.82,9.81,9.69,9.07,7.6,9.51,9.32,9.47,9.39,9.55,9.39,9.53,9.8,9.97,9.9,9.57,9.45,8.18,9.89,9.7,9.74,9.96,9.97,8.75
ARL1,8.56,8.59,8.42,8.46,8.02,8.16,8.1,8.3,8.66,8.65,8.44,8.74,8.61,8.41,8.57,8.35,8.55,8.28,8.55,8.66,8.47,8.53,8.72,8.63,8.53,8.45,8.51,8.63,8.48,6.99,8.05,8.02,7.98,8.14,8.32,8.45,8.04,8.48,8.33,8.51,8.54,8.25,8.33,7.95,8.49,8.14,8.44,8.54,8.67,8.25
ARL1,8.28,7.92,8,7.87,7.15,7.56,7.16,7.72,8.32,8.21,7.58,7.94,8.37,6.53,7.56,7.65,7.91,7.7,7.94,7.95,8.17,7.83,7.72,7.75,7.78,7.98,7.93,7.95,7.99,6.06,5.12,5.37,7.63,7.79,7.38,7.5,7.51,7.73,6.84,8.09,8.11,7.64,7.43,5.59,7.9,7.84,7.45,8.21,8.2,5.03
ARL10,4.58,4.36,4.81,4.55,4.53,4.67,4.78,4.85,4.73,4.57,4.64,4.89,4.41,5.74,4.57,4.77,4.54,4.48,4.62,4.7,4.83,4.7,4.53,4.66,4.63,4.37,4.46,4.9,4.43,4.91,4.54,4.6,4.78,4.79,4.77,4.87,5.06,4.55,4.42,4.97,4.44,4.6,4.52,5.42,4.65,4.24,4.24,4.62,4.61,4.76
ARL10,4.27,4.21,5.1,4.51,4.98,5.33,4.47,4.65,4.79,4.39,4.27,4.22,4.33,5.39,4.61,4.82,4.59,5.03,4.54,4.65,4.67,4.46,4.54,4.49,4.57,4.59,4.5,4.75,4.63,5.01,4.63,4.63,4.24,4.17,4.59,4.53,4.72,4.05,4.62,5.01,4.79,4.29,5.34,5.49,5.27,4.63,4.63,4.51,4.6,5.29
ARL11,4.1,3.91,4.05,4.24,4.17,3.94,4.33,3.91,3.98,4.08,4.14,4.06,4.04,4.4,4,4.15,3.72,4.13,4.08,4.07,3.89,4.03,4.04,4.05,3.96,3.89,4.08,4.02,3.84,4.68,5.14,4.15,4.18,4.03,4.09,4.02,3.95,3.97,5.12,3.75,3.91,4.11,3.98,3.97,3.88,3.78,3.76,3.91,3.99,4.42
ARL11,3.98,3.4,3.49,3.46,3.98,3.67,4.24,3.41,3.49,3.36,3.71,3.63,3.8,4.87,3.63,3.69,3.4,3.56,3.36,3.39,4.04,3.89,4.16,3.53,3.5,3.4,3.84,3.54,3.76,3.86,5.79,5.06,3.75,3.6,3.58,3.29,3.81,3.3,4.28,3.49,3.48,3.44,3.73,4.62,3.71,3.97,3.32,3.65,3.8,4.23
ARL13A,3.51,3.57,3.4,3.39,3.33,3.46,3.93,3.39,3.37,3.51,3.61,3.4,3.45,3.79,3.2,3.25,3.42,3.44,3.32,3.38,3.65,3.48,3.4,3.29,3.14,3.3,3.67,3.52,3.52,3.94,4,4.01,3.39,3.53,3.35,3.52,3.41,3.67,4.21,3.28,3.34,3.29,3.33,3.65,3.69,3.63,3.27,3.26,3.4,3.33
ARL13A,3.46,3.42,3.33,3.19,4.04,3.66,5.38,3.57,3.52,3.34,3.38,3.37,3.33,3.78,3.48,3.42,3.4,3.38,3.29,3.53,3.6,3.51,3.4,3.25,3.53,3.46,3.41,3.49,3.43,4.75,4.73,4.74,3.67,3.5,3.34,3.53,3.78,3.33,5.22,3.47,3.35,3.77,3.44,4.26,3.72,3.57,3.65,3.35,3.34,4.53
ARL13B,8.09,8.41,7.93,7.93,7.69,7.57,7.93,7.79,8.05,7.96,8.03,7.9,8.13,7.39,8.04,8.09,8.11,7.78,7.87,7.75,7.71,7.88,8.16,7.77,7.96,7.84,7.88,8.03,7.92,7.4,5.05,7.53,8.54,8.59,8.51,7.88,7.99,8.14,7.43,7.68,8.18,7.86,7.84,8.02,7.35,7.25,7.66,7.87,8.19,7.03
ARL13B,6.1,6.26,6.12,6.29,5.57,5.68,5.35,6.21,6.44,6.73,6.21,6.39,6.35,6.14,6.42,6.04,6.59,6.05,6.01,6.32,5.99,6.28,6.04,6.36,6.32,6.39,5.76,6.49,5.89,5.02,5.66,7.27,6.37,6.94,6.79,6.36,5.58,6.56,6.12,5.92,5.94,5.96,5.57,5.36,5.97,5.32,5.85,6.11,6.19,6.83
ARL13B,6.37,6.11,6.31,6.11,5.09,4.88,6.09,6.24,6.3,6.13,5.74,6.37,6.18,6.27,6.15,6.61,6.32,6.09,6.13,6.25,6.07,5.69,5.56,6.25,6.08,6.05,5.53,6.21,5.66,4.92,5.85,5.48,6.63,6.97,6.96,5.99,5.76,6.47,5.47,6.08,6.06,5.79,5.7,6.39,5.91,5.27,5.86,5.86,5.85,6.4
ARL14,3.7,3.88,3.61,3.74,3.8,3.49,4.32,3.64,3.76,3.79,3.7,3.57,3.68,4.74,3.57,3.58,3.72,3.43,3.5,3.51,3.7,3.85,3.6,3.77,3.44,3.51,3.42,3.71,3.84,4.11,4.01,4.02,4.18,3.92,3.69,3.26,3.61,3.55,4.25,3.5,3.25,3.67,3.73,3.95,3.65,3.64,3.48,3.59,3.43,4.77
ARL15,6.45,6.13,5.98,5.82,5.96,5.68,5.56,5.57,5.98,6.21,6.19,6.47,6.26,5.44,5.74,5.91,5.64,5.63,5.79,5.9,6.25,6.31,6.14,5.89,6,6.42,5.86,5.96,6.12,5.74,5.7,4.5,6.07,5.9,5.93,5.7,5.35,6.1,5.57,5.58,5.61,5.48,5.43,6.02,5.35,5.76,5.85,5.65,5.86,4.73
ARL15,4.4,4.51,4.52,4.58,3.98,4.35,4.29,4.69,4.72,4.77,4.54,4.88,4.51,4.57,4.5,4.5,4.51,4.85,5.16,4.53,4.84,4.62,4.66,4.65,4.92,4.6,4.27,4.38,4.76,4.85,5.06,4.62,4.56,4.6,4.7,4.25,4.26,4.69,5.18,4.87,4.59,4.82,3.81,5.36,4.75,4.24,4.45,4.65,4.87,4.5
ARL16,8.75,8.8,8.88,8.89,8.76,8.8,8.44,8.86,8.81,8.77,8.49,8.63,8.79,6.25,8.49,8.45,8.47,8.83,8.72,8.65,8.66,8.72,8.51,8.5,8.55,8.64,8.81,8.74,8.93,8.79,4.63,6.34,8.71,8.76,8.55,8.59,8.81,8.64,8.79,8.73,8.77,8.72,8.92,7.43,8.7,8.45,8.25,8.83,8.67,6.52
ARL16,6.45,6.16,6.57,6.51,6.11,5.94,6,6.42,6.46,6.63,5.78,6.3,6.41,4.33,6.44,6.22,6.29,6.17,6.15,6.58,6.48,6.39,5.97,6.64,6.53,6.43,6.46,6.6,6.2,4.99,5.01,4.56,6.16,6.39,6.47,6.33,6.14,6.68,4.8,6.32,6.23,6.2,5.92,5.47,6.34,6.07,6.31,6.39,6.12,5.06
ARL17 /// ARL17P1 /// LOC100294341,6.42,6.32,6.25,6.28,6.13,6.67,6.54,6.21,6.65,6.4,6.25,6.31,6.53,6.11,6.34,6.23,6.17,6.17,6.44,6.37,6.23,6.18,6.15,6.45,6.22,6.3,6.41,6.44,6.22,6.24,6.53,5.97,6.44,6.07,6.02,6.03,6.33,6.34,6.16,6.18,6.38,6.42,6.43,6.35,6.22,6.43,6.4,6.37,6.38,6.47
ARL17 /// ARL17P1 /// LOC100294341,3.96,3.57,3.71,4.04,3.65,3.55,4.12,3.6,3.86,3.98,3.69,3.63,3.72,5.28,3.61,3.47,3.6,3.47,3.39,3.76,3.68,3.72,3.92,3.72,3.6,3.43,3.68,3.77,3.68,4.45,4.26,3.48,3.82,3.69,3.57,3.38,3.46,3.42,4.23,3.55,3.7,4.06,3.36,5.05,4.16,3.61,3.82,4.2,3.7,3.49
ARL17P1,8.72,8.73,8.85,8.75,8.48,8.75,8.82,8.79,8.85,8.91,8.71,8.7,8.72,9.92,8.6,8.74,8.66,8.85,8.83,8.86,8.54,8.6,8.51,8.57,8.64,8.56,8.69,8.82,8.47,6.11,7.28,8.18,8.2,8.43,8.4,8.64,8.41,8.53,8.44,8.44,8.62,8.77,8.65,9.91,8.49,8.5,8.44,8.44,8.59,9.61
ARL17P1,8.04,8.01,8.05,7.96,7.62,7.8,8.08,8.06,8.13,8.16,8.08,7.88,7.8,8.7,7.79,7.94,7.92,7.92,8.04,8.04,8.01,7.97,7.82,7.87,7.87,7.81,7.93,8.04,7.88,7.86,7.34,7.24,7.56,7.56,7.54,7.82,7.35,7.89,6.12,8.01,7.72,8.05,7.74,8.91,7.44,7.14,7.86,7.86,7.8,8.27
ARL17P1,6.41,5.82,6.48,6.35,6.51,5.64,5.96,6.58,6.38,6.49,5.61,6.37,6.08,7.47,6.08,5.94,6.22,6.5,6.43,6.52,6.22,6.19,5.82,6.36,6.5,6.54,6.24,6.26,6.02,4.78,5.64,6.65,6.19,6.41,6.28,6.29,6.4,6.2,5.42,6.49,6.08,6.06,5.9,7.11,6.33,5.84,6.26,6.35,6.32,6.86
ARL17P1,5.55,5.27,5.59,5.69,5.43,4.94,5,5.38,5.44,5.66,5.52,5.7,5.59,7.13,5.47,5.07,5.35,5.33,5.7,5.96,5.37,5.31,4.91,5.62,5.36,5.29,5.26,5.59,5.23,3.84,4.02,4.76,4.98,5.46,5.56,5.25,5,5.68,4.2,5.47,5.57,5.77,5.37,6.06,5.55,4.75,5.73,5.67,5.45,5.5
ARL17P1 /// LOC100294340 /// LOC100294341 /// LOC646043,4.87,4.72,4.7,4.93,5.01,4.87,4.9,5.11,4.85,4.88,4.67,4.75,4.64,5.95,4.74,4.85,4.63,4.67,4.93,4.82,4.84,5.03,4.77,4.54,5.14,4.67,4.76,4.81,4.96,4.13,5.86,6.8,4.76,4.66,5.11,4.73,5,5.07,5.58,4.62,4.59,4.91,4.83,4.67,5.2,5.18,5,4.91,4.89,5.63
ARL17P1 /// LOC100294341,4.15,4.04,4.22,4.34,3.91,3.96,3.72,4.11,4.05,4.21,4.49,4.31,4.24,3.63,3.94,4.37,3.92,4.03,4.27,4.16,4.1,4.09,4.2,4.24,4.36,3.95,3.87,3.91,4.09,3.88,4.25,3.62,3.48,3.71,3.45,4.22,3.91,4.13,3.75,4.37,4.1,4.63,4.17,4.46,4.25,3.9,4.67,3.98,4.26,3.65
ARL2,8.04,7.94,8.18,8.16,8.45,8.27,7.52,8.15,8.08,7.98,7.72,7.88,7.69,6.63,7.9,7.77,7.94,7.84,7.93,7.84,7.82,7.47,7.73,7.59,7.58,7.84,8.22,7.91,8.07,6.97,6.13,6.62,7.75,7.52,7.76,8.07,8.25,8.06,8.29,8.38,8.17,8.09,8.3,5.41,8.45,8.66,8.51,8.04,7.9,6.48
ARL2,4.72,4.23,4.48,4.34,4.19,4.03,4.23,4.27,4.72,4.54,4.49,4.42,4.62,5.16,4.18,4.74,4.51,4.25,4.28,4.34,4.39,4.22,4.62,4.33,4.16,4.3,4.26,4.58,4.12,5.14,5.91,4.33,4.25,4.18,4.44,4.59,4.17,4.59,4.71,4.2,4.24,4.45,4.15,4.51,4.49,4.1,4.48,4.24,4.54,4.74
ARL2 /// SNX15,8.18,7.81,8.24,8.15,8.21,8.18,7.81,8.11,8.11,8.22,7.72,7.79,7.93,6.15,8,8,8.04,8.13,8.07,8.16,7.73,7.64,7.44,7.81,7.76,7.81,8.11,8.06,7.73,5.82,4.84,5.48,7.76,7.92,7.8,7.83,8.18,8.2,8.55,8.35,7.99,7.84,8.27,6.04,8.79,8.82,8.61,7.96,7.83,7.2
ARL2BP,8.63,8.03,8.49,8.57,7.99,7.76,7.71,8.37,8.6,8.47,7.91,8.54,8.41,6.08,8.71,8.66,8.68,8.61,8.57,8.65,8.63,8.56,8.24,8.66,8.72,8.74,8.19,8.55,7.94,7.44,6.45,6.35,8.69,8.62,8.62,8.77,8.26,8.72,8.08,8.37,7.99,7.92,7.62,6.92,7.87,7.35,8.27,8.48,8.13,6.34
ARL2BP,10.57,10.47,10.46,10.57,10.39,10.29,10.45,10.47,10.65,10.63,10.14,10.72,10.7,7.24,10.78,10.76,10.81,10.59,10.63,10.64,10.65,10.7,10.45,10.73,10.63,10.75,10.49,10.54,10.25,9.5,7.99,7.93,10.83,10.91,10.83,10.74,10.57,10.79,10.13,10.36,10.36,10.22,10.12,9.4,10.17,10.02,10.27,10.48,10.55,9.84
ARL2BP,10.22,10.15,10.2,10.31,10.51,10.41,9.84,10.1,10.3,10.1,10.33,10.3,10.17,10.03,10.44,10.34,10.37,10.35,10.28,10.23,10.31,10.27,10.33,10.36,10.35,10.35,10.21,10.21,10.23,10.08,8.88,9.82,10.45,10.4,10.48,10.47,10.47,10.35,10.26,10.28,10.25,10.19,10.31,9.69,10.02,9.98,9.93,10.21,10.13,9.54
ARL2BP,4.11,4.03,4.2,4.1,4.41,4.31,4.36,4.51,4.26,4.02,4.27,3.95,4.2,4.6,4.22,4.76,4.28,4.32,4.54,4.26,4.43,4.19,4.05,3.94,4.31,4.06,4.12,4.24,4.44,4.73,4.57,4.74,4.44,4.39,4.69,4.19,4.8,4.49,4.06,4.19,4.21,4.18,4.61,5.49,4.22,4.64,3.98,4.25,4.19,4.07
ARL3,3.96,4.23,4.07,4.16,4.44,4.21,4.29,4.35,4.17,4.2,4.11,3.97,4.27,4.38,3.78,4.18,3.87,4.26,4.3,4.16,4.12,4.31,4.11,3.94,3.91,4.14,4.17,4.05,4.19,4.67,4.3,4.42,4.11,4,4.26,4.05,4.16,3.98,4.86,3.93,4.2,4.57,3.97,4.31,4.25,4.46,4,4.08,4.56,4.63
ARL3,5.71,5.51,5.45,6.09,6.18,6.09,5.99,6.09,5.93,5.82,5.92,5.85,5.64,7.21,5.9,5.79,5.52,6.34,5.93,6.02,5.69,5.65,5.75,6.2,5.95,5.77,5.97,5.76,5.69,7.09,5.41,5.53,5.18,5.55,5.71,6.08,6.09,5.91,5.83,6.37,6,6.43,6.01,6.38,5.84,5.98,5.77,6.08,5.87,6.43
ARL3,10.1,9.97,10.19,10.05,10,10.12,10.24,10.15,10.2,10.16,9.63,10.13,10.25,8.66,10.12,10.09,10.06,10.19,10.22,10.23,10.06,9.99,9.73,10,9.93,10.05,10.11,10.09,9.99,9.95,7.68,8.38,9.7,9.59,9.76,10.14,10.26,10.21,10.33,10.37,10.33,10.01,10.1,8.21,10.37,10.28,10.11,10.2,10.24,7.6
ARL4A,5.56,5.77,5.82,5.48,5.55,5.34,4.98,5.55,5.67,5.94,5.95,5.52,5.8,5.18,5.53,5.43,5.65,6.03,5.55,5.69,5.35,5.52,5.7,5.55,5.64,5.01,5.61,5.57,5.67,5.34,6.23,6.67,5.68,5.38,5.34,5.66,4.93,5.64,5.57,5.81,5.45,5.41,5.05,6.65,5.58,5.78,5.26,5.92,5.88,5.66
ARL4A,7.73,7.37,7.82,7.6,7.44,7.33,6.58,7.54,7.61,7.45,7.63,7.42,6.96,7.35,7.6,7.5,7.24,7.38,7.54,7.45,7.29,7.36,7.34,7.79,7.38,7.47,7.58,7.67,7.38,5.09,6.75,7.86,7.22,7.07,7.3,7.17,7.18,7.35,6.96,7.83,7.64,7.24,7.32,5.76,7.72,7.81,7.79,7.68,7.64,7.22
ARL4A,5.51,5.21,5.58,5.63,5.27,5.77,4.9,5.76,5.72,5.7,5.22,5.51,5.39,5.05,5.17,4.95,5.29,5.03,5.5,4.94,5.13,5.36,5.43,5.11,5.46,5.3,5.59,5.36,5.38,4.81,5.07,4.86,5.06,5.04,4.98,5.29,4.99,5.29,5.01,5.28,5.72,5.3,5.08,4.67,5.67,5.2,5.43,5.54,5.54,4.57
ARL4A,6.47,6.45,6.61,6.33,6.51,6.52,5.65,6.57,6.63,6.56,6.62,6.3,6.33,5.02,6.3,5.94,6.1,6.4,6.36,6.23,6.02,6.35,6.28,6.33,6.13,6.14,6.56,6.24,6.38,6.17,6.2,5.52,6.08,6.15,6.01,6.21,6.07,6.11,7,6.27,6.68,6.3,5.98,6.35,6.34,6.53,6.59,6.51,6.5,6.09
ARL4C,5.48,5.42,5.53,5.8,5.36,5.83,5.58,5.71,5.82,5.57,5.64,5.69,5.45,7.65,5.84,5.5,5.82,5.9,5.58,5.61,5.32,5.83,5.82,5.67,5.79,5.64,5.56,5.84,5.44,5.42,6.98,5.76,5.86,6.05,6.54,5.95,5.72,5.9,5.28,5.74,5.61,5.83,5.59,5.98,5.62,5.49,5.8,5.38,5.53,6.67
ARL4C,4.39,4.05,4.48,4.32,4.17,4.5,4.23,5.03,4.23,4.31,4.72,4.22,4.21,4.71,4.65,4.63,4.46,4.42,4.04,4.32,4.36,4.7,4.61,4.9,4.73,4.68,4.4,4.47,4.42,3.74,5.28,3.63,4.72,4.92,5.07,4.63,4.65,4.39,3.67,4.55,4.65,4.57,4.6,3.98,4.31,3.88,4.52,4.39,4.51,4.35
ARL4C,3.86,4.39,3.78,3.8,4.66,4.17,4.14,3.78,3.89,3.8,4.07,3.85,4.11,3.94,4.22,4.12,4.12,4,3.78,4.02,3.88,4.06,3.88,4.08,3.83,3.71,4.01,4.09,4.16,4.62,6.53,4.7,3.99,4.35,4.14,3.87,3.71,3.85,4.82,3.91,3.77,3.95,3.88,4.35,3.85,4.06,3.69,3.76,3.87,3.69
ARL4D,6.69,6.64,6.77,6.88,6.92,6.86,6.78,6.52,6.89,6.84,7.17,6.94,6.83,6.98,6.94,6.66,6.83,6.93,6.85,6.77,6.91,6.86,7.04,6.86,6.94,6.99,6.72,6.95,6.86,6.86,6.91,6.72,7.57,7.25,7.31,6.7,6.83,6.73,7.02,6.97,6.82,6.87,6.99,6.87,6.73,6.98,6.94,6.84,6.85,7.18
ARL4D,6.85,6.77,7.2,6.98,7.32,7.13,6.43,7.05,7.13,6.99,7.24,7.15,7.01,7.23,7.44,7.03,7.18,6.85,7.1,6.97,7.1,7.27,7.25,7.42,7.27,7.07,7.14,7.05,6.93,6.69,5.72,7.36,7.64,7.21,8.1,7.21,7.1,7.23,7.41,7.17,7.17,7.15,7.09,7.72,7.28,7.04,7.21,7.18,7.03,7.88
ARL5A,9.73,9.73,9.48,9.59,9.05,9.38,9.22,9.47,10.02,9.71,9.75,9.62,9.8,8.76,9.34,9.29,9.35,9.21,9.34,9.3,9.3,9.55,9.49,9.14,9.29,9.3,9.65,9.74,9.69,9.23,7.06,8.62,9.17,9.22,9.2,9.33,9.16,9.1,8.82,9.4,9.51,9.58,9.23,8.5,9.3,9.18,9.36,9.5,9.72,8.41
ARL5A,11.02,11.17,10.95,10.91,10.7,10.99,10.66,10.76,11.17,11.02,11.24,10.97,10.99,10.45,10.79,10.83,10.79,10.68,10.7,10.82,10.81,10.82,11.04,10.69,10.7,10.71,10.95,10.96,11.23,10.57,8.72,10.52,10.72,10.72,10.67,10.77,10.62,10.6,10.6,10.78,10.83,11,10.82,9.92,10.69,10.66,10.84,10.91,11.03,10.01
ARL5A,10.64,11.06,10.6,10.71,10.64,10.47,10.11,10.63,10.73,10.72,10.74,10.79,10.63,10.35,10.52,10.41,10.38,10.42,10.5,10.6,10.42,10.46,10.6,10.31,10.41,10.32,10.65,10.65,10.6,9.89,8.9,10.06,10.23,10.35,10.39,10.5,10.27,10.44,9.89,10.56,10.51,10.45,10.4,10.16,10.28,10.23,10.43,10.63,10.49,9.43
ARL5A,9.82,9.68,9.54,9.57,8.99,9.08,9.4,9.65,9.72,9.85,9.32,9.67,9.68,8.15,9.36,9.32,9.38,9.32,9.38,9.51,9.52,9.39,9.06,9.14,9.25,9.34,9.65,9.61,9.4,8.27,6.45,8.37,9.32,9.43,9.35,9.25,9.26,9.26,9.34,9.46,9.28,9.16,9.07,7.85,9.33,9.19,9.35,9.55,9.44,8.62
ARL5A,9.05,8.88,8.75,8.72,8.64,8.81,8.5,8.67,8.89,9.02,8.91,8.92,8.93,8.75,8.57,8.6,8.69,8.59,8.62,8.58,8.5,8.85,8.8,8.33,8.5,8.73,8.87,8.91,9.09,8.56,8.75,8.46,8.59,8.56,8.53,8.6,8.56,8.55,8.23,8.59,8.75,8.84,8.63,8.3,8.52,8.53,8.73,8.9,9.11,8.62
ARL5B,8.29,8.22,8.17,8.29,7.95,7.5,7.16,8.15,8.27,8.42,8.15,8.32,8.17,7.67,8.9,8.85,8.91,8.03,8.04,8.28,8.29,8.49,8.16,8.89,8.93,8.6,8.22,8.61,7.81,7.74,8.15,7.76,9.82,9.94,10.02,8.86,8.11,8.81,7.43,8.76,8.67,8.11,7.7,7.16,8.1,7.71,8.26,8.57,8.34,7.82
ARL5B,6.45,6.66,6.25,6.38,5.84,6.12,6.24,5.86,6.64,6.6,6.59,6.6,6.59,7.05,6.8,6.48,6.95,6,6.04,6.27,6.3,6.48,6.6,6.53,7.07,6.68,6.28,6.53,6.32,5.56,6.18,6.44,7.66,7.72,7.61,6.91,6.33,6.49,5.54,6.72,7.04,6.19,6.31,6.63,6.32,6.28,6.39,6.75,6.57,6.79
ARL5B,7.74,7.91,7.64,7.91,7.89,7.44,7.08,7.52,7.75,7.61,7.81,7.69,7.66,6,8.35,7.98,8.21,7.5,7.59,7.68,7.76,7.82,8,8.08,8.09,8.24,7.77,7.66,7.78,6.98,8.42,7.88,9.25,9.21,9.27,8.13,8.04,8.09,7.45,8.06,8.15,7.57,7.74,6.5,7.58,7.98,7.71,8.12,8.05,6.94
ARL5C,5.12,5.04,4.7,4.98,5.34,4.72,5.09,4.98,4.86,4.94,4.76,4.96,5.05,5.8,4.98,5.18,4.92,5.54,4.87,5.02,4.9,4.94,5.14,4.61,4.82,4.84,4.89,4.9,4.9,5.89,4.67,6.3,5.15,4.45,5.04,4.55,5.18,4.73,5.12,5.1,4.87,5.35,5.03,5.74,5.19,4.88,4.61,4.78,5,5.08
ARL5C,3.95,4.12,3.64,3.95,3.99,3.86,3.88,3.73,3.77,3.79,3.77,3.79,4.29,4.07,4.24,3.76,3.57,3.73,3.92,3.83,3.92,3.82,3.92,3.45,3.7,3.6,3.96,3.66,3.78,3.85,3.55,4.24,3.92,3.98,3.6,3.74,3.52,3.75,3.94,3.63,3.81,4.01,4.02,3.79,3.75,3.87,3.74,3.66,3.59,3.69
ARL6,5.89,6.09,5.83,5.64,5.83,5.7,5.29,5.73,5.92,5.83,6.25,5.96,6.1,6.14,5.65,5.65,5.82,5.78,5.83,6.04,5.99,5.84,5.91,5.74,5.88,5.91,5.68,5.77,5.85,4.57,5.68,6.24,5.59,5.82,5.67,5.88,5.48,5.91,5.07,5.88,5.96,5.68,5.24,5.59,5.53,5.71,5.82,6.09,6.18,5.27
ARL6,7.36,7.78,7.38,7.54,7.43,7.1,6.65,7.21,7.69,7.56,7.68,7.63,7.61,7.61,7.32,7.45,7.54,7.37,7.42,7.64,7.37,7.5,7.55,7.41,7.37,7.44,7.47,7.5,7.67,6.01,7.79,7.51,7.1,7.38,7.28,7.48,7.26,7.45,6.36,7.62,7.65,7.27,7.19,7.29,7.53,7.44,6.94,7.58,7.68,6.59
ARL6,5.8,5.91,6.07,5.71,5.65,5.17,5.61,5.71,5.89,5.93,5.45,6.17,5.9,4.66,5.62,5.81,5.78,5.64,6.03,6.08,6,5.69,5.78,5.78,6.14,5.94,5.67,6.17,6.01,6.21,5.08,5.83,5.77,5.86,5.55,6.09,5.88,5.85,5.65,5.78,5.84,5.97,5.57,5.05,6.08,5.29,5.99,5.97,5.93,5.14
ARL6,4.45,4.49,4.29,4.35,4.22,4.53,3.9,4.08,4.19,4.43,4.4,4.61,4.45,4.64,4.5,4.45,4.43,4.22,4.39,4.58,4.34,4.6,4.54,4.59,4.68,4.24,4.71,4.55,4.46,5.2,4.69,5.43,4.41,4.21,4.36,4.46,4,4.19,4.88,4.12,4.69,4.08,4.29,4.2,4.18,4.54,4.47,4.11,4.11,4.04
ARL6IP1,10.61,10.18,10.43,10.63,9.67,9.76,9.53,10.56,10.64,10.62,9.79,10.8,10.63,8.93,10.82,10.62,10.62,10.43,10.43,10.57,10.58,10.5,10.01,10.65,10.58,10.66,10.34,10.57,9.61,6.88,7.67,8.12,10.86,10.97,10.97,10.54,10.09,10.68,8.85,10.27,10,9.61,9.62,8.12,9.67,9.45,9.78,10.36,10.06,8.68
ARL6IP1,10.06,9.87,9.8,10.12,9.42,9.21,9.39,9.64,10.3,10.02,9.39,10.15,10.38,8.37,10.21,9.98,9.99,9.8,9.85,9.77,10.04,9.95,9.73,9.92,9.91,9.97,9.8,9.95,9.3,8.79,6.34,7.22,10.27,10.37,10.33,9.83,9.57,9.99,8.86,9.59,9.54,9.21,9.25,7.59,9.21,8.79,9.32,9.83,9.77,7.88
ARL6IP1,11.2,11.03,10.95,11,10.69,10.89,10.84,10.81,11.31,11.05,10.84,11.17,11.37,9.63,11.17,11,11.05,10.91,10.85,10.85,11.21,11.02,11.15,11.01,10.79,11.08,11.12,11,10.99,10.81,7.65,9.38,11.3,11.36,11.24,10.91,10.95,10.96,10.85,10.79,10.91,10.69,10.75,9.76,10.49,10.42,10.44,10.85,11.13,9.41
ARL6IP4,7.46,7.43,7.71,7.86,7.87,7.73,8.02,8.09,7.7,7.7,7.86,7.73,7.55,8.33,7.7,7.7,7.64,7.69,7.62,7.87,7.69,7.73,7.77,7.69,7.79,7.75,7.91,7.9,7.84,6.21,6.82,8.01,7.04,7.4,7.66,7.83,7.63,7.81,7.21,8.12,7.79,8.17,8.02,8.2,7.59,7.46,7.84,7.76,7.66,8.29
ARL6IP4,10.06,10.08,10.14,10.01,10.22,10.24,10.19,10.3,10.11,9.92,9.97,9.91,10.28,9.57,9.87,10,10.02,10.36,10.33,10.35,10.12,9.88,10,9.89,9.94,10.14,10.22,9.89,10.35,10.58,9.99,9.63,10.09,9.84,9.87,9.9,10.33,10.14,10.51,10.23,10.19,10.19,10.45,10.2,10.27,10.4,9.99,10.06,10.29,9.56
ARL6IP4,10.39,10.28,10.44,10.34,10.59,10.43,10.65,10.48,10.35,10.4,10.23,10.12,10.42,9.32,10.12,10.2,10.27,10.6,10.67,10.73,10.47,10.18,10.26,10.26,10.06,10.36,10.44,10.14,10.45,10.98,8.6,9.39,10.2,10.13,10.09,10.18,10.45,10.39,10.83,10.31,10.49,10.39,10.65,9.31,10.45,10.57,10.26,10.37,10.4,7.71
ARL6IP4,10.87,10.81,10.95,10.86,10.95,11.06,11.21,11.05,10.85,10.87,10.71,10.81,10.89,9.03,10.76,10.79,10.8,11.2,11.19,11.18,10.93,10.72,10.68,10.74,10.81,10.88,10.9,10.75,10.99,11.29,8.65,8.83,10.85,10.67,10.66,10.78,11.07,10.89,11.35,10.97,11.06,10.99,11.15,8.46,11.02,11.03,10.93,10.91,10.88,8.05
ARL6IP4,9.67,9.26,9.5,9.51,9.44,9.37,9.8,9.5,9.58,9.4,8.9,9.37,9.67,5.98,9.16,9.4,9.37,9.83,9.8,9.68,9.58,9.32,9,9.21,9.08,9.62,9.57,9.44,9.52,8.36,4.38,5.06,9.46,9.2,9.17,9.23,9.81,9.44,9.53,9.31,9.58,9.39,9.64,5.27,9.6,9.43,9.45,9.46,9.43,4.35
ARL6IP4,8.73,8.62,8.95,8.86,9.13,8.88,8.51,9.3,8.77,8.83,8.87,8.89,8.85,9,8.73,9.1,8.78,8.85,8.78,8.94,8.9,9.11,8.93,8.8,8.93,8.73,8.94,8.85,9.04,8.63,7.08,9.33,8.55,8.65,8.71,8.95,8.81,8.84,8.61,9,8.93,9.29,9.15,8.75,9.07,8.85,9.03,8.87,8.82,8.68
ARL6IP4,10.19,10.21,10.24,10.23,10.59,10.37,10.7,10.57,10.19,10.25,10.21,10.23,10.34,8.88,10.11,10.34,10.22,10.48,10.23,10.56,10.39,10.16,10.24,10.15,10.11,10.25,10.33,10.2,10.57,10.95,9.99,9.52,10.21,10.13,10.05,10.08,10.41,10.33,10.65,10.27,10.39,10.43,10.61,9.24,10.31,10.54,10.35,10.18,10.38,9.64
ARL6IP4,10.39,10.29,10.46,10.33,10.56,10.46,10.66,10.54,10.3,10.33,10.21,10.36,10.43,7.9,10.17,10.32,10.3,10.73,10.67,10.62,10.44,10.26,10.15,10.23,10.17,10.37,10.52,10.25,10.58,10.63,6.86,9.01,10.26,10.32,10.18,10.22,10.54,10.44,10.74,10.45,10.61,10.4,10.66,8.77,10.52,10.64,10.4,10.42,10.37,8.71
ARL6IP5,11.58,11.41,11.38,11.43,10.9,11.3,11.18,11.35,11.61,11.61,11.2,11.67,11.73,10.51,11.84,11.8,11.7,11.47,11.45,11.64,11.94,11.94,11.72,11.9,11.94,11.89,11.44,11.56,11.25,10.48,9.96,9.84,11.48,11.36,11.41,11.77,11.48,11.64,11.12,11.45,11.27,11.15,10.9,9.14,11.52,11.36,11.48,11.42,11.22,9.79
ARL6IP5,10.53,10.59,10.45,10.33,10.25,10.37,9.87,10.14,10.67,10.48,10.46,10.72,10.86,10.08,10.61,10.54,10.76,10.39,10.42,10.39,10.9,10.82,10.94,10.75,10.67,10.87,10.4,10.31,10.4,10.06,6.78,8.46,10.37,10.22,10.23,10.54,10.68,10.6,10.24,10.26,10.38,10.1,10.33,9.6,10.23,10.16,10.29,10.5,10.46,9.68
ARL6IP5,9.83,9.81,9.58,9.73,9.35,9.45,9.3,9.62,9.96,9.65,9.65,9.98,10.27,9.35,9.87,9.77,9.9,9.56,9.61,9.8,10.19,10.13,10.21,9.89,9.95,10.12,9.58,9.66,9.67,9.19,8.58,8.76,9.42,9.47,9.41,9.85,9.76,9.76,9.24,9.7,9.57,9.37,9.34,9.27,9.62,9.52,9.65,9.78,9.76,9.23
ARL6IP5,10.99,11.07,10.8,10.84,10.59,10.69,10.82,10.65,11.1,10.92,10.78,11.06,11.29,10.58,11.13,11.02,11.16,10.86,10.84,11.02,11.29,11.28,11.31,11.2,11.18,11.23,10.85,10.83,10.78,10.48,9.49,9.93,10.74,10.74,10.66,11.11,10.94,11.1,10.68,10.84,10.77,10.51,10.58,10.14,10.88,10.74,10.8,10.76,10.7,10.59
ARL6IP6,10.97,11.42,11.01,10.94,10.76,10.83,10.56,10.78,11.32,11.09,11.22,11.05,11.25,10.77,10.78,10.65,10.85,10.98,11.01,11.08,10.62,10.67,11.12,10.61,10.63,10.68,10.94,10.98,10.81,10.75,10.06,10.63,10.66,10.7,10.55,10.81,10.69,10.82,10.47,10.76,10.77,10.95,10.97,10.37,10.89,10.77,10.87,11,10.77,9.88
ARL8A,4.58,4.46,4.54,5.13,5.44,4.91,4.47,4.58,4.58,4.9,5,4.72,4.49,4.99,4.56,4.6,4.42,4.4,4.67,4.51,4.49,4.84,4.72,4.67,4.63,4.64,4.85,4.65,4.87,6.76,6.57,6.56,4.38,4.58,4.62,4.62,5.14,4.79,4.87,4.74,4.58,5.19,4.94,5.13,4.78,4.56,5.22,4.8,4.9,5.23
ARL8A,6.9,6.87,7,6.83,7.5,6.75,6.65,6.95,6.87,6.82,7.27,7.06,7.11,6.77,7.49,7.4,6.89,7.15,6.88,6.96,7.33,7.32,7.31,7.4,7.61,7.47,7.04,6.85,7.06,7.52,5.99,6.38,7.65,7.59,7.57,7.26,7.44,7.5,6.92,7.21,7.13,7.32,7.15,6.18,6.83,6.88,7.09,7.09,7.19,6.16
ARL8A,6.03,5.71,6.01,5.79,5.76,5.7,5.04,5.68,5.93,5.87,5.78,5.71,5.41,5.12,5.98,5.99,6.06,5.84,5.94,6.3,5.81,5.79,5.61,6.05,6.28,5.86,5.61,5.9,5.83,4.88,5.29,6.36,6.27,6.07,5.93,5.88,6.1,6.03,6.09,5.83,5.94,5.59,5.84,5.46,5.79,5.77,5.71,5.87,5.87,5.51
ARL8B,9.52,9.48,9.3,9.37,9.2,9.14,8.43,8.89,9.68,9.49,9.39,9.57,9.61,8.5,9.73,9.7,9.96,9.13,9.23,9.38,9.73,9.77,9.62,9.59,9.83,9.74,9.26,9.46,9.35,8.75,6.59,7.98,9.72,9.76,9.7,9.7,9.73,9.44,8.9,9.3,9.36,9.41,9.33,8.4,9.32,9.36,9.36,9.58,9.58,8.16
ARL8B,11.35,11.44,11.3,11.38,11.42,11.31,10.99,11.15,11.48,11.37,11.41,11.43,11.43,10.56,11.77,11.59,11.76,11.25,11.41,11.31,11.63,11.66,11.69,11.69,11.64,11.77,11.32,11.38,11.48,11.18,9.18,10.74,11.69,11.72,11.66,11.67,11.67,11.64,11.32,11.47,11.48,11.39,11.44,10.76,11.42,11.39,11.42,11.43,11.51,10.24
ARL8B,10.73,10.59,10.55,10.61,10.54,10.45,10.35,10.46,10.68,10.56,10.61,10.62,10.69,9.65,10.79,10.81,10.78,10.29,10.36,10.32,10.89,10.8,10.96,10.65,10.85,10.92,10.56,10.68,10.74,10.67,9.06,9.03,10.99,11.01,10.97,10.78,10.71,10.8,10.62,10.68,10.7,10.4,10.3,9.65,10.44,10.38,10.49,10.78,10.81,9.69
ARL8B,9.65,9.64,9.58,9.67,9.48,9.54,8.66,9.67,9.74,9.6,9.61,9.69,9.8,8.01,9.74,9.86,9.95,9.35,9.44,9.55,9.95,9.86,9.9,9.87,9.88,9.91,9.67,9.68,9.76,9.33,6.89,8.65,9.93,10,9.93,9.77,9.84,9.88,9.57,9.68,9.68,9.53,9.38,9.25,9.58,9.5,9.68,9.74,9.69,9
ARL8B,9.75,9.48,9.38,9.4,8.88,9.05,8.97,9.29,9.8,9.65,9.03,9.57,9.72,8.92,9.8,9.72,9.8,9.1,9.17,9.26,9.76,9.65,9.42,9.77,9.69,9.92,9.46,9.51,9.11,8.15,6.1,8.14,9.9,9.77,9.67,9.58,9.36,9.69,9.04,9.44,9.54,9.05,8.86,8.32,9.3,9.2,9.33,9.6,9.49,9.21
ARL8B,9.47,9.08,9.28,9.09,8.43,8.73,8.86,9.27,9.37,9.46,8.35,9.35,9.53,7.41,9.56,9.56,9.68,8.97,8.92,8.99,9.68,9.2,8.84,9.45,9.59,9.78,9.21,9.26,8.65,7.89,6.64,7.78,9.67,9.6,9.44,9.45,9.04,9.62,8.14,9.25,9.16,8.64,8.55,7.02,9.1,8.89,9.15,9.29,9.03,7.88
ARL8B,10.74,10.68,10.54,10.73,10.47,10.53,10.2,10.57,10.77,10.65,10.48,10.72,10.85,9.52,10.77,10.89,10.91,10.3,10.23,10.47,11.06,10.83,10.9,10.89,10.98,10.92,10.62,10.55,10.54,10.43,8.81,9.38,11.18,11.03,10.98,10.72,10.84,10.79,10.61,10.75,10.71,10.38,10.56,9.27,10.57,10.54,10.63,10.72,10.81,9.88
ARL9,4.67,4.61,4.4,4.59,5.39,4.48,4.5,4.36,4.72,4.58,4.7,4.74,4.51,5.01,4.36,4.78,4.28,4.53,4.57,4.19,4.42,4.31,4.71,4.54,4.64,4.18,4.25,4.38,4.51,5.77,6.75,4.51,4.44,4.44,4.39,4.12,4.17,4.5,4.96,4.34,4.41,4.34,4.42,6.17,4.29,4.59,4.49,4.68,4.92,5.11
ARMC1,11.08,11.31,10.93,10.99,10.81,11.04,10.96,10.89,11.13,11.1,11.19,11.09,11.1,10.88,11.1,11.13,11.12,11.04,11.07,10.91,10.98,11.02,11.21,10.96,10.92,11.07,10.99,11.07,11.21,11.13,9.44,10.28,11.09,11.09,11.08,11.09,10.94,10.98,10.88,10.84,11.02,10.96,10.85,10.16,10.98,10.97,11.07,10.97,11.01,10.38
ARMC1,9.03,8.48,8.74,8.67,7.65,8.12,8.62,8.78,8.74,8.9,7.96,8.89,8.5,6.52,9.03,9.02,8.87,8.92,8.65,8.97,8.66,8.61,7.98,8.73,8.63,8.8,8.68,8.81,8.03,7.36,8.7,7.32,9.25,9.19,9.17,8.63,8.32,9.01,8.25,8.61,8.22,7.48,7.58,6.98,8.67,8.37,8.68,8.58,8.33,8.41
ARMC10,8.04,7.79,8.3,8.18,8.43,8.37,7.9,8.13,8.14,8,8.13,8.03,8.11,7.35,7.72,7.62,7.82,8.12,8.11,8.03,8.05,7.87,7.91,7.68,7.75,7.65,8.31,8.01,8.21,8.38,7.64,8.43,7.39,7.57,7.43,7.71,7.87,7.84,8.22,8.21,8.27,8.19,8.24,8.02,8.06,8.09,8.03,8.19,8.95,6.36
ARMC10,8.75,8.71,8.79,8.63,8.17,8.29,8.6,8.54,8.73,8.75,8.36,8.74,8.74,6.15,8.4,8.32,8.42,8.59,8.36,8.49,8.87,8.55,8.14,8.43,8.26,8.54,8.76,8.84,8.45,6.46,4.74,5.29,8.44,8.33,8.17,8.2,8.21,8.27,7.28,8.73,8.68,8.5,8.48,6.06,8.79,8.56,8.57,8.76,8.53,6.54
ARMC10,9.14,9.12,9.22,8.98,8.94,8.81,9.1,9.14,9.22,9.18,8.96,9.1,9.11,6.73,8.79,8.83,8.89,9.02,9.06,8.91,9.26,9.03,8.73,8.8,8.94,8.95,9.12,9.24,8.98,7.53,6.1,6.37,8.67,8.67,8.55,8.65,8.71,8.79,8.2,9.17,9.04,8.79,9.01,8.21,9.18,8.9,9.16,9.13,9.09,8.22
ARMC10,10.15,10.08,10.08,10,9.98,10.03,9.78,10.13,10.15,10.18,9.88,10.05,10.16,9.53,9.71,9.84,9.88,10,9.97,10.1,10.07,9.87,9.85,9.81,9.77,9.85,10.15,10.23,10.02,10.07,7.93,9.56,9.67,9.56,9.4,9.67,9.64,9.78,10,10.11,10.09,9.79,9.95,9.37,10.15,9.95,9.99,10.13,9.95,9.33
ARMC10,10.85,10.67,10.87,10.75,10.78,10.61,10.95,11,10.72,10.94,10.55,10.83,10.69,10.05,10.57,10.61,10.66,10.94,10.73,10.82,10.82,10.72,10.37,10.73,10.63,10.65,10.92,11,10.64,9.99,9.26,9.74,10.42,10.47,10.48,10.49,10.42,10.65,10.95,10.88,10.83,10.64,10.77,10.29,10.91,10.79,10.95,10.82,10.6,10.71
ARMC2,3.78,4.03,3.77,3.85,4.18,3.58,3.77,3.84,3.91,4.04,3.88,3.93,4.13,3.97,3.77,3.7,3.92,3.9,3.6,3.73,3.84,3.64,3.88,3.71,3.8,4,3.82,3.64,4.04,4.31,4.84,4.65,3.64,4,3.58,3.62,3.69,3.51,3.83,4.41,3.72,4.22,3.77,4.33,3.65,4.03,4.28,4.07,3.73,4.44
ARMC2,3.99,4.16,4.14,4.14,4.12,4.04,4.17,4.6,3.87,3.98,4.11,3.97,3.99,4.71,3.99,3.97,4.24,3.84,3.89,4.36,4.16,4.13,4.12,4.25,4.1,3.78,4.17,4.08,4.3,4.74,4.67,5.56,4.23,4.11,3.97,4.13,3.83,4.04,4.09,4.04,4.1,4.13,4.29,4.28,4.05,4.28,4.23,4.2,4.07,5.95
ARMC3,4.36,4.4,4.37,4.32,4.93,4.56,4.28,4.17,4.34,4.32,4.67,4.28,4.39,4.58,4.44,4.36,4.32,4.19,4.52,4.47,4.27,4.46,4.44,4.5,4.48,4.47,4.47,4.55,4.54,4.39,5.74,5.16,4.16,4.43,4.36,4.39,4.41,4.35,4.54,4.46,4.6,4.39,4.5,6.49,4.48,4.36,4.8,4.44,4.4,5.51
ARMC3,3.43,3.5,3.38,3.6,3.54,4.02,3.88,3.66,3.52,3.42,3.49,3.53,3.37,5.01,3.34,3.32,3.61,3.51,3.42,3.61,3.42,3.49,3.42,3.52,3.66,3.24,3.46,3.39,3.33,4.51,4.86,5.1,3.53,3.21,3.88,3.5,4.05,3.44,4.3,3.41,3.56,3.53,3.45,4.64,3.52,3.65,4.08,3.36,3.25,5.09
ARMC4,4,3.75,3.51,3.42,3.36,3.57,4.03,3.42,3.54,3.45,3.74,3.47,3.68,5.12,3.46,3.47,3.56,3.63,3.63,3.35,3.83,3.54,3.65,3.37,3.41,3.53,3.48,3.48,3.64,4.47,4.62,4.62,3.52,3.71,3.45,3.34,3.32,3.68,4.19,3.51,3.5,3.83,3.74,5.11,3.73,3.45,3.48,3.49,3.67,4.72
ARMC4,3.24,3.47,3.4,3.53,3.47,3.98,3.71,3.33,3.46,3.64,3.64,3.29,3.49,4,3.51,3.38,3.34,3.56,3.46,3.39,3.39,3.24,3.43,3.21,3.26,3.25,3.4,3.41,3.61,4.73,3.86,5.31,3.47,3.46,3.77,3.33,3.39,3.34,3.81,3.37,3.24,3.26,3.37,3.91,3.27,3.46,3.3,3.34,3.44,3.36
ARMC4,3.47,3.57,3.61,3.44,3.54,3.68,3.68,3.73,3.36,3.47,3.44,3.44,3.59,3.69,3.37,3.4,3.41,3.57,3.3,3.47,3.44,3.51,3.49,3.43,3.38,3.57,3.57,3.42,3.59,4.54,4.09,4.22,3.47,3.5,3.62,3.43,3.59,3.44,3.71,3.42,3.7,3.41,3.62,3.98,3.56,4.13,3.58,3.52,3.52,3.8
ARMC5,6.97,7.04,7.08,7.34,7.55,7.64,7.09,7.07,7.05,6.85,7.2,7.04,6.97,6.54,6.77,6.97,7.07,7.25,7.05,6.87,7.2,7,7.36,7.32,6.94,7.25,7.25,7,7.42,7.23,7.08,7.83,7.08,6.8,7.01,6.83,6.97,7.08,7.25,7.03,7.42,7.31,7.69,6.97,7.43,7.17,6.97,7.04,7.28,6.54
ARMC5,7.26,7.29,7.55,7.41,7.57,7.2,7.21,7.68,7.21,7.17,7.29,7.2,7.13,7.01,6.93,7.05,7.21,6.96,7.35,7.01,7.13,6.84,7.41,7.27,7.33,7.38,7.34,7.1,7.66,6.77,5.12,7,7.48,7.37,7.22,7.15,7.43,7.36,6.13,7.53,7.54,7.24,7.38,5.09,7.42,7.06,7,7.3,7.58,7.11
ARMC5,7.24,6.83,7.52,7.34,7.72,7.62,7.68,7.46,7.11,7.26,7.3,7.23,7.04,6.49,7.15,6.85,7.28,7.3,7.2,7.33,7.22,6.97,7.33,7.52,7.34,7.42,7.47,7.03,7.51,7.91,5.49,6.6,7.28,7.24,7.16,7.11,7.16,7.23,7.52,7.37,7.72,7.75,7.73,6.79,7.34,7.29,7.48,7.45,7.67,6.93
ARMC6,6.9,6.43,6.93,6.81,6.96,6.74,6.68,6.82,6.76,6.85,6.24,6.77,6.8,5.39,6.54,6.53,6.33,6.9,7.02,6.72,6.72,6.34,6.36,6.36,6.2,6.46,6.91,6.72,6.87,5.9,6.94,6.74,6.42,6.4,6.18,6.54,6.06,6.55,6.7,6.79,6.62,6.62,6.68,5,6.64,7.23,6.47,6.85,6.81,5.3
ARMC6,7.54,7.28,7.76,7.63,7.78,7.84,7.32,7.71,7.5,7.68,7.58,7.34,7.18,6.4,7.29,7.35,7.21,7.79,7.77,7.37,7.21,7.17,7.13,7.37,7.36,7.13,7.67,7.76,7.55,6.94,6.39,6.2,6.99,7.3,7.41,7.51,7.48,7.64,7.79,7.89,7.66,7.5,7.22,5.72,7.51,7.53,7.78,7.76,7.61,6.75
ARMC6,8.16,8.17,8.58,8.42,8.84,8.64,9,8.74,8.14,8.28,8.17,8.11,8.03,7.21,7.88,8.26,7.99,8.56,8.35,8.42,7.83,7.78,7.85,8.04,7.99,7.71,8.56,8.48,8.66,8.11,7.1,8.2,7.69,7.85,7.87,8.03,8.17,8.14,8.14,8.65,8.32,8.37,8.51,6.18,8.35,8.4,8.49,8.36,8.41,7.82
ARMC6,5.42,5.33,5.56,5.15,5.63,5.28,5.46,5.3,5.21,5.43,5.02,5.3,5.22,5.1,5.4,5.1,5.37,5.27,5.46,5.45,5.71,5.2,5.32,5.5,5.37,5.12,5.41,5.51,5.61,4.33,5.08,5.9,5.41,5.47,5.38,5.13,5.05,5.52,5.05,5.58,6,5.76,5.35,5.45,5.54,5.27,5.89,5.41,5.26,5.04
ARMC7,7.21,7.09,7.34,7.2,7.65,7.81,6.94,7.58,7.12,7.23,7.04,7.22,6.99,6.2,7.51,7.26,7.16,7.29,7.29,7.11,7.25,7.08,7.35,7.51,7.42,7.29,7.39,7.03,7.46,7.43,6.33,7.26,7.45,7.24,7.44,7.35,6.91,7.47,7.43,7.51,7.7,7.38,7.45,7.05,7.29,7.49,7.33,7.22,7.27,6.12
ARMC7,4.64,4.41,4.81,4.6,4.32,4.37,4.37,4.61,4.29,4.49,4.28,4.57,4.42,4.07,4.41,4.68,4.52,4.55,4.46,4.42,4.38,4.45,4.49,4.63,4.69,4.48,4.65,4.46,4.22,3.94,3.8,4.33,4.6,4.55,4.83,4.56,4.49,4.68,4.62,4.23,4.3,4.58,4.81,4.25,4.63,4.49,4.68,4.51,4.64,4.63
ARMC8,5.57,5.93,5.54,5.63,5.36,5.53,4.78,5.31,5.72,5.56,6.07,5.62,5.55,5.89,5.49,5.39,5.58,5.57,5.46,5.5,5.7,5.69,6.08,5.59,5.55,5.24,5.2,5.57,5.64,4.78,5.33,6.53,5.46,5.56,5.61,5.58,5.81,5.41,5.12,5.17,5.14,5.46,5.4,7.14,5.52,5.67,5.75,5.36,5.6,5.99
ARMC8,7.14,7.1,6.99,6.84,6.54,7.11,6.79,6.94,7.2,7.19,6.98,6.91,7.23,7.23,6.96,6.72,6.92,6.61,6.81,7,7.09,7.03,7.37,7.06,6.88,7.05,7.06,7.06,6.85,7.15,7.23,6.93,7.01,7.39,7.33,7.34,6.91,7.31,6.7,6.87,7.24,7.09,6.81,5.76,7.2,6.57,6.82,6.86,7.7,7.11
ARMC8,6.53,6.67,6.54,6.46,6.29,6.03,6.33,6.01,6.35,6.55,6.62,6.57,6.48,6.15,6.37,6.34,6.49,6.34,6.55,6.53,6.21,6.49,6.39,6.4,6.46,6.37,6.33,6.47,6.38,4.44,7.08,6.39,5.73,6.21,6.13,6.45,5.64,6.46,5.51,6.42,6.29,6.53,6.37,5.87,6.33,6.19,6.47,6.44,6.08,6.24
ARMC8,7.26,6.75,6.76,7.04,6.54,6.76,6.85,6.82,7.03,7.16,6.53,7.17,6.95,4.93,6.96,7.02,6.97,6.92,6.76,6.98,7.12,6.93,6.57,6.95,6.97,7.22,6.75,6.96,6.56,6.95,6.44,5.56,7.3,7.19,7.08,6.72,6.8,6.98,6.48,6.92,7.01,6.75,6.7,5.8,6.99,6.63,7.07,7,6.92,6.01
ARMC8,7.05,7.02,6.87,7.1,6.3,6.6,6.79,6.93,7.17,7.36,6.78,7.2,7.09,5.05,6.92,6.7,6.8,6.96,6.81,6.74,6.95,6.94,6.93,6.9,6.6,6.84,6.95,7.05,7.13,5.87,5.99,6.51,6.87,6.82,6.74,6.78,6.89,6.66,5.81,6.89,6.82,6.59,6.67,5.47,6.88,6.84,6.93,6.76,7.25,5.89
ARMC8,8.39,8.52,8.33,8.54,8.63,8.48,8.59,8.44,8.24,8.43,8.85,8.47,8.26,7.87,8.68,8.42,8.58,8.55,8.49,8.54,8.21,8.42,8.6,8.58,8.72,8.32,8.36,8.5,8.68,7.42,7.84,8.76,7.86,8.06,8.23,8.64,8.39,8.48,7.96,8.55,8.32,8.65,8.73,8.21,8.64,8.6,8.7,8.41,8.31,9.07
ARMC9,6.1,5.93,6.12,6.24,6.03,6.49,5.88,6.46,6.1,6.26,6.05,6.08,5.94,6.26,5.97,5.96,6.73,6.55,6.61,6.53,6.61,6.43,6.32,6.64,6.42,6.34,6.26,6.3,6.3,6.19,6.41,4.47,6.04,6.08,6.03,6.5,6.57,6.42,6.71,6.23,6.12,6.33,6.29,5.32,6.12,6.36,6.22,6.48,6.3,6.23
ARMCX1,7.89,8.21,8.17,8.21,8.63,8.42,7.35,8.59,7.84,8.08,8.28,8.19,7.83,6.69,8.16,7.94,8.21,8.15,8.09,8.54,8.45,8.33,8.2,8.28,8.56,8.67,8.54,8.15,8.35,8.05,7.97,7.14,7.56,7.53,7.62,8.13,8.09,7.95,7.78,9.07,8.51,8.51,8.57,7.69,9.01,8.84,8.75,8.32,8.37,7.1
ARMCX1,3.82,3.59,3.55,3.53,3.77,3.61,3.63,3.86,3.74,3.7,3.66,3.81,3.76,3.68,3.75,3.45,3.6,3.9,3.7,3.76,3.97,3.82,3.65,3.61,3.93,3.72,3.87,3.66,3.57,3.6,3.49,3.56,3.34,3.61,3.47,3.81,3.41,3.56,3.55,4.28,3.95,3.79,4.49,3.81,3.53,3.58,3.69,3.68,3.86,3.47
ARMCX1,4.06,4.16,4,4.01,4.02,4.58,4.74,4.12,4.15,4.22,4.38,4.19,4.04,4.19,4.07,4.11,4.41,4.54,4.11,4.19,4.04,4.47,4.35,4.4,4.33,4.1,4.27,4.1,4.36,4.33,4.59,5.34,4.17,4.22,4.13,4.27,4.12,4,4.45,4.29,4.14,4.84,4.33,4.97,4.21,4.41,4.05,4.13,4.31,4.59
ARMCX2,3.79,3.36,3.43,3.46,3.56,3.91,3.95,3.55,3.36,3.29,3.38,3.64,3.5,4.29,3.42,3.51,3.52,3.47,3.59,3.57,3.81,3.44,3.44,3.33,3.65,3.53,3.49,3.62,3.83,4.15,4.46,5.41,3.49,3.52,3.46,3.46,4.2,3.48,3.75,3.65,3.58,3.61,3.61,4.16,3.6,3.56,3.68,3.54,3.6,4.41
ARMCX3,7.62,7.71,7.47,7.67,7.42,7.67,7.38,7.2,7.73,7.61,7.77,7.85,7.79,7.07,7.64,7.01,7.53,7.63,7.64,7.74,7.76,7.87,8.15,7.92,7.83,7.88,7.52,7.68,7.75,7,6.65,5.22,7.45,7.57,7.49,7.55,7.59,7.66,7.44,7.7,7.64,7.42,7.5,6.3,7.51,7.83,7.71,7.77,8.08,6.6
ARMCX3,9.92,10.03,9.9,9.84,9.59,9.92,9.75,9.73,9.97,9.97,10.02,10.02,10.02,8.97,10.22,10.11,10.19,9.81,9.75,9.84,10.31,10.28,10.39,10.17,10.17,10.18,9.92,9.89,9.91,9.24,7.51,9.46,10.21,10.3,10.27,10.13,9.96,9.99,9.59,9.96,9.99,9.86,9.78,8.63,9.78,9.75,9.8,9.97,9.86,9.18
ARMCX3,9.29,9.44,9.2,9.15,9.28,9.29,8.98,9.07,9.52,9.31,9.22,9.34,9.68,7.9,9.47,9.56,9.62,9.15,9.24,9.26,9.66,9.6,9.77,9.44,9.47,9.68,9.25,9.19,9.57,8.48,7.17,7.85,9.77,9.59,9.65,9.45,9.5,9.31,8.99,9.29,9.34,9.17,9.28,7.29,9.25,9.41,9.01,9.29,9.59,8.5
ARMCX4,3.68,3.48,3.61,3.69,3.6,3.59,3.8,3.8,3.73,3.48,3.56,3.38,3.51,4.74,4.02,3.22,3.41,4.11,3.61,3.71,3.47,3.5,3.29,3.84,3.62,3.87,3.7,3.58,3.93,4.53,4.79,4.91,3.69,3.72,4.03,3.58,3.71,3.53,3.52,3.87,3.72,3.76,3.67,6.18,3.61,3.73,4,3.81,3.8,4.86
ARMCX4,4.15,3.83,4.19,4.18,3.87,3.89,3.95,4.77,4.26,4.27,3.94,4.07,3.84,3.97,4.33,4.46,3.84,3.6,4.07,4.44,3.86,3.77,3.88,4.41,4.29,4.06,3.94,3.88,4.01,3.54,3.97,4.78,4.22,4.47,4.37,4.56,3.75,4.17,4.22,4.17,4.5,4.65,3.82,5.54,4.23,4,3.68,4.22,4.43,4.71
ARMCX5,3.97,3.69,3.8,3.65,3.9,3.58,4.11,3.59,3.7,3.46,3.65,3.87,3.56,4.25,3.88,3.8,3.7,3.72,3.56,3.45,3.9,3.77,3.78,3.66,3.62,3.56,4.03,3.92,3.66,4.2,5.91,6.06,3.88,3.85,3.76,3.5,3.77,3.81,4.1,3.48,3.63,3.71,3.65,4.55,3.73,3.72,3.73,3.55,3.57,4.15
ARMCX6 /// LOC653354,10.12,10.02,10.22,10.17,10.39,10.18,10.06,10.18,10.1,10.12,9.98,10.25,10.23,9.17,10.52,10.49,10.45,10.51,10.41,10.42,10.47,10.46,10.26,10.44,10.44,10.4,10.16,10.2,10.15,10.15,8.47,9.45,10.26,10.32,10.34,10.56,10.48,10.58,10.27,10.36,10.33,10.19,10.18,8.13,10.27,10.12,10.18,10.28,10.32,8.92
ARMS2,3.64,3.67,3.64,3.87,3.47,3.55,3.66,4.05,3.78,3.73,3.87,3.89,3.67,5.3,3.75,3.94,3.84,3.78,3.74,3.73,4.06,3.75,3.76,3.95,3.85,3.83,3.65,3.78,3.53,3.85,5.81,3.74,3.82,3.99,3.82,3.57,3.6,3.91,3.67,4.07,3.77,3.78,3.95,4.77,3.78,3.33,3.77,3.82,3.82,3.85
ARNT,6.99,6.96,7.09,6.91,6.64,6.9,7.27,7.13,6.78,7.1,7.39,6.95,6.83,7.31,7.35,6.89,7.07,7.25,7.19,7.16,7.2,7.3,7.41,7.22,7.24,6.87,6.93,7,7.14,6.27,6.57,6.88,6.35,6.47,6.6,7.31,6.69,7.12,6.76,7.08,7.03,7.1,7.06,7.89,6.47,6.64,6.91,6.94,6.96,6.67
ARNT,6.08,5.78,6.37,6.21,5.81,6.03,6.08,6.11,6.22,6.44,6.2,6.13,6.02,5.85,6.56,6.45,6.38,6.34,6.05,6.37,6.32,6.08,6.22,6.25,6.49,6.31,6.26,6.16,6.13,6.17,5.45,5.61,6.2,6.31,6.4,6.16,6.17,6.49,6.18,6.22,6.62,6.34,5.85,5.11,6.01,6.03,6.18,6.3,6.37,5.31
ARNT,4.71,4.65,4.94,4.92,5.08,4.95,4.77,5.16,5.08,5.01,4.5,4.88,4.53,5.49,5.47,5.46,5.45,5.11,5.25,5.13,5.19,5.03,4.81,4.99,5.32,4.67,4.91,4.94,4.64,4.03,5.62,5.05,5.05,5.03,4.88,5.15,4.69,5.29,4.24,5.06,4.98,4.79,4.77,4.97,4.94,4.53,4.91,4.64,4.69,4.92
ARNT,7.28,6.83,7.15,6.86,7.25,7.03,7.13,7.02,7.05,7.05,7.13,7.27,7.13,7.06,7.43,7.38,7.22,7.1,7.17,7.1,7.25,7.14,7.12,7.12,7.34,7.39,6.81,7.09,7.01,7.26,8.13,8.06,6.94,7.11,7.4,7.43,6.95,7.26,6.31,7.22,7.39,7.37,6.8,7.44,6.88,6.83,7.25,7.36,7.08,8.05
ARNT,7.93,7.9,7.8,7.92,8.15,7.88,7.73,8.11,7.81,8.01,8.07,7.97,7.82,7.18,7.78,7.89,8.03,7.93,8.13,8,7.84,7.9,8.15,8.01,7.9,8.05,7.94,7.83,7.97,7.48,6.93,8.13,7.71,7.71,7.69,8.02,7.84,7.93,7.6,7.98,7.94,7.86,7.73,8.23,7.54,7.65,7.8,7.98,8.03,7.68
ARNT2,5.63,5.57,5.63,5.23,5.2,5.78,4.97,5.52,5.48,5.77,5.76,5.41,5.39,4.79,5.89,5.63,5.72,5.52,5.32,5.59,5.12,5.43,5.3,5.61,5.12,5.2,5.28,5.78,5.61,5.5,5.22,4.63,5.82,6.11,6.04,5.88,5.61,5.17,5.24,5.35,5.48,5.84,5.76,5.75,5.89,5.45,5.76,5.55,5.34,4.99
ARNT2,5.26,4.98,5.32,5.23,6.15,5,6.5,5.13,5.19,5.19,5.23,5.19,5.22,6.14,5.19,5.32,4.94,5.6,5.3,5.27,5.42,5.11,4.94,4.94,4.9,5.13,5.05,5.36,5.46,6.12,5.11,7.78,5.5,5.29,5.29,4.85,5.16,5.28,5.2,5.13,5.5,5.25,5.15,5.32,5.15,5.89,5.61,5,5.06,7.44
ARNT2,3.54,3.77,3.75,4.02,3.93,3.77,4.05,3.84,3.72,4.08,4.23,3.96,3.6,4.21,4.05,4.17,3.71,3.72,3.88,3.65,3.9,3.87,3.76,4.2,3.97,3.82,3.65,4,4.06,5.3,4.83,4.24,3.87,4.3,4.05,4.04,3.9,3.69,5.53,3.9,3.9,4.02,3.64,3.99,4.01,4.23,3.8,3.68,3.67,4.64
ARNT2,4.46,4.31,4.62,4.51,4.46,4.35,4.93,4.13,4.28,4.14,4.74,4.4,4.45,3.84,4.47,4.5,4.25,4.65,4.14,4.02,4.46,4.42,4.41,4.47,4.22,4.7,4.17,4.28,4.23,6.21,5.11,5.37,4.52,4.24,4.21,4.53,4.6,4.25,4.63,4.39,4.17,4.42,4.29,4.69,4.76,4.29,4.6,4.03,4.63,4.16
ARNTL,8.08,8.08,7.96,8.08,7.77,7.39,7.61,7.92,7.98,8.08,8.01,8.24,8.11,6.79,8.29,8.18,8.11,7.8,7.89,7.78,8.34,8.39,8.51,8.41,8.3,8.24,7.84,7.99,8.17,5.57,5.37,4.6,8.41,8.59,8.55,8.36,8.14,8.34,8.57,8.19,8.09,8.21,7.87,5.03,7.92,7.96,7.8,8.38,8.17,5.12
ARNTL,7.63,7.15,7.43,7.58,7,7.27,7.22,7.49,7.53,7.63,7.53,7.64,7.43,7.03,7.88,7.65,7.63,7.18,7.42,7.33,7.91,7.84,7.48,8.15,7.89,8.03,7.27,7.22,6.97,6.22,5.83,6.66,7.74,8.1,7.73,7.68,7.89,7.86,6.93,7.59,7.43,7.56,7.22,6.89,7.24,7.1,7.67,7.59,7.32,7.5
ARNTL,8.66,8.78,8.6,8.68,8.45,8.55,8.74,8.5,8.8,8.62,8.78,8.94,8.82,8,8.91,8.77,8.86,8.34,8.49,8.51,8.87,8.97,9.27,8.9,8.97,8.9,8.47,8.56,8.62,7.6,5.21,7.52,8.92,9.1,9.05,8.82,8.75,8.93,8.55,8.78,8.76,8.81,8.69,7.92,8.32,8.51,8.5,8.81,8.8,8.18
ARNTL2,8.88,8.95,9.03,8.89,8.7,8.6,8.11,8.69,8.93,9,8.93,8.94,8.75,7.6,8.75,8.79,8.63,8.44,8.61,8.68,8.85,8.71,8.76,8.81,8.73,8.83,8.88,8.79,8.72,7.62,8.09,8.67,8.81,8.95,8.79,8.91,8.44,8.8,7.04,8.68,8.69,8.85,8.9,8.34,8.94,8.37,8.69,8.62,8.63,7.87
ARP11,5.78,5.68,5.93,5.93,6.51,5.95,5.23,5.36,6.05,5.98,5.41,5.85,5.51,5.34,5.83,5.77,5.65,5.85,5.65,6.24,5.57,5.7,5.62,5.84,6.07,5.72,5.84,6.15,5.56,6.92,5.16,6.56,5.99,5.58,5.54,5.7,5.95,5.6,5.77,5.91,5.81,5.73,5.32,5.09,6.55,6.02,5.84,6.07,6.15,4.96
ARPC1A /// ARPC1B,9.19,9.17,8.97,8.97,8.69,8.66,8.74,8.94,9.21,9.14,8.8,9.2,9.19,6.06,8.93,9.05,9.05,8.96,9.09,9.1,9.21,9.08,9.1,8.92,8.92,9.24,8.98,8.98,8.91,8.19,6.18,5.89,9.07,9.18,9.05,8.88,8.86,9.18,8.41,9.05,9.06,8.88,8.96,5.71,9.31,9.05,9.2,9.04,9.18,6.33
ARPC1B /// LOC653888,10.77,10.71,10.88,10.74,10.83,10.92,10.84,10.87,10.78,10.81,10.72,10.77,10.78,9.25,10.46,10.62,10.52,10.9,10.84,10.64,10.82,10.66,10.65,10.58,10.45,10.69,10.86,10.72,10.88,11.11,8.97,9.32,10.67,10.64,10.63,10.49,10.68,10.56,10.82,10.69,10.78,10.92,10.93,8.29,10.65,10.79,10.61,10.77,10.77,8.46
ARPC2,12.72,12.71,12.72,12.67,12.34,12.63,12.75,12.71,12.71,12.74,12.58,12.77,12.84,11.13,12.8,12.76,12.81,12.74,12.82,12.77,12.96,12.86,12.81,12.86,12.83,12.98,12.71,12.6,12.76,12.85,10.88,11.27,12.75,12.68,12.64,12.71,12.73,12.82,12.43,12.7,12.71,12.74,12.67,10.63,12.8,12.8,12.81,12.73,12.83,10.54
ARPC3,11.55,11.25,11.45,11.44,10.83,10.94,11.07,11.34,11.52,11.38,10.96,11.46,11.72,10.11,11.22,11.4,11.21,11.4,11.39,11.61,11.5,11.43,11.23,11.35,11.32,11.6,11.39,11.27,11.18,11.23,8.92,10.12,11.24,11.2,11.06,11.09,11.16,11.28,10.86,11.28,11.28,11.24,11.13,10.21,11.43,11.04,11.21,11.46,11.23,9.43
ARPC3,11.48,11.42,11.38,11.42,10.87,11.1,11.12,10.99,11.67,11.46,11.17,11.39,11.77,9.88,11.16,11.24,11.31,11.35,11.38,11.33,11.55,11.36,11.38,11.26,11.22,11.48,11.44,11.23,11.46,11.5,9.01,10.33,11.09,11.11,10.89,11.19,11.26,11.31,11.23,11.21,11.34,11.28,11.34,9.73,11.32,11.17,11.17,11.57,11.56,8.88
ARPC4,11.04,10.82,11.24,11.18,11.43,11.32,10.97,11.33,11.07,11.08,11.1,11.2,11,11.49,11.24,11.03,11.18,11.33,11.33,11.21,11.18,11.24,11.15,11.4,11.34,11.23,11.23,11.13,10.92,11.17,11.66,11.83,10.99,11.06,11.21,11.32,11.26,11.24,11.15,11.42,11.23,11.19,11.24,11.65,11.26,11.2,11.23,11.26,11.15,11.56
ARPC4,11.13,10.77,11.21,11.14,11.18,11.21,11.13,10.93,11.27,11.04,10.81,11.08,11.2,10.75,11.21,10.83,11.14,11.33,11.33,11.09,11.24,11.21,11.2,11.19,11.09,11.21,11.22,11,11,10.57,10.05,10.01,10.97,10.98,10.89,10.99,11.19,11.18,11.18,11.15,11.26,11.13,11.16,10.96,11.3,11.2,10.99,11.2,11.14,11.03
ARPC4 /// TTLL3,10.53,10.13,10.58,10.67,10.35,10.39,9.95,10.48,10.66,10.53,10.02,10.5,10.56,9.3,10.59,10.36,10.54,10.79,10.76,10.7,10.74,10.7,10.4,10.93,10.83,10.82,10.55,10.65,10.06,7.51,8.22,8.01,10.54,10.52,10.56,10.62,10.39,10.65,10.1,10.56,10.6,10.32,10.29,8.25,10.71,10.47,10.49,10.63,10.27,9.48
ARPC5,11.89,11.84,11.77,11.77,11.59,11.77,11.56,11.67,11.96,11.78,11.68,11.81,11.97,11.04,11.75,11.67,11.71,11.73,11.69,11.71,11.92,11.82,11.9,11.66,11.68,11.85,11.77,11.74,11.9,11.74,10.43,10.58,11.67,11.58,11.5,11.66,11.71,11.68,11.56,11.68,11.74,11.65,11.79,10.03,11.96,11.95,11.84,11.81,11.81,10.52
ARPC5,10.27,9.78,9.96,10.27,9.68,9.68,9.83,10.14,10.38,10.22,9.8,10.39,10.26,9.37,10.12,10.11,9.95,10.13,10.05,10.24,9.9,10.18,9.81,10.11,10.15,10.01,9.95,10.39,9.68,9.42,8.6,9.63,9.86,9.94,9.96,9.97,9.45,10.09,9.75,9.98,9.81,9.83,9.63,9.47,10.13,9.98,10.27,10.14,9.88,9.92
ARPC5,10.12,9.96,9.93,10.07,9.48,9.67,9.71,9.79,10.16,10.12,9.57,10.21,10.37,9.21,9.91,9.83,9.9,10.01,9.97,10.09,10.02,10.07,9.71,9.86,9.89,9.92,10.04,10.15,9.84,9.94,9.39,9.26,9.84,9.89,9.66,9.66,9.66,9.91,9.44,9.76,9.73,9.59,9.59,8.12,10.13,9.98,10.02,9.97,9.79,9.45
ARPC5L,10.95,11,11.06,11.03,11.22,11.12,10.98,11.06,11,10.94,11.13,11,10.99,9.31,10.56,10.62,10.64,10.97,11.05,10.84,10.89,10.74,10.87,10.68,10.76,10.74,11.11,11.02,11.04,10.72,8.78,10.1,10.6,10.47,10.57,10.55,10.65,10.65,10.91,11.07,11.13,10.77,10.78,9.55,10.97,11,10.99,11.17,11.16,9.36
ARPC5L,9.34,9.36,9.31,9.18,9.08,9.39,9.56,9.33,9.44,9.44,9.16,9.26,9.72,7.2,8.93,8.9,8.93,9.22,9.29,9.26,9.31,9.16,9.09,8.81,8.82,9.16,9.43,9.3,9.4,8.64,5.34,7.03,8.79,8.82,8.93,8.72,9.01,8.82,9.17,9.29,9.36,9.04,9.08,5.86,9.34,9.42,9.28,9.35,9.48,6.7
ARPC5L,9.37,8.98,9.22,9.28,8.77,9.18,8.79,9.34,9.37,9.37,8.81,9.29,9.33,6.97,8.8,8.76,8.93,9.26,9.3,9.38,9.13,8.98,8.69,8.97,8.94,9.1,9.34,9.29,9.01,7.69,7.13,7.72,8.91,8.8,8.88,8.8,8.82,8.94,8.88,9.24,9.16,8.67,8.74,7.29,9.15,9.1,9.19,9.21,9.33,6.91
ARPC5L,8.9,8.61,8.82,8.7,8.66,8.68,8.95,8.85,8.99,8.83,8.64,8.74,8.89,6.27,8.27,8.49,8.52,8.87,8.87,8.86,8.74,8.15,8.34,8.49,8.27,8.82,9.04,8.67,9,7.96,6.76,7,8.49,8.37,8.16,8.13,8.65,8.32,8.89,8.79,8.77,8.37,8.23,7.31,8.91,8.75,8.73,8.75,8.92,6.85
ARPC5L,7.98,8.02,8.19,8.2,8.28,8.23,7.38,8.3,7.95,8.07,8.38,8.19,7.95,8.19,7.92,8,7.97,8.05,8.16,8.15,7.92,8.18,8.21,8.11,8.07,7.97,8.38,8.16,8.37,8.68,9,7.68,7.73,7.87,7.95,8.09,8.45,8.02,8.21,8.23,8.23,8.23,8.06,8.38,8.28,8.13,8.22,8.24,8.41,8.03
ARPM1,4.23,4,4.43,4.47,4.88,4.86,5.19,4.88,4.24,4.46,4.53,4.07,4.01,5.58,4.12,4.2,4.34,4.43,3.95,4.08,4.55,4.03,4.2,4.49,4.53,4.38,4.51,4.3,4.48,4.85,5.19,4.87,3.86,3.98,4.1,4.01,4.61,4.03,5.35,4.57,4.52,4.28,4.39,5.07,5.09,4.36,4.97,4.38,4.68,5.02
ARPP19,10.73,10.81,10.68,10.78,10.7,10.82,10.49,10.67,10.76,10.79,10.79,10.65,10.79,9.6,10.94,10.79,10.91,10.65,10.7,10.59,10.76,10.76,10.85,10.81,10.9,10.83,10.79,10.71,10.76,10.9,6.33,9.73,10.66,10.72,10.69,10.79,10.88,10.86,10.53,10.63,10.64,10.74,10.75,9.15,10.82,10.86,10.81,10.72,10.84,7.96
ARPP19,8.41,8.35,8.21,8.39,8.37,8.35,7.74,7.87,8.67,8.26,8.7,8.44,8.64,7.93,8.75,8.6,8.64,8.04,8.26,7.97,8.2,8.62,9.01,8.45,8.7,8.74,8.19,8.27,8.47,8.24,6.12,7.52,8.35,8.36,8.5,8.74,8.47,8.46,8.1,8.34,8.34,8.37,8.03,7.38,8.34,8.36,8.52,8.52,8.89,7.97
ARPP19,8.59,8.63,8.39,8.66,8.23,8.51,6.62,8.21,9.07,8.61,8.58,8.67,8.95,7.39,8.82,8.71,8.84,8.31,8.16,8.43,8.73,8.91,9.07,8.61,8.82,8.86,8.43,8.5,8.59,8.05,5.95,6.78,8.46,8.6,8.64,8.81,8.54,8.7,8.08,8.81,8.51,8.32,8.34,7.73,8.63,8.7,8.73,8.89,8.96,7.25
ARPP19,3.56,3.67,3.73,3.58,3.71,4.18,3.88,4.08,3.79,3.67,3.42,3.86,3.73,3.48,3.66,3.89,3.76,3.66,3.96,3.8,3.72,3.53,3.53,3.89,3.45,3.6,3.53,3.66,3.91,4.59,4.35,3.91,3.83,3.63,3.66,3.73,3.83,3.74,4.98,3.64,3.57,4.09,3.66,4.04,3.63,3.65,3.97,3.76,3.76,3.62
ARPP19,4.74,4.47,4.32,4.76,4.6,4.45,4.48,4.36,4.56,4.66,4.17,4.51,4.56,4.66,4.67,4.52,4.59,4.42,4.37,4.33,4.69,4.6,4.39,4.64,4.62,4.47,4.38,4.62,4.42,6.04,4.98,5,4.43,4.56,4.73,4.67,4.44,4.46,4.54,4.31,4.4,4.46,4.66,4.78,4.38,4.44,4.43,4.38,4.43,4.41
ARPP-21,4.62,4.98,4.41,4.45,4.38,4.1,4.35,4.53,4.51,4.54,4.62,4.84,4.85,4.72,4.59,4.25,4.29,4.22,4.6,4.71,4.48,4.56,4.56,4.25,4.25,4.29,4.29,4.32,4.64,4.31,4.52,6.12,4.68,4.5,4.49,4.28,3.98,4.32,4.45,4.3,4.08,4.27,4.07,4.46,4.09,4.54,4.14,4.27,4.32,5.06
ARPP-21,5.1,5.53,5.14,5.32,5.35,4.71,6.28,4.91,5.38,5.39,5.53,5.8,5.38,7.47,5.23,5.53,5.05,5.23,4.99,5.03,5.57,5.76,5.54,4.81,4.76,5,4.97,5.49,5.65,4.46,6.35,6.18,5.57,5.25,4.91,5.18,5.34,5.18,4.89,5.01,5.02,5.39,5.05,6.17,4.75,5.35,5.04,5.12,5.37,5.69
ARPP-21,3.95,4.33,3.74,4.1,4.16,3.73,3.62,3.66,3.83,4.15,3.86,3.82,4.14,5.83,3.66,3.69,3.7,3.8,3.66,3.96,3.97,4.3,3.91,3.66,3.81,3.77,3.79,3.69,4.26,4.79,4.56,5.84,3.78,3.82,3.92,3.7,3.84,3.7,3.99,3.7,3.67,4.07,3.42,4.81,3.93,3.74,3.55,3.58,3.77,4.26
ARR3,4.35,4.35,4.25,4.52,4.13,4.16,4.31,4.22,4.12,4.34,4.29,4.39,4.45,5.29,4.27,4.52,4.24,4.21,4.31,4.39,4.16,4.52,4.37,4.13,4.07,4.31,4.71,4.32,4.37,4.07,6.19,6.49,4.65,4.28,4.36,4.32,4.35,3.9,4.54,4.26,4.2,4.24,4.88,7.15,4.12,4.44,4.13,4.63,4.37,5.06
ARRB1,6.17,5.9,6.27,6.02,6.11,6.71,5.55,6.25,6.11,6.18,5.99,6.06,5.95,6.35,6.07,6.02,6.03,6.07,5.83,5.93,6.03,6.13,5.91,6.23,5.99,6,5.93,5.76,5.87,5.67,5.63,5.75,5.67,5.95,5.93,5.84,5.74,5.85,6.41,6.15,5.99,6.51,6.46,5.91,6.29,5.79,6.17,6.04,5.97,6.05
ARRB2,7.53,7.57,7.71,7.53,7.19,7.55,6.91,7.45,7.47,7.59,7.5,7.17,7.19,6.34,7.55,7.54,7.74,7.55,7.55,7.34,7.43,7.33,7.35,7.49,7.6,7.51,7.49,7.44,7.37,7.02,6.56,5.66,7.43,7.48,7.41,7.53,7.44,7.76,7,7.45,7.34,7.4,7.6,4.78,7.16,7.47,7.43,7.39,7.48,5.04
ARRB2,7.81,7.65,7.96,7.79,7.56,7.28,7.71,7.8,7.93,7.94,7.56,7.48,7.6,5.51,7.96,8,7.96,7.91,7.91,7.9,7.7,7.49,7.6,7.85,7.97,8.07,8,7.94,7.57,4.43,5.99,5.04,7.74,7.83,7.82,8.08,7.9,8.22,6.12,7.87,7.65,7.58,7.66,6.61,7.78,7.67,7.54,7.71,7.81,6.26
ARRB2,8.68,8.83,8.9,8.84,8.99,8.89,8.2,8.95,8.81,8.86,8.93,8.63,8.66,8.59,8.91,8.89,9.15,8.73,8.66,8.57,8.69,8.56,8.89,8.93,8.98,8.88,8.94,8.7,8.88,8.28,7.33,8.69,8.74,8.8,8.74,9.11,9.13,9.12,7.88,8.94,8.8,9.02,8.91,7.33,8.82,8.86,8.97,8.87,8.89,7.3
ARRDC1,7.91,7.84,8.21,8.1,8.48,8.36,7.89,8.33,8.16,7.85,8.16,7.91,7.89,9.28,8.01,8.14,8.17,8.37,8.35,8.14,8.12,8.28,8.22,8.24,8.25,8.2,8.32,8.15,8.16,7.8,6.62,9.02,8.13,8.15,8.26,8.18,8.41,8.11,8.03,8.23,8.28,8.57,8.48,8.6,8.16,8.32,8.2,8.12,8.08,8.98
ARRDC2,7.27,7.2,7.49,7.18,7.54,7.57,7.39,7.61,7.28,7.17,7.27,7.09,7.15,7.19,6.92,7.2,7.05,6.93,7.18,7.15,7.44,7.17,7.41,7.11,7.14,7.31,7.36,7.16,7.59,7.87,5.75,7.12,6.73,7.22,6.82,7.02,7.39,7.44,5.82,7.15,7.46,7.94,7.89,7.83,7.27,7.51,7.51,7.22,7.65,6.76
ARRDC3,4.94,4.43,5.21,5.51,4.46,4.61,5.98,5.03,4.89,4.98,4.89,4.72,4.7,6.44,5.78,5.15,5.42,5.45,5.08,5.13,4.83,5.18,5.1,5.52,5.52,5.66,4.98,5.11,4.26,4.89,5.1,4.9,5.47,5.14,5.48,5.55,5.07,6.05,4.98,5.39,4.96,4.4,4.33,6.3,4.41,4.85,5.27,4.92,4.54,5.89
ARRDC3,5.59,5.94,5.6,5.66,4.78,5.52,5.54,5.5,5.96,5.84,5.67,5.89,5.77,5.69,5.93,6.06,5.98,5.49,5.7,5.71,6.4,6.36,6.34,6.19,6.24,6.02,5.95,5.72,5.44,5.92,5.62,6.14,5.67,5.76,5.69,6.08,5.85,6.18,5.65,5.81,5.77,5.07,5.64,5.63,5.45,4.08,5.12,5.97,5.73,6.74
ARRDC3,7.61,7.26,7.59,7.66,6.57,6.72,5.61,7.1,7.81,7.75,7.46,7.89,7.81,7.55,8.52,8.15,8.32,7.48,7.39,7.66,8.49,8.41,8.26,8.22,8.44,8.21,7.43,7.49,6.55,4.55,5.72,6.58,7.96,7.83,8.15,8.23,7.85,8.56,7.23,7.4,7.41,7.13,7.21,6.66,6.93,6.51,6.72,8.12,7.84,7.35
ARRDC4,4.08,3.81,3.78,3.97,3.44,3.81,3.91,3.96,4,4.03,3.88,4.14,4.01,3.81,4.05,4.39,3.75,3.63,3.85,3.74,4.16,3.92,3.74,3.92,3.57,3.93,4.02,3.9,3.81,3.55,4.6,3.92,4.09,3.87,4.02,4,3.85,4.13,4.29,3.82,3.64,3.92,3.95,4.33,3.64,3.84,4.02,4.02,3.71,4.51
ARRDC4,4.1,4.15,4.09,4.08,4.31,3.79,5.23,3.71,4.17,4.09,4.22,3.95,4.07,4.04,4.25,4,4.32,4.17,4.5,4.27,4.34,4.44,4.4,4.25,4.4,4.36,4.02,3.98,3.93,4.96,4.07,4.47,4.04,4.22,3.8,4.64,4,4.48,4.64,3.88,3.97,4.24,3.99,4.56,4.15,4.3,4.48,4.16,4.5,4.09
ARRDC4,5.81,5.89,5.86,5.97,6.25,5.82,5.77,6.44,5.91,5.82,6.26,5.83,5.96,6.25,6.07,5.84,6.38,6.43,6.38,6.18,5.92,6.23,6.51,6.12,6.31,6.24,5.87,5.96,5.85,6.14,7.89,6.94,5.83,5.82,5.87,6.41,6.21,6.47,6.13,6.12,6.21,6.3,6.23,6.54,6.39,6.01,6.19,6.48,5.99,6.36
ARRDC5,4.91,4.81,5.2,5,5.52,5.48,4.64,5.32,5.13,5.09,5.42,4.92,4.96,4.58,5.17,5.32,5.24,5.13,5.12,5.1,5.38,5.33,5.88,5.29,5.55,5.52,4.96,5.22,5.01,5.25,5.76,4.51,4.73,4.99,4.83,5.39,4.73,5.17,4.37,5.63,5.39,5.54,5.77,5.11,5.06,5.13,5.31,5.24,5.34,4.9
ARSA,6.11,5.49,5.57,5.8,6,6.55,5.35,5.83,5.89,5.8,5.82,5.86,5.53,4.99,6.26,6.03,6.03,6.12,5.85,5.83,5.91,6.3,6.41,5.98,6.35,6.24,5.96,5.83,6.06,5.2,5.84,5.18,6.16,5.7,5.81,6.17,6.1,6.23,6.59,6.44,6.39,6.5,6.25,5.91,5.97,6.54,5.94,5.78,5.82,5.8
ARSA,5.62,5.23,5.53,5.79,5.46,5.46,5.6,5.58,5.32,5.54,5.2,5.52,5.41,6.29,5.7,5.62,5.47,5.44,5.66,5.58,5.27,5.8,5.5,5.7,5.57,5.87,5.48,5.66,5.07,5.17,5.94,4.77,5.56,5.59,5.54,5.51,5.82,5.66,5.34,5.88,5.26,5.61,5.75,5.87,5.57,5.24,5.36,5.38,5.29,6.72
ARSA,5.8,5.11,5.89,5.36,5.74,5.07,5.33,5.82,5.48,5.67,5.43,5.74,5.24,6.41,5.56,5.79,5.52,5.47,5.52,5.43,5.79,5.31,5.4,6.05,6.34,5.58,5.62,5.48,5.74,6.07,5.97,5.87,5.47,5.72,5.45,5.83,5.63,5.67,5.3,5.9,5.67,5.53,5.75,6.43,5.49,5.29,5.7,5.81,5.24,5.85
ARSB,7.21,6.91,7.34,7.18,6.84,6.85,6.46,7.21,7.1,7.09,7.08,7.2,6.83,5.62,6.68,6.73,6.68,7.08,7.08,6.91,6.61,6.53,6.64,6.76,6.6,6.79,7.59,7.28,6.87,6.35,5.59,6.77,6.25,6.46,6.51,7.01,6.81,6.87,6.27,7.46,7.43,7.01,6.8,6.29,6.46,6.25,6.27,7.27,7.07,5.14
ARSB,7.42,7.71,7.73,7.8,7.61,7.57,6.66,7.32,8.21,7.73,7.8,7.66,7.89,6.41,7.13,6.87,7.33,7.63,7.85,7.86,7,7.28,7.66,7.4,6.9,7.46,7.68,7.61,7.63,7.91,5.94,6.74,6.54,7,6.78,7.37,7.22,7.35,7.3,7.65,7.69,7.13,7.46,7.13,6.5,6.17,6.28,7.92,8.09,6.6
ARSB,6.36,6,6.15,6.4,6.36,5.97,6.54,6.62,6.21,6.24,6.08,6.23,5.93,6.63,5.85,5.92,5.68,6.41,6.08,6.24,6.03,5.9,5.88,6.14,6.32,5.81,6.24,6.05,5.76,5.09,5.84,5.5,6.06,5.81,6.18,6.04,5.78,6.2,5.92,6.48,6.07,5.65,5.97,6.82,5.84,6.24,5.81,6.27,6.13,5.76
ARSB,5.36,5.58,5.64,5.71,5.21,5.83,5.69,5.93,5.6,5.64,5.5,5.45,5.09,6.36,5.68,5.3,4.98,6.07,5.82,5.82,5.61,5.23,5.44,5.68,6.05,5.85,5.49,5.59,5.6,4.93,6.23,5.15,5.2,5.39,5.21,5.44,5.01,5.75,5.47,6.09,6.07,5.64,5.63,5.84,5.05,4.19,5.12,5.88,5.47,5.45
ARSD,3.67,3.54,4.12,3.83,4.07,4,4.07,3.97,3.69,3.74,3.79,3.68,3.55,4.56,3.85,3.92,3.71,3.69,3.86,3.72,3.92,3.64,3.55,3.65,4.06,3.61,4,4.02,3.72,4.18,4.3,7.21,4.08,3.92,3.86,3.83,3.75,3.75,4.68,3.68,3.98,3.97,3.98,4.75,3.77,3.7,4.09,4.33,3.64,4.98
ARSD,3.93,3.98,4.24,4.2,4.57,4.8,4.2,4.36,4.1,3.99,4.71,3.97,4.24,5.85,4.31,4.56,4.27,4.34,3.89,4.08,4.07,4.07,4.2,4.09,4.55,4.28,4.02,4.21,4.34,5.18,7.01,7.51,4.06,4.31,4.2,4.17,4.14,4.35,5.11,4.28,4.29,4.02,4.2,5.59,4.27,4.77,4.45,4.44,4.13,5.8
ARSD,3.86,3.56,3.5,3.65,4,3.91,3.67,3.34,3.61,3.42,3.67,3.7,3.54,4.6,3.53,3.8,3.7,3.48,3.73,3.73,3.87,3.35,3.36,3.5,3.59,3.84,3.26,3.58,3.57,3.6,4.44,4.39,3.81,3.43,3.95,3.6,3.6,3.68,3.98,3.63,3.61,3.97,3.78,5.18,3.73,3.63,3.38,3.49,3.66,3.83
ARSE,4.02,4.03,4.06,4.4,4.19,4.06,4.14,4.16,4.47,4.07,3.93,4.1,4.02,4.52,4.03,4.16,4,4.23,4.13,4.21,4.36,4.07,4.12,4.32,4.08,4.26,4.04,4.34,4.05,4.11,4.17,4.39,4.14,4.21,4.24,4.29,4.16,4.43,4.49,4.38,4.26,4.18,4.11,5.37,4.32,4.63,3.87,4.27,4.27,5.98
ARSE,4.41,4.55,4.76,4.88,4.62,4.35,4.4,5.08,4.52,4.64,4.44,4.22,4.35,5.22,4.58,4.31,4.49,4.52,4.89,4.69,5.05,4.59,4.45,4.7,4.43,4.85,4.62,4.63,4.96,4.24,4.65,6.03,4.62,4.77,4.56,4.63,4.62,4.53,5.63,4.94,4.88,4.82,4.78,4.64,4.36,4.8,4.79,4.36,4.74,5.45
ARSE,4.73,4.44,4.68,4.53,4.77,4.66,4.09,4.75,4.5,4.56,4.48,4.56,4.53,4.96,4.78,4.85,4.36,4.6,4.45,4.58,4.48,4.5,4.41,4.46,4.56,4.57,4.28,4.57,4.86,4.48,4.54,5.61,4.36,4.46,4.47,4.79,4.6,4.42,4.24,4.51,5.33,5.15,5.03,5.54,4.36,5.11,4.71,4.44,4.4,5.5
ARSE,6.13,6.7,6.45,6.51,6.41,6.51,6.24,6.36,6.5,6.37,6.55,6.6,6.37,7.73,6.16,6.55,6.16,6.47,6.58,6.38,6.41,6.61,6.35,6.4,6.48,6.08,6.4,6.56,6.59,6.46,7.76,7.15,6.4,6.38,6.56,6.27,6.41,6.21,7.03,6.48,6.51,6.84,6.65,6.51,6.38,6.33,7.05,6.27,6.04,7.49
ARSF,4.03,4.2,4.03,4.37,4.69,4.54,4.51,3.98,4.12,4.21,4.29,4.37,3.98,4.45,4.03,4.35,4.19,4.17,3.85,4.07,4.09,4.22,4.21,4.1,4.23,3.93,4.56,4.34,4.03,4.22,6.49,4.87,4.47,4.06,4.22,4.16,3.94,3.98,6,4.3,4.02,4.38,4.41,4.53,4.94,3.9,3.84,4.17,4.15,4.62
ARSG,6.14,5.98,6.35,6.12,6.36,6.36,6.01,6.29,6.12,6.06,5.9,6.17,6.18,6.35,6.23,5.96,5.97,6.39,6.34,6.33,6.1,6.16,6.06,5.96,5.68,6.07,6.15,6.2,6.01,7.34,6.87,6.6,5.84,5.57,5.96,5.74,6.05,6.26,7.25,6.2,6.21,6.28,6.03,7.39,6.17,6.27,6.55,6.2,5.73,6.93
ARSH,3.67,3.84,3.56,3.92,3.64,4.25,4.18,3.99,4.05,3.95,3.89,3.7,3.7,4.01,3.57,3.88,3.7,3.87,3.98,3.75,3.88,3.68,3.84,3.77,3.69,3.71,3.95,3.9,3.84,4.2,6.23,3.69,3.91,3.7,3.84,3.71,4.1,3.97,4.18,3.58,3.81,4.39,3.97,3.95,3.8,4.43,3.63,3.9,3.68,3.78
ARSI,3.66,3.59,3.52,3.66,4,3.51,3.53,3.64,3.78,3.76,3.69,3.79,3.55,4.9,3.95,3.79,3.73,3.53,3.74,3.83,3.83,3.75,3.85,3.64,3.77,3.42,3.92,3.66,3.79,5.8,4.99,6.26,3.59,3.48,3.72,3.8,3.75,3.93,4.03,3.73,3.71,3.96,4.09,4.42,3.67,3.53,3.76,3.6,3.4,4.45
ARSI,3.69,3.79,3.62,3.82,4.49,4.39,5.87,4.36,3.91,3.64,3.91,4,3.71,4.16,3.94,4.03,3.76,3.72,3.64,4.01,3.96,3.91,3.92,4.09,3.95,3.97,3.94,3.84,4.23,4.31,5.86,4.5,3.62,3.92,3.98,3.74,4.02,3.77,4.45,3.74,3.99,3.92,4.14,4.91,3.85,3.96,3.98,3.73,3.9,4.47
ARSJ,4.05,4.18,3.89,4.32,4.17,4.03,5.08,4.39,4.08,4.05,4.16,4.25,4.17,4.29,4.12,4.11,4.09,4.02,4.02,4.07,4.13,4.1,4.15,4.11,3.93,4.12,4.2,4.21,4.33,4.27,5.1,4.89,4,3.98,4.24,4.07,4.36,4.1,4.76,4.42,4.3,4.22,4.2,4.27,3.96,4.47,4.18,4.06,4.07,5.01
ARSJ,4.62,4.63,4.7,4.78,4.9,4.64,5.78,4.79,4.75,4.63,4.64,4.65,4.78,5.25,4.78,4.79,4.7,4.68,4.92,4.91,4.54,4.73,4.61,4.54,4.66,4.7,4.87,4.75,5.04,5.97,6.2,5.94,4.64,4.49,4.65,4.7,4.93,4.67,5.37,4.62,4.55,4.84,4.95,6.86,5.1,4.82,4.62,4.79,4.61,5.74
ARSJ,4.72,4.37,4.56,4.74,5.09,4.64,4.79,4.63,4.65,4.59,4.9,4.8,4.55,5.6,4.65,4.59,4.65,4.88,4.9,4.56,4.66,4.9,4.5,4.49,4.54,4.51,4.66,4.83,4.74,5.49,7.73,5.28,4.75,4.7,4.68,4.54,4.74,4.57,4.63,4.38,4.96,4.71,4.77,5.43,4.8,4.79,4.79,4.92,4.41,6.45
ARSJ,3.59,3.7,3.76,3.4,3.72,3.7,3.28,3.24,3.64,3.35,3.43,3.59,3.43,3.56,3.68,3.29,3.71,4.02,3.39,3.62,3.57,3.4,3.54,3.55,3.42,3.36,3.61,3.53,3.59,4.3,6.89,3.95,3.7,3.55,3.53,3.51,3.65,3.5,3.58,3.63,3.41,3.41,3.64,5.47,3.44,3.59,3.53,3.43,3.74,5.24
ARSK,6.46,6.3,6.18,5.82,5.05,5.92,5.74,5.96,6.06,6.16,5.69,5.44,5.46,5.03,6.19,6.12,6.07,6.1,6.35,6.32,5.41,5.81,5.85,5.46,5.87,5.88,5.79,5.73,6.07,4.84,7.19,4.92,6.23,5.81,5.78,6.01,4.95,5.35,5.06,5.92,5.9,6.04,5,5.24,5.93,5.98,6.04,5.72,5.24,4.66
ARSK,6.23,6.35,5.87,5.92,5.86,6.02,5.4,5.87,6.26,6.3,6.36,5.93,5.8,6.54,6.21,5.94,5.95,6.03,5.88,5.98,5.44,5.76,6.01,5.79,5.68,5.49,6.02,5.88,6.04,5.17,6.46,5.19,5.75,5.73,5.66,5.99,5.63,5.79,5.55,6.04,6.16,5.71,5.48,6.99,5.74,5.93,5.71,5.69,6.01,6.76
ARSK,6.18,6.04,5.91,5.91,6.37,5.55,5.68,5.87,5.83,6.27,6.34,5.89,5.76,5.96,6.19,6.53,6.03,5.98,6.25,6.13,5.62,5.52,5.72,5.76,5.65,5.68,6.02,6.01,5.81,5.69,5.8,5.88,5.85,5.88,5.94,5.88,5.89,5.53,5.11,6,5.84,5.54,5.55,5.68,5.48,5.65,5.79,5.64,5.64,5.14
ART1,5.06,5.14,5.4,5.04,5.09,5.48,5.06,5.41,5.28,5.05,5.19,5.18,4.92,7.02,5.22,5.09,5.4,5.25,5.08,5.11,5.06,5.27,4.93,5.59,5.24,5.38,5.13,5.11,5.13,5.17,6.55,6.31,5.08,5.13,5.28,5.42,5.46,5.24,4.75,5.49,5.28,5.59,4.84,7.29,4.83,5.16,5.84,5.09,5.24,6.59
ART3,3.75,3.75,3.65,3.59,3.98,3.62,4.32,3.54,3.82,3.84,3.71,3.66,3.91,3.9,3.54,3.72,3.73,3.65,3.79,3.81,4.07,3.65,3.9,3.57,3.61,3.61,3.73,3.68,3.9,3.92,4.06,4.51,3.72,3.84,3.67,3.63,3.58,3.51,3.84,3.61,3.56,3.74,3.6,4.38,4.26,3.8,3.66,3.78,3.67,4.16
ART3,3.55,3.63,3.76,3.74,4.25,3.71,4.76,3.6,3.57,3.64,3.81,3.66,3.64,5.29,3.7,3.8,3.62,3.84,3.72,3.65,3.73,3.81,3.59,3.77,3.46,3.53,3.56,3.71,3.61,4.12,4.58,4.53,3.89,3.56,3.83,3.69,3.96,3.75,3.95,3.6,3.55,3.63,3.62,4.51,3.89,3.8,3.67,3.52,3.62,3.99
ART3,3.73,3.68,3.62,3.75,3.8,3.84,3.9,4.09,3.76,3.61,3.58,3.65,3.49,4.41,3.99,4.66,4.02,3.92,3.98,4.16,3.65,3.75,3.62,3.53,3.72,3.71,3.71,3.66,4,5.29,4.86,4.25,3.74,4.08,4.01,3.75,4.45,3.84,4.02,3.82,3.6,3.83,3.88,4.91,3.95,3.89,3.85,3.8,3.65,4.51
ART3,4.33,4.29,4.17,4.44,4.03,4.11,4.7,4.57,4.25,4.02,4.12,4.37,4.41,6.15,4.32,4.29,4.45,4.22,4.04,4.23,4.22,4.24,4.28,4.05,4.22,4.13,4.37,4.26,4.34,4.24,6.03,4.26,4.11,4.35,4.65,4.18,4.36,4.08,4.71,4.43,3.99,4.17,4.17,4.76,4.12,4.09,4.47,4.28,4.39,5.57
ART3,3.75,3.87,4.11,4.03,3.94,3.67,4.82,3.94,3.83,4.12,3.74,3.72,3.9,4.76,3.82,4.24,3.94,4.14,3.81,3.81,4.12,3.65,3.77,4.07,3.84,3.72,3.86,3.92,3.89,3.94,6.95,3.7,4.33,3.89,3.9,3.95,4.11,3.63,3.81,3.86,3.66,3.86,3.98,4.38,3.73,3.89,3.93,4.12,3.69,4.11
ART4,4.31,4.58,4.91,4.43,4.4,4.09,4.36,4.19,4.57,4.49,4.66,4.55,4.71,5.02,4.41,4.61,4.22,4.37,4.61,4.17,4.57,4.51,4.59,4.22,4.45,4.19,4.16,4.68,4.5,4.68,5.66,5.69,4.45,4.54,4.54,4.33,4.41,4.45,4.79,4.3,4.56,4.41,4.77,5.01,4.31,4.83,4.61,4.28,4.16,5.66
ART5,4.28,4.49,4.07,4.36,4.32,4.27,4.1,4.33,4.18,4.26,4.38,4.27,4.3,4.92,4.17,4.4,4.49,4.33,4.18,4.3,4.28,4.27,4.34,4.23,4.26,4.26,4.76,4.3,4.16,4.76,6.01,4.64,4.31,4.53,4.21,4.19,4.57,4.18,4.45,4.18,4.06,4.36,4.27,4.66,4.27,4.44,4.24,4.22,4.39,4.17
ART5,4.25,4.4,4.29,4.51,4.23,4.84,5.02,4.42,4.45,4.55,4.79,4.57,4.64,4.49,4.23,4.59,4.36,4.19,4.41,4.33,4.6,4.44,4.48,4.14,4.2,4.65,4.95,4.49,4.7,4.4,4.13,4.59,4.42,4.34,4.28,4.56,4.14,4.24,4.29,4.64,4,4.47,4.5,5.25,4.18,4.54,4.37,4.26,4.46,5.28
ARTN,4.29,4.37,4.47,4.33,3.8,4.6,4.94,5.46,4.16,4.42,4.63,4.28,4.2,3.91,4.14,4.16,3.94,3.97,4.26,4.37,4.11,4.32,4.27,4.17,4.15,4.55,4.68,4.33,4.32,4.59,4.62,3.78,4.13,4.46,4.13,3.9,4.48,4.14,3.89,4.84,4.3,4.72,5.08,4.24,3.94,4.9,4.29,4.29,4.73,3.98
ARTN,4.56,4.76,4.73,4.48,4.48,5.13,4.91,4.74,4.67,4.62,4.59,4.68,4.48,5.2,4.45,4.72,4.89,4.71,4.73,4.9,4.96,4.58,4.54,5.21,4.7,4.42,4.9,4.88,4.85,5.03,4.21,5.02,4.56,4.75,4.69,4.77,4.92,4.61,5.76,4.72,4.86,4.99,4.69,5.56,4.75,4.37,4.84,4.93,4.42,4.75
ARV1,9.6,9.32,9.54,9.54,9.51,9.2,9.37,9.74,9.56,9.63,9.17,9.66,9.5,8.37,9.51,9.35,9.32,9.94,9.82,9.87,9.37,9.53,9.25,9.49,9.42,9.54,9.51,9.69,9.26,9.22,8.38,6.88,9.05,9.09,9.23,9.45,9.43,9.67,9.28,9.35,9.4,9.42,9.07,8.31,9.29,9.03,9.35,9.72,9.43,8.07
ARVCF,4.68,4.56,4.78,4.77,5.13,4.97,6.05,4.63,4.81,4.93,4.93,4.96,4.6,5.24,5.06,5.51,5.17,4.93,4.9,4.89,5.04,4.68,5.14,4.95,5.18,4.89,4.85,4.98,5.6,4.93,5.49,5.51,5.21,5.07,5,5.1,4.9,4.71,4.53,4.86,4.72,4.83,4.67,6.52,4.49,5,4.52,5.01,4.99,6.27
ARVCF,6.05,6.15,6.18,6.27,6.56,5.96,6.49,6.01,6.13,6.18,6.38,6.15,5.87,6.71,6.44,6.24,6.38,6.18,6.1,6.36,6.07,6.11,6.18,6.59,6.16,6.44,6.32,6.03,5.97,5.18,6.33,7.69,6.1,6.04,6.39,6.1,6.41,6.36,6.26,6.26,5.98,6.46,6.15,6.77,6.28,6.2,6.08,6.3,5.96,6.23
ARX,5.21,5.05,5.1,5.19,5.27,4.9,5,5.11,5.08,4.97,5.28,5.14,5.15,6.75,5.06,5.3,5.14,5.4,4.94,5.08,4.87,5.02,4.78,5.07,5.18,5.05,4.98,5.18,5.07,5.6,6.3,5.82,5.04,5.04,4.97,4.89,5.08,4.78,4.73,5.06,4.81,5.3,5.19,7.38,4.88,5.09,5.19,4.92,5,5.81
AS3MT,4.77,5.04,4.71,5.5,5.11,5.08,4.72,4.53,4.97,5.27,5.08,4.95,4.86,5.23,5.01,4.98,5.06,5.2,4.91,5.11,5.12,4.96,5.03,5.11,5.39,4.69,4.95,4.93,5.09,4.73,4.97,4.6,4.66,5.05,4.81,5.05,4.74,4.87,4.61,5.14,5.12,5.17,4.72,4.55,5.22,4.47,5.36,5,4.89,4.71
AS3MT,5.15,5.2,5.16,5.09,5.27,4.68,5.56,5.24,4.97,5.19,5.22,5.03,4.9,5.72,5.14,5.41,5.3,4.98,5.31,5.24,5.28,5.17,5.29,5.41,5.13,5.33,5.28,5.24,5.12,5.35,5.99,6.01,5.01,5.04,4.82,5.15,5.1,4.84,4.77,5.33,5.58,5.14,5.17,5.15,5.26,5.26,5.31,5.27,5.3,5.41
ASAH1,7.97,8.22,7.97,8.01,8.13,7.97,6.95,8.06,8.11,7.99,8.2,7.98,8.21,7.56,8.09,7.73,8.08,7.8,7.86,8,8.05,7.85,8.37,8.13,8.05,8.11,7.98,7.91,7.98,7.32,7.11,7.2,7.57,7.82,7.78,8.01,8.02,7.68,7.42,8.15,8.17,8.02,8.36,9.29,7.77,7.88,7.89,8.32,8,7.06
ASAH1,4.63,4.8,4.73,4.88,4.8,4.78,5.11,4.5,5.01,4.44,4.84,4.7,4.69,4.48,4.51,4.63,4.63,4.77,4.65,4.69,4.56,4.44,5.2,4.81,4.79,4.66,4.78,4.56,4.59,4.46,5.92,4.68,4.63,4.55,4.36,4.87,4.47,4.51,4.49,5.13,5.13,4.83,5.3,4.39,5.12,4.7,4.49,4.6,4.74,4.47
ASAH1,8.3,8.43,8.21,8.25,8.28,8.29,7.27,8.11,8.38,8.32,8.56,8.41,8.44,7.39,8.26,7.98,8.23,8.17,8.16,8.2,8.23,8.18,8.63,8.47,8.46,8.43,8,8.29,8.35,7.28,7.24,8.32,8.12,8.15,8.08,8.25,8.13,8.14,8.08,8.34,8.38,8.4,8.57,9,8.12,8.18,8.27,8.34,8.21,8.19
ASAH1,8.78,8.6,8.69,8.76,8.36,8.08,8.49,8.89,8.68,8.81,8.44,8.96,8.77,7.59,8.53,8.65,8.69,8.63,8.68,8.76,8.69,8.74,8.52,8.8,8.94,8.9,8.64,8.79,8.4,7.27,7.22,6.29,8.73,8.64,8.69,8.4,8.5,8.7,8.47,8.87,8.46,8.46,8.55,7.83,8.6,8.36,8.69,8.82,8.54,7.17
ASAH1,8.12,7.67,8.02,8.07,7.48,7.38,7.67,8.21,7.99,8.23,7.49,8.2,8.08,6.52,8.1,8.06,7.91,7.91,7.94,8.27,8.14,7.88,7.55,8.18,8.27,8.2,7.99,8.02,7.67,7.04,5.38,6.8,8.01,8,8.09,7.86,7.62,8.05,7.75,8.21,7.8,7.58,7.9,6.06,7.68,7.81,8.07,8.16,7.82,6.22
ASAH2 /// ASAH2B /// ASAH2C,5.9,6.04,6.25,5.94,6.02,5.89,6.31,5.71,6.09,6.33,6.51,6.19,6.18,5.21,6.68,6.34,6.52,6.07,6.19,6.18,6.09,6.05,5.79,6.3,6.63,6.52,5.87,5.9,6.19,6.72,6.31,5.39,6.79,6.32,6.31,6.41,6.67,6.48,6.34,6.43,6.41,5.07,5.49,6.25,6.26,5.92,6.25,6.13,6.18,4.54
ASAH2 /// ASAH2B /// ASAH2C,6.68,5.98,6.45,6.52,5.53,5.61,5.22,6.66,6.58,6.56,5.9,6.88,6.29,5.77,7.17,6.83,7.05,6.62,6.52,6.44,6.54,6.39,5.76,7.11,6.91,6.68,6.19,6.58,5.26,3.68,4.77,5.39,6.91,6.91,7.16,6.9,6.63,6.72,4.53,6.65,6.08,5.6,4.73,5.18,6.71,6.01,6.68,6.68,5.94,6.98
ASAH2 /// ASAH2C,4.17,4.29,3.96,4.25,4.24,4.08,4.09,4.04,3.93,4.17,4.42,4.07,4.08,4.75,4.13,4.17,3.96,3.76,3.96,4.12,4.11,4.3,4.26,3.94,4.05,4,4.2,4.02,4.17,4.17,6.29,4.5,4.4,4.13,4.02,4,4.26,3.99,4.25,4.19,4.17,4.19,3.97,6.12,4.07,4.4,4.05,3.83,3.88,6.21
ASAM,3.8,3.89,4.23,4,3.82,4.07,3.62,4.28,3.84,3.73,3.92,4.05,3.83,5.46,3.75,3.76,3.76,3.75,3.52,3.8,3.73,3.74,3.67,3.67,3.6,3.75,3.89,4.05,3.84,4.03,5.01,4.77,3.74,4.06,3.7,3.85,3.65,3.75,4.49,3.79,3.82,3.76,3.96,3.85,3.74,3.86,3.65,3.69,3.76,6.27
ASAM,4.4,4.38,4.35,4.7,4.55,4.23,4.56,4.69,4.2,4.39,4.42,4.65,4.32,6.87,4.41,4.56,4.11,4.31,4.28,4.4,4.47,4.79,4.61,4.38,4.48,4.27,4.23,4.73,4.69,4.88,5.96,5.65,4.35,4.29,4.25,4.75,4.3,4.53,4.84,4.41,4.55,4.9,4.54,6,4.42,5.06,4.47,4.49,4.43,5.69
ASAM,3.77,4.09,4.2,4.49,3.89,5.18,4.05,4.42,4.23,4.06,4.5,3.99,4.14,5.24,4.52,4.09,4.53,4.58,4.32,4.22,3.93,4.22,4.16,4.35,4.81,4.58,4.09,4.12,4.28,5.55,6.9,6.79,4.35,4.12,4.28,4.2,4.15,4.35,5.22,4.58,4.08,4.7,4.26,7.14,4.31,5.07,4.68,4.37,4.12,6.23
ASAP1,8.48,8.54,8.18,8.2,8.32,8.45,8.32,8.69,8.23,8.49,8.55,8.32,8.13,6.57,8.66,8.84,8.67,8.12,8.24,8.25,8.71,8.74,8.72,8.93,8.97,8.72,8.04,8.36,8.23,8.98,7.53,6.87,8.89,9.3,9.22,8.81,8.72,8.59,8.3,8.67,8.71,8.72,8.32,7.78,8.41,8.39,8.69,8.32,8.06,7.43
ASAP1,9.89,10.23,9.73,9.93,9.89,9.93,9.08,9.77,9.94,9.82,10.28,9.98,9.99,9.49,10.21,10.2,10.2,9.66,9.69,9.64,10.18,10.13,10.39,10.21,10.4,10.32,9.83,9.82,9.92,9.91,7.71,10.11,10.48,10.7,10.61,10.44,10.21,10.26,9.72,10.12,9.99,10.13,10.18,10.06,9.95,10.09,9.99,9.89,10.02,8.79
ASAP1,8.19,8.08,7.83,7.82,7.77,7.62,7.07,7.85,7.95,7.94,7.86,8.15,7.93,7.14,8.25,8.17,8.31,7.76,7.68,8.03,8.17,8.44,8.17,8.4,8.46,8.58,7.87,7.96,7.66,7.25,4.91,5.54,8.72,8.93,8.91,8.43,8,8.21,7.5,8.27,8.18,7.98,7.72,6.97,7.84,7.56,8.19,8.03,7.9,6.06
ASAP1,8.21,8.53,8.09,8.01,7.78,8.19,8.07,8.22,8,8.22,8.32,8.07,8.1,7.8,8.4,8.54,8.43,7.89,7.98,8.14,8.72,8.54,8.72,8.61,8.64,8.58,8.24,7.99,8.31,7.91,7.41,6.57,8.97,9.03,8.85,8.65,8.63,8.35,7.96,8.51,8.55,8.54,8.45,6.55,8.46,8.48,8.46,8.11,8.1,6.23
ASAP2,4.43,4.46,4.11,4.66,4.4,4.59,4.14,4,4.25,4.26,4.79,4.45,4.42,4.72,4,4.55,4.04,4.54,4.34,3.89,3.87,4.22,4.14,3.69,3.99,3.94,4.15,4.8,4.27,4.49,5.11,4.82,4.01,4.48,4.15,3.88,4.14,3.93,5.11,4.09,4.31,4.35,3.97,4.74,4.3,4.59,4.78,4.49,4.43,5.55
ASAP3,4.34,4.11,4.63,4.4,4.19,4.4,4.26,4.67,4.28,4.29,4.58,4.22,4.29,4.61,4.43,4.62,4.31,4.17,4.49,4.42,4.22,4.35,4.41,4.47,4.67,4.49,4.57,4.48,4.36,4.27,5.81,5.06,4.4,4.51,4.46,4.52,4.46,4.18,5.17,4.35,4.55,4.59,4.73,4.67,4.9,5.01,4.57,4.44,4.77,4.89
ASAP3,4.02,4.11,4.43,4.31,4.2,4.18,4.06,4.23,4.09,4.29,4.28,4.18,4.34,4.69,4.36,3.99,4.07,4.05,4.28,4.11,3.96,4.27,4.25,4.34,4.13,4.22,4.31,4.34,4.25,4.11,4.92,4.2,4.21,4.47,4.57,4.29,4.19,4.15,4.33,4.15,4.15,4.74,4.19,4.77,4.76,4.45,4.26,4.26,4.33,5.32
ASB1,8.58,8.41,8.92,8.76,9.03,8.87,8.65,9.07,8.51,8.67,8.8,8.61,8.42,7.44,8.29,8.54,8.26,8.98,8.91,8.9,8.26,8.4,8.16,8.49,8.59,8.46,8.93,8.87,8.74,9.06,6.99,7.66,8.41,8.72,8.78,8.6,8.62,8.51,8.18,8.86,8.77,8.58,8.42,6.4,8.84,8.55,8.93,8.9,8.75,8.07
ASB1,7.57,7.39,7.68,7.6,7.8,7.71,7.91,7.95,7.42,7.67,7.58,7.52,7.58,7.52,7.36,7.39,7.39,7.46,7.45,7.69,7.6,7.64,7.57,7.62,7.68,7.42,7.86,7.61,7.59,7.06,7.63,7.45,6.97,7.03,7.06,7.67,7.67,7.5,7.79,7.79,7.82,7.99,8.09,6.68,8.17,7.97,8.06,7.81,7.85,7.62
ASB10,5.38,5.26,5.56,5.8,6.01,6.09,5.99,5.5,5.46,5.59,5.77,5.63,5.33,5.44,5.46,5.84,5.38,5.79,5.7,5.74,5.68,5.56,5.73,5.43,5.6,5.59,5.57,5.81,5.58,5.05,6.07,5.79,5.35,5.59,5.44,5.83,5.57,5.68,6.62,5.7,5.86,6.18,5.61,6.59,5.82,6.06,5.56,5.64,5.63,6.4
ASB10,3.88,3.98,4.14,4.09,4.11,4.09,3.89,3.82,3.95,3.95,3.93,3.94,3.81,3.87,3.85,3.78,3.85,3.69,3.87,3.57,3.98,3.86,3.92,3.95,3.75,4,4.08,4.02,4.03,4.78,4.44,3.61,3.93,3.83,3.92,3.83,4.09,3.94,4.09,4.07,4.22,4.36,4.16,4.12,4.01,3.75,3.97,4.25,3.91,4.64
ASB11,3.85,4.15,3.82,3.9,4.43,3.61,4.31,3.79,3.79,3.93,3.71,3.95,3.92,6.79,3.84,3.64,3.65,3.74,3.66,3.85,4.35,4.15,3.8,4.01,3.84,3.83,3.88,3.82,3.87,4.7,4.31,4.17,3.56,3.86,3.67,3.87,3.89,3.82,5.1,3.77,3.66,3.91,3.73,5.17,3.59,3.76,3.74,3.89,3.92,3.99
ASB11,3.68,4.26,3.64,3.68,3.91,3.8,4.43,3.76,3.77,3.89,3.93,3.64,4.25,4.78,3.71,4.2,3.72,4.08,4,3.81,4.38,4.05,4.09,3.67,3.34,3.52,3.72,3.62,4.18,4.41,3.43,4.87,3.85,3.58,3.92,3.39,3.94,3.73,3.66,3.62,3.38,3.97,3.96,4.2,3.65,3.72,3.61,3.52,3.73,3.75
ASB11,3.79,3.44,3.69,3.68,3.61,3.54,3.85,3.71,3.73,3.41,3.62,3.41,3.58,4.85,3.56,3.69,3.66,3.52,3.57,3.59,3.66,3.67,3.74,3.54,3.62,3.41,3.63,3.62,3.46,3.55,4.22,4.16,3.61,3.4,3.5,3.54,3.76,3.78,4.15,3.68,3.31,3.46,3.51,4.69,3.75,4.08,3.49,3.47,3.7,4.09
ASB12,4.85,5.56,4.65,4.65,4.72,5.36,5.23,5.18,5.09,4.94,5.01,5.41,5.6,5.71,4.54,5.11,4.79,5.05,4.65,4.43,4.98,5.28,5.07,4.75,4.5,4.95,4.71,5.09,5.02,4.8,6.39,5.08,5.03,4.74,4.62,4.64,4.77,4.55,5.81,4.68,4.6,4.85,4.44,5.73,4.45,4.33,4.51,5.15,4.96,5.79
ASB13,4.57,4.43,4.69,4.56,4.18,4.43,5.04,4.83,4.62,4.64,4.6,4.72,4.62,4.61,4.3,4.59,4.26,4.83,4.6,4.88,4.3,4.28,4.32,4.53,4.35,4.81,5.14,4.36,4.68,5.15,5.63,4.77,4.44,4.29,4.37,4.49,4.51,4.67,4.16,4.69,4.93,4.62,4.55,4.9,5.07,4.89,4.94,4.79,4.96,5.36
ASB13,5.12,5.35,5.81,5.68,5.51,5.8,4.71,5.63,5.45,5.52,5.31,5.2,4.72,4.51,5.24,5.55,4.96,5.9,5.84,5.92,4.49,4.84,5.1,5.03,5.28,4.95,5.89,5.26,5.65,5.21,4.97,6.37,5.39,4.87,5.48,5.36,4.91,5.3,5.21,5.97,5.91,5.85,6.16,4.61,6.06,5.5,5.94,5.86,5.76,5.51
ASB14,5.44,5.74,4.98,4.99,4.83,4.6,4.89,4.66,4.82,5.17,5.46,5.03,5.32,6.17,4.98,5.14,4.9,5.26,4.95,5.13,5.13,5.08,4.91,4.92,4.64,4.54,4.83,5.47,5.06,6.16,5.37,7.05,4.84,5.24,5.02,4.89,4.99,4.38,5.15,4.68,4.6,5,5.21,7.55,4.81,5.1,4.66,4.72,4.9,7.62
ASB14,3.82,3.87,3.93,3.49,4.1,3.47,4.55,3.89,3.77,3.82,4,3.64,3.86,4.99,3.74,3.84,4.07,3.91,3.93,3.98,3.65,3.67,3.79,3.71,3.93,3.54,3.8,3.83,3.73,4.13,4.49,5.3,3.77,3.69,3.76,3.5,4.08,3.75,4.23,3.74,3.61,3.73,3.92,5.38,3.44,3.88,3.58,3.81,3.72,6.72
ASB15,4.41,4.05,4.24,4.17,4.02,3.65,4.47,4.04,4.19,4.23,4.21,4.27,4.16,5.81,4.42,4.08,4.01,4.06,3.79,4.39,4.3,4.33,4.13,4.26,4.18,4.15,4.07,4.3,4.27,5.09,5.3,4.51,3.79,4.23,4.66,4.46,4.65,4.12,4.63,4.3,4.06,4.44,3.71,4.77,4.27,4.02,4,4.27,4.32,5.43
ASB15,3.99,4.11,4.1,4.17,4.59,4.28,4.14,4.58,4.21,4.23,4.21,4.09,4.02,5.01,4.14,3.97,4.06,4.22,4.2,4.29,3.91,4.12,4.16,4.17,4.18,3.76,4.4,4.32,4.26,4.81,4.67,5.18,4.02,4.18,4.05,4.17,4.33,4.2,4.45,4.46,4.6,4.08,4.71,4.84,3.93,4.22,4.44,4.39,4.37,5.91
ASB16,5.1,4.96,5.07,5.1,5.26,5.35,6.39,5.09,5.31,4.86,5.3,4.83,5.08,5.48,4.89,5,5.21,5.16,5.02,4.96,5.11,5.15,5.11,5.32,5.05,5.14,5.09,5.33,5.02,6.08,5.61,5.2,5.41,4.9,5.23,5.3,5.22,5.34,5.29,5.22,5.35,5.1,5.01,6.03,5.4,5.36,5.29,5.5,5.2,6.76
ASB16,4.65,4.43,4.25,4.83,5.04,4.6,4.49,4.66,4.72,4.48,4.72,4.62,4.44,5.53,4.59,4.9,4.48,4.65,4.73,4.61,4.82,4.42,4.33,4.66,4.7,4.15,4.68,4.83,4.74,4.52,5.99,6.02,4.72,4.54,4.52,4.56,4.58,4.46,4.38,4.61,4.7,4.56,4.78,6.37,4.53,4.92,4.64,4.56,4.57,6.8
ASB16,5.66,5.17,5.52,5.75,6.19,5.86,5.45,5.76,5.5,5.41,5.8,5.78,5.64,7.22,5.74,5.6,5.47,5.86,5.54,5.44,5.4,5.63,5.44,5.72,5.85,5.61,5.49,5.89,5.82,5.09,6.01,6.75,5.39,5.76,5.73,5.82,5.33,5.35,5.63,5.4,5.79,5.99,5.92,7.9,5.4,6.04,5.9,5.84,5.46,7.33
ASB17,4.13,4.75,4.02,4.04,4.02,3.72,4.15,3.73,4.35,4.24,4.32,4.05,4.71,4.14,3.88,4.11,4.02,3.9,3.76,4.12,3.99,4.32,4.42,3.88,3.78,3.6,3.7,4.08,4.26,4.26,5.43,4.4,3.95,4.12,3.79,4,3.78,3.8,3.67,3.65,3.95,3.98,4.01,4.07,3.74,3.97,3.87,3.88,3.99,3.92
ASB18,3.85,3.82,3.96,4.13,4.76,3.7,4.43,3.98,3.86,3.99,3.82,3.8,3.79,4.23,3.7,3.94,3.72,3.85,3.78,3.85,4.09,3.87,4,3.87,4.13,3.81,3.8,3.83,3.92,4.28,3.81,3.63,3.9,3.52,3.81,3.78,4.03,3.89,4.26,3.83,4.01,3.9,3.97,4.27,3.99,3.86,3.98,3.93,3.98,4.18
ASB2,6.77,6.68,6.94,6.85,7.24,7.11,6.55,6.74,6.77,7.05,6.8,6.45,6.46,6.26,6.6,6.68,7.27,7.36,7.43,7.24,6.92,6.72,6.74,6.71,6.8,6.77,7.02,6.8,7.27,6.54,4.87,6.8,6.38,6.66,6.6,7.25,7.25,7.21,6.46,7,6.79,6.51,6.35,5.87,7.62,7.23,7.69,6.96,7.28,6.71
ASB3 /// GPR75 /// LOC100302652,9.89,9.98,9.97,10.01,9.76,9.78,9.86,10.04,9.97,10.11,9.93,10.1,10.14,7.73,10.31,10.42,10.23,10.12,10.18,10.11,10.05,10.11,10,10.18,10.19,10.22,9.81,9.86,9.96,10.3,7.63,8.82,10.18,10.37,10.34,10.45,10.41,10.52,9.59,10,9.95,10.31,10.17,8.93,9.58,9.72,9.83,10.04,10.13,7.07
ASB4,4.62,4.02,4.25,4.11,3.87,3.77,4.03,4.43,3.93,4.24,4.2,4.14,4.43,4.58,3.97,4.11,4.06,4.26,4.43,3.97,4.1,3.94,4.07,4.17,4.1,4.12,4.15,4.06,4.58,3.88,4.08,4.81,4.17,4.03,4.22,3.89,3.71,4.31,4.07,3.97,4.32,3.96,4.26,5.03,4.65,4.71,4.35,4.57,3.93,4.35
ASB5,3.92,4.08,4.2,4.07,3.8,3.91,4.59,4.02,3.85,4.11,3.97,3.96,4.26,4,4.03,3.97,3.93,4.37,3.85,3.83,4.02,4.14,4.18,4.04,3.82,3.67,3.78,3.89,4,4.58,6.12,4.94,3.86,4.05,4.1,3.85,4.39,3.8,3.85,3.84,3.99,4.11,4.15,4.09,4.47,3.79,4.08,4.05,3.88,3.75
ASB5,4.07,3.82,3.72,3.75,3.76,3.86,3.89,3.63,3.82,3.75,3.7,3.98,3.75,3.95,3.89,3.85,3.69,3.82,3.77,3.69,4.14,4.02,3.76,3.61,3.72,3.56,3.68,3.79,3.64,4.56,4.6,4.83,4.08,3.96,4.04,3.75,3.95,3.69,4.03,3.66,3.53,3.77,3.8,4.41,3.87,3.84,3.59,3.59,3.89,4.4
ASB6,7.83,7.6,7.92,7.7,8.05,8.19,6.82,7.77,7.9,7.72,7.74,7.64,7.8,4.72,7.76,7.87,7.9,7.79,7.91,7.63,7.93,7.68,8.04,7.85,7.86,7.79,7.86,7.71,8.13,6.89,4.77,5.91,8.01,8.16,8.07,7.86,7.77,7.85,7.93,7.9,7.85,7.79,8.02,5.25,7.84,7.85,7.84,7.82,8.22,5.43
ASB6,7.38,7.6,7.82,7.43,7.79,7.98,8.5,7.91,7.05,7.53,7.72,7.54,7.56,6.84,7.42,7.56,7.43,7.48,7.61,7.57,7.61,7.5,7.67,7.64,7.63,7.42,7.61,7.41,8.05,7.16,6.95,7.74,7.51,7.36,7.36,7.47,7.83,7.68,6.62,8,7.82,7.85,8.02,6.64,7.68,7.87,7.61,7.52,8.07,7.59
ASB6,6.59,6.19,6.61,6.49,5.7,6.18,4.34,6.66,6.57,6.44,6.14,6.52,6.23,5.43,6.73,6.31,6.54,6.74,6.6,6.83,6.59,6.05,6.14,6.65,6.5,6.41,6.43,6.55,6.44,6.69,5.75,5.11,6.92,6.7,6.92,6.76,5.75,6.49,5.69,6.52,6.64,6.62,6.6,5.45,6.65,6.51,6.82,6.78,6.68,5.31
ASB7,7.64,8.1,7.66,7.8,7.6,7.59,7.08,7.64,7.83,7.62,7.88,7.75,7.66,7.23,8.01,7.75,7.93,7.94,7.68,7.73,7.77,7.81,8.15,7.57,7.6,7.94,7.61,7.54,7.58,6.77,5.99,6.52,7.6,7.38,7.47,8.01,8.08,7.64,7.43,8.02,7.98,7.86,7.93,7.29,7.64,7.66,7.62,7.87,8.1,5.94
ASB7,5.9,5.6,5.75,5.56,5.68,5.4,6.88,5.75,5.55,5.81,5.67,5.75,5.73,6.53,5.81,5.98,5.92,5.98,5.81,5.84,5.82,5.57,5.58,5.86,5.76,5.56,5.47,5.97,5.71,5.95,7.29,6.61,6.12,5.7,6.04,5.7,5.42,5.6,5.49,5.84,5.24,5.76,5.86,5.7,5.75,5.64,5.54,5.78,5.52,7.01
ASB7,6.52,6.14,6.46,6.44,6.58,6.32,6.56,6.53,6.33,6.52,6.38,6.44,6.11,6.34,6.46,6.29,6.72,6.56,6.59,6.46,6.61,6.59,6.5,6.97,6.62,6.73,6.28,6.3,6.63,5.31,5.65,7.03,7.12,7.35,7.29,6.4,6.23,6.89,5.94,6.84,6.92,6.79,6.21,5.59,7.09,6.55,6.57,6.64,6.58,7.36
ASB8,8.69,8.71,8.69,8.61,8.08,8.28,8.83,8.68,8.65,8.72,8.2,8.66,8.81,7.73,8.65,8.53,8.64,8.67,8.54,8.89,8.79,8.79,8.84,8.42,8.44,8.71,8.49,8.47,8.68,8.25,8.39,8.95,8.43,8.52,8.35,8.51,8.38,8.75,8.23,8.53,8.42,8.61,8.41,6.62,8.48,8.3,8.45,8.68,8.73,7.01
ASB8,7.32,7.26,7.25,7.44,7.23,7.27,7.35,7.13,7.4,7.31,7.47,7.5,7.34,7.03,7.4,7.26,7.42,7.38,7.55,7.36,7.49,7.6,7.65,7.54,7.57,7.43,7.03,7.27,7.09,6.29,6,5.79,7.33,7.16,7.3,7.55,7.41,7.54,7.02,7.29,7.29,7.41,7.64,5.7,7.33,7.3,7.27,7.42,7.42,5.9
ASB8,8.38,7.88,8.11,8.11,7.83,7.97,8.25,8.28,8.13,8.16,7.53,8.23,8.16,6.27,8.05,8.08,8.18,8.12,8.32,8.37,8.36,8.34,8.17,8.21,8.21,8.42,8.12,8.25,7.78,7.38,6.78,4.55,7.92,8.09,8.13,8.12,8.03,8.33,7.56,7.93,7.97,7.93,7.89,6.06,8.19,7.88,8.19,8.09,7.97,6.02
ASB9,4.31,4.61,4.41,3.98,4,4.35,3.97,3.75,4.33,4.22,4.33,4.78,4.8,4.95,4.16,4.22,4.07,4.27,3.95,3.85,4.38,4.42,4.36,3.95,3.92,4.12,4.63,4.31,4.48,5.83,6.18,4.71,4.25,4.28,4.15,3.89,3.93,3.96,4.51,4.3,4.12,3.97,4.47,4.88,4.35,3.85,4.52,4.35,4.36,5.91
ASB9,5.08,5.17,5.46,5.22,6.29,5.44,6.15,5.36,5.3,5.38,5.33,5.36,5.2,5.83,5.69,5.16,5.34,5.37,5.35,5.24,5.35,5.36,5.55,5.58,5.3,5.14,5.18,5.43,5.09,5.32,5.82,5.18,5.13,5.09,5.21,5.22,5.76,5.27,4.48,5.74,5.58,5.32,5.34,6.06,5.22,5.88,5.34,5.25,5.3,5.44
ASB9,4.32,4.75,4.79,4.22,4.24,4.58,5.31,4.67,4.49,4.48,5.2,4.49,4.67,6.34,4.4,4.33,4.49,4.47,4.46,4.71,4.49,4.57,4.42,4.38,4.7,4.48,4.79,4.68,4.89,5.38,6.3,5.24,4.49,4.7,4.59,4.91,5.02,4.68,5.03,4.53,4.51,4.53,5.04,5.4,4.87,4.43,4.53,5.01,4.71,5.39
ASCC1,9.57,9.61,9.69,9.59,9.86,9.44,9.4,9.71,9.62,9.71,9.73,9.81,9.77,8.78,9.9,9.82,9.72,9.85,9.84,9.77,9.73,9.73,9.83,9.89,9.87,9.86,9.64,9.57,9.68,9.68,9.58,8.17,9.29,9.47,9.57,10.01,9.84,9.94,9.32,9.72,9.63,9.74,9.67,9.06,9.66,9.75,9.77,9.62,9.8,8.57
ASCC1,10.03,9.75,10.04,10.01,10.15,10.03,9.62,10.15,10.07,9.99,9.94,10.04,10.04,8.27,10.22,10.17,10.05,10.13,10.17,10.04,10.1,10.15,10.09,10.29,10.24,10.27,9.93,10,10.06,10.22,8.62,9.17,9.99,10,9.98,10.23,10.26,10.29,10.1,10.05,10.07,10.13,10.04,9.58,10.07,10.12,10.06,10.06,10.05,9.02
ASCC1,9.53,9.05,9.32,9.42,8.93,8.98,9.18,9.21,9.38,9.41,9.12,9.56,9.59,7.65,9.51,9.5,9.47,9.35,9.42,9.37,9.44,9.49,9.33,9.52,9.53,9.65,9.2,9.47,9.13,9.09,5.99,8.09,9.29,9.36,9.15,9.49,9.13,9.73,8.85,9.28,9.07,9.12,8.7,7.59,9.34,9.07,9.28,9.32,9.48,7.69
ASCC1,8.71,8.38,8.51,8.59,8.37,8.32,8.64,8.38,8.64,8.63,8.05,8.74,8.82,6.27,8.68,8.74,8.73,8.64,8.61,8.54,8.79,8.82,8.61,8.75,8.76,8.84,8.56,8.56,8.38,7.04,5.28,7.28,8.48,8.49,8.42,8.78,8.38,8.87,8.1,8.38,8.54,8.51,8.32,6.57,8.58,8.5,8.6,8.56,8.68,5.03
ASCC1,8.26,7.69,7.95,8.01,7.27,7.51,7.95,7.84,8,8.12,7.61,8.13,8.27,6.95,8.17,7.97,8.15,8.01,8.04,8.18,8.27,8.18,7.72,8.26,8.24,8.23,8.01,7.77,7.77,5.98,6.09,6.54,7.93,7.95,7.79,8.14,7.81,8.24,6.21,7.88,7.72,7.88,7.8,4.97,7.79,7.53,7.92,7.99,8.08,6.6
ASCC1,9.06,9.01,9.04,9.05,8.78,8.76,8.56,8.95,9.13,9.15,8.57,9.27,9.13,6.93,9.24,9.11,9.26,9.11,9.12,9.32,9.18,9.21,8.99,9.31,9.28,9.25,9.03,8.96,8.72,7.88,5.91,7.23,8.78,8.98,8.96,9.31,8.99,9.37,8.37,9.02,8.9,8.87,8.72,6.28,8.92,8.86,8.97,9.05,9,6.61
ASCC2,8.1,8.1,8.27,8.19,8.28,8.37,8.95,8.48,8.06,8.08,7.95,7.96,8.04,5.85,8.3,8.39,8.34,8.22,8.09,7.92,8.45,8.25,8.29,8.25,8.16,8.43,8.49,7.92,8.52,8.86,5.99,7.19,8.65,8.49,8.27,8.07,8.77,8.48,8.31,8.42,8.56,8.5,8.68,6.86,8.4,8.85,8.27,8.3,8.51,7.32
ASCC3,9.15,9.21,8.88,8.99,8.69,8.84,8.49,8.82,9.15,9.04,9.03,9.15,9.26,6.36,9.22,9.13,9.13,8.95,8.87,8.99,9.21,9.22,9.18,9.24,9.19,9.43,8.87,8.88,8.84,8.69,5.44,6.51,9.12,9.27,9.02,9.21,9.43,9.2,8.05,8.87,8.95,8.49,8.66,6.19,8.93,8.72,8.94,9.18,9.21,7.31
ASCC3,5.31,5.19,5.67,5.62,5.58,5.81,5.62,5.69,5.52,5.65,5.74,5.48,5.36,6.09,6.35,6.47,6,5.81,5.48,6.01,5.98,5.25,5.45,5.99,6.19,6.55,5.63,5.85,5.8,6.52,5.91,5.6,6.55,6.48,6.53,6.3,6.22,6.58,5.73,5.81,5.55,5.67,5.22,5.48,5.82,5.56,5.65,5.88,5.45,6.74
ASCC3,7.02,7.22,7.05,7.31,7,7.16,7.14,7.1,7.13,7.4,7.45,7.4,7.34,6.61,7.73,7.65,7.72,6.86,7.11,6.94,7.23,7.65,7.74,7.7,7.62,7.59,7.18,7.14,7.45,6.76,7.85,7.87,8.01,7.94,7.94,7.82,7.73,7.67,6.83,6.88,7.05,6.85,7,6.2,7.08,7.35,7.56,7.33,7.21,7.21
ASCC3,5.69,5.47,5.55,5.47,5.08,5.28,5.6,5.17,5.7,5.72,5.55,5.91,5.78,5.2,6.03,5.65,5.95,5.68,5.74,5.73,5.82,5.72,6.01,5.97,6.12,6.02,5.62,5.7,5.34,5.06,4.77,4.98,5.96,6.39,6.46,6.49,6.12,6.26,5.5,6.01,5.57,5.14,5.09,4.37,5.65,5.68,5.62,5.89,5.8,5.29
ASCL1,6.32,5.68,6.16,5.96,5.67,5.76,6.49,6.41,6.11,6.54,5.32,5.79,5.98,5.01,5.33,5.74,5.44,5.56,5.59,5.89,6.35,5.84,5.57,5.8,5.84,6.47,6.25,5.95,5.88,4.71,6.17,4.24,5.42,5.6,5.14,5.38,5.43,5.36,4.99,5.65,5.35,5.86,5.6,4.93,6.57,6.24,6.4,5.65,5.42,4.63
ASCL1,10.69,10.76,10.66,10.64,10.4,10.6,10.58,10.43,10.83,10.58,10.71,10.59,10.68,9.59,10.31,10.19,10.19,10.27,10.3,10.26,10.74,10.72,10.87,10.54,10.63,10.61,10.52,10.65,10.48,9.14,7.36,8.65,9.72,9.68,9.73,10.16,10.16,10.11,10.27,10.26,10.4,10.44,10.53,9.8,11.23,11.17,11.1,10.72,10.64,9.27
ASCL1,9.52,9.55,9.48,9.2,9.18,9.16,9.84,9.38,9.44,9.53,9.2,9.14,9.28,8.32,8.89,8.88,8.94,9.09,9.04,8.99,9.4,9.58,9.51,9.4,9.38,9.36,9.48,9.4,9.53,7.94,7.17,6.14,8.43,8.52,8.56,8.88,9.09,8.89,8.95,9.07,9.12,9.24,9.32,7.99,10.1,9.95,9.97,9.23,9.08,8.59
ASCL2,4.86,4.81,4.73,4.76,5.35,5.06,5.7,5.07,4.86,4.89,4.92,5.03,4.86,5.91,4.82,4.95,5.03,4.88,4.67,5.08,5.26,4.99,4.91,4.48,4.8,4.85,4.98,4.89,5.27,5.73,7.09,5.46,5.27,5.04,5.18,4.93,5.29,4.55,4.5,4.84,4.75,5.02,5.01,5.11,5.05,4.8,4.69,4.74,4.83,4.91
ASCL3,4.62,4.37,4.72,4.87,4.96,4.47,5.35,4.42,4.34,4.4,4.62,4.31,4.5,6.47,4.6,4.67,4.63,4.44,4.59,4.76,4.27,4.41,4.57,4.44,4.46,4.47,4.44,4.25,4.5,4.67,8.55,6.01,4.62,4.28,4.41,4.34,4.69,4.37,4.7,4.49,4.76,4.27,4.49,5.72,4.61,4.79,4.46,4.87,4.52,6.25
ASCL4,3.68,3.73,3.79,3.77,4.13,3.97,3.71,3.86,3.66,3.79,3.74,3.91,3.84,4.4,4.08,3.63,3.81,3.56,3.83,3.82,3.76,3.94,3.77,3.83,3.93,3.84,3.99,4,3.77,3.72,5.07,4.91,4.04,4.09,4.01,3.92,4.13,3.98,3.97,4.14,4.01,3.77,3.81,3.74,3.74,3.82,3.89,3.86,3.63,4.2
ASCL4,5.1,5.53,5.31,5.38,5.23,5.09,4.94,5.18,5.21,5.45,5.85,5.05,5.49,5.82,5.15,4.99,5.38,5.27,4.99,4.91,5.13,5.42,5.74,5.21,5.37,5.03,5.13,5.32,5.53,4.63,5.49,5.84,4.9,5.18,5.34,4.95,5.37,4.98,4.8,5.24,4.98,5.01,5.2,6.88,5.36,5.32,4.96,4.97,5.12,5.59
ASF1A,8.1,8.47,8.17,8.3,7.81,7.81,7.28,7.82,8.49,8.32,8.36,8.46,8.29,7.81,8.4,8.31,8.52,8.48,8.56,8.76,8.08,8.08,8.19,8.05,8.3,8.38,8.13,8.17,8.15,7.62,7.08,7.44,8.02,7.89,7.93,8.36,8.16,8.16,8.03,8.18,8.24,8.34,8.35,6.5,8.4,8.32,8.3,8.22,8.34,7.45
ASF1A,8.61,8.66,8.43,8.52,7.49,8.17,7.65,8.23,8.66,8.68,8.39,8.67,8.74,7.25,8.57,8.23,8.58,8.86,8.79,8.82,8.41,8.38,8.2,8.23,8.4,8.47,8.4,8.53,8.49,7.79,5.43,5.76,8.43,8.39,8.3,8.44,8.31,8.78,7.85,8.46,8.5,8.28,8.09,5.09,8.74,8.47,8.57,8.65,8.71,6.65
ASF1A,9.01,9.17,8.88,8.85,8.74,8.64,8.68,8.5,9.13,8.99,8.84,9.12,9.31,8.49,8.84,8.87,9.06,9.21,9.23,9.27,9,8.61,8.87,8.61,8.64,8.96,8.83,8.7,9.03,8,8.24,7.9,8.8,8.83,8.84,8.85,8.93,8.95,8.45,9.06,9.04,8.41,8.68,8.25,9.18,8.85,8.76,9.01,9.15,7.89
ASF1B,10.34,10.18,10.46,10.44,10.4,10.36,10.04,10.34,10.3,10.29,10.14,10.03,9.91,8.11,10.31,10.24,10.12,10.12,10.18,10.11,9.51,9.63,9.54,9.74,9.76,9.66,10.31,10.36,10.35,9.6,9.34,7.77,10.86,10.9,10.93,10.45,10.25,10.49,10.18,10.16,10.11,10.14,9.89,8.05,9.76,9.82,9.97,10.06,10.08,7.29
ASF1B,9.4,9.31,9.32,9.33,9.03,9.24,9.03,9.25,9.31,9.41,9.06,8.94,8.98,7.28,9.11,9.06,9.09,9.13,9.12,9.15,8.61,8.38,8.39,8.39,8.56,8.62,9.37,9.38,9.14,8.83,6.72,7.18,9.81,9.88,9.76,9.2,9.14,9.31,8.63,8.9,8.84,8.95,8.95,5.97,8.74,8.7,8.66,8.94,9.13,7.22
ASF1B,9.05,8.74,8.9,9.11,8.44,8.76,8.75,9.12,9,9.04,8.33,8.6,8.41,7,8.79,8.71,8.86,8.82,8.81,9,8.34,7.84,7.6,8.17,8.35,8.51,8.95,8.86,8.53,6.39,6.23,6.7,9.5,9.59,9.49,8.94,8.98,9.11,7.49,8.77,8.48,8.52,8.28,6.02,8.66,8.17,8.36,8.54,8.4,7.93
ASFMR1,3.58,3.59,3.53,3.85,3.66,3.42,3.7,3.53,3.47,3.7,3.74,3.64,3.53,4.09,3.38,3.48,4.12,3.53,3.52,3.42,3.51,3.65,3.61,3.35,3.48,3.59,3.47,3.72,3.46,4.11,5.61,3.58,3.52,3.7,3.76,3.57,3.71,3.58,3.36,3.5,3.6,3.63,3.45,3.91,3.45,4.08,3.54,3.49,3.57,3.65
ASGR1,5.02,4.73,5.35,5,6.04,5.41,4.17,5.21,5.05,5.29,5.04,4.97,4.93,5.44,5.13,5.2,5.18,5.32,5.4,4.86,5.69,5.17,5.2,5.52,5.37,5.55,5.71,5.15,5.16,4.46,5.13,5.52,4.9,5.11,5.3,5.52,5.85,5.41,5.59,5.22,5.42,5.98,5.6,6.08,5.88,5.8,5.54,5.19,5.53,5.62
ASGR1,4.52,4.38,4.6,4.54,4.74,5.25,4.36,5.03,4.46,4.36,4.59,4.11,4.38,4.71,4.47,5.29,4.27,4.68,4.54,4.56,4.75,4.5,4.5,4.51,4.69,4.3,4.29,4.59,4.5,4.88,4.62,4.21,4.48,4.35,4.42,4.71,4.79,4.69,4.6,4.5,4.71,4.4,4.88,5.29,5.06,4.44,4.97,4.54,4.39,4.74
ASGR2,3.63,3.7,3.61,3.77,3.87,3.57,3.61,3.74,3.75,3.63,3.91,3.84,3.72,4.2,3.75,3.83,3.67,3.71,3.55,3.67,3.74,3.71,3.65,3.54,3.92,3.59,3.58,3.62,3.88,5.57,5.03,4.88,3.62,3.98,3.86,3.67,3.67,3.46,3.91,3.85,3.75,3.84,3.95,4.35,3.39,3.86,3.91,3.47,3.77,4.4
ASGR2,4.17,3.96,4.31,4.23,4.3,4.22,4.63,4.63,3.87,4.28,4.07,4.22,4.12,5.22,4.19,4.39,4.08,4.13,4.03,4.4,3.96,4.24,3.87,4.23,4.45,4.2,4.13,4.12,4.59,4.24,5.56,4.15,3.94,4.19,4.3,4.03,3.85,3.99,4.63,4.17,4.4,4.38,4.66,5.39,4.57,4.42,4.07,4.41,4.02,4.86
ASH1L,10.53,10.65,10.39,10.21,10.03,10.49,10.56,10.34,10.4,10.59,10.69,10.2,10.11,9.96,10.68,10.76,10.67,10.27,10.37,10.47,10.71,10.74,10.72,10.72,10.72,10.54,10.53,10.43,10.63,9.31,7.05,9.49,10.41,10.19,10.47,10.58,10.31,10.01,10.42,10.32,10.3,10.81,10.77,9.47,10.14,10.27,10.37,10.08,9.9,8.98
ASH1L,8.84,9.01,8.74,8.65,8.83,8.7,8.97,8.83,8.61,8.87,9.06,8.79,8.7,8.49,8.77,8.93,8.8,8.58,8.55,8.72,8.91,9.03,9.01,8.88,8.93,8.82,8.79,8.77,9.03,8.93,8.56,8.91,8.49,8.66,8.44,8.75,8.86,8.61,8.53,8.85,8.83,9.1,9.19,8.01,8.35,8.64,8.76,8.63,8.99,8.83
ASH1L,6.82,6.04,6.85,6.8,6.65,6.33,7.06,7.13,6.51,6.85,6.27,6.59,6.51,6.05,6.63,7.05,6.86,6.62,6.6,6.84,6.91,6.98,6.29,6.78,7.06,6.9,6.91,6.81,6.05,4.92,6.89,5.41,6.5,6.76,6.38,6.84,6.52,6.65,5.5,6.52,6,6.6,6.68,5.1,6.96,7,6.75,6.61,6.39,7.33
ASH1L,6.06,5.29,5.68,5.48,5.64,5.92,4.89,6.16,5.92,5.77,5.52,5.46,5.33,5.72,5.84,5.83,5.87,5.54,5.59,6.01,5.65,6.01,5.95,6.22,6.22,5.96,5.66,5.68,5.54,5.04,6.93,5.56,5.43,5.42,5.46,6.26,5.43,5.81,5.13,5.82,5.82,5.65,5.82,4.94,5.76,5.8,5.37,5.52,5.5,5.61
ASH2L,8.35,8.16,8.35,8.41,8.24,8.12,7.75,8.52,8.3,8.44,7.87,8.37,8.2,5.63,8.38,8.45,8.4,8.24,8.22,8.36,8.45,8.24,7.92,8.24,8.41,8.23,8.38,8.35,7.95,6,5.12,5.99,8.3,8.25,8.47,8.41,8.2,8.42,7.88,8.41,8.35,8.27,8.06,6.74,8.15,7.88,8.23,8.42,8.33,7.6
ASH2L,9.91,9.81,9.89,9.92,9.77,9.77,9.36,9.94,9.86,9.89,9.8,9.92,9.81,8.29,9.89,9.8,9.91,9.85,9.83,9.9,9.71,9.8,9.7,9.66,9.75,9.7,9.86,9.97,9.86,9.74,6.74,7.7,9.71,9.8,9.89,9.91,9.72,9.81,9.72,9.94,9.78,9.77,9.78,8.29,9.9,9.66,9.75,9.9,9.79,7.27
ASIP,4.36,4.25,4.35,4.26,4.19,4.23,4.25,4.35,4.28,4.33,4.57,4.17,4.32,5.12,4.33,4.31,4.27,3.82,4.2,4.23,4.35,4.49,4.31,4.19,4.2,4.32,3.99,4.15,4,4.25,4.54,4.98,4.11,4.31,4.22,4.59,4.31,4.21,3.92,4.23,4.33,4.2,4.92,5.45,4.25,4.29,4.24,4.28,4.47,5.77
ASL,10.63,10.63,10.71,10.62,10.75,10.69,10.53,10.89,10.56,10.55,10.44,10.66,10.54,8.93,10.54,10.54,10.65,10.52,10.62,10.53,10.85,10.83,11,11.12,11.11,11.04,10.65,10.64,10.72,10.49,9.39,9.64,11.24,11.25,11.24,10.65,10.52,10.68,10.68,10.67,10.72,10.39,10.41,9.62,10.69,10.71,10.71,10.62,10.55,8.74
ASL,9.19,9.17,9.36,9.25,9.81,9.52,9.44,9.48,9.18,9.17,9.32,9.14,9.09,8.25,9.23,9.2,9.28,9.24,9.2,9.29,9.51,9.47,9.68,9.75,9.71,9.71,9.37,9.2,9.41,9.08,7.41,7.8,9.73,9.73,9.75,9.36,9.19,9.29,9.39,9.62,9.37,9.28,9.4,7.24,9.49,9.56,9.39,9.29,9.19,7.85
ASL,9.55,9.58,9.66,9.55,9.9,9.74,9.31,9.69,9.7,9.55,9.61,9.49,9.55,8.25,9.53,9.54,9.56,9.43,9.5,9.59,9.93,9.86,10,10.08,10.1,9.99,9.71,9.74,9.73,9.52,7.37,8.84,10.14,10.04,10.15,9.66,9.75,9.68,9.78,9.77,9.65,9.62,9.75,7.87,9.67,9.83,9.78,9.62,9.57,7.66
ASL,9.04,8.63,8.67,8.78,8.75,8.64,8.48,8.81,8.85,8.77,8.18,8.71,8.71,4.69,8.64,8.65,8.72,8.65,8.78,8.74,9.2,8.99,8.71,9.24,9.08,9.3,8.86,8.89,8.41,6.48,6.11,4.03,9.76,9.56,9.44,8.7,8.6,8.68,9.05,8.9,8.87,8.36,8.42,5.77,8.85,8.91,8.76,8.83,8.46,5.19
ASL,5.59,5.43,5.45,5.43,5,5.99,4.68,5.29,5.61,5.57,5.61,5.65,5.91,4.53,5.53,5.8,5.57,5.67,5.37,5.26,5.66,6.21,5.59,5.55,5.96,5.59,5.22,5.58,5.37,4.72,4.57,3.98,5.99,5.44,5.83,5.46,5.68,5.43,5.89,5.4,5.75,6.21,5.91,4.95,5.98,5.38,5.41,5.27,5.23,5.64
ASL /// CRCP,6.71,6,6.66,6.56,6.5,6.92,5.95,6.51,6.67,6.71,6.46,6.3,6.48,5.97,6.66,6.16,6.77,6.94,6.79,6.85,6.62,6.49,6.17,7.01,6.94,6.84,7.02,6.86,6.29,6.03,5.56,6.13,6.85,6.57,6.91,6.76,6.77,6.62,6.12,6.74,6.63,6.53,6.03,5.96,6.26,6.69,6.89,6.68,6.11,6.07
ASL /// CRCP,5.35,5.06,5.69,5.37,4.89,5.33,4.87,5.3,5.39,5.57,5.25,5.31,5.17,5.26,5.55,5.65,5.6,5.7,5.52,5.79,6,5.13,5.15,5.54,5.68,5.43,5.47,5.38,5.21,5.23,4.08,4.52,5.63,5.41,5.37,5.32,5.69,5.61,5.19,5.53,5.12,5.59,4.95,5.36,5.95,5.47,5.82,5.35,5.13,5.2
ASL /// CRCP,7.75,7.76,7.68,7.83,8.12,7.9,7.66,7.51,8.24,7.98,8.03,7.71,7.75,6.78,7.92,7.68,7.94,8,7.84,7.88,7.52,7.69,7.82,7.54,7.97,7.67,7.86,7.93,7.56,8.73,5.79,6.67,7.78,7.87,7.93,7.86,7.87,7.74,7.49,7.85,8.05,7.67,7.86,7.48,7.84,7.58,7.81,7.9,8.03,6.75
ASL /// CRCP,6.9,6.36,6.96,6.89,6.62,6.7,6.07,6.85,7.04,6.84,6.17,6.7,6.39,5.53,7.09,6.84,7.02,7.41,7.14,7.11,6.83,6.53,6.29,7.29,7.09,7.07,7.04,7.12,6.05,5.61,6.46,6.84,7.37,7.1,7.22,6.97,6.66,6.96,7.31,6.74,6.92,6.39,6.28,5.34,7.26,6.61,7,6.8,6.33,5.64
ASL /// CRCP,6.11,5.6,6.28,6.15,6.17,6.35,6.61,6.9,6.44,6.37,5.79,6.06,5.8,6.01,6.29,6.24,6.09,6.55,6.5,6.41,5.95,5.99,5.68,6.86,6.2,6.54,6.47,6.34,5.97,5.43,6.39,5.58,6.52,6.18,6.33,6.63,5.68,6.27,6.07,6.38,6.62,6.03,5.72,4.89,6.44,5.76,6.23,6.5,5.66,6.51
ASL /// CRCP,6.53,5.71,6.3,6.38,6.32,5.78,5.69,6.38,6.36,6.56,5.55,6.06,5.87,5.06,6.54,6.62,6.51,6.79,6.86,6.79,5.97,6.02,5.61,6.46,6.56,6.45,6.48,6.48,5.84,5.71,6.61,5.46,6.55,6.48,6.58,6.51,6.12,6.31,6.8,6.52,6.01,6.12,6.02,6.09,6.37,5.99,6.15,6.14,5.76,6.21
ASMT,5,4.99,5.03,5.02,5.16,4.91,5.5,4.99,4.78,5.09,5.58,4.96,4.81,5.31,4.93,4.84,5.03,5.04,5.03,4.95,5.35,5.02,5.46,5.06,4.88,5,5.06,5.05,5.51,4.85,5.16,5.89,5,4.79,5,4.77,5.13,5.03,5.09,5.05,4.82,5.33,5.3,5.54,5.12,5.42,4.72,5.03,5.58,4.74
ASMTL,9.11,8.93,9.08,8.92,8.92,9.17,9.21,8.86,8.78,8.94,8.97,8.74,8.81,9.1,8.79,8.7,8.78,8.96,8.96,8.78,8.89,8.78,9.04,8.9,8.7,8.9,9.09,8.87,9.11,8.79,7.03,8.43,9.04,9.04,8.93,8.84,9.15,8.8,8.87,9.14,9.05,9.25,9.47,8.21,9.32,9.07,9.31,9.06,9.19,7.59
ASNA1,9.98,10,10.03,9.97,9.93,10.02,9.79,10.06,9.91,9.92,9.78,10.07,9.87,6.81,9.96,9.94,9.92,10.16,10.09,10.07,10.16,10.02,9.94,9.97,10,9.95,10.05,10,9.91,9.05,5.13,6.24,9.73,9.71,9.73,9.88,9.72,9.98,9.85,10.11,9.97,9.89,9.92,6.14,9.75,9.61,9.87,9.98,9.94,6.64
ASNA1,10,9.88,10.05,9.96,10.03,9.74,9.84,9.98,9.88,9.89,9.66,10.04,10.01,6.38,9.78,9.91,9.88,10.08,10.11,9.96,10.19,9.89,9.9,9.94,10.01,9.99,9.92,9.94,9.78,9.16,6.4,7.12,9.74,9.74,9.59,9.88,9.8,9.8,9.39,9.92,9.95,9.83,9.83,6.86,9.67,9.66,9.66,9.94,9.86,7.07
ASNS,9.95,9.99,9.96,9.96,9.82,9.88,9.67,9.48,10.19,10.04,9.82,10,10.04,8.86,10.1,10.12,10.25,9.7,9.78,9.77,9.69,9.7,9.52,9.78,9.79,10.02,10.07,9.92,10.01,9.97,6.35,7.42,9.92,9.92,9.87,10.23,10.25,10.22,9.94,9.89,10,9.26,9.35,8.05,9.88,9.69,9.74,9.94,10.04,8.17
ASNS,10.93,10.87,10.95,10.95,10.77,10.87,10.71,10.88,11,10.96,10.88,10.97,10.94,9.75,11.2,11.19,11.23,10.73,10.9,10.78,10.66,10.71,10.62,10.88,10.84,10.92,10.96,11.05,10.85,10.82,8.73,9.02,10.95,11.01,10.97,11.27,11.2,11.24,10.96,11.09,11.04,10.4,10.35,8.76,10.82,10.73,10.8,10.95,11,9.15
ASNS,11.28,11.18,11.25,11.25,11.17,11.18,10.95,11.27,11.22,11.26,11.24,11.23,11.32,9.52,11.49,11.48,11.45,11.03,11.08,11.12,10.97,10.95,10.91,11.07,11.11,11.23,11.26,11.23,11.16,10.97,7.05,10.21,11.27,11.24,11.17,11.57,11.49,11.53,11.31,11.39,11.33,10.76,10.68,9.4,11.16,11.07,11.16,11.2,11.3,9.42
ASNS,10.44,10.22,10.38,10.5,10.23,10.18,9.79,10.47,10.54,10.58,10.27,10.52,10.3,9.42,10.79,10.69,10.69,10.25,10.29,10.43,10.03,10.2,9.86,10.48,10.35,10.39,10.35,10.68,10.01,9.08,6.69,9.02,10.34,10.43,10.42,10.83,10.46,10.84,9.88,10.55,10.37,9.8,9.51,8.7,10.16,9.97,10.37,10.39,10.36,9.44
ASNSD1,7.7,7.56,7.55,7.62,7.27,7.01,6.93,7.4,7.85,7.75,7.61,7.74,7.54,7.35,7.71,7.67,7.78,7.32,7.69,7.7,7.42,7.19,7.24,7.48,7.62,7.51,7.78,7.63,7.48,5.83,7.41,6.76,8.03,7.93,7.91,7.61,7.33,7.82,6.95,7.75,7.5,7.07,6.85,6.96,7.54,7.19,7.73,7.66,7.54,7.17
ASNSD1,10.51,10.53,10.52,10.52,10.5,10.52,10.14,10.34,10.62,10.61,10.67,10.45,10.49,9.5,10.46,10.35,10.51,10.46,10.55,10.39,10.21,10.23,10.35,10.33,10.36,10.28,10.69,10.56,10.53,10.44,7.66,9.47,10.78,10.73,10.68,10.51,10.42,10.4,10.03,10.47,10.5,10.32,10.26,9.88,10.43,10.34,10.4,10.55,10.56,8.98
ASPA,4.31,4.77,3.94,4.08,4.18,4.03,4.87,3.77,4.15,4.32,4.8,4.13,4.41,6.12,4.08,3.93,3.92,3.83,4.02,3.92,4.36,4.45,4.5,4.22,3.92,3.96,4.15,4.05,3.94,3.94,4.14,4.76,3.99,4.09,3.84,3.8,4.66,3.72,4.07,4.02,3.83,4.05,4.37,5.1,3.77,3.96,3.92,4.03,4.23,5.5
ASPDH,5.3,5.22,5.29,5.21,5.34,5.3,4.88,5.21,5.34,5.15,5.3,5.27,5.18,6.1,5.23,4.82,5.34,4.82,5.04,5.31,5.37,5.25,5.11,5.3,5.4,4.76,5.21,5.38,5.36,5.04,6.27,6.99,5.27,5.02,4.9,5.26,4.83,5.05,4.74,5.22,5.33,5.45,5.52,5.31,5.24,5.23,5.01,5.26,5.07,6.76
ASPG,5.26,5.08,5.13,5.28,5.69,5.5,4.91,5.22,5.22,4.98,5.12,4.82,4.92,6.12,5.12,5.38,5.11,5.35,5.34,5.47,4.92,5.39,5.18,5.37,5.41,4.93,5.18,5.47,5.06,5.32,6.37,4.36,5.59,5.28,5.49,4.97,5.54,5.26,5.22,5.04,5.74,5.47,5.36,5.67,5.03,5.16,5.44,5.48,5.15,5.29
ASPG,4.47,4.61,4.37,4.4,4.29,4.2,4.31,5.27,4.52,4.46,4.53,4.55,4.6,4.81,4.38,4.04,4.36,4.43,4.66,4.67,4.64,4.67,4.6,4.56,4.44,4.49,4.38,4.72,4.49,4.55,5.9,3.97,4.35,4.44,4.18,4.38,4.07,4.96,4.24,4.59,4.63,4.32,4.58,4.47,4.29,4.35,4.75,4.69,4.54,5.48
ASPH,5.66,5.56,5.69,5.65,4.71,5.27,5.99,5.85,5.83,5.78,5.32,5.94,5.75,5.04,5.32,5.68,5.37,5.51,5.56,5.95,5.47,5.57,4.97,5.19,5.35,5.3,5.58,5.65,5.48,5.6,5.99,5.27,5.94,5.74,5.5,5.62,5.45,5.81,6.26,5.16,5.37,5,4.83,5.35,5.55,5.22,5.52,5.28,5.51,5.02
ASPH,7.85,8.09,7.72,7.91,7.8,7.69,7.56,7.66,7.94,8,8.34,7.92,7.8,8.44,7.67,7.5,7.76,7.69,7.89,7.84,7.37,7.39,7.77,7.34,7.41,7.42,7.81,7.73,7.81,7.26,8.09,8.13,7.47,7.93,7.68,7.59,7.6,7.59,7.96,7.84,7.81,7.62,7.64,7.97,7.45,7.42,7.45,7.89,7.97,7.85
ASPH,8.12,8.61,7.74,8.14,7.49,8.15,7.78,7.61,8.18,8.19,8.36,8.32,8.07,8.22,7.67,6.94,7.66,8.13,8.1,8.11,7.35,7.54,7.79,7.45,7.3,7.41,7.95,7.95,8.27,6.85,6.5,7.9,7.12,7.31,7.23,7.62,7.1,7.5,7.52,8,7.99,7.52,7.59,6.85,7.19,7.1,7.23,7.94,7.93,7.03
ASPH,5.37,5.51,5.14,5.38,4.99,5.03,4.51,4.79,5.31,5.13,5.03,5.09,5.46,5.91,4.74,4.94,4.89,5.16,5.27,5.48,4.64,4.81,5.17,4.57,4.99,4.59,4.75,5.4,5.19,4.93,5.64,5.16,4.88,4.6,4.66,5.1,4.27,4.77,5.77,5.26,5.32,4.59,4.83,5.53,4.42,4.36,4.39,4.78,4.96,5.08
ASPH,3.99,3.81,4.13,3.54,4.08,4.17,4.25,3.81,3.82,3.71,3.77,3.62,3.67,3.88,3.71,3.93,3.55,3.51,3.78,3.73,4.22,3.78,3.99,3.85,4.33,3.95,3.79,3.71,4,3.99,5.39,3.86,3.62,3.77,3.73,3.87,3.87,3.81,3.91,4.21,3.87,3.54,4.02,4.7,3.82,3.84,3.76,3.96,3.78,4.42
ASPH,4.96,4.94,4.49,4.84,5.11,4.96,6.09,4.94,4.66,5.03,4.54,4.72,4.59,4.87,4.66,4.72,4.77,4.75,4.59,5.13,5,4.94,4.42,4.91,4.9,4.31,4.9,4.83,4.91,4.8,4.3,5.11,4.86,4.77,4.78,4.84,4.82,5.12,4.72,5.04,4.99,4.88,4.65,6.38,4.94,4.94,4.9,4.84,4.58,5.31
ASPH,5.63,5.3,5.65,4.96,5.33,5.18,5.04,5.4,5.26,5.26,5.04,5.3,5.28,4.78,5.29,4.89,4.91,5.36,5.7,5.35,5.06,5.19,4.84,4.99,4.89,5.34,5.5,5.65,5.08,5.19,5.86,6.65,5.4,5.09,5.33,5.25,4.88,5.31,5.75,5.36,5.3,5.15,5.42,6.57,5.05,5.78,5.55,5.52,5.52,4.43
ASPH,3.76,3.84,4.12,3.88,4.2,3.79,3.82,3.95,3.91,3.9,3.99,3.92,3.76,4.67,4.01,3.89,3.88,4.43,4.28,4.25,4.01,4.17,4.35,3.93,4.06,4.09,3.89,4.01,3.84,5.87,3.91,5.08,3.56,3.61,3.9,4.36,3.9,4.36,5.25,4.17,4.2,4.23,3.78,5.42,4.51,4.15,4.49,4.09,4.31,5.45
ASPH,3.71,3.75,3.65,3.67,3.73,3.9,3.69,3.88,3.53,3.83,3.66,3.71,3.57,3.98,3.86,3.6,3.78,3.67,3.65,3.74,3.89,3.71,3.52,3.74,3.76,3.77,3.53,3.63,3.73,3.65,5.03,4.11,3.69,3.81,3.55,3.57,4.29,3.91,3.85,3.7,3.56,3.74,4.4,3.73,3.86,4.01,3.71,3.59,3.75,4.42
ASPHD1,5.28,5.5,5.7,5.67,6.1,6.16,6.21,6.01,5.58,5.59,5.07,5.61,5.65,5.06,6.52,6.64,6.74,5.76,5.57,5.64,6.63,6.49,6.7,6.87,6.74,6.53,5.7,5.73,6.15,4.81,5.05,5.73,6.53,6.3,6.55,6.77,6.39,6.82,5.21,6,5.82,5.68,5.42,4.55,5.4,6.15,5.65,5.75,5.96,5.97
ASPHD2,4.78,4.56,4.56,5.16,4.89,5.34,4.6,5.03,4.79,4.65,4.98,4.79,4.74,4.96,4.43,4.66,4.53,5.52,4.99,4.99,4.36,4.61,4.4,4.46,4.69,4.42,4.52,4.93,4.81,4.91,5.85,5.01,4.41,4.59,4.6,4.57,4.66,4.65,4.04,4.94,5.99,5.15,5.06,6.06,4.67,4.25,5.33,4.98,4.64,4.64
ASPHD2,6.39,6.25,6.4,6.58,6.4,6.43,5.51,6.66,6.54,6.47,6.46,6.3,6.38,7.52,6.06,5.89,6.09,6.87,6.4,6.93,5.57,5.83,5.82,6.05,5.97,5.61,6.77,6.7,6.26,5.26,4.44,6.52,5.44,5.66,6,6.29,5.68,6.41,6.6,6.59,6.12,6.73,6.28,6.46,5.81,6.12,6.48,6.54,6.49,6.74
ASPM,9.25,9.46,9.08,9.25,8.97,9.13,9.03,8.95,9.17,9.1,9.41,8.88,9.1,8.23,8.59,8.58,8.54,9.1,9.16,9.29,7.58,7.54,7.78,7.65,7.64,7.71,9.2,9.03,9.28,8.7,6.4,7.81,9.1,9.2,9.13,8.45,8.67,8.37,8.95,9.25,9.33,8.76,8.73,8.63,8.25,8.07,8.13,9.22,9.39,7.58
ASPM,9.61,9.61,9.32,9.58,9.24,9.02,9.15,9.5,9.63,9.71,9.52,9.37,9.28,8.6,9.11,9.08,8.84,9.44,9.61,9.65,7.68,8.15,7.74,7.92,8.01,7.96,9.42,9.57,9.27,8.42,7.91,7.73,9.24,9.46,9.56,9.12,8.61,8.86,9.1,9.55,9.59,8.88,8.91,7.78,8.25,8.14,8.54,9.64,9.56,8.13
ASPN,4.05,4.43,4.32,4.31,4.46,4.25,4.14,4.19,4.18,4.37,4.09,4.14,4.52,5.03,4.5,4.38,3.94,4.57,4.41,4.22,4.17,4.12,4.42,4.2,4.12,4.26,4.27,4.47,4.87,5.86,5.81,5.74,4.4,4.35,4.55,4.28,4.45,4.17,4.64,4.12,4.34,4.33,4.67,4.37,4.56,4.59,3.95,3.99,4.05,5
ASPN,3.97,3.96,4.24,3.9,4.22,3.94,4.88,4.13,4.05,4.04,4,4.05,4.13,5.51,4.1,3.89,3.92,4.01,3.94,4.11,4.16,4.2,4.06,4.01,4.21,3.85,4.14,4.37,4.39,4.33,6.54,4.63,4.35,3.96,4.09,4.13,4.12,4.11,4.56,3.98,3.91,4.44,4.61,5.04,4.15,4.09,3.8,4.15,4.08,5.31
ASPN,3.78,3.76,3.71,3.77,3.77,3.77,4.09,3.94,3.64,3.78,3.92,3.66,3.83,4,3.82,4.08,3.55,3.92,3.95,3.58,3.83,3.76,3.82,3.49,3.38,3.55,3.68,3.84,4.17,6.75,4.18,3.83,3.66,3.67,3.94,3.53,4.01,3.62,5.55,3.71,3.59,3.74,3.75,4.52,3.73,3.94,3.9,3.56,3.76,4
ASPN,4.09,4.54,3.99,3.75,4.01,4.62,4.81,4.1,4.02,4.14,4.11,4.06,4.02,4.54,4.19,4.17,4.3,4.06,3.77,3.88,4.32,4.17,4.22,3.89,3.74,4.13,4.25,3.92,4.2,4.66,7.01,4.51,4.18,4.27,3.74,3.98,3.83,3.55,4.75,4.25,3.77,4.23,4.5,5.78,3.95,3.96,3.76,3.8,4.31,4.99
ASPRV1,5.45,5.31,5.55,5.73,5.89,6.09,5.11,5.64,5.43,5.57,5.63,5.32,5.24,5.9,5.62,5.73,5.26,5.24,5.79,5.62,5.29,5.51,5.34,5.45,5.54,5.25,5.54,5.66,5.41,5.85,6.24,5.42,5.08,5.18,5.24,5.63,5.42,5.52,5.23,6,5.54,5.84,5.69,5.65,5.44,5.64,5.99,5.85,5.56,6.22
ASPSCR1,7.26,7.09,7.42,7.3,7.68,7.33,6.96,7.57,7.12,7.26,7.15,6.95,7.02,5.35,7.11,7.08,7.17,7.56,7.59,7.46,7.12,7.01,7.08,7.26,7.29,7.31,7.26,7.37,7.45,6.81,5.58,6.29,6.69,6.97,7.13,7.42,7.58,7.23,8.1,7.67,7.6,7.67,7.5,5.52,7.4,7.51,7.19,7.48,7.32,5.93
ASPSCR1,6.92,6.71,7.33,7.13,7.27,7.22,6,7.37,6.88,6.9,6.99,6.8,6.8,5.39,7.06,6.77,6.99,7.42,7.36,7.23,7.08,6.74,6.91,7.19,7.13,7.1,7.21,7.09,7.22,4.97,5.09,6,6.52,6.63,6.7,7.29,7.02,7.14,7.24,7.36,7.43,7.19,7.43,6.34,7.26,7.19,7.16,7.03,7.19,6.71
ASRGL1,7.23,7.19,7.35,7.26,6.95,7.07,7.55,7.31,7.3,7.45,7.14,6.78,6.67,6.97,6.67,6.81,6.87,7.25,7.17,7.11,6.84,6.52,6.29,6.75,6.65,6.71,7.18,7.41,7.15,7.12,7.46,7.22,7.1,6.96,6.99,6.82,6.96,6.84,6.57,7.28,7.2,7.56,7.43,6.51,7.29,7.37,7.32,7.12,7.04,6.02
ASRGL1,8.57,8.64,8.65,8.68,8.93,8.75,8.56,8.66,8.55,8.51,8.85,8.36,8.09,8.63,8.43,8.07,8.35,8.62,8.69,8.69,7.89,7.84,7.9,7.97,7.96,7.98,8.66,8.62,8.51,7.88,8.09,8.56,8.38,8.42,8.52,8.3,8.13,8.25,8,8.87,8.72,8.55,8.5,8.66,8.66,8.57,8.76,8.55,8.6,9.05
ASRGL1,4.49,4.69,4.14,4.56,4.42,4.13,4.17,4.2,4.76,4.68,4.38,4.78,4.6,4.39,4.46,4.18,4.25,4.28,4.58,4.53,4.56,4.59,4.65,4.13,3.96,4,4.19,4.68,4.42,3.68,6.42,4.74,4.28,4.46,4.69,4.52,4.3,4.11,4.97,4.2,3.91,4.33,4.29,4.93,4.2,4.33,4.52,4.45,4.33,4.48
ASS1,4.9,4.87,4.99,5,4.56,4.93,5.02,4.8,4.97,4.69,4.95,5.07,4.93,5.72,5.26,5.13,4.84,4.95,5.19,4.66,4.83,5.09,4.99,4.94,5.33,4.95,4.79,4.75,5.13,5.46,5.71,6.33,5.1,5.1,4.98,4.93,5.14,4.99,4.95,4.86,5.24,5.05,5.12,5.85,4.67,5.8,5.35,4.7,4.8,6.05
ASS1,4.07,4.33,4.67,4.76,4.51,5.16,4.47,4.67,4.47,4.63,4.26,4.31,3.93,4.26,4.84,4.7,4.92,4.86,4.54,4.32,4.15,4.58,4.48,4.52,4.63,4.25,4.52,4.61,4.58,5.5,5.51,4.55,4.01,4.27,4.59,4.89,5.01,4.72,5.04,4.35,5.04,4.87,4.91,4.07,4.71,5.56,5.07,4.65,4.5,4.87
ASTE1,7.46,7.41,7.2,7.26,6.9,7.72,7.23,7.47,7.41,7.63,7.6,7.05,7.18,5.47,7.49,7.32,7.59,7.48,7.5,7.65,7.31,7.2,7.57,7.5,7.41,7.51,7.6,7.38,7.28,7.35,6.94,7.12,7.69,7.46,7.56,7.72,7.43,7.3,7.12,7.32,7.41,7.05,7.91,5.51,7.48,7.42,7.36,7.35,6.95,6.84
ASTL,4.72,4.54,4.53,4.66,4.66,5.03,5.67,5.07,4.58,4.72,4.59,4.67,4.57,5.27,4.81,4.92,4.77,5.15,4.69,4.67,4.58,4.9,4.97,4.88,5.27,5.14,4.71,4.85,4.75,5.58,6.08,5.19,5.17,4.83,4.78,4.8,5.1,4.81,5.89,4.75,4.94,4.8,5.2,4.97,5.38,5.22,5.16,5,4.72,5.67
ASTN1,4.15,4.4,3.99,4.08,4.07,4.14,4.41,4.11,4.05,4.07,4.13,4.37,3.97,4.43,4.01,4.15,4.15,3.97,3.9,4.09,4.29,4.22,4.12,4.08,4.11,4.2,4.05,4.27,4.29,5.33,4.5,4.85,4.12,4.05,4.61,3.98,4.16,4.53,4.11,3.9,4.26,4.39,4.08,5.41,4.2,4.36,4.28,4.03,4.06,3.93
ASTN1,5.18,5.21,5.3,5.19,5.44,5.14,5.72,5.14,5.21,5.33,5.27,5.4,5.36,5.77,5.21,5.08,4.78,5.2,5.36,5.26,5.43,5.3,5.28,5.02,5.47,5.31,5.37,5.32,5.2,5.37,6.71,5.79,5.37,5.24,5.18,4.97,5.25,5.06,5.44,4.96,5.27,5.26,5.53,5.38,5.57,5.21,5.25,5.27,5.02,5.24
ASTN2,7.49,7.03,7.31,7.39,6.83,6.89,6.77,6.95,7.28,7.43,7.01,7.46,7.43,5.89,7.62,7.73,7.69,7.31,7.13,7.06,7.92,7.96,7.86,8.03,7.95,8.11,7.29,7.16,7.19,5.47,5.21,5.82,7.93,7.9,8,7.84,7.93,8.04,5.93,7.19,7.25,7.41,7.18,5.21,7.23,7.13,7.41,7.47,7.34,5.04
ASTN2,8.46,8.08,8.53,8.44,9.02,8.9,8.47,8.66,8.35,8.29,8.57,8.59,8.62,8.11,8.95,8.87,8.88,8.55,8.47,8.57,9.24,9.13,9.1,9.2,9.36,9.14,8.46,8.34,8.7,8.2,7.62,8.6,9.08,9.19,9.29,9.45,9.43,9.2,8.53,8.61,8.65,8.63,8.62,9.39,8.81,8.83,8.53,8.59,8.64,6.9
ASTN2,7.77,7.21,7.72,7.7,7.15,7.41,7.01,7.77,7.68,7.82,7.07,7.81,7.67,6.9,8.24,8.34,8.22,7.78,7.72,7.94,8.44,8.35,8.33,8.42,8.64,8.6,7.77,7.76,7.38,5.08,6.31,5.18,8.49,8.59,8.46,8.66,8.4,8.66,6.67,7.72,7.48,7.4,7.49,4.73,7.87,7.62,7.96,7.99,7.69,6.81
ASXL1,9.1,9.08,9.19,9.29,9.31,9.35,8.85,9.35,9.06,9.12,9.29,9.03,9.08,7.52,8.98,8.82,8.93,9.2,9.15,9.08,9.08,9.12,9.18,8.77,8.95,8.83,9.25,9.21,9.28,9.47,7.13,8.2,8.77,8.98,8.94,9.07,9.2,9.05,8.91,8.99,9.1,9.78,9.86,9,9.27,9.47,9.21,9.23,9.33,7.11
ASXL1,10.07,10.01,10.02,10.08,10.1,10.05,9.74,10.19,9.91,10.07,10,9.98,9.78,9.6,9.59,9.56,9.63,9.9,9.89,9.92,9.89,9.91,10.03,9.7,9.71,9.62,10.04,10.14,10.07,9.1,8.24,10.32,9.61,9.78,9.69,9.66,9.81,9.79,9.48,9.79,9.91,10.34,10.34,10.62,10.05,9.99,10.1,9.93,9.97,9.1
ASXL1,8.52,8.47,8.43,8.54,8.62,8.55,8.73,8.53,8.43,8.53,8.5,8.16,8.31,6.69,8.04,8.03,8.07,8.54,8.46,8.35,8.31,8.37,8.51,8.12,8.07,8.19,8.56,8.58,8.61,8.37,7.63,7.23,8.04,7.89,7.86,8.45,8.26,8.39,7.34,8.44,8.57,8.96,8.74,6.91,8.7,8.63,8.71,8.55,8.87,7.01
ASXL1,9.38,9.46,9.38,9.34,9.33,9.25,9.3,9.09,9.46,9.37,9.35,9.36,9.38,8.19,9.16,9.02,9.28,9.51,9.55,9.47,9.54,9.18,9.28,9.15,9.13,9.19,9.46,9.33,9.33,9.47,7.24,8.33,9.1,9.34,9.26,9.35,9.41,9.41,8.78,9.18,9.11,9.39,9.44,8.45,9.73,9.58,9.56,9.43,9.51,8.69
ASXL1,7.02,6.77,6.91,6.83,6.14,6.88,5.99,6.79,6.66,6.72,6.56,6.58,6.76,5.31,6.67,6.58,6.76,6.97,6.75,6.95,6.69,6.55,6.66,6.79,6.77,6.53,6.88,6.9,6.67,5.86,4.67,5.43,6.57,6.52,6.42,6.72,6.71,6.84,7.09,6.92,6.74,7.48,6.96,6.18,6.88,6.88,7.03,6.92,6.95,6.29
ASXL1,4.92,5.12,5.42,5.33,5.29,4.97,5.04,4.97,5.07,5.11,5.29,4.87,4.98,5.62,4.95,4.77,5.13,5.06,5.21,5.3,4.82,5.23,5.15,5.42,4.87,5.29,5.15,5.13,4.75,4.92,4.77,6.09,4.92,5,5.17,5.27,5.15,5.52,4.86,5.55,5.2,5.02,4.86,5.88,5.06,4.8,4.74,5.54,4.69,5.71
ASXL1,8.89,9.03,8.93,8.95,9.14,9.04,8.6,8.99,9.02,9.01,9.31,9.13,8.8,8.86,9.1,9.02,9.02,9.04,9.23,9.13,9.1,9.06,9,9.1,9.09,8.73,9.08,9.11,8.94,8.94,7.63,8.3,8.87,8.92,8.92,9.43,9.13,9.32,8.24,9,8.74,9.14,8.82,9.08,9.11,9.15,9.37,9.2,9.12,8.52
ASXL2,5.01,4.66,4.87,4.97,5.06,5.04,4.92,4.71,5.12,4.82,5.04,4.75,5.01,6.54,5.07,5.27,5.02,5.31,5.19,5.01,5.15,5.05,4.94,4.96,4.94,5.04,5.02,5.08,4.77,4.88,7.48,7.38,4.97,4.9,5.13,5.02,4.81,4.98,5.29,4.89,5.05,5.3,4.83,5.09,5.05,4.95,5.35,5.2,4.8,6
ASXL2,4.85,4.72,4.97,4.67,5.18,5.11,4.94,5.08,4.95,4.96,4.78,4.87,4.57,5.52,4.93,5.12,5.28,5.32,4.96,5.06,4.87,4.96,4.81,5.49,5.18,5.02,4.84,4.84,4.7,6.24,7.1,4.74,4.8,4.87,4.97,5.05,5.13,4.98,5.94,5.06,4.95,5.44,4.8,6.87,5.14,5.1,5.6,4.77,4.79,4.81
ASXL2,5.99,5.94,6.11,5.98,5.97,5.76,5.46,5.51,6,5.94,6.03,6,5.78,6.59,5.98,6.15,5.99,6.07,5.99,6.1,5.63,5.72,5.85,6.11,5.69,5.88,5.62,5.96,5.98,5.31,7.14,7.3,5.61,6,6.09,6.04,5.93,5.62,5.92,5.9,5.91,5.75,5.88,6.06,5.5,5.9,6.09,5.95,5.89,6.63
ASXL2,8.26,8.48,8.03,8.04,8.07,8.37,8.3,8.04,8.01,8.37,8.63,8.03,7.9,8.09,8.17,8.43,8.23,7.86,8.09,8.13,8.28,8.32,8.57,7.89,8.22,8.14,8.02,8.32,8.76,8.56,4.92,7.05,7.84,7.83,7.87,8.07,8.18,7.61,8.11,8.14,8.26,8.67,8.62,7.5,7.9,8.54,8.4,8.01,8.13,4.97
ASXL2,6.63,7.02,6.38,6.55,6.63,6.56,6.81,6.34,7.17,6.58,6.98,6.66,7.04,6.81,6.59,6.67,6.69,6.5,6.58,6.21,6.7,6.63,6.82,6.49,6.58,6.53,6.55,6.64,6.71,6.62,7.64,7,6.53,6.46,6.52,6.4,6.57,6.38,6.57,6.59,6.47,6.64,6.73,7.38,6.53,6.55,6.55,6.51,6.63,7.08
ASXL3,4.92,4.88,4.67,4.72,5.21,4.84,4.85,4.47,4.87,4.76,4.89,4.92,4.96,5.11,4.65,4.92,4.8,4.59,4.65,4.37,4.91,4.81,5.06,4.96,4.51,4.47,4.57,4.7,4.98,5.02,7.44,5.59,4.78,5.01,4.73,4.61,4.64,4.8,5.74,4.54,4.5,4.56,4.8,6.48,5.18,4.72,4.7,4.69,4.61,6.43
ASXL3,3.56,3.57,3.65,3.44,3.5,3.22,3.5,3.43,3.7,3.45,3.69,3.33,3.44,4.13,3.54,3.95,3.64,3.74,3.47,3.51,3.6,3.61,3.55,3.41,3.44,3.88,3.52,3.53,3.67,3.61,4.4,4.03,3.55,3.83,3.48,3.68,3.5,3.44,4,3.4,3.42,3.47,3.39,4.02,3.48,3.76,3.44,3.47,3.42,4.04
ASZ1,3.68,3.9,3.81,3.69,3.99,3.86,3.68,3.81,3.78,3.76,3.76,3.61,3.89,4.85,3.94,3.82,3.59,3.71,3.78,3.55,3.73,4,3.84,3.74,3.73,3.75,3.9,3.78,4.2,4.5,4.46,4.48,3.7,3.85,3.57,3.84,3.96,3.74,4.2,3.89,3.91,3.99,3.7,4.06,4.18,4.22,3.75,3.82,3.82,4.46
ASZ1,3.95,4.34,3.69,3.95,3.74,3.79,4.52,3.76,3.83,3.96,3.95,4.08,4.07,5.02,3.91,4.06,3.78,3.88,3.81,3.95,3.89,4.01,4.08,3.64,3.7,3.72,3.89,3.88,4.19,4.28,4.11,4.52,4.02,4.01,3.88,3.84,3.79,3.49,4.21,3.79,3.92,3.84,3.84,4.76,3.71,3.71,3.87,3.82,3.79,4.75
ATAD1,7.87,7.06,7.69,7.58,7.16,7.32,7.33,7.7,7.75,7.73,6.71,7.89,7.59,6.17,8.04,7.97,7.93,7.96,7.91,7.93,7.79,7.56,7.02,7.92,7.99,8.13,7.35,7.35,6.85,6.44,6.71,6.09,8.33,8.23,8.08,7.93,7.65,7.9,6.88,7.78,7.3,7.08,6.8,5.63,7.67,7.34,7.33,7.79,7.37,6.58
ATAD1,10.53,10.56,10.38,10.27,10.24,10.09,9.87,10.2,10.59,10.39,10.5,10.44,10.58,10.34,10.66,10.5,10.66,10.4,10.42,10.37,10.64,10.35,10.63,10.52,10.56,10.58,10.32,10.44,10.43,9.98,8.05,10.35,10.76,10.69,10.62,10.53,10.43,10.49,10.29,10.42,10.4,10.29,10.22,10.19,10.38,10.29,10.35,10.54,10.6,9.92
ATAD1,9.56,9.2,9.34,9.45,8.9,8.72,9.04,9.48,9.63,9.67,8.89,9.55,9.51,8.65,9.89,9.81,9.76,9.57,9.61,9.78,9.51,9.64,9.16,9.77,9.7,9.84,9.38,9.56,8.78,8.39,7.15,8.98,9.96,9.94,9.91,9.64,9.39,9.78,8.74,9.39,9.15,8.92,8.59,8.47,9.46,9.01,9.51,9.53,9.29,9.11
ATAD1,9.36,9.34,9.17,9.2,8.8,8.73,8.15,9.2,9.31,9.47,9.14,9.43,9.32,8.33,9.62,9.42,9.47,9.34,9.3,9.4,9.43,9.5,9.23,9.5,9.54,9.5,9.13,9.33,8.88,8.47,6.08,6.91,9.54,9.56,9.53,9.34,9.11,9.43,8.32,9.09,8.97,8.96,8.61,8.04,9.06,8.92,9.2,9.16,9.18,8.27
ATAD2,6.93,7.18,6.83,6.82,6.18,6.32,5.79,6.47,7.19,6.69,6.97,6.57,6.67,5.55,6.89,6.55,6.39,6.85,6.88,7.19,5.57,5.8,6.15,6.04,6.18,6.18,6.65,6.75,6.79,5.02,5.36,6.07,7,6.84,7.12,6.81,6.36,6.71,4.99,6.15,6.21,6.28,6.44,5.35,6.22,6.35,6.3,6.31,6.81,4.78
ATAD2,9.66,9.72,9.57,9.55,9.62,9.57,9.15,9.66,9.78,9.62,9.77,9.32,9.52,9.12,9.36,9.33,9.54,9.65,9.67,9.69,8.41,8.58,8.74,8.81,8.91,8.92,9.61,9.58,9.73,9.59,7.28,8.88,10.15,10.14,9.98,9.67,9.59,9.42,9.4,9.26,9.08,9.35,9.19,8.29,9.19,9.22,9.05,9.12,9.31,8.11
ATAD2B,6.77,6.66,6.48,7.19,6.65,6.93,6.08,6.21,7.03,7.06,7.1,7.03,7.04,5.33,7.2,7.07,7.36,6.89,6.95,7.15,6.54,6.88,7.05,6.9,7.33,7.07,6.52,6.92,6.69,5.54,6.05,6.54,7.09,7.18,7.18,7.24,7.02,7.26,6.05,6.5,6.81,7.09,6.54,6.19,6.52,6.48,6.35,6.97,7.38,6.82
ATAD2B,9.19,9.42,9.26,9.22,9.29,9.19,9.24,9.21,9.23,9.21,9.42,9.32,9.08,9.47,9.75,9.56,9.59,9.23,9.44,9.53,9.13,9.44,9.49,9.53,9.69,9.42,9.1,9.3,9.27,7.64,7.07,9.51,9.46,9.77,9.72,9.78,9.38,9.58,8.59,9.16,9.1,9.17,9.16,9.8,8.87,8.69,8.94,9.33,9.13,9.56
ATAD3A,9.22,9.27,9.36,9.31,9.48,9.55,9.34,9.43,9.27,9.25,9.39,9.17,9.13,8.75,9.03,9.25,9.1,9.33,9.39,9.3,8.92,8.75,8.99,8.98,8.96,9.02,9.59,9.34,9.8,9.47,9.07,10.44,9.2,9.21,9.24,9.26,9.38,9.17,9.27,9.43,9.48,9.5,9.36,8.45,9.34,9.42,9.37,9.18,9.58,8.83
ATAD3A,9.04,9.06,9.23,9.19,9.7,9.6,9.63,9.37,9,9.11,9.22,8.89,8.85,8.9,8.89,9.02,8.97,9.27,9.27,9.21,8.76,8.6,8.64,8.96,8.97,8.81,9.39,9.1,9.56,9.33,8.67,10.21,9.04,8.9,9.03,9.06,9.16,9.13,9.68,9.3,9.37,9.24,9.19,8.81,9.3,9.31,9.3,9.16,9.44,9.04
ATAD3A /// ATAD3B /// LOC732419,10.61,10.5,10.79,10.73,10.93,10.88,10.82,10.91,10.51,10.51,10.75,10.43,10.4,9.88,10.39,10.53,10.41,10.71,10.69,10.6,10.17,10.29,10.37,10.48,10.48,10.26,10.74,10.7,10.94,10.65,9.11,10.09,10.49,10.49,10.57,10.62,10.54,10.61,10.7,10.77,10.77,10.8,10.8,9.71,10.67,10.8,10.9,10.72,10.87,9.59
ATAD3B /// LOC732419,7.99,7.97,7.94,7.88,8.12,8.32,7.76,8.19,7.88,7.89,7.98,7.7,7.61,6.42,7.63,7.76,7.64,7.58,7.93,7.76,7.7,7.43,7.71,7.62,7.67,7.74,8.15,7.73,8.31,7.57,6.59,5.62,7.57,7.54,7.6,7.52,7.92,7.69,7.68,7.98,8.17,7.92,8.02,6.32,8.18,8.4,8.14,8.05,8.07,7.17
ATAD3C,3.66,3.79,4.17,3.92,3.75,4.07,4.41,3.65,3.83,4.01,3.86,3.92,3.78,4.25,3.88,3.58,3.66,3.89,3.68,4.09,3.93,3.61,4.05,4.3,3.84,3.8,3.92,3.94,3.89,5.15,4.07,4.21,3.84,3.62,3.5,3.7,3.87,3.95,3.43,4.5,4.48,3.95,3.99,4.25,3.53,3.81,4.3,3.98,3.72,5.1
ATAD3C,5.7,5.74,6.04,5.7,5.84,5.54,5.67,5.64,5.66,5.7,5.82,5.73,5.33,7.03,5.67,5.73,5.67,5.91,6.02,5.92,5.76,5.85,5.98,5.74,5.78,5.95,5.9,6.06,6.29,5.48,6.92,5.03,5.65,5.71,5.95,5.91,6.29,6.08,5.42,6.08,5.88,6.01,5.61,6.32,5.84,5.86,5.69,6.3,6.08,7.09
ATAD4,4.11,4.5,4.42,4.43,4.57,4.6,4.19,4.73,4.36,4.39,4.69,4.69,4.56,5.52,4.62,4.85,4.49,4.62,4.52,4.44,4.25,4.72,4.27,4.59,4.26,4.25,4.39,4.72,4.44,5.3,5.81,4.6,4.28,4.28,4.63,4.42,4.31,4.35,4.34,4.24,4.61,4.21,4.17,5.64,4.56,4.36,4.29,4.38,4.36,5.62
ATAD5,8.04,8.03,8.13,7.99,8.19,7.76,7.94,8.39,8.14,8.11,8.07,7.73,7.56,7.71,8.42,8.39,8.27,7.7,8.01,8.19,6.95,7.12,7.12,7.51,7.86,7.79,8.06,8.17,7.89,7.53,6.63,8.23,8.94,8.98,9.06,8.5,8.46,8.32,6.95,7.47,7.6,7.52,7.52,7.19,7.33,7.49,7.81,7.78,7.71,7.95
ATCAY,3.7,3.73,3.75,3.84,4.12,3.9,4.53,3.79,3.83,3.96,3.87,3.8,3.63,4.47,3.96,3.62,4.03,3.89,3.9,3.9,3.83,4.06,3.91,3.82,3.93,3.69,3.67,3.88,3.88,4.05,5.87,5.24,3.8,3.71,4.02,3.77,3.97,3.68,4.32,3.81,3.6,4.03,4.38,3.86,4.22,3.65,3.98,3.91,3.75,3.72
ATCAY,5.82,5.96,6.12,5.62,5.79,5.95,5.99,5.85,5.71,6.1,5.93,5.8,6.03,7.25,5.56,5.94,5.87,5.98,5.83,5.69,5.84,5.85,5.7,5.7,5.87,5.7,5.89,5.95,6,6.26,5.76,7.87,5.71,5.99,5.65,5.77,5.7,6.03,5.92,5.97,5.7,6.06,6.15,7.34,5.99,5.77,5.77,5.59,5.77,7.08
ATCAY,3.75,3.68,3.79,3.99,4.12,4.01,4.71,3.92,3.7,3.7,3.97,3.93,3.56,4.51,3.86,3.75,4.03,4.35,4.2,3.8,3.79,3.75,3.92,3.88,3.7,3.88,3.93,4.07,4.17,3.76,7.29,4.92,3.86,4.16,3.95,3.81,3.99,3.75,4.93,3.74,3.92,4.01,3.54,5.15,4.51,4.21,3.61,4.14,3.93,4.55
ATCAY,3.63,3.75,3.67,3.81,3.84,3.88,3.85,3.78,3.69,3.66,3.67,3.69,3.69,3.98,3.75,3.65,3.76,3.88,3.76,3.57,3.66,3.6,3.6,3.59,3.58,3.72,3.65,3.98,3.72,5.72,4.92,5.46,3.64,3.55,3.61,3.55,3.84,3.86,5.48,3.68,3.66,3.88,3.93,3.87,3.73,3.76,3.59,3.69,3.95,4.65
ATCAY,3.82,3.98,4.01,3.88,4.14,4.34,3.8,4.15,4.03,4.13,4.03,3.88,3.86,4.63,4.1,4.43,3.91,3.99,3.84,4.06,4.16,4.15,4.05,3.82,3.91,3.81,4.05,4,3.85,4.79,6.46,5.12,4.04,3.96,3.95,3.82,4,3.92,5.67,4.03,3.8,4.17,4.12,5.56,4.51,3.89,4.36,3.88,4.07,5.93
ATE1,6.59,6.08,6.37,6.56,6.53,6.43,6.95,6.04,6.51,6.66,6.4,6.59,6.61,6.73,6.17,6.24,6.14,6.11,6.2,6.41,6.37,6.38,6.33,6.21,6.21,6.51,6.68,6.69,6.61,5.66,5.49,6.85,5.96,6.39,6.48,6.3,6.08,6.36,6.09,6.42,6.34,6.1,6.48,6.38,6.37,6.5,6.2,6.34,6.31,5.85
ATF1,7.38,7.55,6.97,7.08,6.76,6.76,5.99,6.93,7.57,7.31,7.13,7.32,7.53,6.77,7.11,6.9,7.37,7.26,7.32,7.7,7.05,7.08,7.17,6.94,7.17,7.12,6.97,7.14,7.06,6.71,5.13,6.39,6.96,7.21,6.96,7.09,6.6,7.02,6.15,7,7.07,6.75,6.63,5.6,6.94,6.64,6.89,7.24,7.32,6.7
ATF1,8.48,8.47,8.21,8.23,7.72,7.7,6.66,7.79,8.5,8.37,8.26,8.22,8.45,8.02,8.08,7.92,8.32,8.25,8.34,8.43,7.98,8.03,8.24,8.08,7.86,8.23,8.15,8.23,8.05,6.97,7.08,6.99,7.94,8.07,7.99,7.99,7.6,7.68,7.06,8.05,7.82,7.7,7.44,7.08,8.1,7.69,7.97,8.41,8.17,7.17
ATF1,9.4,9.12,9.07,9.17,8.68,8.54,8.64,9.04,9.17,9.16,8.5,9.17,9.16,7.85,8.86,9,9.05,9.14,9.2,9.34,9.06,8.8,8.52,8.94,8.82,9.08,9.01,9.05,8.63,8.03,7.18,8.09,9.24,9.08,8.97,8.78,8.56,8.88,8.37,8.91,8.81,8.07,8.2,7.06,8.96,8.83,8.86,8.87,8.8,7.45
ATF2,7.1,6.9,7.05,6.75,6.75,6.25,6.77,6.92,6.83,6.98,6.53,6.94,7.01,6.2,6.82,6.64,6.77,6.98,6.81,7.12,7.08,6.92,6.62,6.85,6.97,6.9,6.85,6.64,6.65,6.69,5.03,5.72,7.31,7.28,7.1,6.82,6.55,6.86,5.99,7.07,6.84,6.19,6.56,6.23,6.85,6.57,6.69,7.14,6.73,6.19
ATF2,8.66,8.36,8.42,8.53,8.3,8.05,8.2,8.32,8.47,8.56,8.06,8.64,8.41,7.64,8.35,8.34,8.3,8.5,8.45,8.71,8.71,8.43,8.25,8.55,8.51,8.55,8.49,8.43,8.03,8.14,7.62,7.33,8.68,8.76,8.71,8.16,8.11,8.38,7.47,8.65,8.59,7.89,7.88,8.1,8.4,8.36,8.56,8.42,8.37,8.01
ATF2,6.97,6.26,6.32,6.48,5.96,5.82,6.19,6.59,6.66,6.59,6.27,6.52,6.5,5.45,6.57,6.34,6.5,6.57,6.58,6.85,6.59,6.54,6.35,6.54,6.3,6.78,6.33,6.63,5.98,5.07,5.79,5.44,6.95,6.77,6.66,6.18,6.24,6.59,6.26,6.38,6.14,5.95,5.83,5.41,6.27,6.1,6.18,6.46,6.17,5.32
ATF2,4.84,4.63,4.61,4.33,4.37,5.11,4.04,4.73,4.79,4.49,4.63,4.46,4.67,5.03,4.36,4.23,4.33,4.66,4.36,4.6,4.25,4.71,4.95,4.6,4.13,4.86,4.67,4.41,4.66,4.85,5.49,4.81,4.66,4.66,4.24,4.74,4.36,4.48,4.4,4.69,4.71,4.21,4.14,4.96,4.47,4.31,4.17,4.27,4.36,4.92
ATF2,9.22,9.77,9.12,9.25,8.99,8.99,8.58,8.69,9.5,9.33,9.53,9.26,9.67,9.28,9.05,8.8,9.2,8.89,9.08,9.06,9.38,9.39,9.72,8.92,9.19,9.2,9.18,8.98,9.53,9.12,7.46,8.33,8.89,9.02,8.9,8.85,8.68,8.78,8.74,8.97,9.02,9.06,9.32,9.01,8.97,8.86,9.01,9.09,9.43,8.22
ATF3,4.01,4,3.86,3.81,3.98,4.38,4.71,3.86,4.07,3.96,3.98,4.06,3.76,3.92,4.14,4.2,4.09,4.28,3.72,3.93,3.96,4.05,3.86,3.86,4.29,4.43,3.76,3.87,3.82,5.23,4.84,5.68,4.11,4.24,4.11,3.96,4.19,4.05,4.59,3.93,3.79,4.03,3.96,4.81,4.23,4.79,3.92,3.81,3.75,4.72
ATF3,5.12,4.65,5.09,4.68,4.83,4.55,5.37,5.12,4.96,4.99,4.57,5.18,4.87,4.55,6.36,6.63,6.43,5.01,4.69,5.06,5.9,5.32,5.06,6.2,5.81,6.53,4.95,5.08,4.91,4.51,4.91,4.64,7.76,7.34,7.6,6.68,6.28,6.42,4.38,5.34,5.1,4.59,5.15,4.95,5.28,5.23,5.72,5.39,5.08,5.6
ATF3,8.76,8.81,8.85,8.81,9.03,8.97,8.71,8.92,8.77,8.79,8.74,8.79,8.9,5.91,10.24,10.35,10.33,8.41,8.39,8.31,9.94,9.63,9.62,10.2,10.17,10.21,8.89,8.8,8.9,8.74,5.49,5.66,11.29,11.23,11.27,10.34,10.63,10.3,9.24,9.07,9.14,8.98,9.16,5.92,9.57,9.56,9.5,9.16,9.21,6.54
ATF3,4.65,4.42,4.02,4.29,4.45,4.37,4.82,4.18,4.55,4.57,4.43,4.5,4.69,4.35,4.86,4.32,4.38,4.07,4.25,4.14,4.65,4.54,4.35,4.68,4.68,4.66,4.56,4.63,4.58,5.49,4.66,4.48,4.82,4.51,4.46,4.54,4.63,4.49,4.89,4.42,4.6,4.34,4.56,4.54,5.3,4.38,4.42,4.54,4.46,4.5
ATF3,5.91,5.59,5.88,5.65,5.48,5.42,5.05,6.11,5.66,5.95,5,5.84,5.62,4.98,7.52,7.47,7.41,5.88,5.39,5.66,6.79,6.38,5.87,7.27,7.21,7.37,5.91,5.99,5.23,4.32,4.69,4.05,8.64,8.59,8.53,7.42,7.29,7.61,4.16,6.15,5.94,5.84,5.6,4.06,6.4,6.05,6.36,6.43,5.75,5.74
ATF3,7.56,6.83,7.37,7.45,7.04,6.74,6.55,7.69,7.49,7.73,6.48,7.53,7.17,7.82,9.11,9.12,9.06,7.12,7.17,7.51,8.13,8.31,7.51,8.97,8.91,9.03,7,7.49,6.79,6.94,4.78,5.93,10.04,10.09,9.9,9.13,8.94,9.4,7.39,7.64,7.45,7.33,6.86,5.89,8.21,7.99,7.83,7.7,7.59,6.63
ATF3,4.2,4.15,3.85,4.19,4.06,4.07,4.33,4.38,4.29,4.06,4.09,4.21,4.22,4.43,4.53,4.37,4.36,4.26,4.02,4.08,4.45,4.32,4.29,4.49,4.67,4.57,4.32,4.33,4.17,3.94,5.97,4.33,4.3,4.5,4.38,4.36,3.95,4.6,5.25,4.14,4.23,3.98,3.95,6.84,4.34,4.14,4.37,4.17,4.06,5.54
ATF4,12.59,12.47,12.55,12.54,12.45,12.53,12.62,12.6,12.58,12.54,12.28,12.51,12.57,11.68,12.48,12.53,12.48,12.32,12.31,12.35,12.45,12.37,12.24,12.45,12.42,12.49,12.55,12.45,12.48,12.55,11.17,11.26,12.45,12.37,12.37,12.49,12.53,12.55,12.66,12.62,12.66,12.7,12.7,11.19,12.56,12.57,12.56,12.53,12.57,11.59
ATF5,9.37,9.29,9.59,9.46,9.71,9.74,9.52,9.76,9.38,9.52,9.5,9.47,9.43,8.51,9.34,9.45,9.44,9.41,9.45,9.28,9.56,9.74,9.62,9.66,9.74,9.6,9.59,9.48,9.53,7.71,5.73,7.95,9.54,9.66,9.55,9.36,9.42,9.34,9.5,9.58,9.62,9.8,9.79,8.9,8.9,8.8,8.95,9.24,9.62,8.54
ATF5,6.93,6.46,7.25,6.35,7.39,7.64,6.99,7.29,7.03,7,7.21,6.51,6.34,5.32,6.82,6.74,7.13,7.18,7.19,7.12,7.25,7.12,7.6,7.67,7.5,7.5,7.38,6.97,7.19,6.66,7.26,5.66,7.25,6.93,7.16,7.09,6.76,6.82,6.33,7.32,7.22,7.64,7.59,4.96,5.78,6.43,6.84,6.7,6.58,5.43
ATF5,7.63,7.31,7.83,7.37,8.3,8.47,8.67,7.86,7.57,7.4,8.04,7.04,7.25,5.85,7.44,7.63,7.51,7.88,7.87,7.57,7.77,7.77,8.14,7.98,7.75,7.78,7.75,7.52,8.05,5.98,5.74,6.38,7.78,7.54,7.73,7.82,7.72,7.24,8.84,8.17,8.06,8.22,8.41,6.05,7.13,7.48,7.36,7.45,7.38,7.21
ATF5,7.27,6.84,7.4,6.78,7.64,8.08,5.84,7.55,6.94,7.09,7.3,6.71,6.31,5.05,7.13,7.37,7.14,7.38,7.39,6.94,7.4,7.1,7.69,7.46,7.47,7.63,7.45,6.72,7.46,5.04,6.12,6.39,7.36,7.01,7.1,7.33,7.1,7.16,7.9,7.56,7.48,7.73,7.83,5.96,6.85,6.85,6.83,7.01,6.67,5.18
ATF6,8.37,8.47,8.43,8.44,8.55,8.76,8.19,8.35,8.59,8.43,8.67,8.26,8.51,6.53,8.24,7.99,8.25,8.54,8.54,8.49,8.53,8.18,8.53,8.26,8.31,8.3,8.56,8.44,8.76,8.32,7.92,7.19,8.27,8.1,8.22,8.21,8.36,7.99,8.35,8.52,8.56,8.43,8.55,7.27,8.81,8.76,8.6,8.63,8.54,7.66
ATF6,7.74,7.31,7.57,7.5,6.85,7.2,6.85,7.41,7.67,7.58,7,7.38,7.3,5.18,7.31,7.3,7.37,7.53,7.64,7.76,7.5,7.19,7.29,7.47,7.25,7.38,7.4,7.46,7.12,5.1,5.35,5.47,7.4,7.24,7.23,6.94,6.67,7.57,6.82,7.5,7.37,7.25,6.95,5.97,7.7,7.14,7.45,7.59,7.24,6.9
ATF6,5.39,4.57,5.19,4.94,4.38,4.16,4.55,4.99,5.13,4.74,4.31,4.85,4.78,5.92,4.9,4.64,5.11,5.21,5.12,5.02,4.56,4.46,4.45,5.09,4.77,4.86,4.69,4.61,4.01,4.38,5.42,5.17,4.95,4.86,4.99,4.71,4.59,4.81,4.9,4.69,4.57,4.4,4.06,5.15,5,4.18,4.86,4.84,4.91,7.25
ATF6B,9.07,9.02,9.13,9.05,9.52,9.11,9.75,9.41,8.89,9,9.26,9.17,9.06,9.45,9,9.03,8.96,9.1,9.1,9.12,9.25,9.34,9.2,9.1,9.14,9.09,9.09,9.19,9.2,9.76,8.6,8.89,8.56,8.65,8.77,9,9,8.96,8.61,9.08,9.1,9.6,9.35,8.92,8.73,9.2,9.26,9,9.33,8.67
ATF6B,7.62,7.23,7.66,7.82,7.46,7.66,7.68,7.78,7.63,7.58,7.17,7.56,7.6,6.04,7.51,7.53,7.5,7.54,7.68,7.54,7.88,7.87,7.58,7.63,7.73,7.78,7.7,7.7,7.7,6.17,6.69,5.34,7.44,7.22,7.24,7.68,7.65,7.69,7.13,7.65,7.9,7.95,8.03,6.72,7.66,7.28,7.81,7.84,7.5,6.54
ATF6B /// TNXB,6.39,5.87,6.12,6.18,5.97,5.55,4.78,6.27,6.11,6.58,5.83,6.3,6.19,5.83,6.18,6.01,6.25,6.51,6.29,6.64,6.61,6.29,6.21,6.42,6.27,6.28,6.35,6.34,5.62,4.14,6.11,4.67,5.89,5.93,5.54,6.26,6.17,6.42,5.58,5.94,6.36,6.05,6.61,6.4,6.06,5.98,6.72,6.38,6.3,5.96
ATF7,7.22,7.18,7.61,7.34,8.01,7.66,7.22,7.56,7.11,7.41,7.66,7.42,7.23,6.43,7.41,7.58,7.45,7.47,7.71,7.4,7.67,7.64,7.48,7.4,7.62,7.42,7.75,7.58,7.68,7.68,8.9,8.66,7.53,7.48,7.59,7.61,7.56,7.5,7.2,7.73,7.83,8.05,7.91,6.62,7.45,7.49,7.75,7.61,7.89,7.83
ATF7,5.85,5.41,5.86,5.98,5.81,5.44,5.74,5.39,5.52,5.76,5.88,5.52,5.77,7.09,5.51,5.81,5.53,5.84,5.79,5.66,5.44,5.71,5.67,5.6,5.57,5.31,5.74,5.94,5.51,4.79,5.85,6.33,5.74,5.8,5.73,5.76,5.33,5.79,5.85,5.18,5.45,5.8,6.04,7.8,5.34,6.47,5.73,5.8,5.42,6.97
ATF7,4.53,4.91,4.69,4.74,5.09,4.21,4.81,4.75,4.71,4.54,4.58,4.7,4.44,6.57,4.62,4.45,4.6,4.65,4.58,4.53,4.89,4.41,4.49,4.68,4.46,4.37,4.64,4.66,4.78,5.11,4.24,5.07,4.74,4.4,4.61,4.61,4.63,4.36,5.07,4.7,4.56,4.54,4.47,4.84,4.85,4.57,4.32,4.42,4.62,4.44
ATF7,5.17,5,5.3,5,5.6,5.01,4.67,4.89,4.97,4.92,4.97,5,4.97,5.69,4.73,5,5.14,5.51,5.38,4.93,5.28,5.12,5.04,4.77,4.87,4.83,5.06,5.26,5.15,5.17,5.87,5.44,5.5,5.41,5.24,5.15,5.02,5.29,4.72,5.14,5.52,5.45,5.45,5.18,5.15,5.41,5.08,5.09,4.96,5.9
ATF7,8.97,9.11,9.14,9.11,9.4,9.07,9,9.14,9.06,9.07,9.11,9.2,9.15,7.17,8.99,8.87,9.05,9.33,9.32,9.17,9.28,9.07,9.08,9.02,9.15,9.15,9.14,9.12,9.02,8.4,7.45,7.07,8.74,8.79,8.92,9.17,8.91,9.08,7.88,9.06,9.22,8.94,9.08,6.77,9.58,9.15,9.24,9.12,9.26,8.33
ATF7IP,8.9,8.83,8.84,8.9,9.11,9.05,8.57,9.12,8.75,9.03,9.03,8.74,8.61,6.98,8.99,8.76,8.83,8.86,8.81,9.08,8.72,8.59,8.73,8.83,8.74,8.77,8.89,9.08,8.82,7.16,5.14,7.01,8.85,9.15,9.19,8.9,8.86,8.88,8.69,9.22,9.1,8.84,8.74,6.66,8.88,8.91,8.95,8.96,8.99,5.31
ATF7IP,6.24,5.21,5.72,5.98,5.28,5.12,4.79,5.97,5.99,5.88,5.14,5.48,5.64,4.58,5.69,5.85,5.81,6.11,5.84,5.89,5.77,5.45,5.09,5.96,6.06,5.77,5.8,5.96,5.49,5.41,6.83,5.55,6.2,6.23,6.3,5.83,5.26,5.9,5.58,5.79,5.76,5.48,5.35,5.01,6.13,5.39,5.83,5.97,5.58,5
ATF7IP,4.46,4.13,4.58,4.29,3.8,3.83,4.36,4.6,4.22,4.5,3.81,4.01,4.09,4.17,4.44,3.94,4.43,4.37,4.69,4.72,4.2,3.99,4.09,4.4,4.51,4.45,4.34,4.33,3.87,4.52,4.2,3.92,4.41,4.45,4.85,4.17,4.27,4.09,3.71,4.13,4.1,3.87,3.85,4.18,4.49,4.41,4.5,4.54,4.04,4.56
ATF7IP,3.56,3.58,3.46,3.61,3.68,3.97,3.86,3.41,3.6,3.47,3.73,3.65,3.63,4.33,3.87,3.62,3.59,3.54,3.39,3.59,3.5,3.59,3.79,3.43,3.69,3.57,3.52,3.62,3.61,6.12,6.03,4.28,3.58,3.6,3.67,3.9,3.94,3.51,4.41,3.52,3.64,3.62,3.78,4.5,3.74,3.79,4,3.73,3.56,4.06
ATF7IP2,8.58,8.06,8.41,8.41,8.18,7.93,7.33,8.26,8.5,8.55,7.92,8.55,8.56,7.68,8.87,8.74,8.86,8.12,8.09,8.48,8.85,9.05,8.62,9.06,9.07,8.93,8.21,8.43,7.87,6.38,6.92,7,9.07,9.12,9.2,8.91,8.56,9.03,7.43,8.29,8.25,8.01,7.88,7.59,8.27,7.97,8.35,8.54,8.2,6.61
ATF7IP2,5.63,5.35,5.2,5.36,5.67,4.79,5.43,5.43,5.47,5.47,4.95,5.27,5.72,5.69,5.5,5.49,5.66,5.28,5.45,5.63,6.14,5.86,5.25,6.07,5.78,6.07,5.48,5.55,4.95,4.63,5.2,5.71,6.16,6.17,6.18,5.51,5.86,5.78,5.4,5.25,5.23,5.07,5.33,4.53,5.36,5.31,5.53,5.57,5.32,5.36
ATF7IP2,10.38,10.29,10.3,10.41,10.28,10.29,10.32,10.44,10.22,10.36,10.37,10.58,10.5,8.85,10.61,10.72,10.51,9.93,10.09,10.11,10.74,10.84,10.91,10.74,10.82,10.73,10.24,10.29,10.25,10.32,6.98,8.64,10.85,10.94,11.04,10.79,10.73,10.82,9.96,10.21,10.25,10.47,10.35,9.16,10.16,10.32,10.26,10.31,10.35,7.81
ATG10,4.64,4.63,4.63,4.55,4.18,4.98,4.07,4.64,4.75,4.6,4.82,4.52,4.64,3.78,4.45,4.47,4.72,4.43,4.83,4.49,4.71,4.44,4.74,4.54,4.2,4.89,4.85,4.9,4.49,3.82,4.57,3.83,4.59,4.76,4.7,5.11,5.12,4.76,3.83,4.98,4.49,5.12,4.7,4.39,4.59,4.31,4.94,4.84,4.61,4.72
ATG10,8.37,8.56,8.56,8.56,8.46,8.74,8.36,8.34,8.5,8.45,8.6,8.53,8.29,8.19,8.24,8.28,8.23,8.42,8.43,8.53,8.25,8.35,8.65,8.23,8.45,8.27,8.48,8.55,8.54,7.78,8,8.09,8.22,8.2,8.44,8.67,8.62,8.44,7.94,8.67,8.58,8.67,8.74,8.65,8.68,8.76,8.84,8.38,8.33,7.88
ATG12,9.95,10.15,9.79,9.81,9.28,9.68,9.24,9.8,10.01,10.07,9.84,9.89,10.11,7.84,9.98,10.02,9.99,9.99,10.01,10,9.97,9.94,10.01,9.82,9.92,9.95,9.89,9.83,9.78,9.11,6.41,8.72,10.06,10,9.92,9.95,9.71,9.75,9.51,9.77,9.73,9.7,9.78,8.48,9.67,9.41,9.74,9.88,9.7,7.78
ATG12,6.24,5.83,5.99,6.31,6.11,5.76,5.33,6.49,6.21,6.38,5.54,6.22,5.75,6.43,5.98,6.24,5.93,5.9,6.14,6.37,5.91,6.3,5.66,6.26,6.66,6.36,5.75,6.37,5.61,4.66,5.28,6.32,6.18,6.26,6.45,6.56,5.49,6.36,4.76,5.71,5.97,5.78,5.3,6.55,5.15,5.27,6.2,6.19,5.59,6.7
ATG16L1,8.35,8.47,8.54,8.53,8.74,8.51,8.2,8.78,8.39,8.42,8.55,8.53,8.43,7.76,8.52,8.48,8.39,8.49,8.33,8.41,8.55,8.5,8.48,8.5,8.7,8.38,8.6,8.44,8.44,7.58,6.78,8.23,8.28,8.39,8.49,8.37,8.61,8.45,9.29,8.62,8.56,8.65,8.49,7.92,8.64,8.82,8.45,8.64,8.83,8.85
ATG16L1,6.21,5.47,5.82,5.87,5.37,5.3,5.66,6.05,5.93,6.13,5.08,5.89,5.85,4.2,5.85,5.93,5.69,5.97,5.99,5.99,5.72,5.58,5.4,5.96,6.15,5.88,6.11,6.04,5.06,5,6.3,4.67,5.95,6.16,6.15,5.7,5.53,6.02,6.02,6.34,6.06,5.36,5.03,5.09,5.7,5.46,6.25,5.66,5.59,6.24
ATG16L2,6.03,6.29,6.34,6.13,6.48,6.94,5.99,6.77,5.91,6.28,6.24,5.84,5.94,6.68,6.69,6.39,6.71,5.86,6.22,6.13,6.56,6.39,6.95,6.63,6.71,6.74,6.35,5.9,6.72,5.72,4.66,5.81,6.72,6.79,6.53,6.47,7.03,6.82,4.79,6.47,6.94,6.94,7.23,4.93,6.72,6.97,6.46,6.3,6.68,4.72
ATG16L2,6.66,6.67,6.86,6.58,7.25,7.22,6.82,7.57,6.58,6.97,7.14,6.83,6.43,5.7,7.52,7.42,7.36,6.86,6.8,6.88,7.06,6.86,7.39,7.41,7.5,7.47,7.04,6.76,6.84,7.51,5.27,6.92,7.08,7.46,7.23,7.58,7.63,7.64,6.02,7.13,7.11,7.74,7.41,5.36,7.18,7.52,7.22,6.77,7.17,5.33
ATG16L2,4.59,4.32,4.45,4.59,5.21,4.47,3.89,4.72,4.77,4.55,4.26,4.68,4.78,5.69,5.03,5.08,4.56,4.33,4.53,4.56,5,4.73,4.43,4.84,4.52,4.41,4.48,4.68,4.47,4.95,4.21,4.28,4.32,4.77,4.84,4.63,4.56,4.59,4.04,4.54,4.54,5.09,4.79,5.39,4.74,4.41,4.93,4.15,4.44,5.32
ATG2A,8.73,8.85,8.85,8.74,9.43,9.11,9.22,8.83,8.51,8.55,9.08,8.89,8.73,8.78,8.91,8.77,8.84,8.73,8.72,8.68,9.02,8.95,9.28,8.97,9.09,8.88,8.91,8.79,9.18,9.23,6.76,8.17,8.61,8.89,8.88,8.86,8.85,8.79,9.04,9,8.96,9.04,9.04,8.83,8.72,8.7,8.41,8.76,8.92,8.15
ATG2A,4.87,4.98,4.84,5.19,5.21,5.04,6.58,4.82,5.28,5.24,5.1,5.04,4.97,5.95,5.04,5.6,4.73,5.16,5.01,4.78,5.22,5.11,5.25,4.89,4.99,5.02,5.34,4.73,5.56,6.33,5.19,6.2,5.31,5.11,4.93,5.35,4.98,5.11,6.21,4.91,5,5.69,5.22,5.38,5.54,4.9,5.47,4.92,4.9,5.9
ATG2A,5.3,5.35,5.38,5.77,4.98,5.45,5.35,5.4,5.24,5.21,5.15,5.22,5.31,4.81,5.36,5.6,5.53,5.57,5.32,5.5,5.48,5.85,5.72,5.31,5.33,5.5,5.46,5.51,5.61,5.03,5.17,4.59,5.5,5.27,5.33,5.6,4.85,5.04,5.4,4.85,5.24,5.56,5.79,5.3,5.25,5.15,4.93,5.49,5.7,5.14
ATG2A,8.52,8.52,8.65,8.64,9.32,8.98,8.48,8.99,8.54,8.38,8.82,8.62,8.59,9,8.77,8.77,8.53,8.54,8.69,8.58,8.76,8.92,9.19,8.85,9.09,8.75,8.69,8.66,9,8.87,7.12,7.92,8.79,8.67,8.82,8.7,8.77,8.66,8.89,8.87,8.77,8.87,9.02,8.53,8.38,8.6,8.48,8.59,8.82,8.64
ATG2B,5.68,5.72,5.8,6.09,6.16,5.82,4.47,5.67,5.8,5.88,6.12,5.73,5.65,5.2,5.95,6.19,6.08,5.69,6.31,6.21,6.08,6.17,5.94,6.28,6.29,5.73,5.7,5.79,5.75,4.75,6.29,5.53,6.32,6.11,5.77,6.01,5.79,6.28,5.16,5.95,6.04,6.09,5.74,5.45,6.02,6.08,5.86,6.08,6.07,6.03
ATG2B,9.28,9.26,9.11,9.24,9.22,9.42,8.63,9.08,9.16,9.3,9.45,9.5,9.32,8.32,9.27,9.43,9.26,9.32,9.26,9.44,9.14,9.48,9.6,9.36,9.42,9.27,9.13,9.32,9.25,9.03,7.73,8.49,9.01,9.08,9.17,9.37,9.41,9.41,8.43,9.2,9.25,9.55,9.6,8.83,9.17,9.14,9.28,9.31,9.2,9.11
ATG2B,7.35,7.7,7.23,7.34,7.31,7.51,6.85,7.01,7.48,7.49,8,7.33,7.46,7.56,7.55,7.45,7.65,7.24,7.35,7.47,7.35,7.65,7.53,7.31,7.25,7.28,7.25,7.48,7.63,8.1,7.12,7.03,7.4,7.61,7.54,7.57,7.28,7.27,6.89,7.29,7.2,7.32,7.35,7.15,7.19,7.28,7,7.55,7.44,6.61
ATG2B,6.4,5.91,6.13,6.1,5.11,5.48,5.48,5.99,6.07,6.41,5.49,6.27,5.95,5.44,6.4,6.45,6.36,6.51,6.11,6.55,5.85,5.82,5.6,6.15,6.2,6.3,5.92,6.33,5.87,5.43,4.51,4.46,6.39,6.73,6.5,5.8,6.03,6.46,5.71,6.51,6.12,5.53,5.46,4.45,5.14,5.52,6.45,5.95,5.94,5.67
ATG3,10.81,10.7,10.77,10.75,10.51,10.63,10.33,10.76,10.85,10.82,10.56,10.83,10.83,9.29,10.64,10.64,10.59,10.85,10.89,10.72,10.66,10.58,10.35,10.51,10.52,10.56,10.7,10.74,10.69,10.25,9.64,9.73,10.62,10.59,10.52,10.57,10.41,10.61,10.55,10.76,10.74,10.46,10.35,8.88,10.88,10.86,10.87,10.85,10.81,9.07
ATG3,10.19,10.3,10.09,10.08,10,10.04,9.44,9.87,10.31,10.14,10.28,10.11,10.4,9.91,9.98,9.91,10.1,10.02,10.07,10.16,10.1,9.96,10.1,9.78,9.88,9.98,10.16,9.96,10.33,10.02,8.56,9.21,9.93,9.8,9.79,9.91,9.96,9.79,9.78,10.12,10.07,9.93,10,8.6,10.22,10.1,10.19,10.26,10.44,8.72
ATG3,10.28,10.25,10.25,10.28,9.97,10.05,10.06,10.18,10.51,10.36,10.18,10.39,10.4,8.5,10.09,10.11,10.14,10.28,10.31,10.37,10.18,10.02,9.93,9.8,10.03,10.04,10.25,10.23,10.26,9.55,7.76,7.14,10.02,10.08,9.99,10.1,9.74,9.97,9.76,10.25,10.34,9.9,9.8,8.65,10.32,10.3,10.36,10.27,10.29,7.88
ATG3,10.75,10.65,10.65,10.74,10.34,10.56,10.33,10.54,10.79,10.71,10.49,10.66,10.69,8.6,10.49,10.44,10.5,10.74,10.73,10.69,10.48,10.41,10.27,10.39,10.4,10.47,10.69,10.66,10.54,10.01,8.12,9.01,10.44,10.61,10.33,10.49,10.37,10.48,10.46,10.54,10.57,10.27,10.1,8.82,10.74,10.6,10.73,10.73,10.69,9.12
ATG3,10.42,10.25,10.18,10.27,9.92,9.99,9.83,10.1,10.56,10.34,10.04,10.33,10.41,8.05,10.07,10.03,10.1,10.29,10.34,10.32,10.07,9.96,9.85,9.98,9.95,10.02,10.16,10.2,10.08,9.54,6.06,8.37,9.98,10.05,9.93,10.06,9.9,9.93,9.93,10.21,10.21,9.74,9.67,7.59,10.29,10.26,10.21,10.3,10.31,8.67
ATG3,5.35,5.98,5.21,5.56,5.62,5.19,5.18,5.18,5.61,5.95,5.62,5.58,5.82,6.54,5.29,5.33,5.48,5.48,5.38,5.26,5.29,5.53,5.9,5.31,5.31,5.2,5.41,5.48,5.81,5.86,6.16,6.43,5.56,5.5,5.11,5.13,5.28,5.22,5.35,5.36,5.3,5.39,5.57,4.53,5.3,5.34,5.54,5.35,5.61,5.91
ATG4A,7.99,7.67,8.03,7.88,7.82,7.97,8.12,8.1,7.82,8.15,7.86,7.97,7.86,8.16,8.02,7.93,7.96,8.2,7.92,8.04,8.11,8.18,7.96,8.25,8.01,8.2,8.08,8.02,7.78,7.51,7.19,7.14,7.93,7.9,7.94,7.88,7.85,8.01,7.6,8.23,8.37,7.56,7.91,6.9,8.4,8.33,8.34,8.1,8.19,7.47
ATG4A,8.1,8.14,8.16,8.21,8.29,8.14,8.51,8.09,8.03,8.21,8.22,8.35,8.19,8.22,8.07,8.16,8.04,8.04,8.11,8.04,8.53,8.38,8.28,8.3,8.16,8.2,8.09,8.1,8.01,7.33,8.86,7.87,8.04,8.19,8.17,8.1,8.05,8.03,7.95,8.33,8.29,8.14,8.23,8.41,8.39,8.35,8.39,8.3,8.29,8.26
ATG4B,6.65,6.54,7.11,6.8,7.18,7.24,7.63,7.01,6.8,6.78,6.82,6.49,6.53,6.57,6.94,7.08,7.04,6.87,6.96,7,7,6.96,6.9,7.06,7.17,7.09,6.97,6.98,7.03,7.47,6.14,6.56,6.65,6.62,6.96,7.35,7.05,7.14,7.07,7.21,7.36,7.46,7.2,6.09,7.02,7.27,7.16,7.19,7.47,7.64
ATG4B,9.07,8.92,8.95,9.06,8.55,8.98,8.06,8.75,9.16,9.11,9.02,8.98,9.07,6.78,9.08,8.89,9.2,8.7,8.86,8.8,8.88,8.9,9.11,8.82,9.05,9.13,9.14,9.07,8.86,7.86,6.08,6.92,8.85,8.89,8.79,9.17,8.94,9.05,8.56,9.03,9.13,8.99,8.69,7.09,8.92,9,8.94,9.14,9.35,5.91
ATG4B,8.49,8.19,8.72,8.65,8.71,8.93,8.73,8.53,8.34,8.42,8.65,8.59,8.44,8.5,8.68,8.7,8.66,8.53,8.62,8.66,8.76,8.58,8.62,8.78,8.64,8.75,8.58,8.57,8.65,9.01,7.5,8.96,8.37,8.23,8.43,8.81,8.79,8.8,8.48,8.75,8.75,8.87,8.78,8.69,8.67,8.85,8.79,8.69,8.68,8.38
ATG4B,9.71,9.53,9.85,9.88,9.65,9.82,9.54,9.81,9.84,9.75,9.55,9.74,9.65,9.37,9.84,9.73,9.77,9.72,9.74,9.67,9.62,9.74,9.57,9.87,9.95,9.81,9.8,9.86,9.71,9.96,10.12,10.17,9.86,9.84,9.68,9.89,9.93,9.99,9.87,9.9,9.91,9.75,9.58,9.58,9.76,9.8,9.84,9.95,9.71,9.54
ATG4B,9.75,9.43,9.73,9.82,9.85,9.83,9.55,9.9,9.86,9.78,9.46,9.68,9.78,8.41,9.78,9.75,9.86,9.7,9.76,9.84,9.65,9.76,9.62,9.81,9.94,9.83,9.77,9.87,9.67,9.31,8.65,8.43,9.88,9.75,9.82,9.93,9.95,9.99,9.66,9.72,9.92,9.72,9.66,7.78,9.72,9.74,9.8,9.81,9.64,8.28
ATG4B,10.3,10.36,10.36,10.41,10.43,10.44,10.18,10.53,10.32,10.36,10.38,10.4,10.26,10.45,10.46,10.39,10.47,10.3,10.3,10.22,10.33,10.34,10.45,10.5,10.5,10.37,10.4,10.44,10.44,10.26,9.97,11.09,10.39,10.39,10.37,10.52,10.46,10.59,10.28,10.59,10.5,10.48,10.42,10.72,10.49,10.53,10.63,10.52,10.43,10.77
ATG4C,7.21,7.15,7.07,7.23,6.75,6.59,6.64,6.76,7.4,7.38,7.38,6.97,7.18,6.12,7.16,6.95,7.11,7.5,7.22,7.46,6.88,7.25,7.19,6.91,6.7,6.88,7.09,7.3,7.12,5.38,5.14,5.64,6.92,7.03,6.81,7.21,6.58,6.84,5.8,7.1,7.12,6.98,6.99,4.46,7.39,6.99,7.21,7.24,7.04,5.57
ATG4C /// CTR9,8,8.24,8.06,8.03,7.96,7.75,6.53,8.02,8.13,7.99,8.24,8.15,8.13,8.31,7.96,7.9,7.89,8.34,8.32,8.38,7.93,8.04,8.08,7.9,8.04,7.74,8,8.08,7.84,6.24,7.31,7.93,7.43,7.83,7.79,7.92,7.7,7.91,6.97,8.01,8,7.83,7.48,8.74,8.12,8.24,7.94,7.98,7.99,7.79
ATG4D,6.34,6.08,6.28,6.29,6.09,5.8,5.69,5.93,6.21,6.01,5.26,6.18,5.94,5.56,6.6,6.51,6.69,6.44,6.27,6.57,6.32,6.5,5.75,6.83,6.58,6.48,6.18,6.36,5.68,6.18,5.35,5.48,6.5,6.73,6.42,6.64,6.64,6.6,5.24,6.42,6.32,5.96,6.05,5.3,6.32,6.45,6.37,6.08,5.93,6.31
ATG4D,7.32,6.88,7.56,7.27,7.35,7.51,6.9,7.71,7.19,7.29,7.07,7.34,7.04,6.84,7.86,7.95,7.8,7.38,7.54,7.63,7.7,7.5,7.44,8.06,7.97,7.95,7.16,7.33,7.53,5.63,6.34,5.52,7.9,7.69,7.89,7.74,7.71,7.78,6.87,7.8,7.54,7.39,7.66,5.21,7.49,7.37,7.58,7.52,7.46,7.25
ATG4D,7.08,7.14,7.3,7.08,7.39,7.58,6.94,7.07,7,7.24,7.11,7.19,7.11,7.04,7.74,7.57,7.64,7.38,7.24,7.22,7.51,7.35,7.44,7.74,7.64,7.72,7.23,7.1,7.26,7.1,6.4,8.37,7.64,7.42,7.58,7.7,7.5,7.65,6.99,7.48,7.5,7.5,7.8,7.22,7.45,6.74,7.35,7.56,7.5,7.15
ATG5,9.59,9.53,9.56,9.61,9.37,9.48,9.59,9.4,9.56,9.67,9.64,9.53,9.73,8.33,9.55,9.55,9.64,9.42,9.39,9.39,9.56,9.47,9.48,9.48,9.5,9.53,9.55,9.48,9.48,9.11,7.42,8.33,9.58,9.61,9.55,9.63,9.7,9.58,9.5,9.59,9.71,9.33,9.32,7.66,9.69,9.59,9.61,9.57,9.65,7.95
ATG5,9.55,9.56,9.28,9.44,9.19,8.93,9.35,9.5,9.38,9.56,9.26,9.57,9.5,8.13,9.43,9.54,9.44,9.33,9.32,9.35,9.4,9.38,9.05,9.29,9.4,9.39,9.36,9.32,9.2,8.62,7,7.57,9.55,9.56,9.49,9.37,9.25,9.55,9.27,9.53,9.23,8.9,8.96,7.98,9.43,9.19,9.55,9.46,9.43,7.94
ATG5,5.23,5.33,5.72,5.1,5.16,5.09,5.81,4.74,5.28,5.21,5.54,5.11,5.05,5.13,5.51,5.3,5.4,5.56,5.5,5.48,5.28,5,5.17,5.28,5.23,5.29,5.5,5.23,4.97,5.25,5.54,6.1,5.18,4.92,5.02,5.44,5.03,5.32,4.64,5.56,5.39,5.62,5.43,4.99,5.51,5.61,5.97,5.37,5.31,5.04
ATG7,5.83,5.54,5.76,5.79,6.46,5.35,5.48,5.92,5.73,5.53,6.06,5.81,5.15,7.86,5.64,5.95,5.89,5.78,5.92,6.15,5.52,5.77,5.77,5.71,5.93,5.76,5.46,5.8,5.58,6.3,7.41,5.03,5.59,5.62,5.71,5.76,5.78,5.68,5.07,5.8,5.59,5.97,5.99,5.79,5.93,6.11,5.97,5.7,5.8,7.96
ATG7,7.2,6.93,7.12,7.37,6.91,7.05,7.52,7.33,7.38,7.33,7.06,7.2,6.9,6.32,6.86,7.07,7.13,7.54,7.34,7.45,7.49,7.3,7.16,7.3,7.3,7.3,7.47,7.43,6.85,6.76,4.84,6.87,7.03,7.11,6.85,7.24,7,7.37,5.79,7.43,7.16,6.98,6.86,4.67,7.3,6.91,7.19,7.34,7.18,6.8
ATG7,7.22,6.63,7.47,7.2,7.08,7.18,7,7.41,7.21,7.3,6.91,7.01,6.67,6.4,7.03,7.18,6.98,7.47,7.22,7.43,7.14,7.15,7.01,7.34,7.22,6.99,7.33,7.2,6.78,4.75,5.05,5.22,6.63,6.91,6.83,7.24,7.08,7.09,5.65,7.37,7.15,6.82,6.78,5.51,7.3,7.02,7.26,7.14,7.16,7.01
ATG9A,8.77,8.85,8.9,8.95,9.4,9.23,9.01,8.94,8.53,8.85,9.34,8.92,8.55,9.71,9.19,9.41,9.09,8.95,8.88,8.81,8.7,9.02,9.2,9.13,9.29,8.86,8.88,9.14,9.21,8.59,9.95,10.22,8.78,8.89,8.92,9.2,9.13,9.16,8.48,9.1,9.09,9.33,9.11,10.23,8.87,8.79,9.18,8.98,9.05,10.39
ATG9A,6.14,6.05,6.19,6.25,6.47,6.27,6.27,6.81,5.91,6.11,6.06,6.09,5.96,5.53,6.06,6.6,6.35,5.89,6.44,6.59,5.97,5.88,6.08,6.49,6.42,6.28,6.42,6.3,6.02,6.05,6.93,5.85,6.28,6.33,6.44,6.21,5.82,6.64,5.04,6.62,6.2,6.32,6.77,6.17,6.13,6.28,5.88,6.52,6.38,6.74
ATG9A,8.71,8.94,9.15,8.83,9.26,9.12,8.83,8.8,8.64,8.83,9.38,8.86,8.55,9.46,9.15,9.23,9.01,9.06,8.87,8.86,8.84,8.95,9.17,9.05,9.31,8.84,8.76,8.73,8.89,8.85,8.9,9.49,8.67,8.9,8.87,9.19,8.89,9.09,8.18,9.09,9.11,9.25,9.28,10.01,8.8,8.71,8.95,8.84,9.14,9.63
ATG9A,8.76,8.52,8.89,8.79,9.32,9.35,9.04,8.83,8.52,8.71,9.16,8.7,8.23,8.79,8.99,9,9.06,8.98,9.04,8.88,8.88,8.63,9.15,9,9.01,8.99,9.01,8.75,9.28,9.73,8.56,9.6,9.06,8.89,8.91,9.1,9.48,9.11,9.18,9.22,9.15,9.4,9.28,8.12,9,9.12,8.8,8.86,9.06,8.42
ATG9A,6.13,6.32,6.48,6.6,6.85,6.46,5.78,6.85,6.42,6.46,6.34,6.53,6.46,5.75,6.76,6.74,6.27,6.88,6.63,6.5,6.92,6.57,6.32,6.63,6.74,6.9,6.6,6.7,6.3,5.17,5.03,5.82,6.72,6.48,6.47,6.8,6.96,6.65,6.49,6.7,6.4,6.54,6.92,5.89,6.16,6.5,6.4,6.42,6.28,6.31
ATG9B,5.31,5.35,5.58,5.38,5.77,5.28,5.51,5.25,5.27,5.26,5.55,5.43,5.42,5.79,5.38,5.69,5.37,5.47,5.4,5.55,5.43,5.6,5.62,5.63,5.49,5.37,5.44,5.48,5.65,7.08,6.18,5.77,5.27,5.19,5.46,5.2,5.52,5.32,6.2,5.59,5.63,5.32,5.74,5.76,5.51,5.6,5.6,5.3,5.45,6.22
ATG9B,5.12,4.9,5.14,5.43,5.75,5.44,4.9,5.77,5.18,5.32,5.15,5.3,5.28,5.07,5.41,5.15,5.34,5.4,5.48,5.1,5.18,5.45,5.29,4.96,5.44,5.14,5.34,5.36,5.42,5.89,5.81,6.18,5.14,5.29,5.32,5.3,5.17,5.03,5.45,5.58,5.25,5.48,4.89,6.11,5.46,4.96,5.37,5.21,5.18,5.54
ATG9B,4.48,4.41,4.53,4.57,4.78,4.67,4.4,4.92,4.68,4.37,4.66,4.48,4.55,5.71,4.52,4.65,4.57,4.74,4.65,4.58,4.57,4.75,4.58,4.61,4.79,4.34,4.53,4.41,4.19,5.13,4.59,4.78,4.52,4.35,4.36,4.84,4.77,4.67,4.17,4.5,4.6,4.44,4.97,5.2,4.42,4.89,4.69,4.52,4.5,6.04
ATG9B,3.65,3.67,3.7,3.76,3.59,3.83,3.72,3.62,3.66,3.55,3.83,3.56,3.76,3.9,3.58,3.86,3.55,3.61,3.64,3.84,3.76,3.74,3.65,3.72,3.66,3.55,3.51,3.75,3.94,3.8,4.27,3.4,3.76,3.6,3.67,3.58,4.37,3.91,4.7,3.94,3.98,3.63,3.64,4.73,3.85,3.85,3.62,3.84,3.54,6.26
ATHL1,4.41,4.49,4.74,4.7,5.48,5.24,4.95,5,4.55,4.9,4.71,4.64,4.28,5.2,4.77,5.09,4.83,5.28,4.64,4.94,4.55,5.08,4.72,4.56,5.37,5.14,4.76,4.84,4.93,5.29,4.96,6.01,4.9,5.02,5.01,4.92,4.89,5.19,4.62,5.08,5.44,5.13,4.57,5.62,5,4.89,5.47,5.2,4.92,6.51
ATIC,10.38,10.34,10.49,10.38,10.13,10.19,10.29,10.25,10.43,10.46,10.23,10.24,10.38,8.61,9.88,9.91,10.09,10.5,10.47,10.41,9.85,9.92,9.97,9.8,9.79,9.92,10.49,10.33,10.29,10.25,5.7,8.08,10.19,10.03,9.93,9.94,9.99,9.99,9.93,10.17,10.2,10.02,10.13,7.48,10.32,10.22,10.35,10.3,10.4,7.93
ATL1,4.5,4.87,4.33,4.59,4.69,4.27,5.3,4.35,4.36,4.33,4.68,4.4,4.59,4.88,4.83,4.92,4.88,4.75,4.38,4.37,4.51,4.42,4.51,4.51,4.4,4.83,4.59,4.5,4.51,4.5,6.37,4.89,4.81,4.64,4.26,4.31,4.44,4.51,4.51,4.27,4.2,4.32,4.7,4.7,4.23,4.32,4.54,4.36,4.37,4.31
ATL1,3.96,4.37,3.75,3.72,3.39,3.72,3.72,3.33,3.86,3.85,4.17,4.24,4.33,5.1,3.84,3.75,4.02,3.74,3.98,3.75,4.05,3.84,3.89,3.59,3.61,3.54,3.46,3.96,3.93,3.68,3.76,4.81,4.08,3.8,3.63,3.72,3.66,3.36,3.92,3.41,3.31,3.64,3.46,4.88,3.74,3.41,3.38,3.72,3.77,4.17
ATL1,3.38,3.53,3.37,3.39,3.37,3.54,3.54,3.45,3.39,3.54,3.48,3.41,3.44,3.5,3.75,3.5,3.51,3.54,3.65,3.5,3.31,3.64,3.68,3.5,3.75,3.75,3.33,3.41,3.42,3.93,3.47,3.74,3.34,3.41,3.39,3.56,3.44,3.56,3.3,3.4,3.55,3.39,3.42,3.77,3.51,3.45,3.44,3.4,3.28,4.79
ATL2,8.99,9.11,8.87,8.99,8.63,8.83,8.21,8.89,9.02,8.95,9.12,8.83,8.89,7.22,8.84,8.77,8.8,8.86,8.84,8.94,8.76,8.7,8.82,8.58,8.66,8.67,8.9,8.85,8.86,8.27,7.32,8.53,8.68,8.83,8.75,8.79,8.68,8.77,8.33,9.11,9.01,8.76,8.74,8.41,8.84,8.66,8.94,9,9.19,7.48
ATL2,8.21,8.06,8.11,8.1,8.1,7.98,7.96,8.25,8.11,8.1,7.98,8.05,7.85,5.12,8.06,7.95,8.03,8.09,7.89,8.11,7.89,7.82,7.69,7.83,7.9,7.97,8.09,8.09,7.95,6.3,5.01,5.07,8.2,8.23,8.05,7.94,7.67,7.98,7.88,8.43,8.15,7.64,7.55,6.95,8,7.82,8.09,8.24,8.19,6.61
ATL2,5.53,5.46,5.29,5.14,4.81,4.7,5.3,5.73,5.19,5.29,5.2,5.21,5.26,5.34,4.97,5.36,5.12,4.93,5.05,5.51,5.31,5.11,5.16,5.2,5.07,4.92,5.27,5.34,4.77,5.07,5,5.59,4.88,5.54,5.28,5.29,5.14,5.11,5.22,5.36,5.07,4.97,4.8,5.25,5.61,5.02,5.47,5.31,5.25,5.52
ATL3,9.04,8.83,9.09,9.03,9.18,9.27,9.05,9.2,9.08,9.13,8.82,8.88,8.8,6.91,8.81,8.78,8.9,9.02,9.01,8.94,8.63,8.75,8.68,8.77,8.69,8.57,9.13,9.09,9.14,8.2,7.28,7.38,8.79,9.01,8.92,8.9,8.82,8.83,8.31,9.09,8.93,8.93,8.78,7.85,9.09,9.29,9.27,8.94,9.02,6.91
ATL3,10.37,10.72,10.39,10.39,10.39,10.35,10.17,10.34,10.45,10.64,10.55,10.41,10.41,10.27,10.31,10.3,10.44,10.38,10.52,10.67,10.21,10.27,10.41,10.32,10.29,10.33,10.46,10.42,10.36,10.3,9.58,10.59,10.09,10.33,10.19,10.37,10.39,10.29,9.95,10.42,10.17,10.37,10.57,10.42,10.56,10.39,10.61,10.27,10.42,9.41
ATM,5.6,5.17,5.36,5.29,5.5,5.74,5.44,5.44,5.36,5.1,5.51,5.39,5.44,5.04,5.17,5.04,5.44,5.61,5.77,5.66,5.04,4.98,5.06,5.27,5.14,5.21,5.36,5.32,5.32,5.36,5.47,5.52,4.69,5,4.99,5.5,5.09,5.44,5.29,5.32,5.19,5.23,5,4.7,5.62,5.38,5.47,5.61,5.18,5.36
ATM,6.93,7.32,7.09,7.08,6.32,6.86,6.5,6.73,7.06,7.06,7.39,7.02,6.92,5.95,6.84,6.69,7.03,6.92,7.02,7.21,6.8,6.97,7.34,6.8,6.91,7.04,6.75,6.98,6.85,7.21,6.06,5.46,6.03,6.33,6.3,7.02,6.87,6.71,6.65,6.85,6.95,6.94,7,5.85,6.68,6.31,6.55,6.88,7.08,6.09
ATM,6.23,5.96,6.46,6.22,6.26,6.19,5.76,6.76,6.41,6.4,6.02,6.12,6.23,6.92,6.36,6.46,6.49,6.36,6.42,6.85,6.32,6.41,6.4,6.57,6.59,6.51,6.51,6.38,6.03,5.28,5.86,4.34,5.84,6.19,6.1,6.7,6.52,6.56,5.51,6.38,6.44,6.8,6.79,5.11,6.6,5.95,6.26,6.44,6,5.44
ATM,4.33,3.77,4.11,4.07,3.61,4.35,3.58,3.81,4.05,4,3.95,3.93,4.01,4.21,4.2,4,4.25,4.16,3.84,4.21,4.1,3.89,4.18,3.96,3.8,3.99,4.06,3.89,4.08,3.69,4.66,3.8,3.88,3.81,4.15,4.04,4.22,4.15,3.71,3.87,4.5,3.88,4.09,4.07,3.72,4.32,3.75,4.49,4.1,4.42
ATM,6.45,6.53,6.54,6.54,6.01,5.79,5.87,6.49,6.49,6.46,6.4,6.62,6.49,6.27,6.36,6.29,6.28,6.52,6.73,6.77,6.41,6.66,6.35,6.45,6.58,6.59,6.2,6.39,5.89,5.46,6.56,5.38,6.35,6.37,6.25,6.34,6.74,6.45,5.62,6.18,6.16,6.46,6.39,5.2,5.86,5.73,6.05,6.17,6.02,5.49
ATMIN,9.64,9.43,9.61,9.64,9.8,9.67,9.37,9.56,9.5,9.5,9.57,9.54,9.48,8.58,9.51,9.55,9.66,9.54,9.47,9.37,9.64,9.52,9.59,9.59,9.65,9.57,9.7,9.61,9.66,9.49,7.81,8.32,9.48,9.45,9.57,9.61,9.54,9.57,9.62,9.52,9.52,9.62,9.7,8.97,9.62,9.58,9.68,9.63,9.58,8.98
ATMIN,8.49,8.75,8.23,8.2,8.13,8.1,7.91,8.29,8.52,8.45,8.55,8.43,8.77,7.34,8.2,8.02,8.41,8.11,7.96,8.11,8.58,8.53,8.47,8.24,8.24,8.41,8.21,8.38,8.42,8.22,7.76,6.57,7.96,7.95,7.98,8.07,8.27,8.07,7.93,8.13,8.28,8.21,8.66,7.33,8.05,7.95,8.29,8.25,8.61,6.77
ATN1,6.52,5.79,6.89,6.73,7.33,6.89,6.46,6.89,6.85,6.54,6.58,6.24,6.3,6.05,6.7,7.01,6.76,6.94,6.62,6.62,6.57,6.49,6.62,6.54,6.94,6.8,6.92,6.58,6.44,7.19,7.5,7.77,6.41,6.61,6.59,6.91,7.05,6.99,6.69,7.03,7.01,7.03,7,7.83,6.27,6.34,6.51,6.92,7.02,6.36
ATN1,6.26,6.28,6.53,6.18,6.43,6.23,6.48,6.42,6.06,6.5,6.27,6.09,6.25,7.12,6.21,6.15,6.47,6.38,6.28,6.17,6.09,6.28,6.11,6.22,6.31,6.23,6.26,6.33,6.16,5.93,6.86,6.24,6.1,5.72,6.27,6.2,6.42,5.89,6.21,6.14,6.57,5.9,6.36,6.69,6.63,6.58,6.34,6.3,6.25,7.32
ATOH1,4.34,4.49,4.37,4.47,4.73,4.46,4.65,4.36,4.38,4.4,4.43,4.24,4.32,4.12,4.51,4.36,4.3,4.54,4.32,4.34,4.47,4.25,4.31,4.43,4.32,4.26,4.43,4.48,4.32,5.24,5.99,5.52,4.37,4.53,4.48,4.67,4.51,4.38,4.51,4.5,4.62,4.29,4.54,4.59,4.38,4.61,4.66,4.29,4.56,5.97
ATOH7,3.66,3.78,3.85,3.87,3.82,4.06,4.42,3.89,3.78,3.71,3.91,3.97,3.86,4.86,3.84,3.98,3.66,3.9,3.86,3.88,3.99,3.71,4,3.67,3.84,3.88,3.63,3.92,3.99,4.92,6.11,4.82,3.99,3.52,3.87,3.76,4.02,3.85,4.38,3.72,3.59,4.03,3.93,5.63,4.03,4.4,4.41,3.89,3.77,4.47
ATOH7,4.27,4.2,4.47,4.21,4.33,4.24,3.84,4.88,4.5,4.5,4.62,4.48,4.16,4.76,4.77,4.53,4.47,4.41,4.4,4.6,4.48,4.33,4.48,4.49,4.52,4.27,4.2,4.36,4.29,4.22,5.32,5.42,4.26,4.32,4.27,4.59,4.27,4.43,5.04,4.49,4.43,4.41,4.55,5.37,4.95,4.68,5.14,4.78,4.27,4.34
ATOH8,4.62,4.64,4.87,4.8,4.94,4.59,5.53,5,4.63,4.57,4.74,4.91,4.62,4.98,4.82,5.06,4.51,5.26,4.53,4.6,4.82,4.8,4.69,4.81,4.94,4.93,4.67,4.83,4.74,5.7,7.12,4.8,4.56,4.55,4.79,4.99,4.71,4.57,4.48,4.64,4.58,4.61,4.78,5.83,4.42,4.56,4.54,4.85,4.75,5.28
ATOH8,5.84,5.81,5.81,6.04,5.89,6.62,6.46,6.38,6.02,6.06,6.3,6.18,5.94,6.39,6.29,5.87,6.21,6.27,5.82,6.46,6.29,6.12,6.03,5.99,6.08,6.05,6.26,6.42,6.58,6.57,6.41,6.98,5.8,6.06,6.15,6.18,6.4,6.02,5.53,6.64,6.14,6.44,6.28,7.31,6.07,6.35,6.34,6.28,5.86,6.96
ATOX1,11.68,11.65,11.72,11.7,11.75,11.77,11.58,11.77,11.64,11.7,11.69,11.71,11.78,9.67,11.73,11.72,11.82,11.7,11.77,11.68,12.06,12,12.01,11.91,12.03,12.05,11.77,11.69,11.78,11.63,10.11,9.87,11.63,11.65,11.6,11.63,11.81,11.8,11.83,11.91,11.81,11.47,11.46,8.29,12.03,11.93,12,11.72,11.73,8.8
ATOX1,11.26,11.28,11.31,11.22,11.32,11.23,11.32,11.32,11.18,11.29,11.27,11.19,11.32,9.44,11.14,11.2,11.36,11.3,11.31,11.17,11.78,11.53,11.57,11.46,11.46,11.61,11.31,11.23,11.36,11.33,6.13,9.45,11.19,11.2,11.16,11.17,11.3,11.35,11.36,11.34,11.41,10.99,11.01,9.33,11.62,11.61,11.46,11.25,11.41,8.83
ATP10A,8.07,8.22,8.21,7.9,8.1,8.34,8.36,8.14,7.93,8,7.96,7.8,7.75,7.01,7.73,7.44,7.79,7.79,7.96,7.92,8.71,8.51,8.75,8.09,8.11,8.22,8.32,8.04,8.43,6.8,6,7.07,8.14,8.02,7.52,8.03,7.93,7.85,8.24,8.22,8.18,8.49,8.74,6.7,8.56,8.65,8.62,8.25,8.28,7.16
ATP10A,5.35,5.11,5.19,5.11,5.08,5.22,4.77,4.94,5.07,4.9,5.46,5.08,5.01,5.57,4.91,5.37,5.31,4.94,5.03,5.12,5.09,5.59,5.34,5.45,5.22,4.99,5.23,5.05,4.88,5.32,4.74,6.21,5.01,4.88,4.92,5.02,5.08,5.1,4.48,5.44,5.12,5.58,5.03,4.95,5.17,5.46,4.99,5.31,5.52,6.65
ATP10A,4.37,4.28,4.48,4.66,4.33,4.86,4.17,4.43,4.3,4.25,4.39,4.12,3.95,4.5,4.34,4.65,4.24,4.67,4.72,4.46,4.03,4.44,4.26,4.77,4.41,4.5,4.77,4.47,4.53,5.17,6.23,5.07,4.43,4.12,4.38,4.49,5.16,4.62,5.41,4.18,4.84,4.29,4.6,5.9,5.06,4.54,4.6,4.5,4.14,4.39
ATP10A,4.68,5.33,4.68,4.83,5.38,4.92,5.41,5.09,4.92,4.94,5.16,4.51,4.57,6.25,4.55,4.87,4.64,5.31,4.81,4.97,4.99,4.9,5.45,5.09,4.61,5.05,5.35,5.19,5.63,5.4,7.16,5.3,4.96,4.66,4.7,5.13,5.22,4.81,4.65,4.72,4.66,5.26,5.85,5.07,4.77,5.8,5.26,4.63,4.85,4.45
ATP10B,3.39,3.52,3.47,3.43,3.36,3.56,4.07,3.57,3.65,3.32,3.42,3.45,3.5,4.14,3.29,3.38,3.54,3.61,3.45,3.53,3.55,3.48,3.55,3.54,3.51,3.51,3.35,3.53,3.44,4.43,4.66,4.21,3.36,3.36,3.17,3.29,3.83,3.65,4.89,3.31,3.53,3.49,3.42,3.8,3.64,3.54,3.41,3.47,3.54,4.31
ATP10B,4.11,4.16,4.68,4.46,4.29,4.18,4.19,4.83,4.45,4.51,4.38,4.57,4.26,5.8,4.35,4.71,4.35,4.24,3.93,4.63,4.4,4.68,4.39,4.04,4.24,4.16,4.1,4.59,4.2,3.66,4.37,3.83,4.62,4.36,4.18,4.7,4.3,4.75,4.51,4.2,4.22,4.06,5.17,3.9,4.4,3.55,3.75,4.94,4.42,4.95
ATP10B,3.84,3.82,3.69,3.63,4.54,3.72,3.76,3.93,3.65,3.65,3.67,3.74,3.91,4.77,3.92,3.81,3.82,3.74,3.74,3.62,3.84,3.76,3.83,3.81,4.46,3.7,3.82,3.73,3.86,4.02,6.65,4.75,3.78,3.58,3.63,3.8,3.96,3.75,5.28,3.63,3.61,3.8,3.94,3.96,3.55,4.08,3.83,3.62,3.67,3.91
ATP10B,4.21,4.01,4.33,4.47,4.46,4.44,4.64,4.22,4.22,4.09,4.46,4.26,4.07,5.69,4.26,4.33,4.21,4.34,4.4,4.28,4.21,4.29,4.38,4.11,4.14,4.46,4.33,4.18,4.63,4.07,5.41,5.77,4.21,4.07,4.4,4.13,4.74,3.98,4.93,4.26,4.14,4.24,4.64,4.66,4.68,4.83,4.13,4.9,4.29,6.29
ATP10B,4.89,5.27,4.4,4.8,4.38,4.32,4.65,4.44,4.41,4.5,4.94,4.85,4.74,5.83,5.1,4.65,4.61,4.37,4.23,4.41,4.67,4.72,5.18,4.23,4.37,4.58,4.64,4.81,4.3,4.17,5.12,5.73,4.35,4.66,4.46,4.53,4.65,4.2,4.93,4.29,4.09,4.84,4.39,4.98,4.32,4.45,4.45,4.51,4.18,5.63
ATP10B,3.84,3.62,3.37,3.89,3.87,3.79,3.68,4.34,3.8,3.49,3.46,3.96,3.73,4.96,3.85,3.52,3.67,3.53,3.61,3.85,3.41,3.51,3.39,3.35,3.91,3.65,3.5,3.74,3.56,3.89,5.16,3.62,3.62,3.79,3.58,3.47,3.15,3.72,3.53,3.63,3.48,3.6,3.38,3.67,3.6,3.5,4.04,3.85,3.78,3.8
ATP10B,5.64,5.38,5.3,5.33,5.95,5.31,4.84,5.41,5.3,5.26,5.8,5.4,5.58,6.25,5.27,5.34,5.08,5.5,5.2,5.15,5.64,5.47,5.7,5.51,5.32,4.9,5.36,5.34,5.28,4.81,6.92,7.13,5.33,5.22,5.34,5.34,5.34,5.07,5.68,5.49,4.92,5.5,4.93,6.84,5.22,5.45,5.1,5.32,5.44,6.71
ATP10D,7.24,7.49,7.17,7.19,7.14,7.08,6.49,6.97,7.21,7.24,7.68,7.61,7.24,6.74,7.75,7.57,7.87,7.04,7.16,6.98,7.63,7.73,7.94,7.74,7.7,7.61,7.34,7.21,7.09,6.41,6.36,6.34,7.25,7.53,7.53,7.57,7.21,7.58,6.6,7.46,7.38,6.64,6.27,6.86,7.41,7.72,7.59,7.46,7.26,7.34
ATP10D,4.51,4.83,4.59,4.77,4.38,4.44,4.4,4.81,4.71,4.67,4.73,5,4.57,5.95,4.95,4.79,4.89,4.94,4.42,4.62,4.99,5.15,4.57,4.83,4.67,5.11,4.65,4.74,4.43,4.95,4.51,4.27,5.19,4.81,5.03,4.79,4.2,5.11,5.14,4.52,4.78,4.04,4.51,4.22,4.52,4.5,5.13,4.65,4.69,4.73
ATP10D,7.08,7.19,7.08,7.05,7.08,7.25,5.47,7.19,7.61,7.22,7.64,7.38,7.52,7.15,7.56,7.61,7.68,6.86,6.93,6.95,7.75,7.58,7.87,7.56,7.51,7.52,7.02,7.31,7.61,7.01,5.98,5.54,7.49,7.43,7.39,7.33,7.37,7.44,6.78,7.42,7.6,6.9,6.47,6.08,7.52,7.51,7.45,7.38,7.59,7.09
ATP10D,3.79,4.07,3.81,3.84,3.92,3.99,4.08,4,4.05,3.82,4.23,3.94,4.01,4.28,4.07,3.71,3.86,3.79,3.85,3.88,4.1,3.99,4.01,3.79,3.75,3.85,4.06,3.83,4,3.73,4.63,4.24,3.73,3.84,4.28,3.85,3.84,3.82,3.82,4.02,4.37,4.03,3.93,5.09,4.17,3.82,4.36,4,3.92,3.94
ATP11A,8.2,8.26,8.01,8.15,8.01,8.07,7.62,8.05,8.09,8.15,8.1,8.07,8.19,7.32,7.89,7.66,7.87,7.48,7.84,7.6,8.12,8.24,8.38,7.95,7.97,8.07,7.92,7.95,8.24,8.08,6.53,8.62,8.11,7.89,7.93,7.8,7.7,7.61,7.7,7.76,8.17,8.46,8.08,8,7.86,8.28,8.03,8.04,8.33,6.48
ATP11A,6.1,5.74,5.73,5.94,5.97,5.29,6.5,5.57,5.76,6,5.66,5.89,6.04,5.9,5.73,5.79,5.94,6.04,5.63,5.91,5.79,6.04,5.47,5.81,5.89,5.87,5.73,5.94,5.89,5.23,6.04,6.13,5.88,6,5.69,5.61,5.45,5.65,6.54,5.87,5.39,5.93,5.36,5.24,5.25,5.58,5.89,5.54,5.73,5.7
ATP11B,7.19,7.04,6.91,7.23,6.96,7.31,7.26,7,7.21,7.21,7.17,7.07,7.2,6.59,7.14,6.86,7.02,7.29,6.92,7.22,6.95,6.89,7.17,6.82,6.74,6.88,7.21,7.15,6.96,7.1,6.77,6.48,6.88,6.77,6.84,6.94,7.31,7.01,6.94,6.93,7.05,7.02,7.07,7.06,7.09,7.28,6.95,6.98,7.11,7.21
ATP11B,8.56,8.83,8.68,8.66,8.7,8.66,8.31,8.54,8.87,8.81,9.21,8.7,8.67,9.2,8.73,8.57,8.57,8.79,8.77,8.87,8.52,8.63,8.78,8.34,8.48,8.48,8.66,8.59,8.7,8.7,8.28,9.12,8.46,8.53,8.43,8.86,8.71,8.62,8.64,8.51,8.39,8.81,9,9.23,8.54,8.32,8.34,8.51,8.7,9
ATP11B,8.19,8.17,8.21,8.24,7.83,7.61,7.59,8.17,8.07,8.37,8.15,8.18,8.1,7.08,7.94,8.07,7.95,8.08,8.06,8.12,7.89,7.82,7.97,7.97,7.92,7.97,8.05,8.15,8.09,7.32,6.43,7.46,8.09,8.39,8.15,7.95,8.02,8,7.79,8.12,8.2,7.97,7.65,7.08,7.7,7.7,7.71,7.98,8.02,6.71
ATP11B,5.4,5.33,5.32,5.19,4.87,4.5,4.41,4.56,5.16,5.23,5.05,4.95,5.13,5.8,5.39,4.88,5.28,5.16,5.23,5.47,4.95,5.24,5.1,5.14,5.63,5.05,5.4,5.7,5.18,6.55,4.48,5.27,5.11,5.31,5.13,5.12,5.16,5.16,4.18,5.08,5.25,4.99,5.22,5.61,5.1,4.97,4.77,5.13,4.96,6.14
ATP11B,8.12,7.71,7.86,8.11,7.57,7.42,7.03,8.08,8.05,8.08,7.4,8.18,7.83,5.83,7.82,7.74,7.98,7.94,7.92,8.05,7.78,7.84,7.4,8.1,7.66,8.08,7.87,7.85,6.86,6.14,4.67,5.62,8.15,8.21,8.26,7.9,7.56,8.01,6.72,7.92,7.71,7.4,7.43,6.85,7.57,7.5,7.72,7.89,7.89,6.18
ATP11B,8.68,9.04,8.66,8.84,8.57,8.4,8.44,8.5,8.8,8.79,9.06,8.79,8.68,8.07,8.71,8.36,8.49,8.63,8.76,8.55,8.24,8.4,8.75,8.37,8.47,8.53,8.63,8.62,8.27,8.59,6.67,7.32,8.65,8.73,8.69,8.64,8.01,8.54,8.35,8.72,8.49,8.52,8.41,9.27,8.04,7.74,8.27,8.77,8.81,9.3
ATP11B,7.74,7.66,7.36,7.63,7.37,7.76,7.55,7.84,7.57,7.65,7.61,7.69,7.65,5.06,7.4,7.43,7.43,7.25,7.15,7.34,7.78,7.56,7.56,7.44,7.62,7.48,7.55,7.48,7.38,5.09,5.45,7.2,7.45,7.79,7.62,7.69,7.3,7.07,6.9,8.03,7.92,7.29,7.78,7.97,7.66,6.85,7.33,7.52,7.6,7.47
ATP11B,7.18,7.26,7.1,7.26,7.1,7.29,6.97,7.11,7.08,7.14,7.71,7.3,7.13,7.31,7.19,6.91,6.95,6.9,6.88,7.09,7.2,7.42,7.42,7.31,7.22,6.84,7.13,7.41,7.18,4.82,6.15,4.67,7.08,7.57,7.54,7.27,7.39,7.21,6.96,7.34,7.23,6.84,7.15,6.53,7.07,7.05,7.08,7.25,7.47,6.29
ATP11C,8.94,9.34,8.93,9.09,8.88,9.03,8.65,9.01,8.97,9,9.33,9.03,8.9,9.52,8.78,8.51,8.64,8.73,8.74,8.86,8.73,8.85,8.97,8.72,8.77,8.67,9.03,8.92,8.95,8.55,7.2,8.11,8.57,8.76,8.65,8.76,8.46,8.71,8.92,8.96,8.79,9.11,9.11,9.2,8.86,9.08,8.99,9.04,8.98,9.13
ATP12A,5.12,5.49,5.32,5.56,5.14,5.52,4.73,4.75,5.37,5.39,5.69,5.39,5.09,6.52,5.67,5.87,5.38,5.79,5.58,5.24,5.25,5.25,5.36,5.3,5.2,5.31,5.78,5.43,5.34,5.51,6.46,6.77,5.2,5.36,5.43,5.64,5.33,5.37,5.39,5.54,5.47,5.39,5.34,5.53,5.22,5.45,5.77,5.48,5.37,6.77
ATP13A1,9.31,9.3,9.54,9.34,9.78,9.71,9.73,9.6,9.13,9.17,9.34,9.09,9.07,8.86,9.28,9.32,9.29,9.45,9.48,9.46,9.45,9.24,9.42,9.42,9.59,9.36,9.54,9.31,9.6,9.62,7.82,9.18,9.1,9.13,9.24,9.39,9.69,9.39,10.06,9.6,9.54,9.64,9.47,8.97,9.58,9.66,9.45,9.53,9.55,8.9
ATP13A2,8.28,8.07,8.44,8.39,9,8.64,8.02,8.71,8.18,8.22,8.32,8.23,8.1,8.51,8.22,8.01,8.26,8.43,8.54,8.43,8.4,8.38,8.45,8.39,8.37,8.04,8.46,8.26,8.52,7,7.45,8.08,7.93,7.93,7.94,8.3,8.19,8.18,8.69,8.84,8.63,8.63,8.68,8.53,8.45,8.56,8.25,8.33,8.54,8.44
ATP13A2,6.87,6.9,7.06,7.01,7.18,7.4,7.12,7.57,6.95,7.1,7.32,7.06,6.95,6.85,7.03,7.04,7.04,7.56,7.09,7.14,7.03,7,7.21,6.81,6.73,7.1,7.18,6.5,7.45,7.12,8.46,8.11,6.65,6.92,6.54,6.78,7.23,6.77,6.87,7.37,7.29,7.16,7.49,6.47,7.13,7.15,7.17,7.34,7.24,7.81
ATP13A2,7.97,7.82,8.08,8.08,8.38,8.4,7.89,8.18,7.9,7.91,8.18,7.93,7.54,7.36,8.03,7.74,8.03,8.29,8.18,8.31,7.86,8.04,8.03,7.89,8.16,7.97,8.19,7.98,8.15,8.22,7.36,8,7.75,7.79,7.73,7.86,8,8.12,8.62,8.32,8.26,8.46,8.34,7.91,8.05,7.97,8.25,8.16,8.26,6.94
ATP13A3,9.8,9.96,9.66,9.87,9.79,9.7,9.53,9.41,9.89,9.65,9.92,9.6,9.88,9.08,9.63,9.64,9.65,9.25,9.42,9.45,9.69,9.71,10.09,9.54,9.57,9.62,9.69,9.61,9.9,9.69,7.89,8.43,9.43,9.48,9.35,9.55,9.71,9.43,9.29,9.51,9.69,9.61,9.65,8.84,9.48,9.5,9.59,9.74,9.95,8.99
ATP13A4,3.72,3.54,3.97,3.57,3.82,4,3.97,3.8,3.7,3.85,3.98,3.62,3.42,3.97,3.98,3.84,4.21,3.63,3.74,3.61,3.82,3.69,3.56,3.9,3.49,3.76,3.7,3.8,3.5,4.52,5.87,4.98,3.38,3.52,3.6,3.53,3.87,3.75,4,3.75,3.67,3.45,4.03,4.52,3.62,3.79,3.89,3.67,3.73,4.58
ATP13A4,5.27,5.45,5.32,5.33,5.26,5.31,5.55,5.89,5.22,5.36,5.75,5.15,5.09,6.79,5.31,5.24,5.26,5.5,6.02,5.26,5.14,5.44,5.47,5.33,5.4,5.32,5.14,5.46,5.19,5.18,6.19,5.83,5.27,5.35,5.15,5.14,5.1,5.2,5.38,5.88,5.68,5.33,5.27,6.59,5.21,5.84,5.17,5.58,5.52,7.19
ATP13A5,4.43,3.96,3.98,4.36,3.94,4.23,4.33,4.14,4.2,4.16,4.2,3.98,4.03,5.04,4.08,4.41,4.08,4.23,4.07,4.01,4.21,4.14,4.41,4.01,3.94,3.91,4.16,4.36,3.98,5.94,4.6,5.41,4.27,4,4.31,4.02,4.32,3.94,5.28,3.89,4.13,4.71,4.04,4.53,4.47,4.77,4.57,3.94,4.23,5.99
ATP13A5,4.03,4.13,3.91,4.21,5.07,4.99,4.07,4.07,4.09,4.01,4.34,4.26,4.11,5.06,4.23,4.1,4.09,4.41,4.3,4.36,4.5,4.37,4.04,3.99,4.5,4.23,4.13,4.42,4.28,5.99,4.54,4.51,4.02,4.29,4.14,4.35,4.45,4.59,4.49,4.78,4.34,4.21,4.26,6.15,4.16,4.31,4.43,3.97,4.39,4.51
ATP13A5 /// C10orf54 /// HARS /// LOC100133315 /// LOC100288418,14.11,14.05,14.09,14.13,14.04,14.04,14,14.06,14.15,14.1,13.92,14.09,14.12,12.73,14.03,14.06,14.11,14.07,14.08,14.09,14.19,14.11,14.06,14.03,14.05,14.16,14.1,14.09,14,14.17,13.4,13.21,14.1,14.05,14.02,14.07,14.11,14.06,14.09,14.05,14.15,13.98,13.98,12.95,14.16,14.14,14.12,14.12,14.16,12.97
ATP1A1,10.72,10.66,10.81,10.71,10.78,10.71,10.68,10.86,10.62,10.76,10.83,10.66,10.58,9.47,11.17,11.13,11.01,10.53,10.51,10.42,10.72,10.9,10.81,11.12,11.14,11.01,10.81,10.77,10.72,10.39,9.29,10.43,10.83,11.03,11.07,11.18,11.1,11.29,10.51,10.59,10.63,10.59,10.45,9.82,10.66,10.71,10.84,10.74,10.78,10.28
ATP1A1,10.57,10.64,10.8,10.57,10.75,10.76,10.39,10.77,10.49,10.68,10.59,10.53,10.37,10.02,11.03,11.04,11.03,10.32,10.52,10.41,10.67,10.72,10.79,11.11,11.1,11.03,10.71,10.58,10.72,10.45,9.84,10.29,10.88,10.95,10.93,11.15,11.13,11.22,10.37,10.62,10.67,10.62,10.4,9.32,10.75,10.86,10.82,10.63,10.76,9.92
ATP1A1,10.38,10.39,10.48,10.33,10.4,10.47,10.33,10.49,10.35,10.44,10.56,10.22,10.23,9.29,10.84,10.8,10.75,10.09,10.19,10.14,10.41,10.56,10.56,10.84,10.79,10.76,10.42,10.45,10.41,10.25,8.25,10.02,10.52,10.68,10.67,10.93,10.75,10.95,10.33,10.37,10.35,10.27,10.1,9.74,10.49,10.52,10.5,10.41,10.44,9.71
ATP1A1,9.94,9.73,10.05,9.88,10.05,9.92,10.14,10.19,9.92,9.96,9.78,9.83,9.89,9.45,10.41,10.41,10.32,9.68,9.67,9.63,10.02,10.09,9.83,10.32,10.35,10.33,10.03,9.93,9.85,9.77,8.58,9.77,10.3,10.24,10.26,10.43,10.47,10.5,9.65,9.98,9.89,9.82,9.49,8.91,9.96,10.06,10.02,9.89,10.02,9.65
ATP1A2,4.45,4.63,4.65,4.83,4.71,5.04,4.34,4.77,4.55,4.38,4.86,4.78,4.65,5.54,4.56,5.04,4.45,4.63,4.59,4.55,4.67,4.74,4.44,4.6,4.89,4.5,4.62,4.68,4.61,6.67,7.3,5.61,4.53,4.48,4.64,4.31,4.47,4.55,4.59,4.69,4.74,4.38,4.76,5.68,4.15,4.78,4.94,4.66,4.68,5.26
ATP1A2,3.96,4.4,4.07,4.21,4.61,4.33,4.35,4.67,4.3,4.22,4.46,4.19,4.04,5.3,4.22,4.45,4.01,4.9,4.27,4.23,4.24,4.3,4.37,4.35,4.43,4.39,3.87,4.1,4.09,4.71,5.19,6.36,4.12,4.51,4.17,4.19,4.36,4.21,3.81,4.55,4.37,3.96,4.24,4.72,4.07,4.35,4.61,4.18,4.05,5.36
ATP1A2,4.53,4.78,4.98,4.77,5.07,4.8,4.86,5.02,4.75,4.95,4.88,4.94,4.59,5.77,4.8,4.7,4.78,4.49,4.73,4.71,4.95,4.56,4.67,4.85,4.66,4.73,4.47,4.91,4.66,5.74,6.4,6.13,4.82,4.68,5,4.73,4.6,4.62,5.03,4.82,4.93,4.98,4.71,6.28,4.52,4.9,4.96,4.73,4.89,4.62
ATP1A2,3.6,3.58,3.77,3.63,3.89,4.28,3.75,3.74,3.65,3.61,3.71,3.65,3.58,5.07,3.72,3.83,3.41,3.63,3.59,3.62,3.59,3.88,3.54,3.68,3.94,3.56,3.94,3.76,3.83,4.88,6.26,8.23,3.54,3.8,3.65,3.61,3.81,3.7,4.2,3.7,3.99,3.65,3.73,8.84,3.61,3.96,4.23,3.83,3.54,4.12
ATP1A2,4.77,4.47,4.74,4.69,4.24,4.94,4.91,4.69,4.64,4.24,4.5,4.66,4.41,5.35,4.58,4.59,4.34,4.55,4.9,4.59,4.84,4.65,4.66,4.77,5.03,4.39,4.35,4.7,4.45,4.71,7.5,6.03,4.68,4.46,4.61,4.67,4.64,4.75,4.65,4.96,4.68,4.48,4.53,5.39,5.2,4.78,4.26,4.9,4.66,4.61
ATP1A3,4.48,4.45,4.84,4.87,4.71,5.25,4.41,4.92,4.62,4.65,4.66,5.1,4.72,5.66,4.7,4.57,4.64,5.07,4.58,4.61,4.65,4.97,4.6,4.48,4.54,4.43,4.6,4.68,4.63,5.34,5.78,5.06,4.6,4.5,4.57,4.61,4.54,4.54,4.69,4.51,5,4.45,4.35,4.72,4.1,4.22,5.1,4.5,4.64,4.69
ATP1A3,4.42,4.51,4.72,4.6,4.32,5.16,4.51,4.69,4.77,4.73,4.89,4.58,4.55,4.75,4.48,4.28,4.54,4.55,4.74,4.62,4.36,4.69,4.64,4.66,4.61,4.53,4.85,4.45,4.69,4.72,5.36,5.46,4.23,4.49,4.58,4.89,4.91,4.58,4.63,4.54,4.82,4.53,4.52,4.85,4.78,5.02,4.91,4.74,4.68,4.57
ATP1A3,4.91,4.86,5.15,5.19,5.84,5.22,5.16,5.4,5.09,5.17,5.08,5.07,5.04,5.76,4.74,5.08,4.73,5.1,4.98,5.06,5.29,4.95,4.78,5.18,5.12,4.92,5.04,5.28,4.81,6.07,5.14,6.1,5.11,5.07,4.92,5.07,5.5,5,5.5,4.91,4.99,5.22,5.51,6.53,5.02,4.99,5.27,4.86,4.95,6.12
ATP1A4,5.49,5.69,5.68,5.85,6.02,5.84,5.9,6.11,5.49,5.78,5.94,5.8,5.76,6.58,5.99,6.25,5.88,5.72,5.92,5.58,6.41,6.23,6.18,5.76,6.5,6.02,5.98,5.84,5.57,4.48,6.91,6.41,6.05,5.88,6.4,6.02,5.99,5.98,5.98,5.98,5.64,5.82,6.25,6.43,5.54,5.74,5.55,6.11,5.77,6.31
ATP1B1,7.22,7.03,7.06,6.77,6.18,7.15,7.24,6.9,7.29,7.28,6.92,6.73,7.05,6.25,7.53,7.43,7.45,7.16,7.07,6.92,7.18,7.21,7.08,7.53,7.39,7.39,7.2,7.01,6.97,6.99,5.72,4.38,7.61,7.23,7.46,7.34,7.12,6.79,6.79,7.05,7.22,7.49,7.4,6.38,7.17,7.34,7.17,6.76,6.77,5.25
ATP1B1,10.65,10.74,10.87,10.92,10.83,10.72,10.73,10.7,10.86,10.85,10.85,10.95,10.85,11.61,11.12,10.97,11.01,10.8,10.67,10.62,10.91,10.95,10.92,10.99,11.04,10.98,10.71,10.81,10.42,10.1,10.44,11.2,11.06,11.07,11.21,11.03,10.93,11.05,10.82,10.88,10.92,10.74,10.9,11.34,10.99,10.73,10.69,10.78,10.56,11.91
ATP1B1,9.18,9.06,9.38,9.21,8.77,8.74,8.97,9.12,9.35,9.26,8.93,9.38,9.06,8.8,9.62,9.39,9.5,9.09,9.05,8.99,9.23,9.33,9.1,9.7,9.58,9.52,9.12,9.08,8.43,5.88,6.41,8.38,9.55,9.45,9.66,9.59,9.35,9.42,8.35,9.28,9.15,8.95,8.69,9.07,9.17,8.92,9.15,9.18,8.85,8.69
ATP1B2,3.9,4.07,4.02,4.22,4.16,3.8,4.78,4.05,4.11,3.9,4.25,4.29,3.95,4.5,4,4.23,4.01,4.13,4.02,3.92,3.93,4.19,4.18,4.13,4.23,3.71,4.14,4.16,4.03,4.19,6.55,5.52,4.27,4.38,4.49,4.07,3.74,4.05,4.35,3.94,4.07,4.19,3.81,6.68,4.52,4.39,4.3,3.98,3.9,5.05
ATP1B2,5.42,5.89,5.44,5.54,6.02,5.58,5.82,5.75,5.3,5.82,5.69,5.44,5.41,8.47,5.82,5.74,5.52,5.85,5.37,5.68,5.65,5.77,5.63,5.85,5.6,5.7,5.56,5.71,5.97,5.14,7.09,5.91,5.64,5.65,5.66,5.44,5.44,5.51,5.63,5.81,5.61,5.61,5.77,8.04,5.52,5.76,5.44,5.48,5.47,8.52
ATP1B3,10.11,10.45,10.03,10.12,9.94,10.1,9.97,9.93,10.21,10.04,10.49,10.09,10,9.72,10.16,10.03,10.2,9.84,9.93,9.97,10.36,10.38,10.61,10.32,10.37,10.23,10.12,10.16,10.18,9.25,7.03,8.84,10.03,9.96,10.08,10.04,9.9,9.99,10.11,10.16,10.22,9.97,9.99,9.86,10.26,10.37,10.41,10.11,10.26,9.16
ATP1B3,12.17,12.09,12.1,12.13,12.04,12.09,12.11,12.07,12.22,12.17,12,12.12,12.24,10.69,11.97,11.99,12.1,12.06,12.07,11.96,12.32,12.19,12.14,12.15,12.16,12.24,12.2,12.11,12.11,12,8.78,10.86,12.22,12.15,12.2,11.98,12.06,11.91,12.04,12.13,12.18,11.99,11.99,10.95,12.32,12.22,12.26,12.1,12.11,10.23
ATP1B4,4.1,4.37,4.09,3.94,4.3,4.22,5.33,3.86,4.12,4.12,4.06,4.2,4.19,4.57,4.03,4.33,3.77,4.09,4.24,4.02,3.97,4.39,4.11,3.95,4.07,4.2,4.1,4.41,4.16,5.75,6.52,4.68,4.18,3.95,4.43,4.15,4.29,4.41,4.98,3.97,4.15,4.15,4.24,4.38,4.34,4.23,4.2,3.99,4.05,4.64
ATP1B4,3.84,3.55,3.56,3.46,3.5,3.75,4.65,3.54,3.65,3.63,3.7,4.06,3.68,3.95,3.64,3.62,3.42,3.65,3.81,3.39,3.69,3.53,3.55,3.43,3.69,3.42,3.78,3.66,3.6,4.17,4.19,4.95,3.67,3.61,3.74,3.38,3.67,3.53,4.34,3.28,3.47,3.66,3.26,4.21,3.68,3.46,3.42,3.35,3.79,4.11
ATP2A1,5.34,5.2,5.47,5.53,4.93,5.08,4.7,5.11,4.96,5.27,5.23,5.22,4.99,4.99,5.32,5.2,5.18,5.21,5.51,5.38,5.31,5.16,5.01,5.35,5.49,4.97,5.61,5.36,5.07,5.95,5.78,6.48,5.55,5.11,4.79,5.44,5.26,4.94,4.49,5.27,5.08,5.67,5.58,6.19,5.64,5.44,5.62,5.41,5.26,5.73
ATP2A2,7.73,8,7.88,7.89,7.91,7.76,7.57,7.92,7.88,8.01,8.22,7.88,7.79,6.72,7.76,7.67,7.65,7.8,7.92,7.95,7.55,7.85,8.01,7.64,7.98,7.68,7.76,7.87,8.1,8.69,6.76,7.4,7.25,7.3,7.19,7.86,7.61,7.42,7.08,7.76,7.71,8.11,8.08,7.13,7.81,7.83,7.81,8.13,8.18,6.32
ATP2A2,9.22,9.57,9.18,9.27,9.3,9.46,8.82,9.08,9.43,9.33,9.77,9.33,9.23,8.9,9.15,8.85,9.07,9.28,9.39,9.38,9.16,9.15,9.51,9.17,9.29,9.18,9.37,9.37,9.36,9.56,7.51,10.01,8.72,8.71,8.72,9.18,9.07,9.01,8.58,9.2,9.25,9.38,9.35,8.91,9.24,9.26,9.28,9.35,9.44,8.55
ATP2A2,10.12,9.92,10.03,10.01,9.58,9.67,9.87,10.18,10.07,10.11,9.46,10.17,10.16,8.84,9.66,9.88,9.77,9.94,9.85,10.05,9.9,9.94,9.47,9.82,9.81,9.86,9.94,10.07,9.82,9.55,9.12,9.45,9.8,9.98,9.8,9.73,9.67,9.94,9.6,9.88,9.84,9.73,9.43,8.83,9.93,9.68,9.83,9.96,10.16,8.93
ATP2A2,5.45,4.9,5.41,5.51,5.21,5.42,5.21,5.44,5.37,5.27,5.19,5.48,5.35,5.12,5.3,5.46,5.03,5.36,5.31,5.72,5.15,5.58,5.51,4.94,5.67,5.38,5.24,5.68,5.17,5.27,6.2,4.72,5.18,5.36,5.4,5.05,5.54,4.95,6.16,5.18,5.34,5.05,5.9,5.36,5.25,5.03,5.7,5.34,5.29,5.06
ATP2A2,7.89,8.04,7.86,7.97,7.91,7.96,7.86,7.95,7.93,8.16,8.16,7.99,7.76,6.58,7.63,7.42,7.57,7.85,7.96,7.91,7.97,7.91,8.03,7.79,7.73,7.89,7.98,8.06,8.15,8.04,7.84,6.92,7.32,7.5,7.46,7.72,7.71,7.6,7.62,7.8,7.77,8.15,7.96,6.65,7.78,7.79,8.01,7.95,8.25,6.7
ATP2A2,12.26,12.32,12.26,12.29,12.33,12.3,12.08,12.25,12.25,12.28,12.53,12.33,12.32,12.9,12.15,12.18,12.14,12.21,12.26,12.17,12.19,12.21,12.29,12.2,12.23,12.2,12.27,12.33,12.47,12.47,12.68,12.97,12.06,12.12,12.18,12.2,12.11,12.11,12.13,12.17,12.31,12.25,12.09,12.51,12.11,12.13,12.19,12.29,12.42,12.76
ATP2A3,5.99,6.26,6.13,6.08,6.44,6.26,6.7,6.07,5.87,6.27,6.37,6.03,6.01,5.82,5.97,6.22,5.77,5.75,5.93,5.77,5.84,6,6.32,5.57,5.68,5.9,6.22,6.06,6.58,6.79,7.55,6.44,5.77,5.93,6.02,6.12,5.89,5.77,5.92,6.14,5.6,6.25,6.12,6.94,6.34,6.66,6.55,5.72,5.74,5.72
ATP2A3,5.33,5.5,5.63,5.45,5.95,5.46,5.4,5.82,5.58,5.54,5.59,5.53,5.28,6.31,5.56,5.52,5.48,5.6,5.63,5.56,5.38,5.62,5.66,5.82,5.59,5.24,5.48,5.82,5.64,5.21,5.54,6.94,5.28,5.57,6.02,5.6,5.46,5.8,5.69,5.42,5.73,5.5,5.74,6.32,5.29,5.6,5.86,5.5,5.43,7.37
ATP2A3,4.63,4.52,4.51,4.43,4.54,4.53,5.06,4.46,4.43,4.2,4.44,4.48,4.52,4.48,4.26,4.37,4.31,4.46,4.77,4.46,4.4,4.43,4.49,4.43,4.24,4.38,4.17,4.43,4.87,4.69,4.39,4.57,4.51,4.37,4.52,4.33,4.1,4.37,4.61,4.4,4.09,4.53,4.79,4.15,4.23,4.19,4.57,4.27,4.27,4.26
ATP2B1,6.01,6.35,5.94,5.93,5.29,5.82,5.35,5.54,6.16,6.06,6.19,6.17,6.26,5.69,6.07,5.63,5.9,5.48,5.65,5.74,6.34,6.2,6.62,5.89,6.21,6.04,5.94,5.92,6.01,6.4,6.08,5.63,5.98,5.81,5.76,5.88,5.79,5.74,6.16,5.56,6.07,5.65,5.54,6.45,5.96,6.23,5.72,5.63,6.16,5.97
ATP2B1,5.95,6.16,5.59,5.76,5.71,4.72,3.86,5.36,5.79,5.94,5.96,5.72,6.1,5.1,5.96,5.3,5.74,5.16,5.5,5.23,5.77,5.65,6.31,5.68,5.95,5.64,5.22,5.57,5.36,5.78,4.79,5,5.53,5.48,5.71,5.44,5.06,5.66,5.08,5.59,5.17,5.49,5.36,4.25,4.99,5.72,5.87,5.62,5.85,5
ATP2B1,8.78,8.57,8.42,8.27,8.21,8.71,8.26,8.54,8.69,8.66,8.32,8.43,8.22,6.45,8.61,8.64,8.37,8.28,8.31,8.42,8.59,8.88,8.58,8.76,8.86,8.85,8.39,8.51,8.16,7.85,6.56,5.65,8.69,8.47,8.58,8.64,8.04,7.94,7.38,8.67,8.51,8.28,8.16,6.08,8.75,8.73,8.97,8.27,7.93,5.69
ATP2B1,9.04,9.56,8.84,8.91,8.36,9.17,9.19,8.75,9.2,8.9,9.45,8.95,9.06,7.79,8.98,8.91,8.93,8.71,8.69,8.46,9.1,9.29,9.63,9.29,9.05,9.26,8.87,9,9.07,9.23,6.51,6.29,8.85,8.86,8.88,8.99,8.98,8.41,8.89,8.92,9.13,8.89,8.91,7.45,9.12,9.41,9.26,9,8.85,6.92
ATP2B2,4.46,4.37,4.39,4.49,4.24,3.82,3.56,4.58,4.27,4.32,4.37,4.59,4.4,5.45,4.17,4.2,4.26,4.27,3.95,4.25,3.9,4.73,4.34,4.75,4.13,4.6,4.82,4.49,4.59,3.79,5.38,4.34,4.24,4.09,4.41,4.47,4.11,4.13,4.21,4.29,4.21,4.39,3.87,4.77,4.16,4.27,4.56,4.26,4.39,5.52
ATP2B2,3.89,4.01,3.77,3.65,3.8,4.04,3.99,3.86,3.77,3.75,3.89,3.87,4.12,5.67,3.83,3.88,3.75,3.89,3.64,3.83,3.81,4.02,3.92,3.89,3.98,3.79,4.22,4.07,3.88,3.68,5.27,4.62,4.25,3.66,3.64,3.91,3.94,3.61,3.72,4.1,4,3.79,3.85,3.9,3.78,3.82,4.21,3.9,4.13,3.95
ATP2B2,3.66,4.2,3.42,3.85,3.64,4.33,3.51,3.95,3.75,3.55,3.84,3.57,3.71,4.05,3.77,3.7,3.64,3.71,3.65,3.8,3.74,3.95,3.92,3.96,3.54,3.54,3.64,3.79,3.68,3.98,4.53,4.02,3.64,3.76,3.83,3.93,3.68,3.7,3.76,3.63,3.67,3.59,4.2,5.2,3.56,3.8,3.61,3.73,3.7,4.66
ATP2B2,4.22,4.1,4.39,3.89,4.19,3.96,4.1,3.99,3.9,4.43,3.94,4.33,4.08,6.06,3.92,4.38,4.24,4.07,4.31,3.98,3.96,4.09,4.11,3.99,4.18,3.8,4.12,4.48,4.27,4.74,5.34,4.97,3.93,4.06,4.1,3.92,4.1,3.99,4.12,3.97,4.05,4.33,4.28,5.09,4.18,4.3,3.77,4.35,3.99,5.64
ATP2B2,3.7,3.85,3.73,3.91,4.15,4.35,4.65,3.75,3.82,4.14,3.81,3.97,4.06,4.57,4.3,4.15,3.76,4.16,3.88,3.9,4.52,3.8,3.89,3.9,3.97,3.78,3.86,4.02,3.77,5.42,5.41,4.47,3.92,3.91,4.13,3.81,4.17,4.02,4.26,3.88,3.71,4.17,4.24,5.37,3.99,4.19,3.65,3.99,3.96,5.22
ATP2B3,3.77,3.75,3.75,3.75,4.08,3.72,3.95,3.69,3.68,3.64,3.96,4.05,4.04,4.25,3.92,3.64,3.69,3.95,4.03,3.82,4.01,3.95,4,3.99,4.02,3.65,3.71,3.87,3.71,3.92,5.66,5.82,3.82,3.82,3.86,3.74,3.92,3.78,3.99,4,3.74,4.08,4.17,4.99,3.8,3.79,3.56,3.62,3.83,5.7
ATP2B3,4.44,4.35,4.26,4.5,4.2,4.56,5.13,4.67,4.4,4.27,4.65,4.39,4.29,5.86,4.2,4.25,3.94,4.47,4.19,4.45,4.2,4.05,4.32,4.51,4.41,4.13,4.7,4.52,4.52,6.26,6.25,5.44,4.44,4.65,4.15,4.24,4.25,4.12,4.4,4.46,4.05,4.37,4.05,4.37,4.14,4.39,4.28,4.41,4.06,4.38
ATP2B3,4.08,4.18,4.14,4.3,4.32,3.83,6.39,4.11,3.97,4.36,4.13,4.11,4.1,4.85,3.74,3.92,4.02,4.17,4.14,4.24,3.95,4.19,4.3,4.26,3.79,3.85,4.35,4.42,4.04,4.67,4.36,5.14,4.32,3.72,4.12,3.79,4.28,3.82,4.52,4.23,4.03,4.08,3.91,4.66,3.98,4.18,4.13,4.08,4.03,4.32
ATP2B4,8.15,8.39,8.34,8.43,8.3,8.04,7.75,8.07,8.36,8.31,8.48,8.32,8.43,7.55,8.25,8.33,8.1,8.37,8.27,8.34,8.32,8.35,8.67,8.37,8.33,8.56,8.3,8.04,8.36,6.84,8.19,7.36,7.95,7.97,8.01,8.24,8.35,8.09,8.33,8.32,8.3,8.63,8.6,7.99,8.24,8.13,8.25,8.38,8.48,7.56
ATP2B4,5.78,5.72,5.65,5.65,5.68,5.41,5.54,5.59,5.59,5.83,5.93,5.78,5.61,5.59,5.64,5.62,5.51,5.74,5.67,5.73,5.66,5.58,5.69,5.44,5.54,5.34,5.65,5.71,5.67,5.69,7.32,6.21,5.76,5.61,5.71,5.58,5.49,5.46,5.43,5.31,5.05,5.68,5.64,5.74,5.31,5.66,5.23,5.47,5.59,5.74
ATP2B4,5.36,4.85,5.42,5.08,5.94,6.39,6.1,5.39,5.25,5.32,5.33,4.92,4.37,6.32,5.63,5.28,5.38,6,5.95,5.96,5.42,5.37,5.62,5.96,5.93,6.25,5.49,5.48,5.19,5.66,6.02,5.34,5.23,5.14,5.56,5.77,6.14,5.26,5.95,6.34,5.87,5.45,5.59,5.88,5.41,5.51,5.86,5.23,4.39,5.9
ATP2B4,3.2,3.21,3.32,3.31,3.4,3.41,3.92,3.43,3.32,3.18,3.3,3.42,3.26,3.54,3.28,3.23,3.3,3.41,3.22,3.43,3.42,3.61,3.24,3.58,3.43,3.51,3.42,3.46,3.55,3.82,4.96,3.55,3.48,3.37,3.47,3.31,3.53,3.39,4.06,3.32,3.61,3.34,3.49,3.87,3.6,3.5,3.26,3.27,3.65,3.67
ATP2B4,3.62,3.87,3.86,3.98,4.08,3.77,4.67,4.21,3.94,3.75,3.72,3.74,3.92,4.56,3.79,4.01,3.86,3.95,3.95,3.88,4.04,4.03,3.92,4.01,3.74,3.81,4.05,3.84,4.01,4.95,5.72,6.26,4.13,3.93,4.06,3.92,3.99,3.96,6.12,3.94,4.09,3.92,3.75,5.32,4.49,3.91,4.31,4.07,3.84,4.25
ATP2C1,9.06,9.01,9.04,9.03,9.15,9.14,8.62,8.85,8.98,8.99,9.13,9.1,9,8.55,8.87,8.8,9.06,9.16,9.31,9.25,8.56,8.74,8.87,9,9.01,8.91,8.99,8.97,9.1,8.92,7.64,8.89,8.85,8.83,8.91,9.07,9.02,9.19,8.4,8.99,8.91,8.91,9.05,8.74,9.02,8.86,9.09,9,9.01,8.03
ATP2C1,11.55,11.42,11.35,11.44,11.18,11.06,10.87,11.38,11.53,11.44,11.27,11.59,11.58,9.2,11.52,11.36,11.43,11.58,11.58,11.69,11.35,11.4,11.19,11.28,11.32,11.21,11.35,11.44,11.25,11.23,8.85,9.4,11.37,11.46,11.45,11.58,11.26,11.52,10.73,11.41,11.29,11.35,11.17,9.35,11.23,11.08,11.39,11.39,11.32,9.07
ATP2C1,9.31,9.41,9.14,9.21,9.22,9.13,8.95,8.9,9.39,9.23,9.47,9.26,9.54,9.15,9.16,9.12,9.27,9.31,9.25,9.33,9.25,8.91,9.33,8.9,8.95,9.18,9.16,9.04,9.5,9.33,7.32,9.17,9.11,9.18,9.17,9.24,9.37,9.19,9.16,9.11,9.13,9.08,9.36,9.48,9.15,9.04,9.19,9.07,9.44,8.48
ATP2C1,8.59,8.86,8.7,8.72,8.72,8.62,8.13,8.42,8.95,8.76,8.96,8.63,8.77,8.06,8.5,8.54,8.58,8.43,8.64,8.88,8.68,8.71,8.84,8.44,8.59,8.67,8.68,8.83,8.75,8.58,6.16,7.93,8.15,8.18,8.33,8.92,8.62,8.56,7.82,8.8,8.76,8.84,8.82,8.19,8.65,8.51,8.56,8.7,8.76,7.26
ATP2C1,10.11,9.93,9.91,9.98,9.68,9.49,9.09,9.79,10.21,10.03,9.68,10.12,10.22,7.77,9.77,9.86,9.86,10.14,10.16,10.26,9.79,9.88,9.64,9.76,9.81,9.76,9.85,10.01,9.73,9.79,7.19,8.98,10.02,10.02,9.78,9.95,9.86,9.99,9.22,9.73,9.75,9.69,9.45,7.95,9.78,9.51,9.81,9.82,9.83,7.83
ATP2C1,9.8,10.05,9.56,9.79,9.9,9.71,9.31,9.24,9.97,9.67,10.04,9.78,9.96,10.05,9.73,9.48,9.73,9.89,9.88,9.86,9.56,9.48,9.86,9.47,9.36,9.52,9.69,9.59,9.84,10.02,9.39,9.73,9.66,9.61,9.59,9.79,9.74,9.4,9.47,9.54,9.6,9.47,9.87,10.19,9.27,9.49,9.52,9.57,9.81,9.34
ATP2C2,3.89,3.99,4.63,3.97,4.05,4.29,4.34,4.21,4.06,4.15,3.81,3.78,3.92,5.2,3.97,4.03,4.03,4.19,4.11,4.11,4.28,4.06,3.82,4.27,4.37,4.09,3.93,4.14,4.08,4.19,6.06,5.14,3.87,3.88,4.15,3.94,3.71,4.06,4.92,4.2,4.12,4.29,4.07,5.01,4.02,4.62,4.08,3.66,3.96,5.82
ATP2C2,5.66,5.79,5.95,6.02,6.23,6.17,6.36,6.47,5.76,5.98,5.82,5.63,5.55,6.34,5.98,5.89,5.67,5.88,5.92,6.11,5.85,5.89,5.9,5.89,5.99,5.82,5.82,5.97,5.71,5.99,5.23,6.03,5.85,5.82,6.13,5.83,6.17,5.86,6.42,5.92,5.95,5.66,6.1,6.36,6.17,5.78,6.08,5.83,5.68,7.69
ATP4A,4.47,4.42,4.79,4.56,4.83,5.02,4.83,5.12,4.4,4.61,4.66,4.23,4.52,5.6,4.74,4.46,4.75,4.51,4.82,4.59,4.56,4.96,4.62,4.99,4.55,4.57,4.49,4.69,4.41,4.24,5.43,4.62,4.87,4.51,4.89,4.99,4.54,4.57,4.55,4.71,4.67,4.88,4.75,5.95,4.07,4.21,4.35,4.81,4.38,5.74
ATP4B,3.79,3.67,3.69,3.58,3.65,4.27,3.83,3.79,3.92,3.91,3.75,3.81,3.66,5.61,3.99,3.61,3.74,4.14,4.07,4.08,3.54,3.93,3.87,3.65,4,3.73,3.81,4.18,3.63,4.14,5.92,4.32,3.93,3.77,3.76,3.69,3.58,4.29,3.74,3.75,3.71,3.96,4.17,4.46,3.49,4.48,3.73,3.9,3.77,4.29
ATP5A1,12.17,12,12.1,12.16,12.12,12.17,12.11,12.08,12.22,12.03,11.96,12.12,12.3,11.09,12.02,12.14,12.05,12.2,12.22,12.11,12.13,12.09,12.13,11.97,11.84,12.11,12.16,12.11,12.18,12.42,10.86,11.09,12.15,12.05,11.96,11.89,12.18,11.98,12.23,12.08,12.16,12.01,12.15,10.7,12.14,12.18,12.07,12.18,12.31,10.69
ATP5A1,11.98,11.35,11.81,11.84,10.96,11.33,11.57,11.91,11.85,11.93,10.97,11.88,11.88,11.01,11.83,11.85,11.7,11.94,11.95,11.97,11.73,11.65,11.12,11.8,11.73,11.8,11.8,11.81,11.27,10.02,8.33,10.19,11.74,11.71,11.68,11.73,11.42,11.83,11.14,11.66,11.42,11.47,11.12,10.31,11.6,11.3,11.65,11.81,11.77,11.07
ATP5A1,12.11,11.62,11.95,11.99,11.21,11.55,11.89,12.01,11.93,12.15,11.35,12.06,12.04,10.73,11.97,11.95,11.92,12.06,12.12,12.12,11.92,11.86,11.33,11.9,11.85,11.91,11.94,11.98,11.46,10.54,9.29,9.71,11.93,11.99,11.89,11.83,11.57,12.01,11.37,11.86,11.64,11.67,11.33,10.16,11.8,11.51,11.85,11.98,11.84,10.77
ATP5A1,11.95,11.89,11.81,11.85,11.85,11.98,11.94,11.65,12.1,11.72,12.05,11.79,12.31,11.32,11.72,11.79,11.83,11.84,11.81,11.66,12.04,11.89,12.09,11.44,11.58,11.83,11.89,11.76,12.28,12.4,11.12,11.12,11.87,11.7,11.6,11.6,11.95,11.46,11.91,11.66,11.97,11.74,11.93,11.07,11.89,11.87,11.75,11.92,12.23,10.65
ATP5B,12.5,12.28,12.44,12.5,12.26,12.4,12.27,12.35,12.57,12.43,12.27,12.53,12.56,10.94,12.4,12.4,12.45,12.51,12.51,12.37,12.47,12.5,12.66,12.47,12.41,12.44,12.38,12.48,12.47,12.32,9.87,11.42,12.5,12.51,12.48,12.44,12.32,12.44,12.16,12.33,12.38,12.28,12.18,10.66,12.17,12.12,12.18,12.46,12.46,10.95
ATP5B,12.95,12.82,12.94,13,12.79,12.8,12.73,12.93,12.97,13.03,12.82,13.06,13.02,11.75,12.96,12.92,12.94,13,13.01,12.96,12.95,13,13.05,13.03,12.99,12.95,12.94,13,12.89,12.62,11.42,11.54,12.99,13.1,13.02,12.98,12.76,13.03,12.54,12.86,12.84,12.75,12.64,11.33,12.64,12.59,12.76,12.98,12.92,11.14
ATP5C1,10.52,10.4,10.45,10.53,10.09,10.28,10.36,10.31,10.59,10.55,10.27,10.61,10.65,9.75,10.31,10.31,10.36,10.46,10.53,10.45,10.42,10.42,10.25,10.29,10.27,10.43,10.42,10.56,10.33,9.99,10.01,9.46,10.22,10.28,10.19,10.31,10.21,10.35,10,10.37,10.37,10.29,10.23,10.06,10.27,10.21,10.17,10.57,10.41,10.2
ATP5C1,8.46,8.17,8.26,8.7,8.98,8.56,8.25,8.32,8.41,8.26,8.74,8.59,8.42,8.43,8.33,8.35,8.23,8.44,8.15,8.28,8.39,8.45,8.46,8.03,8.34,8.44,8.49,8.8,8.59,8.32,7.28,7,7.79,8.05,8.13,8.62,8.36,8.04,8.05,8.25,8.64,8.52,8.49,7.65,8.27,8.49,8.45,8.49,8.67,7.74
ATP5C1,9.6,9.62,9.53,9.65,9.8,9.92,9.56,9.66,9.73,9.54,9.59,9.77,9.72,9.22,9.55,9.62,9.56,9.76,9.51,9.68,9.64,9.58,9.72,9.53,9.53,9.68,9.59,9.73,9.82,9.72,8.42,8.72,9.41,9.45,9.44,9.57,9.61,9.47,9.32,9.6,9.69,9.65,9.64,9.1,9.84,9.61,9.66,9.85,9.91,8.26
ATP5D,10.92,10.9,10.97,10.87,11.14,10.99,10.69,10.87,10.87,10.71,10.61,10.74,10.84,7.99,10.57,10.56,10.68,10.93,10.93,10.97,10.67,10.45,10.7,10.67,10.64,10.71,10.96,10.63,11.07,11.15,7.51,8.67,10.51,10.48,10.54,10.54,10.8,10.77,10.93,10.84,10.79,10.64,10.86,6.82,10.87,10.78,10.75,10.84,10.9,9.87
ATP5D,11.47,11.4,11.58,11.39,11.66,11.63,11.25,11.42,11.37,11.34,11.28,11.29,11.39,9.49,11.04,11.05,11.2,11.48,11.55,11.52,11.32,11.07,11.27,11.23,11.15,11.22,11.55,11.24,11.67,11.07,9.96,9.13,11.13,11.03,10.9,11.32,11.28,11.33,11.29,11.37,11.42,11.21,11.39,10.01,11.46,11.36,11.26,11.42,11.46,9.82
ATP5D,11.37,11.35,11.54,11.44,11.52,11.56,11.28,11.55,11.39,11.32,11.27,11.32,11.24,9.67,11.17,11.11,11.23,11.51,11.5,11.51,11.19,11.08,11.28,11.36,11.33,11.24,11.45,11.27,11.53,11.1,9.63,9.95,11.1,11.05,10.98,11.31,11.4,11.46,11.62,11.47,11.4,11.27,11.31,9.76,11.45,11.3,11.42,11.36,11.42,9.41
ATP5E,12.29,12.31,12.28,12.28,12.26,12.43,12.44,12.28,12.38,12.25,12.21,12.27,12.5,12.11,12.18,12.16,12.21,12.18,12.29,12.29,12.49,12.25,12.33,12.11,12.09,12.36,12.29,12.12,12.46,12.58,11.87,12.2,12.1,12.11,11.97,12.19,12.42,12.2,12.36,12.34,12.51,12.28,12.35,11.89,12.49,12.44,12.33,12.33,12.53,11.64
ATP5E /// ATP5EP2,7.09,7.29,7.08,7.12,6.94,7.1,6.97,6.93,7.2,7.09,7.08,7.22,7.24,6.82,6.98,7.13,7.04,7.2,7.14,7.02,7.29,7.28,7.32,7.26,7.01,7.23,7.12,6.96,7.31,7.18,6.27,6.46,7.04,6.89,6.94,7.1,6.92,7.25,7.23,6.98,7.21,7.18,7.16,7.44,7.16,7.02,7.19,7.07,6.98,6.95
ATP5F1,13.23,13.21,13.18,13.22,13.23,13.19,13.04,13.14,13.22,13.22,13.33,13.25,13.19,13.17,13.32,13.24,13.28,13.23,13.21,13.26,13.22,13.27,13.31,13.29,13.27,13.22,13.19,13.3,13.2,13.08,13.03,12.97,13.1,13.2,13.24,13.3,13.18,13.24,13.08,13.21,13.2,13.17,13.07,13.19,13.15,13.13,13.2,13.23,13.19,13.14
ATP5F1,11.5,11.5,11.49,11.51,11.38,11.43,11.22,11.38,11.56,11.54,11.48,11.47,11.57,11.29,11.37,11.5,11.55,11.44,11.5,11.48,11.58,11.53,11.62,11.39,11.3,11.52,11.5,11.46,11.46,11.4,11.07,11.24,11.4,11.45,11.37,11.43,11.48,11.5,11.36,11.42,11.49,11.32,11.38,10.75,11.48,11.4,11.45,11.52,11.52,10.5
ATP5F1,4.13,4.03,3.98,4.4,3.9,4.64,4.3,4.08,4.27,4.17,4.12,4.17,3.97,4.1,4.09,4.17,3.99,3.95,4.1,4.27,4.08,4,4.41,4.39,4.01,3.91,4.12,3.91,4.12,4.35,4.24,5.08,4.11,3.99,3.93,4.15,4.64,4.13,4.22,4.04,4.3,4.34,4.08,4.24,4.11,4.24,4.47,3.91,4.01,3.77
ATP5F1,4.38,4.6,4.24,4.33,4.66,4.34,4.32,4.05,4.54,4.4,4.54,4.64,4.64,4.63,4.68,4.09,4.28,4.25,4.6,4.28,4.49,4.56,4.97,4.32,4.4,4.42,4.51,4.45,4.46,4.52,6.61,3.91,4.28,4.28,4.17,4.65,4.43,4.28,4.38,4.11,4.52,4.31,4.15,4.86,4.43,4.52,4.34,4.22,4.61,4.21
ATP5G1,10.68,10.36,10.67,10.59,10.68,10.7,10.22,10.49,10.81,10.59,10.35,10.62,10.71,9.88,10.3,10.31,10.4,10.7,10.76,10.66,10.66,10.48,10.46,10.36,10.41,10.48,10.64,10.55,10.76,10.74,9.64,9.12,10.02,10.15,9.99,10.32,10.54,10.37,10.41,10.41,10.54,10.22,10.23,9.23,10.54,10.51,10.29,10.49,10.81,9.46
ATP5G2,12.6,12.5,12.61,12.64,12.54,12.54,12.42,12.65,12.53,12.61,12.32,12.6,12.51,10.67,12.51,12.44,12.55,12.59,12.65,12.57,12.57,12.48,12.39,12.51,12.51,12.54,12.6,12.63,12.47,12.35,11.2,10.65,12.42,12.35,12.34,12.56,12.58,12.64,12.51,12.59,12.59,12.69,12.72,11.09,12.54,12.5,12.54,12.62,12.54,11.19
ATP5G3,12.16,12.11,12.17,12.16,12.16,12.19,12.17,12.26,12.17,12.2,12.02,12.19,12.28,10.97,11.97,12.07,12.09,12.1,12.24,11.97,12.16,12.07,12.04,11.92,11.92,12.08,12.18,12.09,12.2,12.56,10.11,10.99,12.04,12.07,11.9,11.99,12.14,12.08,12.18,12.08,12.13,11.95,11.95,10.21,12.21,12.23,12.09,12.19,12.19,10.3
ATP5G3,5.32,5.4,5.37,5.51,5.27,5.36,5.37,5.6,5.67,5.68,5.56,5.43,5.39,5.63,5.53,5.39,5.48,5.54,5.67,5.83,5.59,5.63,5.67,5.59,5.48,5.46,5.58,5.28,5.53,5.16,5.2,5.92,5.34,5.27,5.11,5.41,5.5,5.37,5.27,5.44,5.24,5.38,5.39,5.29,5.86,5.89,5.71,5.44,5.4,5.24
ATP5G3,12.76,12.76,12.75,12.77,12.88,12.87,12.92,12.81,12.74,12.68,12.75,12.79,12.81,12.27,12.69,12.78,12.7,12.83,12.82,12.72,12.7,12.69,12.68,12.59,12.55,12.68,12.76,12.68,12.9,12.97,12.27,11.96,12.71,12.73,12.63,12.65,12.83,12.68,12.93,12.75,12.82,12.57,12.64,12.02,12.79,12.84,12.76,12.8,12.78,11.96
ATP5G3,12.99,12.9,12.99,12.99,13.13,13.13,13.09,12.97,13.01,12.93,13.01,12.97,13.08,12.98,12.98,13.01,12.94,13.03,13.01,12.83,12.99,12.98,12.98,12.84,12.94,12.93,13.02,12.98,13.17,13.25,12.87,12.89,13.03,12.94,12.93,12.87,13.09,12.94,13.18,12.86,13.04,12.87,12.89,12.83,13.03,13.06,12.99,13.03,13.07,12.92
ATP5H,11.9,11.89,11.89,11.91,11.83,11.74,11.67,11.75,11.99,11.92,11.58,11.84,12.08,10.64,11.53,11.6,11.62,11.92,11.96,11.93,11.86,11.72,11.65,11.66,11.64,11.74,11.86,11.86,11.74,11.93,9.97,10.74,11.68,11.61,11.61,11.55,11.65,11.7,11.83,11.77,11.89,11.58,11.62,10.13,11.82,11.77,11.68,11.81,11.9,10.01
ATP5I,12.5,12.69,12.41,12.43,12.59,12.68,12.64,12.25,12.6,12.37,12.72,12.48,12.77,12.19,12.34,12.47,12.47,12.5,12.54,12.33,12.59,12.47,12.67,12.3,12.2,12.48,12.6,12.42,12.91,13.05,12.1,12.2,12.33,12.19,12.19,12.25,12.6,12.27,12.67,12.38,12.63,12.46,12.59,12.01,12.63,12.66,12.5,12.55,12.74,11.21
ATP5I,12.31,12.3,12.28,12.2,12.19,12.28,12.23,12.11,12.33,12.17,12.19,12.17,12.47,11.59,12.05,12.13,12.19,12.2,12.33,12.13,12.31,12.09,12.31,12,11.88,12.19,12.3,12.07,12.47,12.51,11.44,11.59,12,12,11.86,12,12.32,12.03,12.18,12.13,12.37,12.16,12.31,11.02,12.34,12.27,12.19,12.26,12.4,10.6
ATP5J,11.68,11.74,11.74,11.72,11.58,11.63,11.51,11.61,11.63,11.67,11.65,11.79,11.92,11.1,11.46,11.5,11.53,11.77,11.85,11.72,11.61,11.54,11.55,11.48,11.42,11.54,11.67,11.6,11.67,11.83,11.21,11.14,11.41,11.52,11.29,11.45,11.5,11.55,11.68,11.67,11.7,11.47,11.45,10.28,11.84,11.86,11.76,11.69,11.68,10.4
ATP5J2,12.45,12.68,12.55,12.46,12.29,12.5,12.38,12.48,12.54,12.54,12.52,12.5,12.6,10.6,12.22,12.31,12.4,12.62,12.7,12.51,12.57,12.34,12.49,12.26,12.25,12.37,12.58,12.4,12.56,12.64,11.38,11.58,12.22,12.29,12.03,12.35,12.37,12.39,12.37,12.55,12.53,12.28,12.42,10.6,12.36,12.1,12.24,12.53,12.56,11.07
ATP5J2,11.47,11.56,11.58,11.5,11.51,11.52,11.2,11.56,11.51,11.52,11.61,11.5,11.59,10.27,11.17,11.37,11.42,11.6,11.62,11.59,11.55,11.28,11.5,11.31,11.25,11.35,11.77,11.44,11.55,11.96,9.97,10.65,11.28,11.27,11.17,11.38,11.44,11.38,11.59,11.63,11.67,11.38,11.33,10.59,11.39,11.31,11.36,11.68,11.63,9.98
ATP5J2,12.16,12.25,12.23,12.18,12.15,12.28,12.14,12.24,12.32,12.26,12.17,12.19,12.29,10.48,11.96,12.02,12.11,12.35,12.46,12.35,12.31,12.11,12.19,11.9,12.11,12.15,12.28,12.15,12.22,12.46,10.23,11.34,12.03,12.02,11.83,12.1,12.2,12.18,12.12,12.3,12.14,12.05,12.13,10.12,12.11,12.01,12.02,12.27,12.29,9.95
ATP5J2,11.79,11.83,11.8,11.77,11.82,11.74,11.85,11.82,11.72,11.82,11.84,11.91,11.77,11.54,11.59,11.65,11.7,11.92,11.94,11.88,11.72,11.71,11.69,11.62,11.69,11.65,11.83,11.88,11.85,11.83,11.07,11.66,11.54,11.65,11.58,11.75,11.71,11.78,11.81,11.85,11.83,11.63,11.6,11.06,11.57,11.5,11.64,11.82,11.82,11.56
ATP5J2,5.41,5.53,4.95,5.85,4.7,4.73,4.87,5.18,5.32,5.04,5.77,5.48,5.48,5.67,5.07,5.12,5.36,5.27,5.19,4.94,5.13,5.05,5.13,5.07,5.28,5.27,4.83,5.26,5.23,4.93,5.14,4.79,4.94,5.11,5.07,4.73,4.95,5.12,4.8,5.16,4.67,5.01,4.98,4.91,4.94,4.8,5.37,5.1,5.37,6
ATP5J2 /// PTCD1,6.98,7.19,7.3,6.84,7.27,7.61,7.34,7.11,6.88,6.99,7.18,6.84,6.93,8.67,7.05,7.23,7.11,7.46,7.12,7.02,7.17,6.81,6.94,7.06,7.14,6.97,7.31,7.01,7.13,7.7,7.84,8.25,7.23,7.26,7.22,7.08,6.96,7.15,7.32,7.14,7.14,7.12,7.4,7.22,6.77,6.99,6.97,7.21,7.39,8.43
ATP5J2 /// PTCD1,5.46,4.76,5.34,5.54,4.77,4.82,5.24,4.91,5.04,5.26,5.05,4.97,5.07,4.8,5.25,5.45,5.32,5.39,5.21,5.39,5.2,5.11,5.02,5.34,5.08,5.37,5.06,5.34,5.05,4.12,4.13,4.45,5.48,5.42,5.52,5.19,4.78,5.31,4.72,5.14,5.46,5.16,4.8,4.53,4.96,4.9,4.72,5.36,5.55,4.11
ATP5J2 /// PTCD1,13.14,13.06,13.08,13.1,13.02,13.02,12.73,13.03,13.12,13.04,13.02,13.15,13.23,11.97,13.03,13.04,13.04,13.25,13.26,13.31,13.07,13.01,13.17,13.04,12.96,13.01,13.07,13.07,13.1,13.09,11.79,12.13,12.78,12.93,12.86,13.03,12.95,13.09,12.85,13.1,13.08,12.92,12.84,11.78,12.88,12.81,12.92,13.15,13.16,11.87
ATP5J2 /// PTCD1,8.14,8.26,8.25,8.13,8.8,8.51,7.9,8.1,8.13,8.23,8.32,8.13,8.1,8.01,8.25,8.2,8.39,8.47,8.21,8.19,8.06,8.22,7.95,8.16,7.98,8.11,8.25,7.92,8.39,7.93,9.08,8.43,8.4,8.47,8.41,8.11,8.26,8.09,8.21,8.38,8.28,7.98,8.49,8.49,8.08,7.79,8.13,8.22,8.1,8.54
ATP5L,9.56,9.77,9.61,9.65,9.63,9.61,9.03,9.44,9.75,9.65,9.89,9.85,9.65,10.05,9.77,9.72,9.91,9.63,9.75,9.81,9.73,9.69,9.93,9.74,9.93,9.74,9.61,9.63,9.47,8.88,8.62,9.96,9.29,9.35,9.28,9.82,9.72,9.74,9.25,9.51,9.51,9.89,9.92,9.85,9.75,9.58,9.56,9.68,9.54,9.35
ATP5L,10.25,10.32,10.4,10.27,10.04,9.95,9.78,10.2,10.49,10.5,9.96,10.54,10.37,9.2,10.5,10.33,10.54,10.28,10.44,10.5,10.4,10.38,10.24,10.48,10.59,10.5,10.31,10.24,10.3,9.6,8.23,9.38,9.91,10.13,10.04,10.6,10.37,10.58,9.69,10.22,10.06,10.5,10.44,8.86,10.4,10.22,10.4,10.3,10.14,8.91
ATP5L,12.11,11.97,12.05,12.09,12.12,12.24,12.22,11.87,12.17,11.97,12.15,12.08,12.22,11.66,11.97,12.06,11.92,12.01,12.07,11.91,12.17,12.1,12.17,11.97,11.97,12.08,12.07,12,12.26,12.38,11.36,11.66,11.96,11.93,11.81,11.98,12.23,12,12.23,11.98,12.18,12.14,12.12,11.61,12.12,12.18,12.03,12.12,12.21,10.84
ATP5L2,4.12,4.57,4.14,4.18,4.45,5.07,4.2,4.15,4.33,4.15,4.43,4.14,4.43,4.1,4.31,4.32,4.55,4.37,4.49,3.98,4.52,4.86,4.72,4.01,4.1,4.33,4.2,4.33,4.44,4.24,5.78,4.54,4.32,4.19,4.34,4.23,4.06,3.94,4.14,4.39,4.21,4.4,4.27,4.09,4.36,4.3,4.27,4.38,4.56,4.25
ATP5O,11.95,11.81,11.95,11.99,11.93,11.92,11.89,11.83,12.01,11.94,11.79,11.88,12.04,11.27,11.75,11.74,11.82,12.02,12.09,11.98,11.98,11.82,11.98,11.71,11.74,11.86,12.05,11.8,11.95,12.16,10.89,11.3,11.64,11.61,11.51,11.72,11.86,11.75,11.93,11.97,12.01,11.86,12.03,11.3,11.97,11.95,11.8,11.96,12.03,10.9
ATP5O,11.94,11.98,11.96,11.9,11.85,11.85,11.76,11.86,12,12,11.94,12.01,12.06,11.53,11.8,11.75,11.81,12.01,12.07,12.03,11.98,11.89,11.92,11.75,11.81,11.86,12.05,11.89,11.98,11.86,11.17,11.6,11.65,11.68,11.51,11.83,11.78,11.78,11.77,11.96,11.97,11.91,11.99,11.33,11.89,11.88,11.87,11.98,12.02,11.16
ATP5O,11.82,11.81,11.88,11.85,11.79,11.95,11.75,11.76,11.95,11.91,11.85,11.8,11.94,11.37,11.67,11.66,11.79,11.88,11.94,11.95,11.89,11.78,11.86,11.69,11.73,11.8,11.93,11.75,11.9,11.93,10.59,11.4,11.52,11.54,11.52,11.67,11.77,11.78,11.81,11.84,11.94,11.8,11.87,11.39,11.85,11.88,11.74,11.89,11.95,11.02
ATP5O /// DONSON,9.31,9.77,9.29,9.4,8.96,8.99,8.65,9.16,9.59,9.39,9.42,9.18,9.24,8.44,9.14,8.99,9.31,9.41,9.5,9.47,8.82,8.67,8.97,8.88,8.94,8.89,9.28,9.36,9.3,8.65,8.14,8.5,9.57,9.66,9.62,9.08,8.74,9.18,8.5,9.04,9,9.05,8.96,8.66,9.01,8.91,8.66,8.99,9.09,7.67
ATP5S,7.61,7.45,7.61,7.51,7.24,7.67,7,7.82,7.74,7.64,7.41,7.63,7.44,5.79,7.19,7.03,7.41,7.83,7.61,7.75,7.67,7.56,7.48,7.43,7.6,7.47,7.59,7.68,7.52,6.82,5.83,5.7,7.15,7.18,6.97,7.19,7.22,7.76,7.99,8,7.68,7.77,7.63,7.71,7.86,7.64,7.83,7.65,7.54,6.08
ATP5S,7.76,7.95,7.88,7.9,7.8,7.66,8.07,7.64,7.97,8,7.83,7.97,7.9,6.91,7.47,7.5,7.68,7.86,7.96,7.93,7.87,7.91,7.75,7.82,7.88,7.69,7.84,7.84,7.57,6.63,6.45,6.44,7.34,7.18,7.23,7.82,7.61,7.58,7.51,8.16,7.93,7.96,8.01,6.61,8.33,7.89,8.16,7.9,7.8,5.94
ATP5SL,8.6,7.99,8.5,8.37,8.13,8.24,8.34,8.94,8.37,8.47,8,8.39,8.38,8.15,8.55,8.59,8.52,8.41,8.46,8.51,8.5,8.37,8.09,8.76,8.43,8.59,8.44,8.57,8.14,6.56,5.89,6.01,8.65,8.5,8.61,8.56,8.45,8.74,7.66,8.52,8.43,8.53,8.31,7.9,8.66,8.33,8.49,8.52,8.29,8.02
ATP5SL,8.63,8.54,8.76,8.68,8.9,8.95,8.62,8.91,8.55,8.56,8.63,8.7,8.55,7.25,8.71,8.61,8.71,8.68,8.65,8.59,8.71,8.62,8.82,8.84,8.74,8.72,8.68,8.62,8.52,8.22,7.6,6.8,8.65,8.63,8.67,8.87,8.84,8.86,8.33,8.95,8.79,8.92,8.68,6.38,8.78,8.87,8.91,8.69,8.85,6.97
ATP5SL,8.55,8.35,8.56,8.53,8.52,8.4,8.07,8.8,8.45,8.56,8.25,8.55,8.42,8.6,8.53,8.53,8.55,8.49,8.5,8.42,8.59,8.47,8.13,8.72,8.61,8.63,8.57,8.61,8.28,5.25,5.55,5.65,8.58,8.59,8.57,8.64,8.58,8.59,8.4,8.51,8.56,8.71,8.55,8.76,8.5,8.44,8.65,8.66,8.35,7.92
ATP5SL,7.99,7.7,8.1,7.99,7.95,7.91,7.85,8.32,8,7.97,7.66,7.98,7.88,6.78,8.02,8.04,7.95,7.97,8,7.85,8.03,7.98,7.6,8.11,8.16,8.18,8.03,8.05,7.94,5.63,5.84,6.99,8.05,8,8.2,8.12,8.2,8.28,7.66,8.14,8.14,7.97,7.66,4.93,7.97,7.86,7.9,8.07,7.95,6.66
ATP5SL,8.83,8.77,8.99,8.8,9.1,8.96,9.06,9.04,8.89,8.81,8.66,8.85,8.88,7.05,8.89,8.91,8.86,8.86,8.74,8.74,8.88,8.91,8.88,8.93,9,8.88,8.92,8.85,8.95,8.81,5.34,8.15,8.88,8.94,8.86,9,8.93,9.05,8.93,9.13,8.97,9.09,8.82,7.35,8.93,8.93,9.09,9.01,8.86,7.32
ATP5SL,8.15,7.96,8.17,8.02,8.22,8.19,8.05,8.19,8,7.86,8.13,8.04,7.96,7.43,7.82,7.79,8.23,8.13,7.97,8.11,8.11,8.11,8.27,7.95,7.86,8.19,8.25,7.97,8.3,7.48,7.94,8.45,8.02,8.02,8.08,7.98,8.27,8.09,7.87,8.16,8.07,8.31,8.08,8.28,8.25,8.03,8.02,8.02,8.19,8.6
ATP5SL,5.48,5.4,5.3,6.11,4.93,4.92,5.32,5.86,5.48,5.62,5.1,6.03,5.6,4.28,5.63,5.11,5.45,4.87,5.39,5.4,5.78,5.5,5.39,5.67,5.61,5.52,5.65,5.52,5.16,5.02,5.76,4.72,5.34,5.35,5.43,5.6,4.7,5.69,5.25,5.75,5.32,5.08,5.29,4.22,5.75,5.07,5.69,5.59,5.5,5.32
ATP6AP1,10.32,10.02,10.33,10.26,9.97,10.03,9.94,10.32,10.21,10.25,9.82,10.34,10.32,7.85,10.58,10.53,10.54,10.33,10.38,10.43,10.61,10.64,10.36,10.78,10.86,10.79,10.29,10.3,10.11,9.42,8.64,8.4,10.25,10.51,10.29,10.57,10.33,10.63,9.86,10.2,10.2,10.29,10.04,8.8,10.03,9.88,10.02,10.43,10.28,9.03
ATP6AP1,10.14,9.95,10.19,10.09,9.89,10.21,10.34,10.22,10.09,10.16,9.93,10.28,10.23,8.67,10.42,10.38,10.41,10.27,10.24,10.24,10.61,10.47,10.4,10.63,10.54,10.62,10.25,10.18,10.11,10.01,7.54,9.31,10.2,10.33,10.32,10.5,10.35,10.42,10.32,10.32,10.25,10.21,10.09,9.02,9.88,10.01,9.96,10.34,10.32,9.02
ATP6AP1L,6.81,6.62,6.75,6.76,6.57,7.05,6.33,7.02,6.65,6.69,6.62,6.67,6.48,5.74,6.58,6.52,6.44,6.98,6.7,7.05,6.89,6.96,6.51,6.65,6.83,6.68,6.94,7.04,6.87,5.8,5.76,5.79,6.28,6.06,6.26,6.7,6.38,6.44,5.95,6.82,7.05,7.42,6.94,5.6,7.08,6.67,7.1,6.67,6.52,5.22
ATP6AP1L,7.63,7.83,7.9,7.6,7.73,8.11,8.26,8.04,7.79,7.85,7.9,7.63,7.31,7.44,7.56,7.53,7.56,7.77,7.8,8.03,7.72,7.72,7.74,7.78,7.75,7.53,8.01,7.8,7.91,7.18,8.6,7.44,7.17,7.05,7.3,7.64,7.73,7.56,6.56,7.82,8.01,8.56,8.37,8.58,7.99,7.88,8.07,7.68,7.58,7.58
ATP6AP2,9.28,8.85,8.96,9.07,7.76,8.1,8.57,8.57,9.33,9.06,8.31,9.22,9.19,5.87,9.46,9.4,9.52,8.89,8.98,9,9.46,9.26,8.83,9.41,9.42,9.57,8.88,9.08,8.3,6.19,6.69,5.06,9.33,9.31,9.27,9.31,8.89,9.5,7.93,8.74,8.63,7.82,7.94,6.07,9,8.74,8.98,9.06,8.92,5.55
ATP6AP2,11.21,11.4,11.12,11.18,10.96,11.18,11.04,10.94,11.39,11.2,11.36,11.28,11.5,11.11,11.37,11.27,11.39,11.02,11,10.92,11.64,11.44,11.7,11.27,11.33,11.59,11.21,11.2,11.26,11.02,10.27,10.55,11.39,11.28,11.18,11.32,11.42,11.17,10.97,11.05,11.12,10.96,11.06,10.94,11.28,11.24,11.18,11.28,11.48,10.29
ATP6AP2,9.36,9.29,8.89,9.03,8.22,8.45,8.43,8.77,9.27,9.25,8.89,9.25,9.78,7.86,9.38,9.34,9.45,8.74,8.87,8.88,9.54,9.35,9.11,9.39,9.33,9.51,9.1,8.91,8.67,6.91,5.7,6.61,9.25,9.27,9.09,9.21,8.9,9.26,8.5,8.74,8.77,8.22,8.24,7.23,9.07,8.74,8.91,9.18,9.06,7.15
ATP6AP2,10.3,10.11,10.02,10.11,9.53,9.6,9.68,9.82,10.38,10.31,9.63,10.3,10.36,8.88,10.37,10.46,10.42,9.97,10,10.13,10.67,10.5,10.2,10.33,10.43,10.52,10.04,10.27,9.69,8.9,7.72,8.56,10.45,10.37,10.31,10.3,10.05,10.39,9.32,9.94,9.86,9.5,9.28,8.51,10.17,9.94,10.02,10.12,10,7.99
ATP6AP2,9.01,8.77,8.67,8.8,7.93,8.29,7.86,8.38,9.26,8.99,8.33,9.15,9.16,6.64,9.14,9.07,9.23,8.57,8.57,8.75,9.26,9.21,8.96,9.1,9.19,9.26,8.67,8.89,8.4,7.38,5.47,6.79,8.94,9.08,8.86,9.07,8.33,9.22,7.81,8.58,8.35,7.82,7.76,6.29,8.78,8.24,8.51,8.81,8.62,6.34
ATP6V0A1,7.17,7.04,7.46,7.4,7.32,6.84,6.52,7.4,7.5,7.39,6.85,7.33,7.01,8.13,7.43,7.24,7.18,7.42,7.54,7.38,7.33,7.47,7.04,7.47,7.56,7.39,7.45,7.6,6.93,5.45,7.84,8.1,6.87,6.84,6.78,7.42,7.22,7.18,6.46,7.28,7.39,7.47,7.2,7.23,7.09,7.23,7.39,7.54,7.24,8.26
ATP6V0A1,8.85,8.68,9.06,9,9.35,9.21,9.16,9.02,8.75,8.89,9.03,8.88,8.63,9.03,9.05,8.88,8.76,8.89,8.93,8.88,8.78,9.02,9.16,9.25,9.27,8.93,9.05,8.91,9,7.78,8.34,9.2,8.06,8.37,8.44,9.08,8.9,9.04,8.69,9.27,9.29,9.27,9.17,9.52,8.97,8.92,9.11,9.14,8.99,9.72
ATP6V0A2,9.56,9.57,9.57,9.63,9.68,9.48,9.2,9.63,9.59,9.63,9.58,9.62,9.41,9.15,9.72,9.53,9.58,9.18,9.14,9.03,9.32,9.68,9.72,9.58,9.86,9.58,9.47,9.6,9.44,8.48,7.5,8.09,9.96,9.99,10.05,9.7,9.35,9.58,9.22,9.61,9.58,9.62,9.53,9.11,9.01,8.79,9.14,9.64,9.49,8.56
ATP6V0A2,8.66,8.82,8.7,8.68,8.98,8.72,8.13,8.58,8.82,8.81,8.96,8.64,8.52,7.61,8.79,8.52,8.78,8.34,8.38,8.4,8.62,8.67,9.02,8.93,8.9,8.81,8.68,8.77,8.61,7.26,6.65,7.79,8.63,8.69,8.77,8.85,8.56,8.66,8.39,8.82,8.87,8.98,9.09,8.96,8.51,8.22,8.38,8.69,8.67,8.08
ATP6V0A2,5.78,5.24,5.88,5.95,5.27,5.27,5.39,6.18,5.71,5.95,5.32,5.83,5.28,5.54,5.84,5.72,6.1,5.97,5.44,6.04,5.37,6.12,5.39,6.1,6.34,5.98,5.91,5.96,5.03,5.03,5.08,6.67,6.36,6.72,6.29,5.92,5.51,6.17,5.15,6.05,5.47,6.02,5.06,5.05,5.44,5.58,5.5,5.9,5.6,5.81
ATP6V0A4,3.51,3.54,3.45,3.68,3.64,3.62,3.57,3.79,3.79,3.58,3.71,3.69,3.42,3.87,3.7,3.61,3.75,3.78,3.43,3.79,3.68,3.75,3.78,3.74,3.79,3.67,3.55,3.62,3.64,3.84,3.94,4.22,3.59,3.74,3.92,3.63,3.65,3.85,3.69,3.82,3.62,3.68,3.47,3.55,3.61,3.78,3.58,3.52,3.71,5.1
ATP6V0A4,4.06,3.98,3.82,3.84,4.09,3.64,3.63,3.81,3.75,3.84,3.83,4.12,4.35,3.76,3.87,3.62,3.86,3.95,3.76,3.44,4,3.88,3.8,3.93,3.82,3.7,3.68,3.81,3.91,3.88,3.63,5.43,3.89,3.9,3.85,3.66,4.07,3.94,4.33,4.1,3.76,3.66,3.89,5.22,3.81,3.9,3.76,4.08,3.64,3.97
ATP6V0B,11.06,10.95,11.08,11,10.99,10.95,10.79,11.01,11.01,11.04,10.7,11.03,10.9,6.21,11.06,11.03,11.12,10.9,10.93,10.77,10.99,10.94,10.8,11.05,11.13,11.03,11.1,11.08,10.92,10.6,5.38,8.29,11.17,11.19,11.08,11.02,10.92,11.11,10.93,11.08,11.09,10.87,10.8,7.93,11.12,11.01,11.02,11.05,10.99,8.71
ATP6V0B,12.74,12.71,12.8,12.78,12.97,12.9,12.49,12.7,12.77,12.74,12.88,12.79,12.58,12.6,12.81,12.8,12.91,12.71,12.77,12.64,12.66,12.66,12.75,12.89,12.93,12.79,12.79,12.87,12.8,12.58,12.69,12.69,12.82,12.9,12.89,12.94,12.83,12.93,12.75,12.89,12.87,12.64,12.7,12.73,12.86,12.82,12.79,12.81,12.65,12.43
ATP6V0B,10.96,10.79,10.97,10.94,10.91,10.95,10.46,10.91,10.94,10.92,10.68,10.93,10.88,8.08,10.97,10.93,10.99,10.72,10.85,10.79,10.95,10.94,10.8,10.88,11.01,11.03,10.96,11.01,10.91,10.32,4.86,8.67,11,10.98,11.01,11,10.84,10.95,10.9,11.06,11.04,10.8,10.76,8.56,10.98,10.95,10.98,10.99,11,8.72
ATP6V0B,11.08,10.97,11.03,11.07,11.02,10.99,10.76,11.05,11.05,11.06,10.7,11.12,11.02,6.91,11.07,10.99,11.12,10.88,10.95,10.83,11.05,11,10.8,11.06,11.13,11.09,11.06,11.1,11.05,10.46,6.44,6.6,11.2,11.19,10.97,11.02,10.98,11.11,10.92,10.97,11.03,10.88,10.93,7.52,11.12,11.02,11.1,11.07,10.91,8.1
ATP6V0B,11.14,10.99,11.11,11.11,11.18,11.07,10.71,11.15,11.17,11.11,10.95,11.12,10.97,9.73,11.21,11.14,11.24,10.95,11.01,10.98,11.05,11.02,10.99,11.16,11.19,11.18,11.21,11.28,11.15,10.73,7.75,9.8,11.15,11.16,11.2,11.19,11.03,11.23,11.02,11.18,11.06,11.04,11.02,9.66,11.13,11.13,11.12,11.18,11.04,9.72
ATP6V0B,10.89,10.67,10.81,10.85,11.04,10.93,10.63,10.87,10.92,10.77,10.59,10.82,10.77,8.47,10.9,10.81,10.99,10.71,10.82,10.65,10.83,10.72,10.83,10.89,10.96,10.82,10.87,10.94,10.85,10.27,8.25,9.21,10.91,10.97,10.89,10.87,10.89,10.95,10.81,10.9,10.89,10.67,10.71,8.75,10.91,10.84,10.84,10.88,10.78,9.11
ATP6V0C,11.49,11.24,11.47,11.55,11.48,11.65,11.42,11.54,11.51,11.45,11.17,11.59,11.53,11.2,11.68,11.69,11.72,11.31,11.31,11.31,11.65,11.57,11.44,11.77,11.78,11.76,11.54,11.53,11.4,11.41,11.57,11.48,11.63,11.67,11.71,11.57,11.68,11.75,11.44,11.6,11.6,11.43,11.43,11.45,11.52,11.53,11.53,11.61,11.6,11.6
ATP6V0D1,10.48,10.45,10.5,10.45,10.41,10.36,10.16,10.25,10.55,10.44,9.92,10.58,10.69,8.76,10.66,10.62,10.72,10.44,10.48,10.33,10.88,10.72,10.51,10.65,10.69,10.85,10.51,10.45,10.4,10.13,7.36,7.81,10.52,10.58,10.46,10.55,10.55,10.61,10.58,10.43,10.42,10.41,10.45,8.34,10.59,10.47,10.43,10.48,10.56,8.46
ATP6V0D1,10.57,10.42,10.59,10.66,10.76,10.6,10.44,10.58,10.61,10.67,10.44,10.72,10.63,9.18,10.85,10.72,10.87,10.59,10.63,10.58,10.85,10.88,10.8,11,10.93,10.92,10.59,10.62,10.39,10,7.1,8.95,10.69,10.7,10.73,10.84,10.68,10.87,10.32,10.65,10.68,10.56,10.48,9.34,10.69,10.52,10.6,10.74,10.53,9.24
ATP6V0D1,9.79,9.31,9.69,9.79,9.71,9.66,9.54,9.78,9.68,9.7,9.06,9.86,9.78,8.1,10.03,9.85,10.02,9.78,9.81,9.9,9.98,9.91,9.58,10.19,10.2,10.2,9.72,9.88,9.55,8.18,6.49,6.41,9.88,9.81,9.79,9.92,9.78,10.03,9.43,9.78,9.77,9.53,9.7,6.51,9.92,9.78,9.68,9.91,9.57,7.26
ATP6V0D1,10.22,9.94,10.09,10.15,9.95,10.02,9.52,10,10.21,10.17,9.91,10.23,10.14,8.65,10.48,10.25,10.42,10.12,10.14,10.19,10.39,10.4,10.29,10.55,10.48,10.51,10.06,10.24,9.89,9.2,9.35,8.53,10.16,10.24,10.15,10.43,10.16,10.37,9.84,10.1,10.13,10.02,9.92,8.38,10.16,10.15,10.16,10.22,10.07,9.54
ATP6V0D1,10.29,9.98,10.3,10.28,10.2,10.19,9.63,10.27,10.27,10.25,9.99,10.31,10.25,9.11,10.43,10.34,10.5,10.23,10.32,10.32,10.51,10.46,10.54,10.65,10.61,10.59,10.12,10.29,10.03,9.34,7.25,9.8,10.29,10.39,10.32,10.48,10.32,10.49,10.06,10.29,10.19,10.11,10.22,10.06,10.31,10.22,10.22,10.34,10.14,10.07
ATP6V0D1,10.44,10.29,10.47,10.48,10.51,10.48,10.18,10.32,10.43,10.51,10.19,10.55,10.39,8.47,10.68,10.58,10.68,10.44,10.51,10.37,10.75,10.68,10.59,10.85,10.69,10.72,10.45,10.4,10.36,10.04,8.32,9.58,10.49,10.56,10.49,10.67,10.51,10.68,10.04,10.5,10.48,10.39,10.46,8.9,10.52,10.46,10.42,10.6,10.41,9.08
ATP6V0D2,4.67,4.79,4.7,4.79,5.53,4.94,5.24,4.55,4.67,4.93,4.97,4.74,4.75,5.53,4.98,4.69,4.61,5.34,4.77,4.64,4.64,5.07,4.96,5.05,4.43,4.88,4.44,4.72,4.83,4.19,7.4,6.48,4.93,4.98,4.48,4.63,4.78,4.88,5.88,5.02,4.72,4.8,4.66,6.57,4.73,4.75,5.11,4.76,4.92,6.38
ATP6V0D2,4.29,4.18,4.01,4.03,4.02,4.07,4.18,3.97,3.99,4.26,4.16,4.24,4.2,5.07,4.03,4.51,4.23,4.29,4.41,4.09,4.11,4.33,4.22,4.13,4.13,3.84,3.99,4.21,4.12,4.35,5.01,4.98,4.18,4.06,4.39,4.06,4.52,4.09,4.54,4.12,4.12,4.16,3.98,5.5,4.04,4.75,4.55,4.1,4.23,5.36
ATP6V0E1,9.8,9.84,9.65,9.91,9.38,9.56,8.84,9.37,10.16,9.84,9.64,10.01,10.33,6.79,9.68,9.52,9.94,9.49,9.68,9.43,10.1,9.98,10.07,9.74,9.89,10.02,9.7,9.79,9.79,9.46,6.2,7.27,9.42,9.42,9.19,9.63,9.44,9.91,9.38,9.74,9.98,9.61,9.48,7.48,9.96,9.75,9.71,10.06,10.07,6.46
ATP6V0E1,11.01,10.99,10.97,11.06,10.95,10.96,10.55,10.86,11.12,11.11,10.98,11.26,11.33,9.65,11.08,11.08,11.18,10.96,10.93,10.76,11.28,11.22,11.23,11.07,11.19,11.19,11.04,11.06,10.94,10.47,7.97,9.9,10.91,10.89,10.86,11.14,11,11.03,10.82,11.14,11.07,11.05,10.91,9.78,11.15,11.01,11.1,11.17,11.08,9.67
ATP6V0E1,9.98,9.88,9.98,9.97,9.73,9.73,9.34,9.83,10.16,10.17,9.7,10.18,10.43,8.02,10.04,9.97,10.07,9.65,9.86,9.92,10.22,10.09,10.02,10.17,10.11,10.29,9.94,9.87,9.77,9.41,7.19,8.87,9.79,9.79,9.5,9.97,9.79,10.12,9.67,10.08,10.02,9.86,9.78,7.44,10.07,9.92,9.92,10.09,10.05,7.94
ATP6V0E1,11.29,11.36,11.25,11.29,11.2,11.12,10.64,11.15,11.28,11.34,11.07,11.49,11.47,9.81,11.38,11.28,11.46,11.15,11.23,11.11,11.42,11.4,11.38,11.49,11.48,11.48,11.29,11.34,11.17,10.94,9,10.24,11.2,11.23,11.17,11.28,11.32,11.36,11.08,11.28,11.24,11.2,11.21,9.93,11.38,11.3,11.34,11.36,11.33,10.03
ATP6V0E2,4.58,4.2,4.48,4.31,4.34,4.1,5,4.81,4.34,4.34,4.45,4.43,4.23,5.12,4.43,4.6,4.28,4.55,4.36,4.75,4.53,4.35,4.15,4.48,4.42,4.44,4.63,4.78,4.81,4.59,5.38,4.48,4.48,4.44,4.51,4.85,4.41,4.35,4.27,4.56,4.08,4.55,4.91,4.1,4.39,4.58,4.72,4.78,4.48,4.26
ATP6V0E2,5.87,5.8,5.97,5.77,5.73,5.69,5.54,5.88,5.78,5.95,5.67,5.83,6.01,6.34,5.9,6.22,6.12,6,5.8,6.11,5.64,5.78,5.44,6.06,5.92,6.03,5.94,5.9,5.76,5.3,7.32,6.33,5.74,6.02,6,6.1,5.69,5.94,6.46,5.65,5.89,5.65,5.8,5.9,5.86,6.15,5.52,5.81,5.4,6.18
ATP6V0E2,9.47,9.37,9.66,9.4,9.91,9.86,9.9,9.66,9.28,9.39,9.56,9.44,9.39,9.16,9.38,9.49,9.48,9.49,9.52,9.21,9.65,9.44,9.47,9.43,9.5,9.45,9.57,9.34,9.74,9.85,7.98,9.25,9.67,9.61,9.47,9.42,9.75,9.69,9.98,9.68,9.74,9.55,9.64,8.22,9.71,9.81,9.73,9.51,9.61,8.55
ATP6V1A,7.12,6.33,6.52,6.3,5.9,6.39,5.88,5.99,6.87,6.55,6.34,6.27,6.02,4.48,6.83,6.71,6.95,6.83,6.84,7.19,6.67,6.66,6.65,6.8,6.82,6.78,6.35,6.58,6.27,4.6,4.98,3.97,6.21,5.78,6.13,6.8,6.31,5.99,6.32,6.32,6.73,6.27,5.83,4.63,6.6,6.43,6.48,6.22,6.01,5.03
ATP6V1A,8.43,7.7,7.94,7.71,7.35,7.84,8.01,7.58,8.54,7.94,7.73,7.72,7.72,6.7,8.42,8.18,8.37,8.36,8.38,8.62,7.94,8.07,7.96,8.27,8.18,7.99,7.89,7.94,7.66,6.98,5.86,4.33,7.74,7.34,7.7,8.09,7.99,7.56,7.7,7.93,8.15,7.73,7.13,5.87,7.95,7.9,7.86,7.63,7.64,5.08
ATP6V1A,9.29,8.39,8.97,8.54,8.05,8.15,8.62,9.03,9.04,9.14,7.9,8.78,8.36,6.67,9.44,9.4,9.39,9.32,9.33,9.67,9.19,8.88,8.21,9.38,8.98,9.5,8.95,8.79,7.99,7,5.99,6.39,8.72,8.26,8.86,9.2,8.63,8.58,7.62,8.87,8.64,8.01,8.11,6.01,8.68,8.49,8.9,8.38,8.03,6.33
ATP6V1A,9.5,8.61,8.93,8.66,8.17,8.77,8.35,9.13,9.15,9.28,8.51,8.91,8.6,6.93,9.47,9.41,9.23,9.45,9.28,9.61,9.18,9.19,8.68,9.43,9.27,9.46,9.04,9.17,8.35,5.48,5.47,6.41,8.86,8.54,8.95,9.32,8.64,8.56,7.27,9.02,8.83,8.16,8.19,6.6,8.97,8.65,9.06,8.69,8.18,6.69
ATP6V1A,10.74,10.87,10.63,10.73,10.54,10.54,10.37,10.62,10.71,10.69,10.96,10.84,10.76,10.79,10.75,10.66,10.55,10.7,10.69,10.75,10.63,10.71,10.82,10.61,10.69,10.63,10.59,10.65,10.61,10.45,8.67,8.69,10.26,10.27,10.16,10.65,10.49,10.5,10.34,10.62,10.61,10.46,10.29,10.34,10.57,10.53,10.47,10.66,10.72,9.81
ATP6V1B1,4.18,4.08,3.79,4.27,4.18,4.57,4.63,4.1,4.06,4.22,3.92,3.94,3.94,4.56,4.04,4.07,4.2,4.47,4.1,4.61,4.06,4.16,4.05,4.22,4.32,3.78,4.25,4.02,3.94,5.6,6.64,6.33,4.07,4.3,4.01,4.35,4.39,3.99,4.35,3.91,3.99,4.29,4.27,4.2,4.72,4.24,4.36,4.2,3.98,4.02
ATP6V1B2,10.77,10.76,10.81,10.83,11.02,10.85,10.9,10.91,10.77,10.78,10.73,10.79,10.78,10.24,10.9,10.92,10.92,10.93,10.84,10.77,11.02,11.01,10.98,10.88,11.02,10.94,10.85,10.84,10.85,10.89,8.9,10.16,10.8,10.82,10.86,10.87,10.81,10.86,11.01,10.94,10.86,10.8,10.86,10.54,10.86,10.85,10.93,10.89,10.92,9.3
ATP6V1B2,9.7,9.23,9.5,9.6,8.97,9.05,9.13,9.43,9.59,9.62,8.77,9.68,9.6,7.95,9.57,9.49,9.55,9.56,9.62,9.78,9.72,9.47,9.16,9.66,9.45,9.75,9.47,9.52,9.14,7.88,7.91,5.27,9.46,9.61,9.44,9.45,9.21,9.58,9.44,9.47,9.35,8.99,8.55,7.27,9.36,9.05,9.2,9.57,9.44,6.23
ATP6V1B2,9.89,9.5,9.83,9.84,9.35,9.43,9.55,9.79,9.82,9.92,9.34,9.87,9.89,8.02,9.85,9.92,9.74,9.87,9.74,9.89,10,9.93,9.51,9.83,9.86,9.95,9.84,9.9,9.52,8.08,7.46,8.04,9.83,9.86,9.78,9.66,9.64,9.81,9.74,9.64,9.63,9.5,9.3,7.63,9.73,9.61,9.62,9.86,9.8,7.94
ATP6V1C1,9.57,9.44,9.35,9.51,9.5,9.28,8.99,9.36,9.56,9.63,9.33,9.6,9.44,7.52,9.78,9.6,9.68,9.38,9.46,9.42,9.66,9.64,9.51,9.74,9.82,9.66,9.35,9.61,9.35,8.59,6.25,9.3,9.44,9.57,9.52,9.63,9.4,9.63,9.04,9.46,9.44,9.28,9.23,7.01,9.31,8.97,9.36,9.58,9.74,8.27
ATP6V1C1,6.21,6.26,6.28,6.21,5.91,5.89,6.42,6.32,6.2,6.36,6.84,6.17,5.96,5.06,6.62,6.26,6.51,5.74,6.05,6.22,5.93,6.11,6.38,6.52,6.61,6.19,5.98,6.14,6.34,5.75,5.18,5.55,5.99,6.04,6.32,6.51,5.86,6.09,5.73,6.21,6.24,6.32,6.03,6.14,5.82,6.23,6.63,6.26,6.3,5.92
ATP6V1C1,6.96,7.15,7.02,7.11,7.15,7.38,7.09,7.36,7.12,7.15,7.49,6.95,7,7.72,7.46,7.18,7.45,7.16,7.23,6.91,7.1,7.3,7.39,7.37,7.28,7.17,7.22,7.14,7.4,7.05,6.57,6.68,6.92,7.06,6.88,7.18,7.17,7.13,7.14,7.32,7.31,7.24,7.31,7.22,7.08,7.37,7.36,7.15,7.17,6.41
ATP6V1C1,8.9,8.86,8.7,8.84,8.76,8.69,8.44,8.85,8.92,8.92,8.6,8.92,8.88,7.17,9.02,8.88,9.06,8.55,8.81,8.8,8.94,9.06,8.91,9.14,8.93,9.11,8.8,8.98,8.68,8.13,7.52,7.26,8.8,8.99,8.92,8.97,8.65,8.98,8.49,8.88,8.62,8.63,8.21,7.49,8.68,8.39,8.61,8.89,8.92,7.06
ATP6V1C1,4.56,5.08,4.48,4.72,4.64,4.63,4.76,4.32,4.73,4.64,4.8,4.85,5.29,5.48,4.45,4.06,4.11,4.39,4.51,4.44,4.69,4.87,5.02,4.24,4.39,3.94,4.55,4.7,4.94,4.94,4.77,5.33,4.58,4.51,4.54,4.4,4.87,4.36,5.42,4.26,4.18,4.36,4.46,4.48,4.43,4.39,4.35,4.6,4.48,4.55
ATP6V1C2,4.64,4.25,4.49,4.45,4.06,4.97,5.29,4.98,4.5,4.33,4.63,4.42,4.57,4.39,4.57,4.42,4.58,4.59,4.54,4.54,4.37,4.6,4.52,4.55,4.44,4.57,4.73,4.71,4.67,4.72,5.27,6.71,4.33,4.65,4.2,4.37,4.2,4.6,5.5,4.45,4.81,4.71,4.82,5.35,4.73,5.08,4.72,4.76,4.34,4.94
ATP6V1C2,4.32,3.77,4.02,3.81,4.38,4.34,4.22,3.94,3.92,4.07,3.81,3.9,4.06,5.85,3.9,3.97,3.88,3.88,3.81,4.03,3.95,3.94,3.92,4.22,3.81,4.05,4.08,3.67,4.27,4.72,6.47,5.18,4.14,3.9,3.74,3.75,4.07,3.88,4.72,3.78,3.99,4.29,4.08,5.77,4.31,3.9,4.23,4.15,3.93,5.71
ATP6V1D,8.61,8.56,8.54,8.76,8.53,8.5,8.53,8.44,8.82,8.81,8.58,8.98,8.87,7.01,8.76,8.66,8.76,8.65,8.58,8.63,8.8,9.12,9.15,8.89,8.86,8.93,8.72,8.78,8.47,7.5,6.98,7.01,8.57,8.58,8.48,8.54,8.52,8.84,8.22,8.92,8.83,8.63,8.34,7.7,8.64,8.47,8.59,8.81,8.85,7.8
ATP6V1D,10.61,10.53,10.54,10.62,10.78,10.66,10.21,10.64,10.66,10.61,10.66,10.81,10.75,9.51,10.86,10.81,10.78,10.64,10.68,10.62,10.96,10.94,10.92,11.09,11.09,11.02,10.66,10.67,10.56,10.72,8.1,9.43,10.72,10.72,10.75,10.91,10.76,10.8,10.87,10.83,10.79,10.66,10.62,9.77,10.8,10.83,10.7,10.78,10.66,8.96
ATP6V1D,9.96,9.77,9.77,9.95,9.72,9.61,9.64,9.74,10.01,9.94,9.7,10.12,10.12,8.43,10.08,10.08,10.1,9.89,9.89,9.9,10.31,10.22,10.07,10.1,10.14,10.29,9.79,10.05,9.69,9.57,5.93,7.51,10,9.99,9.95,9.98,9.74,9.93,9.96,9.78,9.91,9.87,9.62,8.08,9.87,10.01,9.79,10.03,9.91,8.63
ATP6V1E1,10.39,10.32,10.49,10.52,10.48,10.5,10.16,10.44,10.51,10.48,10.21,10.59,10.56,8.87,10.61,10.62,10.65,10.39,10.38,10.31,10.75,10.79,10.79,10.76,10.71,10.79,10.52,10.5,10.48,10.23,9.95,9.75,10.55,10.52,10.57,10.56,10.61,10.68,10.52,10.65,10.65,10.4,10.41,8.76,10.64,10.54,10.66,10.67,10.6,9.74
ATP6V1E1,9.79,9.54,9.75,9.81,9.75,9.79,9.7,9.75,9.78,9.78,9.49,9.84,9.97,7.44,9.92,9.82,9.94,9.63,9.65,9.61,10.1,9.97,9.8,9.92,9.72,10.1,9.82,9.75,9.69,9.48,6.54,7.96,9.75,9.72,9.81,9.79,9.76,9.98,9,9.94,9.92,9.55,9.57,7.32,9.83,9.96,9.87,9.98,9.84,8.6
ATP6V1E2,6.64,6.83,6.74,6.96,6.43,6.78,7.23,6.52,6.75,6.65,7.18,6.64,6.53,8.36,6.54,6.68,6.7,6.88,6.82,6.62,6.37,6.82,6.71,6.36,6.72,6.2,6.47,6.96,6.7,6.36,7.9,7.85,6.12,6.19,6.57,6.42,6.25,6.42,7.02,6.41,6.89,6.59,6.75,7.43,6.69,6.71,6.77,6.65,6.93,7.41
ATP6V1E2,5.08,4.8,5.46,5.55,5.01,4.86,4.58,5.61,5.35,5.08,5.03,5,5.08,4.41,5.08,4.79,4.78,5.3,5.32,5.39,5.04,4.77,5.12,4.7,4.64,5.21,5.24,5.35,5.74,4.44,5.08,5.56,4.64,4.8,5.03,5.03,5.09,4.99,4.71,5.37,5.16,5.21,5.29,5.22,5.33,5.13,5.54,5.2,5.35,5.13
ATP6V1F,11.48,11.58,11.73,11.55,11.84,11.84,11.61,11.74,11.5,11.51,11.49,11.6,11.61,10.4,11.78,11.74,11.84,11.69,11.66,11.57,11.95,11.71,11.8,11.83,11.83,11.87,11.76,11.45,11.74,11.49,10.51,11.54,11.79,11.79,11.82,11.82,12.01,11.85,11.7,11.75,11.64,11.61,11.74,10.39,11.7,11.66,11.68,11.63,11.65,10.55
ATP6V1F,10.94,10.96,11.14,11.05,11.33,11.25,10.89,11.2,10.95,10.96,10.87,11.05,11.06,9.64,11.26,11.23,11.25,11.05,11.05,10.88,11.39,11.18,11.21,11.22,11.26,11.29,11.17,10.97,11.12,10.79,9.15,9.93,11.22,11.22,11.23,11.19,11.42,11.2,11.21,11.08,11.04,11.02,11.06,10.04,11.12,11.13,11.1,11.03,11.04,9.59
ATP6V1G1,9.87,9.86,9.8,9.79,9.68,9.83,9.5,9.53,10,9.79,9.85,9.78,9.91,8.79,10.09,9.87,10.15,9.89,9.89,9.87,9.97,9.94,10.05,9.96,9.82,10.06,9.87,9.97,9.91,9.18,7.77,6.85,10,9.71,9.81,9.87,9.78,9.71,9.61,9.8,9.83,9.77,9.78,8.05,9.74,9.58,9.63,9.83,9.7,8.06
ATP6V1G1,4.07,4.04,4.11,3.98,4.67,4.21,4.26,4.07,4.1,4.07,4.4,4.09,4.03,4.66,4.17,4.23,4.18,4.02,4.08,4.08,3.99,4.3,4.36,4.56,4.37,4.23,4.07,4.04,4.3,4.12,4.49,5.61,3.82,3.88,4.03,4.49,4.12,4.26,4.54,4.45,4.14,4.06,4.18,5.45,4,4.36,4,4.07,3.97,4.27
ATP6V1G1,5.54,5.36,5.4,5.56,5.32,5.82,4.72,5.33,5.53,5.51,5.75,5.56,5.3,5.56,5.72,5.53,5.66,5.38,5.14,5.65,5.35,5.32,5.91,5.96,5.78,5.85,5.59,5.49,5.29,4.56,5.5,5.33,5.13,5.62,5.56,5.54,5.23,5.69,5.41,5.72,5.98,5.71,5.65,5.89,5.19,5.16,5.19,5.77,5.55,5.96
ATP6V1G1,10.51,10.61,10.29,10.3,10.15,10.41,10.16,10.15,10.56,10.52,10.1,10.34,10.53,8.45,10.47,10.54,10.64,10.29,10.34,10.4,10.74,10.5,10.51,10.46,10.38,10.72,10.51,10.38,10.41,9.79,8.21,8.09,10.46,10.32,10.28,10.31,10.59,10.39,10.68,10.45,10.52,10.26,10.35,7.41,10.43,10.37,10.06,10.34,10.27,8.25
ATP6V1G1,10.09,9.95,9.93,9.88,9.77,9.84,9.8,9.83,10.08,10.03,9.57,9.8,10.14,8.28,9.96,10.09,10.14,9.81,9.84,9.92,10.33,9.96,9.9,9.83,9.92,10.21,9.91,9.89,9.9,9.25,8.74,7.27,9.95,9.95,9.83,9.77,10.02,9.83,9.88,9.92,9.96,9.82,9.82,7.92,9.89,9.85,9.63,9.89,9.72,7.3
ATP6V1G2,5.01,5.05,4.78,5.09,4.6,4.97,5.1,4.78,4.88,5.17,5.08,5.27,5,5.65,5.01,5.19,5.08,5.26,5.51,5.64,5.14,4.83,4.7,4.98,4.92,4.95,5.19,5.3,5.39,6.67,6.29,5.73,4.74,4.6,4.69,5.4,4.71,5.1,5.45,5.08,4.77,4.7,4.7,5.7,5.48,4.89,5.41,5.05,4.64,4.71
ATP6V1G2,7.85,7.79,8.41,8.17,8.15,8.28,7.31,8.39,8.22,8.19,7.99,8.37,8.01,7.22,8.29,8.08,8.23,8.89,8.87,8.97,7.92,8.04,7.79,8.31,8.09,8.12,8.16,8.29,7.99,7.28,7.16,7.12,7.22,7.56,7.77,8.45,7.98,8.36,7.92,8.37,8.22,8.68,8.28,7.24,8.53,8.17,8.37,8.32,8.15,7.74
ATP6V1G3,3.39,3.58,3.77,3.72,3.41,3.36,4.54,3.08,3.53,3.33,3.39,3.53,3.41,4.54,3.21,3.64,3.3,3.66,3.38,3.55,3.53,3.51,3.51,3.72,3.54,3.5,3.35,3.38,3.46,3.28,4.13,4.35,3.73,3.4,3.7,3.16,3.34,3.35,3.93,3.23,3.42,3.49,3.76,4.1,3.24,4.09,3.3,3.54,3.24,3.58
ATP6V1H,6.67,6.74,6.87,6.71,6.73,6.85,6,6.7,6.77,6.81,6.61,6.57,6.78,6.21,6.95,7.08,7,6.91,7.01,7.03,7.01,6.95,6.86,7.07,7.05,7,6.77,6.46,6.59,6.04,6.22,5.62,6.92,6.89,6.97,7.02,7.15,6.98,7.15,7.11,6.85,6.65,6.69,6.36,7.02,6.85,6.79,6.84,6.88,5.35
ATP7A,6.13,6.03,5.96,5.8,5.65,5.82,5.78,5.7,6.19,6.22,6.18,6.02,6.13,5.97,6.33,6.28,6.04,6.21,5.98,6.44,6.22,6.51,6.24,6.08,6.08,6.03,5.96,6.16,5.82,5.19,4.97,6.87,6.15,6.01,6.09,6.4,5.88,5.75,5.3,6.14,5.8,5.69,5.84,5.53,6.05,6.25,5.82,5.83,5.94,6.58
ATP7A,7.07,7.61,7.05,7.09,7.07,6.44,6.91,6.88,7.06,7.04,7.42,7.16,7.28,7.17,7.23,7.38,7.21,6.9,7.15,7.14,7.12,7.48,7.66,7.58,7.56,7.41,6.96,7.07,6.96,6.14,5.68,8.03,6.99,7.25,7.04,7.42,6.83,7.19,5.93,7.24,7.24,6.98,7.08,5.53,6.45,6.28,6.87,7.15,7.24,6.28
ATP7B,6.92,7.18,7.12,7.3,7.55,7.59,6.54,7.06,6.85,7.14,7.71,7.27,7.23,7.17,7.09,7.08,7.21,7.41,7.38,7.42,7.17,7.38,7.68,7.22,7.33,7.14,7.19,7.42,7.29,6.86,7.02,7.46,6.59,6.61,6.73,7.33,6.94,7.06,7.51,7.21,6.83,7.37,7.49,7.38,7.29,7.06,7.15,7.27,7.49,7.67
ATP7B,4.2,4.13,3.93,3.98,4.26,4.31,4.25,3.79,4,4.13,4.05,4.12,3.98,4.22,4.14,3.96,3.96,4.27,4.07,4.15,3.99,4.25,4.22,3.89,4.27,4.18,4.04,4,4.06,4.1,5.69,4.65,4.16,3.92,3.97,4.09,4.03,3.96,4.3,4.17,4.15,4.26,4.26,4.66,4.08,4.48,4.22,4.13,4,4.92
ATP7B,4.05,3.97,4.19,3.99,3.9,4.11,4.28,3.72,3.98,3.9,3.91,3.9,3.97,3.68,3.97,3.99,3.67,4.1,4.18,3.81,4.2,4.18,4.26,3.93,4.15,3.84,3.74,3.85,3.97,4.19,5.89,4.13,4.06,3.99,3.99,3.85,4.03,3.77,4.02,4.02,4.08,3.95,4.09,4.23,3.9,4.38,3.67,4.14,3.95,3.97
ATP8A1,4.87,4.4,5.22,5.18,4.44,4.63,4.33,5.43,4.81,4.82,4.82,4.84,4.78,4.4,4.55,4.59,4.62,4.79,4.47,4.86,4.5,4.67,4.71,4.58,4.87,4.28,4.77,4.72,4.52,4.46,4.76,4.66,5,4.83,5.62,4.67,4.35,4.91,4.62,5.24,4.91,4.84,4.88,5.48,4.82,4.54,4.57,5.03,5.01,4.72
ATP8A1,5.23,4.87,5.08,4.99,5.07,5.34,5.66,4.81,5.11,5.16,4.82,4.82,4.74,5.04,4.54,4.93,4.71,4.56,4.97,4.8,4.55,4.74,4.53,4.7,5,4.7,4.9,5.52,4.44,4.41,4.99,7.17,4.97,5.01,5.39,5.21,4.69,4.47,4.96,4.76,5.23,4.93,5.12,5.36,5,4.89,5.7,5.36,5.1,5.79
ATP8A1,6.89,7.17,6.8,7.2,7.03,6.72,6.08,6.87,7.16,7.16,7.4,7.15,6.73,6.31,6.39,6.31,6.22,6.92,6.75,6.97,6.06,6.7,6.93,6.42,6.43,6.28,7.04,7.07,7.02,5.9,6.52,6,6.22,6.21,6.25,6.54,5.87,6.46,6.61,6.83,6.93,7.23,6.85,6.02,6.74,6.79,7.18,6.95,7.19,5.91
ATP8A1,4.19,4.74,4.68,4.24,4.18,4.23,4.69,4.15,4.44,4.34,4.72,4.34,4.19,4.3,4.36,4.19,4.41,4.54,4.31,4.39,4.05,4.46,4.79,4.41,4.34,4.09,4.23,4.67,4.06,4.33,5.84,4.96,4.16,4.05,4.54,4.53,4.81,4.06,4.4,4.2,4.1,4.52,4.13,5.52,3.97,4.3,4.59,4.13,4.32,4.23
ATP8A2,4.85,4.8,4.74,5.18,5.04,5.19,5.37,4.87,5.06,4.75,5.02,4.99,4.82,6.76,5.23,4.93,5,5.11,4.88,4.74,4.99,5.01,5.22,5.1,5.01,4.74,4.83,5.16,4.91,5.69,6.25,6.06,4.87,4.88,5.05,5,4.88,4.77,5.02,5.14,4.74,5.31,5.39,6.87,5.35,4.85,5.1,5.27,4.95,5.48
ATP8A2,3.57,3.86,3.76,3.79,3.67,3.91,3.77,3.75,3.94,3.94,4.01,3.9,3.95,4.27,3.66,3.91,3.58,3.75,3.81,3.58,3.83,3.68,3.98,3.68,3.69,3.85,3.58,3.88,3.71,3.97,4.15,4.76,3.65,3.82,4.01,3.65,3.74,3.66,4.11,3.57,3.47,3.6,3.9,3.93,3.57,4.02,3.74,3.61,3.83,4.9
ATP8A2,4.28,3.95,3.83,3.95,4.38,3.88,4.62,4.05,3.8,4.03,4.2,3.99,3.93,4.54,3.8,3.63,3.8,3.58,3.69,4.12,3.89,3.73,3.97,4.1,3.58,3.72,3.66,4.17,3.86,4.66,4.94,4.08,3.68,3.81,3.81,3.84,3.51,3.97,3.9,3.53,3.68,3.94,3.49,4.72,4.14,3.66,4.09,3.85,3.73,5.28
ATP8B1,3.28,3.29,3.28,3.27,3.5,3.36,3.53,3.17,3.35,3.39,3.45,3.39,3.46,3.68,3.37,3.35,3.36,3.34,3.2,3.34,3.23,3.29,3.41,3.27,3.4,3.29,3.37,3.31,3.45,4,5.86,3.6,3.41,3.37,3.16,3.37,3.34,3.18,3.83,3.13,3.25,3.38,3.51,3.8,3.38,3.37,3.28,3.27,3.43,4.21
ATP8B1,3.77,4.13,3.65,3.66,4.21,3.4,4.01,3.56,3.73,3.74,3.82,3.84,3.82,4.85,3.87,3.88,3.6,3.8,3.68,3.89,3.46,3.78,4.1,3.81,3.84,3.85,3.53,3.89,3.77,3.97,6.03,4.21,3.78,3.89,3.92,3.61,3.63,3.68,4.49,3.61,3.6,3.96,3.6,5.05,4.07,3.66,3.7,3.67,3.87,6.68
ATP8B2,9.86,9.8,9.83,9.81,9.66,9.58,9.71,9.7,9.79,9.99,9.8,9.79,9.71,8.55,9.63,9.54,9.62,9.53,9.68,9.74,9.95,9.97,9.77,9.7,9.79,9.72,9.81,9.83,9.79,8.21,8.14,8.88,9.34,9.44,9.35,9.56,9.55,9.74,9.48,9.81,9.77,10.14,9.93,8.97,9.7,9.64,9.69,9.83,9.94,8.45
ATP8B2,5.75,5.56,5.63,5.88,6.09,5.31,4.82,5.64,5.63,5.69,5.5,5.61,5.57,5.14,5.73,5.45,5.71,5.73,5.79,5.61,5.89,5.75,5.89,5.97,5.76,5.63,5.93,5.81,5.45,4.39,3.91,5.09,5.52,5.71,5.52,5.74,5.47,5.61,4.28,5.93,5.39,6.03,5.69,5.09,5.56,5.53,6.07,5.55,5.57,5.24
ATP8B2,5.32,5.13,5.47,5.4,5.29,5.32,6.1,5.62,5.26,4.98,4.85,5.24,4.71,6.34,4.81,5.16,5.27,5.73,5.77,5.44,5.29,5.14,4.93,5.49,5.55,5.53,5.29,5.45,5.34,5.75,7.96,5.46,5.46,5.16,5.14,5.31,5.57,4.8,4.77,5.38,5.88,5.28,5.19,5.38,5.63,5.51,5.85,4.79,4.59,5.72
ATP8B3,4.25,4.13,4.05,4.14,4.47,4.18,4.96,4.79,4.34,4.18,4.36,4.16,4.14,4.38,4.22,4.39,4.31,4.39,4.33,4.34,4.39,3.96,4.53,4.09,4.19,4.3,4.41,4.12,4.2,4.08,5.84,5.61,4.18,4.22,3.91,4.07,4.21,4.55,4.77,4.32,4.5,4.43,4.65,4.02,4.5,4.14,4.15,4.07,4.41,5.07
ATP8B3,4.15,3.92,3.73,4.07,4.52,4.39,4.08,4,3.91,4,3.95,3.94,4.26,4.97,3.94,4.04,3.93,4.2,4.02,4.11,4.35,4,3.93,4.18,4.12,3.9,4.04,3.89,4.29,4.69,4.34,5.65,4.2,3.94,4,4.13,4.1,3.81,4.15,4.16,4.57,4.05,4.21,4.03,4.65,4.03,3.87,4.02,4.12,4.05
ATP8B4,9.66,9.85,9.6,9.72,9.54,9.61,9.32,9.67,9.66,9.7,9.92,9.79,9.83,9.68,10.26,10.33,10.23,9.74,9.77,9.73,10.06,10.07,10.2,10.14,10.28,10.27,9.62,9.69,9.73,10.38,6.72,8.28,9.94,9.99,9.84,10.53,10.44,10.34,8.58,9.57,9.58,10.15,10.26,9.61,9.58,9.86,9.75,9.66,9.77,8.91
ATP9A,4.77,4.45,4.46,4.47,5.23,5.01,4.77,4.84,4.74,4.75,4.31,4.3,4.3,4.28,4.44,4.82,4.92,4.81,5.08,4.69,4.68,4.63,4.58,4.61,4.2,4.15,4.37,5.07,4.9,4.19,5.05,5.62,4.47,4.48,4.37,4.73,5.06,4.85,4.39,4.94,4.54,3.94,4.39,3.82,5.4,5.32,5.48,5.21,5.39,4.66
ATP9A,4.41,3.87,4.26,4.32,4.58,4.42,4.06,4.41,4.42,4.23,4.29,4.09,4.13,4.99,4.27,4.31,4.11,4.43,4.39,4.51,4.21,4.14,4.02,3.96,4.33,4.44,4.53,4.42,4.53,3.64,4.11,5.18,4.49,4.46,4.44,4.44,4.14,4.29,3.92,4.4,4.43,4.21,4.13,4.78,4.17,4.19,4.08,4.63,4.46,5.39
ATP9B,5.91,5.71,5.99,5.88,6.62,5.6,6.13,5.8,5.92,5.83,5.83,5.68,5.43,5.25,5.9,5.74,5.9,5.98,5.9,6.16,5.77,5.98,5.91,6.04,6.06,6.14,5.69,6.13,5.92,4.45,4.32,5.37,6.03,5.95,5.9,5.77,6.1,6.03,6.57,6.36,6.17,6.41,6.31,6.39,6.24,5.13,6.36,5.78,6.23,4.76
ATP9B,6.98,6.91,6.99,7.19,7.09,7.27,6.51,6.48,6.84,7.11,7.01,7.02,6.86,7.78,6.96,7.04,7.04,7,7.2,7.09,7.12,7.1,7.11,7.32,7.27,7.13,7.12,7.09,6.96,6.76,6.7,7.28,7.01,7.06,7.11,7.05,7.33,6.94,7.73,7.12,6.91,7.49,7.35,7.8,6.95,7.34,7.05,7.13,7.28,6.98
ATP9B,6.48,6.06,6.48,6.46,6.53,6.28,6.12,6.63,6.25,6.54,5.97,6.37,6.07,6.6,6.82,6.82,6.31,6.72,6.58,6.48,6.52,6.76,6.38,6.72,6.51,6.73,6.43,6.87,5.82,5.24,7.21,6.48,6.39,6.53,6.27,6.61,6.19,6.57,6.55,6.57,6.43,6.86,6.65,8,6.53,6.73,6.44,6.5,6.36,6.11
ATP9B,4.68,4.16,4.14,4.33,4.25,4.41,4.51,4.38,4.42,4.47,4.1,4.03,4.07,4.09,4.66,4.45,4.7,4.63,4.32,4.79,4.65,4.51,3.93,4.47,4.67,4.6,4.68,4.4,4.29,4.25,4.98,4.05,4.08,4.41,4.53,4.42,4.23,4.48,4.24,4.45,4.53,4.52,4.31,4.88,4.59,3.84,4.43,4.62,4.07,3.99
ATPAF1,6.85,6.62,6.86,6.94,7.01,7.08,7.23,7.27,6.94,6.83,6.86,6.72,6.65,6.94,6.93,6.96,6.93,7.35,7.41,7.23,6.63,6.67,6.65,6.78,7.1,7.04,7.09,6.77,6.77,6.73,7.25,7.31,6.24,6.09,6.33,6.92,7.27,6.96,6.68,6.99,7,7.57,7.03,5.85,7.25,7.21,7.56,7.1,7.14,5.82
ATPAF1,9.1,8.98,9.01,9.02,8.76,8.87,8.62,8.89,9.13,9.08,8.84,8.99,9.17,7.74,9.12,8.98,9.13,9.4,9.43,9.4,8.84,8.79,8.79,8.82,8.74,9.07,9.1,8.98,8.87,8.78,7.56,5.08,8.8,8.73,8.67,9.07,9.14,8.84,8.96,9.07,8.84,8.98,8.89,7.73,9.23,9.16,9.04,9,9.02,5.79
ATPAF1,9.37,9.06,9.23,9.4,9.13,8.92,9.18,9.16,9.34,9.49,8.82,9.39,9.24,7.96,9.47,9.43,9.37,9.68,9.75,9.81,9.02,8.88,8.69,9.27,9.27,9.22,9.26,9.28,8.85,8.18,6.43,7,9.18,9.15,9.19,9.35,9.18,9.4,8.49,9.27,9.1,9.23,9.01,8.5,9.4,9.29,9.44,9.24,9.11,7.17
ATPAF1,5.52,6.35,5.65,5.41,5.66,5.75,5.29,5.54,5.85,6.1,6.27,5.57,5.59,8.66,6.04,5.57,5.89,6.36,6.07,5.77,5.48,5.36,5.77,5.7,5.56,5.56,5.84,5.89,6.4,4.93,6.19,8.37,5.6,5.76,5.69,5.42,5.56,5.77,5.71,5.93,5.72,5.56,7.03,10.08,6.2,5.5,5.71,5.83,5.63,9.54
ATPAF1,8.67,8.78,8.85,8.8,8.91,8.81,8.74,8.59,8.98,8.62,8.95,8.65,8.79,6.81,8.94,8.8,8.9,9.32,9.2,9.12,8.36,8.51,8.94,8.8,8.72,8.79,8.92,8.85,8.8,8.69,5.54,6.83,8.61,8.46,8.62,8.88,8.93,8.88,7.92,8.93,8.89,8.83,9.04,7.45,9.03,9.1,8.98,8.87,8.9,5.6
ATPAF2,8.16,8.07,8.42,8.29,8.13,8.26,7.77,8.47,8.24,8.19,8.1,8.31,7.9,5.84,8.27,8.28,8.3,8.61,8.44,8.5,8.23,8.32,8.1,8.57,8.41,8.35,8.33,8.35,8.17,7.04,5.69,6.57,7.91,8.31,8.23,8.49,8.19,8.39,8.24,8.5,8.39,8.08,8.28,5.56,8.07,8.02,8.15,8.2,8.21,5.76
ATPAF2,6.89,6.75,7.17,7.03,7.03,7.26,6.6,6.93,6.97,6.97,6.97,6.78,6.79,5.95,7.1,6.9,6.9,7.14,7.09,7.07,7.2,6.91,7.07,6.99,6.76,7.15,7.12,6.89,7,5.78,5.48,5.47,7.16,6.97,6.88,7.16,7.21,7.12,6.44,7.3,7.24,6.86,6.8,5.26,7.03,6.72,6.81,7.04,7.06,6.15
ATPAF2,4.74,4.72,4.74,4.65,4.68,4.77,3.99,4.89,4.59,4.73,4.99,4.46,4.83,5.76,4.34,4.64,4.47,4.71,4.8,4.99,5.05,4.76,4.95,4.65,4.55,4.5,4.55,4.93,4.5,6.46,4.35,5.23,4.77,4.35,4.6,4.43,5.45,4.83,4.38,4.5,4.64,4.95,4.95,5.42,3.97,4.42,4.5,4.72,4.41,5.55
ATPAF2,4.14,4.95,4.1,4.43,4.75,4.54,5.17,3.89,4.54,4.55,4.41,4.46,4.84,5.22,4.38,4.25,4.23,4.29,4.33,4.29,4.68,4.72,4.7,4.11,4.24,3.9,4.16,4.27,4.7,5.5,4.91,5.37,4.31,4.5,4.33,4.27,4.46,4.28,4.84,4.34,4.16,4.41,3.9,5.52,3.83,4.13,4.41,4.14,4.2,4.61
ATPBD4,3.71,3.64,3.7,3.6,3.83,3.87,4.34,3.84,3.82,3.78,3.84,3.83,3.77,3.9,3.68,3.68,3.76,3.7,4.09,3.75,3.85,3.83,3.66,4.34,4.01,4.02,3.75,3.72,3.83,4.28,4.65,4.3,3.72,3.84,3.81,3.69,4.03,4.06,4.77,3.83,4.11,3.94,4.23,4.91,3.73,4.29,4.46,3.77,3.54,4.5
ATPBD4,6.13,6.6,6.25,6.32,6.15,6.09,5.65,6.03,6.42,6.37,6.44,6.48,6.18,5.98,6.33,5.9,6.43,6.35,6.21,6.58,6.24,6.35,6.22,6.54,6.58,6.43,6.57,6.34,6.14,6.79,6.01,5.87,6.01,5.84,5.71,6.49,5.91,6.19,6.11,6.24,6.04,6.01,6.27,6.18,6.24,6.53,6.57,6.23,6.53,6.4
ATPBD4,4.09,4.7,4.11,4.35,4.12,4.4,3.83,4.82,4.39,4.59,4.38,4.22,4.03,4.5,4.21,4.08,4,4.18,4.24,4.46,4.02,4.31,4.26,4.25,4.36,4.09,4.26,4.32,4.27,3.61,4.8,5.43,3.94,4.17,4.18,4.5,4.02,4.14,4.52,4.12,4.08,4.48,4.07,4.52,4.27,5.43,4.1,4.14,3.78,4.83
ATPGD1,4.7,4.81,4.98,4.61,5.37,4.7,4.34,5.42,4.76,4.77,4.71,4.7,4.99,4.59,4.74,4.62,4.9,4.77,5.02,4.63,4.54,4.77,4.8,4.67,4.75,4.75,4.76,4.54,4.71,6.75,5.01,4.72,4.35,4.64,4.58,4.64,5.48,4.56,5.09,4.97,4.94,4.56,4.94,5.18,4.74,4.71,4.69,4.6,4.63,6.26
ATPGD1,4.91,4.58,4.78,4.94,4.8,5.23,4.89,5.56,4.92,5.02,5.14,5.17,4.89,4.39,4.84,5.05,4.7,5.59,5.07,4.87,4.91,5.22,5.01,4.71,5.2,4.84,4.92,4.99,4.93,4.56,4.74,4.61,4.96,5.06,5.24,4.86,4.64,5.1,5.12,5.37,5.31,4.8,5.38,5.46,4.54,4.62,5.06,5.18,4.84,6.03
ATPGD1,6.18,6.24,6.17,6.13,6.33,6.05,6.59,6.21,6.32,6.27,6.28,6.4,6.32,7.26,6.17,6.43,5.99,6.23,6.11,6.39,6.07,6.3,6.23,6.35,6.16,6.08,6.25,6.13,6.36,6.34,6.07,7.54,6.39,6.3,6.22,6.07,6.28,6.17,6.15,6.28,6.54,6.42,6.36,6.21,6.44,6.48,6.44,6.25,6.13,5.81
ATPIF1,11.91,11.99,11.96,11.96,11.93,11.94,11.79,11.77,12.03,11.91,12.03,11.93,12.02,11.95,12.03,11.99,12.12,12.18,12.22,12.04,12.07,11.91,12.01,11.93,11.96,11.99,11.99,11.96,12.03,11.68,11.13,11.67,11.85,11.84,11.81,12.03,12.04,12.05,11.92,11.91,11.94,11.61,11.76,11.49,11.85,11.79,11.78,12.02,12,11.91
ATPIF1,8.93,8.84,8.99,8.99,8.96,8.99,9,9.03,8.89,9,8.74,8.98,8.93,8.19,8.98,9.05,8.84,9.28,9.23,9.27,8.9,8.96,8.97,8.95,9.02,8.97,8.94,9.01,8.97,8.82,8.95,8.53,8.81,8.75,8.69,8.95,8.95,9.06,9.46,8.92,9.07,8.83,8.76,8.51,9,9.16,8.93,9.01,8.78,8.11
ATPIF1,11.6,11.52,11.56,11.55,11.41,11.51,11.31,11.33,11.7,11.57,11.42,11.59,11.6,10.93,11.57,11.56,11.72,11.86,11.85,11.69,11.6,11.46,11.55,11.57,11.52,11.64,11.6,11.41,11.47,11.48,8.81,9.97,11.47,11.53,11.42,11.52,11.66,11.63,11.39,11.4,11.53,11.06,11.33,10.21,11.4,11.46,11.27,11.63,11.63,10.63
ATPIF1,8.15,8.09,8,8.14,8.3,8.13,8.25,8.07,8.14,8.28,8.11,8.18,8.12,7,7.79,7.86,8.04,8.25,8.03,8.15,7.95,7.9,7.98,7.77,7.76,7.93,8.03,8.18,8.01,7.13,4.49,5.48,7.84,7.61,7.6,7.67,7.7,8.06,7.61,7.97,8.07,7.85,7.83,6.06,7.99,7.93,7.86,7.98,8.07,6.76
ATR,7.04,7.07,7.16,7.1,6.83,6.82,5.87,7.07,7.09,7.17,7.11,6.94,7.03,4.71,7.03,6.98,7.28,6.95,7.17,7.15,6.94,6.93,7.05,6.99,7.03,7.15,7.08,6.95,7.05,6.84,7.08,5.81,6.84,7.11,6.97,6.9,6.9,7.29,6.62,6.93,7.01,6.85,6.99,4.77,6.78,6.84,6.92,7.14,7.26,4.66
ATRIP,8.09,8.05,8.16,8.06,8.28,8.25,7.27,8.43,7.88,8.07,8.36,7.92,7.72,6.78,7.99,8.33,8.16,8.01,7.93,7.91,7.77,7.69,8.14,8.01,7.86,7.94,8.06,8.04,8.19,6.43,6.37,7.96,8.78,8.82,8.83,8.21,8.21,8.43,7.86,8.39,8.18,7.94,8.2,6.82,7.65,8.04,7.84,7.91,8.05,6.41
ATRN,6.07,5.78,6.2,6.33,5.55,6.03,5.03,6.26,6.07,6.43,5.86,6.07,5.82,6.24,6.02,5.98,6.05,6.38,6.49,6.63,5.92,6,6.02,6.4,6.4,6.41,6.26,6.31,6.09,5.46,6.93,5.4,5.62,5.81,5.81,6.33,5.62,5.85,5.54,6.47,6.37,6.31,5.98,6.23,6.47,5.79,6.28,6.14,6.11,6.01
ATRN,4.88,4.47,4.81,4.86,5.2,4.54,4.14,4.89,4.87,4.65,4.84,5.03,4.86,5.83,4.89,4.77,4.8,5.02,4.95,4.88,4.76,5.04,4.97,4.86,5.05,4.35,4.76,4.85,5.07,4.68,5.67,5.17,4.76,4.86,4.98,4.8,4.65,4.75,5.06,4.71,4.53,5.06,5.09,6.27,4.62,5.13,4.59,5.23,4.79,5.72
ATRN,6.91,6.91,6.91,6.93,7.12,6.89,7.02,7.16,6.88,7.09,6.96,6.85,6.82,6.21,7.19,6.87,6.96,6.66,6.75,6.95,6.73,6.88,6.9,7.12,7.24,7.04,6.72,6.81,6.91,5.23,4.43,5.89,6.45,6.71,6.7,7.03,6.96,6.94,6.52,6.98,7.03,6.95,6.9,6.43,6.36,6.62,6.99,6.96,7.06,6.29
ATRN,7.16,7.19,7.55,7.25,6.81,7.26,6.78,7.18,7.21,7.67,7.08,7.25,6.99,7.31,7.21,6.91,7.17,7.47,7.43,7.6,7.17,7.28,7.23,7.28,7.47,7.35,7.48,7.36,7.16,6.5,6.59,7.44,6.94,7.09,6.89,7.28,7.11,7.16,7.39,7.53,7.13,7.36,7,6.6,7.49,7.43,6.73,7.51,7.44,7.09
ATRNL1,3.68,3.95,3.5,3.69,3.97,3.65,4.08,3.83,3.69,3.8,3.69,3.83,3.91,3.93,3.52,3.65,3.73,3.63,3.62,3.69,3.71,3.85,3.64,3.71,3.45,3.61,3.61,3.65,3.72,5.15,4.17,5.36,3.7,3.74,3.62,3.51,3.69,3.47,4.01,3.57,3.42,3.42,3.66,3.73,3.62,3.56,3.64,3.55,3.64,3.9
ATRNL1,4.27,4.18,4.15,4.07,4.07,4.15,5.28,4.37,4.28,4.2,4.46,4.39,4.38,3.92,4,4.09,4.15,4.27,4.14,3.96,4.06,4.34,4.31,3.93,3.92,3.99,4.03,4.18,4.39,4.51,4.03,4.55,4.28,4.41,4.19,4.12,3.87,4.04,3.65,3.88,4.01,4.24,4.15,4.77,4.04,3.97,3.98,3.97,4.21,5.16
ATRNL1,4.18,4.39,4.31,4.66,4.12,3.83,4.02,4.02,4.34,4.51,4.66,4.37,4.39,6.02,4.44,4.33,4.27,4.42,4.45,4.32,4.2,4.39,4.44,4.27,4.6,4.29,4.41,4.49,4.27,3.96,6.9,4.71,4.19,4.32,4.67,4.21,4.46,4.36,5.13,4.36,4.17,4.02,4.6,7.02,4.64,3.97,4.27,4.58,4.11,7.43
ATRNL1,4.07,3.95,3.91,4.1,4.27,5.05,4.39,4.06,3.96,3.91,4.1,3.95,3.91,4.86,4.03,4.16,4.2,4.7,4.18,4.12,4.22,3.98,3.99,4.19,4.26,4.35,4.06,4.24,4.13,5.23,4.68,7.24,3.96,4.03,4.02,4.13,4.54,4.1,5.34,4.3,4.06,4.43,4.3,5.7,4.27,4.21,4.33,4.01,4.06,5.65
ATRNL1,4.51,4.63,5.07,4.55,4.55,4.62,5.02,4.91,4.7,4.62,4.7,4.36,4.48,6.08,4.53,4.5,4.63,5.14,5.05,4.76,4.34,4.6,4.61,4.64,4.45,4.56,4.79,4.82,4.58,4.7,6.21,4.75,4.68,4.83,4.91,4.79,4.48,4.32,4.8,4.69,5.11,5.33,4.3,4.74,4.61,4.37,4.7,4.45,4.62,6.03
ATRX,6.54,6.19,6.3,5.79,5.12,6.58,7.17,5.83,6.29,6.05,6.34,5.55,5.88,5.79,6.61,6.85,6.52,6.52,6.53,6.59,6.35,6.31,6.36,6.55,6,6.53,6.34,6.01,6.33,5.02,4.16,3.22,6.46,5.56,6.09,6.6,6.18,5.79,6.14,6.06,6.1,6.69,6.24,5.73,6.58,6.63,6.43,5.67,5.6,4.88
ATRX,4.18,4.56,4.32,4.62,3.67,4.64,3.91,4.52,4.7,4.84,4.69,4.56,4.42,4.37,4.41,4.63,4.29,5.26,5.17,5.54,3.83,4.52,4.32,4.28,4.7,4.63,4.5,4.4,4.19,4.04,3.85,4.15,4.23,4.02,4.15,4.61,4.49,4.45,4.58,4.51,4.38,4.88,4.24,5.13,4.26,4.37,4.52,4.24,4.51,4.3
ATRX,6.7,6.25,6.39,6.42,5.91,6.02,6.79,6.31,6.46,6.33,5.76,6.53,6.5,5.85,6.29,6.5,6.36,6.3,6.32,6.49,6.64,6.36,6.05,6.44,6.41,6.56,6.38,6.31,5.74,6,7.67,4.78,6.49,6.02,6.15,6.2,6.23,6.58,6.07,6.02,6.39,5.92,5.98,5.67,6.09,6.05,6.44,6.24,6.4,5.87
ATRX,10.79,10.99,10.63,10.81,10.55,10.62,10.39,10.67,10.81,10.79,10.92,10.9,10.92,10.8,10.89,10.69,10.76,10.8,10.83,10.89,10.87,10.9,11.03,10.81,10.94,10.86,10.71,10.72,10.64,10.62,9.24,10.42,10.51,10.58,10.64,10.79,10.72,10.81,10.19,10.57,10.64,10.52,10.71,10.65,10.56,10.41,10.59,10.72,10.67,10.61
ATRX,5.6,5.01,5.14,4.98,4.89,5.61,4.74,5.15,5.35,5.23,5.07,5.12,5.33,5.44,4.99,5.08,5.59,4.69,5.11,5.11,5.29,5.32,5.29,5.3,5.06,5.03,5.26,4.73,4.93,4.61,6.3,4.64,5.39,4.74,4.98,5.28,5.31,4.69,5.12,5.41,5.1,5,5.4,6.19,5.27,4.59,4.93,4.7,5.24,6.43
ATRX,9.01,9.19,8.72,8.39,7.9,8.89,8.56,8.48,8.98,8.94,9.19,8.57,8.74,7.77,9.04,9.03,8.96,8.99,9.06,9.21,9.03,9.08,9.27,9,9.08,9.15,8.79,8.67,9.04,8.43,6.79,7.3,8.76,8.46,8.73,8.91,8.89,8.41,8.57,8.59,8.51,9.22,9.13,6.57,8.69,8.88,8.85,8.42,8.52,7.14
ATRX,5.33,4.82,4.85,4.82,5.07,5.06,5.38,4.62,4.95,5.11,4.93,4.79,4.79,5.68,5.1,5.18,5.29,4.84,5.12,5.01,5.07,5.13,4.99,5.5,4.54,5.37,5.01,4.98,4.91,5.19,6.44,4.94,5.39,4.96,4.9,5.12,4.61,5.15,5.16,4.93,4.97,4.97,5.5,4.66,5.04,5.3,4.92,4.79,4.77,4.87
ATRX,10.36,10.6,10.3,10.45,9.95,10.13,10.19,10.5,10.16,10.51,10.61,10.43,10.34,10.84,10.41,10.41,10.24,10.27,10.39,10.59,10.38,10.51,10.58,10.39,10.55,10.3,10.22,10.34,10.26,10.44,10.6,10.87,9.93,10.22,10.07,10.46,10.27,10.45,9.91,10.2,10.11,10.53,10.26,10.53,10.21,10,10.41,10.32,10.38,10.17
ATXN1,6.09,5.93,5.9,6.02,6.23,5.9,6.19,5.83,5.94,5.93,5.94,5.98,6.2,5.87,5.83,6.09,5.85,6.15,6.14,6.08,6.12,6.11,6.01,6.34,5.97,6.08,6.15,5.98,5.26,6.68,5.88,6.7,6.19,6.04,6.13,6.2,5.95,6.1,5.93,6.34,6.27,6.14,6.28,6.39,5.96,6.01,5.93,6.2,6.16,5.06
ATXN1,8.25,8.13,8.08,8.26,7.98,7.81,8.12,8.13,8.2,8.18,8.18,8.1,8.26,6.64,7.44,7.78,7.52,8.31,8.13,8.28,8.13,8.04,8.16,8,8.01,7.98,7.9,8.01,8.17,8.33,5.21,6.5,7.68,7.94,7.64,8.21,8.31,8.21,7.89,8.09,8.31,8.58,8.48,6.2,8.02,8.07,8.11,8.17,8.28,5.44
ATXN10,7.27,7.05,7.37,7.5,7.47,7.6,5.94,7.43,7.23,7.57,7.63,7.42,7.09,7.77,7.33,7.5,7.61,7.83,7.58,7.92,7.39,7.46,7.57,7.52,7.41,7.27,7.43,7.43,7.14,6.76,5.14,7.9,7.17,7.16,7.4,7.56,7.38,7.53,5.62,7.44,7.39,7.41,7.4,7.44,7.7,7.53,7.53,7.12,7.38,7.35
ATXN10,11.5,11.57,11.55,11.52,11.52,11.47,11.51,11.58,11.51,11.59,11.27,11.57,11.54,10.21,11.43,11.46,11.52,11.57,11.54,11.6,11.58,11.51,11.33,11.53,11.47,11.52,11.55,11.53,11.5,11.65,9.95,10.25,11.52,11.56,11.53,11.52,11.43,11.54,11.31,11.51,11.44,11.26,11.36,10.34,11.47,11.39,11.5,11.49,11.55,9.95
ATXN10,11.39,11.36,11.41,11.33,11.35,11.41,11.44,11.35,11.41,11.4,11.46,11.38,11.42,10.35,11.26,11.21,11.32,11.31,11.36,11.44,11.56,11.36,11.47,11.34,11.3,11.32,11.47,11.39,11.45,11.46,10.36,10.75,11.34,11.34,11.33,11.31,11.46,11.36,11.26,11.29,11.27,11.13,11.25,10.58,11.28,11.36,11.27,11.33,11.45,9.98
ATXN1L,8.31,8.33,8.23,8.34,8.31,8.38,7.99,8.58,8.16,8.28,8.44,8.5,8.18,7.49,8.26,8.25,8.22,8.16,8.21,8.16,8.46,8.47,8.45,8.36,8.44,8.28,8.31,8.25,8.29,7.74,7.5,6.8,8.27,8.47,8.34,8.2,8.3,8.2,7.98,8.55,8.53,8.52,8.64,8.1,8.13,8.21,8.17,8.5,8.62,7.72
ATXN2,7.65,7.55,7.75,7.69,7.85,8.03,7.57,8.05,7.54,7.98,7.64,7.49,7.56,6.48,7.93,8.07,7.78,7.47,7.66,7.67,7.98,7.83,7.58,8.11,7.86,7.77,7.71,7.64,7.89,8.82,5.51,6.02,7.89,8.13,7.91,7.79,8.1,7.87,7.64,8.02,7.99,8.23,8.3,7.35,7.94,8.25,7.95,7.74,8,6.51
ATXN2,7.97,7.96,8.19,7.97,8.38,7.95,7.94,8.69,7.94,8.07,8.04,7.92,7.97,7.44,7.91,8.44,8.02,8.12,8.17,8.13,8.24,8.27,7.89,7.99,8.32,8.18,8.23,8.15,8.29,8.75,8.77,8.38,8.04,8.24,7.97,8.16,8.16,8.25,7.76,8.32,8.26,8.72,8.32,5.7,8.32,8.68,8.56,8.27,8.24,6.1
ATXN2L,7.5,7.51,7.59,7.62,8.06,8.02,8.2,7.84,7.44,7.44,7.62,7.24,7.44,7.48,7.45,7.7,7.65,7.59,7.59,7.49,7.66,7.39,7.5,7.47,7.47,7.54,7.63,7.42,7.83,8.42,7.58,7.74,7.79,7.75,7.63,7.46,7.88,7.6,8.27,7.69,7.77,7.69,7.88,7.83,7.74,7.59,7.51,7.49,7.74,7.26
ATXN2L,5.7,5.24,5.87,5.71,6.03,5.69,5.08,5.72,5.71,5.74,5.54,5.49,5.22,6.02,5.87,6.09,5.95,5.92,5.69,5.88,5.62,5.41,5.81,5.9,5.81,5.81,6.11,5.75,5.66,5.09,5.46,6.35,6.09,6.09,6.24,6.13,5.82,6.01,6.02,5.83,6.21,5.55,5.88,5.06,5.61,5.73,5.51,5.77,5.56,5.2
ATXN2L,7.76,7.45,8.09,7.84,8.13,8.23,8.18,7.99,7.69,7.81,7.7,7.7,7.35,6.83,7.62,7.66,7.64,7.86,7.71,7.5,7.77,7.66,7.77,7.63,7.85,7.58,8.07,7.71,8.02,7.06,5.22,6.39,7.9,7.86,7.72,7.9,7.97,7.87,8.62,7.92,7.96,7.86,8.06,6.6,7.81,7.69,7.78,7.76,8.02,5.69
ATXN2L,8.95,8.96,9.38,9.13,9.37,9.4,9.37,9.16,8.84,8.94,9.09,8.92,8.9,9.19,8.97,9.05,9.03,8.93,8.91,8.79,8.87,8.95,9.2,9.02,9.06,8.91,9.2,9.03,9.47,8.95,8.63,9.39,9.14,9.2,9.04,9,9.2,9.13,9.49,9,9.05,9.19,9.16,8.15,9.04,9.13,8.88,8.77,9.2,8.66
ATXN2L,11.03,11.04,11.13,11.03,11.34,11.44,11.22,11,10.95,11.05,11.34,10.64,10.99,11.39,10.95,11.07,11.05,10.91,10.84,10.79,11.03,10.95,11.14,11.03,11.01,11,11.15,10.78,11.41,11.65,10.91,11.15,11.28,11.24,10.94,11.02,11.46,10.96,11.35,11.07,11.1,11.22,11.33,11.37,11.01,11.2,10.86,10.93,11.2,10.73
ATXN3,9.08,9.16,9.12,8.98,9.23,9.11,8.97,8.94,9.15,9.18,9.16,9.16,9.25,8.33,9.24,9.23,9.52,9,8.95,9.16,9.42,9.44,9.3,9.28,9.44,9.5,9.17,9.03,9.01,8.52,7.63,8.19,9.09,9.02,9.03,9.29,9.34,9.19,9.18,9.22,9.33,8.92,8.97,8.54,9.51,9.36,9.06,9.28,9.32,8.35
ATXN3,7.92,8.07,7.97,8.11,7.56,7.98,7.67,8.12,7.97,8.06,8.06,7.91,7.93,7.39,8.2,8.05,8.17,8.05,7.94,8.14,8.12,8.32,8.62,8.27,8.32,8.2,7.9,7.88,7.95,7.25,6.32,7.27,7.38,7.32,7.55,8.07,8.12,8.12,7.48,8.4,8.28,8.28,8.11,8.36,8.38,8.18,8.15,8.23,8.2,7.77
ATXN3,5.85,5.86,5.88,5.85,5.79,5.53,5.47,5.41,5.95,5.89,6.03,5.51,5.77,5.47,6.26,6.01,6.11,5.74,5.77,5.89,6.41,5.9,6.47,6.06,5.77,6.01,6.13,5.47,6.44,5.46,5.21,4.81,5.78,5.56,5.67,6.23,6.14,5.67,5.33,6.19,5.72,5.81,6.3,5.69,6.28,6.31,5.76,6.06,5.59,4.17
ATXN3L,3.5,3.82,3.71,3.63,3.98,3.79,4.84,3.62,3.78,3.55,3.6,3.74,3.72,4.56,3.66,3.75,3.72,3.84,3.64,3.69,3.57,3.64,3.8,3.64,3.52,3.82,3.63,3.76,3.68,4.09,5.33,4.34,3.8,3.7,3.78,3.72,4.13,3.68,4.53,3.75,3.86,4.04,4.46,4.88,3.72,4.1,3.88,3.67,3.52,5.65
ATXN7,6.63,6.57,6.66,6.92,6.67,6.39,6.18,6.37,6.71,6.73,6.5,6.62,6.43,6.2,6.74,6.36,6.65,6.7,6.68,6.75,6.46,6.5,6.57,6.64,6.65,6.32,6.63,6.75,6.48,6.3,6.35,6.29,6.78,6.93,6.99,6.91,6.31,6.72,5.8,6.92,6.66,6.33,6.4,6.07,6.85,6.31,6.87,6.8,6.49,5.15
ATXN7,8.74,8.73,8.5,8.69,8.24,8.28,8.04,8.08,8.79,8.86,8.65,8.49,8.48,7.6,8.68,8.29,8.82,8.47,8.7,8.78,8.54,8.68,8.53,8.63,8.7,8.53,8.63,8.83,8.48,5.8,5.05,6.67,8.55,8.53,8.76,8.6,8.2,8.37,7.98,8.47,8.75,8.64,8.12,6.18,8.64,8.22,8.53,8.57,8.03,7.61
ATXN7,8.53,8.8,8.47,8.38,8.18,8.25,8.29,8.15,8.77,8.58,8.4,8.22,7.99,8.07,8.53,8.3,8.5,8.31,8.48,8.67,8.38,8.2,8.7,8.46,8.55,8.45,8.53,8.39,8.2,8.29,7.44,7.86,8.46,8.35,8.39,8.48,8.15,8.23,7.55,8.36,8.42,8.35,8.2,8.12,8.66,8.02,8.09,8.21,7.91,7.43
ATXN7,7.1,7.17,7.16,7.14,7.3,7.39,7.63,7.39,6.97,7.26,7.42,6.93,6.94,5.99,6.82,7.06,6.95,6.7,6.82,6.64,7.32,7.37,7.11,6.93,7.12,6.79,7.46,7.12,7.59,5.75,6.42,5.09,6.92,7.05,6.96,6.85,7.04,6.86,6.16,7.44,7.06,7.26,7.81,7.99,7.4,7.5,7.49,6.98,7.33,6.17
ATXN7,4.36,3.91,3.87,4.15,3.89,3.85,3.97,3.98,4.22,4.22,3.89,4.11,4.08,3.99,4.17,4.33,4.41,4.11,4.19,4.39,3.99,3.92,3.85,3.87,4.09,3.86,4.14,4.58,3.91,3.84,4.02,3.67,4.13,4.1,4.24,4.01,3.82,4.08,4.24,3.85,4.3,3.91,4.13,4.07,4.05,3.91,4.08,4.15,3.99,4.66
ATXN7L1,5.42,5.62,5.2,5.62,5.19,5.33,5.11,5.06,5.36,5.72,5.64,5.52,5.45,5.39,5.8,5.21,5.57,5.54,5.48,5.53,5.68,5.68,5.39,5.52,5.54,5.56,5.37,5.43,5.24,5.7,5.79,6.54,5.4,5.24,5.42,5.47,4.89,5.56,6.1,5,5.31,5.48,5.28,6.17,5.47,5.08,5.32,5.19,5.25,6.13
ATXN7L1,7.62,7.74,7.95,7.76,8.32,8.18,8.23,8.03,7.47,7.61,8.28,7.58,7.78,7.13,7.81,7.95,8.08,7.77,8.04,7.86,7.93,8.21,8.38,8.14,8.12,7.96,7.77,7.75,8.12,9.1,6.75,6.7,7.52,7.76,7.71,8.09,8.23,8.17,7.07,8,8.11,8.46,8.47,8.55,8.2,8.47,8.22,8.02,8.58,8.23
ATXN7L1,4.16,4.19,4,4.31,3.98,4.48,4.64,4.6,4.17,4.45,4.22,3.94,3.83,4.97,4.06,4.19,4.24,4.2,4.28,4.38,4.54,4.17,4.12,4.25,4.18,4.56,4.44,4.37,4.32,4.33,5.45,4.35,4.52,4.63,4.43,4.67,4.08,4.38,5.31,3.9,4.36,4.08,4.42,4.65,4.32,4.77,4.75,4.32,4.11,3.98
ATXN7L1,4.77,4.55,4.71,4.43,5.21,4.69,4.32,4.42,4.44,4.72,4.86,4.75,4.74,4.78,4.65,4.93,4.72,4.83,4.32,4.67,5.13,5.18,4.92,4.67,4.94,4.82,4.83,4.73,4.95,4.32,4.69,4.17,5.34,5.27,5.25,4.89,5.15,5.3,5.18,4.63,5.5,4.86,4.38,4.09,4.76,4.98,4.97,4.79,4.64,5.42
ATXN7L1,6.73,6.38,6.47,6.57,6.57,6.7,5.72,6.45,6.52,6.76,6.63,6.75,6.46,6.25,6.94,6.89,6.84,6.66,6.44,6.62,7.01,6.71,6.49,6.92,6.87,6.75,6.45,6.7,6.55,6.24,5.77,6.79,7.24,7.13,7.23,6.76,6.63,6.83,6.2,6.52,6.39,6.62,6.52,5.7,6.79,6.73,6.9,6.7,6.59,5.19
ATXN7L1,6.37,6.32,6.09,6.28,6.93,6.55,6.44,6.85,5.95,6.29,7.01,6.16,5.9,6.82,6.82,6.69,6.68,6.08,5.86,5.87,6.35,6.38,6.58,6.31,6.48,6.47,6.67,6.15,6.33,4.43,6.82,6.63,6.89,7.05,7.21,6.46,7.05,6.78,5.46,6.39,6.19,6.36,5.77,6.81,6.33,6.43,7.05,6.37,6.65,7.34
ATXN7L2,6.74,6.55,6.86,7.06,7.22,7.23,7.55,7.26,6.64,6.63,7.07,6.56,6.7,8.13,6.53,6.89,6.63,6.91,6.82,6.59,6.61,6.71,6.93,6.73,6.64,6.59,7.11,6.92,7.46,7.81,7.56,7.98,6.75,6.59,6.72,6.76,7.15,6.56,7.22,6.75,7.11,7.05,7.49,8.5,7.06,7.44,7.12,6.92,7.17,8.88
ATXN7L3,4.14,3.96,4.22,4.03,4.18,3.82,5.04,4.17,4.29,4.22,3.92,4.21,4.1,4.29,4.13,4.41,4.53,4.51,4.57,4.18,3.78,3.97,4.15,4.03,4.2,4.35,4.26,4.23,3.91,5.65,7.42,5.34,4.09,4.27,3.98,3.91,3.88,4.23,4.66,4.12,4.49,4.44,4.16,4.66,3.75,3.99,3.9,4.08,4.02,5.42
ATXN7L3,8.99,8.94,9.15,9.02,9.24,9.27,9.11,9.26,8.78,8.92,9.24,8.98,8.93,9.86,8.94,8.97,8.91,8.98,9.03,8.93,8.96,9.03,9.05,9.11,9.13,8.82,9.09,9.06,9.28,8.59,9.38,8.44,8.54,8.83,8.81,8.92,8.77,9.01,9.06,9.34,9.31,9.33,9.22,9.45,8.98,9.15,9.17,9.11,9.29,9.84
ATXN8OS,3.62,3.52,3.84,3.68,3.69,3.69,4.21,3.72,3.67,3.74,3.71,3.7,3.96,5.77,3.58,3.57,3.63,3.73,3.76,3.62,3.69,3.68,3.7,3.81,3.6,3.61,3.64,3.76,3.84,3.96,3.91,4.71,3.6,3.65,3.44,3.65,4.16,3.78,4.78,3.45,3.5,3.61,3.86,4.2,3.59,3.66,3.61,3.57,3.55,4.53
ATXN8OS,5.24,5.29,5.18,5.6,5.16,5.34,5.18,5.37,5.47,5.34,5.34,5.56,5.26,5.83,5.39,5.62,5.08,5.3,5.2,5.1,5.25,5.56,5.34,5.08,5.35,5.23,5.47,5.39,5.2,5.3,7.59,6.02,5.29,5.21,5.33,5.24,5.17,5.06,4.44,5.23,5.41,5.16,5.12,5.78,5.04,5.28,5.18,5.22,5.2,6.12
AUH,8.51,8.6,8.53,8.43,8.41,8.31,7.7,8.43,8.44,8.65,8.48,8.41,8.44,7.8,8.12,8.1,8.32,8.36,8.47,8.55,8.16,8.27,8.15,8.29,8.14,8.09,8.38,8.3,8.23,7.26,7.88,5.98,7.5,7.53,7.56,8.25,8.12,8.21,8.27,8.5,8.33,8.33,8.43,7.96,8.05,8.01,8.09,8.45,8.36,5.64
AUH,7.79,7.61,7.83,7.83,7.54,7.72,7.34,7.95,7.76,7.75,7.23,7.85,7.7,6.89,7.49,7.73,7.54,8.04,7.66,7.9,7.7,7.7,7.18,7.33,7.63,7.41,7.52,7.7,7.59,6.17,6.57,6.43,6.9,7.04,7.09,7.55,7.46,7.75,6.43,7.77,7.8,7.64,7.41,6.38,7.5,7.57,7.76,7.89,7.84,6.15
AUP1,10.44,10.48,10.44,10.43,10.24,10.59,10.61,10.41,10.37,10.42,10.34,10.37,10.39,9.47,10.37,10.42,10.52,10.53,10.68,10.33,10.43,10.24,10.4,10.35,10.35,10.39,10.38,10.25,10.51,10.06,8.89,9.09,10.47,10.36,10.36,10.35,10.65,10.6,10.24,10.36,10.45,10.5,10.53,9.93,10.46,10.44,10.39,10.43,10.39,9.68
AUP1,6.74,6.5,6.83,6.88,6.61,6.51,5.87,6.69,7,6.97,6.32,6.91,6.74,6.03,6.93,6.93,6.74,6.56,6.62,6.93,6.34,6.87,6.33,6.77,7,6.96,6.45,7.33,6.16,5.6,5.99,6.46,6.45,6.76,6.75,6.78,6.09,6.79,5.25,6.77,6.58,6.92,6.92,5.89,6.11,6.32,6.88,6.95,6.81,6.51
AUP1,7.52,7.07,7.65,7.72,6.37,7.46,7.9,7.87,7.67,7.57,7.35,7.51,7.48,7.12,7.39,7.81,7.66,7.81,7.75,7.72,7.38,7.44,7.2,7.59,7.63,7.94,7.62,7.95,7.36,5.8,5.46,7.44,7.21,7.47,7.49,7.63,7.42,7.79,6.93,7.5,7.39,7.48,7.49,6.65,7.65,6.82,7.75,7.44,7.19,7.07
AURKA,10.84,10.79,10.93,10.89,11.01,10.99,10.83,10.84,10.86,10.87,10.99,10.78,10.67,10.25,10.71,10.65,10.5,11.12,11.06,11.11,9.83,9.9,9.85,10.01,10.07,9.98,10.82,10.88,10.76,10.77,10.15,10.65,11.22,11.41,11.52,10.65,10.61,10.7,11.07,11.16,11.2,10.56,10.5,10.17,10,9.9,9.99,11.09,11,9.87
AURKA /// AURKAPS1,8.36,7.98,8.01,8.27,8.01,7.99,8.18,8,8.31,8.15,7.82,8.03,8.14,6.96,7.75,7.68,7.73,8.12,8.31,8.27,7.23,7.19,7.1,7.08,7.21,7.09,8.06,8.01,7.91,7.46,6.85,5.47,8.62,8.62,8.69,7.85,7.8,7.85,7.53,8.27,8.37,7.46,7.61,6.1,7.2,7.15,7.14,8.44,8.52,6.73
AURKAIP1,11.25,11.35,11.24,11.09,11.07,11.36,11.16,11.01,11.35,11.15,11.06,11.09,11.34,9.99,10.83,10.87,11.15,11.12,11.3,11.21,11.18,10.88,11.1,10.82,10.79,11.05,11.34,10.95,11.44,11.2,9.56,10.21,11.07,10.99,10.82,10.87,11.11,10.99,11.25,11.26,11.33,10.91,11.19,9.93,11.22,11.29,11.03,11.17,11.37,9.62
AURKAIP1,11.14,11.29,11.23,11,11.08,11.23,11.28,11.03,11.25,11.15,10.98,11.05,11.3,9.8,10.78,10.77,11.06,11.13,11.26,11.06,11.18,10.74,11.1,10.78,10.75,11.05,11.23,10.95,11.34,11.06,8.88,10.25,11.02,11.04,10.88,10.8,11.08,10.97,11.31,11.18,11.35,10.86,11.12,10,11.17,11.23,10.98,11.15,11.29,9.85
AURKAIP1,11.16,11.3,11.2,11.03,11.1,11.17,11.09,10.83,11.2,11.14,10.95,11.09,11.3,9.4,10.8,10.83,11.08,11.11,11.26,11.16,11.14,10.77,11.1,10.71,10.69,10.98,11.27,10.94,11.33,11,8.87,10.35,11.04,10.89,10.72,10.82,11.1,10.97,11.16,11.1,11.32,10.87,11.22,9.9,11.18,11.26,10.97,11.2,11.36,9.52
AURKB,10.39,10.12,10.52,10.46,10.44,10.4,10.31,10.57,10.35,10.45,10.2,10.16,10.16,8.7,10.49,10.38,10.38,10.35,10.44,10.48,9.28,9.44,9.11,9.52,9.65,9.59,10.5,10.41,10.37,10.14,8.63,9.63,11.26,11.35,11.39,10.53,10.54,10.63,10.56,10.48,10.4,10.15,10.31,7.88,9.72,9.78,9.68,10.23,10.38,7.08
AURKC,5.03,4.98,4.85,4.96,4.99,4.85,5.17,4.43,4.7,4.76,5.02,5.09,4.87,5.05,4.85,4.93,4.95,5.08,4.99,4.71,5.01,5.06,4.9,4.59,4.69,5.06,4.98,5.09,5.02,5.43,5.35,5.26,4.9,4.98,5.17,4.56,4.92,4.81,4.86,4.59,4.8,4.74,5.34,5.36,4.83,4.71,4.69,4.9,5.16,4.69
AURKC,4.59,4.23,4.55,4.76,4.38,4.58,4.58,4.39,4.57,4.41,4.44,4.34,4.39,4.27,4.6,5.14,4.6,4.62,4.49,4.52,4.37,4.53,4.37,4.44,4.46,3.98,4.75,4.5,4.48,4.52,4.59,3.82,4.47,4.75,4.75,4.44,4.04,4.54,4.57,4.56,4.76,4.34,4.51,4.78,4.32,4.81,4.44,5.12,4.41,4.9
AUTS2,5.76,5.71,5.47,6.01,5.2,6.08,5.2,5.98,5.71,5.69,5.65,5.81,5.57,5.39,5.59,5.37,5.42,6.28,5.91,5.91,5.46,5.47,5.49,5.78,5.95,5.09,5.97,5.87,5.32,6.26,5.65,5.17,5.86,5.7,5.57,5.84,5.27,5.51,6.07,6.15,6.07,6.26,6.03,7.06,5.37,5.86,5.48,5.62,5.91,5.3
AUTS2,3.92,3.83,3.85,4.03,3.71,4.08,4.12,4.27,3.84,3.77,3.78,3.79,4.12,4.86,4.01,4.03,3.67,3.76,4.12,3.9,3.87,3.84,3.8,3.91,3.52,3.94,3.54,3.62,3.98,4.05,6.78,4.76,3.65,3.9,3.76,3.81,3.86,3.62,5.26,3.87,4.15,3.78,4.14,5.43,3.75,3.53,3.79,3.81,3.72,4.04
AUTS2,5.43,5.46,5.52,5.21,5.37,6,6.14,5.37,5.4,5.71,5.48,5.22,5.46,5.52,5.51,5.83,5.34,5.76,5.71,5.89,4.92,5.42,5.38,5.56,5.6,5.29,5.26,5.54,5.49,5.22,6.51,7.65,5.05,5.17,5.36,5.48,5.74,5.37,5.47,5.72,5.59,5.03,5.64,7.16,4.81,5.04,5.12,5.24,5.17,7.01
AUTS2,3.99,4.2,4.28,4.19,3.73,4.24,4.23,3.85,4.2,4.02,4.19,4,3.93,4.3,4.05,4.25,4.34,4.24,4.12,4.04,4.27,4.44,4.13,3.89,4.16,4.19,3.89,4.34,4.19,4.28,5.72,5.62,3.91,4.21,4.14,4.13,4.19,4.13,4.65,4.07,4.2,4.46,4.25,5.36,4.2,4.11,3.79,4.08,3.71,4.5
AVEN,8.37,8.4,8.52,8.62,8.62,8.57,7.58,8.62,8.6,8.57,8.65,8.41,8.28,7.24,8.33,8.04,8.2,8.42,8.49,8.24,8.49,8.5,8.64,8.58,8.53,8.39,8.47,8.55,8.45,6.97,6.38,6.53,8.08,8.24,8.27,8.46,8.02,8.26,8.1,8.72,8.7,8.24,8.34,8.28,8.63,8.32,8.55,8.57,8.63,7.77
AVIL,5.24,5.16,5.01,5.23,4.94,4.8,5.53,4.98,5.2,5.38,5.21,5.24,5.21,4.98,5.18,5.17,5.22,5.19,5,5.29,5.17,5.27,5.12,4.86,5.04,4.9,5.14,4.98,5.01,5.38,6.19,6.14,5.15,5.01,5.13,4.94,4.9,4.9,4.99,5.06,5.12,5.31,5.24,4.85,5.83,5.99,5.09,5.13,5.11,4.67
AVL9,7.33,7.25,7.35,7.39,7.83,7.64,6.52,7.5,7.34,7.38,7.46,7.27,7.17,6.81,7.32,7.48,7.49,7.26,7.35,7.19,7.46,7.44,7.43,7.71,7.44,7.56,7.56,7.4,7.22,6.32,6.3,5.53,7.9,7.86,7.95,7.55,7.51,7.54,7.03,7.87,7.69,7.35,7.19,6.66,7.64,7.15,7.46,7.64,7.54,5.63
AVL9,3.61,3.79,3.81,3.94,3.58,3.71,4.22,3.68,3.72,3.7,3.8,3.71,3.78,4.38,3.68,3.56,3.62,3.85,3.84,3.55,3.88,3.72,3.87,3.56,3.72,3.62,3.69,3.65,3.61,3.86,4.39,4.11,3.82,3.67,3.66,3.75,3.7,3.65,3.66,3.52,3.78,3.62,3.63,3.92,3.61,3.95,3.61,3.8,3.57,4.59
AVP,3.98,4.02,4.27,4.18,4.24,4.35,4.4,4.23,3.94,4.13,4.48,3.9,3.92,4.4,4.05,4.24,3.83,4.24,4.07,4.15,4.23,4.33,4.08,3.88,4.24,4.27,4.19,4.13,4.05,5.39,4.98,4.05,4.24,4.06,4.3,3.84,4.35,3.9,5.53,4.39,3.77,3.94,4.23,4.09,4.07,3.99,4.26,4.32,4.23,4.43
AVPI1,7.38,7.2,7.33,7.28,7.42,7.65,6.64,7.06,7.12,7.23,7.32,7.47,7.1,7.51,8.59,8.33,8.45,7.57,7.61,7.72,7.56,7.44,7.34,8.39,8.05,8.31,7.43,7.11,7.2,6.08,7.13,6.72,8.95,8.91,9.08,8.39,8.4,8.44,7.11,7.52,7.38,7.04,6.77,6.57,7.4,7.02,7.33,7.36,7.5,6.74
AVPR1A,4.43,4.37,4.28,4.58,4.76,4.73,5.33,4.58,4.44,4.34,4.66,4.26,4.31,4.99,4.59,4.75,4.36,4.58,4.58,4.52,4.86,4.61,4.2,4.46,4.86,4.44,4.73,4.44,4.71,4.44,5.67,5.04,4.27,4.26,4.53,4.36,4.61,4.28,4.98,4.48,4.41,4.75,5.04,5.6,4.53,5.02,5,4.86,4.53,4.94
AVPR1A,3.94,4.08,3.76,4.11,3.87,4.05,4,4.14,3.95,3.99,3.82,3.8,3.97,4.91,4.12,3.92,4.01,4.03,3.96,3.87,3.92,3.88,4.13,4.22,3.97,3.74,3.96,3.83,4.09,5.9,4.92,5.95,4.17,3.99,3.92,4.01,4.13,4.21,4.27,4.41,3.88,3.97,3.85,5.6,4.26,3.75,4.07,3.9,3.88,4.04
AVPR1A,3.81,3.93,3.88,4.05,3.71,3.74,4.32,3.6,4.05,4.1,3.98,3.84,3.97,4.35,3.81,3.77,4.04,3.9,3.99,3.88,4.16,3.97,4.14,3.64,3.48,3.7,4.03,4.04,4.02,4.07,5.43,4.79,3.68,3.87,3.84,3.64,3.67,3.7,4.57,3.74,3.78,3.75,3.86,4.69,4.13,3.59,3.55,3.59,4.03,4.31
AVPR1A,3.68,3.83,3.94,3.98,3.9,4,3.84,3.65,3.71,3.89,3.67,3.85,3.74,4.83,3.64,3.51,3.99,3.86,3.79,3.88,3.77,3.85,3.96,3.74,3.68,3.57,3.97,3.86,3.74,3.81,4.03,7.11,3.67,3.56,3.64,3.61,3.91,3.64,4.21,3.96,3.72,3.72,3.7,4.07,3.7,3.88,3.74,3.84,3.62,4.03
AVPR1B,4.25,4.4,4.31,4.61,4.6,4.49,4.92,4.54,4.21,4.31,4.36,4.41,4.37,5.84,4.54,4.58,4.77,4.34,4.27,4.42,4.71,4.46,4.43,4.3,4.46,4.88,4.44,4.52,4.24,4.92,5.64,6.34,4.52,4.41,4.46,4.31,4.23,4.3,4.66,4.18,4.29,4.54,4.74,4.89,4.34,4.02,4.09,4.45,4.24,4.75
AVPR2,3.84,3.88,3.78,3.7,3.76,4.17,3.69,3.97,3.97,3.9,3.79,3.92,3.79,4,3.77,3.84,3.88,3.9,3.88,3.97,3.9,4,3.92,3.98,4.04,3.74,3.79,3.85,3.65,4.58,4.89,4.5,3.96,4.02,4.05,4.09,4.33,3.72,3.91,4.11,4.3,3.67,3.96,4.85,3.87,3.92,3.93,4.04,3.91,5.02
AWAT1,4.22,4.34,3.85,4.06,4.38,3.99,4.04,4.15,3.95,4.18,4.2,4.26,4.08,4.57,4.17,4.29,4.04,4.09,4.09,4.03,4.35,4.21,4.23,4.22,4.23,4.17,4.1,4.03,3.99,4.56,5.43,5.98,4.39,3.99,4.22,3.9,4.62,4.12,3.6,3.93,4.29,4,4.3,4.41,3.96,3.86,3.98,3.75,4.18,5.81
AWAT2,4.21,4.01,4.29,4.21,4.53,4.07,4.18,4.26,4.2,4.17,4.3,4.35,4.4,4.8,4.27,4.1,4.19,4.22,4.32,4.1,4.15,4.24,4.13,3.94,4.47,4.17,4.25,4.04,3.88,3.65,5.76,5,4.13,4.43,4.2,4.44,4.22,4.03,5.36,3.92,4.11,3.89,4.24,6.42,4.43,3.94,4.54,4.05,3.77,5.11
AWAT2,4.95,5.05,4.31,4.39,4.77,4.49,4.5,3.89,4.55,4.52,4.94,4.83,5.06,6.57,4.13,4.55,4.2,4.3,4.37,4.25,4.54,4.47,4.63,4.26,4.18,4.17,4.46,4.61,4.68,4.78,4.81,5.72,4.82,4.78,4.63,4.16,4.16,4.05,4.81,3.88,4.11,4.08,4.4,4.93,4.36,4.06,4.07,4.18,4.38,5
AXIN1,8,7.78,7.95,7.98,8.8,8.46,7.65,8.2,7.75,7.8,8.13,7.78,7.68,7.94,8.1,7.93,8.02,8.04,8.13,7.77,7.95,7.97,8.02,8.08,8.13,7.95,8.06,7.67,8.13,7.45,5.74,7.36,7.63,7.77,7.91,7.97,7.94,7.93,7.84,8.27,8.46,8.32,8.47,7.91,7.9,8.2,8.02,8.05,8.19,7.65
AXIN2,5.42,4.79,5.66,5.3,4.5,5.3,4.06,5.32,5.16,5.84,5.03,5.11,5.26,4.63,4.98,5.84,5.95,5.81,6.09,5.87,5.37,4.9,4.87,6.06,6.11,5.93,5.26,5.94,5.02,4.14,5.08,5.04,5.94,5.71,5.47,5.06,4.64,5.94,4.38,5.43,5.5,5.04,5.46,5.14,5.75,4.87,5.54,5.76,5.22,4.72
AXIN2,10.54,10.57,10.51,10.64,10.47,10.59,10.23,10.32,10.51,10.68,10.45,10.48,10.8,9.69,10.21,10.17,10.31,10.33,10.33,10.42,10.81,10.76,10.7,10.44,10.48,10.62,10.66,10.64,10.79,9.91,7.67,9.76,10.05,10.02,10.12,10.35,10.4,10.48,10.52,10.51,10.81,10.86,10.79,9.86,10.12,10.24,10.12,10.93,11.04,9.22
AXIN2,9.52,8.89,9.58,9.43,9.42,9.31,9.51,9.53,9.43,9.54,8.85,9.36,9.44,7.9,9.58,9.88,9.82,9.74,9.8,9.83,9.4,9.24,9.1,9.85,9.74,9.77,9.41,9.5,9.31,8.83,7.74,6.87,9.95,9.91,9.71,9.6,9.69,9.95,9.96,9.76,9.63,9.58,9.4,7.15,9.69,9.82,9.67,9.79,9.74,7.87
AXL,4.3,4.29,4.35,4.37,4.36,4.12,5.18,4.49,4.24,4.29,4.36,4.33,4.6,5.45,4.34,4.37,4.42,4.45,4.49,4.24,4.21,4.65,4.4,4.29,4.31,4.3,4.39,4.28,4.3,4.4,5.71,5.14,4.55,4.19,4.34,4.12,4.6,4.33,4.31,4.24,4.34,4.31,4.29,4.89,4.43,4.57,5.01,4.5,4.36,5.09
AXL,3.83,4.02,4.39,4.01,4.32,4.04,4.55,4.37,3.87,3.84,3.98,4.23,4.32,5.35,4.5,4.68,4.92,4,3.9,3.94,4.81,4.23,4.01,4.31,4.34,4.26,3.86,4.1,4.14,5.32,5.51,5.8,4.03,4.02,4.75,4.24,3.88,4.81,4.98,4.09,3.74,3.98,4.05,5.53,4.6,3.97,4.04,4.13,4.18,6.26
AZGP1,4.18,4.22,4.28,4.1,4.21,4.15,3.95,4.29,4.35,4.27,4.04,4.28,4.28,4.21,4.04,4.16,4.29,4.2,4.3,4.5,4.29,4.59,4.29,4.36,4.18,4.09,4.28,4.22,4.53,5.07,5.97,4.89,4.25,4.22,4.25,4.2,4.26,4.44,4.4,4.58,3.84,4.38,4.42,5.59,4.24,4.43,4.36,4.02,4.51,5.4
AZGP1P1 /// GJC3 /// LOC100128334,4.11,4.18,4.21,4.35,4.51,4.46,4.55,4.36,4.26,4.44,4.41,4.41,4.34,4.53,4.31,4.36,4.26,4.34,4.41,4.38,4.44,4.36,4.21,4.23,4.27,4.4,4.52,4.38,4.41,4.64,4.67,4.44,4.15,4.26,4.39,4.35,4.28,4.59,4.53,4.25,4.25,4.55,4.28,5.3,4.25,4.23,4.55,4.89,4.27,5.1
AZI1,6.67,6.54,6.64,6.8,6.89,7.07,6.95,6.73,6.65,6.66,6.39,6.3,6.79,6.87,6.34,6.43,6.46,6.49,6.29,6.4,6.49,6.41,6.57,6.65,6.21,6.61,6.9,6.6,6.97,6.51,6.05,6.5,6.8,6.71,6.41,6.48,6.12,6.49,4.99,6.62,7.28,6.78,6.94,5.46,6.69,6.92,6.49,6.63,6.69,5.8
AZI2,8.05,8.22,7.84,7.89,7.71,7.54,8.01,7.92,8.26,7.97,8.05,8.01,7.87,7.3,7.72,7.94,8.01,7.03,7.15,7.17,8.09,8.11,8.14,7.7,7.77,7.88,7.92,7.92,7.95,7.01,6.3,7.38,7.76,7.66,7.93,7.91,7.63,7.96,7.87,7.89,7.8,7.77,7.81,7.74,8.13,8.15,7.81,8.05,7.92,7.33
AZI2,7.08,6.78,7.05,6.9,7.07,6.58,6.11,6.62,7.14,6.9,7.02,6.88,6.65,6.63,7.19,6.73,7.04,6.33,6.27,6.32,6.88,6.82,7.01,7.13,6.61,7.02,6.94,6.93,6.88,5.99,6.67,7.01,7.12,6.93,7.24,7.2,7.29,7,5.5,6.99,7.07,6.97,6.77,6.79,7.04,6.78,6.89,6.98,7.09,6.34
AZI2,7.94,7.99,7.89,7.82,7.84,7.61,7.1,7.49,7.89,7.84,8.06,7.88,7.77,6.5,7.79,7.57,7.76,7.38,7.26,7.33,7.67,7.64,8.03,7.67,7.79,7.65,7.41,7.87,7.6,7.9,4.68,6.44,7.43,7.43,7.4,7.71,7.76,7.52,5.57,7.85,7.78,7.77,7.69,8.36,7.97,7.88,7.93,7.84,7.82,5.95
AZIN1,10.51,10.55,10.25,10.53,10.13,10.01,9.64,10.08,10.65,10.45,10.36,10.54,10.61,9.38,10.38,10.14,10.34,10.28,10.33,10.34,10.27,10.36,10.36,10.19,10.25,10.28,10.37,10.44,10.29,9.62,8.08,8.91,10.44,10.46,10.52,10.3,9.87,10.16,9.91,10.24,10.33,9.94,9.86,8.56,10.11,9.9,9.94,10.37,10.43,9.42
AZIN1,10.77,10.88,10.57,10.66,10.53,10.57,9.76,10.5,10.83,10.75,10.73,10.69,10.93,9.33,10.5,10.35,10.67,10.64,10.6,10.75,10.46,10.5,10.69,10.48,10.58,10.53,10.63,10.7,10.59,9.96,6.54,9.13,10.61,10.74,10.72,10.44,10.35,10.54,10.23,10.52,10.7,10.41,10.55,8.49,10.57,10.35,10.51,10.65,10.73,9.17
AZU1,3.98,4.09,4.07,4.14,4.31,3.96,4.7,4.25,4.18,4.12,4.14,4.29,4.16,5.12,4.15,4.33,4.31,3.99,4.29,4.05,4.12,4.01,4.05,4.38,3.96,4.13,4.24,4.19,4.08,5.44,4.92,4.07,3.98,4.02,4.04,3.95,4.8,3.88,5.74,3.98,3.92,3.96,4.21,4.16,3.56,4.01,4.17,3.97,4.03,4.25
B2M,13.74,13.77,13.68,13.72,13.73,13.81,14,13.54,13.78,13.7,13.79,13.73,13.91,13.71,13.62,13.77,13.73,13.73,13.69,13.51,13.83,13.78,13.85,13.59,13.64,13.76,13.7,13.7,13.9,14.22,13.23,13.39,13.84,13.69,13.69,13.56,13.87,13.6,14.09,13.51,13.77,13.72,13.77,13.62,13.85,13.95,13.74,13.75,13.82,13.72
B2M,13.38,13.25,13.18,13.23,13.31,13.3,13.52,13,13.4,13.22,13.29,13.23,13.58,13.35,13.12,13.3,13.22,13.23,13.2,13.05,13.4,13.29,13.5,13.08,13.07,13.25,13.16,13.16,13.6,13.81,12.97,13.1,13.27,13.19,13.12,13.08,13.41,13.02,13.68,13.05,13.27,13.28,13.33,13.3,13.38,13.5,13.26,13.29,13.45,13.42
B2M,13.61,13.51,13.51,13.56,13.59,13.66,13.82,13.56,13.6,13.46,13.66,13.63,13.74,13.31,13.53,13.67,13.47,13.63,13.53,13.43,13.64,13.65,13.75,13.51,13.54,13.59,13.51,13.58,13.72,13.95,13.09,13.21,13.68,13.57,13.52,13.48,13.67,13.48,13.87,13.51,13.64,13.65,13.5,13.1,13.71,13.86,13.68,13.63,13.7,13.18
B2M,13.54,13.53,13.5,13.56,13.58,13.64,13.76,13.53,13.59,13.48,13.64,13.64,13.73,13.38,13.5,13.64,13.46,13.6,13.5,13.39,13.66,13.67,13.78,13.46,13.53,13.61,13.5,13.54,13.7,13.99,13.07,13.34,13.66,13.55,13.49,13.45,13.66,13.5,13.86,13.48,13.63,13.63,13.53,13.32,13.7,13.82,13.68,13.62,13.67,13.11
B2M,13.66,13.55,13.57,13.63,13.69,13.71,13.88,13.57,13.65,13.49,13.6,13.59,13.73,12.97,13.59,13.73,13.59,13.66,13.59,13.56,13.69,13.69,13.66,13.56,13.52,13.65,13.6,13.58,13.69,13.98,11.73,12.26,13.67,13.64,13.6,13.45,13.72,13.56,13.9,13.48,13.65,13.65,13.66,12.68,13.8,13.93,13.69,13.66,13.73,12.71
B2M,12.71,12.78,12.5,12.72,12.85,12.87,13.16,12.47,12.92,12.45,12.89,12.7,13.03,13.49,12.55,12.76,12.54,12.56,12.5,12.33,12.74,12.74,13.03,12.53,12.47,12.8,12.56,12.37,12.98,13.48,13.05,13.08,12.67,12.52,12.39,12.28,12.88,12.29,13.14,12.43,12.8,12.8,12.85,13.33,12.86,13.16,12.69,12.76,12.93,13.07
B2M,12.77,12.83,12.67,12.72,12.69,12.75,12.97,12.65,12.84,12.74,12.79,12.75,13.02,12.73,12.68,12.81,12.75,12.73,12.64,12.59,12.84,12.84,12.9,12.6,12.63,12.78,12.74,12.74,12.94,13.06,11.48,12.6,12.74,12.67,12.67,12.45,12.85,12.57,12.95,12.52,12.8,12.76,12.79,12.43,12.89,13.01,12.77,12.78,12.94,12.75
B2M,13.71,13.65,13.63,13.69,13.71,13.71,13.88,13.58,13.74,13.67,13.68,13.73,13.85,13.6,13.64,13.79,13.69,13.69,13.67,13.63,13.78,13.8,13.73,13.61,13.62,13.74,13.67,13.72,13.82,14.02,13.32,13.36,13.77,13.67,13.66,13.6,13.8,13.63,13.86,13.55,13.75,13.72,13.71,13.57,13.86,13.92,13.79,13.73,13.77,13.62
B3GALNT1,4.04,4.29,4.2,4.28,4.29,4.01,4.55,4.54,4.19,4.24,4.83,4.2,4.36,5.67,4.01,4.31,4.09,4.4,4.07,4.12,4.2,4.13,4.25,4.48,4.24,4.28,4.11,4.4,4.65,4.85,4.4,4.94,4.28,4.24,4.35,4.15,4.21,4.2,5.85,4.41,4.71,4.38,4.7,5.86,4.64,4.83,4.25,4.23,4.28,6.19
B3GALNT1,3.86,3.98,3.5,3.78,4.07,3.56,4.39,3.57,3.7,3.76,3.92,3.77,3.82,4.16,3.64,3.83,3.66,3.6,3.73,3.56,3.95,3.8,3.96,3.92,3.66,3.63,3.68,3.77,3.8,4.03,4.45,4.93,3.69,3.76,3.81,3.72,3.61,3.64,4.19,3.65,3.92,3.76,4.08,4.78,3.64,3.69,3.9,3.83,3.72,5.48
B3GALNT1,3.39,3.51,3.42,3.62,3.82,3.98,5.58,3.67,3.57,3.55,3.42,3.44,3.47,3.89,3.31,3.38,3.34,3.49,3.53,3.37,3.56,3.48,3.42,3.29,3.44,3.27,3.42,3.55,3.34,6.71,5.93,4.8,3.41,3.44,3.65,3.34,3.56,3.4,5.57,3.42,3.45,3.58,3.49,5.24,3.6,3.78,3.4,3.31,3.42,4.27
B3GALNT2,6.93,6.64,6.94,6.68,7.06,6.59,6.95,7.15,6.96,6.91,6.83,6.81,6.83,6.62,6.79,6.98,6.74,6.65,6.79,6.73,7.07,6.77,6.98,6.95,6.79,6.86,6.62,6.86,6.82,6.07,6.89,7.16,6.82,7.03,7.02,6.97,6.81,6.72,6.46,6.95,6.88,7.01,6.77,6.42,6.69,7.03,7.19,6.84,6.97,7.48
B3GALNT2,9.78,10,9.79,9.74,9.88,9.72,9.44,9.52,9.9,9.72,10.12,9.75,9.93,8.85,9.82,9.71,9.81,9.64,9.8,9.74,9.63,9.67,10.05,9.6,9.77,9.67,9.76,9.81,9.94,9.8,9.61,10.03,9.51,9.48,9.5,9.72,9.87,9.65,9.42,9.49,9.77,9.91,10.11,10.32,9.7,9.87,9.53,9.86,9.92,9.85
B3GALT1,3.66,3.44,3.52,3.51,3.43,3.41,3.84,3.68,3.21,3.44,3.56,3.48,3.41,3.85,3.5,3.28,3.55,3.37,3.29,3.48,3.45,3.55,3.56,3.58,3.58,3.56,3.59,3.48,3.75,3.57,3.78,4.97,3.69,3.42,3.68,3.32,3.35,3.88,3.38,3.66,3.6,3.36,3.34,3.55,3.84,3.55,3.53,3.65,3.4,4.44
B3GALT1,4.31,4.27,4.34,4.2,4.02,4.29,4.43,4.11,4.24,4.16,4.23,4.36,4.16,4.61,4.32,4.44,4.41,4.28,4.2,4.2,4.44,4.33,4.15,3.94,4.36,3.9,4.44,4.28,4.6,4.93,5.16,4.85,4.29,4.19,4.18,3.86,4.28,4.23,4.18,4.25,4.16,4.41,4.57,6.83,4.37,4.45,4.85,4.25,4.16,5.11
B3GALT2,3.36,3.25,3.47,3.37,3.16,3.34,3.59,3.21,3.38,3.42,3.49,3.27,3.36,3.47,3.33,3.25,3.35,3.19,3.34,3.46,3.27,3.45,3.36,3.23,3.27,3.21,3.3,3.15,3.37,3.97,3.81,3.8,3.43,3.24,3.46,3.31,3.16,3.24,3.35,3.21,3.27,3.31,3.51,3.49,3.28,3.33,3.36,3.21,3.48,4.11
B3GALT4,5.55,5.84,5.83,5.86,5.38,6.18,5.14,5.79,5.65,5.72,6.3,5.92,5.58,5.53,5.96,5.79,5.75,6.06,6.07,6.05,5.96,6.08,6.36,6.29,6.2,6.3,5.59,5.72,5.7,5.25,4.47,5.46,5.54,5.52,5.89,5.99,5.6,6.05,5.67,6.29,6.12,6.87,6.51,6.36,6.33,6.62,6.54,5.88,5.77,5.87
B3GALT5,4.47,4.41,4.31,4.35,4.21,3.98,4.78,4.24,4.33,4.24,4.67,4.32,4.46,5.1,4.4,4.47,4.24,4.44,4.15,4.24,4.3,4.38,4.26,4.29,4.31,4.04,4.62,4.29,4.59,4.13,5.09,4.88,4.42,4.27,4.36,4.22,3.99,4.21,4.44,4.06,4.05,4.63,4.37,4.51,4.42,4.25,3.96,4.21,4.37,5.22
B3GALT5,3.91,4.21,4.09,4.4,4.18,4.23,3.93,4.26,4.18,4.33,4.09,4.08,4.14,4.78,3.88,3.99,4.16,4.11,4.12,3.95,3.92,4.47,4.32,3.95,4.03,4.05,4.58,4.16,4.71,3.77,4.17,5.08,4.35,4.74,4.34,4.08,3.78,4.18,3.66,4.32,3.74,4.02,3.84,3.96,3.9,3.86,4.04,3.93,4.15,4.59
B3GALT6,8.92,8.98,9.03,9.03,9.33,9.14,8.68,9.15,8.88,8.91,9.28,8.87,8.91,8.71,8.66,8.9,8.8,8.68,8.71,8.6,8.95,8.86,9.02,8.69,8.91,8.95,9.16,9.05,9.23,7.79,8.5,8.06,8.48,8.58,8.6,8.98,9.11,8.83,9.12,9.17,9.36,9.48,9.41,8.94,9.29,9.27,9.34,9.06,9.18,8.51
B3GALT6,10.25,10.36,10.34,10.3,10.48,10.25,9.79,10.48,10.25,10.35,10.49,10.31,9.99,10.29,10.17,10.15,10.27,10.01,10.08,10.19,10.21,10.24,10.15,10.38,10.44,10.28,10.45,10.48,10.35,9.48,10.19,10.44,9.91,10.03,10.11,10.2,10.02,10.16,10.42,10.48,10.38,10.4,10.29,10.53,10.63,10.45,10.58,10.37,10.19,10.75
B3GALTL,6.39,6.8,6.29,6.6,6.38,5.95,5.9,6.13,6.48,6.21,6.72,6.48,6.25,7.11,5.88,6.23,6.08,6.26,6.41,6.06,6.33,6,6.35,5.77,5.88,6.01,6.39,6.16,7.02,5.98,4.98,5.97,6.1,6.05,6.05,6,6.52,5.64,6.15,5.91,6.2,6.37,6.39,6.05,6.57,6.07,6.12,6.11,6.35,6.3
B3GALTL,5.07,4.98,4.82,5.12,5.5,4.67,4.22,4.81,4.96,5.02,5.23,5.35,4.76,4.75,4.72,4.67,4.53,4.91,4.98,4.82,4.79,5.1,4.84,4.73,4.81,4.51,5.06,4.86,5.06,3.9,4.59,5.94,4.31,5.05,4.62,4.86,4.36,4.73,3.93,4.95,4.53,5.22,4.82,5.45,4.42,4.8,4.61,4.67,4.43,5.13
B3GALTL,6.93,6.93,7,7.09,6.62,6.85,6.74,6.63,7,7.05,7.2,6.85,6.58,7.11,6.55,6.39,6.77,6.78,6.87,6.79,6.64,6.39,6.53,6.33,6.3,6.57,6.88,7.08,6.77,5.91,5.98,6.52,6.84,6.99,6.53,6.71,6.28,6.83,6.85,6.72,6.81,6.88,6.82,7.31,7.03,7,6.8,6.74,6.59,6.36
B3GALTL,4.83,4.95,4.88,4.8,4.2,4.96,5.08,5.17,5.19,4.94,4.78,4.82,4.66,5.35,4.64,4.58,4.43,4.8,4.6,4.76,4.5,4.71,4.61,4.46,4.54,4.46,4.78,5.34,4.78,4.26,5.62,4.44,4.72,4.42,4.92,4.53,3.7,4.63,4.58,4.86,4.87,4.74,4.56,5.44,4.64,4.96,4.8,4.6,5.09,4.91
B3GAT1,4.97,5.14,5.18,5.33,5.24,5.03,5.42,5.17,5.11,5.43,4.99,4.99,4.97,5.81,4.86,5.02,4.89,4.98,5.29,5.17,5.07,5.17,4.99,5.3,5.03,5.01,5.06,4.99,5.08,5.85,4.85,6.45,5.18,5.03,5.56,5.21,4.59,4.86,5.13,5.19,5.27,5.33,5.11,5.13,5.11,4.9,5.22,5.32,4.99,5.52
B3GAT1,4.1,4.18,3.71,4.06,4.24,3.87,4.05,3.91,4.21,3.97,4.35,4.37,4.36,4.3,3.85,4.06,3.81,4.04,3.91,3.69,4.19,4.13,4.43,3.85,3.78,3.73,3.88,4.02,4.42,4.13,5.99,5.71,3.71,4.07,3.9,3.58,4.01,3.53,4.05,3.89,3.78,4.44,4.23,4.62,3.85,3.87,3.65,3.84,3.55,4.46
B3GAT1,3.51,3.74,3.66,3.54,3.74,3.53,3.83,3.82,3.69,3.66,3.67,3.82,3.66,4.5,3.72,3.57,3.9,3.71,3.63,3.66,3.84,3.69,3.73,3.57,3.71,3.66,3.42,3.56,3.91,4.31,5.54,5.29,3.85,3.55,3.88,3.52,3.92,3.8,5.03,3.5,3.8,3.74,4.05,4.36,3.45,3.99,3.94,3.52,4,4.57
B3GAT2,4.84,5.21,5.01,4.82,5.2,4.7,5.5,4.87,4.94,4.98,5.39,4.96,4.96,6.23,5.12,5.01,5.25,5.34,4.82,5.28,4.91,4.91,4.9,4.86,5.01,4.68,4.85,4.88,5.5,5.99,5.71,7.37,4.92,5.16,4.77,4.99,5.01,5.02,4.77,4.89,4.6,4.64,5.86,7.48,4.51,4.63,5.08,5.01,4.89,7.19
B3GAT2,3.65,3.73,3.51,3.62,3.58,3.61,3.78,3.62,3.56,3.91,3.5,3.82,3.77,4.01,3.62,4.09,3.43,3.58,3.39,3.34,3.64,3.8,3.76,3.66,3.76,3.86,3.81,3.47,3.73,4.49,4.46,4.12,3.88,4.04,3.98,3.67,4.03,3.36,3.95,3.75,3.37,3.62,3.57,3.74,3.45,3.67,3.36,3.48,3.58,3.79
B3GAT2,4.13,3.75,3.54,3.81,3.97,3.74,3.79,3.72,3.94,4,3.97,4.06,3.6,5.17,4.36,3.96,4.1,4.2,3.72,4.05,4.19,3.81,3.77,4.11,3.87,3.78,3.63,3.85,4.24,3.74,4.98,3.82,3.87,3.98,3.8,3.7,3.73,3.86,3.75,3.44,3.74,3.81,3.88,3.58,3.87,3.73,3.57,3.65,3.99,5.85
B3GAT2,8.15,8.71,8.27,8.14,8.24,7.69,7.5,7.53,8.25,8.36,8.64,8.14,8.04,11.35,9.03,8.53,9.12,8.61,8.51,8.34,8.38,8.41,8.19,8.67,8.46,8.41,8.19,8.45,8.42,6,8.98,10.02,8.15,8.41,8.61,8.47,8.06,8.87,6.22,7.87,7.77,7.65,8.53,11.47,7.87,7.47,7.73,8.04,7.73,11.5
B3GAT3,7.33,6.95,7.6,7.29,7.31,7.24,6.34,7.59,7.29,7.56,7.12,7.29,7.11,5.69,7.09,7.58,7.16,7.56,7.36,7.61,7.3,7.28,7.03,7.51,7.25,7.28,7.25,7.52,7.09,6.02,5.14,7.45,7.1,7.3,7.27,7.52,7.42,7.65,7.48,7.54,7.4,7.4,7.15,6.73,7.08,6.77,7.24,7.39,7.11,5.94
B3GAT3,7.27,7.02,7.39,7.32,7.66,7.57,7.47,7.72,7.12,7.31,7.34,6.99,7.02,5.68,7.34,7.43,7.25,7.32,7.33,7.23,7.11,7.12,7.2,7.4,7.3,7.29,7.5,7.18,7.42,6.86,5.67,7.47,6.99,7.15,6.97,7.36,7.36,7.37,6.96,7.4,7.54,7.79,7.69,6.5,7.22,7.29,7.18,7.26,7.46,6.6
B3GNT1,7.12,7.07,7.29,7.26,7.22,6.91,7.25,7.38,7.25,7.22,6.94,7.34,7.25,6.93,7.65,7.47,7.54,7.27,7.07,7.23,7.11,7.42,7.11,7.42,7.22,6.97,7.1,7.2,7.16,7.19,5.82,6.1,7.13,7.28,7.25,7.55,7.34,7.48,6.56,7.39,7.02,7.04,6.8,6.22,6.9,6.59,6.9,7.24,7.32,6.95
B3GNT1,8.1,8.11,8.33,8.53,8.41,8.58,8.49,8.16,8.44,8.21,8.06,8.45,8.36,7.23,8.54,8.43,8.54,8.31,8.42,8.27,8.26,8.27,8.29,8.5,8.31,8.39,8.47,8.35,8.15,7.02,7.46,7.27,8.28,8.15,8.18,8.53,8.42,8.59,7.85,8.04,8.47,8.06,7.95,6.83,8.19,8.02,8.04,8.31,8.24,7.5
B3GNT1,7.71,7.22,7.42,7.6,7.66,7.79,7.34,7.86,7.72,7.77,7.31,7.83,7.62,7.23,7.9,7.77,7.83,7.6,7.8,7.77,7.58,7.31,7.33,7.68,7.78,7.75,7.56,7.71,7.06,6.1,5.85,7.83,7.45,7.65,7.65,7.93,7.73,8.13,7.34,7.45,7.35,7.19,6.82,6.19,6.74,7.11,7.3,7.58,7.62,6.51
B3GNT2,9.88,9.75,9.6,9.65,8.89,8.74,8.84,9.71,9.76,9.93,9.23,9.88,9.68,7.62,9.79,9.78,9.76,9.27,9.41,9.5,10.17,10.09,9.73,10.13,10.08,10.05,9.54,9.87,9.09,6.55,7.04,8.21,10.08,10.1,9.97,9.54,8.95,9.78,8.85,9.78,9.51,8.8,8.49,7.59,9.36,8.81,9.46,9.82,9.5,7.85
B3GNT2,9.26,9.45,9.01,9.04,8.58,8.75,7.62,8.71,9.23,9.13,9.11,9.09,9.42,7.12,8.95,8.99,9.07,8.62,8.63,8.72,9.47,9.5,9.61,9.12,9.27,9.45,9.08,9,9.04,7.89,6.84,6.9,9.32,9.29,9.23,8.95,8.74,8.95,8.87,9.05,9.07,8.47,8.46,7.21,8.76,8.51,8.72,9.15,9.51,7.65
B3GNT3,3.78,3.61,4,3.88,4.27,3.94,4.29,4,3.9,3.65,4.21,3.9,3.69,4.58,4.03,4.05,3.95,4.37,3.75,4.11,3.75,3.86,3.89,4.14,4,3.76,3.72,3.92,3.73,4.98,5.65,4.29,3.88,4.14,3.89,3.84,3.84,4.01,4.71,4.16,3.93,3.86,4.27,5.24,4.01,4.41,4.12,4.04,3.67,5.55
B3GNT3,3.82,3.77,3.82,3.87,4.43,3.79,6.11,3.87,3.73,3.78,4.05,3.96,3.71,3.94,4.01,3.8,3.67,4.03,3.96,3.98,3.78,3.93,3.76,3.9,3.63,3.55,3.98,4.03,3.89,4.81,5.36,4.48,3.88,3.6,4.06,3.78,3.87,3.86,4.39,4.09,3.91,4.05,4.1,3.98,3.7,4.41,3.89,3.74,3.78,3.91
B3GNT3,4.31,4.12,4.23,4.22,4.54,4.79,4.72,4.57,4.34,4.05,4.36,4.24,4.08,4.66,4.41,4.53,4.03,4.18,4.39,4.22,4.33,4.26,4.16,4.47,4.34,4.06,4.21,4.45,4.15,4.36,4.58,4.9,4.46,4.14,4.35,4.17,4.12,4.16,4.72,4.4,4.52,4.52,4.67,4.63,4.2,4.32,4.1,4.47,4.14,4.52
B3GNT4,4.23,4.32,4.11,4.44,4.47,3.81,4.37,4.47,4.17,4.16,4.24,3.95,4.14,4.71,4.36,4.33,4.36,4.52,4.48,4.66,4.44,4.23,4.16,4.72,4.35,4.18,3.99,4.36,4.5,4.88,4.06,5.75,4.07,3.97,3.97,4.41,3.98,4.23,5.12,4.23,4.2,4.08,4.54,5.31,4.22,3.93,4.53,4.34,4.1,5.3
B3GNT5,3.66,4.71,3.65,3.8,4.07,3.92,3.96,3.82,3.88,3.61,4.05,4.26,4.45,5.96,3.73,3.93,3.63,3.75,3.86,3.63,3.89,4.04,3.96,3.62,3.64,3.7,3.95,3.87,3.73,6.01,5.53,4.79,3.99,3.64,3.65,3.84,3.51,3.97,3.61,3.99,3.54,3.7,4.32,6.12,3.85,3.77,3.63,3.59,4,6.74
B3GNT5,4.36,4.32,4.27,4.36,4.47,4.24,4.36,4.02,4.29,4.2,4.25,4.29,4.42,4.79,4.29,4.31,4.27,4.23,4.42,4.08,4.32,4.49,4.22,4.16,4.05,4.05,4.12,4.41,4.24,4.81,4.89,5.65,4.13,4.38,4.15,4.04,4.11,4.29,4.28,3.91,4.09,4.25,4.62,5.06,4.12,4.31,4.12,4.09,4.17,5.96
B3GNT6,4.68,4.66,4.74,4.75,4.95,4.61,5.28,4.68,4.5,4.95,4.81,4.81,4.72,7.21,4.55,4.58,4.44,5.1,4.4,4.6,4.73,4.56,4.78,4.6,4.5,4.51,4.49,4.21,4.54,5.01,4.63,6.07,5.08,4.73,4.76,4.47,4.67,4.58,4.71,4.18,4.64,4.98,4.74,5.67,4.22,4.45,4.29,4.25,4.52,4.94
B3GNT6,4.51,4.35,4.89,4.62,4.83,4.16,5.07,4.82,4.33,4.34,4.69,4.52,4.48,4.61,4.95,4.68,4.58,4.21,4.21,4.53,4.49,4.46,4.58,4.49,4.92,4.58,4.66,4.12,4.64,4.81,5.66,4.73,4.66,4.24,4.46,4.61,4.23,4.56,4.51,4.68,4.51,4.75,4.81,6.13,4.99,4.74,4.49,4.26,4.57,4.43
B3GNT7,4.07,4.08,4,3.92,4.65,4.58,4.19,4.02,3.98,3.94,3.94,4.03,4.13,5.5,3.83,3.96,4.09,4.12,4.02,4.05,4.07,3.87,4.06,4.24,4.1,4.12,4.1,3.95,3.95,4.65,5.82,5.65,3.93,3.94,3.99,4.39,4.02,3.8,5.21,3.98,4.11,4.21,3.87,4.86,3.88,4.64,4.22,4.09,4.24,5.1
B3GNT7,4.25,4.18,3.88,4.03,4.01,4.36,4.83,4.18,4.25,4.08,4.17,4.11,4.09,4.3,3.9,4.12,4.03,4.29,3.84,3.92,3.96,4.02,4.21,4.19,4.17,4.09,4.09,4.52,4.06,4.32,5.14,4.99,4.41,4.04,4.6,4.07,3.84,4.21,4.36,4.02,4.01,4.26,4.1,4.25,3.95,4.06,4.13,3.99,3.94,5.36
B3GNT8,4.66,4.59,4.83,4.95,4.76,5.21,5.41,4.85,4.85,4.43,4.91,4.7,4.72,6.79,4.87,4.84,4.55,4.67,4.59,4.68,4.68,4.94,4.75,4.88,4.86,4.47,5.35,4.74,5,5.18,4.32,6.09,4.77,4.87,4.78,4.64,5.2,4.87,4.75,4.52,4.79,4.87,5,5.5,4.62,4.86,4.78,4.8,4.58,6.43
B3GNT9,5.33,5.6,5.67,5.8,5.59,5.68,5.42,5.81,5.37,5.57,5.54,5.72,5.5,6.55,5.33,5.51,5.77,5.56,6.01,5.41,5.85,5.72,5.62,5.5,5.41,5.62,5.75,5.5,5.99,5.18,6.49,7.44,5.5,5.19,5.4,5.62,5.61,5.31,5.07,5.42,5.72,5.78,6.32,6.35,5.31,5.67,5.64,5.3,5.87,6.8
B3GNTL1,7.28,7.1,7.65,7.37,7.75,7.74,7.65,7.47,7.25,7.18,7.38,7.05,7.1,6.15,6.61,6.55,6.86,7.41,7.52,7.01,6.99,6.75,6.89,6.87,6.39,6.75,7.47,7.44,7.49,6.72,7.27,7.09,6.84,6.73,6.63,6.53,6.69,6.89,7.51,7.34,7.23,7.3,7.16,6.98,7.22,7.29,7.24,7.37,7.2,7.25
B3GNTL1,5.12,4.84,5.5,5.65,5.42,5.14,6.55,5.7,5.26,5.1,5.25,5.61,5.31,6.22,5.19,5.59,5.41,5.08,5.66,5.19,5.03,5.14,4.97,4.59,4.87,4.92,5.5,5.45,5.43,4.79,5.51,4.3,4.72,5.31,4.95,4.99,5.16,5.32,5.83,5.62,5.11,5.46,5.01,5.8,5.26,5.01,5.52,5.19,5.43,5.17
B4GALNT1,7.55,7.42,7.63,7.47,7.85,7.76,6.41,7.17,7.41,7.6,7.94,7.26,7.03,7.54,7.28,7.12,7.36,7.28,7.23,7.25,7.13,7.23,7.62,7.17,7.19,7.17,7.56,7.22,7.74,6.45,7.56,8.21,7.57,7.76,7.59,7.38,7.36,6.95,7.45,7.76,7.6,7.76,7.96,8.73,7.67,7.72,7.91,7.23,7.32,8.63
B4GALNT1,6.07,5.89,6.42,6.21,6.06,5.84,5.6,6.42,6.08,6.12,5.71,5.96,6.02,7.78,6.15,6.21,6.4,6.4,5.82,6.17,6.14,6.18,6.04,6.23,6.19,5.96,6.39,6.15,6.09,5.77,8.81,7.33,6.16,6.51,6.18,6.3,6.09,5.98,6.19,6.51,6.5,6.42,6.57,6.45,6.31,6.09,6.31,6.51,5.9,7.38
B4GALNT1,6.21,6.2,6.21,6.25,6.38,6.27,6.22,6.57,6.19,6.36,6.29,6.13,5.83,6.34,6.19,6.07,5.92,6.16,6.15,6.07,5.96,6.25,6.24,5.79,5.93,6.04,6.31,6.38,6.27,6.13,6.78,5.65,6.36,6.28,6.35,6.05,6.03,6.27,5.95,6.72,6.65,7.02,6.45,6.27,6.72,6.55,6.72,6.51,6.21,6
B4GALNT1,6.86,6.74,7.21,6.89,7.25,6.92,7.73,7.22,6.85,6.9,6.88,6.62,6.22,6.59,6.64,6.5,6.44,6.51,6.89,6.66,6.38,6.55,6.34,6.64,6.58,6.5,6.75,6.83,6.72,5.62,6.85,6.92,6.61,6.71,6.97,6.97,6.6,6.84,6.83,7.1,6.61,7,6.91,7.6,7.01,6.91,7.05,6.86,6.56,5.82
B4GALNT1,7.56,7.62,7.51,7.9,7.15,7.77,5.53,7.52,7.65,7.66,8,7.78,7.55,7.03,7.29,6.96,7.21,7.26,7.22,7.17,7.2,7.6,7.58,7.34,7.53,7.16,7.84,7.55,7.69,6.47,5.44,7.61,7.37,7.41,7.28,7.49,6.93,7.11,6.71,7.56,7.42,7.79,7.53,7.33,7.49,7.47,7.51,7.52,7.65,7.82
B4GALNT1,4.23,4.23,3.71,3.79,3.76,3.31,3.44,3.71,3.78,3.79,3.72,4.21,4.13,3.68,3.75,3.69,3.87,3.78,3.84,3.73,3.8,3.89,3.83,3.71,3.61,3.79,3.64,3.7,4.11,3.89,4.2,3.54,4.15,3.94,3.91,3.47,3.71,3.68,4.43,3.53,4.03,3.79,3.76,4.05,3.6,3.55,3.43,3.79,3.69,3.65
B4GALNT1,4.8,4.24,4.66,4.33,4.53,4.17,4.38,4.42,4.42,4.48,4.57,4.28,4.27,4.42,3.93,4.18,4.39,4.24,4.45,4.28,4.49,4.49,4.1,4.41,4.42,4.44,4.34,4.96,4.53,4.21,4.42,5.03,4.36,4.39,4.39,4.05,4.59,4.07,4.74,4.57,4.45,4.19,4.31,4.28,4.22,4.61,4.48,4.44,4.27,4.66
B4GALNT2,3.64,4.01,4.06,3.8,3.52,3.72,3.51,3.56,3.59,3.9,4.2,3.79,3.94,4.83,3.7,3.77,3.87,3.83,3.97,3.77,3.62,3.72,4,3.64,3.64,3.6,3.77,3.8,3.96,3.88,4.92,4.02,3.76,4.12,4.04,4.08,3.7,3.61,3.7,3.76,3.88,3.78,3.83,4.06,3.9,3.62,3.74,3.53,3.71,3.62
B4GALNT3,3.93,4.09,4.03,3.9,4.16,3.92,4.45,3.79,3.71,3.73,3.94,3.94,3.93,4.29,3.79,3.99,3.78,3.88,3.95,3.58,4.14,4.05,3.9,3.81,4.54,3.78,3.99,3.84,4.12,5.18,5.15,5.46,4,3.7,4.15,4.09,4.18,4.12,4.37,4.01,3.91,4.55,4.04,3.74,4.02,4.61,3.78,3.8,3.68,5.1
B4GALNT3,4.2,4.19,4.22,4.18,4.22,3.98,3.97,4.09,4.25,4.05,4.37,4.35,4.06,4.48,4.19,4.12,4.24,4.27,4.08,3.95,4.1,4.33,4.18,4.33,4.12,4.13,4.2,4.28,4.04,4.39,5.3,4.61,4.07,4.24,4.05,3.73,4.33,4.02,4.88,4.36,4.49,4.21,4.17,4.04,4.17,4.25,3.97,4.48,4.18,4.64
B4GALNT4,4.09,4.09,4.23,4.17,4.11,4.43,5.38,4.91,3.9,4.04,4.22,4.09,4.17,4.29,3.94,4.1,3.91,4.29,4.03,4.12,3.88,4.27,3.99,4.09,4.33,3.87,3.84,4.39,4.33,5.34,5.91,4.83,3.97,4.46,4.05,4.12,4.16,4.19,5.59,4.09,4.41,4,3.95,4.35,4.42,4.23,4.08,4.27,3.96,4.95
B4GALNT4,3.45,3.46,3.35,3.59,3.64,3.64,3.96,3.61,3.28,3.57,3.5,3.42,3.25,4.22,3.54,3.53,3.58,3.4,3.45,3.77,3.78,3.39,3.49,3.44,3.75,3.63,3.65,3.35,3.29,4.52,4.04,4.33,3.73,3.45,3.76,3.6,3.46,3.57,3.69,4.05,3.35,3.66,3.76,3.57,3.53,3.47,3.75,3.76,3.49,4.08
B4GALT1,6.02,5.85,5.83,6.2,6.01,5.79,6.13,6.4,6.08,6.05,6.1,6.19,5.88,6.43,5.99,5.93,6.04,6.02,6.01,6.02,6.2,6.24,5.79,6.05,6.05,6.07,5.56,6.29,5.83,7.21,5.2,6.64,6.08,6.01,6.22,5.98,5.54,6.21,5.63,6.18,5.95,5.9,6.32,6.2,6.36,5.72,6.27,5.72,5.74,6.04
B4GALT1,10.63,10.62,10.85,10.87,11.07,10.97,10.58,10.77,10.8,10.71,10.73,10.72,10.56,10.81,10.77,10.65,10.76,10.84,10.77,10.76,10.96,10.9,10.66,10.98,10.87,10.79,10.88,10.84,10.76,10.3,10.58,10.84,11.11,11.12,11.23,10.86,10.96,10.8,10.94,10.81,10.78,10.63,10.8,11.25,10.87,10.83,10.65,10.75,10.43,11.15
B4GALT1,5.29,4.97,4.99,5,4.7,4.61,4.08,4.52,4.84,5.17,4.92,5.27,5.65,4.8,4.86,5.01,5.16,5.03,4.91,5,5.54,5.22,4.88,5.06,4.96,5.22,5.04,5.06,4.84,5.22,6.03,5.62,5.35,5.57,5.52,4.97,5.14,4.72,4.63,4.65,4.87,4.82,4.8,6.08,4.5,4.95,4.59,4.7,4.77,4.64
B4GALT1,5.72,4.96,5.52,5.51,5.55,5.35,5.4,5.89,5.61,5.33,5.48,5.9,5.18,5.9,5.56,5.45,5.61,5.47,5.57,5.64,5.56,5.52,5.31,5.91,5.74,5.4,5.11,5.64,5.28,4.87,5.57,5.09,6.4,6.12,5.75,5.39,5.11,5.44,6.06,5.24,5.64,5.06,4.89,5.83,5.48,4.82,5.52,5.31,5.17,5.11
B4GALT1,5.07,5.24,4.85,4.94,4.71,4.84,4.76,4.74,4.99,4.87,5.21,5.24,5,5.72,4.78,5.25,4.83,5.2,4.56,4.89,5.15,5.23,5.04,4.77,4.88,4.57,5.31,5.14,5.12,4.43,5.42,6.71,5.21,5.07,5.15,4.76,4.85,4.55,4.48,4.47,4.45,4.98,5.02,6,4.79,5.47,4.63,4.77,5.14,5.76
B4GALT2,7.4,7.38,7.83,7.56,7.69,7.78,6.8,7.37,7.6,7.48,7.38,7.28,7.14,7.62,7.69,7.43,7.54,7.55,7.53,7.56,6.84,6.93,7.04,7.47,7.22,7.03,7.56,7.58,7.84,6.64,5.81,6.95,7.36,7.62,7.7,7.53,7.16,7.61,7.78,7.33,7.57,7.68,7.65,6.35,7.74,7.4,7.71,7.23,7.66,7.44
B4GALT2,7.17,6.84,7.19,7.07,6.91,7.18,6.58,7.51,6.88,7.14,6.62,6.77,6.59,5.66,7.07,7.19,7.15,7.15,7.26,7.18,6.69,6.48,6.42,6.87,6.95,6.98,7.51,7.28,6.79,6.93,5.35,5.32,7.18,7.34,7.1,7.36,7.17,7.15,6.32,7.08,6.95,7.11,6.7,6.82,6.76,6.76,7.09,7.09,7.19,6.17
B4GALT2,9.18,9.06,9.22,9.24,9.33,9.49,9.22,9.07,9.22,9.21,9.44,8.93,8.9,9.46,9.12,9.04,9.17,9.12,9.15,9.05,8.69,8.61,8.91,8.83,8.85,8.71,9.32,9.15,9.36,9.05,9.05,10.28,9,9.1,9.15,9.05,9.27,9.08,8.95,9.15,9.06,9.15,9.16,10.14,9.07,9.1,9.1,9.09,9.27,9.18
B4GALT2,8.94,8.72,9.01,8.97,9.35,9.3,9.01,9.16,8.75,8.91,9.14,8.79,8.62,9.16,8.76,8.84,8.88,9.07,8.95,8.88,8.48,8.41,8.43,8.65,8.75,8.6,9.12,8.97,8.88,8.21,8.28,9.4,8.86,8.9,8.86,9,9.01,8.96,8.99,8.96,8.81,9.18,8.94,8.81,8.88,9,8.98,8.95,9.3,8.81
B4GALT3,8.94,8.86,9.11,9.15,9.14,9.33,8.14,9.25,9.04,9.02,9.09,9.04,8.94,8.29,9.09,9.08,9.1,9.1,8.93,8.86,8.98,8.98,9.26,9.06,9.13,9.03,8.99,9.06,8.98,9.27,7.13,8.77,8.85,8.88,8.86,9.09,9.14,9.09,8.68,9.23,9.23,9.31,9.19,8.34,8.71,8.92,9.03,9.21,9.33,8.3
B4GALT4,6.27,6.11,6.67,6.34,7.09,6.56,7.01,6.47,6.38,6.25,6.44,6.25,6.12,6.26,6.42,6.46,6.31,6.13,6.38,6.55,6.35,6.23,6.31,6.5,6.46,6.68,6.47,6.41,6.92,6.46,6.09,6.66,6.61,6.39,6.32,6.2,6.64,6.44,6.12,6.61,6.57,6.37,6.67,6.24,6.62,6.95,6.49,6.51,6.5,6.31
B4GALT4,6.52,5.92,6.67,6.54,6.45,5.61,4.87,5.93,6.62,6.69,5.91,6.31,6.56,6.32,6.52,6.13,6.36,6.11,6.5,6.41,6.76,6.56,6.27,6.69,6.19,6.36,6.69,6.45,6.13,6.39,6.12,5.75,6.58,6.7,6.84,6.27,5.68,6.33,5.43,6.63,5.85,6.45,6.49,5,6.67,5.86,6.15,6.52,6.57,4.97
B4GALT5,4.81,4.48,4.33,4.76,5.06,4.39,4.45,5.09,5.05,4.72,4.4,4.6,4.64,6.17,4.59,4.49,4.41,4.34,4.55,4.71,4.64,4.73,4.35,4.64,4.51,4.69,4.67,4.74,4.53,4.59,6.22,6.25,4.41,4.32,4.62,4.59,4.9,4.81,4.62,4.36,4.87,4.21,4.5,5.32,4.27,5.17,4.96,5.26,4.7,4.71
B4GALT5,10.48,10.53,10.62,10.58,10.69,10.66,10.59,10.6,10.56,10.62,10.66,10.43,10.25,9.97,10.43,10.41,10.46,10.21,10.27,10.21,10.48,10.57,10.6,10.59,10.64,10.47,10.57,10.63,10.6,10.41,9.96,10.45,10.15,10.19,10.21,10.51,10.42,10.39,10.2,10.57,10.57,10.82,10.81,10.06,10.58,10.56,10.76,10.48,10.49,9.1
B4GALT5,5.57,5.31,5.29,5.38,5.25,5.8,5.34,5.4,5.25,5.29,5.2,5.73,5.45,5.02,5.1,5.35,5.09,5.22,5.13,5.16,5.47,5.25,5.24,5.44,5.34,5.12,5.25,5.18,5.44,5.91,5.92,5.4,5.45,5.25,5.09,5.42,5.64,5.24,5.46,5.84,5.4,5.35,5.71,5.41,5.13,6.07,5.61,5.46,5.2,5.12
B4GALT6,5.96,5.58,5.48,5.85,5.27,5,4.8,5.47,5.72,5.89,5.51,5.92,5.73,5.81,5.66,5.15,5.62,5.33,5.41,5.7,5.54,5.86,5.38,6.01,5.61,5.3,5.72,6.1,5.36,4.73,5.3,6.88,5.77,5.6,5.93,5.42,5.11,5.62,4.75,5.54,5.02,5.14,4.59,5.39,5.26,4.68,5.64,5.56,5.38,5.17
B4GALT6,4.35,4.07,4.14,4.36,3.91,3.85,3.95,4,4.24,4.03,4.4,4.08,3.98,4.33,3.77,3.89,4.09,3.97,4.22,4,3.95,4.17,4.01,3.92,3.86,4.07,3.97,4.05,4.31,4.59,3.89,3.74,4.22,4.14,3.95,4.2,3.9,3.8,4.24,3.99,3.7,4.14,3.96,4.2,4.17,3.85,3.72,4.18,4.29,3.94
B4GALT6,8.74,9.09,8.76,8.82,8.88,8.71,8.35,8.45,8.97,8.83,9.12,8.85,8.92,8.92,8.33,8.34,8.48,8.4,8.52,8.4,8.71,8.83,9.01,8.39,8.49,8.41,8.78,8.71,8.91,7.93,8,8.62,8.25,8.41,8.28,8.51,8.49,8.57,8.39,8.35,8.49,8.4,8.75,9.04,8.44,8.31,8.52,8.54,8.75,8.01
B4GALT6,6.46,6.53,6.22,6.5,6.19,6.32,5.76,5.85,6.69,6.71,6.61,6.54,6.46,6.64,6.28,5.77,6.03,6.16,5.91,6.16,6.47,6.49,6.27,6.1,6.11,6.08,6.42,6.47,6,7.07,6.41,6.87,6.08,6.27,6.33,6.42,5.9,6.29,5.69,6,5.85,5.97,6,6.75,6.13,5.96,6.03,6.24,6.34,6.03
B4GALT6,4.25,3.77,3.62,3.82,3.43,3.42,3.38,3.78,3.98,3.69,3.48,3.76,3.87,3.7,3.74,3.83,3.68,3.97,3.78,3.89,3.56,3.65,3.74,3.69,3.56,3.5,4.02,3.84,3.74,3.87,4.4,6.42,4.16,3.77,3.96,3.87,3.51,3.6,3.6,3.66,3.59,3.53,3.49,4.41,3.93,3.64,3.79,3.59,3.48,4.54
B4GALT7,6.34,6.04,6.58,6.06,6.83,6.21,6.25,6.72,6.22,6.29,6.18,6.25,6.22,6.1,6.26,6.57,6.39,6.51,6.18,6.26,6.49,6.59,6.15,6.65,6.25,6.34,6.56,6.38,6.52,4.52,5.12,5.74,6.42,6.38,6.41,6.65,6.29,6.63,5.98,6.44,6.68,6.27,6.6,5.57,6.43,5.97,6.52,6.54,6.6,6.02
B4GALT7,6.53,6.27,6.83,6.48,6.62,6.86,6.75,6.76,6.19,6.62,6.52,6.66,6.51,5.57,6.44,6.72,6.63,6.7,6.66,6.36,6.77,6.81,6.68,6.49,6.66,6.71,6.91,6.76,6.53,6.12,5.05,4.72,6.9,6.74,6.66,7.02,7.16,6.9,6.56,7.2,6.81,6.66,6.62,5.79,6.62,6.98,6.72,6.78,6.91,5.35
B4GALT7,5.99,5.54,5.97,6.14,6.04,5.96,5.5,6.16,5.75,5.96,6.07,5.7,5.8,4.22,5.84,5.52,5.85,5.97,5.97,5.72,6.08,6.04,5.94,5.94,5.89,6.02,6.08,6.04,5.99,5.15,6,4.8,5.96,6.3,5.6,6.1,6.34,6.19,5.38,6.57,5.98,6.01,5.53,5.52,6.36,6.42,5.62,6.15,6.13,4.72
B9D1,8.15,8.16,8.39,8.33,8.67,8.56,8.34,8.68,8.05,8.26,8.29,8.19,8.02,6.67,8.13,8.14,8.28,8.31,8.48,8.41,8.12,8.39,8.51,8.43,8.26,8.24,8.57,8.64,8.69,7.36,5.96,7.05,8.25,8.06,8.21,8.45,8.34,8.48,8.61,8.55,8.36,8.32,8.33,7.99,8.62,8.3,8.44,8.5,8.57,7.09
B9D1,8.49,8.76,8.69,8.52,8.72,8.64,8.64,9.01,8.41,8.74,8.45,8.55,8.39,7.21,8.29,8.41,8.39,8.82,8.85,8.61,8.46,8.49,8.75,8.48,8.57,8.52,8.81,8.78,8.9,6.65,7.44,7.68,8.3,8.34,8.18,8.65,8.44,8.39,8.32,8.76,8.43,8.55,8.64,6.57,8.68,8.48,8.83,8.69,8.54,6.95
B9D1,6.65,6.7,6.99,6.78,7.54,7.26,6.72,7.31,6.83,6.79,7.03,6.8,6.53,6.58,6.35,6.64,6.7,6.81,6.61,6.95,6.75,6.85,7.09,6.89,7.06,6.81,7.09,6.83,7.2,6.16,4.97,5.84,6.46,6.53,6.77,6.98,6.89,6.95,7.04,7.14,6.94,7.15,7.26,6.44,6.88,7.4,7.33,6.66,7.04,6.95
B9D2,6.39,5.87,6.41,6.19,6.44,5.87,4.85,6.48,6.2,6.16,5.69,6.2,5.91,6.03,5.88,6.18,5.99,6.43,6.26,5.9,6.15,5.95,5.93,6.17,5.8,5.95,6.36,6.05,5.92,6.74,7.43,5.2,5.82,5.68,5.86,6.07,6.22,6.03,6.36,6.38,6.54,6.53,6.25,5.78,6.43,6.21,5.8,6.26,6.29,5.22
BAALC,4.91,4.87,4.79,4.8,5.31,4.88,5,4.86,4.92,4.94,4.89,4.98,4.86,5.55,4.74,4.94,4.77,4.63,4.82,4.78,4.85,4.96,4.9,4.91,4.73,4.75,4.87,4.9,5.29,5.06,6.33,5.91,5.03,4.69,5.08,4.83,5.44,4.69,4.92,4.94,4.38,5.24,5.25,5.13,4.89,4.87,4.9,4.93,4.92,5.43
BAALC,4.83,4.82,4.71,4.72,5,4.75,4.69,4.47,4.66,4.69,4.64,4.68,4.72,6.14,4.78,4.59,4.63,4.74,4.6,4.75,4.65,4.82,4.57,4.56,4.53,4.4,4.56,4.55,4.69,4.84,5.66,6.66,4.69,4.67,4.72,4.64,4.69,4.59,5.97,4.82,4.35,4.67,4.59,5.33,4.6,4.56,4.46,4.62,4.71,5.76
BAALC,3.8,4.05,3.86,3.85,4.28,4.07,4.34,4.01,3.86,3.87,3.99,3.84,3.87,5.51,3.75,3.87,3.88,3.69,3.95,3.77,3.79,4.3,3.72,3.72,3.72,3.89,3.81,3.77,4.2,3.88,5.72,5.72,4.04,3.82,4.01,3.89,4.11,3.89,4.21,3.93,3.68,4.14,4.05,4.64,3.73,3.85,3.82,3.66,3.74,5.69
BAAT,4.14,4.11,4.54,4.6,4.78,4.75,5.44,4.93,4.38,4.28,4.75,4.62,4.19,4.54,4.33,4.49,4.35,4.33,4.31,4.5,4.29,4.6,4.46,4.16,4.24,4.28,4.43,4.48,4.89,6.26,5.49,4.86,4.49,4.15,4.48,4.54,4.63,4.27,5.08,4.42,4.58,4.95,4.78,4.62,4.66,4.66,4.78,4.6,4.52,5.03
BAAT,3.62,3.65,3.94,3.72,3.61,3.81,3.7,3.89,3.82,3.81,3.54,3.6,3.51,4.44,3.85,3.52,3.75,3.67,3.7,3.75,3.75,3.56,3.7,3.61,3.67,3.75,4.15,3.76,3.79,3.65,4.53,4.3,3.55,3.76,3.79,3.64,3.76,3.63,3.65,3.75,3.58,3.4,3.8,3.78,3.67,3.61,3.63,3.67,3.7,4.86
BAAT,3.97,3.6,3.8,3.98,4.02,3.94,3.4,3.65,3.68,3.84,3.57,3.77,3.82,6.11,3.82,3.82,3.95,3.79,3.8,3.7,3.78,3.8,3.84,3.62,3.96,3.92,3.74,3.48,4.11,4.93,5.62,4.97,3.76,3.46,3.63,3.41,3.71,3.75,4.15,3.58,3.9,4.39,3.86,4.23,3.58,4.49,3.81,4.01,4.2,4.11
BACE1,4.29,4.23,4.51,4.02,4.05,4.25,3.9,3.84,4.3,4.27,4.55,4.5,4.63,4.53,4.48,4.58,4.03,4.27,3.93,3.92,4.11,4.23,4.63,4.19,4.45,4.07,4.27,4.34,4.1,3.92,4.5,5.28,4.07,4.46,4.22,4.36,4.01,4.12,4.11,4.12,3.92,3.99,4.08,4.18,4,4.15,4.06,4.29,4.18,5.51
BACE1,3.89,3.91,3.81,3.72,3.69,3.5,3.8,3.89,3.69,3.64,3.83,3.85,3.72,4.29,3.63,3.71,3.63,3.92,3.58,3.58,3.71,3.88,3.76,3.95,3.79,3.74,3.63,3.71,3.69,4.67,5.92,4.79,3.62,3.77,4.04,3.6,3.62,3.92,4.07,3.71,3.71,3.91,3.63,4.98,3.83,4.11,3.54,3.81,3.63,6.21
BACE1,4.23,4.78,4.24,4.43,4.21,4.55,4.95,4.17,4.49,4.53,4.28,4.66,4.4,5.52,4.13,4.16,4.2,4.13,4.17,4.03,4.5,4.68,4.29,4.58,4.09,4.29,4.23,4.17,4.33,4.87,5.02,5.84,4.64,4.36,4.64,4.02,4.56,4.12,4.46,4.4,3.9,4.48,4.38,4.96,4.25,4.25,4.06,4.15,4.4,4.56
BACE1,4.55,4.73,4.92,4.8,5.71,5.13,5.29,5.37,4.57,4.87,4.8,5.12,4.7,5.93,4.44,4.89,4.77,4.82,4.85,4.92,5.27,4.85,4.55,5.27,4.63,4.74,4.97,4.8,5.12,5.86,5.8,7.07,4.9,4.92,4.62,4.86,4.61,4.81,5.26,5.42,5.12,5.19,5.1,6.71,5.04,5.63,5.31,4.7,4.95,5.91
BACE1,4.81,4.86,4.69,4.71,4.53,4.41,5.39,4.87,4.76,4.93,4.79,4.95,5.09,5.41,4.74,5,4.99,4.72,4.74,4.74,4.98,5.07,5.06,4.92,4.9,4.73,5.13,5,4.99,5.34,5.05,5.92,5.11,4.84,4.76,4.48,4.59,5.04,4.52,4.7,4.74,4.68,4.76,6.23,4.34,4.88,5.11,4.92,4.58,5.97
BACE1,4.52,4.62,4.52,4.38,4.22,4.01,4.19,4.54,4.51,4.48,4.71,4.88,4.5,4.57,4.7,4.27,4.53,4.55,4.56,4.63,4.45,4.3,4.55,4.18,4.63,4.34,4.29,4.7,4.71,4.44,6.21,5.14,4.35,4.33,4.48,4.4,4.33,4.22,5.24,4.98,4.44,4.47,4.3,4.93,4.39,4.65,4.65,4.36,4.22,4.44
BACE2,6.21,6.33,6.34,6.32,5.95,6.11,5.82,5.87,6.27,6.36,6.34,6.08,6.25,5.42,6.2,6.2,6.35,6.28,6.41,6.23,5.67,6,6.24,6.19,5.88,6.39,6,6.14,6.26,5.64,6.63,5.26,6.06,6.08,6.17,6.42,5.79,6.34,6.16,6.21,6.4,6.27,5.82,4.97,6.58,6,6.27,6.49,6.38,4.81
BACE2,8.31,8.44,8.42,8.4,8.7,8.7,7.96,8.41,8.45,8.48,8.71,8.23,8.33,8.24,8.54,8.58,8.54,8.4,8.46,8.42,8.38,8.53,8.63,8.61,8.47,8.47,8.4,8.58,8.76,8.15,6.9,7.9,8.81,8.61,8.59,8.78,8.48,8.37,8.4,8.48,8.49,8.78,8.54,7.82,8.87,8.94,9.05,8.45,8.49,7.76
BACE2,7.87,7.8,7.79,7.82,8.53,8.04,8.17,7.65,7.95,7.63,8.04,7.74,7.72,5.9,7.77,7.76,7.83,7.83,7.7,7.56,7.95,7.57,7.84,7.86,8.03,7.95,7.99,7.91,8.04,7.62,7.39,6.28,7.91,7.96,7.8,7.9,7.97,7.69,8.07,7.92,8.05,7.9,8.05,5.78,8.3,8.24,8.44,8.04,8.01,7.68
BACH1,7.51,7.69,7.27,7.36,7.4,7.73,7.36,7.14,7.53,7.3,7.77,7.56,7.62,7.17,7.72,7.78,8.02,7.04,7.27,7.2,7.64,7.66,8.23,7.94,7.84,7.93,7.27,7.31,7.38,7.26,6.14,5.88,8.14,7.92,7.98,7.62,7.39,7.54,6.78,7.52,7.6,7.57,7.41,6.97,7.77,7.56,7.69,7.59,7.7,7.07
BACH1,4.12,4.12,3.76,4.13,4.01,4.32,4.4,3.77,3.76,3.7,3.86,4.14,3.95,3.84,3.86,4.04,3.92,3.7,3.76,3.8,3.97,3.85,3.85,3.87,3.97,3.82,3.61,3.89,4.08,4.72,4.19,4.81,4.26,4.1,4.26,3.63,3.87,3.93,5.08,3.9,3.76,3.94,3.87,3.8,3.72,3.73,3.79,3.84,3.65,4.57
BACH1,4.99,4.83,4.71,5.03,4.55,5.36,4.78,5.05,4.85,4.74,4.81,4.77,4.57,5.11,4.95,4.68,4.69,4.64,4.61,4.76,4.88,4.83,4.91,4.72,5.07,4.84,4.95,4.85,5.07,4.62,5.17,5.75,4.69,4.55,4.99,4.79,4.9,4.89,5.05,4.96,4.73,4.46,4.57,5.3,4.74,4.53,5,4.71,4.69,5.76
BACH1 /// C21orf41,3.72,3.78,3.96,3.79,4.03,4.09,3.9,3.78,3.69,3.84,3.61,3.71,3.77,3.72,3.7,4.07,3.67,3.83,3.74,3.38,3.72,3.79,3.82,3.58,3.96,3.98,3.99,3.8,4.03,5.55,3.82,4.31,3.86,3.57,3.52,3.59,4.09,3.75,4.51,3.55,3.94,3.67,4.67,4.21,4.39,4.19,4,3.73,3.9,3.74
BACH2,10.36,10.47,10.28,10.44,10.16,10.24,10.03,10.48,10.34,10.45,10.25,10.55,10.53,9.21,10.27,10.2,10.15,10.36,10.37,10.46,10.58,10.7,10.69,10.5,10.52,10.63,10.27,10.37,10.4,10.44,8.89,9.58,10.35,10.39,10.33,10.39,10.44,10.41,10.19,10.47,10.45,10.8,10.68,8.83,10.33,10.28,10.35,10.51,10.58,9.46
BACH2,7.99,7.72,7.38,7.47,6.49,6.58,6.24,7.38,7.88,8.02,6.8,7.92,8.19,6.24,7.52,7.61,7.52,7.48,7.42,7.69,8.1,7.97,7.67,7.95,7.91,7.97,7.43,7.82,7.01,5.51,6.65,5.43,7.61,7.98,7.77,7.58,7.26,7.59,5.38,7.64,7.27,7.1,7.45,6.5,7.5,7,7.77,7.81,7.59,6.79
BAD,8.64,8.47,8.81,8.69,8.82,8.87,8.37,8.83,8.65,8.66,8.7,8.6,8.69,5.95,8.64,8.71,8.7,8.6,8.66,8.61,8.69,8.59,8.69,8.79,8.93,8.73,8.75,8.65,8.83,7.25,5.29,6.45,8.67,8.69,8.62,8.77,8.86,8.81,8.71,8.83,8.7,8.72,8.74,7.14,8.52,8.46,8.53,8.83,8.64,6.72
BAD,9.92,9.9,10.04,9.91,10.04,10.06,9.88,9.96,9.97,9.96,9.76,9.92,9.99,8.48,9.88,9.89,10.01,9.86,9.93,9.73,9.83,9.83,9.97,9.99,9.96,9.99,9.94,9.95,10.04,8.45,8.26,8.68,9.75,9.92,9.82,10.07,10.04,10.02,9.88,10.05,9.98,9.96,10,8.95,9.72,9.67,9.45,10.02,9.83,7.71
BAG1,7.67,7.44,7.82,7.64,7.51,7.41,7.52,7.61,7.88,7.62,7.55,7.54,7.92,4.89,7.79,7.8,7.91,6.54,6.89,6.62,7.7,7.5,7.56,7.72,7.68,7.97,7.78,7.72,7.95,6.61,4.78,6.49,8,7.89,7.79,7.67,7.76,7.67,6.62,7.64,7.67,7.4,7.02,5.62,7.2,7.2,7.2,7.66,7.91,4.59
BAG1,10.22,9.96,10.31,10.22,10.18,10.23,10.04,10.4,10.31,10.3,9.93,10.21,10.25,8.94,10.51,10.49,10.51,9.36,9.39,9.29,10.23,10.1,9.86,10.27,10.35,10.43,10.36,10.28,10.13,9.83,7.59,7.6,10.46,10.57,10.56,10.35,10.42,10.46,9.69,10.14,10.15,9.89,9.73,8.09,10.04,9.76,9.95,10.21,10.19,8.47
BAG1,9.91,9.8,10.04,9.98,10.01,10.02,9.36,9.93,10.03,9.9,9.9,9.89,9.87,8.19,10.15,10.1,10.25,9.17,9.17,9.05,9.84,9.72,9.91,10,10.03,10.04,10.01,9.91,10.04,9.5,7.42,8.28,10.12,10.23,10.12,10.15,10.18,10.22,9.56,9.87,9.91,9.57,9.46,8.06,9.72,9.78,9.63,9.9,9.9,8.68
BAG1,6.65,6.78,6.79,6.98,6.57,6.51,5.79,6.69,6.75,6.72,6.83,7.05,6.85,7.49,6.96,6.91,7.02,6.97,6.52,6.77,6.56,6.94,6.89,6.76,6.64,6.53,6.8,6.77,6.73,5.66,5.13,6.9,6.57,6.96,6.78,6.91,6.66,6.65,5.94,6.3,6.55,6.76,5.9,6.19,6.05,6.22,6.67,6.68,6.78,7.42
BAG2,9.07,9.22,9.06,9.16,9.2,8.99,8.74,8.82,9.36,9.04,9.18,9.05,9.15,8.41,8.68,8.63,8.75,9.28,9.18,9.1,8.74,8.62,8.97,8.4,8.57,8.65,9.05,9.19,9.2,7.89,6.96,7.61,8.55,8.9,8.72,8.55,8.55,8.46,8.8,8.73,8.88,8.87,8.77,7.77,8.95,8.6,8.88,9.02,9.2,7.93
BAG2,7.25,7.46,7.16,7.08,6.61,6.45,6.56,6.84,7.49,7.33,6.98,7.05,7.51,5.31,6.64,6.47,6.84,7.18,7.45,7.21,6.61,6.73,6.7,6.1,6.62,6.99,7.06,6.98,7.1,5.9,6.06,4.11,6.76,6.89,6.68,6.72,6.51,6.56,5.35,6.66,6.81,6.41,6.35,5.3,6.79,6.56,6.71,7.14,7.04,5.35
BAG3,9.27,9.45,9.25,9.26,9.25,9.37,8.94,9.14,9.29,9.17,9.59,9.36,9.31,8.83,9.46,9.21,9.45,9.47,9.51,9.54,9.47,9.49,9.64,9.47,9.51,9.44,9.36,9.32,9.4,8.83,7.92,9.22,9.57,9.48,9.64,9.39,9.23,9.37,9,9.59,9.58,9.4,9.42,9.3,9.4,9.15,9.18,9.53,9.5,8.87
BAG4,6.42,5.82,6.22,5.87,5.38,6.38,7.31,6.12,6.27,6.28,6.32,5.7,5.75,5.97,6.83,6.19,6.41,6.34,6.75,6.16,6.23,6.13,6,6.19,6.14,6.28,6.5,6.3,6.17,7.4,6.24,5.45,6.59,6.07,6.62,6.22,6.2,5.72,6.42,6.13,6.46,6.35,6.58,6.65,6.6,6.48,6,5.76,5.84,4.33
BAG4,6.17,5.56,6.03,5.82,5.85,5.45,6.69,5.69,6.06,6,6.08,5.81,5.3,5.63,5.99,5.74,6.08,6.03,5.81,5.69,5.88,5.87,5.64,6.16,5.86,5.57,6.11,5.85,5.89,4.84,5,6.32,5.84,5.93,5.82,5.75,6.2,5.92,5.06,6.16,6.42,5.46,5.41,6.23,5.75,5.87,5.71,5.71,5.96,6.7
BAG4,10.32,10.42,10.28,10.37,10.37,10.1,9.87,10.39,10.47,10.36,10.37,10.54,10.54,10.09,10.44,10.41,10.47,10.38,10.35,10.42,10.15,10.25,10.19,10.36,10.4,10.23,10.32,10.45,10.17,9.78,9.02,9.7,10.33,10.53,10.52,10.37,10.07,10.3,10.13,10.37,10.39,9.89,9.96,9.91,10.19,10.03,10.29,10.44,10.34,10.48
BAG5,6.59,5.98,6.55,6.18,6.12,6.23,6.28,6.22,6.36,6.38,6.03,5.9,5.58,4.22,6.53,6.4,6.52,6.7,6.89,6.8,5.88,6.1,5.69,6.67,6.57,6.28,6.15,6.45,5.64,5.11,5.23,4.24,6.78,6.02,6.68,6.68,5.63,6.11,6.04,6.48,6.18,5.46,5.71,5.93,6.15,5.96,6.39,6.11,5.65,5.1
BAG5,10.05,10.17,10.35,10.25,10.44,10.39,10.16,10.31,10.14,10.27,10.53,10.14,9.95,9.93,10.34,10.27,10.35,10.32,10.33,10.41,9.94,9.98,10.16,10.24,10.26,10.02,10.35,10.3,10.25,9.75,9.92,10.64,10.22,10.31,10.41,10.43,10.25,10.29,10.04,10.52,10.29,10.26,10.27,10.19,10.1,10.12,10.29,10.22,10.25,9.82
BAG5,8.17,8.05,7.92,7.79,7.78,7.98,7.82,7.68,8.36,8.08,7.81,7.78,7.55,5.98,8.12,8.3,8.35,8.13,8.23,8.21,7.77,7.95,7.86,8.32,8.11,7.96,7.92,8.06,7.7,7.37,6.72,5.68,8.27,7.62,8.24,8.32,7.96,7.66,8.04,8.01,8.04,7.43,7.47,6.81,7.84,7.95,7.92,7.71,7.22,5.73
BAG5,6.46,6.28,6.25,6.47,6.54,6.29,5.35,6.08,6.68,6.63,6.89,6.35,6.3,6.06,6.55,6.54,6.75,6.49,6.51,6.46,6.31,6.38,6.58,6.39,6.48,6.47,6.37,6.68,6.76,5.81,6.89,6.52,6.61,6.47,6.66,6.87,6.46,6.68,5.46,6.23,6.65,6.57,6.69,4.79,6.16,6.5,6.36,6.67,6.77,5.83
BAG5,10.12,10.07,10.18,10.28,10.39,10.36,9.87,10.21,10.18,10.17,10.07,10.12,10.07,8.94,10.2,10.16,10.16,10.19,10.27,10.21,9.93,10.03,9.93,10.1,10.07,10.05,10.21,10.31,10.1,9.83,6.69,8.68,10.24,10.31,10.35,10.34,10.23,10.19,10.03,10.2,10.15,10.16,10.07,8.79,10.14,10.07,10.14,10.26,10.23,9.1
BAGE,5.57,5.74,5.94,5.5,6.43,5.3,5.18,5.64,5.37,6.08,5.68,5.64,5.6,6.46,5.61,5.59,5.93,5.84,5.69,5.72,5.86,5.66,5.54,5.43,5.57,5.67,6.11,6.01,5.69,5.06,4.95,6.94,6.08,5.67,5.91,5.66,6.24,5.52,5.37,5.86,5.76,5.84,6.07,6.02,5.91,6.19,5.89,5.38,6.1,7.46
BAGE,3.67,3.93,3.51,3.55,3.22,3.65,3.57,3.31,3.47,3.7,3.55,3.75,3.53,4.84,3.52,3.42,3.62,3.53,3.45,3.36,3.45,3.61,3.58,3.55,3.48,3.51,3.3,3.28,3.48,4.03,4.65,4.87,3.49,3.39,3.35,3.55,3.52,3.41,3.85,3.34,3.24,3.83,3.25,5.39,3.22,4.06,3.41,3.27,3.39,4.44
BAGE,3.95,3.49,3.41,3.58,3.68,3.65,3.83,3.84,3.49,3.45,4.77,3.67,3.52,4.55,3.79,3.99,3.64,3.78,3.61,3.36,3.86,3.65,3.83,3.55,3.71,3.69,3.86,3.59,4.19,4.59,5.28,4.76,3.57,3.72,3.79,3.68,3.76,3.42,4.61,3.4,3.53,4.01,3.89,5.09,4.03,4.04,3.86,3.8,3.57,4.48
BAGE,4.41,4.53,4.47,4.61,4.55,4.68,4.66,4.34,5.01,4.49,4.81,4.85,5.11,5.96,4.6,4.62,4.52,4.43,4.44,4.41,4.6,4.52,4.95,4.23,4.3,4.17,4.25,4.96,4.44,4.28,5.55,4.8,4.7,4.65,4.22,4.21,4.63,4.17,4.49,4.38,4.46,4.42,4.79,5.89,4.38,4.59,4.59,4.96,4.44,5.94
BAGE,3.63,3.68,3.81,3.79,3.47,3.29,4.01,3.37,3.54,3.54,3.53,3.71,3.63,3.79,3.61,3.54,3.39,3.7,3.53,3.5,3.55,3.63,3.56,3.4,3.39,3.51,3.72,3.6,3.42,4.44,3.53,5.02,3.61,3.63,3.47,3.39,3.47,3.45,3.76,3.47,3.43,3.6,3.53,3.82,3.53,3.4,3.49,3.48,3.56,4.03
BAGE,3.46,3.54,3.2,3.37,3.51,3.47,3.69,3.14,3.5,3.29,3.39,3.42,3.3,4.08,3.6,3.36,3.3,3.51,3.42,3.16,3.4,3.4,3.35,3.25,3.33,3.16,3.24,3.39,3.29,3.86,4.07,4.52,3.51,3.55,3.26,3.4,3.58,3.2,3.35,3.2,3.3,3.21,3.37,3.93,3.19,3.38,3.34,3.45,3.32,4.02
BAGE,4.11,4.08,3.57,3.72,3.68,4.06,4.17,4.13,3.69,3.6,4.11,4.05,4.11,3.93,3.61,3.83,3.87,3.79,3.75,3.53,3.57,3.76,3.84,3.84,3.58,3.69,3.82,3.76,3.75,4.35,3.98,4.38,4.15,3.78,3.76,3.59,3.7,3.95,4.31,3.55,3.75,3.77,4.08,4.86,3.66,3.73,3.71,3.62,3.87,4.92
BAGE /// BAGE2 /// BAGE3 /// BAGE4 /// BAGE5 /// MLL3,3.7,3.82,3.44,3.89,3.65,3.43,3.91,4.01,3.73,3.86,3.94,3.99,3.95,5.37,3.92,4.29,3.71,3.67,3.65,3.59,3.73,3.72,3.85,3.69,3.77,3.91,3.83,3.91,3.87,4.03,4.54,4.62,3.9,3.98,3.8,3.67,3.7,3.96,4.11,3.82,3.54,4.01,4.33,6.75,3.65,3.79,3.68,3.57,3.82,4.07
BAGE2,3.61,3.91,3.96,3.8,3.64,4.1,3.85,3.52,3.69,3.78,3.67,3.69,3.76,4.03,4.04,3.67,3.79,4.16,4.21,4,3.73,3.88,3.85,3.95,3.94,3.97,3.79,3.79,3.71,3.9,4.45,3.53,3.85,3.82,3.78,3.58,3.71,3.58,4.05,3.98,3.8,3.94,3.8,4.2,3.82,3.78,3.75,3.67,3.78,3.91
BAGE2 /// BAGE3 /// BAGE4 /// BAGE5 /// MLL3,4.66,4.69,4.79,4.82,4.73,5.14,5.3,4.33,4.95,4.78,4.51,4.76,5.15,4.78,4.72,4.86,4.88,4.55,4.45,4.87,4.66,4.86,4.91,4.67,4.69,4.46,4.54,4.95,4.75,4.96,5.95,4.6,5.26,4.99,5,4.63,4.23,4.54,5.1,4.61,4.68,4.86,4.49,4.66,4.76,4.83,5.4,4.13,4.53,5.2
BAGE2 /// BAGE3 /// BAGE4 /// BAGE5 /// MLL3,3.98,4.02,4.15,4.19,4.04,4.09,4.09,4.26,4.13,4.12,4.07,4.33,4.2,4.62,4.31,4.32,4.26,4.4,4.03,4,4.33,4.29,4.16,4.07,4.4,4.02,4.29,4.39,4.46,3.98,4.97,4.7,4.27,4.46,4.23,4.34,4.39,4.21,4.11,3.88,4.15,4.06,4.1,4.94,4.5,4,4.28,4.47,4.48,4.33
BAHCC1,5.14,5.6,5.57,5.33,5.63,5.6,5.83,5.52,5.55,5.29,5.65,5.06,5.22,6.33,5.37,4.96,5.35,5.39,5.7,6.16,4.93,5.38,5.87,5.37,5.19,5.43,5.24,5.24,5.36,5.45,6.71,6.48,4.95,5.17,5.42,5.45,5.42,5.25,6.58,5.74,5.57,6,5.83,5.88,5.2,5.75,5.08,5.78,5.5,6.66
BAHD1,8.54,8.53,8.55,8.58,8.8,8.79,8.17,8.46,8.47,8.45,8.82,8.45,8.35,8.49,8.5,8.66,8.62,8.45,8.46,8.47,8.53,8.62,8.83,8.7,8.46,8.41,8.61,8.54,8.77,7.77,8.55,8.54,8.48,8.51,8.58,8.69,8.62,8.61,8.85,8.62,8.64,8.74,8.84,8.7,8.51,8.52,8.88,8.48,8.63,8.81
BAI1,4.33,4.28,4.62,4.54,5.25,4.95,4.56,5.21,4.24,4.62,4.35,4.32,4.38,5.04,4.52,4.9,4.6,4.59,4.91,4.73,4.46,4.35,4.36,4.46,4.4,4.46,4.63,4.73,4.7,4.18,5.7,5.07,4.27,4.51,4.33,4.42,4.72,4.77,4.9,4.94,4.8,4.95,5.09,5.78,5.22,4.71,4.74,4.77,4.89,4.87
BAI2,4.11,4.31,4.3,4.3,4.93,4.41,5.11,4.65,4.13,4.17,4.25,4.12,4.22,5.59,4.13,4.07,4.57,4.22,4.73,4.29,4.24,4.24,4.07,4.49,4.01,4.44,4.45,4.3,4.38,4.54,6.39,4.56,4.17,4.16,3.98,4.42,4.52,4.21,4.72,4.27,4.19,4.39,4.36,4.79,4.23,4.61,4.35,4.36,4.28,6.94
BAI2,4.96,5.05,5.51,4.84,4.79,4.66,4.81,4.85,4.8,4.9,4.77,4.74,4.75,5.2,4.93,4.5,4.66,4.97,4.89,4.8,5.17,4.99,4.97,5.02,4.79,4.9,4.98,4.97,4.84,7.06,5.06,6.15,4.72,4.94,5.21,4.85,4.81,4.88,4.33,4.88,4.96,5.04,4.68,4.56,4.89,4.99,4.54,4.87,4.88,5.27
BAI3,4.82,4.63,5.07,5.03,4.61,4.71,4.39,5.5,4.8,5.13,4.95,4.43,4.28,4,4.35,4.31,4.44,4.42,4.6,5.09,4.35,4.64,4.71,4.69,4.78,4.45,4.97,5.08,4.35,4.52,8.49,4.76,4.14,4.34,4.12,4.65,4.72,4.94,4.34,5.7,4.76,5.04,5.79,5.61,4.79,5.15,5.01,5.16,5.35,4.65
BAI3,4.38,4.46,4.51,4.67,4.23,5.19,5.02,4.5,4.48,4.78,4.4,4.44,4.66,4.2,3.91,4.22,4.33,4.63,4.68,4.55,4.31,4.46,4.49,4.45,4.65,4.29,4.59,4.6,4.99,5.41,6.66,4.81,4.23,4.17,4.12,3.97,4.69,4.27,5.67,5.09,4.39,4.61,4.92,5.7,4.27,4.82,4.24,4.55,4.91,3.85
BAIAP2,4.95,4.92,5.5,4.76,5.12,5.06,4.58,5.89,5.02,5.29,5.01,5.01,4.93,4.73,4.92,4.91,4.98,4.98,4.79,5.2,4.93,5.01,5.09,5.29,5.32,4.64,5.21,5.22,5.08,4.52,4.5,4.38,5.28,5.11,5.26,5.13,4.73,5.16,4.1,6.11,5.12,5.34,4.94,4.07,4.93,4.71,4.61,5.37,5.21,4.76
BAIAP2,6.81,6.45,6.65,6.59,7.12,7.14,7.54,7.13,6.56,6.59,6.74,6.66,6.58,7.48,6.4,6.68,6.37,6.54,6.67,6.45,6.66,6.73,6.51,6.77,6.57,6.44,6.67,6.6,6.86,6.96,5.98,6.89,6.74,6.9,6.56,6.36,6.59,6.57,7.78,7.04,6.97,6.49,6.81,6.85,6.47,6.6,6.94,6.99,6.84,7.94
BAIAP2,6.36,6.66,6.83,6.65,6.63,6.73,6.36,7.04,6.55,6.68,6.71,6.75,6.37,7.88,6.48,6.52,6.44,6.45,6.32,6.59,6.56,6.64,6.71,6.71,6.67,6.43,6.42,6.6,6.74,4.95,5.68,7.55,6.7,6.74,6.96,6.41,6.34,6.5,7.18,7.05,6.74,6.58,6.66,6.62,6.15,6.08,6.44,6.87,6.69,7.29
BAIAP2,4.51,4.85,4.89,4.81,5.39,5.03,4.73,4.76,4.74,5,4.89,4.6,4.59,4.92,5,4.78,5.1,4.97,5.1,5.03,4.87,4.64,4.8,4.74,4.51,4.81,5.31,4.64,4.69,5.11,5.85,5.12,4.87,4.6,4.81,4.68,4.69,4.73,4.69,5.27,5.3,5.11,5.09,5.84,4.58,4.58,5.23,4.63,4.92,5.51
BAIAP2,5.54,5.27,6.02,5.9,6.32,5.74,4.45,6.04,5.64,5.68,5.48,5.59,5.54,5.12,5.91,5.39,5.54,5.82,5.74,5.75,5.61,5.93,5.85,6.16,5.89,5.97,5.67,5.64,5.92,5.47,5.09,4.53,5.84,6.32,6.36,5.92,6.35,5.91,6.23,5.88,6.18,6.03,5.48,5.24,5.48,5.46,5.28,5.89,5.75,4.92
BAIAP2,8.49,8.4,8.5,8.41,8.64,8.68,7.87,8.58,8.3,8.45,8.6,8.54,8.18,8.88,8.67,8.55,8.39,8.65,8.53,8.37,8.5,8.64,8.71,8.81,8.75,8.22,8.44,8.45,8.54,8.01,8.47,8.6,8.82,8.96,8.97,8.47,8.57,8.64,8.64,8.59,8.47,8.64,8.58,9.05,8.34,7.98,8.48,8.45,8.49,9.15
BAIAP2,6.12,5.74,6.2,6.04,6.35,6.44,5.25,6.43,5.77,5.7,5.89,6.03,6.1,6.04,6.29,5.88,6.02,6.35,6.3,5.89,6.1,6.1,6.25,6.47,6.1,6.18,6.07,5.92,6.22,5.08,5.29,6.64,6.76,6.44,6.72,6.36,6.24,6.32,6.72,6.11,6.24,6.31,6.28,6.68,5.36,5.95,5.93,6.34,6.3,6.27
BAIAP2,6.2,5.75,6.32,6.24,6.24,6.63,6.06,6.94,5.91,6.48,6.13,6.33,5.9,6.12,6.03,5.79,5.89,6.23,6.01,6.1,6.19,6.4,6.28,6.3,6.17,6.21,5.94,6.35,6.18,4.51,6.33,7.63,6.5,6.56,6.3,5.8,5.79,6.15,5.56,6.49,6.53,6.29,6.04,6.35,6.1,5.89,6.25,6.29,6.5,6.59
BAIAP2,6.08,5.62,5.88,5.98,6.65,6.33,5.7,6.47,5.7,5.84,5.92,5.64,5.73,7.23,5.64,5.87,5.94,5.85,5.69,5.8,5.65,5.93,5.67,6.05,5.88,6.09,6.18,5.96,5.77,4.52,6.12,6.34,5.7,5.9,6.05,5.81,5.48,5.74,5.45,6.37,5.99,5.82,6.3,6.75,5.59,5.99,5.97,6.09,5.88,7.4
BAIAP2,5.39,5.23,5.74,5.71,5.49,5.79,5.73,5.53,5.35,5.55,5.35,5.51,5.43,7.19,5.53,5.48,5.29,5.67,5.56,5.45,5.5,5.56,5.28,5.74,5.51,5.73,5.56,5.46,5.23,6.27,6.36,6.48,6.18,5.47,5.75,5.66,5.24,5.33,5.65,5.55,5.49,5.69,5.59,7.32,5.78,5.57,5.74,5.81,5.85,6.8
BAIAP2,4.94,4.68,5.17,5.3,4.59,5.84,3.89,5.18,5.08,4.75,4.79,5.16,4.61,5.19,5.38,5.5,4.96,4.91,5.5,5.36,5.14,4.8,4.91,5.43,4.61,5.18,5.22,4.68,4.62,3.63,6.34,6.71,5.62,5.19,5.4,4.79,5.54,5.39,4.2,5.29,5.41,5.02,5.18,7.05,4.32,5.25,4.32,5.37,5.37,6.45
BAIAP2L1,5.26,5.2,5.87,5.34,5.53,5.83,4.16,5.84,5.56,5.32,5.8,5.22,5.43,4.23,6.15,6.31,6.36,5.42,5.48,5.43,6.17,5.94,5.93,6.11,6.21,6.04,5.78,5.86,5.62,4.52,5.36,4.43,5.95,6.21,6.01,6.27,6.51,6.33,5.01,5.52,5.59,6.05,6.45,4.85,5.24,5.47,5.52,5.29,5.73,4.69
BAIAP2L1,6.7,6.47,6.7,6.71,6.08,6.54,6.45,6.79,6.47,6.62,6.25,6.49,6.28,5.35,7.05,7.17,7.22,6.22,6.17,6.14,7,6.89,7.02,7.09,7.18,7,6.24,6.48,6.25,4.26,5.72,4.28,7.32,7.52,7.31,6.91,7.33,7.19,5.43,6.65,6.25,6.62,6.33,4.74,6.2,5.72,6.28,6.68,6.7,5.27
BAIAP2L2,4.88,4.65,4.77,4.67,5.41,5.5,4.98,5.44,4.69,4.69,4.95,4.8,4.68,5.22,4.76,4.79,4.97,4.71,4.66,5.01,5.01,4.9,4.94,5.05,5.2,4.96,4.75,4.74,4.91,4.96,4.11,6.06,4.77,4.88,4.79,4.94,4.87,5.02,5.43,5.24,4.99,5.06,5.02,5.5,4.89,5.18,4.88,5.05,4.73,5.45
BAIAP3,4.79,4.65,4.7,4.78,4.76,4.63,4.89,4.81,4.53,4.62,4.69,4.7,4.62,6.63,4.68,4.76,4.55,4.86,5.17,4.67,4.58,4.81,4.41,4.59,4.56,4.93,4.69,4.8,4.8,4.31,6.52,7.11,4.72,4.98,4.59,4.76,4.61,4.61,4.57,4.53,4.66,4.57,4.7,5.64,4.51,4.2,5.06,4.46,4.6,6.15
BAIAP3,4.46,4.72,4.63,4.35,4.41,4.74,4.71,4.54,4.19,4.28,4.83,4.16,4.52,5.24,4.49,4.15,4.36,4.49,4.55,4.38,4.51,4.38,4.24,4.4,4.35,4.25,4.26,4.45,4.69,4.02,6.05,4.38,4.33,4.05,4.72,4.4,4.33,4.78,3.87,4.73,4.28,4.21,4.55,5.43,4.41,4.18,4.59,4.66,4.65,5.72
BAIAP3,5.17,5.17,5.32,5.54,5.56,5.05,6.76,5.35,5.29,5.14,5.21,5.19,4.85,6.73,5.02,5,5.34,5.44,5.24,5.05,5.47,5.39,5.01,4.98,5.05,5.01,5.42,5.23,5.42,5.39,7.73,5.33,5.6,5.22,5.24,5.21,5.06,5.56,4.97,5.22,5.53,5.8,5.59,5.49,5.35,5.23,5,5.55,5.22,6.64
BAIAP3,4.08,4.03,4.14,4.04,3.77,3.59,4.21,3.92,4.1,3.89,4.29,4.25,3.67,3.92,4.16,4.02,4.12,4.28,4.22,3.88,4.16,3.78,4.18,3.88,3.82,3.92,3.95,3.91,4.01,4.5,5.63,4.64,4.09,3.9,3.96,3.87,4.07,4.05,4.27,3.75,3.86,3.89,4.53,4.79,4,3.88,4.04,3.93,3.96,4.99
BAIAP3,4.63,4.68,4.57,4.18,4.22,4.2,5.03,4.29,4.3,4.31,4.7,4.44,4.47,5.61,4.35,4.56,4.36,4.49,4.35,4.5,4.37,4.25,4.4,4.13,3.97,4.38,4.32,4.63,4.55,4.62,4.32,4.66,4.96,4.48,4.35,4.17,4.16,4.39,4.71,4.17,4.29,4.26,4.75,4.44,4.84,4.35,4.8,4.58,4.38,5.5
BAK1,8.29,8.08,8.48,8.43,8.78,8.55,8.12,8.53,8.4,8.27,8.37,8.55,8.48,6.74,9.29,9.24,9.3,8.63,8.39,8.34,8.9,8.76,9.01,9.28,9.19,9.11,8.67,8.28,8.61,7.43,6.69,8.51,9.23,9.17,9.19,9.13,9.4,9.33,8.8,8.62,8.74,8.43,8.49,6.96,8.67,8.85,8.48,8.72,8.8,6.19
BAK1,8.59,8.19,8.75,8.5,8.55,8.43,8.33,8.57,8.57,8.69,8.43,8.68,8.49,6.07,9.4,9.44,9.4,8.61,8.65,8.52,9.18,8.89,8.86,9.4,9.28,9.49,8.63,8.71,8.51,7.97,5.74,7.27,9.44,9.45,9.49,9.38,9,9.44,8.37,8.74,8.71,8.38,8.45,6.52,8.52,8.22,8.67,8.72,8.77,6.24
BAK1,8.96,8.46,8.89,8.99,8.62,8.41,9.1,8.85,8.9,8.93,8.07,9.05,8.87,7.35,9.66,9.78,9.72,9.11,9.08,9.16,9.31,9.3,8.75,9.76,9.64,9.8,8.9,9.12,8.29,7.26,8.14,6.63,9.71,9.8,9.72,9.6,9.38,9.74,8.44,8.82,8.92,8.47,8.24,6.7,8.93,8.59,9.02,9.12,8.64,8.69
BAK1,8.32,8.33,8.57,8.35,8.52,8.76,8.69,8.68,8.36,8.45,8.56,8.63,8.57,7.14,9.16,9.2,9.2,8.39,8.55,8.39,8.83,8.83,8.96,9.09,9.14,9.13,8.54,8.25,8.77,8.81,6.19,7.12,9.12,9.19,9.03,9.08,9.28,9.06,9.01,8.72,8.84,8.56,8.6,7.95,8.66,8.87,8.18,8.72,8.85,7.7
BAK1,5.03,4.79,5.25,4.91,4.83,5.18,5.49,5.15,4.73,4.95,4.87,5.14,5,5.66,5.29,5.29,4.91,5.11,4.78,4.85,5.11,5.06,4.92,4.93,5.13,5.05,4.84,5.3,4.83,4.81,4.3,6.63,5.07,5.3,5.04,4.42,4.93,4.99,5.89,4.61,5.18,4.89,5.03,5.15,4.55,5.19,4.93,5.25,4.52,6.4
BAMBI,4.83,5.26,5.37,4.96,4.77,5.2,4.47,5.22,4.93,5.2,5.46,5.29,5.19,4.6,5.64,5.37,5.65,5.05,5.22,4.69,5.42,5.42,5.75,5.79,5.46,5.68,5.3,4.9,4.94,3.86,4.57,5.5,6.59,6.59,7.03,5.88,5.6,5.59,4.11,5.76,5.74,5.02,4.79,5.03,4.86,5.2,4.9,5.42,5.47,4.25
BANF1,11.26,11.17,11.37,11.41,11.4,11.36,11.04,11.35,11.42,11.35,11,11.29,11.32,10.29,11.05,11.14,11.13,11.58,11.59,11.56,11.08,11.07,10.98,11.08,11.11,11.06,11.41,11.31,11.26,11.2,9.93,10.08,11.02,11.05,11.01,11.23,11.26,11.26,11.39,11.46,11.37,11.26,11.14,9.88,11.18,11.28,11.32,11.41,11.27,9.93
BANF1,12.14,11.94,12.23,12.22,12.19,12.12,12.1,12.18,12.22,12.25,11.83,12.14,12.02,11.52,12.01,11.9,12.01,12.39,12.42,12.46,11.89,11.84,11.77,11.97,11.94,11.88,12.21,12.11,11.94,11.97,11.89,11.74,11.79,11.86,11.95,12.15,11.98,12.14,12,12.27,12.16,12,12.01,11.55,12.05,12,12.06,12.17,12.14,11.41
BANF1,11.34,11.19,11.39,11.41,11.48,11.32,11.08,11.45,11.43,11.37,10.97,11.34,11.18,10.55,11.12,11.17,11.11,11.6,11.64,11.67,11.06,10.95,11,11.13,11.11,11.04,11.39,11.37,11.21,11.15,10.7,10.94,10.91,11.04,11.09,11.23,11.2,11.35,11.27,11.41,11.27,11.24,11.15,10.69,11.24,11.15,11.24,11.33,11.28,10.84
BANF1,6.64,6.17,6.78,6.55,6.57,6.43,6.26,6.69,6.6,6.67,6.42,6.65,6.38,5.48,6.23,6.21,6.2,6.8,6.83,6.75,6.25,6.13,6.18,6.21,6.21,6.14,6.71,6.58,6.5,5.93,7.5,6.77,5.59,5.84,5.77,6.16,5.92,6.16,6.77,6.56,6.73,6.34,6.25,5.88,6.64,6.32,6.63,6.65,6.6,6.39
BANF1,8.85,8.75,9.07,8.94,8.86,9.05,8.81,8.95,9.01,8.85,8.5,8.91,8.77,8.35,8.65,8.66,8.6,9.25,9.22,9.16,8.64,8.55,8.34,8.67,8.63,8.54,8.96,8.97,8.83,9.04,8.92,8.01,8.56,8.63,8.65,8.69,8.84,8.87,8.87,8.97,8.9,8.78,8.68,8.24,8.91,8.83,8.75,8.97,8.87,8.9
BANF1,12,11.88,12.17,12.1,12.17,12.16,11.81,12.1,12.11,12.1,12,11.99,12.05,11.91,11.82,11.84,11.9,12.32,12.31,12.26,11.8,11.75,11.85,11.83,11.81,11.78,12.14,12.14,11.95,11.94,12.23,12.26,11.74,11.73,11.75,11.97,11.9,11.96,12.02,12.23,12.1,11.95,11.9,11.93,11.97,11.93,11.95,12.12,12.06,12.17
BANF2,4.02,3.92,3.84,3.98,3.86,3.92,4,3.96,4.2,3.95,3.91,3.97,3.9,4.13,3.98,4.14,3.97,3.93,3.9,3.89,4,3.92,3.89,3.82,3.84,3.58,4.15,3.96,3.96,4.65,5.07,4.49,3.94,3.94,4.1,3.78,3.81,3.74,4.41,3.83,4.22,4.07,3.59,5.64,4.04,3.56,3.78,4.18,4.1,4.33
BANK1,3.63,3.68,3.99,3.63,3.83,3.82,4.03,3.49,3.62,3.61,3.97,3.61,3.81,5.41,3.77,3.92,3.58,3.77,3.8,3.68,3.66,3.65,3.74,3.67,3.66,3.67,3.73,3.73,3.95,4.6,5,3.66,3.83,3.8,3.83,3.9,3.78,3.74,4.54,3.5,4.18,3.74,4.06,4.63,4.16,3.99,4.23,3.82,4.11,4.81
BANK1,3.37,3.4,3.61,3.69,3.47,4.32,4.13,4.07,3.42,3.48,3.37,3.46,3.41,3.63,3.35,3.37,3.38,3.49,3.87,3.44,3.44,3.27,3.34,3.48,3.68,3.45,3.63,3.66,3.54,4.19,3.8,4.92,3.4,3.45,3.51,3.46,3.74,3.6,4.14,3.3,3.76,3.3,3.56,3.64,3.65,3.45,3.82,3.6,3.7,3.49
BANK1,3.42,3.53,3.67,3.26,3.45,3.39,4.12,3.36,3.61,3.54,3.42,3.77,3.69,4.16,3.52,3.41,3.58,3.52,3.58,3.55,3.55,3.51,3.6,3.45,3.4,3.48,3.47,3.51,3.57,3.83,4.28,4.95,3.55,3.49,3.49,3.37,3.63,3.29,4.73,3.21,3.64,3.24,3.45,3.51,3.85,3.68,3.6,3.42,3.61,3.86
BANP,5.58,5.15,5.95,5.44,5.79,6.28,5.44,5.76,5.58,5.52,5.72,5.23,5.11,4.87,5.31,5.71,5.51,5.85,5.82,5.95,5.24,5.63,5.3,5.91,5.46,5.67,5.99,5.42,5.79,5.53,5.51,5.42,5.63,5.57,5.61,5.69,5.13,5.62,6.09,5.73,5.86,5.9,6.25,5.85,6.24,5.83,5.46,5.66,5.59,5.11
BANP,9.82,9.82,10.04,9.9,10.12,9.99,9.7,10.15,9.73,9.94,10.05,9.92,9.56,10.88,9.84,9.73,9.76,10.16,10.12,10.24,9.62,9.68,9.64,9.95,9.96,9.7,9.92,9.98,9.82,9.49,10.68,11.29,9.64,9.63,9.8,9.93,9.83,10,10.26,10.16,9.83,9.98,10,11.14,9.97,10.08,10.1,9.88,9.77,11.28
BANP,7.17,6.76,7.11,7.13,7.39,7.52,6.81,7.46,7.03,7.11,6.69,6.85,6.48,6.62,7.15,7.31,6.96,7.24,7.35,7.27,6.94,6.96,6.98,7.07,7.03,7.06,7.15,7.02,7.13,5.5,6.4,6.78,6.83,6.79,6.75,6.99,6.48,7.13,5.88,7.45,7.04,7.2,7.36,6.19,6.86,7.18,7.29,7.24,7.15,6.12
BANP,8.69,8.62,8.72,8.69,8.68,8.92,8.85,8.97,8.6,8.69,8.81,8.75,8.34,9.51,8.6,8.68,8.63,8.91,8.92,9,8.55,8.44,8.61,8.82,8.77,8.63,8.78,8.67,8.75,8.03,9.72,9.81,8.39,8.5,8.58,8.76,8.51,8.61,8.73,8.98,8.73,8.86,8.96,9.85,8.54,8.82,8.87,8.56,8.42,9.84
BANP /// LOC653390,7.27,6.67,7.17,7.07,6.27,6.81,6.53,6.77,6.96,7.26,6.53,6.8,6.83,4.89,7.42,7.47,7.42,6.95,6.85,7.3,7.21,6.93,6.9,7.54,7.42,7.44,6.96,7.17,6.76,5.95,7.97,4.84,7.36,7.53,7.34,7.43,7.25,7.37,5.95,6.9,7.12,6.76,6.52,5.96,6.74,6.58,6.78,7.08,7.21,6.1
BAP1,5.4,4.67,5.33,5.12,5.4,5.54,5.54,5.41,5.07,4.95,4.43,4.71,4.69,4.22,4.67,5.08,4.96,5.15,4.96,5.12,5.04,5.04,4.7,5.28,5.32,5.49,5.3,4.89,4.69,4.47,5.4,5.42,5.14,5.27,5,5.05,4.73,5.04,4.13,5.42,4.88,5.02,5,3.94,4.84,4.57,5.46,4.92,4.97,4.34
BAP1,7.51,7.39,7.48,7.47,7.78,7.72,7.88,7.6,7.33,7.41,7.65,7.39,7.23,6.59,7.39,7.45,7.51,7.52,7.62,7.25,7.38,7.52,7.68,7.61,7.63,7.35,7.58,7.65,7.63,6.22,6.2,6.13,7.32,7.5,7.48,7.54,7.56,7.51,7.45,7.5,7.63,7.67,7.71,6,7.17,7.43,7.38,7.66,7.8,6.84
BAP1,6.7,6.4,6.69,6.59,6.57,6.64,6.07,6.72,6.43,6.53,6.52,6.6,6.27,5.79,6.66,6.68,6.7,6.64,6.57,6.65,6.81,6.75,6.48,6.87,6.94,6.67,6.63,6.63,6.53,5.61,5.6,7.07,6.52,6.71,6.67,6.66,6.54,6.75,6.15,6.84,6.69,6.74,6.46,6.4,6.46,6.46,6.77,6.74,6.91,6.01
BARD1,7.79,7.65,7.62,7.35,7.18,7.91,7.97,7.31,7.62,7.58,7.57,6.89,6.82,3.84,7.58,7.76,7.54,7.57,7.85,7.9,6.44,6.34,6.69,6.98,6.69,6.96,7.58,7.62,7.46,5.9,4.27,4.31,8.34,7.9,8.25,7.93,7.51,7.27,5.82,7.1,7.16,7.48,7.31,4.28,7.07,7.58,7.14,6.75,6.66,3.71
BARHL1,5.34,5.33,5.5,5.37,5.76,5.84,6.32,5.16,5.38,5.42,5.75,5.31,5.43,7.17,5.15,5.56,5.26,5.63,5.32,5.39,5.69,5.51,5.58,5.19,5.4,5.46,5.63,5.64,5.73,5.66,7.88,7.29,5.24,5.21,5.58,5.42,5.67,5.06,6.63,5.12,5.63,5.44,5.84,7,5.81,5.52,5.18,5.48,5.38,7.25
BARHL2,4.28,4.42,4.02,4.36,4.42,4.02,3.85,4.06,4.25,4.42,4.19,4.31,4.37,4.94,3.81,3.99,4.22,4.45,4.28,3.84,4.16,4.38,4.3,3.95,4.07,4.1,3.92,4.11,4.43,4.56,4.9,6.12,4.09,4.68,4.17,3.93,4.4,4.1,4.01,4,4.13,4.05,4.47,4.36,4.28,4.11,3.61,4.29,4.13,6.04
BARX1,4.43,4.46,4.53,4.68,4.76,4.54,4.58,4.77,4.28,4.32,4.5,4.36,4.67,4.43,4.39,4.36,4.35,4.17,4.38,4.64,4.64,4.64,4.31,3.93,4.71,4.24,4.19,4.67,4.37,5.25,4.41,4.97,4.53,4.35,4.32,4.27,4.37,4.35,4.15,4.26,4.2,4.3,4.08,4.15,4.32,4.3,4.45,4.2,4.72,4.51
BARX2,8.89,8.77,9.08,8.97,8.81,8.5,8.35,9.02,8.88,8.94,8.85,9.01,9,8.72,9.03,8.96,8.94,8.61,8.75,8.67,9.11,9.12,8.77,9.14,9.3,9.32,8.8,8.95,8.89,9.01,8.18,8.25,8.66,8.74,8.77,9.24,9.06,9.25,8.22,8.89,8.93,9.84,9.73,9.07,9.01,8.97,9.31,9.24,9.36,8.86
BARX2,8.2,7.71,8.14,7.71,7.17,7.13,7.77,8.19,7.98,8.07,7.43,8.14,8.12,6.36,8.05,8.15,8.15,7.69,7.92,7.91,8.36,8.28,7.65,8.3,8.19,8.51,7.98,7.93,7.64,6.27,7.15,6.25,7.96,8.07,7.98,8,8.19,8.4,6.61,7.81,7.76,8.8,8.62,6.66,7.96,7.97,8.44,8.13,8.26,5.84
BASP1,12.31,12.26,12.32,12.27,12,12.16,12.18,12.28,12.35,12.36,12.25,12.44,12.44,10.62,12.2,12.14,12.13,12.21,12.25,12.23,12.41,12.46,12.39,12.29,12.34,12.41,12.27,12.32,12.16,12.47,10.64,11.15,12.25,12.29,12.27,12.26,12.32,12.4,12.05,12.24,12.34,12.47,12.43,11.26,12.38,12.42,12.36,12.39,12.25,10.67
BASP1,12.37,12.17,12.28,12.35,12.32,12.35,12.3,12.34,12.32,12.25,12.23,12.36,12.44,11,12.19,12.24,12.15,12.29,12.27,12.25,12.48,12.5,12.4,12.39,12.4,12.42,12.24,12.3,12.25,12.76,11,11.33,12.34,12.37,12.33,12.33,12.36,12.37,12.39,12.33,12.4,12.54,12.47,11.23,12.41,12.49,12.45,12.41,12.38,10.96
BASP1,13.24,13.28,13.25,13.28,13.29,13.33,13.35,13.32,13.21,13.21,13.33,13.36,13.36,13.07,13.16,13.29,13.18,13.19,13.22,13.1,13.41,13.4,13.36,13.15,13.22,13.33,13.29,13.22,13.33,13.59,13.06,13.06,13.35,13.29,13.31,13.28,13.34,13.23,13.25,13.23,13.29,13.46,13.45,13.06,13.32,13.42,13.38,13.29,13.42,12.6
BAT1,11.68,11.5,11.56,11.66,11.25,11.37,11,11.44,11.72,11.68,11.42,11.63,11.7,9.77,11.57,11.39,11.54,11.72,11.7,11.76,11.37,11.32,11.37,11.35,11.34,11.36,11.56,11.69,11.62,11.45,8.26,10.36,11.41,11.56,11.54,11.41,11.31,11.55,10.97,11.54,11.43,11.39,11.3,10.16,11.46,11.38,11.5,11.56,11.67,10.07
BAT1,12.68,12.63,12.78,12.75,12.74,12.79,12.64,12.62,12.69,12.68,12.66,12.6,12.53,11.2,12.62,12.61,12.69,12.83,12.87,12.77,12.44,12.46,12.58,12.67,12.56,12.54,12.75,12.66,12.69,12.78,11.11,11.58,12.68,12.73,12.71,12.67,12.68,12.77,12.62,12.72,12.74,12.64,12.64,11.14,12.69,12.72,12.73,12.7,12.78,11.26
BAT1,12.04,11.93,12.14,12.11,11.92,11.93,11.83,12.04,12.14,12.17,11.95,11.97,11.94,11.36,12.05,11.95,12.02,12.25,12.22,12.3,11.9,11.87,11.86,12,11.96,11.93,12.13,12.14,11.99,11.91,11.28,11.72,12.02,12.03,12.05,12.09,11.94,12.12,11.83,12.14,11.99,11.93,11.9,11.26,12.03,11.94,12.09,12.1,12.1,11.29
BAT1,7.63,7.01,7.37,7.48,6.81,7.24,7.43,7.38,7.4,7.29,6.23,7.23,7.29,6.74,7.09,7.26,7.22,7.91,7.78,7.77,7.12,6.94,6.37,7.13,7.08,7.06,7.65,7.44,6.79,5.63,5.19,5.77,7.56,7.32,7.14,7.12,7.21,7.56,6.88,7.33,7.1,7.15,6.78,4.37,7.42,7.13,7.42,7.45,7.2,6.07
BAT1,8.93,8.05,8.67,8.83,7.91,8.42,7.86,8.87,8.95,8.79,7.78,8.62,8.69,5.22,8.53,8.41,8.67,9.15,9.08,9.24,8.29,8.06,7.69,8.45,8.28,8.54,8.88,8.92,8.03,6.87,6.23,5.04,8.71,8.69,8.6,8.54,8.37,8.66,8.05,8.63,8.43,8.21,7.58,5.82,8.69,8.36,8.62,8.76,8.54,5.82
BAT1,10.93,10.75,10.95,10.98,10.79,10.93,10.95,10.96,10.95,10.87,10.65,10.81,10.89,8.62,10.65,10.76,10.77,11.06,11.1,11.05,10.88,10.5,10.62,10.72,10.69,10.76,10.98,10.82,10.77,11.09,7.86,9.1,10.87,10.9,10.79,10.77,10.97,10.93,11.06,10.87,10.87,10.67,10.83,8.71,10.97,11.07,10.95,10.97,10.97,8.69
BAT1,6.59,6.35,6.14,6.47,6.1,7,6.27,6.63,6.55,6.64,6.19,6.38,6.4,6.57,6.56,6.33,6.39,6.52,6.34,6.79,6.66,6.45,6.28,6.84,6.25,6.51,6.47,6.55,6.23,6.76,6.84,6.18,6.68,6.58,6.77,6.45,6.39,6.29,7.24,6.6,5.91,6.64,6.24,5.99,5.98,6.1,6.37,6.32,6.25,7.67
BAT1,11.78,11.68,11.85,11.82,11.73,11.81,11.71,11.82,11.75,11.82,11.69,11.69,11.64,10.35,11.7,11.66,11.72,11.91,11.9,11.96,11.64,11.56,11.6,11.71,11.69,11.63,11.86,11.7,11.67,11.78,9.96,10.83,11.72,11.76,11.74,11.77,11.71,11.85,11.47,11.81,11.75,11.67,11.78,9.94,11.75,11.72,11.79,11.79,11.82,10.32
BAT2,9.1,9.56,9.52,9.27,9.89,9.76,9.75,9.68,9.12,9.23,9.73,9.14,9.18,7.5,9.2,9.29,9.16,9.4,9.47,9.3,9.15,9.13,9.62,9.27,9.36,9.13,9.52,9.11,9.94,10.08,8.54,9.01,9.05,9.27,9.24,9.47,9.61,9.41,9.85,9.81,9.78,9.58,10.02,8.12,9.49,9.5,9.46,9.41,9.89,7.37
BAT2,8.59,8.83,8.72,8.69,9.18,9.13,8.92,9.01,8.55,8.61,8.84,8.35,8.31,7.36,8.54,8.53,8.51,8.72,8.82,8.7,8.43,8.42,8.91,8.59,8.63,8.39,8.85,8.5,8.98,8.25,6.37,7.81,8.36,8.47,8.54,8.6,8.85,8.72,9.04,9.01,9.08,8.82,9.05,6.77,8.75,8.81,8.79,8.75,8.96,7.02
BAT2,4.89,5.16,4.87,5.12,5.46,4.74,6.27,5.13,5.04,5.19,4.74,5.11,4.94,5.37,5.02,4.95,4.64,5.04,5,4.77,5,4.95,5.11,4.96,4.65,4.87,5.33,4.83,5.02,5.31,7.08,5.81,5.07,5.09,5,5.08,4.69,4.51,5.31,4.75,4.63,4.62,5.06,5.76,5,5.15,4.81,4.78,4.82,5.96
BAT2,5.09,4.79,4.87,4.91,4.88,5.13,4.35,5.36,5.04,5.22,4.67,4.76,4.73,5.21,4.84,5.24,4.76,4.94,5.1,5.22,4.97,5.1,4.82,5.35,4.93,5.36,5.1,5.08,4.69,4.72,4.73,6.28,4.77,4.87,5.1,4.73,5.16,4.79,4.79,5.23,5.14,4.71,4.97,5.88,4.9,5.31,4.99,4.97,5.09,5.86
BAT2D1,4.88,4.33,4.93,4.48,4.79,5.08,5.01,5.01,4.64,4.62,4.6,4.16,4.31,5.03,4.77,4.42,4.89,4.91,4.76,5.36,4.97,4.79,4.5,4.96,4.37,4.64,4.93,4.63,4.79,4.65,6.1,4.83,5.01,4.68,4.64,4.77,4.74,4.22,4.17,4.79,4.69,4.87,4.85,5.55,5.16,5.17,4.9,4.77,4.4,5.31
BAT2D1,10.54,10.3,10.27,10.02,9.78,10.74,11.3,10.42,10.25,10.43,10.27,9.7,9.95,8.69,10.26,10.47,10.3,10.38,10.44,10.54,10.4,10.23,10.27,10.39,10.22,10.37,10.45,10.26,10.7,10.19,8.82,8.49,10.35,9.78,10.05,10.13,10.35,9.75,10.38,10.27,10.41,10.91,10.58,8.15,10.36,10.82,10.44,9.96,9.98,8.52
BAT2D1,7.82,7.83,7.7,7.3,8.02,8.74,9.12,8.2,7.67,7.69,8.51,6.87,6.91,6.86,8.01,8.05,7.8,8.05,7.97,8.33,7.5,7.74,7.9,7.96,7.82,7.91,8.09,7.76,8.36,7.93,6.21,6.23,7.66,6.89,7.48,7.87,8.16,7.38,7.79,8.16,8.14,8.59,8.5,6.89,8.32,8.49,8.28,7.43,7.33,7.45
BAT2D1,10.39,10.1,10.26,10.17,10.19,10.38,10.55,10.15,10.36,10.25,10.01,9.89,10.14,8.39,10.09,10.19,10.14,10.32,10.29,10.28,10.28,10.17,10.27,10.08,10.1,10.15,10.36,10.15,10.42,10.37,8.32,7.79,10.17,9.9,9.97,10.16,10.15,9.78,10.32,10.17,10.28,10.13,10.37,9,10.37,10.38,10.22,10.14,10.02,8.89
BAT2D1,10.3,10.05,10.14,10.15,9.99,9.94,9.79,10.11,10.22,10.34,9.89,10.15,10.27,8.5,10.04,10.04,10,10.09,10.19,10.45,10.01,10.1,9.8,10.04,10.13,10.05,10.15,10.37,9.83,7.94,6.37,6.29,9.89,10.04,9.94,10.09,9.97,10.12,9.69,10.02,9.97,9.87,9.87,7.03,9.99,9.94,10.17,10.17,10,7.19
BAT2D1,11.57,11.63,11.36,11.46,11.51,11.62,11.49,11.37,11.55,11.45,11.71,11.37,11.63,11.64,11.44,11.35,11.35,11.45,11.45,11.41,11.43,11.47,11.71,11.23,11.25,11.35,11.46,11.44,11.62,11.58,11.31,11.4,11.33,11.34,11.25,11.28,11.43,11.23,11.45,11.32,11.53,11.46,11.65,11.59,11.45,11.49,11.39,11.47,11.74,11.32
BAT2L,9.28,9.57,9.36,9.4,9.67,9.35,9.23,9.48,9.23,9.46,9.59,9.41,9.41,9.23,9.72,9.68,9.65,9.29,9.23,9.29,9.35,9.49,9.48,9.66,9.67,9.49,9.38,9.41,9.47,9.16,7.05,9.27,9.12,9.51,9.42,9.59,9.5,9.62,9.05,9.53,9.41,9.76,9.77,8.95,9.17,9.39,9.38,9.34,9.46,8.61
BAT2L,5.92,5.57,6.29,6.01,5.71,5.74,6.14,6.26,5.83,6.09,5.75,5.58,5.79,5.78,6.08,5.57,6.08,6.02,6.1,6.4,5.83,5.89,6,6.16,6.6,6.05,5.82,6.23,5.91,5.64,5.03,5.28,6.12,6.01,6.35,6.23,6.56,6.14,5.14,6.2,5.91,5.92,6.08,6.32,6.03,5.99,6.02,6.22,5.5,7.18
BAT2L,9.3,9.34,9.5,9.37,9.72,9.74,9.65,9.52,9.3,9.32,9.67,9.24,9.2,9.37,9.4,9.47,9.44,9.37,9.36,9.31,9.4,9.38,9.5,9.37,9.45,9.32,9.43,9.33,9.7,9.19,9.08,9.57,9.39,9.36,9.32,9.51,9.74,9.42,9.32,9.5,9.47,9.63,9.65,8.83,9.54,9.6,9.58,9.36,9.58,9.04
BAT2L,6.37,5.58,6.25,6.22,6.14,6.45,6.13,6.49,6.17,6.25,5.8,5.91,5.82,5.23,6.53,6.41,6.56,6.21,6.27,6.38,6.11,6.2,6.07,6.21,6.46,6.65,6.33,6.44,6.28,6.26,7.68,5.19,6.33,6.31,6.35,6.6,6.62,6.45,6.66,6.47,6.36,6.25,6.3,4.99,6.48,6.66,6.69,6.38,6.66,5.07
BAT2L,5.22,5.11,4.91,5.28,5.31,4.91,5.28,5.76,4.91,5.05,5.08,5.2,5.01,5.23,5.24,4.65,5.37,5.15,5.34,5.15,4.77,5.1,4.77,5.16,5.43,4.91,5.27,5.09,5.2,6.15,4.82,5.83,5.02,4.93,5.25,4.98,5.05,5.22,6.33,5.3,5.3,5.26,5.19,4.98,5.17,5.67,4.89,5.1,5.35,5.96
BAT3,10.74,10.81,10.92,10.77,11.02,11.04,10.88,10.72,10.6,10.63,10.97,10.56,10.7,10.61,10.52,10.46,10.6,10.88,10.88,10.77,10.76,10.63,10.99,10.69,10.75,10.64,10.93,10.6,10.9,11.19,10.04,10.72,10.44,10.43,10.43,10.63,10.8,10.58,11.16,10.84,10.99,10.95,11.16,10.71,10.82,10.98,10.85,10.7,11.03,10.2
BAT3,8.77,8.87,9.13,8.9,9.25,9.32,9.47,9.04,8.67,8.76,9.15,8.62,8.7,6.73,8.6,8.78,8.68,9.11,9.09,8.83,8.76,8.71,9.15,8.9,8.8,8.7,8.96,8.63,9.33,9.85,8.15,7.99,8.59,8.67,8.59,8.62,9.14,8.68,9.42,9.12,9.14,9.23,9.31,6.72,9.1,9.42,9.01,8.91,9.17,6.4
BAT3,10.1,10.29,10.41,10.27,10.68,10.49,10.43,10.33,10.09,10.13,10.32,10.08,10.11,9.27,10.07,10.05,10.1,10.39,10.37,10.18,10.17,10.1,10.41,10.18,10.24,10.08,10.43,10.1,10.47,10.56,9.16,9.91,9.9,9.96,9.89,10.11,10.17,10.14,10.36,10.43,10.56,10.51,10.57,9.16,10.29,10.39,10.36,10.34,10.62,9.53
BAT4,7.55,7.36,7.51,7.48,7.55,7.67,8.13,7.64,7.46,7.52,7.21,7.19,7.09,5.16,7.57,7.56,7.43,7.66,7.72,7.79,7.67,7.37,7.23,7.52,7.33,7.51,7.63,7.53,7.74,5.72,5.72,4.87,7.68,7.38,7.7,7.53,7.52,7.4,6.87,7.7,7.58,8.19,7.89,6.24,7.56,7.75,7.46,7.39,7.33,6.06
BAT4,8.66,8.64,8.91,8.77,9.08,8.89,7.96,8.76,8.86,8.82,8.78,8.68,8.48,7.33,8.8,8.62,8.76,9.09,9.01,8.92,8.6,8.58,8.66,8.78,8.72,8.7,8.88,8.77,8.71,7.48,7.12,8.24,8.8,8.78,8.67,8.81,8.86,8.88,8.58,9.04,8.83,9.02,9.03,7.97,8.9,8.85,8.88,8.94,8.72,6.58
BAT5,11.44,11.42,11.33,11.43,11.48,11.39,11.09,11.29,11.43,11.31,11.5,11.53,11.52,11.12,11.48,11.29,11.46,11.51,11.52,11.47,11.55,11.52,11.75,11.6,11.51,11.52,11.37,11.38,11.47,11.5,11.46,11.72,11.43,11.48,11.57,11.43,11.49,11.44,11.13,11.38,11.38,11.29,11.38,11.43,11.16,11.1,11.14,11.37,11.37,11.51
BAT5,8.53,8.1,8.47,8.48,8.21,8.21,8.64,8.75,8.38,8.36,8.17,8.49,8.48,7.27,8.54,8.64,8.37,8.72,8.81,8.66,8.68,8.56,8.48,8.79,8.8,8.84,8.37,8.36,8.34,7.86,8.47,6.87,8.72,8.73,8.57,8.38,8.45,8.66,8.13,8.4,8.32,8.56,8.41,6.27,8.58,7.98,8.3,8.4,8.33,6.85
BAT5,8.26,7.47,7.99,7.94,7.19,7.76,7.39,8.25,8.04,7.92,7.19,8.15,8.03,6.16,8.15,8.04,8.12,8.29,8.4,8.48,8.15,8.05,7.79,8.55,8.36,8.62,7.79,8.14,7.19,7.12,7.37,5.87,8.24,8.2,8.26,8.07,8.03,8.25,7.45,7.86,7.88,7.59,7.47,5.36,7.75,7.7,7.71,8.1,7.62,6.28
BAT5,9.86,9.78,9.92,9.88,9.79,9.98,9.89,9.9,9.81,9.88,9.89,9.89,10,8.7,9.81,9.9,10.05,10.1,10.09,10.08,10.1,10.11,10.24,10.05,10.1,10.17,9.9,9.62,9.95,10.01,8.1,9.82,10.08,9.97,9.89,9.89,10.1,10,9.73,9.89,9.87,9.98,10.06,8.45,9.7,9.74,9.72,9.95,9.95,9.38
BATF,9.77,9.76,9.87,9.87,9.97,9.97,10.01,9.86,9.84,9.87,9.61,9.71,9.59,7.73,9.42,9.63,9.61,9.59,9.59,9.59,9.89,9.64,9.71,9.75,9.6,9.79,10.03,9.8,9.93,9.88,8.76,7.36,9.87,9.87,9.81,9.62,9.93,9.82,9.81,9.79,9.71,10.31,10.49,8.04,10.11,10.16,9.96,9.83,9.8,8.68
BATF2,3.75,3.87,3.85,3.9,4.28,3.81,3.94,4.18,3.91,3.95,3.96,4.18,4.02,4.2,3.81,3.95,3.97,3.69,3.79,4.02,3.89,4.13,4.1,4.01,4.3,3.96,4.17,3.87,3.93,5.17,5.11,5.79,4.14,3.58,3.76,3.91,4.33,4.02,3.97,4.01,3.73,3.84,3.86,5.52,4.17,4.26,4.04,4.09,3.87,5.37
BATF2,3.53,3.31,3.25,3.3,3.47,3.56,3.59,3.28,3.25,3.26,3.41,3.25,3.43,4.02,3.21,3.25,3.21,3.21,3.29,3.19,3.32,3.3,3.19,3.25,3.18,3.29,3.2,3.38,3.27,3.49,4.42,4.92,3.49,3.19,3.37,3.25,3.27,3.47,3.44,3.24,3.11,3.1,3.55,3.4,3.22,3.1,3.16,3.39,3.38,3.54
BATF3,10.89,10.93,10.9,10.81,10.86,10.8,10.94,10.8,10.86,10.83,10.69,10.67,10.8,9.27,10.44,10.52,10.5,10.87,10.86,10.76,10.58,10.37,10.63,10.45,10.38,10.44,10.95,10.76,10.91,10.73,9.08,9.54,10.53,10.57,10.54,10.69,10.65,10.76,10.77,10.78,10.8,11.18,11.21,9.92,11.03,11.05,10.87,10.68,10.8,9.18
BAX,11.21,10.82,11.02,11,10.39,10.6,10.66,10.96,11.05,11.16,10.36,11.36,11.35,9.25,11.52,11.62,11.39,11,11.05,11.1,11.59,11.65,10.9,11.53,11.56,11.57,11,11.15,10.53,10.48,9.03,8.15,11.48,11.48,11.47,11.54,11.25,11.59,10.76,10.93,10.86,10.9,10.54,9.82,10.96,10.91,10.96,11.41,10.89,8.25
BAX,7.82,7.56,8.03,8.01,7.96,7.94,7.11,8,7.82,7.93,7.77,8.21,8.1,7.02,8.45,8.7,8.51,8.08,7.96,8.16,8.54,8.38,8.17,8.38,8.77,8.53,8.01,8.04,7.82,7.86,6.87,7.49,8.33,8.41,8.36,8.7,8.57,8.35,7.81,8.4,8.02,8.31,8.13,7.18,8.09,8.1,8.08,8.56,8.45,7.72
BAZ1A,10.53,10.89,10.37,10.48,10.51,10.31,9.98,10.31,10.55,10.54,10.69,10.61,10.8,10.9,10.74,10.66,10.72,10.11,10.13,10.28,10.87,10.86,11.15,10.77,10.84,10.88,10.43,10.38,10.66,10.76,9.67,10.48,10.84,10.87,10.91,10.6,10.66,10.57,10.25,10.48,10.51,10.57,10.57,10.7,10.57,10.51,10.65,10.52,10.65,9.96
BAZ1A,8.94,8.94,8.66,8.84,8.5,8.33,8.58,8.72,8.82,8.94,8.58,9.06,9.17,6.77,8.98,9.24,9.03,8.5,8.43,8.59,9.46,9.46,9.14,9.29,9.17,9.42,8.63,8.87,8.87,8,5.54,6.7,9.41,9.64,9.2,8.94,8.97,8.94,8.6,8.73,8.55,8.73,8.82,6.55,9,8.82,9.03,8.87,8.9,7.12
BAZ1A,10.1,10.28,9.87,9.77,9.25,9.86,9.6,9.75,10.14,10.09,9.77,9.81,10.03,8.38,10.23,10.27,10.25,9.69,9.86,9.77,10.61,10.26,10.34,10.42,10.28,10.7,9.94,9.75,10.15,9.69,7.28,7.96,10.56,10.4,10.38,10.14,10.24,9.84,9.64,9.81,9.8,10.07,9.87,6.67,10.18,9.99,9.99,9.89,9.83,6.38
BAZ1A,10.25,10.38,10.06,9.91,9.77,10.2,10.47,10.17,10.19,10.17,10.2,9.97,9.85,8.88,10.61,10.57,10.57,10.13,10.08,10.15,10.68,10.59,10.56,10.96,10.81,10.75,10.21,10.02,10.21,9.85,8.7,8.66,10.96,10.55,10.93,10.55,10.46,10.07,10.11,10.24,10.26,10.31,10.4,8.62,10.47,10.46,10.52,10.06,9.73,7.91
BAZ1B,10.08,9.8,10.05,9.99,9.86,10.3,9.78,9.94,10.09,10.09,9.89,9.84,10.11,9.16,10.01,10.06,10.14,10.2,10.11,10.07,9.82,9.72,9.61,9.85,9.82,9.79,10.17,9.88,10.13,8.59,6.26,8.46,10.32,10.08,10.32,10.09,10.04,10.09,9.77,9.87,10.01,10.01,10.02,7.78,9.96,9.71,9.91,9.75,9.53,7.46
BAZ1B,7.3,6.75,7.18,6.84,7.13,7.82,7.81,7.36,7.13,7.26,7.76,6.57,6.57,6.28,7.68,7.32,7.43,7.22,7.39,7.33,6.95,7.21,6.98,7.09,6.88,6.92,7.28,7.02,7.62,7.08,4.5,6.59,7.47,7.28,7.4,7.41,7.3,6.68,7.03,7.01,7.19,7.8,7.77,7.11,7.35,7.46,7.48,6.68,6.68,5.36
BAZ1B,10.56,10.62,10.63,10.6,10.83,10.74,10.59,10.74,10.57,10.56,10.71,10.48,10.38,10.02,10.69,10.76,10.65,10.67,10.65,10.68,10.34,10.32,10.39,10.45,10.57,10.39,10.69,10.6,10.67,10.48,9.64,10.14,10.72,10.77,10.87,10.79,10.75,10.82,10.61,10.64,10.6,10.77,10.73,9.66,10.41,10.59,10.64,10.53,10.6,10.18
BAZ2A,5.09,5.01,4.7,4.99,5.13,5.19,4.71,4.59,4.9,4.77,5.25,5,4.71,6.58,4.48,4.87,4.68,4.95,4.7,4.85,4.9,4.98,4.64,4.84,4.41,5.25,5.06,4.82,5.2,5.63,7.51,6.26,4.82,4.74,5.12,4.71,4.44,4.79,5.1,4.57,4.83,4.81,4.46,5.48,4.6,5.22,4.56,4.74,5.07,6
BAZ2A,9.32,9.43,9.34,9.41,9.28,9.44,8.96,9.19,9.38,9.39,9.72,9.36,9.63,9.38,9.39,9.32,9.34,9.23,9.4,9.26,9.54,9.59,9.85,9.41,9.47,9.49,9.31,9.38,9.49,9.58,8.73,8.49,9.2,9.42,9.25,9.3,9.27,9.26,8.94,9.36,9.48,9.79,9.76,9.86,9.1,9.27,9.19,9.51,9.65,9.31
BAZ2A,7.09,7.16,7.21,7.23,7.57,7.54,6.98,7.29,7.17,7.09,7.64,7.12,7.23,6.24,7.33,7.25,7.13,7.09,7.13,7.34,7.52,7.29,7.59,7.36,7.4,7.41,7.33,7.2,7.51,7.37,7.25,6.19,7.51,7.38,7.48,7.38,7.71,6.9,7.5,7.69,7.56,7.55,7.73,6.21,7.62,7.5,7.36,7.17,7.41,6.39
BAZ2B,5.5,5.24,5.3,5.47,5.57,5.38,5.26,5.27,5.32,5.37,5.27,5.4,5.39,5.79,5.33,5.5,5.23,5.47,5.18,5.11,5.23,5.5,5.6,5.49,5.47,5.32,5.21,5.46,5.29,6.1,6.81,5.75,5.17,5.32,5.17,5.39,5.26,5.33,4.89,5.13,5.67,5.12,5.03,6.74,5.43,5.97,5.21,5.63,5.51,7.26
BAZ2B,3.87,4.02,4.15,4.06,3.97,3.87,4.29,4.08,3.92,4.02,3.87,3.83,3.71,5,4.31,4.08,4.16,4.1,3.91,4.11,4.29,4.13,4.11,4.61,4.5,4.37,4.35,3.9,4.42,4.51,5.63,3.83,4.49,4.13,3.9,4.08,4.44,3.94,4.05,4.32,4.37,4.48,4.52,4.04,4.21,5.36,4.56,4.15,3.76,4.56
BAZ2B,6.63,7.08,6.69,6.68,6.48,6.45,5.55,6.42,6.75,6.57,6.83,6.76,6.83,7.41,6.53,6.59,6.71,6.62,6.68,6.75,6.66,6.75,6.97,6.83,6.88,6.62,6.43,6.79,6.62,6.37,5.21,6.43,6.55,6.68,6.59,6.57,6.33,6.6,5.79,6.69,6.61,7.06,6.67,6.74,6.86,6.56,6.9,6.5,6.79,6.73
BBC3,7.26,6.87,7.26,7.08,7.04,7.03,6.42,7.54,7.15,7.25,6.7,7.45,7.43,5.29,8.2,8.39,8.15,7.4,7.19,7.35,7.89,8.06,7.77,8.24,8.27,8.37,7.2,7.42,7.18,4.98,5.09,5.72,8.09,8.3,8.35,8.34,8.28,8.39,7.88,7.65,7.75,7.64,7.65,6.61,7.54,7.7,7.76,7.75,7.29,6.28
BBC3,9.06,9.08,9.07,9.01,9.19,9.14,8.8,9.13,8.79,9.08,9.21,9.37,9.34,9.6,9.79,10.11,9.95,9,8.95,8.92,9.86,9.65,9.81,9.8,9.71,9.87,8.92,8.89,9.19,8.61,9.22,8.28,9.95,9.97,9.87,9.74,9.96,9.81,9.12,9.29,9.3,9.54,9.6,9.39,9.11,9.37,9.33,9.27,9.47,9.24
BBOX1,3.93,4.14,3.73,3.63,3.85,4.11,4.69,3.78,3.66,3.81,4.27,4.14,3.88,4.49,3.62,3.65,3.62,3.54,3.83,3.77,3.77,4.03,3.77,3.91,3.65,3.66,3.98,3.91,3.96,6.11,4.09,4.45,3.91,3.81,3.68,3.54,3.83,3.98,4.11,3.65,3.76,3.71,3.76,3.88,3.94,3.81,3.97,3.7,3.72,4.92
BBS1,8.01,8.23,8.38,8.24,8.28,8.31,8.37,8.52,7.95,8.3,8.48,8.23,8.13,7.49,8.79,8.78,8.76,8.3,8.32,8.34,8.59,8.52,8.76,8.71,8.97,8.93,8.15,8.3,8.13,8.64,6.94,8.86,8.53,8.52,8.45,8.86,8.85,8.75,7.57,8.67,8.41,8.68,8.91,8.45,8.24,8.17,8.36,8.59,8.57,8.31
BBS1,4.3,4.14,4.29,4.51,4.38,4.75,5.04,4.54,4.37,4.23,4.28,4.3,4.08,5.38,4.41,4.53,4.58,4.67,4.37,4.57,4.34,4.5,4.36,4.45,4.73,4.8,4.75,4.31,4.67,4.58,7.19,5.38,4.63,4.61,4.5,4.44,4.75,4.51,4.6,4.49,5.06,4.73,4.55,5.06,5.21,4.57,4.92,4.32,4.34,4.6
BBS1,3.89,3.71,4.04,3.84,3.89,3.86,3.92,4.06,3.9,3.72,3.76,3.87,3.81,4.17,3.91,3.91,3.83,3.77,4.16,4.01,3.98,3.72,3.85,3.99,3.97,4.05,4.33,3.81,3.67,4.13,4.09,4.11,4.14,4.43,4.02,3.98,4.08,4.63,4.28,4,3.83,4.35,4.2,4.06,4.2,3.87,3.95,3.99,3.94,3.84
BBS1,3.72,3.63,3.59,3.53,3.49,3.91,4.67,3.3,3.47,3.5,3.82,3.78,3.68,4.64,3.8,3.51,3.63,4.17,3.63,3.34,3.58,3.77,3.42,3.4,3.38,3.85,3.53,3.59,3.66,3.42,3.95,3.93,3.69,3.5,3.72,3.6,4,3.4,4.54,3.61,3.52,3.47,3.59,4.58,3.57,3.78,3.54,3.47,3.5,5.67
BBS1,4.62,4.43,4.49,4.5,4.42,4.55,5.18,4.8,4.22,4.67,4.44,4.64,4.57,5.2,4.78,4.83,4.64,4.79,4.56,4.47,4.56,4.64,4.79,4.74,4.82,4.87,4.89,4.64,4.43,5.49,6.85,4.9,4.72,4.88,4.81,4.61,4.55,4.55,5.02,4.97,4.66,4.91,4.98,5.18,4.76,4.63,4.44,4.69,4.58,6.76
BBS1 /// DPP3,4.98,4.78,5.22,4.85,4.9,5.21,4.99,5.6,4.62,4.79,4.8,4.82,4.6,5.65,4.85,5.07,4.94,5.07,4.96,5.35,5.45,5.26,4.8,4.87,5.11,4.91,4.88,5.13,4.83,5.41,4.56,6.31,5.28,4.74,5,5.03,4.99,5.4,4.54,5.05,5.33,5.2,5.01,5.59,4.98,5.12,4.28,4.99,4.75,4.9
BBS1 /// DPP3,5.18,4.88,5,5.28,4.93,4.84,5.22,5.3,5.09,5.37,4.82,5.06,5.13,5.08,5.54,5.46,5.42,5.5,5.05,5.07,5.24,5.28,5.12,5.62,5.47,5.34,5.24,5.22,5.13,6.22,5.79,5.18,5.14,5.33,5.38,5.39,5.72,5.55,5.88,5.44,5.21,4.81,5.57,5.36,4.82,4.76,4.8,5.54,5.21,6.4
BBS1 /// DPP3,6.93,6.63,6.96,6.9,6.7,6.67,6.81,7,6.89,6.94,6.65,6.8,6.89,7.64,6.88,6.64,7.08,6.86,7,6.99,6.96,6.68,6.72,6.99,6.92,7.05,6.78,6.94,6.54,6.29,8.07,6.91,6.83,6.82,7.3,7.2,6.62,7.22,6.65,6.77,6.77,6.69,6.78,7.86,6.56,6.72,6.7,6.89,6.54,8.01
BBS10,8.27,8.52,8.2,8.53,8.43,7.95,8.21,8.06,8.48,8.33,8.5,8.56,8.57,8.97,8.31,8.13,8.18,8.53,8.53,8.57,8.26,8.58,8.45,8.23,8.33,8.18,7.96,8.42,8.34,7.67,7.47,8.23,7.8,7.82,7.78,8.34,7.93,8.1,7.76,8.2,8.19,8.3,8.33,8.37,8.32,8.29,8.81,8.42,8.32,8.45
BBS10,6.73,6.61,6.47,6.68,5.85,5.41,5.43,6.19,6.77,6.84,6.34,6.78,6.85,5.26,6.34,6.39,6.53,6.6,6.93,7.23,6.48,6.37,6.15,6.57,6.51,6.42,6.4,6.63,5.81,5.31,5.14,4.95,6.14,6.23,5.88,6.04,5.15,6.28,4.37,6.47,6.17,5.94,5.86,4.7,6.42,6.22,6.63,6.31,6.53,4.93
BBS12,7.86,7.64,7.85,7.97,8.03,7.77,8.07,7.61,7.88,7.99,7.88,7.89,7.83,6.85,7.88,7.9,7.83,8.29,8.32,8.32,7.78,7.91,7.57,7.8,7.84,7.88,7.99,7.88,7.73,8.28,7.04,6.98,7.63,7.63,7.56,7.87,7.94,7.79,7.52,7.45,7.6,8.18,8.03,7.94,7.36,7.06,7.09,7.86,7.76,7.01
BBS12,5.34,5.27,5.41,5.65,4.95,4.62,5.14,5.79,5.58,5.54,5.26,5.82,5.11,5.37,5.6,5.37,5.42,6.42,6.32,6.34,5.51,5.1,5.35,5.66,5.44,5.7,5.92,5.44,5.24,5.44,4.93,4.39,4.93,4.85,5.26,5.74,5.43,5.88,4,5.53,5.24,6.14,6.08,5.99,5.17,4.64,5.19,5.62,5.73,5.63
BBS2,7.6,7.99,7.46,7.66,7.54,7.58,6.71,7.64,7.79,7.65,8.01,7.79,7.87,5.87,7.55,7.34,7.77,7.69,7.78,7.69,7.69,7.74,7.93,7.76,7.7,7.7,7.8,7.67,7.88,6.62,5.96,6.34,7.54,7.43,7.4,7.84,7.46,7.75,7.12,7.62,7.62,7.96,7.66,6.71,7.26,7.5,7.33,7.7,8.04,6.14
BBS4,7.69,7.8,7.86,7.73,7.85,8.07,7.61,7.85,7.8,7.84,7.97,7.67,7.54,7.73,8.52,8.51,8.59,8,7.98,8.08,8.26,8.29,8.19,8.54,8.53,8.38,7.82,7.77,7.78,7.02,7.49,6.74,8.24,8.25,8.46,8.46,8.25,8.21,7.43,7.83,8.02,7.82,8.08,7.42,8.14,7.9,7.99,7.69,7.67,7.13
BBS4,6.66,6.3,6.76,6.64,6.48,6.68,6.47,6.8,6.52,6.82,6.34,6.43,6.34,5.68,7.47,7.31,7.23,7.18,6.83,6.83,7.29,6.91,6.67,7.34,7.28,7.43,6.71,6.5,6.52,7.15,7.83,5.89,7.19,7.07,7.23,7.37,7.34,7.12,7.3,7.04,6.75,6.94,6.95,5.62,6.94,6.49,6.67,6.87,6.64,6.82
BBS5,5.09,4.9,5.42,5.07,5.38,5.17,5.35,5.65,5.19,5.06,5.25,5.15,5.1,5.24,5.52,5.55,5.68,5.37,5.33,5.61,5.04,5.07,4.9,5.7,5.24,5.3,5.25,5.71,5.61,5.42,5.99,5.06,5.37,5.47,5.29,5.7,6.15,5.99,4.54,5.17,5.4,5.03,5.32,6.35,5.21,5.56,5.01,5.44,5.15,6.04
BBS7,5.09,5.13,4.95,4.9,4.67,4.75,4.84,4.73,5.29,5.2,4.81,5.08,5.49,4.91,5.14,5.19,5.18,4.85,4.96,5.21,5.33,5.27,5.12,4.97,5.39,5.22,4.65,4.87,4.9,5.23,4.73,4.61,5.01,5.14,4.74,4.94,4.89,5.18,5.06,4.84,5.27,4.88,4.76,5.05,4.99,4.73,5.02,5.04,5.24,4.62
BBS7,6.41,6.64,6.25,6.35,6.13,6.25,6.04,6.41,6.51,6.26,6.7,6.55,6.44,6.09,6.87,6.58,6.76,6.14,6.35,6.41,6.64,6.48,6.77,6.63,6.55,6.59,6.15,6.46,6.23,5.57,4.02,6.02,6.65,6.25,6.6,6.62,6.1,6.48,6.09,6.47,6.43,6.31,5.81,6.57,5.98,6.29,6.22,6.67,6.55,6.24
BBS7,8.07,8,8.01,8.26,7.76,7.85,7.15,8.05,8.09,8.15,8.03,8.34,8.19,7.91,8.27,8.18,8.18,7.98,8,8.32,8.19,8.55,8.31,8.4,8.32,8.25,7.92,8.06,7.89,7.07,6.9,7.49,7.88,7.86,7.85,8.07,7.5,8.07,7.83,8.08,7.92,7.95,7.87,6.67,7.59,7.51,7.7,7.99,8.06,6.42
BBS9,6.68,6.65,6.94,6.78,7.2,7.19,7.44,6.55,6.82,7.07,7.31,6.96,6.85,6.61,7.08,6.92,6.79,7.16,7.1,7.12,6.81,7,7.15,7.03,7.2,7.2,7.1,6.97,7.02,6.49,6.48,6.74,6.52,6.44,6.49,7.1,6.4,6.82,7.3,6.89,7.02,7.03,7.06,6.57,7.22,6.99,6.83,7.14,7.25,7.04
BBS9,5.96,5.54,5.75,6.09,5.34,5.98,5.01,6.19,6.1,5.86,5.81,6.17,5.77,6.06,6.16,6.35,6.01,6.38,6.23,6.17,6.11,5.8,5.59,6.37,6.05,6.31,5.79,6.09,5.66,4.98,6.9,5.73,5.55,5.78,5.72,6.09,5.77,6.22,5.51,5.87,5.57,5.27,5.49,7.26,5.83,5.72,5.82,5.98,5.85,5.54
BBS9,5.37,4.87,5.19,5.27,5.54,5.03,4.68,5.28,5.16,5.28,4.91,5.26,5.09,5.22,5.38,5.37,5.21,5.37,5.36,5.34,4.82,5.72,5.04,5.42,5.62,4.83,5.04,5.12,4.74,4.77,4.57,5.75,5.22,5.08,5.15,5.09,5.01,5.18,5.3,4.88,5.16,4.81,4.75,5.85,5.18,4.86,5.2,5.26,4.94,5.36
BBX,8.02,7.99,7.77,7.78,7.63,8.09,7.52,8.08,7.78,8.05,8.04,7.27,7.62,6.57,8.02,8.18,7.97,8.1,8.21,8.21,7.94,8.06,7.88,8.06,7.95,8.09,8.05,8.07,7.9,7.22,6.85,6.76,8.05,7.77,8.12,8.13,7.93,7.8,7.39,8.13,7.9,8,8.02,7.4,7.86,8.14,8.35,7.84,7.38,7.59
BBX,7.46,7.53,7.41,7.52,7.58,7.16,6.72,7.44,7.48,7.63,7.81,7.34,7.26,6.05,7.3,7.34,7.3,7.78,7.88,7.87,7.12,7.33,7.31,7.44,7.3,7.22,7.39,7.55,7.2,7.55,7.84,5.96,7.09,7.31,7.09,7.34,7.17,7.51,4.95,7.48,7.22,7.81,7.71,6.8,7.58,7.59,7.5,7.54,7.42,6.66
BBX,6.41,6.42,6.31,6.14,6.38,6.59,5.82,6,6.58,6.5,5.99,5.96,5.95,4.53,6.62,6.31,6.7,6.77,6.7,6.72,6.18,6.31,6.29,6.62,6.31,6.77,6.62,6.23,6,4.54,6.76,4.01,6.72,6.09,6.69,6.67,6.51,6.05,5.76,6.18,6.54,6.25,6.1,4.85,6.77,6.19,6.7,6.08,5.62,4.8
BBX,8.37,8.39,8.27,7.8,7.89,8.35,8.6,8.32,8.43,8.25,8.23,7.98,7.47,6.78,8.5,7.99,8.7,8.61,8.7,8.79,8.34,8.21,8.15,8.45,8.33,8.3,8.18,8.15,7.6,6.41,6.09,6.56,8.46,7.96,8.52,8.71,8.43,7.96,7.44,8.45,8.22,7.81,7.87,5.5,8.22,8.42,8.37,7.94,7.25,7.55
BBX,8.1,7.91,7.95,7.87,7.86,7.82,8,7.94,8.02,8.16,8.18,7.98,7.8,6.99,8.27,8.19,8.09,8.25,8.13,8.44,8.03,7.99,8.04,7.91,8.01,7.92,7.85,8.01,7.77,7.06,7.8,6.68,7.98,7.97,8.08,8.21,8.01,7.75,7.02,8.07,8.07,7.9,8.13,7.32,8,8.26,8.12,7.91,7.76,7.03
BBX,7.96,7.79,7.95,7.59,7.75,8.31,8.76,7.94,8.13,7.89,8.01,7.64,7.52,5.34,8.09,8.08,8.06,8.15,8.31,8.34,8.02,7.95,8.22,8.08,8.03,8.06,8.08,7.98,8.14,7.41,6.13,7.1,8.21,7.87,8.21,8.16,7.97,7.58,7.71,7.99,8.1,7.78,8.1,5.6,7.94,8.31,8.12,7.63,7.64,7
BCAM,5.25,5.07,5.26,5.63,5.61,5.19,5.19,5.92,5.26,5.26,5.51,5.06,5.11,6.44,5.39,5.89,5.21,5.45,5.38,5.15,5.59,5.4,5.15,5.64,5.53,5.25,5.26,5.44,5.34,5.82,7.02,7.23,5.43,5.63,5.79,5.25,5.3,5.98,5.85,5.03,5.55,5.42,5.55,5.98,5.27,5.09,5.47,5.85,5.65,5.3
BCAM,3.74,3.95,4.03,3.76,3.89,4.3,3.68,3.9,3.74,3.99,3.89,3.8,3.92,5.49,3.86,3.94,4,4.12,3.77,3.83,4.21,4.16,3.82,3.96,3.82,3.81,4.11,3.95,3.94,4.66,4.67,6.38,3.9,3.97,4.05,3.87,4.19,3.68,3.86,3.69,4.33,3.89,4.1,4.33,3.87,3.89,4.13,3.94,3.85,4.44
BCAN,4.22,4.12,4.36,4.2,4.45,4.07,4.47,4.39,4.22,4.39,4.52,4.29,4.24,4.96,4.12,4.15,3.99,4.72,4.43,4.18,4.24,4.33,4.27,4.33,4.2,4.13,4.05,4.18,4.23,4.5,5.06,5.12,4.35,4,4.47,4.13,4.54,4.46,4.29,4.31,4.44,4.24,4.09,4.51,4.42,4.21,4.31,4.48,4.13,4.54
BCAN,3.57,3.61,3.66,3.69,3.71,3.65,3.54,3.5,3.66,3.63,3.68,3.65,3.86,4.14,3.74,3.81,3.58,3.75,3.94,3.64,3.55,3.8,3.66,3.99,3.5,3.91,3.64,3.92,3.72,4.44,4.63,5.28,3.7,3.78,3.55,3.46,3.42,3.43,3.66,3.56,3.54,3.52,3.63,3.64,3.44,3.67,4.01,3.83,3.86,3.83
BCAP29,8.96,9.19,8.71,8.78,8.49,8.53,8.04,8.65,9.02,8.9,8.87,8.97,8.87,7.45,8.82,8.6,8.94,8.57,8.61,8.8,8.71,8.7,8.93,8.58,8.87,8.92,8.77,8.79,8.7,7.24,6.84,6.9,8.84,8.85,8.71,8.89,8.58,8.64,7.76,8.6,8.7,8.37,8.14,7.09,8.58,8.43,8.66,8.72,8.79,8.13
BCAP29,8.88,9.14,8.87,8.82,8.36,8.76,8.39,8.78,8.98,8.89,8.81,8.83,8.7,6.91,8.9,8.59,8.9,8.67,8.6,8.77,8.85,8.67,8.83,8.85,8.94,8.79,8.83,8.8,8.68,7.37,5.12,7.07,8.94,8.75,8.82,8.91,8.61,8.87,8.43,8.78,8.92,8.32,8.51,6.91,8.89,8.31,8.72,8.71,8.77,6.99
BCAP29,3.93,4.19,4.25,4.31,4.44,4.41,4.38,4.44,4.16,4.15,4.26,4.15,4.21,4.65,3.85,4.49,3.88,4.23,4.13,3.98,4.05,4.11,4.4,3.98,4.12,4.15,4.39,4.05,4.11,4.34,5.55,4.27,4.13,4.15,4.01,4.07,4.5,4.15,4.84,4.31,4.31,4.49,4.36,4.58,4.3,4.52,4.02,4.47,4.37,5.05
BCAP29,9.52,9.71,9.35,9.38,9.16,9.21,8.88,9.32,9.6,9.44,9.37,9.45,9.55,9.53,9.57,9.44,9.56,9.4,9.45,9.32,9.3,9.37,9.51,9.4,9.42,9.4,9.28,9.4,9.34,8.9,6.78,8.27,9.37,9.38,9.27,9.51,9.29,9.29,8.81,9.19,9.19,9.26,9.14,8.84,9.33,9.29,9.17,9.11,9.29,8.16
BCAP29,5.56,5.69,5.61,5.64,5.19,6.19,5.87,5.62,5.53,5.68,5.75,5.66,5.19,5.6,5.66,5.54,5.66,5.53,5.74,5.62,5.38,5.52,5.76,5.95,5.62,5.2,5.61,5.59,5.83,5.85,5.09,6.42,5.51,5.17,5.34,5.64,5.16,5.48,6.18,5.77,5.55,5.87,5.95,6.81,5.86,5.42,5.96,5.17,5.72,5.94
BCAP29,7.41,7.21,7.41,7.55,7.2,7.37,7.11,7.16,7.48,7.45,7.44,7.31,7.05,5.48,7.44,7.58,7.58,7.46,7.37,7.46,7.09,7.27,7.28,7.3,7.39,7.61,7.51,7.37,7.53,6.99,6.03,5.01,7.36,7.34,7.33,7.65,7.22,7.66,7.01,7.38,7.27,7.39,7.39,5.97,7.46,7.65,7.45,7.52,7.35,5.6
BCAP29,9.11,9.14,8.76,8.79,8.54,8.61,8.27,8.77,8.95,9.12,8.98,9.03,9.07,8.94,9.02,8.83,9.15,8.75,8.85,8.97,8.87,8.82,8.77,8.84,8.89,8.98,8.92,9.11,8.79,7.97,8.96,9.14,9.06,9.1,8.99,9,8.8,9.01,8.41,8.69,8.83,8.64,8.35,8.84,8.78,8.69,8.78,8.89,8.73,8.75
BCAP29,8,8.02,7.96,7.75,7.81,7.68,7.08,8.01,8.02,7.87,7.93,8.07,7.82,7.03,7.93,7.69,8.08,7.84,7.82,7.84,7.74,7.67,7.68,8,7.82,8,7.87,7.98,7.81,7.25,7.83,7.45,7.94,7.77,8.02,7.98,7.92,8.09,8.13,7.95,7.9,7.66,7.29,6.41,7.99,7.53,7.79,7.73,7.8,7.01
BCAP29,5.78,5.6,6.15,6.14,6.48,5.85,6.17,6.06,6.07,5.94,6.33,5.35,5.59,4.74,5.96,5.62,5.94,6.13,6.06,5.92,5.76,5.73,5.93,5.91,6.11,5.9,5.89,6.13,5.74,6.01,5.91,7.08,5.98,5.89,5.54,5.98,6.26,6.22,5.17,5.95,5.99,6.41,6.16,4.97,6.05,6.23,6.32,5.83,5.71,5.91
BCAP29,5.12,5.02,4.6,4.98,5.94,5.54,4.91,5.01,4.96,4.78,5.04,5.19,5.19,6.07,5.51,5.03,5.02,5.21,4.62,5.16,4.95,4.87,4.89,4.74,5.5,4.54,5.45,4.66,4.95,6.06,5.82,5.08,4.8,5.13,5.11,5.41,5.46,5.08,5.34,5.25,4.51,5.09,5.56,5.43,5.41,5.31,4.92,4.98,4.89,5.13
BCAP29,4.58,4.87,4.57,4.58,4.39,4.59,4.61,4.28,4.82,4.7,4.65,4.7,4.44,4.98,4.55,4.84,4.3,4.51,4.34,4.62,4.56,4.77,4.56,4.69,4.42,4.51,4.4,4.92,4.35,5.63,5.49,5.12,4.45,4.42,4.81,4.59,4.12,4.56,4.55,4.55,4.37,4.68,4.85,5.37,5.21,5.11,4.53,4.58,4.06,5.42
BCAP31,11.28,10.97,11.39,11.37,11.57,11.51,11.38,11.35,11.24,11.23,11.38,11.39,11.23,11.15,11.45,11.4,11.36,11.44,11.35,11.29,11.17,11.31,11.33,11.51,11.47,11.35,11.36,11.38,11.32,11.51,11.39,11.52,11.14,11.09,11.24,11.48,11.39,11.48,11.6,11.52,11.46,11.26,11.22,11.32,11.29,11.31,11.33,11.35,11.27,11.38
BCAP31,10.74,10.63,10.87,10.73,10.84,10.83,10.77,10.79,10.77,10.72,10.52,10.79,10.71,10,10.94,10.78,10.88,10.77,10.86,10.71,10.79,10.74,10.68,10.86,10.82,10.68,10.82,10.8,10.8,10.87,10.39,10.57,10.61,10.55,10.62,10.8,10.78,10.87,10.96,10.99,10.83,10.57,10.75,10.36,10.8,10.73,10.72,10.88,10.84,10.36
BCAP31,11.35,11.13,11.41,11.37,11.49,11.43,11.09,11.33,11.33,11.34,11.27,11.43,11.29,11.16,11.52,11.46,11.48,11.4,11.39,11.39,11.19,11.3,11.29,11.52,11.59,11.39,11.36,11.5,11.32,11.4,10.96,11.46,11.13,11.18,11.32,11.48,11.3,11.53,11.42,11.56,11.44,11.21,11.32,11.16,11.26,11.33,11.35,11.42,11.35,11.37
BCAP31,11.73,11.55,11.81,11.8,12.13,11.97,11.58,11.75,11.74,11.7,12,11.85,11.64,11.95,11.98,11.88,11.86,11.85,11.81,11.76,11.53,11.78,11.82,11.96,11.99,11.79,11.78,11.95,11.81,11.78,11.87,11.91,11.57,11.59,11.74,12,11.82,11.91,11.96,11.9,11.94,11.74,11.69,12.21,11.73,11.75,11.85,11.92,11.76,12.26
BCAR1,5.14,5.17,5.48,5.29,6.08,5.75,5.21,5.29,5.17,5.11,5.36,5.21,5.1,5.82,5.24,5.39,5.31,5.31,5.36,5.47,5.63,5.58,5.47,5.47,5.28,5.3,5.45,5.3,5.33,5.74,5.63,5.06,5.2,5.24,5.57,5.46,5.17,5.58,5.71,5.64,5.57,5.83,5.76,5.34,5.6,5.32,5.69,5.55,5.38,5.52
BCAR1,4.75,4.86,4.78,4.85,5.14,5,5.13,5.09,4.53,4.34,4.92,4.8,4.44,5.67,4.58,4.97,5,5.07,5.05,5.03,4.87,4.86,4.92,4.84,4.7,4.63,4.94,4.92,4.72,4.4,7.29,4.43,4.81,4.94,4.52,4.96,5.11,4.86,5.24,4.86,4.96,5.37,5.31,6.13,5.28,4.95,5.26,4.78,5.07,4.9
BCAR1,4.57,4.44,5.28,4.86,5.77,4.85,5.17,5.26,4.85,4.72,4.97,4.36,4.34,5.11,4.77,5.04,5.08,4.92,4.91,4.83,5.43,4.62,4.88,4.66,4.96,5.09,4.82,4.88,4.87,5.03,6.15,5.26,5.16,5.21,5.08,4.82,4.8,5.11,4.99,5.64,5.32,4.89,5.18,5.16,5.37,4.7,4.81,4.93,4.98,6.18
BCAR1,5.2,5.51,5.62,5.64,5.92,5.22,5.74,5.61,5.4,5.26,5.54,5.35,5.22,5.79,5.33,5.59,5.27,5.51,5.27,5.62,5.73,5.55,5.67,5.72,5.65,5.19,5.54,5.39,5.65,6.5,6.71,5.29,5.36,5.23,5.56,5.4,5.2,6.03,5.86,5.64,5.49,5.94,5.72,5.75,6.15,5.69,5.86,5.67,5.32,5.51
BCAR1,5.15,5.31,5.37,5.31,5.89,5.71,5.71,5.53,5.42,5.44,5.43,5.26,5.15,5.48,5.3,5.41,5.51,5.33,5.57,5.55,5.47,5.29,5.42,5.51,5.58,5.28,5.55,5.4,5.67,6.61,6.39,5.9,5.26,5.45,5.55,5.51,5.55,5.37,5.28,5.76,5.79,5.95,6.1,5.57,5.89,5.37,5.84,5.59,5.65,5.84
BCAR3,4.01,4.1,4.11,3.87,3.66,3.94,3.74,3.47,3.59,3.74,3.82,3.8,3.78,4.72,3.55,3.44,3.55,3.69,3.57,3.62,4.02,3.58,3.72,3.65,3.95,3.83,3.76,3.89,3.98,3.71,4.25,4.58,3.81,3.74,4.35,3.48,3.53,3.81,3.69,3.63,3.98,3.79,4.53,4.47,3.87,4.03,3.85,3.85,3.47,3.75
BCAR3,5.26,4.88,4.6,5.15,4.77,5.14,5.67,4.77,5.18,5.17,5.12,5.04,5.44,4.69,4.56,4.23,4.51,4.57,4.63,4.6,5.38,5.25,5.68,4.79,5.05,5.18,5.18,5.16,5.22,5.59,6.2,5,5.43,5.1,5.34,4.93,4.89,4.68,4.79,5.19,4.67,5.56,5.5,4.79,5.04,5.5,4.66,5.07,5.57,4.62
BCAS1,5.14,5.13,4.93,5.01,4.91,5.53,4.65,5.6,5.01,5,4.96,4.91,5.03,5.04,4.84,4.54,4.56,4.78,5.11,4.98,5.1,5.03,5.23,5.35,4.94,5.01,5.3,5,5.63,4.65,4.81,5.63,4.61,5.03,4.8,4.84,5.07,5.28,6.28,5.04,5.49,5.46,5.58,5.37,6.35,6.82,7.2,5.22,5.43,5.75
BCAS1,3.82,3.93,3.76,3.78,3.54,3.47,4.04,3.57,3.74,3.55,3.81,3.89,3.8,4.69,3.57,3.52,3.53,3.74,3.93,3.56,3.68,3.7,3.72,3.58,3.6,3.6,3.61,3.62,3.78,3.94,4.85,5.71,4.09,3.82,3.7,3.6,3.75,3.56,3.86,3.65,3.55,3.54,3.61,4.46,3.85,4.22,3.82,3.82,3.75,3.88
BCAS1,3.85,3.82,4.12,3.7,4.03,4.2,5.59,4.24,3.88,3.93,3.63,3.7,3.86,4.6,3.79,3.77,3.76,4.08,3.81,3.89,4.01,3.99,3.68,3.88,4.44,3.59,4.06,4.01,4.03,4.78,5.04,4.33,3.8,3.79,3.9,4.04,3.9,3.94,3.91,4.32,4.13,4.04,3.86,4.44,4.32,5.41,4.67,3.99,4.2,4.03
BCAS1,4.72,4.38,4.43,4.96,4.84,4.75,4.62,5.48,4.77,4.67,4.85,4.56,4.47,4.51,4.65,4.74,4.73,4.47,4.63,4.73,4.51,4.86,4.4,4.92,4.52,4.86,4.95,4.59,4.9,4.15,4.66,7.21,4.53,4.64,4.82,4.69,4.42,4.78,3.92,4.61,4.95,4.66,4.87,4.56,4.83,5.41,4.73,4.53,4.66,5.95
BCAS1,4.61,4.52,4.66,4.66,4.5,4.77,3.93,5.33,4.38,4.38,4.61,4.18,4.5,4.57,4.36,4.46,4.45,4.6,4.58,4.31,4.48,5.05,4.51,4.57,4.36,4.1,4.78,4.99,4.82,4.52,5.1,5.3,4.46,4.4,4.33,4.88,4.28,4.19,4.68,4.51,4.54,4.57,4.35,4.92,5.83,6.57,6.29,4.85,4.69,4.16
BCAS1,4.04,3.99,4.22,4.47,3.98,4.24,4.49,4.41,3.94,4.06,4.9,4.15,4.05,4.05,4.01,3.98,4.23,4.49,4.29,4.22,4.25,4.5,4.14,4.13,4.03,4.59,4.14,4.4,4.13,4.11,4.28,4.03,4.12,4.09,4.33,4.43,4.05,3.95,4.03,4.5,4.21,5.26,3.99,4.2,4.08,4.22,4.12,3.92,4.05,5.25
BCAS2,10.04,10.12,9.86,9.79,9.71,9.75,9.61,9.65,10.36,9.86,9.74,10.02,10.32,9.72,10.18,10.26,10.18,9.96,9.89,9.97,10.15,9.99,9.92,9.8,9.98,10.26,9.92,9.9,9.97,10.15,9.43,9.17,10.29,10.31,10.07,9.97,10.08,9.97,9.97,9.77,9.88,9.55,9.68,9.14,9.93,9.78,9.83,10.08,10.14,9.25
BCAS3,7.44,7.27,7.56,7.25,7.57,7.83,7.98,7.72,7.36,7.61,7.43,7.44,7.24,5.97,7.77,7.66,7.24,7.85,7.74,7.73,7.92,7.94,7.53,7.98,7.99,7.88,7.5,7.66,7.73,7.43,4.55,6.63,7.57,7.65,7.44,7.82,7.56,7.75,7.7,7.65,7.65,8.38,7.95,6.66,7.56,8.1,8.27,7.67,7.48,6.65
BCAS3,8.16,8.06,8.25,8.02,8.52,8.28,8.11,8.12,8.11,8.18,8.4,8.09,7.97,7.46,8.48,8.44,8.46,8.43,8.42,8.41,8.5,8.42,8.46,8.72,8.58,8.62,8.33,8.24,8.14,7.38,7.4,7.02,8.3,8.21,8.38,8.61,8.49,8.47,7.68,8.44,8.28,8.49,8.62,8.29,9.08,9.15,9.02,8.15,8.15,7.3
BCAS4,7.29,6.98,7.46,7.49,7.8,7.78,8.16,7.38,7.19,7.24,7.28,7.46,7.2,8.21,8.03,8.19,7.89,7.85,7.93,7.78,7.66,7.7,7.48,8,7.83,7.98,7.55,7.5,7.31,7.52,8.43,8.49,8.04,8.24,8.14,8.35,8.22,8.3,7.43,7.62,7.72,7.76,8.04,8.44,7.31,7.73,7.49,7.55,7.4,8.43
BCAS4,7.14,7.04,7.16,7.29,7.79,7.55,7.07,7.48,7.17,7,7.32,7.44,7.3,7.46,7.98,7.94,7.96,7.54,7.53,7.37,7.61,7.53,7.46,7.88,7.67,7.72,7.1,7.28,7.07,7.2,7.89,8.25,8.08,7.92,8.12,8.13,8.14,8.02,7.88,7.41,7.4,7.34,7.52,8.02,7.25,7.41,6.99,7.3,7.33,7.62
BCAS4,7.12,7.06,7.36,7.16,7.89,7.83,7.29,7.59,7.21,7.07,7.25,7.39,7.18,7.88,8.05,8.12,8.03,7.88,7.71,7.67,7.41,7.69,7.61,8.12,8.05,8,7.33,7.16,7.35,6.09,8.16,7.52,8.14,7.98,8.25,8.37,8.34,8.23,7.63,7.33,7.19,7.52,7.56,8.18,7.23,7.4,7.21,7.48,7.23,8.52
BCAT1,11.13,11.29,11.16,11.25,10.97,11.13,10.92,10.84,11.3,11.15,11.22,11.09,11.16,10.29,10.6,10.6,10.56,11.12,11.21,11.22,10.61,10.67,10.73,10.39,10.46,10.55,11.07,11.01,11.01,11.47,9.2,9.86,10.35,10.31,10.4,10.58,10.63,10.55,10.91,11.04,11.14,11.15,11.35,10.47,10.96,10.91,10.87,11.18,11.17,9.9
BCAT1,8.28,8.38,8.27,8.23,7.68,8.13,7.99,7.91,8.34,8.16,8.11,8.09,8.49,6.79,7.45,7.51,7.66,8.09,8.21,8.07,7.73,7.47,7.8,7.53,7.34,7.64,8.13,7.99,8.18,6.85,6.89,8.09,7.79,7.38,7.51,7.57,7.63,7.54,7.99,8.37,8.22,7.72,8.09,8.19,8.05,7.89,7.91,8.32,8.36,8.55
BCAT1,7.61,7.18,7.58,7.68,7.5,6.97,6.99,7.56,7.54,7.67,7.09,7.59,7.52,6.8,7.04,6.93,6.93,7.65,7.49,7.61,6.85,6.86,6.62,7.1,7.12,6.88,7.61,7.48,7,6.91,5.07,6.53,6.85,6.96,7.07,7.07,6.93,7.27,7.31,7.81,7.5,7.18,7.13,7.16,7.22,6.75,7.22,7.63,7.57,7.64
BCAT1,8.79,8.6,8.69,8.81,8.51,8.39,7.81,8.5,9.11,8.78,8.74,8.84,8.94,8.73,8.11,7.92,7.96,8.63,8.76,8.83,8.13,8.19,8.1,8.18,7.96,8.03,8.64,8.72,8.63,6.7,7.86,7.38,7.91,7.88,8.08,8.18,8.04,8.16,7.94,8.94,8.92,8.39,8.57,8.14,8.54,8.46,8.26,8.77,8.92,8.51
BCAT1,8.63,8.44,8.66,8.57,8.37,8.12,8.67,8.49,8.66,8.59,8.4,8.56,8.31,7.2,7.89,7.66,7.79,8.52,8.36,8.51,7.8,7.74,7.72,7.82,7.81,7.77,8.41,8.42,7.97,7.81,6,6.25,7.68,7.79,7.92,8.06,7.75,7.94,9.21,8.79,8.71,8.1,8.16,7.4,8.37,8.22,8.16,8.63,8.62,7.23
BCAT2,10.33,10.36,10.53,10.51,10.72,10.54,10.66,10.57,10.4,10.43,10.45,10.4,10.31,8.96,10.25,10.26,10.32,10.57,10.51,10.49,10.35,10.26,10.25,10.3,10.15,10.32,10.57,10.42,10.57,10.18,8.64,9.34,10.23,10.25,10.29,10.22,10.47,10.35,10.86,10.48,10.53,10.43,10.49,8.8,10.54,10.44,10.41,10.52,10.5,9.74
BCCIP,7.6,7.42,7.73,7.51,7.46,7.65,7.18,7.81,7.48,7.5,7.08,7.61,7.44,6.82,6.63,6.71,6.98,7.78,7.98,7.82,6.78,6.86,7.02,7.23,6.77,6.93,7.57,7.52,7.56,7.36,5.98,6.62,6.31,6.64,6.35,6.91,6.64,6.9,7.8,7.4,7.66,7.64,7.53,6.33,7.4,7.55,7.37,7.7,7.66,5.66
BCCIP,6.94,7.1,6.51,6.96,6.65,6.29,7.18,6.94,6.99,7.13,6.76,6.93,7.07,6.4,6.51,6.33,6.57,7.21,6.57,7.05,6.61,6.96,6.87,6.46,6.21,6.67,7.23,6.94,6.87,6.75,6.7,6.23,6.37,6.3,6.2,6.65,6.17,6.47,6.59,6.36,6.47,6.73,6.8,6.2,6.68,6.65,6.54,6.82,6.85,6.71
BCCIP,8.95,8.86,8.63,8.71,8.43,8.68,9.04,8.97,8.93,8.85,8.64,8.88,9.01,6.42,8.53,8.35,8.49,8.92,8.96,9.02,8.64,8.52,8.52,8.54,8.48,8.63,8.93,8.84,8.85,7.84,4.19,6.64,8.45,8.3,8.21,8.3,8.43,8.55,8.51,8.82,8.84,8.48,8.46,7.37,8.72,8.72,8.69,9.02,8.88,7.12
BCCIP,9.72,9.74,9.65,9.72,9.47,9.6,9,9.58,9.74,9.72,9.68,9.6,9.63,8.46,9.53,9.38,9.67,9.76,9.93,9.81,9.26,9.35,9.42,9.43,9.31,9.39,9.68,9.68,9.58,8.89,7.09,8.52,9.61,9.5,9.5,9.63,9.38,9.57,9.25,9.36,9.45,9.08,9.2,8.8,9.43,9.27,9.37,9.7,9.56,7.42
BCCIP,9.29,9.41,9.3,9.42,9.11,9.37,8.48,9.16,9.49,9.34,9.3,9.31,9.37,8.27,9.05,8.9,9.1,9.68,9.67,9.67,9.25,9.27,9.16,9,8.99,9.1,9.45,9.43,9.25,8.79,6.26,7.33,8.34,8.31,8.65,8.95,8.8,9.05,9.31,9.62,9.59,9.36,9.27,8.52,9.16,9.38,9.27,9.66,9.65,8.27
BCCIP,7.09,6.8,7,7.11,6.55,6.86,7.11,7.26,7.23,7.27,6.9,7.1,7.09,7.53,6.3,6.29,6.45,7,7.3,7.28,6.26,6.5,6.08,6.38,6.5,6.4,6.86,6.86,6.53,6.02,5.61,6.88,6.06,6.13,6.09,6.36,5.85,6.56,5.33,6.9,6.62,6.46,6.63,7.85,6.54,6.78,7.02,7.15,6.72,8.42
BCDIN3D,7.43,7.55,7.6,7.76,7.86,7.41,7.3,7.66,7.71,7.7,7.61,7.6,7.63,7.22,7.21,7.32,7.39,8.07,8.01,7.87,7.41,7.41,7.16,7.14,7.22,7.44,7.75,7.71,7.63,6.71,5.86,6.15,7.2,7.34,7.4,7.46,7.58,7.61,6.18,7.57,7.59,7.77,8.07,5.5,7.14,7.37,7.12,7.59,7.58,6.18
BCDIN3D,4.03,3.84,4.23,4.17,3.86,4.12,4.44,3.98,3.88,3.9,4,3.89,3.82,4.17,3.93,4.08,3.83,4.05,4.21,4.34,3.86,4.08,3.75,3.9,4.03,3.74,4.08,3.96,4,5.09,5.02,5.03,3.73,3.76,3.95,4.02,3.92,4.41,4.36,4.12,4.21,4.05,3.92,4.94,3.85,4.31,3.8,4.24,4.2,4.46
BCHE,3.34,3.88,3.58,3.59,3.66,3.42,3.38,3.31,3.48,3.38,3.5,3.47,3.54,4.26,3.51,3.44,3.37,3.35,3.45,3.44,3.5,3.61,3.66,3.39,3.77,3.49,3.44,3.52,3.73,3.85,3.33,4.71,3.38,3.31,3.64,3.3,3.21,3.34,4.74,3.22,3.28,3.84,3.64,3.9,3.46,3.47,3.61,3.2,3.51,4.72
BCHE,3.34,3.47,3.43,3.56,3.31,3.5,3.92,3.38,3.47,3.48,3.57,3.51,3.57,4.83,3.45,3.47,3.55,3.32,3.46,3.54,3.26,3.26,3.56,3.49,3.38,3.18,3.4,3.36,3.39,3.89,3.55,4.45,3.8,3.44,3.57,3.27,3.32,3.33,3.81,3.37,3.17,3.73,3.42,4.03,3.35,3.5,3.45,3.52,3.44,4.86
BCKDHA,7.47,7.3,7.63,7.58,7.86,7.87,7.25,7.51,7.46,7.44,7.52,7.27,7.28,6.89,7.34,7.46,7.47,7.8,7.78,7.68,7.31,7.6,7.65,7.61,7.72,7.59,7.54,7.35,7.54,7.48,8.39,6.79,6.96,6.97,6.96,7.65,7.69,7.56,7.67,7.71,7.73,7.93,8.07,6.67,7.76,7.49,7.73,7.49,7.54,7.67
BCKDHB,11.1,11.4,11.27,11.27,11.16,11.13,11.12,11.23,11.19,11.36,11.38,11.31,11.09,11.08,10.96,10.8,10.91,11.37,11.43,11.49,11.3,11.38,11.42,11.34,11.32,11.16,11.25,11.32,11.12,10.87,10.23,11.09,10.74,10.78,10.95,11.17,10.83,11.06,10.95,11.27,11.14,10.97,11.02,10.94,11.34,11.27,11.35,11.17,11.19,10.8
BCKDHB,4.23,4.31,4.34,4.34,4.61,4.44,4.34,4.46,4.17,4.52,4.49,4.33,4.21,4.37,4.08,4.11,4.1,4.29,4.19,4.29,4.4,4.36,4.29,4.03,4.32,4.22,4.14,4.19,4.15,4.67,5.24,4.73,4.07,3.87,4,3.98,4.39,4.29,4.27,4.32,4.3,4.31,4.42,4.55,4.47,4.38,4.33,4.26,4.33,4.69
BCKDHB,8.49,8.95,8.6,8.81,8.78,8.65,8.85,8.58,8.78,8.75,9.06,8.91,8.75,8.53,8.38,8.34,8.47,8.48,8.57,8.69,8.87,8.96,9.04,8.81,8.69,8.55,8.61,8.83,8.79,8.68,7.86,8.78,8.3,8.28,8.46,8.7,8.56,8.57,8.42,8.46,8.45,8.51,8.58,9.16,8.88,9.04,9.22,8.49,8.72,8.29
BCKDHB,8.45,8.39,8.58,8.49,8.29,8.53,7.53,8.41,8.58,8.6,8.36,8.5,8.59,6.58,7.94,7.96,8.07,8.95,8.91,8.95,8.71,8.65,8.5,8.45,8.43,8.49,8.64,8.51,8.21,8.81,5.48,8.77,7.92,8.07,8.11,8.34,8.12,8.37,8.23,8.46,8.35,8.19,8.15,6.88,8.53,8.53,8.3,8.52,8.53,5.71
BCKDK,8.23,8.24,8.52,8.31,8.61,8.1,7.8,8.55,8.16,8.25,8.18,8.13,8.05,6.94,8.09,8.32,8.3,8.45,8.47,8.26,8.36,8.38,8.44,8.41,8.39,8.43,8.44,8.19,8.47,7.63,7.12,7.17,8.04,8.25,8.18,8.27,8.57,8.44,8.45,8.6,8.65,8.56,8.27,6.15,8.3,8.52,8.4,8.38,8.52,6.44
BCKDK,7.91,7.92,8.13,8.18,8.37,8.32,8.48,8.32,8.03,7.92,8.07,8.08,8.02,7.27,7.93,8.05,7.93,8.12,8.14,7.89,8.11,8.12,8.02,8.02,7.95,8.16,8.32,8.04,8.28,8.44,7.97,8.71,7.92,7.99,8.07,7.91,8.33,8.08,8.53,8.23,8.28,8.36,8.37,8.02,8.26,8.41,8.26,8.19,8.15,7.54
BCKDK,7.93,7.92,8.03,7.78,8.42,8.15,7.92,8.38,7.86,7.76,7.88,7.84,7.66,7.45,7.8,7.95,7.81,7.85,8.06,8.11,8.03,7.84,8.08,8.15,7.93,7.88,7.86,7.94,8.24,7.63,6,7.54,7.82,7.78,7.9,8.1,7.92,8.06,7.24,8.28,8.34,8.08,8.05,6.94,8.03,7.92,8.05,8.1,7.96,5.74
BCKDK,8.26,8.34,8.35,8.44,8.62,8.42,8.31,8.48,8.32,8.31,8.26,8.28,8.17,7.11,8.28,8.18,8.24,8.29,8.32,8.36,8.46,8.38,8.41,8.38,8.43,8.23,8.55,8.3,8.4,7.85,6.17,7.34,8.3,8.15,8.21,8.26,8.44,8.25,8.61,8.6,8.5,8.53,8.2,6.59,8.64,8.37,8.42,8.41,8.38,7.87
BCL10,8.64,7.97,8.11,8.34,7.58,7.8,7.18,7.86,8.66,8.39,7.5,8.35,8.33,7.37,8.62,8.46,8.67,8.59,8.52,8.6,8.54,8.56,8.16,8.57,8.73,8.81,8.26,8.46,7.16,5.39,7.42,6.09,8.79,8.62,8.68,8.61,8.03,8.18,6.79,8.07,8.1,7.28,7.18,7.19,8.24,7.72,8.15,8.34,8.06,7.02
BCL10,9.87,9.98,9.91,9.93,10.02,9.83,9.62,9.66,10.02,9.89,9.92,10.02,9.98,11.11,10.2,10.01,10.12,10.08,10.04,10.1,10.05,10.09,10.2,10.14,10.09,10.18,9.91,9.96,9.85,9.51,8.78,9.88,10.26,10.2,10.32,10.02,9.95,10.06,9.75,9.87,10.01,9.84,9.95,10.1,9.96,9.88,9.82,10.06,9.94,10.78
BCL10,8.07,7.23,7.74,7.72,7.28,6.57,6.92,7.45,7.92,7.74,6.7,7.74,7.46,6.08,8.04,8.16,8.15,8.08,7.96,8.09,8.15,8,7.65,8.19,7.98,8.3,7.72,7.76,6.83,5.77,6.94,7.45,8.64,8.35,8.46,7.94,7.64,7.82,6.68,7.65,7.63,6.54,6.64,7.75,7.93,7.23,7.76,7.86,7.3,6.08
BCL11A,3.49,3.67,3.78,3.57,3.55,3.34,3.89,3.93,3.57,3.68,3.4,3.41,3.37,4.56,3.51,3.49,3.73,3.58,3.63,3.55,3.54,3.61,3.72,3.58,3.56,3.47,3.52,3.55,3.56,4.98,4.06,6.41,3.75,3.42,3.55,3.5,3.57,3.54,4.83,3.43,3.7,3.64,3.89,5.71,3.48,3.63,3.8,3.72,3.59,5.48
BCL11A,5.44,5.09,5.25,5.36,5.59,5.84,6.45,5.44,5.37,5.34,5.44,5.25,4.91,4.47,4.63,4.91,4.52,5.03,5.12,5.01,4.61,4.47,4.89,4.7,4.41,4.65,5.47,5.2,4.87,5.26,5.79,6.44,4.66,4.73,4.64,4.47,4.48,4.51,5.27,4.76,5.96,4.78,4.99,4.75,5.09,5.5,4.92,5.49,5.05,4.67
BCL11A,7.18,7.56,7.23,7.01,6.34,7.21,6.13,6.96,7.28,7.33,7.78,7.07,6.67,7.59,6.73,6.32,6.54,6.64,6.92,7.21,6.52,6.79,7.15,6.71,6.75,6.51,6.9,7.41,7.22,4.87,5.3,5.53,6.33,6.28,6.23,6.35,5.89,6.18,5.8,6.78,6.95,7.07,6.59,6.71,7.52,7.04,7.51,6.83,7.18,6.67
BCL11A,4.39,4.79,4.23,4.17,4.19,4.46,3.87,4.15,4.28,4.37,4.24,4.09,4.14,4.15,4.09,3.81,4.21,3.84,4.54,3.9,4.6,4.25,4.21,3.95,3.89,4.04,4.25,4.41,4.31,3.9,4.19,3.79,3.79,4.04,4.4,3.89,3.87,3.93,3.97,3.89,3.91,4.18,4.21,3.69,4.63,4.61,4.69,4.38,4.27,3.91
BCL11A,7.77,8.22,7.67,7.88,7.51,7.03,7.2,7.96,7.97,7.85,8.3,7.77,7.66,8.5,7.11,7.16,7.14,7.39,7.35,7.37,7.3,7.68,7.6,6.84,7.05,7.09,7.74,7.93,7.85,5.52,6.14,8.3,7.19,7.28,7.19,7.42,6.71,6.82,6.37,7.58,7.31,7.77,7.77,8,7.56,7.93,7.89,7.66,7.53,7.74
BCL11A,5.21,5.46,5.81,5.36,5.37,5.13,4.98,5.2,5.16,5.54,5.43,5.5,5.27,5.93,5.12,5.54,5.33,5.44,5.24,5.49,5.43,5.56,5.44,5.24,5.53,5.25,5.46,5.47,5.57,5.84,4.67,6.03,5.23,5.35,5.47,5.3,5.39,5.13,5.58,5.72,5.43,5.72,5.46,6.04,5.14,5.05,5.61,5.24,5.13,6.12
BCL11A,3.95,4.01,3.92,4.25,4.18,4.14,5.42,4.16,4.2,3.9,3.88,3.91,3.87,3.77,3.82,3.78,3.89,3.7,4.1,3.77,4.18,4.01,3.74,3.96,3.96,3.88,4.02,3.96,4.25,4.11,4.12,4.07,3.95,4.08,3.93,3.97,4.21,3.86,4,3.81,4.3,4.1,4.26,3.74,4.53,4.25,3.81,4.12,3.95,4.54
BCL11A,4.39,4.5,4.25,4.55,5.32,4.29,5.01,4.24,4.22,4.6,4.38,4.47,4.5,5,4.16,4.46,4.41,4.53,4.59,4.81,4.59,4.32,4.48,4.79,4.55,4.18,4.37,4.34,4.56,5.67,4.28,4.4,4.51,4.6,4.44,4.39,4.58,4.23,4.23,4.21,4.03,4.61,4.49,3.79,4.27,4.97,4.5,4.4,4.52,5.6
BCL11B,6.93,7.18,7.32,7.38,7.02,7.19,6.99,7.44,7.14,7.28,7.32,7.14,6.78,6.33,7.34,7.44,7.46,7.23,7.42,7.42,6.63,6.97,6.88,7.39,7.33,7.14,7.15,7.36,6.85,6.53,5.93,6.01,7.23,7.46,7.31,7.61,7.57,7.36,5.91,7.16,7.23,6.88,7.08,6.96,6.97,6.54,6.76,7.16,7.19,5.48
BCL2,6.58,6.13,6.65,6.56,6.58,6.98,5.9,6.79,6.59,6.67,6.69,6.68,6.23,7,6.85,6.65,6.52,6.61,6.65,6.68,6.51,6.85,6.76,6.95,6.76,6.92,6.77,6.59,6.43,6.52,6.87,6.83,7.01,7.11,6.84,6.73,6.77,7.07,6.36,6.73,6.63,6.97,6.86,5.96,6.97,6.55,6.98,6.81,6.83,6.23
BCL2,5.45,5.1,5.81,5.69,5.42,5.69,5.45,5.99,5.53,5.32,5.2,5.64,5.42,5,5.78,5.53,5.73,5.83,5.83,5.69,5.87,5.39,5.55,5.55,6.14,5.71,5.86,5.72,5.38,5.26,4.62,4.55,5.71,5.73,5.73,6.17,5.92,6.03,4.57,5.92,5.61,5.55,5.14,5.56,5.58,5.56,5.58,5.46,5.47,4.57
BCL2,9.34,9.28,9.32,9.46,8.99,9.34,9.48,9.16,9.45,9.19,9.33,9.55,9.59,8.03,9.36,9.24,9.24,9.09,9.34,9.34,9.37,9.42,9.61,9.41,9.42,9.6,9.28,9.2,9.26,9.86,8.8,8.75,9.09,9.05,9.16,9.35,9.57,9.32,8.79,9.32,9.31,9.43,9.62,8.38,9.34,9.11,9.23,9.43,9.49,6.39
BCL2,9.48,9.66,9.61,9.69,9.51,9.69,9.33,9.59,9.77,9.56,9.66,9.67,9.88,7.78,9.43,9.34,9.43,9.42,9.49,9.5,9.66,9.74,9.81,9.71,9.7,9.79,9.52,9.35,9.54,8.97,6.61,8.44,9.4,9.38,9.3,9.51,9.65,9.62,9.56,9.54,9.73,9.75,9.86,8.37,9.42,9.66,9.49,9.56,9.66,8.2
BCL2,5.34,5.02,5.13,5.1,5.28,5.58,5.27,5.48,4.84,5.47,4.93,5.07,5,5.92,5.27,5.24,5.26,5.08,5.3,5.01,5.02,5.17,5.01,5.49,5.35,5.34,5.03,5.15,5.46,5.04,6.88,5.38,5.55,5.89,5.7,5.34,5.06,5.09,5.37,5.4,5.27,5.03,5.34,4.52,5.11,5.77,5.62,4.92,4.94,5.44
BCL2,5.41,5.31,5.93,5.63,5.76,5.72,5.34,5.69,5.23,5.66,5.49,5.6,5.31,5.4,5.6,5.61,5.37,5.75,5.64,5.57,5.46,5.44,5.4,5.45,5.54,5.52,5.57,5.47,5.47,6.3,5.33,6.13,5.87,6.06,5.95,5.59,5.66,5.77,5.69,5.7,5.63,5.84,5.2,5.95,5.36,5.31,5.7,5.49,5.41,5.76
BCL2A1,8.37,8.4,8.48,8.29,8.17,8.29,8.18,8.45,8.67,8.43,8.34,8.5,8.69,6.17,7.74,7.71,7.71,8.39,8.64,8.66,8.01,8.02,8.15,7.97,7.94,8.26,8.37,8.32,8.39,8.31,6.94,6.35,7.87,8.19,8.08,7.61,7.36,7.79,7.87,8.12,8.2,8.1,7.98,7.25,7.79,7.87,7.74,8.68,8.67,6.21
BCL2A1,3.61,3.59,3.47,3.52,3.56,3.64,3.61,3.58,3.82,3.63,3.75,3.62,3.89,3.98,3.97,3.62,3.67,3.48,3.94,3.73,3.67,3.73,3.64,3.86,3.73,3.76,3.53,3.48,3.68,3.45,5.62,4.24,3.58,3.4,3.85,3.6,3.77,3.7,3.39,3.59,3.66,3.88,3.69,4.54,3.75,3.54,4.01,3.84,3.52,3.59
BCL2L1,8.17,7.6,7.94,7.97,7.51,7.6,7.51,7.75,8.14,8.1,7.05,7.93,7.79,6.79,8.26,8.13,8.4,7.76,7.63,7.84,8.71,8.6,8,8.58,8.47,8.57,8.06,8.15,7.37,3.95,5.1,4.25,8.74,8.54,8.53,8.39,8.16,8.54,6.78,7.9,7.69,7.86,7.82,5.95,8.38,7.97,8.48,7.75,7.46,8.02
BCL2L1,9.46,9.28,9.59,9.41,9.67,9.73,9.3,9.61,9.36,9.42,9.38,9.56,9.46,9.44,9.63,9.68,9.65,9.12,9.16,9.06,9.82,9.96,10.03,9.84,9.89,9.83,9.61,9.35,9.69,9.86,9.1,9.29,9.94,9.99,9.95,9.91,9.8,9.93,9.51,9.58,9.67,9.98,10.07,9.26,9.95,9.99,9.99,9.49,9.78,8.61
BCL2L1,6.82,6.69,6.67,6.28,6.8,6.99,6.41,6.93,6.96,6.41,6.93,6.36,6.33,5.48,6.1,6.68,6.14,6.31,6.71,6.64,6.61,6.48,6.79,6.91,6.45,6.56,6.93,6.62,7.03,6.22,5.65,5.92,6.24,5.77,6.05,6.44,5.85,5.98,7.13,6.47,6.81,6.92,6.63,6.25,7,6.93,6.77,6.96,6.38,5.89
BCL2L10,3.51,3.61,3.55,3.59,3.79,4.3,3.78,3.61,3.6,3.36,3.55,3.45,3.57,4.89,3.6,3.62,3.7,3.63,3.59,3.89,3.57,4.02,3.7,4.09,3.69,3.84,3.5,3.61,3.6,4.62,4.41,3.91,3.61,3.43,3.64,3.53,3.82,4.07,4.08,3.77,3.46,3.82,3.69,5.77,3.63,3.73,3.86,3.81,3.63,4.37
BCL2L10,3.42,3.83,3.7,3.72,3.84,3.73,3.77,3.54,3.69,3.54,3.48,3.53,3.65,4.62,3.31,3.67,3.62,3.58,3.49,3.43,3.78,3.69,3.52,3.46,3.53,3.46,3.89,3.55,3.7,4.67,5.01,4.15,3.51,3.52,3.55,3.52,3.79,3.47,4,3.54,3.61,3.64,3.54,4.22,4.12,3.42,3.45,3.38,3.68,3.94
BCL2L11,9.83,9.94,9.58,9.58,9.79,9.75,10.14,9.91,9.71,9.79,9.94,10.02,10.13,9.45,10,9.99,10.01,8.93,8.85,9.01,10.6,10.5,10.6,10.1,10.26,10.31,9.73,9.75,9.89,9.87,6.65,9.08,9.82,9.92,9.79,10.06,10.2,9.96,10.15,9.73,9.84,9.97,9.84,9.17,10.29,10.37,10.25,9.75,9.67,8.76
BCL2L11,5.15,5.07,5.43,5.42,4.98,5.23,4.59,5.66,5.32,5.26,5.05,5.35,5.09,6.05,5.65,5.73,5.49,4.91,5.13,4.8,5.8,5.47,5.42,5.38,5.46,5.58,5.19,5.22,5.05,5.76,6,5.77,5.51,5.72,5.52,5.31,5.13,5.33,5.41,4.97,5.36,4.74,4.98,5.18,5.48,5.56,5.4,5.29,5.29,5.31
BCL2L11,9.66,9.44,9.29,9.33,9.29,9.29,9.16,9.46,9.37,9.29,9.44,9.55,9.54,8.66,9.73,9.61,9.81,8.54,8.68,8.64,10.13,9.97,10.01,9.91,9.86,9.96,9.44,9.58,9.26,7.65,8.68,8.87,9.71,9.65,9.64,9.72,9.47,9.87,9.03,9.43,9.64,9.18,8.99,8.43,10.05,10,10.02,9.54,9.32,9.01
BCL2L11,7.18,7.02,7.03,7.1,6.64,6.73,5.93,7.37,6.96,7.14,6.79,7.24,7.12,5.75,7.11,7.26,6.98,6.51,6.22,6.51,7.72,7.65,7.15,7.22,7.28,7.4,6.96,7.29,6.88,6.44,7.08,6.27,7.32,7.4,7.36,7.18,6.74,7.21,6.8,7.21,7.07,6.62,6.51,6.74,7.17,7.63,7.68,7.36,7.06,5.29
BCL2L11,5.32,5.36,5.82,5.53,5.61,5.34,5.08,5.03,5.74,5.67,6.04,5.71,5.53,5.44,6.22,5.72,5.78,5.56,5.51,5.33,5.71,6.09,6.38,5.98,5.91,5.92,5.23,5.64,5.77,5.34,5.39,5.45,5.43,5.38,5.55,6.47,5.33,5.71,5.4,5.91,5.75,4.95,5.15,6.3,5.92,5.16,5.31,6.4,6.23,6
BCL2L11,7,6.75,6.79,6.77,6.54,6.37,5.53,7.23,6.99,6.98,6.6,6.86,6.76,4.17,6.94,6.86,7.07,5.62,4.92,5.73,7.7,7.54,7.48,7.19,7.33,7.4,7.08,6.5,6.72,4.87,4.96,6.29,7.37,7.58,7.2,7.09,6.82,7.38,4.77,7.49,7.02,6.35,6.3,4.83,7.82,7.85,7.69,7.06,7.22,4.32
BCL2L11,6.86,6.48,6.35,6.34,6.29,6.2,6.58,6.76,6.36,6.5,6.2,6.73,6.53,7.45,6.61,6.8,6.29,6.08,5.97,6.24,7.34,6.85,6.59,6.7,6.84,6.74,6.42,6.32,6.37,5.37,6.3,5.7,6.83,7.2,6.7,6.91,6.26,6.98,6.55,6.73,6.63,6.61,6.53,5.85,6.13,6.68,6.99,6.79,6.54,6.83
BCL2L11,6.68,6.38,6.21,6.36,6.3,5.63,5.47,6.23,6.28,6.56,6.24,6.26,6.5,5.47,6.56,6.34,6.41,5.15,5.35,5.16,7.28,7.03,7.04,6.53,6.3,6.83,6.26,6.35,6.52,5.65,5.62,5.84,6.88,6.78,6.43,5.91,6.34,6.97,5.35,6.8,6.43,5.83,5.67,5,7.1,7.11,7.34,6.45,6.49,4.96
BCL2L11,6.33,6.24,6.37,6.32,6.29,6.09,5.85,5.97,6.37,6.29,6.49,6.37,6.5,7.08,6.59,6.46,6.43,5.37,5.49,5.38,6.86,7.08,6.95,6.62,6.83,6.62,6.33,6.55,6.37,6.26,6.73,5.27,6.5,6.77,6.58,6.82,6.04,6.44,5.56,6.45,6.64,6.07,6.04,6.09,7.14,7.09,7.16,6.69,6.75,4.95
BCL2L11,9.13,9.23,9.18,9.1,9.26,9.04,9.31,9.5,8.95,9.07,9.23,9.28,9.34,7.92,9.42,9.41,9.25,7.46,8,7.92,10.08,10.09,10.25,9.71,9.7,9.54,9.12,9.21,9.53,7.52,5.84,7.22,9.08,9.27,9.16,9.3,9.34,9.53,8.73,9.3,9.52,9.45,9.45,7.19,9.75,9.95,9.66,9.32,9.35,7.61
BCL2L11,9.86,10.22,9.7,9.69,9.91,9.94,9.4,10.03,9.62,9.93,10.17,9.93,9.96,9.43,10.01,10.02,9.99,8.34,8.49,8.57,10.68,10.72,10.88,10.26,10.41,10.15,9.78,9.82,10.19,9.3,7.4,8.08,9.53,9.83,9.61,10.04,10.04,10.14,9.6,10.02,10.16,10.14,10.06,9.48,10.42,10.61,10.45,9.81,10.05,8.09
BCL2L11,5.08,4.93,5.11,5.04,5.2,5.27,5.87,5.47,5.2,5.18,5.01,4.63,5.14,6.42,5.24,5.03,4.96,5.2,4.98,5.1,5.06,5.45,4.96,5.18,5.72,5.19,5.15,5.01,5.16,5.17,6.3,6.62,5.37,5.17,5.72,4.86,5.07,5.24,5.1,5.34,5.03,5.25,5.04,6.75,5.64,5.28,5.16,5.12,4.79,6.32
BCL2L11,5.65,5.55,5.97,5.93,5.9,5.18,6.42,5.97,5.85,5.59,5.6,5.51,5.55,5.49,5.98,5.93,5.88,5.2,5.39,5.3,5.83,5.77,6.11,6.45,6.05,6.52,5.88,6.13,5.88,5.81,6.33,7.11,6,5.77,5.73,5.51,6.63,5.83,5.43,5.87,6.41,6.27,5.67,5.62,6.43,6.1,6.23,5.54,5.63,6.27
BCL2L11,4.09,3.79,3.82,4.16,4.03,4.4,4.72,4.58,4.05,4.04,4.05,4.09,4.18,3.75,4.05,4.82,3.9,3.65,3.83,3.58,4.98,4.28,4.16,4.43,4.25,4.67,4.17,4.27,4.14,5.72,4.67,4.05,4.38,4.71,4.82,4.19,4.33,4.94,4.35,4.51,5,3.94,4.01,3.47,4.89,4.56,4.26,4.28,4.96,3.93
BCL2L12,11.17,11.22,11.21,11.18,11.34,11.24,11.04,11.22,11.13,11.17,11.3,11.17,11.17,10.93,11.15,11.06,11.19,11.07,11.1,11.06,10.96,10.94,10.98,10.87,10.95,10.92,11.22,11.2,11.31,10.95,11.53,11.32,11.26,11.33,11.4,11.11,11.11,11.26,11.4,11.38,11.31,11.16,11.21,11.45,10.86,10.75,10.79,11.23,11.22,11.47
BCL2L13,8.37,8.48,8.49,8.45,8.7,8.47,7.91,8.63,8.42,8.53,8.54,8.38,8.49,8.67,8.62,8.47,8.54,8.48,8.46,8.5,8.82,8.58,8.91,8.71,8.5,8.61,8.28,8.41,8.58,7,6.7,7.28,8.55,8.48,8.44,8.62,8.21,8.51,7.95,8.71,8.69,8.67,8.58,6.99,8.52,8.66,8.5,8.59,8.67,7.36
BCL2L13,7.03,6.81,7.12,7.12,7.26,7.58,7.64,7.42,6.93,6.86,6.89,7.06,7.02,7.72,7.01,7.19,7.15,7.18,7.13,6.91,7.21,7.32,7.17,7.2,7.03,7.2,6.99,7.17,7.07,7.69,7.67,7.36,7.37,7.15,7.13,7.14,6.94,7.4,7.79,6.93,7.4,7.27,7.29,6.82,7.44,7.48,7.34,7.3,6.86,8.25
BCL2L13,4.76,4.78,5.19,5.12,5.19,5.09,5.15,5.08,4.8,4.8,4.64,4.88,4.97,4.81,4.96,4.99,4.92,4.97,5.27,4.87,4.97,4.91,4.98,5.22,4.87,5.14,5.04,4.88,4.76,5.77,5.34,4.58,5.03,5,5.31,5.25,5.06,5.08,6.05,5.05,4.84,4.9,5.04,4.1,4.88,4.69,4.81,5.17,4.88,5.07
BCL2L13,5.59,5.33,6.1,5.87,5.91,5.46,4.91,5.53,5.79,5.59,5.48,5.27,5.61,4.03,5.85,5.81,6.01,5.78,6.1,6,5.7,5.35,5.96,6,5.75,5.93,5.55,5.7,5.51,6.48,5.34,3.64,6.01,5.97,5.66,6.41,6.36,6.2,5.41,5.95,6.06,5.91,5.4,3.37,6.15,5.88,5.67,5.99,5.89,4.19
BCL2L13,7.76,7.69,7.95,7.84,7.78,7.83,7.38,7.79,7.76,7.89,7.76,7.64,7.54,7.2,7.99,8.09,8.05,7.89,8.07,8.03,7.9,7.92,7.97,8.05,8.07,7.98,7.99,7.94,7.88,7.1,6.3,5.78,8.04,8,8.06,8.17,8.27,8.2,7.37,8.04,8.01,7.95,7.93,6.27,8.31,8.15,7.98,7.94,7.79,6.88
BCL2L13,6.23,6.54,6.64,6.29,5.88,6.48,6.29,5.7,6.07,6.12,6.78,6.27,6.36,5.95,6.34,6.16,6.42,6.29,6.45,5.75,6.15,6.46,6.3,6.31,6.14,6.28,6.26,6.08,6.23,5.79,6.39,6.2,6.27,6.4,6.38,6.32,5.79,6.11,6.34,6.37,6.24,6.23,6.28,6.61,5.97,6.02,6,6.38,6.08,6.41
BCL2L13,5.86,6.98,6.21,6.29,6.55,6.14,5.23,6.03,6.06,6.05,6.21,6.42,6.4,6.39,6.36,6.65,6.17,6.24,6.44,6.07,6.46,6.3,6.49,6.36,6.35,6.13,6.43,6.1,6.34,5.78,4.56,4.81,6.05,6.16,6.01,6.37,6.3,6.21,4.95,6.55,6.4,6.53,6.74,5.56,6.48,6.34,5.92,6.07,6.32,6.01
BCL2L14,4.59,4.32,4.26,4.87,4.49,4.84,4.94,4.56,4.68,4.55,4.91,4.67,4.55,4.9,4.44,5.05,4.35,4.39,4.58,4.67,4.59,4.4,4.45,5.02,4.89,4.51,4.48,4.6,5.05,4.53,4.73,6.99,4.62,4.37,4.82,4.77,4.49,4.51,4.44,4.76,4.52,4.6,4.31,6.21,4.22,4.28,4.36,4.53,4.56,6.23
BCL2L14,4.67,4.67,4.39,4.54,5.05,4.63,4.21,4.54,4.72,4.49,4.84,4.64,4.83,6.75,4.71,4.82,4.68,4.71,4.71,4.95,4.53,5.04,4.54,4.67,4.44,4.62,4.59,4.78,4.56,4.37,4.59,6.15,4.56,4.72,4.91,4.59,4.45,4.54,4.58,5.21,4.46,4.66,4.58,6.66,5.42,4.56,4.27,4.51,4.73,5.43
BCL2L14,3.71,3.68,3.48,3.64,3.58,3.48,3.12,3.88,3.67,3.69,3.86,3.62,3.7,3.98,3.63,3.86,3.51,3.71,3.35,3.38,3.61,3.8,3.55,3.3,3.59,3.5,3.46,3.47,3.62,4.68,3.39,4.89,3.66,3.6,3.6,3.75,3.74,3.55,3.59,3.69,3.98,3.46,3.66,4.72,3.65,3.89,3.91,3.68,3.52,4.23
BCL2L15,4.8,4.91,5.07,5.34,5.15,5.16,5.31,5.12,4.98,5.25,5.26,5.49,4.91,5.55,5.26,5.09,5.07,4.53,4.86,5.04,5.41,5.18,4.96,5.13,5.05,5.39,5.22,5.13,4.98,4.83,5.34,4.69,4.97,5.18,4.74,4.93,5.13,4.87,5.23,5.39,5.16,5.42,5.08,5.05,4.99,4.89,4.88,5.11,5.07,5.6
BCL2L15,4.65,4.37,4.77,4.64,4.69,4.52,4.88,4.49,4.58,4.64,4.71,4.59,4.46,4.53,4.7,4.31,4.66,4.32,4.39,4.84,4.21,4.5,4.23,4.51,4.59,4.28,4.41,4.69,4.54,4.35,6.08,5.46,4.24,4.39,4.3,4.35,4.02,4.29,4.03,4.65,4.46,4.55,4.69,4.78,4.38,4.64,4.73,4.69,4.78,5.25
BCL2L15,3.99,3.92,3.8,3.84,3.48,3.85,4.36,3.56,3.59,3.91,4.03,3.93,3.94,5.25,3.64,3.55,3.44,3.65,3.46,3.63,3.45,3.66,3.78,3.66,3.64,3.45,4.06,3.82,3.86,4.38,6.09,5.92,3.63,3.7,3.5,3.61,4.1,3.7,4.24,3.94,3.9,3.77,3.77,5.05,3.81,3.78,3.78,3.55,3.36,5.02
BCL2L15,3.77,3.64,3.83,4.04,3.96,3.73,4.18,4.24,3.77,3.92,4.15,4.03,3.55,4.59,3.63,3.52,3.59,3.61,3.98,4.01,3.74,3.65,3.73,3.64,3.75,3.53,3.79,3.93,3.73,5.24,7.39,4.34,3.63,3.9,3.56,3.79,4.26,3.71,5.08,3.98,3.4,3.96,3.99,6.84,3.74,3.92,4.08,3.82,3.7,5.86
BCL2L15,3.66,3.67,4.25,3.54,3.99,3.86,4.27,4.28,3.67,3.74,3.59,3.69,3.75,4.07,3.94,3.58,3.6,3.39,3.56,3.78,3.56,3.48,3.8,3.68,3.7,3.97,3.98,3.59,3.82,4.77,6.39,5.3,3.63,3.62,3.52,3.63,3.99,3.82,4.18,3.87,4.35,3.54,3.76,4.28,3.44,4.3,4.1,3.78,3.41,4.52
BCL2L2,8.75,8.76,8.71,8.75,8.76,8.86,8.61,8.81,8.75,8.82,8.79,8.85,8.76,7.03,9.04,9.1,9.13,8.81,8.69,8.86,8.92,8.96,9.17,9.06,9.13,9.09,8.75,8.82,8.9,8.31,6.98,8.47,8.74,8.8,8.67,9.16,8.99,9.25,8.88,9.01,9.06,9.19,8.81,6.93,8.94,9.03,8.91,8.93,9.09,6.81
BCL2L2,4.83,4.5,4.42,4.91,4.9,4.7,4.87,4.75,4.54,4.82,4.38,4.72,4.62,5.91,4.74,4.96,4.57,4.86,4.83,4.76,5.17,4.73,4.67,5.01,4.78,5.31,4.7,4.81,4.79,4.8,5.51,6.55,4.77,4.61,4.87,4.88,4.82,4.63,5.83,5.08,4.67,4.57,4.86,4.93,4.58,4.51,5.1,4.84,4.45,6.7
BCL2L2,6.19,6.27,5.88,5.98,4.86,5.12,7.21,5.64,6.03,6.22,5.53,6.29,6.4,6.97,6.01,6.23,6.25,6.21,6.03,5.92,6.72,6.38,5.78,5.95,6.22,5.89,6.29,6.13,5.76,5.91,7.66,5.79,6.15,6.37,6.02,5.74,6.24,6.05,5.41,5.44,5.73,5.87,6.03,5.6,5.48,5.66,5.6,5.39,6,5.9
BCL3,8.98,9.12,9.23,9.16,9.3,9.54,9.37,9.18,9.12,9.08,9.29,9.06,9,9.49,8.66,8.83,8.85,8.99,8.99,8.91,9.16,8.97,9.22,8.96,8.94,9.17,9.41,8.96,9.44,10.09,9.24,9.92,9.19,9.21,9.11,9.16,9.14,9.12,9.24,9.19,9.32,9.71,9.79,9.65,9.02,9.1,9.22,9.38,9.44,9.16
BCL3,5.38,4.9,5.51,5.43,5.14,5,4.68,5.09,5.56,5.39,4.86,5.05,5,4.1,5.22,5.37,5.19,5.58,5.35,5.11,5.4,5.38,5.19,5.46,5.5,5.33,5.7,5.38,5.14,4.23,5.57,4.64,5.47,5.4,5.38,5.36,5.23,5.54,5.07,5.57,5.59,5.23,5.51,5.27,5.17,5.04,5.21,5.74,5.14,4.89
BCL3,3.8,4.01,4.02,3.99,3.84,3.99,3.64,4.24,3.9,3.77,3.88,3.95,4.02,4.39,3.97,3.99,3.9,4.17,3.78,3.93,4.17,3.93,4.03,4.01,4.01,3.76,3.78,3.73,3.64,4.79,3.99,5.02,4.01,4.02,4.12,3.84,3.94,3.86,4.27,4.17,4.02,4.33,4.46,4.06,4.04,4.23,3.9,4.03,3.82,4.68
BCL3,4.77,4.2,4.35,4.85,4.36,4.75,4.69,4.47,4.73,4.7,4.86,5.1,4.54,6.05,4.86,4.61,4.54,4.47,4.4,4.37,4.51,5.19,4.7,4.7,4.62,4.41,4.79,5.02,4.65,4.34,4.89,5.58,4.67,4.81,4.77,4.52,4.7,4.95,3.95,4.53,4.57,5.08,4.48,5.71,4.45,4.33,4.8,4.64,4.4,6.41
BCL6,7.46,7.11,7.32,7.41,6.93,7.31,6.82,6.8,7.59,7.32,7.01,6.87,6.83,5.76,7.02,6.69,7.25,7.13,6.81,7.12,7.42,7.49,7.81,7.46,7.57,7.63,7.27,7.34,7.43,7.41,5.47,6.69,7.26,7.13,7.31,7.07,6.99,7,7.78,7.43,7.56,8.21,7.8,6.53,7.7,7.65,7.59,7.36,7.73,6.41
BCL6,9.1,9.19,9.29,9.3,9.39,9.41,9.16,9.14,9.29,9.21,9.5,8.94,8.72,8.65,8.99,9,9.25,8.99,8.98,9.05,9.4,9.24,9.42,9.59,9.49,9.19,9.33,9.24,9.18,9.22,8.3,9.32,9.3,9.42,9.44,9.26,9.15,9.03,9.48,9.57,9.48,10.02,9.91,9.62,9.53,9.63,9.57,9.5,9.53,8.51
BCL6,5.93,5.62,5.73,6.12,5.62,5.97,5.04,5.8,5.88,5.85,5.4,5.56,5.41,4.75,5.56,5.46,5.81,5.87,5.88,5.76,6.07,6.08,5.62,5.56,5.75,5.98,6.02,5.73,5.45,4.49,5.48,5.36,5.98,5.94,5.8,5.59,5.71,5.61,5.62,6.18,6.04,6.23,5.82,5.5,6.03,5.77,5.93,5.87,6.19,4.41
BCL6,6.86,6.51,6.73,6.75,6.09,6.64,6.26,6.87,6.79,6.91,5.94,6.45,6.16,5.18,6.59,6.55,6.51,6.59,6.57,6.28,7.01,6.86,6.61,7.07,7.05,7.08,6.73,6.81,6.14,5.92,5.17,5.01,6.93,6.92,7.1,6.68,6.49,6.56,5.96,6.78,6.51,7.21,6.85,5.08,7.02,6.99,7.19,6.73,7.14,5.35
BCL6,6.9,6.7,7.11,6.92,7.1,6.98,6.28,6.78,6.53,6.69,7.39,6.81,6.38,4.78,6.56,6.58,6.58,6.46,6.6,6.29,6.71,7.02,7.06,7.19,7.13,6.64,7.04,6.95,7.33,7.51,7.35,6.83,6.39,6.56,6.44,6.62,6.72,6.74,7.45,7.14,7.06,8.43,8.33,7.33,7.74,7.48,7.79,7.48,7.69,4.78
BCL6B,4.26,4.01,4.23,4.12,4.5,4.42,4.46,4.23,4.03,4.21,4.42,3.97,3.97,4.56,4.13,4.1,3.87,4.05,4.05,4.07,4.3,4.01,3.98,3.87,4.08,4.24,4,4.07,4.2,3.99,5.72,5.39,4.09,4.34,4.22,4.27,4.28,4.03,4.63,4.12,3.8,4.15,4.29,4.62,4.17,4.29,4.3,4.04,4.2,4.69
BCL6B,4.44,4.63,4.37,4.46,4.49,4.67,4.86,4.23,4.38,4.31,4.53,4.33,4.65,5.75,4.38,4.62,4.38,4.34,4.02,4.21,4.63,4.37,4.51,4.41,4.37,4.62,4.52,4.2,4.48,4.3,5.9,5.98,4.63,4.53,4.43,4.4,4.36,4.34,4.29,4.57,4.19,4.44,4.82,6.85,4.13,4.29,4.36,4.15,4.51,5.45
BCL7A,4.52,4.06,3.98,4.09,4.16,4.28,4.16,4.1,4.12,3.84,4.1,3.77,4.33,4.43,4.01,4.62,4.01,4.31,4.14,3.9,4.16,4.18,3.93,4.17,4.47,4.41,3.95,4.37,4.46,4.23,3.92,4.23,4.25,4.16,3.99,4.06,4.11,4.45,4.23,3.8,4.05,3.84,3.87,3.87,3.92,3.78,3.66,3.82,3.89,3.73
BCL7A,6.86,6.72,7.08,6.98,7.51,7.08,6.45,7.33,6.77,7.1,6.93,6.79,6.93,6.1,7.36,7.37,7.46,7.09,7.09,7.16,7.31,7.36,7.52,7.53,7.56,7.54,7.13,7.07,6.99,7.67,5.09,6.8,7.18,7.51,7.25,7.34,7.67,7.46,6.77,7.48,7.02,7.32,7.55,6,6.38,7.01,7.02,7.14,7.01,5.59
BCL7A,7.59,7.09,7.62,6.98,7.77,8.34,7.45,7.39,7.47,7.48,7.87,7.05,6.6,6.85,8.37,8.15,8.22,7.9,7.76,7.65,8.05,7.9,8.26,8.52,8.53,8.37,7.65,7.75,7.66,5.28,6.26,7.09,7.95,7.56,8.03,8.39,8.03,7.76,8,7.75,7.77,8.35,8.07,6.83,7.46,7.67,7.67,7.26,7.08,6.96
BCL7B,7.02,6.77,7.22,7.19,6.83,6.7,7.04,7.05,7.02,7.05,6.41,6.89,6.95,6.04,6.94,7.01,6.86,6.96,6.84,6.88,6.8,6.61,6.58,7.1,7.26,6.96,6.97,7.23,6.69,6.7,6.15,5.03,7.11,7.28,7.31,7.09,6.92,7.22,6.66,6.97,7.1,6.95,7.08,6.64,7.06,6.56,6.97,7.11,6.79,6.41
BCL7B,9.31,9.25,9.49,9.39,9.3,9.27,8.8,9.41,9.32,9.35,9.15,9.3,9.22,9.44,9.28,9.17,9.29,9.04,9.14,9,9.1,9.05,9.21,9.3,9.33,9.41,9.35,9.36,9.28,8.33,7.38,8.52,9.33,9.4,9.43,9.48,9.31,9.43,8.93,9.23,9.35,9.27,9.3,8.43,9.17,9.25,9.22,9.35,9.24,8.66
BCL7C,9.24,9.08,9.5,9.39,9.5,9.54,9.32,9.45,9.33,9.22,9.23,9.32,9.19,8.93,9.38,9.3,9.52,9.36,9.49,9.34,9.35,9.17,9.36,9.45,9.38,9.44,9.37,9.27,9.16,9.25,7.96,9.49,9.33,9.42,9.35,9.45,9.64,9.4,9.74,9.61,9.52,9.37,9.41,9.86,9.28,9.3,9.19,9.37,9.19,9.3
BCL7C,3.98,4.18,4.05,4.11,4.71,4.19,4.71,4.36,3.94,4.31,4.37,4.2,4.34,4.64,4.49,4.17,4.1,4.47,4.47,3.89,3.86,4.26,4.43,3.9,4.38,4.33,4.6,4.09,4.37,4.46,5.87,4.35,3.92,3.8,4.29,3.84,4.31,4.17,4.34,3.86,4.35,4.42,4.39,4.8,4.05,5,3.84,4.25,4.01,5.53
BCL9,6.73,6.58,6.94,6.98,7.12,6.8,6.49,6.63,7.08,7.09,7.19,6.9,6.63,6.81,6.75,6.54,6.64,6.86,7.06,6.8,6.83,7.08,6.71,6.88,6.83,6.34,6.8,7.09,6.71,7.97,7.55,6.83,6.3,6.71,6.49,6.94,6.58,6.75,6.33,6.93,7.28,7.13,6.94,7.26,7.14,6.69,7.05,7.16,7.04,6.83
BCL9,5.38,4.91,5.28,5.32,5.25,5.13,5.08,5.45,5.22,5.44,5.05,4.97,5.34,5.72,4.94,5.15,4.98,5.15,5.32,5.1,5.21,5.39,5.02,5.25,5.21,5.4,5.18,5.46,5.09,5.4,5.84,5.3,5.22,5.25,5.3,5.18,5.52,5.11,5.6,5.02,5.22,5.25,5.11,5.84,5.36,5.53,5.41,5.43,5.23,5.18
BCL9L,6.41,6.17,6.25,6.22,6.65,6.54,5.81,6.45,6.3,6.23,6.68,6.42,6.33,7.7,6.8,6.77,6.87,6.34,6.35,6.61,6.56,6.89,6.68,7.05,7.09,6.82,6.19,6.37,6.19,6.11,6.4,7.99,6.77,6.92,7.43,7.13,6.62,7.19,4.73,6.45,6.63,7.02,6.91,7.32,6.33,6.45,6.44,6.62,6.38,7.47
BCL9L,6.38,6.83,6.57,6.57,7.08,6.78,6.94,6.73,6.56,6.65,7.05,6.63,6.69,8.25,7.23,7.26,7.33,6.54,6.85,6.5,7.24,7.31,7.28,7.14,7.32,6.97,6.71,6.6,7.06,7.72,7.31,7.99,7.4,7.24,7.2,7.15,7.09,7.18,5.68,6.65,6.73,7.32,7.1,8.09,6.82,6.8,7.03,6.82,6.65,7.42
BCL9L,7.82,7.74,7.81,7.66,7.85,8.38,8.12,8.05,7.56,8,8.56,7.72,7.28,9.93,8.58,8.56,8.47,7.64,7.85,8.01,8.17,8.49,8.64,8.66,8.59,8.32,8.01,7.94,7.93,7.62,9.05,9.95,8.6,8.64,8.83,8.63,8.54,8.38,7.71,8.33,8.2,8.86,8.47,9.21,7.82,8.2,8.47,8.06,8.1,10.12
BCL9L,5.3,5.14,5.33,5.06,5.16,5.2,5.91,5.7,4.98,5.06,5.47,5.06,4.98,7.56,5.66,5.59,5.52,5.28,5.28,5.06,5.38,5.66,5.73,5.56,5.44,5.55,5.03,5.41,5.59,5.41,7.68,6.66,5.39,5.83,6.13,5.66,5.85,5.51,5.9,5.43,5.75,5.8,5.77,5.76,5.18,5.26,5.52,5.09,5.25,6.58
BCLAF1,5.92,5.39,5.57,5.54,5.19,5.05,4.74,5.45,5.8,5.6,5.48,5.26,5.42,4,5.15,4.74,5.28,5.8,5.61,6.12,5.38,5.08,4.95,5.23,5.08,5.28,5.55,5.47,5.26,4.52,5.94,3.66,5.28,5.27,5.07,5.45,5.18,4.94,4.14,5.27,5.49,5.1,5.31,4.52,5.35,4.8,5.06,5.73,5.61,3.69
BCLAF1,6.72,7.08,6.63,6.72,6.64,6.72,6.24,6.5,6.75,6.78,7.04,6.67,6.56,6.44,6.51,6.5,6.51,6.68,6.51,6.77,6.19,6.64,6.55,6.43,6.21,6.38,6.6,6.93,6.47,5.56,6.7,5.87,6.35,6.19,6.38,6.37,6.46,6.57,6.25,6.22,6.28,6.37,6.44,6.85,6.5,6.51,6.66,6.63,6.33,6.03
BCLAF1,7.24,7.09,6.75,6.9,6.2,6.11,6.64,6.7,7.22,7.06,6.7,7.07,7.28,6.02,6.68,6.63,6.69,6.55,6.94,7.03,6.34,6.47,6.66,6.46,6.35,6.69,6.84,7.08,6.92,5.3,4.59,4.73,6.58,6.73,6.5,6.3,6.28,6.6,5.32,6.69,6.85,6.01,5.85,4.35,6.15,5.97,6.19,6.99,7.02,5.11
BCLAF1,9.66,9.26,9.48,9.38,8.62,9.1,9.32,9.51,9.66,9.46,8.68,9.34,9.11,7.21,9.19,9.17,9.37,9.56,9.61,9.8,9.1,9,8.32,9.22,9.09,9.03,9.36,9.43,8.83,6.39,5.58,6.18,9.47,9.21,9.48,9.11,8.8,9.18,8.4,9.23,9.11,8.54,8.18,6.76,9.2,8.77,9.1,9.16,8.93,6.33
BCLAF1,8.66,8.4,8.29,8.52,7.87,7.91,7.91,8.17,8.75,8.55,8.35,8.67,8.63,7.12,8.25,8.23,8.31,8.28,8.41,8.82,7.84,8.05,8.05,7.94,8.03,7.86,8.23,8.48,7.92,6.17,6.02,5.82,8.04,8.27,8.1,7.88,7.73,8.26,6.48,7.95,8.02,7.55,7.06,6.5,7.85,7.52,8.1,8.29,8.34,7.4
BCLAF1,4.32,4.09,3.98,4.1,3.68,3.64,3.42,3.71,4.8,4.16,3.79,4.16,4.15,3.91,4.13,3.99,4.32,3.96,4.29,4.5,3.95,3.48,3.78,3.83,3.64,3.86,4.04,4.12,3.85,4.15,3.51,3.05,4.01,3.94,4.02,4.06,4.11,3.96,3.6,3.89,3.7,3.36,3.65,3.66,3.72,3.61,3.94,3.92,3.94,3.37
BCLAF1,10.15,10.19,10.1,10.05,10.19,9.98,9.98,10.02,10.28,9.99,10.15,10.13,9.99,10.28,10.07,9.89,9.94,10.25,10.1,10.2,9.78,9.85,9.82,9.84,9.78,9.8,10.07,10.24,10.08,9.11,8.05,9.03,9.98,9.97,10.21,9.91,9.77,9.6,9.9,9.97,9.9,9.41,9.51,9.23,9.9,9.57,9.89,10.05,9.95,9.38
BCLAF1,11.93,12.1,11.82,11.9,11.97,11.97,11.68,11.78,11.93,11.83,12,11.82,11.89,11.88,11.86,11.76,11.76,12.02,12.07,11.95,11.55,11.5,11.77,11.59,11.56,11.63,11.88,11.84,11.94,11.9,10.68,11.39,11.79,11.67,11.72,11.67,11.75,11.58,11.67,11.61,11.81,11.63,11.77,11.95,11.78,11.79,11.75,11.84,11.98,11.52
BCLAF1,4.97,4.68,4.9,4.81,5.12,4.46,4.17,4.47,4.75,5.03,4.88,4.62,4.51,5.18,4.67,4.74,4.54,4.73,5.15,5.06,4.96,4.73,5.03,4.55,4.66,4.66,5.61,5.01,5.21,4.23,4.93,5.3,4.1,4.43,4.68,4.96,4.74,5.14,4.33,4.95,4.67,4.98,4.96,4.77,4.82,4.24,4.57,5.12,5.19,7.11
BCMO1,7.41,7.33,7.25,7.18,7.31,7.07,6.26,7.41,7.3,7.31,7.43,7.48,7.49,7.9,7.3,7.44,7.34,7.29,7.26,7.7,7.42,7.49,7.51,7.29,7.36,7.29,7.6,7.46,6.94,6.16,6.42,7.27,7.26,7.32,7.51,7.32,7.01,7.06,6.82,7.46,7.1,7.41,7.4,7.11,7.03,7.1,7.56,7.55,7,8.18
BCMO1,3.6,3.85,3.64,3.87,4.29,3.73,4.73,3.47,3.48,3.72,3.68,3.98,3.84,4.17,3.61,3.7,3.64,3.67,3.62,3.46,3.86,3.79,3.76,3.55,3.41,3.54,3.65,3.72,3.86,5.34,4.07,4.29,3.76,4.11,3.76,3.48,3.88,3.53,3.93,3.44,3.59,3.54,3.76,4.25,3.56,3.67,3.42,3.5,3.45,3.59
BCMO1,4.4,4.36,4.47,4.35,5.16,4.91,5.2,4.63,4.24,4.44,4.45,4.57,4.26,5.86,4.35,4.52,4.34,4.55,4.26,4.28,4.49,4.94,4.45,4.49,4.32,4.32,4.54,4.19,4.79,5.45,6.78,5.96,4.62,4.16,4.36,4.51,4.94,4.54,6.84,4.34,4.66,4.74,4.83,4.91,4.31,4.89,4.28,4.66,4.16,5.97
BCO2,5.25,5.62,4.89,5.36,5.39,5.58,6.1,5.44,5.22,5.1,5.39,5.47,5.43,5.62,5.16,5.02,4.97,5.23,5.38,5.43,5.59,5.69,5.4,5.06,5.16,5,5.54,5.28,5.3,5.03,5.05,7.35,5.39,5.32,5.19,5.13,5.66,5.38,5.52,5.09,5.5,5.47,5.41,5.61,5.4,5.1,5.2,5.3,4.9,6.3
BCO2,5.05,5.21,4.56,5.02,4.69,4.73,5.81,4.88,5.1,5.02,5.18,5.16,5.06,5.03,4.71,5.13,4.88,4.89,4.77,4.79,4.9,5.69,5.21,4.75,5.17,4.69,5.07,4.87,4.88,4.59,4.3,4.72,4.7,4.78,5.11,4.69,4.97,4.72,4.74,4.84,5.4,4.99,4.94,4.76,4.71,4.47,4.6,4.75,5.19,5.07
BCOR,8.79,8.96,8.86,8.85,8.92,8.78,8.78,9.03,8.82,8.95,8.99,8.77,8.77,7.62,8.8,8.79,8.96,8.84,8.94,9,9.03,8.89,9.23,8.96,8.87,9.09,8.83,8.83,8.89,8.05,7.76,7.69,9.2,9.16,9.3,8.94,9.02,9.04,7.97,8.89,9.01,9.26,9.06,8.26,9.17,9.06,9.23,9.09,9.15,7.36
BCOR,8.67,8.42,8.35,8.44,8.39,8.3,8.55,8.78,8.65,8.69,8.24,8.44,8.46,5.84,8.43,8.7,8.54,8.61,8.79,8.81,8.66,8.85,8.57,8.56,8.72,8.74,8.55,8.62,8.48,6.99,5.28,5.52,9.01,9.11,9.09,8.54,8.52,8.82,7.85,8.67,8.5,9.07,8.82,5.82,8.81,8.98,9.09,8.85,8.69,5.96
BCOR,5.3,4.71,5.46,5.03,4.79,5.66,5.36,5.53,5.08,5.2,5.21,4.8,4.96,5.22,4.79,5.24,5.66,5.6,5.04,5.64,5.2,5.3,5.38,5.45,5.24,5.53,5.38,4.86,5.33,4.98,5.99,6.38,5.45,5.33,5.45,5.04,4.66,4.76,5.76,5.25,4.93,5.9,6.12,5.15,5.41,6.12,5.22,5.03,4.95,4.54
BCORL1,6.1,6.19,5.9,6.04,6.28,5.88,5.74,6.32,6.23,6.18,6.34,6,6,7.08,6.12,6.02,6.25,5.95,6.31,6.16,6.31,6.16,6.57,6.25,6.14,5.99,6.1,6.22,6.35,5.8,5.48,5.36,6.04,6.4,6.17,5.99,5.88,6.01,6.89,6.13,6.15,6.62,6.44,5.7,6.02,6.46,6.2,6.03,6.62,6.38
BCORL2,4.1,4.6,4.17,4.34,4.61,4.29,4.81,4.42,4.28,4.35,4.4,4.25,4.45,4.75,4.41,4.19,4.2,4.41,4.22,4.24,4.37,4.44,4.23,4.16,4.19,4.38,4.51,4.28,4.19,4.24,5.72,4.55,4.19,4.27,4.44,4.27,4.2,4.25,4.24,4.32,4.48,4.37,4.66,5.43,4.67,4.44,4.09,4.52,4.39,5.24
BCR,7.68,7.43,7.79,7.6,7.98,7.94,7.93,7.7,7.45,7.52,7.67,7.3,7.33,5.18,7.27,7.39,7.49,7.49,7.68,7.58,7.52,7.35,7.7,7.62,7.52,7.31,7.72,7.28,7.83,7.71,4.97,5.9,7.66,7.54,7.72,7.42,7.71,7.4,8.11,7.76,7.86,7.86,7.82,4.64,7.56,7.52,7.28,7.68,8.16,5.21
BCR,6.82,6.8,7.16,7.09,7.52,7.56,6.87,7.16,6.87,6.74,6.96,6.82,6.78,4.77,6.86,6.99,6.72,6.98,6.88,6.93,6.9,6.65,7.13,7.15,6.85,6.71,7.22,6.92,7.43,7.61,4.63,5.81,7.1,7.09,6.85,6.7,7.11,6.89,6.78,7.2,7.19,7.27,7.25,5.47,6.97,7.05,6.93,7.06,7.27,6.19
BCR,4.94,5.08,5.12,4.98,5.01,5.45,5.95,5.65,5.36,5.35,4.91,5.19,5.21,5.63,5.06,5.59,5.35,5.23,5.2,5.13,5.32,4.93,4.89,5.14,4.86,5.56,5.38,5.19,5.36,5.01,5.98,7.13,5.43,5.19,5.08,4.84,4.96,4.72,5.83,5.33,5.55,4.55,5.69,6.88,5.74,5.4,5.14,5.25,4.89,5.73
BCR,7.21,7.07,7.62,7.28,7.47,7.69,7.24,7.88,7.24,7.31,7.32,7.11,7.09,6.22,7.07,7.12,6.95,7.17,7.35,7.16,7.21,7.02,7.33,7.14,7.05,7.39,7.57,7.14,7.59,7.16,5.78,5.43,7.35,7.08,7.32,7.09,7,7.4,7.29,7.36,7.21,7.9,7.8,6.91,7.39,7.21,7.31,7.38,7.45,5.71
BCR,4.54,4.51,4.14,4.41,4.4,4.25,4.75,4.61,4.45,4.54,4.41,4.3,4.38,4.59,4.31,4.27,4.51,4.3,4.23,4.23,4.51,4.3,4.21,4.43,4.45,4.59,4.67,4.48,4.47,5.5,5.63,5.59,4.49,4.6,4.78,4.38,4.51,4.36,5.59,4.51,4.81,4.4,4.8,5.26,4.73,4.57,4.41,4.5,4.64,5.77
BCR,3.68,3.66,3.64,3.74,3.65,3.63,3.78,4.09,3.44,3.62,3.91,3.8,3.63,3.75,3.55,3.62,3.51,3.81,3.58,3.38,3.57,3.68,3.61,3.5,3.82,3.37,3.52,3.5,3.57,3.82,3.77,4.92,3.52,3.74,3.68,3.45,3.54,3.42,4.04,3.51,3.35,3.57,3.59,4.03,3.57,3.79,3.56,3.61,3.47,3.97
BCR,3.77,3.89,4.12,4.18,3.54,4.67,4.38,4.03,3.81,4.07,4.16,3.63,3.95,4.09,3.76,4.03,4.16,4.06,3.95,3.89,4.1,3.91,3.75,4.26,3.85,4.24,4.09,3.77,4.16,4.65,4.59,5.83,3.71,3.98,4,3.88,3.94,3.88,4.51,3.88,4.09,3.64,3.96,4.66,4.78,3.93,5.06,4.36,3.94,5.25
BCR,3.53,3.65,3.78,3.68,3.72,3.67,4.22,3.56,3.51,3.67,3.8,3.58,3.49,3.74,3.68,3.93,3.5,3.64,3.38,3.5,3.52,3.79,3.49,3.58,3.59,3.8,3.57,3.62,3.41,4.39,5.79,5.83,3.52,3.44,3.51,3.72,3.59,3.78,4.43,3.54,3.6,3.68,3.58,3.95,4.01,3.65,4.14,3.87,3.75,3.68
BCR,4.57,4.21,4.25,3.88,4.43,4.22,5.41,4.14,4.34,4.22,3.85,4.12,3.98,4.38,4.31,4.25,4.36,4.16,4.28,4.29,4.22,4.22,4.18,4.33,4.09,4.44,4.48,3.97,4.15,5.01,4.56,4.92,4.21,4.18,4.25,4.27,4.52,4.38,4.73,4.23,4.44,4.14,4.09,5.84,4.45,4.32,4.86,4.18,4.12,4.61
BCR /// FLJ42953 /// LOC100290826,5.35,5.3,5.32,5.68,5.45,5.37,5.05,5.65,5.58,5.42,5.65,5.49,5.43,5.46,5.39,5.47,5.17,5.67,5.38,5.29,5.31,5.22,5.56,5.18,5.33,5.33,5.59,5.23,5.32,5.44,5.59,5.41,5.39,5.26,5.33,5.18,5.45,5.29,5.57,5.02,5.53,5.56,5.38,5.29,5.51,5.56,5.46,5.47,5.79,4.61
BCS1L,8.62,8.45,8.53,8.52,8.65,8.16,7.76,8.4,8.55,8.5,8.23,8.43,8.6,7.19,8.25,8.4,8.4,8.74,8.91,8.65,8.12,8.04,8.15,8.17,8.12,8.2,8.59,8.55,8.52,7.66,4.06,5.9,8.27,8.31,8.11,8.29,8.17,8.3,8.35,8.54,8.5,8.43,8.21,6.33,8.33,8.48,8.42,8.53,8.6,5.62
BCS1L,9.74,9.75,9.83,9.69,9.87,9.84,9.61,9.8,9.61,9.63,9.64,9.68,9.69,8.53,9.52,9.48,9.58,9.97,9.96,9.93,9.4,9.22,9.36,9.31,9.31,9.39,9.81,9.61,9.84,9.44,6.07,8.35,9.61,9.59,9.46,9.53,9.54,9.62,9.74,9.71,9.66,9.59,9.67,7.6,9.64,9.64,9.63,9.66,9.67,7.67
BDH1,5.2,5.51,5.52,5.75,5.21,5.46,5.33,5.62,5.35,5.46,5.31,5.37,5.08,5.25,4.78,4.81,4.67,5.65,5.29,5.06,4.9,4.91,5.29,5.04,4.89,4.92,5.24,5.48,5.45,4.78,5.05,4.79,4.77,4.89,4.86,4.96,4.84,5.19,5.08,5.04,4.96,4.86,5.31,5.67,5.08,4.49,5.06,5.18,4.97,4.53
BDH1,6.08,5.58,6.36,6.06,6.43,6.64,5.74,6.45,6.26,5.98,5.86,5.83,5.43,4.55,5.54,5.26,5.69,6.31,6.21,6.34,5.62,5.28,5.27,5.3,5.29,5.73,6.4,6.25,6.2,5.93,4.8,4.79,5.75,5.69,5.91,5.7,5.87,6.18,4.9,5.92,6.06,6.2,6.25,4.03,6.01,5.43,5.25,5.91,6.23,5.57
BDH2,9.02,8.99,9.22,9.07,9.16,9.18,8.67,9.2,9.15,9.09,9.1,8.92,8.99,8.68,9.28,9.28,9.32,9.05,9.2,9.17,9.64,9.52,9.6,9.44,9.42,9.43,9.01,9.15,9.03,8.81,7.82,7.63,9.07,9.04,9.07,9.49,9.29,9.58,8.71,9.15,9.22,9.17,9.03,8.32,9.42,9.42,9.29,9.23,9.08,7.82
BDH2,7.46,7.37,7.45,7.51,6.97,7.27,6.78,7.45,7.37,7.41,7.44,7.46,7.34,7.48,7.69,7.46,7.7,7.4,7.4,7.57,7.83,7.58,7.64,7.63,7.59,7.79,7.44,7.37,7.33,7.21,6.42,5.73,7.24,7.38,7.56,7.76,7.63,7.91,7.8,7.41,7.42,7.4,7.46,5.87,7.5,7.83,7.59,7.5,7.55,6.59
BDH2,3.65,4.37,3.9,4.04,4.21,4.45,3.72,3.7,4.1,3.74,4.24,3.94,4.05,4.16,3.95,4.01,4.28,4.29,4.23,4.06,3.88,3.9,3.98,4.2,3.91,3.76,3.73,4.16,3.84,3.9,4.25,4.13,4.08,4.06,4.01,3.99,4.1,4.03,3.82,3.75,3.88,4.04,4.06,4.97,4.36,3.74,4.08,3.96,4.08,4.39
BDH2,5.45,5.05,5.45,5.39,4.68,5.31,4.29,5.36,5.33,5.37,4.91,5.41,5.13,4.71,5.31,5.41,5.64,5.26,5.45,5.38,5.27,5.8,5.08,5.27,5.32,5.72,5.18,5.25,4.78,4.59,5.03,4.49,5.39,5.39,5.01,5.4,5.35,5.25,4.78,4.76,4.72,5.17,5.04,5.18,4.88,5.01,4.5,5.34,4.82,5.4
BDKRB1,4.43,4.61,4.37,4.42,4.13,4.13,4.55,4.21,4.45,4.26,4.84,4.5,4.53,5.66,4.92,4.79,4.57,4.64,4.59,4.63,4.77,4.72,4.56,4.13,4.82,4.51,4.23,4.51,4.2,3.92,4.7,4.45,4.77,4.61,4.64,4.45,4.3,4.24,4.04,4.91,4.4,4.64,4.69,5.01,4.11,4.52,4.37,4.72,4.17,7.29
BDKRB2,3.92,3.67,3.68,3.77,3.95,3.34,4.26,3.6,3.88,3.86,3.86,3.72,3.75,5.25,3.94,3.99,3.71,3.88,3.79,3.62,4.23,3.93,3.96,4.05,3.74,3.67,3.74,4,3.83,3.76,4.12,3.85,3.88,3.98,3.97,3.89,4.1,3.65,3.68,3.69,3.75,4,3.85,4.09,3.6,3.61,3.94,3.77,3.51,3.75
BDKRB2,4.38,4.22,4.23,4.35,4.27,4.31,4.55,4.41,4.2,4.13,4.25,4.36,4.41,4.34,4.51,4.59,4.55,4.59,4.34,4.58,4.23,4.51,4.37,4.42,4.37,4.27,4.76,4.32,4.39,5.07,4.38,6.01,4.41,4.25,4.53,4.37,3.95,4.47,4.5,4.63,4.5,4.31,4.34,4.51,4.42,4.59,4.62,4.36,4.43,4.74
BDNF,4.01,3.59,3.79,3.7,3.76,4.56,3.73,3.93,3.8,3.74,4.08,3.85,3.79,5.18,4.05,3.73,4.04,3.88,3.55,3.74,3.9,4.06,3.93,3.83,4,3.87,3.52,3.78,3.72,3.99,5.71,4.25,3.71,3.65,4.22,3.8,3.52,3.82,3.83,3.97,3.68,3.57,3.72,4.72,3.75,3.87,4.23,4.1,3.76,5.67
BDNF,4.12,4.48,4.75,4.23,5.11,4.54,4.24,4.72,4.59,4.2,4.94,4.16,4.18,6.75,4.93,5.27,4.68,4.56,4.03,4.65,4.36,4.56,4.67,5.26,4.82,4.24,4.16,4.9,4.57,4.08,3.88,6.19,4.4,4.32,4.91,5.11,4.01,4.83,5.01,4.33,4.82,4.86,4.45,5.47,3.85,4.77,4.5,5.03,4.57,6.45
BDNF,4.13,4.17,4.11,4.16,4.52,3.77,4.52,4.07,3.9,4.2,4.28,4.36,4,5.36,4.19,4.29,4.04,4.22,4.2,4.01,3.95,4.4,4.32,4.23,3.95,4,4.44,4.37,4.34,6.35,5,4.67,4,4.28,4.5,4.09,4.24,4.13,3.81,4.26,4.1,4.32,4.35,4.07,4.36,4.01,3.94,3.88,4.12,4.27
BDNF,3.74,3.82,3.77,3.72,3.62,3.52,3.57,3.5,3.64,3.69,3.86,3.67,3.72,5.04,3.89,4.02,3.78,3.77,3.59,3.7,3.9,4.02,3.72,3.9,3.87,4.19,3.89,3.79,3.57,3.95,5.89,4.53,3.77,3.83,4.15,3.65,3.61,3.86,3.9,3.87,3.63,3.67,3.41,5.85,4.08,3.58,4.2,3.45,3.93,4.55
BDNF,3.85,3.73,4.14,3.65,3.74,3.84,4.06,3.81,3.95,3.7,3.8,3.71,3.72,3.92,4.1,4.45,4.35,3.82,3.83,3.69,4.09,4.12,4.68,4.71,4.11,4.08,3.86,4.02,3.93,3.75,4.37,3.94,4.18,4.25,4.15,4.18,4.46,4.26,3.8,3.68,3.69,3.94,3.68,4.65,3.98,3.6,3.84,3.93,3.73,5.29
BDP1,9.65,10.16,9.49,9.55,9.33,9.34,9.05,9.62,9.82,9.65,9.83,9.64,9.69,8.73,9.88,9.75,9.88,9.35,9.55,9.53,9.43,9.62,10.15,9.66,9.72,9.73,9.58,9.47,9.77,9.56,7.1,8.46,9.94,9.92,9.93,9.66,9.66,9.68,9.33,9.5,9.6,9.45,9.66,8.77,9.48,9.56,9.54,9.56,9.7,8.2
BDP1,4.17,4.06,4.46,4.05,4.01,4.05,4.17,4.24,4.07,4.08,3.94,3.93,3.76,5.82,4.15,4.35,3.93,4.23,4.31,4.14,4.06,4.23,4.04,4.36,4.2,4.2,4.12,3.86,4.17,4.04,5.15,5.01,4.42,4.38,4.39,4.85,4.45,3.83,4.39,3.72,4.17,4.15,4.52,4.13,4.35,4.19,4.38,4.11,4.22,5.62
BDP1,5.78,5.7,5.78,5.72,5.59,6.78,5.34,5.99,5.99,5.46,5.68,5.48,5.56,5,6.24,5.6,6.1,5.64,6,5.54,6.09,5.65,6,6.17,5.56,5.96,5.96,5.51,5.88,5.13,5.55,5.04,5.96,5.59,5.62,6.04,5.93,5.81,4.5,6.09,5.8,5.74,5.85,6.44,6.09,5.65,5.49,5.4,5.21,5.09
BEAN,4.39,4.32,4.22,4.42,4.52,4.07,4.5,3.98,4.58,4.21,4.69,4.3,4.54,5.15,4.37,4.28,4.25,4.51,4.69,4.13,4.26,4.6,4.46,4.13,4.47,4.09,4.08,4.55,4.3,4.32,4.65,5.25,4.29,4.55,4.1,4.21,4.23,4.48,3.85,4.02,4.21,4.18,4.5,5.04,4.02,4.3,4.27,4.57,4.31,5.23
BECN1,7.59,6.99,7.31,7.42,6.75,7.12,6.96,7.29,7.73,7.72,6.83,7.52,7.5,5.31,7.56,7.53,7.65,7.53,7.48,7.86,7.67,7.58,7.21,7.65,7.54,7.88,7.51,7.48,7.01,5.98,4.98,5.71,7.45,7.48,7.47,7.57,7.34,7.59,6.23,7.43,7.21,7.4,6.91,4.52,7.42,7.19,7.62,7.56,7.35,5.53
BECN1,9.42,8.88,9.12,9.15,8.85,8.81,9.09,9.06,9.3,9.3,8.72,9.26,9.29,6.69,9.26,9.23,9.28,9.25,9.3,9.31,9.37,9.4,8.95,9.45,9.35,9.38,9.13,9.26,8.89,7.33,6.43,6.71,9.13,9.06,9.23,9.22,8.9,9.24,8.34,9.07,8.96,9.02,8.77,7.39,9.12,9.15,9.33,9.25,9.1,7.9
BECN1,11.4,11.52,11.41,11.43,11.46,11.47,11.37,11.38,11.43,11.42,11.59,11.48,11.37,11.52,11.54,11.48,11.51,11.42,11.43,11.44,11.62,11.66,11.84,11.58,11.58,11.62,11.41,11.4,11.39,11.36,10.85,11.07,11.55,11.48,11.48,11.56,11.51,11.48,11.25,11.45,11.54,11.42,11.5,11.25,11.56,11.49,11.53,11.51,11.54,10.9
BECN1,10.15,9.97,10.21,10.11,10.05,10.08,10.42,10.46,10.03,10.28,9.91,10.15,9.95,11,10.33,10.3,10.26,10.17,10.18,10.38,10.5,10.36,9.9,10.39,10.36,10.41,10.2,10.23,9.98,9.92,12.08,10.9,10.17,10.13,10.25,10.23,10.2,10.31,10.37,10.35,10.11,10.17,10.25,11.01,10.37,10.38,10.33,10.2,10.13,11.33
BECN1,10.21,10.08,9.89,10.1,9.9,9.95,10.06,10,10.08,10.08,9.9,10.12,10.17,7.55,9.93,10.09,10.18,10.02,9.99,9.97,10.39,10.27,10.05,10.1,10.08,10.13,9.94,9.9,10.01,10.37,7.28,8.36,10.01,10.06,10,9.97,10.07,10.04,10.28,9.98,9.95,9.89,10.23,7.75,10.17,10.08,10.03,10.11,10.12,7.54
BECN1,10.24,10.22,10.17,10.25,10.07,10.11,10.26,10.22,10.21,10.3,9.94,10.3,10.36,9.39,10.33,10.23,10.34,10.16,10.15,10.26,10.56,10.5,10.25,10.39,10.3,10.45,10.25,10.29,10.11,10.21,9.13,9.54,10.21,10.2,10.29,10.24,10.21,10.26,10.14,10.18,10.11,10.16,10.14,9.86,10.33,10.38,10.28,10.29,10.21,10.1
BEGAIN,9.05,9.06,9.29,9.21,9.47,9.46,9.48,9.45,8.79,9.11,9.47,9.21,9.09,9.16,9.35,9.27,9.34,8.95,8.87,8.8,9.7,9.63,9.89,9.69,9.73,9.56,9.21,9.12,9.38,9.37,9.66,9.95,9.34,9.45,9.41,9.63,9.57,9.62,9.2,9.42,9.36,9.93,9.88,9.52,9.21,9.41,9.17,9.13,9.45,8.47
BEND2,3.92,4.05,4.08,3.91,3.88,4.03,4.08,4.11,3.84,3.95,4.2,3.74,4.12,4.45,3.94,4.11,3.94,4.36,4.04,4.12,4.01,4.1,3.96,3.87,3.86,3.85,3.76,3.92,4.32,5.4,4.15,4.62,3.94,3.99,3.91,3.96,3.96,4.07,3.98,4.49,3.86,4.1,4.37,5.49,3.92,4.18,3.95,3.71,3.86,5.08
BEND2,3.78,3.44,3.47,3.52,3.54,3.81,3.94,3.72,3.64,3.53,3.52,3.48,3.45,3.92,3.56,3.61,3.63,4.03,3.61,3.63,3.45,3.55,3.66,3.33,3.56,3.37,3.56,3.57,3.47,4.01,4.75,3.95,3.5,3.5,3.62,3.76,3.57,3.57,3.9,3.92,3.71,3.65,3.28,4.03,3.38,3.78,3.62,3.64,3.53,3.78
BEND3,5.64,5.39,5.88,6,6.36,5.57,4.2,5.72,5.62,5.56,5.75,5.33,4.94,4.56,5.15,5.22,5.38,5.35,5.08,5.37,4.67,5.03,5.08,4.92,5,4.73,5.46,5.74,6.02,5.26,4.22,4.71,5.1,4.69,4.98,5.3,4.99,5.2,4.82,5.53,5.62,5.61,5.45,4,6.22,5.83,5.97,5.28,5.54,5.59
BEND3,8.04,8.28,8.1,8.22,8.55,8.25,7.91,7.77,8.16,8.11,8.4,7.62,7.67,8.12,7.72,7.52,7.85,8.12,8.01,8.12,7.47,7.48,7.74,7.52,7.51,7.78,8.15,8.22,8.42,8.39,7.24,7.1,7.44,7.42,7.32,7.77,7.61,7.87,8.18,8.04,8.17,7.9,7.94,7.48,8.36,8.32,8.42,8.01,8.06,7.4
BEND3,4.25,4.16,3.71,4.09,3.82,4.53,4.11,4.22,4.13,4.08,3.98,4.08,4.22,3.97,4.13,4.27,4.04,4.14,4.13,4.04,4.25,4.22,4.11,4.01,4.21,4.25,4.65,3.97,3.94,4.95,5.54,3.96,4.32,4.1,4.2,4.15,4.57,4.31,4.55,4.38,3.78,3.8,3.86,4.19,4.38,4.67,3.97,3.94,4,3.96
BEND4,4.06,4.04,3.97,4.01,3.82,4.71,4.08,4.16,3.89,3.97,4.1,4.18,3.92,5.3,4.04,3.83,3.87,3.92,3.85,3.73,3.84,3.92,4.06,4.19,3.92,3.9,3.79,4.05,3.92,5.36,5.72,4.67,3.83,3.77,4.09,4.1,3.98,3.83,4.38,3.91,3.99,4.07,4.01,5.67,4.14,4.14,3.87,3.87,4.01,4.65
BEND4,4.52,4.23,4.39,4.48,5.11,4.35,5.62,4.59,4.33,4.75,4.77,4.5,4.47,4.24,4.47,4.32,4.31,4.46,4.44,4.71,4.25,4.55,4.52,4.65,4.77,4.62,4.25,4.65,4.38,5.9,5.9,4.17,4.75,4.67,4.15,4.39,4.28,4.42,4.27,4.16,4.54,4.74,4.47,5.41,4.68,4.49,4.27,4.26,4.63,5.64
BEND5,4.04,4.41,4.31,4.4,4.33,4.16,3.93,3.85,4.01,4.04,4.51,4.28,4.17,5.04,3.91,4.06,4.01,4.2,4.06,3.97,4.37,4.04,4.28,4.08,4.16,4.12,4.06,4.03,4.1,4.66,4.4,4.93,4.17,4.17,4.28,4.01,4.18,3.99,4.11,3.97,3.94,4.36,4.04,4.71,4.24,4.15,4.04,4.26,4.24,4.61
BEND6,4.98,4.72,4.34,4.57,4.73,4.85,4.99,5.04,4.84,4.56,4.49,4.62,4.75,4.8,4.08,3.92,4.53,4.53,4.62,4.76,4.44,4.58,4.58,4.24,4.13,4.44,4.56,4.84,4.62,5.6,6.95,6.3,4.4,3.95,4.15,4.22,4.5,4.31,5.3,4.55,4.73,4.58,4.41,5.71,4.53,4.49,4.28,4.41,4.69,4.87
BEND6,5.4,5.78,5.7,5.28,6.32,6.17,5.5,5.38,5.77,5.74,5.72,5.31,5.23,5.78,5.26,4.89,4.96,5.56,5.61,5.43,5.01,4.89,5.31,5.04,5.21,4.78,5.61,5.44,5.62,4.46,5.61,5.77,4.69,4.64,4.95,5.03,4.96,4.95,5.6,5.77,5.05,5.13,5.22,5.5,5.19,5.39,5.64,5.47,5.78,6.1
BEND6,4.56,4.67,5.14,4.79,4.82,5.06,4.42,5.04,4.8,4.66,4.74,4.84,4.66,4.49,4.68,4.45,4.51,4.63,5.01,4.73,4.63,4.56,4.6,4.42,4.78,4.85,4.61,4.81,4.41,6.43,5.81,5.18,4.59,4.76,4.62,4.87,4.82,4.61,4.98,4.74,4.86,4.85,5.03,4.44,4.81,5.55,4.41,4.64,4.86,5.13
BEND7,3.84,4.55,3.8,3.9,3.94,4.25,4.86,4.01,4.03,3.94,4.4,3.91,4.18,4.07,3.91,4.05,3.8,3.79,3.71,3.66,3.79,3.98,3.9,3.6,3.81,3.89,4.02,3.75,3.79,4.37,5.5,3.94,3.84,4.05,3.98,3.73,3.96,3.63,3.91,3.94,3.96,4.11,3.95,3.78,4.28,4.15,3.76,4.19,4.37,4.25
BEND7,3.79,4.03,4.04,4.13,3.57,3.7,5.02,3.88,3.9,3.85,3.92,4.22,3.84,3.98,3.7,4.15,3.79,3.82,3.89,3.65,3.77,3.99,4.02,4.03,3.89,3.81,3.83,3.87,4.08,4.22,6.2,4.74,4.05,3.89,4.14,3.72,3.85,3.79,3.91,4.09,3.52,3.75,4.18,3.62,3.63,3.99,3.84,3.94,4.04,3.63
BEST1,4.1,4.38,4,4.35,4.11,4.13,4.29,4.23,4.07,4.08,4.17,4.35,4.14,4.5,3.99,3.91,4,3.97,4.41,4.36,4.29,4.03,4.32,3.78,4.02,3.68,4.13,4.27,3.97,3.8,5.33,5.13,4.3,4.08,4.07,4.06,3.91,4.01,4.03,4.3,4.01,3.84,4.48,4.94,4.05,4.23,4.16,4.25,4.2,5.19
BEST1,4.08,4.1,4.07,3.97,4.25,4.33,3.9,4.52,3.98,4.11,4.19,4.28,4.1,4.58,3.98,4.03,4.17,4.13,4.21,4.22,4.08,4.12,4.09,4.27,3.93,4.17,4.16,4.08,4.11,4.88,4.45,4.76,4.16,4.28,4.06,3.93,4.33,4.19,4.41,4.3,4.11,4.05,4.26,5.45,4.43,4.94,4.1,4.21,4.23,4.39
BEST1,3.89,4.66,3.58,3.52,3.92,3.87,3.69,3.36,3.85,3.61,3.98,3.95,4.39,5.41,3.54,3.65,3.61,3.62,3.57,3.53,4.09,3.93,4.04,3.6,3.59,3.64,3.82,3.64,4.03,5.39,5.85,4.74,3.79,3.55,3.78,3.53,3.48,3.54,4.91,3.57,3.89,3.55,4.29,4.21,3.79,3.56,3.45,3.47,3.66,3.83
BEST1,3.59,3.74,3.79,3.67,3.93,3.71,3.77,4.15,3.82,3.55,3.67,3.79,3.47,3.87,3.69,3.75,3.81,3.79,3.62,3.88,3.88,3.96,3.86,3.75,3.74,4.03,3.92,3.92,3.59,4.86,4.57,3.93,3.79,3.68,3.9,3.77,3.95,3.78,4,3.65,3.87,3.96,4.98,4.1,3.82,3.7,3.66,3.62,3.85,4.29
BEST1,3.52,3.91,3.77,3.74,3.48,3.64,4.42,3.68,3.53,3.72,3.75,3.61,3.65,3.65,3.8,3.47,3.83,3.56,3.73,3.52,3.73,3.85,3.59,3.58,3.97,3.64,3.98,3.83,4.22,5.2,5.26,3.74,3.6,3.63,3.75,3.89,3.9,3.63,5.69,4.13,4.08,3.88,4.15,5.19,3.89,4.34,3.94,3.56,3.56,3.77
BEST1,4.42,4.26,4.07,4.22,4.17,4.23,4.58,4,4.05,4.28,4.07,3.98,3.86,4.03,4.05,3.74,3.9,4.09,4.11,4.3,4.16,4.23,4.08,3.64,3.92,3.85,3.94,4.24,4.2,3.87,3.91,3.7,3.93,3.89,3.87,3.99,4.07,3.77,3.49,3.69,4.03,4.28,3.7,3.83,3.7,4.17,4.13,4.21,3.74,4.7
BEST1,4.62,4.84,4.58,4.64,5.31,4.47,5,4.59,4.74,4.61,4.63,4.88,4.82,4.8,4.41,4.67,4.57,4.59,4.53,4.64,4.79,4.7,4.98,4.54,4.5,4.26,4.95,4.5,4.88,5.96,7.01,4.57,4.67,4.6,4.87,4.46,4.5,4.32,4.71,4.27,4.7,4.6,4.43,5.88,4.69,4.71,4.76,4.43,5.11,4.98
BEST2,4.37,4.37,4.14,4.54,4.18,4.19,6.09,4.2,4.51,4.37,4.24,4.43,4.18,4.04,4.43,4.06,4.21,4.47,4.7,4.04,4.5,4.52,4.28,3.94,4.37,4.16,4.23,4.4,4.46,4.05,6.71,4.5,4.17,4.26,4.42,4.24,3.91,4.05,6.09,4.4,4.6,4.2,4.7,4.88,4.45,4.52,4.62,4.74,4.05,4.89
BEST3,3.47,3.7,3.48,3.49,3.53,3.41,3.76,3.46,3.58,3.65,3.64,3.71,3.83,3.45,3.56,3.67,3.53,3.35,3.45,3.46,3.65,3.45,3.63,3.81,3.78,3.5,3.61,3.51,3.5,4.24,3.85,3.72,3.72,3.86,3.62,3.61,3.3,3.57,3.57,3.84,3.77,3.75,3.69,3.63,3.9,3.49,3.19,3.75,3.56,3.97
BEST3,4.16,4.13,4,4.07,4.63,4.2,6.2,4.24,4.14,4.01,4.36,4.15,4.18,5.36,4.19,4.51,3.86,4.23,4.31,4.27,4.15,4.15,4.37,4.52,4.47,4.05,4.08,4.31,4.37,6.13,5.17,5.65,3.76,3.91,4.35,4.62,4.07,3.92,5.29,4.59,3.97,4.21,4.33,5.25,4.02,4.15,4.38,4.2,3.97,5.63
BEST3,3.71,3.77,3.88,3.62,3.54,3.6,4.08,4.52,3.72,3.89,4.06,3.66,3.65,5.08,3.75,3.58,4.17,3.76,3.73,3.91,3.85,3.64,3.81,3.71,3.73,3.68,4.25,4.01,3.67,4.14,5.45,4.82,3.65,3.78,3.67,4.01,3.88,4.02,4.18,3.79,4.09,3.6,3.99,4.96,3.59,3.68,3.96,4.16,3.7,4.58
BEST4,4.62,4.56,4.53,4.77,4.77,5.2,4.4,5.15,4.59,4.78,4.82,4.64,4.62,4.63,4.68,4.49,4.79,4.9,4.45,4.23,5.02,5.15,5.14,5.17,5.26,4.98,4.72,4.98,4.76,4.71,4.44,4.74,4.66,4.53,4.43,4.9,5.22,5.01,4.32,4.65,4.88,5.03,4.99,4.93,5.4,5.68,5.69,4.88,4.9,4.46
BET1,4.22,3.93,3.96,4.3,4.24,4.14,4.82,3.98,3.87,4.05,3.95,4.07,4.2,4.31,4.02,3.95,4.05,3.77,3.88,3.92,4.08,3.94,4.21,3.64,3.95,3.78,3.89,3.91,4.05,4.4,4.82,4.6,4.06,4.04,4.12,3.81,4.44,3.72,4.43,3.89,4.07,4.15,4.29,4.63,4.09,4.45,4.08,4.01,3.96,4.43
BET1,8.85,8.86,8.72,8.67,8.21,8.39,8.23,8.39,8.97,8.93,8.66,8.97,9.02,7.28,8.68,8.77,8.98,8.66,8.79,8.93,8.97,8.88,8.84,8.51,8.8,8.79,8.74,8.8,8.52,7.17,7.73,7.93,8.46,8.51,8.27,8.62,8.56,8.76,7.42,8.61,8.5,8.55,8.71,7.92,8.69,8.5,8.54,8.8,8.8,6.94
BET1,8.18,8.58,8.23,8.16,8.26,8.03,8.32,8.36,8.38,8.38,8.54,8.3,8.48,7.91,8.34,8.47,8.5,8.34,8.36,8.49,8.33,8.36,8.29,8.35,8.23,8.52,8.26,8.23,8.07,8.04,7.08,7.3,7.96,8.21,8.06,8.24,8.31,8.44,7.99,8.1,8.45,8.2,8.04,7.15,8.34,8.17,8.22,8.33,8.64,7.78
BET1,8.05,7.89,8.07,8.08,7.19,7.35,7.83,7.88,8.18,7.91,7.59,8.11,8.12,6.5,7.93,7.81,7.96,8.05,8.18,8.15,8.02,7.85,7.87,7.8,7.87,8.02,7.84,7.82,7.97,7.59,6.47,7.12,7.84,7.82,7.7,8.05,8.16,8.08,8.22,7.94,7.96,8.02,7.3,7.51,8.09,8.14,8,8,8.08,7.05
BET1,6.33,6.31,6.13,6.18,6.13,5.92,6.58,6.22,6.4,6.29,5.93,6.38,6.37,5.45,6.06,6.24,6.21,6.27,6.45,6.38,6.24,6.06,6.11,6.15,6.22,6.22,6.28,6.28,6.11,5.5,5.63,5.17,5.99,6.19,6.09,6.22,6.31,6.35,6.68,6.27,6.26,6.17,5.9,4.83,6.25,6.12,6.36,6.32,6.32,6.15
BET1L,6.71,6.57,6.52,6.63,6.79,6.55,5.76,6.96,6.67,6.57,6.36,6.58,6.17,5.44,6.54,6.63,6.71,6.53,6.51,6.62,6.92,6.45,6.62,6.81,6.68,6.89,6.48,6.65,6.73,5.54,5.25,4.45,6.69,6.76,6.61,6.95,6.52,6.92,6.38,6.9,6.84,6.42,6.58,5.98,7.23,6.76,6.51,6.68,6.9,5.79
BET1L,5.16,4.46,4.84,4.9,5.3,4.87,4.31,5.26,4.97,4.86,4.93,4.61,4.49,4.81,5.07,4.89,5.33,5.13,4.85,5,4.7,4.91,4.49,5.28,4.97,4.5,5.09,5.05,4.51,4.96,6.16,3.76,5.11,5.17,5.17,5.05,4.37,5.25,5.08,4.86,4.87,4.85,5.26,4.86,4.7,5.04,4.62,5.09,4.72,4.59
BET1L,10.33,10.35,10.38,10.35,10.53,10.58,10.42,10.47,10.27,10.41,10.51,10.21,10.31,9.96,10.26,10.15,10.28,10.29,10.26,10.25,10.45,10.38,10.47,10.31,10.2,10.24,10.38,10.29,10.53,10.45,10.15,10.52,10.39,10.36,10.36,10.35,10.47,10.27,10.28,10.52,10.44,10.42,10.56,10.36,10.4,10.44,10.34,10.26,10.54,10.35
BET3L,4.14,4.28,4.21,3.88,3.9,4.4,5.11,3.9,3.81,4.23,3.96,4.39,4.11,5.38,3.84,4.3,3.87,3.81,3.69,3.97,4.1,4.11,4.01,3.94,4.1,3.7,4.1,3.67,4.14,4.7,5.61,5.48,4.1,3.94,3.84,3.75,4.11,3.87,4.65,3.57,3.59,3.57,3.87,3.84,4.04,3.74,3.75,4,3.97,4.39
BEX1,3.99,4.31,3.93,4.28,4.38,3.95,3.95,4.15,4.11,4.04,4.29,4.23,4.41,5.05,4.26,4.37,4.09,4.14,4.34,4.07,4.16,4.33,4.34,4.22,4.12,3.94,3.94,4.3,4.37,4.64,6.33,5.2,4.08,3.98,4.28,4.03,3.89,4.29,4.2,4.33,3.99,4.1,4.53,4.37,4.06,4.07,4.46,4.38,3.99,5.13
BEX2,3.55,3.59,4.05,3.98,3.68,3.66,4.12,3.93,3.75,3.52,3.87,3.68,3.68,3.93,3.69,3.92,3.64,3.81,3.59,3.59,3.91,3.91,3.85,3.62,3.75,3.79,3.86,3.96,3.56,4.65,4,4.28,3.66,3.76,3.58,3.67,3.86,3.68,4.19,3.46,3.74,3.9,3.75,4.42,3.63,3.76,3.79,3.86,3.54,4.07
BEX4,9.43,9.45,9.49,9.48,9.47,9.35,9.14,9.42,9.54,9.38,9.52,9.54,9.54,8.76,9.98,9.8,10.02,9.3,9.34,9.42,10.08,9.99,9.96,9.88,9.97,10.03,9.58,9.59,9.41,8.26,7.39,8.8,9.6,9.58,9.51,9.85,9.81,9.91,9.2,9.71,9.48,9.61,9.57,8.75,10.7,10.8,10.68,9.37,9.45,8.74
BEX5,8.61,8.61,8.66,8.72,8.79,8.8,8.02,8.45,8.71,8.57,8.77,8.94,8.79,8,8.79,8.6,8.85,8.88,8.92,8.65,8.72,8.7,8.92,8.75,8.87,8.8,8.95,8.88,8.67,8.23,7.16,6.49,8.29,8.5,8.5,8.78,8.71,8.85,8.86,8.82,8.86,8.6,8.47,8.12,9.26,9.21,9.09,8.9,8.89,7.11
BFAR,8.15,8.69,8.33,8.29,8.25,8.31,8.08,8.35,8.42,8.34,8.51,8.37,8.33,8.48,8.38,8.21,8.47,8.2,8.33,8.47,8.32,8.27,8.66,8.46,8.54,8.45,8.31,8.13,8.26,8.03,8.01,8.76,8.14,8.51,8.32,8.19,8.33,8.15,8.12,8.5,8.36,8.4,8.2,8.55,8.43,8.37,8.34,8.48,8.61,8.15
BFAR,8.75,9.09,8.94,8.78,8.75,8.96,8.32,8.53,8.91,8.83,9.15,8.84,8.9,9.25,8.79,8.82,9.05,8.74,8.83,8.97,8.8,8.75,9.18,8.97,9.04,8.87,8.94,8.86,8.89,8.92,6.59,9.04,8.86,8.96,8.73,9.04,8.81,8.85,8.5,9.02,9.02,8.86,8.77,9.09,8.89,8.93,8.84,8.95,8.94,8.93
BFAR,7.33,6.52,7.2,7.02,6.04,6.54,7.02,7.26,7.17,7.18,6.31,6.96,6.94,5.9,7.18,7.05,7.11,7.05,7.28,7.27,6.96,7.09,6.54,7.17,7.26,7.03,7.07,7.12,6.48,4.02,6.43,4.15,7.19,7.19,7.07,7.3,6.52,7.24,6.86,6.81,7.19,6.8,6.74,5.78,7.27,6.4,7.1,7.01,6.87,6
BFAR,7.95,7.37,7.78,7.55,7.44,7.59,7.23,7.54,7.77,7.89,7.28,7.48,7.61,7.25,7.77,7.83,7.67,7.57,7.72,7.84,7.68,7.53,7.4,7.53,7.68,7.64,7.64,7.7,7.47,5.63,6.54,7.28,7.98,7.77,7.64,7.69,7.7,7.67,6.99,7.77,7.66,7.58,7.41,7.1,7.53,7.26,7.89,7.69,7.73,7.55
BFSP1,3.62,3.7,3.71,3.56,4.24,3.86,4.24,3.99,3.66,3.75,3.65,3.66,3.66,4.53,3.74,4.18,3.78,3.98,3.77,3.73,3.64,3.74,3.7,3.72,3.62,3.83,3.61,3.81,3.63,5.51,5.06,4.95,3.89,3.6,3.75,3.91,4.35,3.88,4.04,3.63,3.74,3.71,3.67,3.95,3.78,4.1,3.57,3.67,3.68,3.63
BFSP2,4.25,4.09,4.02,4.25,4.38,4.18,4.59,4.82,4.28,3.91,4.29,4.5,4.19,5.85,4.24,4.46,3.96,4.29,4.26,4.33,4.25,4.38,4.25,4.24,4.5,4.29,4.29,4.17,4.26,6.08,4.07,4.94,4.27,4.21,4.48,4.45,4.46,4.13,4.28,4.28,4.15,4.32,4.48,4.81,4.19,4.14,4.34,4.43,4.09,4.79
BGLAP,6.48,6.35,6.76,6.67,6.84,6.86,6.07,7.11,6.77,6.85,6.52,6.32,6.46,6.61,6.54,6.77,6.86,7.19,7.06,6.97,6.63,6.46,6.61,6.72,6.62,6.77,6.86,6.57,6.57,5.51,5.85,7.47,6.3,6.51,6.53,6.92,6.9,6.7,5.67,6.9,6.65,6.87,6.43,6.44,7.11,6.89,6.95,6.73,6.77,6.88
BGN,3.57,3.71,3.76,3.95,4.03,3.76,4.33,3.63,3.54,3.61,3.67,3.69,3.76,4.89,3.81,3.71,3.63,3.75,3.82,3.62,3.66,3.98,3.65,4.11,3.63,3.73,3.6,3.76,3.97,5.34,5.91,5.65,3.63,3.58,3.69,3.75,3.58,3.63,4.43,3.67,3.82,3.85,4.67,5.17,3.93,3.93,3.54,3.74,3.66,4.31
BGN,4.89,4.87,5.11,5.15,5.03,5.07,3.95,5.46,5.36,5.46,5.11,5.42,4.74,6.14,5.21,5.57,4.97,5.42,5.25,5.63,5.12,5.39,5.24,5.04,5.58,4.92,5.02,5.42,4.91,5.69,4.84,5.42,5.38,4.75,5.34,5.25,4.67,5.22,4.63,5.13,5.02,6.13,5.58,6.01,5.02,4.93,5.29,5.56,5.15,6.28
BGN,6.04,6.12,6.09,6.32,6.51,6.08,6.47,6.36,5.84,6.1,6.29,6.19,6.02,7.74,6.14,6.38,5.79,5.93,6.03,6.34,5.96,6.3,6.1,5.99,6.15,5.9,6.15,6.18,5.86,5.68,5.97,7.03,5.9,5.91,6.31,6.15,6.06,5.81,5.78,5.92,5.97,6.49,6.19,6.43,6.11,6.04,6.24,6.14,5.91,7.41
BGN,5.06,5.11,5.49,4.99,5.04,5.5,6,5.38,4.99,5.14,5.31,5.19,4.99,6.53,5.33,5.43,5.17,5.59,5.3,4.93,5.11,5.34,5.12,5.13,5.34,5.25,5.4,5.32,4.89,4.96,5.8,6.58,4.86,5.21,5.3,5.38,5.11,5.55,5.12,5.24,5.14,5.52,5.35,6.88,5.22,5.34,5.81,5.02,4.83,7.25
BGN,5.71,5.83,5.66,5.75,5.77,5.08,6.12,5.26,5.58,5.56,5.56,5.92,5.56,6.22,5.74,5.68,5.4,6,5.66,5.49,5.69,5.67,5.41,5.66,5.63,5.57,5.51,5.71,5.77,5.05,5.6,4.92,5.72,5.6,5.61,5.67,5.78,5.46,5.21,5.48,5.12,5.86,5.97,6.04,5.97,5.75,5.47,5.3,5.53,7.29
BGN,4.5,4.71,4.84,4.93,4.57,4.5,4.56,4.88,4.51,4.72,4.79,4.7,4.55,6.14,4.52,4.4,5.07,4.6,4.59,4.94,4.71,4.85,4.43,4.6,4.52,4.51,4.62,4.74,4.7,4.45,5.37,5.15,4.78,4.65,4.72,4.59,4.75,4.31,4.77,4.75,5.18,4.88,4.64,5.34,5.34,4.72,4.44,4.44,4.65,5.57
BGN,4.72,4.81,4.98,4.58,4.54,4.26,5.28,4.61,4.58,5,4.35,4.58,4.58,4.56,4.91,4.69,4.99,4.59,4.25,4.43,5.1,4.84,4.64,5.04,4.62,4.9,4.31,4.85,4.69,4.6,6.23,5.57,4.49,4.55,4.59,4.58,4.6,4.63,4.35,4.68,4.92,5.07,4.53,4.36,4.6,4.49,4.42,4.25,4.65,5.62
BHLHA15,3.41,3.62,3.55,3.59,3.56,3.61,4.65,3.53,3.65,3.65,3.68,3.51,3.64,4.5,3.64,3.34,3.88,3.6,3.35,3.64,3.58,3.65,3.52,3.51,3.81,3.54,3.85,3.51,3.7,4.58,5.34,4.48,3.9,3.46,3.62,3.44,3.45,3.41,3.85,3.87,3.29,3.8,3.82,5.46,3.84,3.58,3.77,3.68,3.6,4.53
BHLHB9,3.74,4.19,4.06,4.14,4.14,3.67,4.18,4.05,4.13,3.96,4.24,3.85,4.1,5.44,3.93,4.34,3.97,4.25,4.02,4.05,4.1,4.13,4.18,4.16,4.35,4,4.05,4.25,4.11,6.22,4.71,3.98,3.81,4.04,4.17,4.19,4.1,4.11,4.85,4.19,4.14,3.96,4.32,5.35,4.17,4.52,4.07,4.09,4.09,5.33
BHLHE22,9.35,9.49,9.35,9.35,9.2,9.14,9.01,9.13,9.36,9.41,9.54,9.54,9.43,9.78,9.75,9.39,9.34,9.28,9.24,9.44,9.15,9.31,9.36,9.38,9.25,9.43,9.19,9.16,9.06,9.26,9.26,9.54,8.96,9.1,9.19,9.56,9.35,9.49,9.18,9.42,9.47,9.49,9.6,9.98,9.73,9.66,9.76,9.48,9.09,8.87
BHLHE22,4.66,4.6,4.74,4.99,4.81,4.33,5.03,5.15,4.78,4.93,4.42,4.74,4.62,4.9,4.6,4.71,4.63,4.67,4.36,4.52,4.71,4.67,4.34,4.18,4.21,4.62,5,4.56,4.77,5.92,5.55,4.49,5.1,4.65,4.58,4.53,4.79,4.76,6.42,4.27,4.63,4.49,4.51,4.67,4.44,4.5,4.58,4.44,4.59,5.42
BHLHE23,3.9,3.79,3.81,3.66,4.05,4.12,4.1,4.26,3.71,3.62,4.22,3.8,3.72,3.94,4.01,3.98,3.89,4.1,3.77,3.88,4,4.09,3.73,3.96,3.83,3.82,4.34,3.81,3.79,3.7,5.8,4.9,3.91,3.74,3.81,3.84,3.76,4.12,3.88,4.36,3.88,3.87,4.18,5.4,4.19,4.09,3.86,3.9,3.97,4.44
BHLHE40,9.43,9.32,9.63,9.44,9.38,9.24,9.62,9.5,9.33,9.57,9.07,9.25,9.39,8.36,9.93,10.12,10.01,9.31,9.37,9.38,9.96,9.81,9.61,9.97,9.85,10,9.43,9.33,9.38,9.27,7.72,8.92,10.3,10.34,10.23,9.89,10.14,10.06,10.04,9.65,9.59,9.78,9.52,9.17,9.75,9.97,9.76,9.64,9.74,8.69
BHLHE41,3.7,3.48,3.6,3.55,3.54,3.51,4.13,3.6,3.52,3.51,3.38,3.58,3.55,4.76,3.7,3.46,3.37,3.35,3.41,3.53,3.64,3.47,3.62,3.54,3.87,3.49,3.55,3.34,3.75,4.25,4.14,3.58,3.56,3.42,3.47,3.63,3.49,3.52,3.49,3.49,3.49,3.36,3.31,3.52,3.47,3.7,3.49,3.31,3.38,3.41
BHLHE41,4.11,4.29,4.23,4.46,4.2,3.75,4.13,4.04,4.24,4.27,4.18,3.99,4.2,4.51,4.16,4.35,4.12,4.28,4.47,4.26,4.05,4.33,4.24,4.03,4.05,4.11,4.05,4.14,4.36,4.02,6.08,5.09,4.36,4.22,4.22,4.22,4.45,4.18,5.03,4.07,3.88,3.9,4.01,6.21,4.55,4.37,4.03,3.95,4.03,4.88
BHLHE41,3.99,3.9,3.63,3.95,3.66,3.78,3.88,3.78,3.93,3.88,3.86,3.99,3.92,5.45,3.77,3.67,3.81,3.78,3.77,3.92,3.82,4.04,3.99,3.88,3.83,3.77,3.74,4.07,3.99,4.52,4.83,3.97,3.64,3.96,3.87,3.81,3.79,3.65,3.99,3.64,3.7,3.82,3.81,4.14,3.55,4.08,4,3.7,3.72,4.94
BHMT,3.39,3.28,3.53,3.41,3.84,3.64,4.32,3.85,3.65,3.43,3.55,3.37,3.51,3.75,3.55,3.56,3.53,3.49,3.37,3.42,3.43,3.37,3.67,3.78,3.59,3.46,3.6,3.48,3.46,5.3,5.43,3.95,3.39,3.52,3.34,3.47,3.65,3.52,4.52,3.35,3.64,3.56,3.59,4.52,3.73,4.04,3.67,3.62,3.64,4.6
BHMT,3.96,4.24,3.96,4.24,4.11,4.13,4.11,4.16,4.17,4.29,4.64,4.44,4.15,4.35,4.08,4.33,4.13,4.09,4.06,4.28,4.44,4.3,4.42,3.92,4.34,3.72,4.3,4.14,4.19,5.28,6.95,6.15,4.2,4.27,4.2,4.28,4.53,3.92,4.58,3.9,3.92,3.91,4.16,5.15,4.35,4.37,4.24,4.08,4.16,4
BHMT2,4.14,4.23,4.04,4.25,4.17,4.43,4.8,4.26,4.25,4.41,4.35,4.23,4.16,6.57,4.2,3.86,4.48,4.18,4.26,4.18,4.21,4.18,4.24,3.81,4,3.98,4.12,4.22,4.19,4.53,5.06,6.04,4.04,3.9,3.95,4.08,3.96,3.98,5.15,4.21,4.11,4.62,4.43,5.66,4.85,4.4,4.01,4.4,4.27,5.57
BICC1,3.93,3.94,3.79,4.02,4.53,4.09,4.09,3.72,3.79,3.99,3.9,3.95,3.78,5.25,4.15,4.19,3.99,4.06,4.06,4.33,4.13,4.02,3.8,4.12,4.03,4.18,3.95,3.9,4.16,4.45,6.18,5.59,3.99,3.96,4.15,3.65,4.36,4.19,3.92,3.75,4.01,3.98,4.6,5.95,3.91,4.24,3.92,4.26,4.14,5.13
BICC1,3.67,3.82,3.91,4.11,3.75,3.9,4.7,3.83,3.67,3.9,3.8,3.78,3.94,5.02,4,3.84,4.01,4.2,4.27,3.85,3.84,3.92,3.95,3.81,4.02,3.58,3.72,3.88,3.96,3.72,4.98,4.78,3.57,3.77,3.57,3.78,3.98,3.93,4.67,3.9,3.66,4.31,4.17,4.51,4.16,3.98,3.88,3.82,3.73,6.05
BICD1,6.61,6.77,6.55,6.4,6.75,6.79,6.87,6.46,6.5,6.62,6.89,6.51,6.46,5.91,6.09,6.09,5.8,6.59,6.72,6.8,5.96,6.15,6.38,5.78,6.23,5.82,6.74,6.32,6.72,6.08,5.05,5.6,5.59,5.68,5.78,6.19,5.91,6.02,5.92,6.67,6.69,6.93,6.61,5.75,6.4,6.11,6.36,6.35,6.37,6.06
BICD2,5.97,5.64,5.88,5.83,5.62,5.8,5.99,5.86,5.87,5.64,5.72,5.62,5.47,6.07,5.79,5.88,5.73,5.8,5.66,5.86,5.82,5.62,5.63,5.76,5.87,5.69,5.71,5.82,5.65,6.47,4.86,6.09,5.89,5.88,6.3,5.97,5.91,5.56,5.78,5.81,5.5,5.71,5.47,6.07,5.37,5.64,5.56,5.43,5.36,5.85
BICD2,8.45,8.59,8.4,8.42,8.34,8.14,7.89,8.33,8.59,8.47,8.7,8.59,8.63,7.37,8.44,8.44,8.49,8.33,8.28,8.38,8.37,8.3,8.73,8.35,8.43,8.4,8.42,8.65,8.5,7.09,6.53,8.17,8.13,8.27,8.2,8.48,8.31,8.29,7.73,8.44,8.66,8.63,8.3,7.75,8.4,8.74,8.45,8.59,8.79,8.09
BICD2,5.24,5.12,5.5,5.39,5.26,5.46,5.81,5.66,5.38,5.55,5.32,5.43,4.98,6.18,5.8,5.76,5.33,5.37,5.78,5.72,5,5.38,5.25,5.66,5.61,5.77,5.59,5.53,5.31,5.97,5.29,6.09,5.73,5.19,5.64,5.59,5.51,5.28,6.79,5.75,5.71,5.51,5.22,6.1,5.34,5.55,5.48,5.52,5.37,6
BICD2,7.93,7.69,7.66,7.32,7.35,7.82,7.36,7.6,7.79,7.83,7.68,7.42,6.86,6.16,8.04,8.01,8.07,7.86,7.85,8.08,7.66,7.83,7.75,8.08,8.01,7.84,7.73,7.8,7.43,7.1,5.95,4.75,7.94,7.5,7.74,7.89,7.42,7.16,7.93,7.83,7.89,7.69,7.4,4.7,7.77,7.65,8.05,7.43,7.25,5.88
BICD2,8.64,8.68,8.72,8.58,8.71,8.97,8.73,8.74,8.62,8.75,8.33,8.63,8.52,6.88,8.48,8.48,8.62,8.56,8.68,8.59,8.59,8.66,8.42,8.72,8.72,8.71,8.54,8.76,8.49,7.17,5.44,5.65,8.73,8.45,8.57,8.64,8.39,8.46,7.58,8.85,8.99,8.65,8.5,5.17,8.93,8.66,8.87,8.65,8.38,6.17
BICD2,9.09,9.22,8.98,9.04,9.29,9.29,8.93,8.89,9.16,8.96,9.34,9.11,9.16,7.43,8.89,8.86,9.11,8.97,8.98,8.98,8.97,8.83,9.13,8.88,8.87,9.05,9.08,8.79,9.25,9.06,7.7,7.66,8.97,8.88,8.86,8.87,9.04,8.78,9.11,9.27,9.36,9.04,9.39,7.57,9.28,9.45,9.07,9.18,9.36,6.38
BID,4.21,4.1,4.09,4.14,4.29,4.52,4.39,4.13,4.09,4.28,4.21,4.22,4.15,5.28,4.44,4.21,4.25,4.25,4.17,4.27,4.17,4.18,4.21,4.15,4.17,4.16,4.21,4.16,4.31,4.43,5.57,5.86,4.19,4.17,4.29,4.05,4.07,4.12,4.85,3.96,4.16,4.51,4.62,6.06,4.29,4.7,4.22,4.16,4.25,4.92
BID,5.92,5.89,5.84,6.2,6.08,5.88,5.65,6.24,5.98,5.96,6.09,6,5.92,6.64,5.82,6.18,6.2,6.26,6.18,6.1,5.92,5.96,5.99,6,5.87,6.18,5.87,6.31,6.15,5.95,5.62,7.35,5.86,5.83,6.14,6.07,6.42,6.02,6.69,5.9,5.85,6.27,6.18,7.39,6.14,6.01,6.43,6.16,6.09,6.98
BID,4.17,4.06,4,4.14,4.03,3.74,4.31,3.97,3.92,3.87,4.16,4.01,3.89,4.72,4.13,4.46,4,3.93,4.29,3.95,4.04,4.08,4.02,4.16,4.26,4.09,4.17,4.26,3.86,5.5,5.5,4.71,4.03,3.89,3.93,3.99,4.39,4.07,5.16,4.02,4.11,4.65,3.92,4.4,4.43,4.18,4.62,3.83,3.88,5.74
BID,3.98,4.37,3.93,3.76,3.97,3.69,4.35,3.94,3.97,4.02,3.8,4.21,4.34,5.83,4.14,3.96,4.18,4.21,3.93,3.91,4.11,4.19,4.26,3.99,4.38,3.99,3.77,4.48,4.28,4.78,6.93,4.48,3.93,4.09,3.85,3.93,4.18,3.95,5.26,4.18,4.1,4.19,4.6,5.73,4.34,4.54,4.17,4.19,4.25,5.74
BIK,3.47,3.65,3.6,3.64,3.85,3.92,4.17,3.61,3.69,3.61,3.88,3.7,3.67,4.51,3.87,3.66,3.77,3.53,3.86,3.79,3.6,3.69,3.74,3.57,3.55,3.64,3.56,3.61,4.12,5.53,5.41,4.08,3.82,3.88,3.91,3.77,3.83,3.86,4.36,3.61,4.34,4.21,3.6,5.05,3.72,4.29,3.96,3.76,3.96,4.62
BIK,4.11,3.77,3.93,3.99,4.4,4.23,4.05,4.18,4.18,3.81,4.26,4.09,3.81,4.24,4.15,4.24,4.13,4.2,3.92,3.74,4.39,3.9,4.14,3.83,4.17,4.01,4.26,4.56,3.9,4.68,4.75,4.81,4.32,4.19,4.41,3.92,4.55,4.15,5.87,4.13,4.47,4.35,4.36,4.55,4.29,4.72,4.39,4.26,3.87,5.03
BIK,4.35,4.06,3.7,3.84,3.65,3.81,3.44,3.61,3.9,3.86,3.85,3.99,3.99,3.9,4.41,3.74,4.13,3.5,3.72,3.87,4.15,4.33,3.98,3.59,3.99,3.76,3.81,4.06,3.87,3.56,5.14,3.54,4.21,3.91,4.44,3.76,3.81,4.04,3.57,3.9,3.69,4.05,3.66,4.31,3.93,4.27,4.17,3.89,3.67,3.6
BIN1,11.74,11.8,11.76,11.68,11.92,11.82,11.63,11.78,11.6,11.7,11.7,11.75,11.84,12.38,12.23,12.27,12.31,11.55,11.47,11.41,12.32,12.19,12.37,12.35,12.36,12.34,11.74,11.68,11.96,11.67,12.48,12.58,12.19,12.2,12.13,12.38,12.41,12.41,11.76,11.73,11.74,12.11,12.14,12.52,11.93,12.04,11.98,11.73,11.86,12.38
BIN1,10.64,10.43,10.7,10.67,10.65,10.67,10.6,10.72,10.49,10.58,10.37,10.62,10.65,9.64,11.21,11.25,11.26,10.5,10.52,10.43,11.35,11.06,11.15,11.38,11.23,11.36,10.72,10.58,10.63,10.44,9.13,10.09,11.16,11.18,11.07,11.31,11.2,11.4,10.28,10.59,10.61,10.96,10.94,9.83,10.9,10.92,10.88,10.67,10.7,8.45
BIN1,9.68,9.46,9.71,9.58,9.68,9.56,9.75,9.78,9.47,9.49,9.31,9.64,9.63,7.4,10.21,10.29,10.25,9.46,9.45,9.55,10.42,10.14,10.19,10.37,10.29,10.46,9.66,9.49,9.7,9.15,6.02,7.67,10.32,10.17,10.18,10.27,10.44,10.47,9.63,9.59,9.6,9.95,10,6.93,9.91,10,9.9,9.53,9.56,7.01
BIN1,11.74,11.67,11.7,11.68,11.78,11.74,11.4,11.72,11.61,11.67,11.72,11.87,11.82,12.01,12.26,12.3,12.31,11.59,11.56,11.42,12.28,12.23,12.36,12.34,12.35,12.35,11.77,11.69,11.95,11.8,12,11.94,12.14,12.18,12.11,12.37,12.3,12.43,11.59,11.71,11.71,12.08,12.05,12.4,11.89,11.91,11.99,11.72,11.87,11.77
BIN2,5.55,5.27,5.82,5.66,5.23,6.03,6.05,5.94,5.35,5.59,5.5,5.69,5.55,4.97,5.91,5.61,5.79,5.91,5.82,5.44,5.98,5.39,5.78,5.19,5.58,5.63,5.45,5.59,5.39,4.95,6.68,5.36,5.77,5.93,5.61,6.32,5.58,5.65,5.29,5.64,5.58,6.07,5.88,5.7,6.06,6.1,6.22,5.54,5.99,5.01
BIN2,5.2,4.85,5.23,5.41,5.08,4.82,4.79,5.28,5.21,5.28,5.11,5.2,5.14,5.16,5.26,4.96,5.46,5.36,5.19,5.27,5.29,5.41,5.06,4.82,5,5.03,5.01,5.38,4.88,5.49,5.44,4.71,6.1,4.97,5.45,5.14,5.74,4.98,3.97,4.84,5.11,5.68,5.78,5.36,5.02,5.06,5.35,4.89,5.2,4.86
BIN3,7.89,7.5,7.99,7.84,7.99,7.72,7.9,7.96,7.83,8,7.22,7.92,7.8,5.93,7.82,7.69,7.67,7.92,7.85,7.83,8.18,8.16,7.8,8.02,7.55,7.99,7.94,7.74,7.76,7.52,6.15,5.26,7.79,8.01,7.87,7.93,7.89,8.08,6.81,8.07,8.02,7.84,7.88,6.66,7.43,7.7,7.38,7.99,7.72,5.72
BIN3,9.15,9.3,9.4,9.25,9.39,9.45,9.11,9.1,9.21,9.06,9.06,9.22,9.13,7.71,9.1,9.15,9.32,9.17,9.2,9.16,9.37,9.27,9.39,9.29,9.36,9.36,9.31,9.01,9.39,9.23,6.04,7.4,9.28,9.28,9.28,9.37,9.47,9.33,8.56,9.29,9.38,9.36,9.32,6.46,8.93,9.15,8.88,9.27,9.41,6.05
BIRC2,11.17,11.09,10.95,11.16,10.91,10.81,11.03,11.21,11.27,11.24,11.06,11.26,11.16,10.45,11.14,11.19,11.16,10.74,10.74,10.95,11.13,11.4,11.34,11.35,11.27,11.24,10.95,11.09,10.92,10.8,10.3,10.37,11.26,11.33,11.25,11.11,10.93,11.15,11.02,11.12,11.03,11.2,11.08,10.71,11.22,11.06,11.43,11.09,11.11,10.59
BIRC2,9.55,9.2,9.08,9.29,8.38,8.51,9.08,9.06,9.4,9.51,8.72,9.44,9.45,6.62,9.47,9.4,9.38,8.77,8.82,8.88,9.53,9.66,8.89,9.4,9.43,9.56,9.04,9.21,8.82,9.06,7.32,6.22,9.52,9.52,9.39,9.16,9.08,9.18,8,8.94,8.72,9.36,9.04,6.61,9.58,9.26,9.39,9.07,9.11,5.92
BIRC2,11.15,11.16,10.94,11.04,10.78,10.76,10.92,11.08,11.27,11.25,11.01,11.2,11.29,10.16,11.19,11.1,11.14,10.65,10.73,10.87,11.26,11.36,11.25,11.17,11.27,11.24,10.92,11.3,10.8,10.94,9.13,10.41,11.22,11.29,11.27,11.11,10.86,11.12,11.14,10.99,10.99,11.19,11.11,10.43,11.12,11.17,11.27,11.2,11.23,10.28
BIRC2,10.98,10.99,10.74,10.87,10.59,10.47,10.69,10.88,11.03,11,10.67,10.97,11,10.12,11.03,11.03,11.01,10.5,10.51,10.67,11.08,11.24,11.01,11.06,11.09,11.11,10.74,10.82,10.65,10.5,8.86,9.9,10.92,11.08,11.03,10.81,10.78,10.9,10.57,10.85,10.76,10.95,10.93,10.48,11.03,10.96,11.16,10.91,10.9,9.93
BIRC2,11.8,11.97,11.7,11.75,11.73,11.75,11.43,11.66,11.87,11.83,11.96,11.87,11.82,11.77,11.98,11.95,11.88,11.51,11.56,11.51,11.96,12.03,12.1,11.95,11.98,11.95,11.75,11.81,11.81,11.63,11.57,11.58,11.91,11.95,11.97,11.9,11.83,11.77,11.66,11.74,11.77,12,11.97,12.12,11.96,12.01,12.02,11.85,11.84,11.65
BIRC3,10.48,10.4,10.4,10.31,10.02,10.12,10.04,9.92,10.67,10.26,10.37,10.26,10.72,10.19,10.25,10.43,10.39,9.96,10.04,10.08,10.73,10.51,10.88,10.32,10.3,10.62,10.19,10.04,10.45,10.41,7.86,9.46,10.47,10.47,10.25,10.36,10.52,10.22,10.49,10.34,10.54,10.9,10.82,10.31,10.71,10.9,10.5,10.4,10.84,9.71
BIRC3,8.51,8.82,8.43,8.48,8.09,8.3,8.69,8.56,8.88,8.53,8.43,8.45,9.08,7.8,8.22,8.43,8.52,7.94,8.24,8.26,9.08,8.65,8.92,8.23,8.31,8.85,8.5,8.26,8.68,8.75,6.86,6.93,8.6,8.57,8.51,8.11,8.63,8.32,8.59,8.54,8.64,8.88,9.09,7.54,8.89,8.82,8.77,8.65,9.28,6.67
BIRC3,11.02,11.08,10.91,11,10.61,10.76,10.86,10.78,11.17,10.89,10.98,10.92,11.59,10.22,10.71,11.04,11.03,10.55,10.67,10.68,11.48,11.05,11.56,10.79,10.89,11.28,10.89,10.65,11.28,11.47,8.97,9.38,11,11.04,10.86,10.74,11.11,10.87,10.98,10.91,11.07,11.38,11.51,10.65,11.27,11.5,11.2,11.18,11.57,9.79
BIRC5,10.1,9.96,10.34,10.28,10.19,10.21,10.23,10.27,10.16,10.15,10.11,10,9.87,8.8,9.78,9.65,9.79,10.17,10.22,10.21,8.82,8.93,8.85,9.12,9.19,8.9,10.26,10.12,10.12,10.01,8,9.34,10.11,10.28,10.27,9.93,9.92,9.93,10.31,10.53,10.5,9.7,9.72,8.41,9.26,9.38,9.3,10.46,10.4,9.23
BIRC5,8.2,7.96,8.07,8.08,8.18,7.97,7.56,8.34,8.14,8.14,7.91,7.96,7.83,7.17,7.86,7.56,7.8,8.03,8.21,8.07,6.46,6.77,6.66,7.04,7.04,6.93,8.1,8.03,7.94,7.65,5.67,7.15,8.4,8.46,8.47,7.84,7.61,7.92,8.15,8.5,8.44,7.44,7.58,6.37,7,7.25,7.25,8.41,8.39,7.19
BIRC5,8.04,7.35,8.12,8.01,7.77,7.83,7.98,8.17,8.02,7.96,7.28,7.85,7.84,6.39,7.82,7.68,7.35,8.08,8.12,8.2,6.62,6.56,6.49,7.27,7.1,7.06,7.97,7.92,7.4,7.08,6.77,5.83,8.15,8.26,8.26,7.74,7.63,7.91,8.16,8.27,8.1,7.53,6.96,6.97,7.36,7.56,7.19,8.26,7.78,8.09
BIRC5,5.47,5.73,5.82,5.56,6.07,6.06,5.52,5.74,5.89,5.79,5.64,5.58,5.23,4.93,5.44,5.44,5.29,5.5,5.97,5.88,4.46,4.43,4.77,5.17,4.79,5.01,5.97,5.72,5.7,5.8,5.24,6.23,6.11,6.04,6.15,5.48,5.24,5.43,5.24,6.34,6.14,5.41,5.32,5.2,5.26,5.32,4.91,6.18,6.32,6.77
BIRC5,9.9,9.37,9.87,9.88,9.45,9.62,9.4,9.97,9.88,9.85,9.33,9.79,9.53,6.97,9.54,9.35,9.42,9.84,9.92,9.92,8.5,8.55,7.92,8.82,8.7,8.73,9.83,9.98,9.31,7.62,6.14,6.98,9.88,10.1,10.1,9.61,9.27,9.7,9.35,10.16,9.93,9.13,8.76,6.58,8.94,8.66,8.95,10.12,9.73,8.5
BIRC5,8.69,8.02,8.52,8.55,7.85,8.25,8.25,8.56,8.72,8.55,7.34,8.31,8.55,4.81,8.21,8.17,8.17,8.5,8.49,8.64,7.01,6.72,5.98,7.18,7.27,7.52,8.58,8.57,7.95,6.97,4.42,4.74,8.95,8.84,8.86,7.89,7.97,8.23,7.95,8.58,8.56,7.45,7.6,6.39,7.85,7.09,7.51,8.77,8.47,5.52
BIRC5,9.52,8.81,9.37,9.34,8.93,9.13,8.85,9.26,9.3,9.28,8.51,9.13,9.19,8.33,9.05,9.19,8.89,9.41,9.32,9.5,8.01,7.96,7.6,8.3,8.06,8.48,9.25,9.28,8.62,6.8,8.06,8.1,9.49,9.54,9.51,8.96,8.77,9.18,9.27,9.51,9.33,8.59,8.15,7.08,8.51,8.49,8.42,9.37,9.08,8.03
BIRC5,3.99,3.79,3.97,4.07,3.92,4.7,4.36,4.2,3.98,4.2,4.09,4.01,3.89,4.61,4.45,3.96,4.27,4.11,4.05,4.32,4,3.97,3.96,4.82,4.61,4.11,4.3,4.16,4.07,3.86,4.6,3.87,4.78,5.44,5.3,4.65,4.32,4.34,3.98,4.3,4.05,4.24,4.29,3.84,4.4,4.58,4.32,4.27,3.81,5.11
BIRC5,5.4,5.11,5.31,5.49,5.46,5.36,5.86,5.98,5.29,5.36,5.22,5.31,5.41,6.25,5.64,5.75,5.45,5.59,5.76,5.51,5.21,5.33,5.19,5.29,5.48,5.42,5.55,5.25,5.15,4.3,6.21,5.34,5.89,6.48,5.65,5.64,5.19,5.8,4.75,5.46,5.2,5.83,5.27,5.23,4.95,5.35,5.33,5.36,5.19,4.78
BIRC5,5.54,5.24,5.53,5.58,5.27,5.65,5.49,5.83,5.65,5.5,5.84,5.16,5,5.55,5.23,5.14,5.08,5.44,5.41,5.42,4.7,4.96,5.01,5.11,4.99,5.19,5.69,5.66,5.69,6.15,4.52,5.84,5.76,5.75,5.69,5.17,5.3,5.27,4.87,5.85,5.9,5.71,5.3,5.48,4.98,5.93,4.95,5.41,5.07,5.09
BIRC5,6.54,6.14,6.6,6.58,6.4,6.08,5.65,6.67,6.5,6.51,6.19,6.47,6.16,6.21,6.41,6.42,6.32,6.33,6.6,6.71,5.26,5.58,5.23,5.81,5.95,5.68,6.4,6.45,5.76,5.1,5.3,5.67,6.59,6.77,6.62,6.51,6.09,6.48,5.83,6.6,6.63,5.8,5.75,5.4,5.47,5.3,5.83,6.69,6.19,6.5
BIRC5,6.27,5.63,6.25,6.24,5.74,5.77,5.86,6.42,6.02,6.18,6.04,5.92,6.06,5.57,5.9,5.95,5.92,6.19,5.94,6.23,5.22,5.7,5.23,5.53,6.28,5.92,6.09,6.19,5.45,5.18,6.1,5.33,6.48,6.42,6.99,6.2,5.65,6.09,4.93,6.05,6.34,5.5,5.39,5.23,6.12,5.34,5.63,5.89,5.91,5.29
BIRC6,8.18,8.25,8.05,7.89,8.2,8.04,8.56,8.18,7.95,8.28,8.16,8.1,8.25,6.44,7.78,7.92,7.85,7.82,7.94,7.91,8.2,8.08,8.18,7.89,7.97,8.04,8.03,8.04,8.35,8.28,4.5,7.05,7.96,8.08,7.65,7.92,7.99,7.88,8.05,7.78,8.04,7.98,8.46,7,8.3,8.36,8.05,8.17,8.21,7.06
BIRC6,8.53,8.49,8.47,8.26,8.12,8.76,9.5,8.88,8.41,8.65,8.81,7.99,7.92,8.53,8.72,8.74,8.51,8.55,8.48,8.64,8.59,8.7,8.67,8.86,8.74,8.55,8.53,8.41,9.08,8.39,8.7,7.78,8.51,8.16,8.47,8.66,8.6,7.91,8.87,8.85,8.76,9.25,9,7.67,8.79,8.89,9.05,7.98,8.13,8.5
BIRC7,5.75,5.68,5.54,5.97,5.62,5.44,5.35,5.73,5.76,5.58,5.93,5.52,5.71,6.57,5.6,5.69,5.6,5.66,5.82,5.54,5.89,6.25,6.18,5.71,5.7,5.63,5.72,5.79,5.9,5.4,6.09,5.93,6.3,5.45,5.9,6.11,5.57,5.82,6.41,5.36,5.61,5.73,5.94,6,5.44,5.8,5.53,5.84,5.58,6.58
BIRC7,5.56,5.72,5.3,5.8,5.32,5.78,4.99,5.9,5.56,5.31,5.34,5.76,5.57,6.31,5.87,5.72,5.35,5.59,5.67,5.44,6.14,5.89,5.56,5.64,5.66,5.78,5.64,5.73,5.28,5.14,6.6,7.12,5.76,5.81,5.71,5.27,5.26,5.42,4.67,5.63,5.31,5.66,5.77,5.85,5.56,5.79,6.19,5.8,5.46,7.92
BIRC7,5.46,5.06,5.59,5.49,6.04,5.48,5.7,5.46,5.35,5.36,5.54,5.35,5.15,6.34,5.59,5.55,5.41,5.55,5.55,5.58,5.86,5.39,5.32,5.71,5.54,5.51,6,5.64,5.55,4.75,5.51,5.73,5.55,5.56,5.42,5.28,5.98,5.74,6.29,5.48,5.74,5.85,5.76,6.01,5.61,5.95,5.87,5.64,5.48,6.57
BIRC8,3.82,3.74,3.41,3.64,3.78,3.8,3.65,3.67,3.8,3.54,3.89,3.91,3.66,3.95,3.58,3.52,3.6,3.62,3.49,3.46,4.05,3.75,4,3.49,3.57,3.68,3.95,3.93,3.68,3.26,4.18,3.95,3.87,3.93,3.73,3.61,3.41,3.3,4.62,3.47,3.53,3.66,3.77,3.71,3.68,3.52,3.62,3.49,3.64,4.67
BIVM,8.76,8.8,8.85,8.91,9.04,8.79,8.98,8.95,8.84,8.78,8.89,8.98,8.89,9.12,8.62,8.43,8.49,8.83,8.85,8.9,8.65,8.74,8.88,8.64,8.51,8.58,8.67,8.75,8.88,8.93,8.81,8.87,8.37,8.53,8.44,8.78,8.65,8.79,8.58,8.79,8.74,9.28,9.17,8.49,8.54,8.39,8.52,8.98,8.88,8.71
BIVM,8.64,8.37,8.52,8.47,8.17,8.37,8.54,8.62,8.63,8.69,8.33,8.57,8.34,6.82,8.57,8.51,8.36,8.45,8.54,8.8,8.59,8.69,8.45,8.34,8.37,8.5,8.44,8.71,8.19,8.66,8.11,6.96,8.15,8.33,8.24,8.37,8.2,8.5,7.79,8.35,8.24,8.49,8.26,6.96,8.24,7.97,8.16,8.47,8.13,6.35
BIVM,7.21,7.28,7.42,7.28,7.23,6.78,7.11,7.36,7.55,7.71,7.22,7.23,7.45,7.03,7.15,7.35,7.12,7.56,7.44,7.66,7.5,7.57,7.52,7.36,7.16,7.47,7.27,7.45,7.07,7.68,5.99,6.5,6.96,7.07,7.13,7.28,7.32,7.38,7.31,7.12,7.18,7.16,7.13,5.79,7.3,7,6.81,7.15,7.37,6.61
BIVM,8.82,8.47,8.67,8.55,7.94,8.08,7.75,8.7,8.8,8.82,8.45,8.73,8.59,6.11,8.4,8.57,8.48,8.41,8.75,8.92,8.81,8.64,8.51,8.53,8.6,8.56,8.48,8.81,8.57,7.53,8.14,6.84,8.24,8.28,8.45,8.49,8.28,8.56,7.54,8.65,8.36,8.59,8.41,6.44,8.08,8.2,8.13,8.56,8.41,7
BLCAP,10.27,10.34,10.41,10.28,10.44,10.63,10.46,10.45,10.46,10.24,10.47,10.4,10.37,10.23,10.58,10.58,10.63,10.33,10.38,10.25,10.78,10.73,10.88,10.61,10.65,10.68,10.42,10.37,10.61,10.08,8.99,9.86,10.5,10.49,10.42,10.75,10.68,10.65,10.12,10.36,10.42,10.5,10.57,10.24,10.1,10.22,10.1,10.39,10.62,10.01
BLID,3.79,4.15,3.64,3.88,3.81,3.67,4.23,3.79,3.73,4.03,4.12,4.16,3.94,3.91,3.58,3.67,3.8,3.71,3.67,3.94,4.2,3.89,4.06,3.52,3.97,3.72,3.66,3.94,3.97,4.73,4.03,3.82,3.67,4.12,3.7,3.68,3.6,3.56,3.99,3.74,3.58,3.72,3.57,4.48,3.62,3.65,4,3.99,3.66,3.79
BLK,6.51,6.28,6.82,6.23,6.4,6.08,6.35,6.36,6.38,6.5,6.66,6.56,6.57,6.93,6.2,5.96,6.29,6.86,6.6,6.42,6.25,6.48,6.55,6,5.89,5.96,6.44,6.69,6.43,6.17,5.84,7.08,6.13,6.19,6.15,6.3,6.82,5.92,5.44,6.11,6.2,6.6,6.64,6.97,6.31,6.13,6.36,6.24,6.47,6.78
BLK,5.56,5.27,5.52,5.9,5.51,5.42,6.13,5.79,5.53,5.53,5.49,5.44,5.51,4.8,5.24,4.93,5.54,5.4,5.64,5.6,5.38,5.42,5.56,5.43,4.92,5.39,5.64,5.43,5.53,5.04,6.06,4.94,5.66,5.47,5.4,5.57,5.67,5.41,6.03,5.47,5.02,5.85,6.14,5.44,4.87,5.46,4.82,5.34,5.33,4.23
BLM,9.11,9.33,9.21,9.17,9.38,9.3,8.94,9.2,9.16,9.11,9.31,8.78,8.85,7.63,9.23,9.11,9.31,9.06,9.07,9.05,8.59,8.2,8.44,8.72,8.53,8.84,9.28,8.83,9.42,9.19,7.89,7.18,9.48,9.53,9.54,9.38,9.57,9.39,8.96,8.84,9.13,8.83,8.83,8.32,8.96,8.8,8.66,8.89,8.97,7.17
BLMH,8.69,8.14,8.63,8.63,7.87,8.29,9,8.43,8.46,8.53,7.77,8.53,8.44,4.72,8.67,8.45,8.47,8.25,8.33,8.51,8.54,8.37,7.79,8.41,8.43,8.5,8.58,8.59,7.93,7.66,6.61,6.2,8.79,8.74,8.65,8.66,8.43,8.81,8.18,8.52,8.29,8.05,8.01,7.27,8.28,8.46,8.04,8.47,8.52,6.9
BLMH,10.33,10.26,10.35,10.38,10.4,10.23,10.24,10.28,10.46,10.44,10.29,10.36,10.33,8.35,10.46,10.29,10.41,10.24,10.17,10.26,10.24,10.29,10.09,10.24,10.26,10.24,10.37,10.45,10.26,10.57,6.41,8.44,10.37,10.38,10.47,10.52,10.4,10.46,10.18,10.35,10.36,10.41,10.21,8.14,10.16,10.04,10.23,10.38,10.38,7.93
BLNK,4.49,4.37,4.22,4.27,3.88,4.11,4.23,4,4.45,4.45,4.43,4.41,4.38,4.76,7.47,7.04,6.91,4.07,4.07,4.11,4.96,5.21,5.28,7.09,7.09,6.94,4.74,4.28,4.78,4.85,5.74,4.17,5.78,5.73,6.21,6.57,5.96,6.33,4.74,4.14,4.04,4.09,4.07,3.98,4.01,4.31,4.11,4.19,4.27,5.37
BLOC1S1,9.53,9.56,9.58,9.47,9.56,9.63,9.22,9.7,9.39,9.49,9.58,9.51,9.6,7.09,9.26,9.35,9.33,9.64,9.69,9.52,9.46,9.08,9.33,9.18,9.26,9.24,9.59,9.37,9.63,9.62,6.75,7.56,9.24,9.16,9.03,9.44,9.54,9.34,9.41,9.67,9.62,9.55,9.4,7.63,9.57,9.24,9.37,9.44,9.56,7.76
BLOC1S2,5.5,5.65,5.26,5.66,5.47,5.53,4.86,5.09,5.5,5.69,5.88,5.81,5.73,5.26,6.03,6.09,5.72,5.37,5.36,5.6,6.16,5.81,5.42,5.81,5.98,5.51,5.07,5.34,5.39,5.91,5.44,5.15,5.67,5.71,5.87,5.86,5.48,5.47,5.77,5.18,5.08,5.25,5.43,5.34,5,4.99,5.46,5.39,5.51,6.49
BLOC1S2,10.19,9.76,9.99,9.85,9.55,9.65,10.19,10.05,10.13,10.02,9.49,10.31,10.49,8.56,11.01,11.15,11.13,9.95,10.05,9.97,10.74,10.63,10.25,10.84,10.83,11.07,9.93,9.83,9.83,9.64,7.35,8.01,11.2,11.21,11.06,10.82,11.04,11.1,9.93,9.96,9.93,9.64,9.59,7.44,10.19,9.97,10.01,10.37,10.17,7.86
BLOC1S2,12.05,11.97,11.93,12.08,11.9,11.95,11.76,11.89,12.13,12.03,12.09,12.24,12.31,12.17,12.76,12.84,12.73,11.95,11.94,11.96,12.45,12.48,12.46,12.68,12.67,12.77,11.96,12.05,11.9,11.99,11.21,11.39,12.78,12.75,12.73,12.81,12.77,12.73,11.81,12.05,12.07,11.91,11.87,11.7,12.11,12.05,12.08,12.28,12.23,11.7
BLOC1S3,6.27,5.71,6.2,6.33,6.3,6.06,6.39,6.25,6.35,6.11,6.15,6.2,6.06,7.04,6.31,5.59,6.42,6.41,6.56,6.38,6.1,6.35,6.12,6.19,6.09,6.25,5.55,6.32,6.09,5.9,6.02,6.02,6.15,6.16,6.39,6.17,6.44,6.22,6.48,6.16,5.8,6.23,5.88,7.18,5.82,5.75,6.23,6.33,5.75,6.43
BLOC1S3,8.17,8.02,8.42,8.38,8.77,8.56,8.5,8.54,8.32,8.26,8.45,8.12,8.14,8.2,8.51,8.37,8.56,8.48,8.42,8.4,8.31,8.24,8.41,8.65,8.58,8.4,8.3,8.2,8.42,8.25,6.41,7.79,8.52,8.65,8.84,8.55,8.68,8.64,8.37,8.4,8.34,8.47,8.13,8.99,8.35,8.38,8.32,8.23,8.38,7.93
BLOC1S3,5.3,5.34,5.67,5.61,5.86,5.27,6.46,5.57,5.2,5.27,5.27,5.31,5.3,6.5,5.52,5.69,5.56,5.89,5.56,5.29,5.03,5.67,5.3,5.25,5.84,5.46,5.33,5.36,5.46,6.85,7.62,5.39,5.21,5.52,5.18,5.38,5.44,5.61,5.54,5.07,5.54,5.65,5.61,5.28,5.39,5.16,5.65,5.6,5.46,5.77
BLVRA,11.43,11.19,11.34,11.4,11.27,11.32,11.11,11.4,11.37,11.39,11.17,11.45,11.36,10.2,11.3,11.11,11.15,11.64,11.66,11.69,11.18,11.25,11.06,11.28,11.09,11.16,11.3,11.3,11.22,11.5,10.21,10.46,10.88,11,11.1,11.42,11.38,11.42,10.88,11.39,11.24,11.27,11.2,9.94,11.38,11.23,11.27,11.22,11.15,9.52
BLVRB,7.88,7.84,8.17,7.94,8.18,8.49,8.02,8.06,7.83,7.91,7.93,8.17,7.99,5.96,8.45,8.58,8.66,8.58,8.58,8.35,8.53,8.09,8.35,8.59,8.41,8.64,8.17,7.79,8.2,7.41,5.63,6.34,8.4,8.29,8.44,8.45,8.83,8.69,8.39,8.37,8.37,8.14,8.34,6.44,8.24,8,7.95,8.09,8.03,6.31
BLZF1,4.19,4.18,4.07,4.03,3.7,4.09,4.01,3.98,4.32,4.05,4.13,3.97,4.03,4.31,3.85,4.01,4.27,4.07,4.26,4.15,4.05,4.21,4.37,4.29,4.34,3.93,4.37,4.18,4.01,4.3,4.55,4.03,4.06,4,3.87,4.06,3.92,3.87,3.64,4.52,4.05,3.85,4.08,3.51,3.87,4.66,4.15,4.04,4.15,4.47
BLZF1,6.45,6.36,6.12,6.57,5.78,5.95,6.08,6.05,6.66,6.54,5.98,6.54,6.4,5.8,6.43,6.4,6.6,6.07,6.33,6.51,6.71,6.7,6.43,6.61,6.46,6.6,6.41,6.45,6.39,5.39,7.06,5.42,6.61,6.51,6.47,6.49,6.09,6.21,6.44,6.78,6.29,6.14,5.75,5.95,6.43,6.19,6.64,6.72,6.46,6.03
BLZF1,6.59,6.87,6.53,6.68,6.52,6.15,6.07,6.41,6.67,6.83,6.77,6.86,6.68,6.91,6.98,6.62,7.01,6.31,6.67,6.63,7.07,7.02,6.78,6.88,6.79,6.67,6.55,6.6,6.55,5.95,4.64,5.43,6.65,6.73,6.65,6.75,6.44,6.73,7,6.88,6.7,6.59,6.17,5.97,6.41,6.41,6.8,6.74,6.93,6.07
BLZF1,5.59,5.62,5.44,5.41,5.61,5.81,5.98,5.2,5.8,5.5,5.68,5.59,5.75,6.24,5.47,5.42,5.91,5.4,5.53,5.41,5.65,5.55,5.83,5.66,5.69,5.7,5.4,5.33,5.81,5.17,7.07,5.24,5.49,5.62,5.52,5.47,5.73,5.42,6.15,5.55,5.59,5.27,5.54,6.36,5.68,5.6,5.77,5.62,5.8,5.84
BLZF1,4.57,4.33,4.53,4.37,4.96,4.28,4.65,4.33,4.67,4.54,4.57,4.42,4.42,6.55,4.5,4.32,4.44,4.42,4.63,4.5,4.74,4.36,4.46,4.6,4.73,4.62,4.52,4.25,4.7,5.21,6.09,5.48,4.13,4.6,4.11,4.57,4.69,4.29,4.95,4.69,4.85,4.57,4.3,5.54,4.45,4.76,4.47,5.18,4.74,5.57
BMF,4.32,4.53,4.72,4.63,4.68,5.43,5.15,4.53,4.45,4.48,4.56,4.45,4.33,5.2,4.52,4.74,4.76,4.28,4.3,4.77,4.78,4.5,4.7,4.99,4.61,4.38,5.04,4.33,4.68,4.34,4.66,3.87,4.32,4.26,4.59,4.31,4.49,4.77,4.37,4.99,4.39,5.05,4.52,5.23,4.84,4.24,4.82,4.38,4.5,5.98
BMF,4.31,4.29,4.16,4.34,4.51,4.53,4.77,4.54,4.12,4.06,4.39,4.27,4.35,4.59,4.21,4.6,3.94,4.13,4.18,4.18,4.38,4.43,4.43,4.05,4.05,4.1,4.42,4.13,4.36,4.24,5.47,5.69,4.21,4.22,4.32,4.15,3.95,4.18,4.16,4.48,4.05,4.2,4.57,4.41,3.87,4.84,4.25,4.41,4.32,5.8
BMF,4.45,4.52,4.36,4.5,4.54,4.61,5.93,4.45,4.44,4.18,4.78,4.34,4.56,4.46,4.54,4.59,4.4,4.63,4.71,4.44,4.27,4.62,4.87,4.54,4.68,4.54,4.47,4.5,4.12,4.39,3.8,4.32,4.7,4.51,4.51,4.73,4.31,4.41,4.07,4.43,4.56,5.11,4.97,4.63,4.9,4.59,4.57,4.57,4.58,4.28
BMF,4.97,4.82,4.78,5.19,5.73,4.91,5.14,5.76,4.76,4.93,4.63,4.8,4.58,5.83,5.2,4.86,5.08,5.07,5.02,5.25,5.01,5.05,4.78,5.21,5.02,4.79,5.47,4.92,4.95,4.18,5.63,5.26,5.07,4.72,5.03,4.61,5.21,5.3,4.33,5.07,5.3,4.96,5.62,5.4,5.08,4.65,5.2,4.84,4.83,6.54
BMI1,11.16,11.3,11.07,11.17,11.24,11.2,10.89,11.18,11.15,11.12,11.25,11.02,11.15,10.73,10.84,10.98,10.9,10.92,10.87,11.08,10.99,11.08,11.14,10.99,10.66,10.86,11.18,11.13,11.12,10.79,9.84,10.11,10.89,10.73,10.79,10.91,10.81,10.64,10.82,10.84,10.95,10.86,11.08,10.59,11.22,11.17,11.2,10.95,11.1,10.27
BMI1,8.06,7.26,7.34,7.49,6.4,6.69,6.3,7.24,7.69,7.59,6.46,7.77,7.53,5.84,7.5,7.67,7.48,7.08,7.44,7.7,7.34,7.23,6.62,7.32,6.86,7.28,7.26,7.49,6.68,5.32,5.67,5.62,7.21,7.3,7.1,7.02,6.58,7.28,7.31,7.22,6.67,6.2,6.34,6.05,7.33,6.79,7.53,7.49,7.07,6.84
BMP1,7.05,7.19,7.51,7.26,8.01,7.81,6.87,7.26,7.19,7.37,7.66,7.3,7.23,6.75,8.32,8.1,8.3,7.46,7.45,7.29,8.13,8.25,8.42,8.52,8.48,8.31,7.46,7.33,7.57,6.23,5.65,8.4,8.55,8.57,8.33,8.31,8.3,8.34,6.28,7.67,7.88,7.52,7.76,6.55,8.39,8.38,8.32,7.53,7.67,7.34
BMP1,5.2,5.13,5.19,5.04,5.08,4.66,5.19,5.04,5.13,5.49,4.95,5.01,4.94,4.91,5.86,6.05,6.18,4.75,5.15,5.3,5.37,5.67,5.62,5.92,5.93,6.26,5.11,5.28,4.85,5.24,5.21,4.45,5.38,6.09,5.96,5.7,5.17,6.11,5.5,5.56,5.25,5.26,5.32,4.01,5.46,4.82,5.44,5.6,5,4.34
BMP1,5.49,4.77,5.02,4.83,5.18,5.5,5.02,5.18,5.17,5.36,5.01,5.53,4.88,4.88,6.32,5.85,6.04,5.15,5.32,5.43,6.29,5.95,5.37,6.17,6.47,6.5,4.99,5.46,4.94,4.51,6.73,5.01,6.1,6.3,6.26,6.03,6.15,6,5.21,5.4,5.14,5.29,5.43,4.86,5.26,5.33,6.03,5.64,5.03,5.2
BMP1,9.38,9.56,9.68,9.39,9.75,9.88,9.35,9.61,9.34,9.35,9.85,9.57,9.44,9.29,10.05,10,10.04,9.19,9.31,9.18,10.18,10.21,10.61,10.25,10.28,10.14,9.43,9.48,9.84,9.65,7.84,9.08,9.98,10.1,10.06,10.22,10.16,10.12,9.66,9.7,9.71,10.06,9.99,8.96,10.12,10.14,10.06,9.72,9.84,9.16
BMP1,4.99,4.93,5.11,5.3,5.16,4.56,4.64,5.37,5.4,5.19,5.35,5.36,4.89,5.13,5.31,5.37,5.05,5.4,5.15,5.07,5.01,5.7,5.45,5.28,5.06,5.23,5.18,5.16,5.01,6.86,4.61,4.35,5.29,5.43,4.96,4.99,4.97,4.82,4.49,5.57,5.16,5.32,5.22,5.44,5.07,4.91,5.48,4.8,5.17,5.91
BMP10,4.52,4.48,4.41,4.45,4.47,4.44,4.94,4.5,4.29,4.62,4.6,4.7,4.43,4.79,4.25,4.25,4.16,4.76,4.26,4.39,4.56,4.52,4.54,4.25,4.45,4.23,4.49,4.6,4.39,4.85,5.63,6.31,4.72,4.39,4.57,4.39,4.29,4.32,5.69,4.49,4.44,4.84,4.77,5.31,4.18,4.36,4.58,4.55,4.17,5.86
BMP15,4.47,4.72,4.25,4.19,4.29,4.24,4.19,4.02,4.25,4.5,4.53,4.64,4.51,4.78,4.25,3.96,4.29,3.93,4.08,4.04,4.8,4.24,4.57,4.28,4.35,4.45,4.06,4.56,4.27,4.29,5.46,5.62,4.69,4.51,4.45,4.34,4.01,4.09,4.28,4.04,3.91,4.66,4.26,6.29,3.96,4.51,4.42,4.15,4.15,6.59
BMP2,7.46,7.51,7.17,7.36,6.99,7.37,5.84,6.98,7.55,7.34,7.67,7.46,7.18,6.02,7.27,7.18,7.35,7.12,6.82,7.14,7.18,7.06,7.78,7.31,7.29,7.16,7.16,7.43,7.05,6.13,6.23,5.73,7.48,7.47,7.76,7.35,7.44,7.3,6.34,7.43,7.22,6.93,7.45,5.97,6.74,6.56,6.46,7.59,7.56,6.81
BMP2,8.33,8.59,8.22,8.01,8.16,8.37,8.03,8.55,8.14,8.39,8.83,8.01,7.95,6.91,8.38,8.41,8.34,8.1,8.13,8.18,8.23,8.25,8.49,8.35,8.49,8.28,8.39,8.25,8.5,8.51,4.98,5.73,8.57,8.59,8.78,8.42,8.12,8.06,7.71,8.39,8.14,8.48,8.38,6.4,7.73,7.76,8.06,8.1,8.27,6.66
BMP2K,7.61,8.16,7.79,7.68,7.62,7.58,7.6,7.38,7.82,7.73,8.19,7.84,7.78,6.53,7.92,7.54,7.66,7.77,7.69,7.68,7.93,8.03,8.25,7.64,7.89,7.65,7.71,7.83,7.89,6.38,7.79,6.15,7.94,8.15,7.97,7.93,7.74,7.86,5.8,7.85,7.86,7.55,7.64,7.45,7.72,7.05,7.53,7.81,7.83,7.23
BMP2K,6.47,6.84,6.52,6.92,6.98,6.71,7.34,7,6.47,7,6.68,6.66,6.37,7.91,6.87,6.85,6.83,6.69,6.62,6.81,6.57,6.45,6.43,6.81,6.58,6.58,6.79,6.69,6.53,5.24,5.68,8.13,6.95,7.22,7.03,6.72,6.45,6.71,6.54,6.89,6.54,6.52,6.95,7.63,6.58,6.63,6.74,6.64,6.23,7.39
BMP3,3.57,3.67,3.61,3.49,3.51,3.62,4.05,3.52,3.43,3.31,3.54,3.51,3.6,3.95,3.48,3.43,3.48,3.58,3.45,3.59,3.56,3.7,3.56,3.47,3.65,3.54,3.71,3.65,3.54,5,6.29,4.2,3.58,3.49,3.61,3.47,3.82,3.65,4.82,3.71,3.66,3.47,3.82,3.84,3.65,3.76,4.18,3.59,3.43,4.55
BMP3,3.79,4.08,3.88,3.64,4.06,3.5,4.11,3.54,3.83,3.6,3.87,4.13,4.43,3.83,3.76,3.78,3.68,3.84,3.73,3.78,3.96,4.14,3.99,3.5,3.79,3.52,3.7,3.76,3.8,4.25,4.29,5.51,3.9,3.9,3.79,3.6,3.49,3.45,4.33,3.64,3.69,3.8,3.8,3.75,3.54,4.1,3.41,3.67,3.84,3.88
BMP4,3.95,4.01,3.78,3.89,3.9,4,4.16,3.75,3.88,3.88,3.97,3.94,3.91,5.01,4.04,3.98,3.92,4.05,4.02,3.91,4.12,3.83,3.79,3.78,4.06,4.01,3.82,4.06,4.21,4.3,5.2,3.75,3.81,3.76,4,3.9,4.27,3.96,4.11,3.74,4.19,3.94,4.49,5.01,4.37,3.65,4.16,3.87,3.96,5.21
BMP5,4.23,5.12,4.35,4.36,4.23,4.17,4.84,4.22,4.43,4.4,4.89,4.71,4.65,5.27,4.21,4.24,4.12,4.51,4.53,4.21,4.37,4.38,4.72,4.28,4.28,4.16,4.44,4.39,4.39,4.54,5.19,4.93,4.48,4.27,4.14,4.19,4.09,4.23,4.77,4.17,4.1,4.19,4.11,5.03,3.96,4.41,4.63,4.08,4.1,5.8
BMP5,4.27,4.29,3.92,4.11,3.9,4.46,3.85,4.03,4.02,4.22,4.86,4.48,4.83,4.87,4.12,4.06,4.21,4.3,4.14,4.16,4.44,4.51,4.16,4.18,4.05,4.25,4.52,4.23,4.41,4.52,5,5.27,4.09,4.19,4.08,4.18,4.08,3.6,4.29,3.89,4.05,4.16,4.08,4.44,3.98,3.9,4.5,4.25,4.15,4.4
BMP6,3.73,3.77,3.91,3.9,4.15,3.9,4.37,4.02,3.93,3.8,3.89,3.89,3.8,4.44,4.07,3.73,3.65,3.95,4.03,3.88,3.92,3.67,3.72,3.62,3.87,3.81,4.32,4.17,4.07,4.42,4.74,5.36,3.96,3.72,4.02,3.77,3.85,3.77,4.36,3.98,4.14,4.35,3.91,4.63,3.92,4.26,4.36,4.02,3.75,5.54
BMP6,4.8,4.66,4.82,4.85,5.03,4.94,5.14,4.79,4.83,4.58,5.37,5.02,4.93,5.87,4.99,5.14,5,5.22,4.85,4.62,5.12,4.96,4.8,4.77,4.65,4.64,4.96,4.72,4.87,6.22,5.99,6.95,5.16,4.9,4.82,4.73,4.91,4.72,5.22,4.83,4.69,4.52,4.66,5.24,4.86,4.79,4.94,4.92,4.93,6.86
BMP7,10.42,10.45,10.43,10.4,10.41,10.55,10.27,10.41,10.39,10.3,10.52,10.45,10.55,9.83,10.39,10.45,10.4,10.3,10.19,10.13,10.7,10.5,10.88,10.63,10.53,10.64,10.43,10.22,10.59,11,9.85,9.95,10.45,10.43,10.33,10.68,10.87,10.68,10.35,10.34,10.43,10.63,10.74,9.76,10.52,10.59,10.48,10.48,10.59,9.47
BMP7,8.45,8.3,8.4,8.42,8.51,8.69,8.57,8.71,8.3,8.41,8.58,8.58,8.31,7.05,8.55,8.52,8.57,8.54,8.48,8.49,8.81,8.86,8.87,9,9.02,8.94,8.63,8.5,8.39,8.07,6.74,7.61,8.19,8.26,8.16,8.93,8.81,8.82,8.38,8.52,8.33,8.91,8.94,7.21,8.62,8.89,8.88,8.6,8.6,7.98
BMP8A,4.19,4.11,4.2,4.57,4.61,4.39,4.69,4.47,4.3,4.17,4.17,4.19,4.32,4.7,4.36,4.52,4.22,4.29,4.51,4.26,4.43,4.41,4.34,4.27,4.64,4.13,4.18,4.34,4.07,4.39,7.01,4.35,4.33,4.24,4.42,4.33,4.31,4.5,4.56,4.18,4.48,4.45,4.37,4.28,4.41,4.47,4.77,4.25,3.91,4.34
BMP8A,5.57,5.13,5.24,5.29,5.33,5.44,5.47,5.22,5.74,5.07,5.49,5.23,4.89,7.29,5.75,5.31,5.57,5.45,5.2,5.81,5.24,5.46,5.19,5.58,5.44,5.3,4.98,5.77,5.23,5.68,7.54,6.73,5.13,5.54,5.68,5.21,4.81,5.45,5.01,5.3,5.07,5.22,4.97,5.51,5.25,5.07,5.55,5.43,4.93,6.25
BMP8A /// BMP8B,4.75,4.5,5.02,4.54,5.32,5.1,4.47,4.06,4.59,4.44,4.32,4.6,4.12,4.61,4.43,4.68,4.57,4.66,4.89,4.63,4.55,4.51,4.55,4.72,4.44,4.39,4.81,4.65,4.33,4.31,5.36,5.3,4.53,4.1,4.62,4.45,4.65,4.6,4.36,4.73,4.37,4.26,4.69,5.65,4.56,5.68,4.78,4.29,4.29,6.85
BMP8B,3.99,3.93,3.7,3.9,3.53,3.42,3.86,4.08,3.88,3.8,3.83,4.27,3.84,3.76,3.81,3.73,3.54,3.82,3.81,3.58,4.15,4,4.14,3.73,3.93,3.9,3.77,3.92,3.75,3.76,5.36,4.11,3.58,3.71,4,3.72,3.73,3.61,3.81,3.63,3.83,4.13,4.35,4.44,3.67,3.67,3.55,3.65,3.92,3.88
BMP8B,7.54,7.51,7.6,7.61,7.93,7.63,8.06,7.8,7.57,7.44,7.83,7.55,7.24,9.45,7.43,7.33,7.28,7.62,7.61,7.54,7.11,7.62,7.12,7.5,7.65,7.3,7.39,7.66,7.29,7.63,9.15,8.91,7.4,7.46,7.6,7.57,7.05,7.64,7.61,7.76,7.5,7.7,8.03,8.62,7.66,7.26,7.63,7.43,7.35,9.27
BMP8B,4.75,4.91,5.08,4.88,4.67,5.3,5.16,4.72,4.51,4.84,4.92,5.07,4.92,6.31,4.98,5.08,5.09,5.38,4.86,4.74,4.81,5.02,4.76,4.78,5.22,4.79,4.87,4.62,4.8,4.83,6.2,5.1,4.75,4.74,4.88,4.65,4.88,4.7,4.58,4.91,4.82,4.9,5.05,7.66,5.1,4.85,5.29,4.76,4.66,5.41
BMPER,3.85,3.99,3.61,3.78,4.33,4.11,4.49,4.04,3.79,3.66,4.34,3.96,4.2,4.25,3.65,3.94,3.72,3.72,3.84,3.84,3.75,3.68,3.91,4,3.94,3.72,3.77,3.92,4.03,3.83,5.76,4.51,3.63,3.67,3.79,3.68,4.18,3.82,4.41,3.77,3.8,3.97,3.77,6.12,3.9,3.65,3.91,3.75,3.55,4.25
BMPER,4.4,4.29,4.43,4.66,4.38,4.19,4.41,4.2,4.35,4.27,4.49,4.43,4.28,4.39,4.55,4.38,4.31,4.26,4.07,4.31,4.21,4.25,4.29,4.56,4.21,3.98,4.44,4.18,4.37,4.33,6.47,4.85,4.19,4.13,4.39,4.58,4.41,4.11,4.88,4.47,4.56,4.58,4.2,6.98,4.31,4.3,4.4,4.26,4.2,5.48
BMPR1A,6.52,7.04,6.42,6.69,6.3,5.99,6.08,6.57,6.91,6.99,7.11,6.91,6.82,6.72,6.49,6.52,6.55,6.28,6.29,6.34,6.41,6.69,7.17,6.32,6.47,6.46,6.36,6.96,6.77,6,4.82,6.15,6.22,6.43,6.36,6.61,6.42,6.45,6.24,6.42,6.29,6.67,6.49,6.51,6.17,5.97,6.27,6.73,6.78,6.31
BMPR1A /// LOC283155,5.91,5.52,5.82,6.07,5.31,5.01,4.57,6.38,6.27,5.97,5,5.69,5.92,4.55,5.61,5.73,5.64,5.5,5.26,5.61,5.69,5.79,5.16,5.43,5.78,5.72,5.44,6,5.3,4.84,5.32,4.85,5.91,5.93,5.73,5.72,6.15,5.95,4.57,5.64,5.76,5.08,5.61,4.6,4.93,5.15,5.66,5.89,6.2,4.14
BMPR1A /// LOC283155,7.15,7.62,7.44,7.27,7.38,7.31,7.06,7.21,7.56,7.36,7.6,7.35,7.37,7.07,7.27,6.78,7.27,7.14,7.19,7.18,6.8,7.18,7.56,7.14,7.08,7.05,7.45,7.31,7.45,7.23,6.25,7.38,6.87,7.18,6.78,7.46,7.11,7.21,7.01,7.41,7.62,7.43,7.29,6.88,7.21,7.15,6.92,7.3,7.86,6.64
BMPR1B,3.77,3.8,3.71,3.99,3.73,4,4.28,3.82,3.82,3.65,3.77,3.83,3.65,5.76,4.16,3.74,3.93,3.73,4.14,4.06,3.81,3.8,3.81,4.08,4.16,3.65,3.77,3.99,3.53,4.02,4.82,4.27,3.64,3.76,4.02,3.79,3.8,3.88,3.87,3.89,3.73,4.01,3.76,5.01,3.74,3.79,3.96,3.71,4.1,4.95
BMPR1B,3.9,3.76,3.88,4.01,4.12,4.24,3.82,3.87,3.8,3.91,4.04,4,3.91,4.63,3.75,4.03,3.65,3.75,3.93,3.78,3.92,3.9,3.97,3.77,3.94,3.89,3.89,3.94,3.86,5.22,5.52,4.5,4.26,3.91,4.13,3.74,4.01,3.62,4.97,3.78,3.97,3.86,4.01,4.46,4.49,3.91,4.17,3.82,3.68,5.97
BMPR2,6.65,6.51,6.4,6.17,6.29,6.18,5.84,6.28,6.55,6.56,6.34,6.18,5.94,5.83,6.46,6.55,6.65,6.37,6.48,6.6,6.58,6.61,6.76,7.2,6.76,6.55,6.61,6.87,6.04,6.19,5.21,5.28,5.78,5.88,5.91,6.5,5.53,5.96,5.81,6.5,6.73,6.51,6.19,5,6.06,6.23,6.5,6.38,5.85,8.2
BMPR2,7.17,7.1,6.94,6.99,7.12,7.7,7.76,6.96,7.13,7.21,7.3,7.08,7.23,6.8,7.47,7.33,7.36,7.22,7.18,7.23,7.54,7.5,7.44,7.44,7.28,7.6,7.17,7.09,7.3,7.4,5.75,6.29,7.02,6.83,7.11,7.13,7.15,7.22,8.02,7.64,7.7,7.38,7.42,7.11,7.27,7.01,7.18,7.13,7.59,7.21
BMPR2,8.1,8.24,8,7.96,7.91,8.14,8.18,8.15,8.17,8.15,8.4,8.2,8.04,6.99,8.2,8.04,8.13,7.86,7.94,7.96,8.1,8.23,8.62,8.41,8.42,8.38,8.01,8.11,7.84,7.49,5.83,7.68,7.31,7.57,7.47,7.98,8.06,8.09,6.96,8.17,8.23,8.1,8.12,6.01,7.8,7.65,7.97,8.23,8.33,7.47
BMS1,8.96,8.79,9.2,9.03,9.23,9.37,9.65,9.4,8.81,8.97,9.04,8.8,8.65,9.16,8.91,9.06,8.94,9.31,9.2,9.2,8.78,8.63,8.64,9.05,8.96,8.77,9.09,8.93,8.93,9.02,10.86,10.24,9.11,9.2,9.14,9,9.22,9.12,9.36,9.17,9.24,8.88,8.73,9.67,9.27,9.33,9.07,9.06,9.1,9.53
BMS1,9.81,9.74,9.96,9.9,10.25,10.15,10.26,10.14,9.77,9.84,9.77,9.6,9.61,8.78,9.63,9.81,9.78,10.01,10.03,9.99,9.68,9.66,9.59,9.65,9.68,9.69,9.89,9.62,9.84,10.33,8.82,9.11,9.89,9.9,9.86,9.79,9.92,9.86,10.13,9.99,10.05,9.73,9.64,8.78,10.05,9.96,9.87,9.92,9.91,8.81
BMS1,4.4,4.56,4.17,4.14,4.18,3.61,4.04,3.68,4.43,4.15,4.07,4.28,3.97,4.62,4.23,4.16,4.14,3.95,4.24,4.07,4.1,4.33,4.5,3.97,4.12,4.07,4.5,4.35,3.78,3.81,4.93,4.29,3.84,4.35,3.95,4.1,3.92,4.03,3.79,3.98,4.13,3.98,4.81,5.52,4.53,4.21,4.3,4.27,4.02,4.49
BMS1P4,4.91,4.59,4.84,4.8,4.76,4.59,4.72,5.68,4.98,5.02,5.13,4.79,4.64,6.61,4.73,4.66,5.19,4.89,4.64,4.83,5.07,4.82,4.62,5.06,5.11,5.1,4.85,4.86,4.9,4.78,4.91,5.64,5.32,5.51,5.78,5.07,4.46,5.35,4.23,4.71,4.82,4.96,4.55,5.29,4.72,4.57,4.68,4.96,4.83,5.87
BMX,4.26,4.06,4.01,4.25,4.63,3.97,4.88,3.83,3.99,4.01,4.25,4.37,4.08,4.9,4.12,4.04,4.09,4.28,3.99,3.98,4.18,3.98,4.43,4.07,4.06,3.9,4.03,4.25,4,5.58,4.96,5.33,4.15,4.17,4.25,3.96,4.17,3.83,5.21,3.93,3.95,4.22,4.04,4.1,4.19,3.92,4.2,4.05,4.06,5.3
BNC1,3.62,4.03,3.79,3.9,3.72,4.09,3.68,4.02,4,3.88,4.06,3.81,3.74,3.91,3.53,3.79,3.63,3.75,3.77,3.72,3.71,3.79,3.75,3.59,3.55,3.48,3.62,3.73,3.67,4.5,6.1,4.9,3.49,3.67,3.63,3.65,3.52,3.75,3.6,3.52,3.85,3.6,3.78,4.18,3.49,3.62,3.56,3.71,3.46,5.01
BNC1,4.76,5.06,4.65,4.99,4.65,4.71,4.85,4.96,4.88,4.88,5.04,4.98,5.3,5.08,4.82,4.84,4.61,4.84,4.72,4.86,4.93,5.19,5.03,4.98,4.64,4.48,4.86,5.16,4.81,5.41,5.34,6.58,4.82,4.62,4.97,4.41,5.04,4.84,5.17,4.71,4.96,4.67,5.13,5.27,4.97,4.91,4.93,4.9,4.97,6.06
BNC1,3.33,3.37,3.25,3.53,3.52,3.61,4.62,3.31,3.46,3.41,3.54,3.34,3.23,3.7,3.2,3.15,3.24,3.15,3.37,3.26,3.21,3.34,3.43,3.24,3.52,3.35,3.23,3.31,3.37,3.65,4.02,3.95,3.32,3.27,3.31,3.47,3.35,3.37,3.55,3.47,3.42,3.25,3.35,3.5,3.65,3.21,3.16,3.43,3.33,3.29
BNC1,3.38,3.17,3.5,3.37,3.82,3.66,4.76,4.76,3.39,3.22,3.36,3.19,3.49,3.92,3.31,3.42,3.34,3.4,3.39,3.41,3.39,3.53,3.47,3.4,3.62,3.57,3.4,3.33,3.52,5.67,5.38,4.34,3.5,3.24,3.53,3.39,3.54,3.46,4.26,3.33,3.52,3.58,3.97,4.13,3.71,3.57,3.76,3.45,3.46,4.31
BNC1,3.69,3.8,3.8,3.67,4.08,4.23,4.94,3.89,3.7,3.48,3.55,3.49,3.51,4.36,3.92,3.83,3.63,3.71,3.68,3.91,3.6,3.78,3.81,3.65,3.64,3.56,4.1,3.91,3.6,4.02,7.55,4.76,3.87,3.82,3.62,3.48,4.39,3.83,4.7,3.62,4.17,3.75,3.79,4.83,4.14,4.17,4.06,3.63,3.76,3.92
BNC2,3.93,4.03,4.1,4.15,4.11,4.46,4.23,4.05,4.31,4.25,4.17,4.05,4.22,6.96,4.06,4.12,4.09,4.24,4.3,4.13,3.99,4.42,4.54,4.13,4.09,3.87,4.04,4.54,4.07,4.94,4.63,5.92,4.06,3.9,4.21,4.04,4.21,4.46,4.13,3.89,4.2,3.94,4.08,5.53,4.83,4.17,4.38,3.95,4.06,6.39
BNC2,4.16,3.51,3.6,3.47,3.74,3.69,3.43,3.6,3.72,3.61,3.84,4,3.64,3.92,3.62,3.7,3.52,3.7,3.64,3.45,3.84,3.7,3.63,3.56,3.44,3.59,3.72,3.63,3.5,4.09,4.3,4.79,3.77,3.75,3.75,3.76,3.75,3.66,3.95,3.47,3.57,3.94,3.73,4.01,3.8,3.7,3.73,3.67,3.66,4.48
BNC2,4.67,4.7,4.67,4.86,4.6,4.56,5.18,5.06,4.68,4.82,4.82,4.69,4.76,6.12,4.71,4.48,4.84,4.88,4.85,5.09,4.94,5.02,4.78,4.83,5.18,4.75,4.84,4.81,4.79,5.71,6.81,5.44,5.02,4.98,4.89,4.57,4.94,4.77,4.81,5.03,4.74,4.57,4.68,5.45,4.67,5.84,4.69,5.13,4.78,5.48
BNC2,4.78,4.65,4.1,4.27,4.15,4.18,4.88,3.97,4.36,4.37,4.6,4.74,4.88,5.32,4.47,4.59,4.53,4.4,4.33,4.17,4.68,4.7,4.5,4.35,4.35,3.84,4,4.74,4.46,3.86,4.67,6.28,4.35,4.78,4.39,4.34,4.9,3.88,5.04,4.22,4.39,4.22,4.49,4.11,4.03,4.6,4.42,4.18,4.15,4.93
BNC2,4.56,4.45,4.45,4.05,4.41,4.33,4.13,4,4.04,4.54,4.19,4.07,4.19,4.68,4.3,4.2,4.38,4.51,4.3,4.27,4.32,4.39,4.34,4.22,4.49,3.95,4.36,4.35,4.25,4.05,4.73,4.14,4.45,4.45,4.33,4.02,4.26,4.35,4.14,4.42,4.41,4.68,4.09,5.33,4.25,4.09,4.38,4.26,4.16,4.96
BNC2,4.43,4.51,4.4,4.49,4.63,4.34,4.75,3.97,4.5,4.67,4.33,4.42,4.44,5.4,4.21,4.32,4.19,4.69,4.57,4.22,4.43,4.58,4.4,4.13,4.5,4.15,4.36,4.41,4.23,4.35,5.46,5.31,4.43,4.56,4.65,4.16,4.3,4.05,4.52,4.35,4.31,4.6,4.25,4.61,4.73,4.37,4.29,4.33,4.21,5.78
BNC2,4.65,4.95,4.2,4.41,4.71,4.25,4.31,4.54,4.4,4.38,4.68,4.58,4.64,5.04,4.65,4.14,4.37,4.17,4.46,4.78,4.34,4.6,4.59,4.05,4.17,4.17,4.13,4.45,4.66,4.21,5.82,4.57,4.74,4.6,4.46,4.44,3.94,4.38,4.34,4.3,3.9,4.52,4.26,4.51,4.36,4.5,4.63,4.44,4.33,5.69
BNC2,4.21,4.45,4.22,4.42,4.32,4.21,5.08,4.16,4.22,4.35,4.5,4.27,4.43,4.44,4.49,4.5,4.27,4.18,4.5,4.08,4.23,4.26,4.55,4.25,4.25,4.27,4.07,4.36,4.45,5.22,4.66,4.67,4.45,4.44,4.85,4.38,4.64,4.25,4.63,4.37,4.11,4.24,4.46,5.55,4.76,4.54,4.77,4.18,4.22,4.89
BNC2,3.97,4.12,3.82,3.88,3.48,3.93,3.55,3.74,3.89,3.99,4.14,4.28,4.17,4.51,3.54,3.66,4.15,3.54,3.6,3.78,3.79,3.85,4.31,3.75,3.65,3.62,3.68,3.71,3.79,4.3,5.29,5.04,4,3.78,3.66,3.9,3.46,3.77,3.55,3.59,3.83,3.61,3.75,4.63,3.54,3.96,3.95,3.56,3.7,4.89
BNIP1,7.89,7.64,8.01,7.86,8.09,8.01,8.05,8.1,7.91,7.88,7.84,7.76,7.78,7.89,8,8.17,7.95,8.02,7.91,7.97,7.67,7.83,7.72,7.93,7.96,7.88,7.99,7.96,7.93,6.79,7,7.59,7.66,7.56,7.65,8.06,7.82,8.02,7.89,8.02,7.99,8.09,7.96,7.84,8.04,8,8.18,7.9,8.1,7.61
BNIP1,7.63,7.26,7.66,7.6,7.57,7.58,7.4,7.93,7.61,7.74,7.54,7.58,7.57,6.91,7.78,7.87,7.88,7.72,7.76,7.71,7.51,7.51,7.31,7.68,7.83,7.65,7.79,7.64,7.72,6.99,6.96,5.72,7.65,7.39,7.55,7.72,8.05,7.74,7.99,7.83,7.78,7.71,7.74,6.34,7.8,7.9,7.86,7.88,7.68,6.34
BNIP2,7.76,7.93,7.71,7.89,7.66,7.56,7.28,7.77,7.96,7.8,7.9,7.92,8.11,6.27,7.53,7.65,7.69,7.67,7.8,7.71,7.98,7.76,8.05,7.6,7.61,7.89,7.68,7.71,7.74,7.66,6.49,6.51,7.65,7.55,7.41,7.66,7.8,7.61,7.64,7.85,7.95,7.57,7.67,6.81,7.54,7.76,7.47,8,7.96,7.11
BNIP2,9.61,9.59,9.48,9.53,9.47,9.55,9.02,9.47,9.63,9.5,9.6,9.64,9.55,9.29,9.43,9.47,9.49,9.47,9.45,9.49,9.45,9.5,9.65,9.51,9.55,9.59,9.48,9.6,9.57,9.26,8.72,9.33,9.21,9.39,9.24,9.46,9.3,9.58,9.65,9.56,9.63,9.42,9.48,9.12,9.44,9.53,9.34,9.62,9.8,9.25
BNIP2,8.31,8.12,8.01,8.22,7.57,7.41,7.69,7.71,8.18,8.18,7.94,8.31,8.17,6.93,7.95,8.28,7.99,8,7.93,8.08,8.07,8.09,7.88,8.03,8.05,8.04,7.9,8.21,7.82,7.61,6.69,6.74,7.78,7.88,7.93,7.94,7.61,7.92,7.96,7.9,7.78,7.48,7.3,5.34,7.85,7.57,7.99,8.25,8,7.27
BNIP3,10.78,10.76,10.94,10.93,10.77,10.72,10.94,10.84,10.93,10.92,10.84,10.72,10.71,10.23,10.56,10.56,10.53,10.35,10.48,10.51,10.69,10.75,10.67,10.72,10.77,10.74,10.87,10.88,10.58,10.06,9.32,10.32,10.85,10.96,10.88,10.68,10.47,10.65,10.51,10.61,10.52,10.58,10.44,10.14,10.68,10.68,10.67,10.72,10.61,9.82
BNIP3,5.68,5.61,5.62,5.65,5.49,5.39,4.44,5.91,5.65,5.52,6.12,5.71,5.93,5.59,5.7,5.73,5.44,5.38,5.7,5.35,5.4,5.75,5.59,5.53,5.44,5.35,5.43,5.53,5.41,4.62,5.19,6.06,5.61,5.45,5.64,5.28,5.38,5.37,4.38,5.13,5.44,5.68,6.17,5.21,5.68,5.23,5.64,5.99,5.47,5.92
BNIP3L,10.67,10.71,10.72,10.65,10.28,10.43,10.62,10.74,10.74,10.79,10.3,10.42,10.35,9.66,10.39,10.36,10.48,10.32,10.29,10.48,10.86,10.61,10.56,10.51,10.51,10.56,10.68,10.52,10.21,8.82,8.17,8.99,10.39,10.26,10.33,10.45,10.56,10.35,10.19,10.66,10.47,10.42,10.56,9.94,10.61,10.48,10.64,10.27,10.15,9.8
BNIP3L,11.08,11.17,11.2,11.13,10.76,10.9,11.26,11.15,11.22,11.27,11,10.89,10.88,10.63,10.92,10.9,10.92,10.82,10.79,10.84,11.29,11.16,11.11,10.89,10.92,11.01,11.13,11.07,10.91,10.23,9.56,9.7,10.76,10.71,10.77,10.96,10.97,10.8,10.69,10.97,11,10.96,11.08,10.82,11.12,11.04,11.04,10.85,10.69,10.87
BNIP3L,10.83,10.89,10.93,10.85,10.58,10.71,10.84,10.94,11.02,10.93,10.75,10.59,10.52,9.6,10.64,10.61,10.68,10.57,10.53,10.6,11.02,10.93,10.86,10.72,10.78,10.87,10.98,10.84,10.55,9.85,8.16,8.47,10.62,10.52,10.62,10.73,10.8,10.57,10.6,10.85,10.74,10.81,10.77,9.62,10.83,10.77,10.9,10.57,10.4,10.33
BNIP3L,9.75,9.47,9.62,9.69,9.11,9.1,9.36,9.69,9.91,9.7,8.93,9.22,9.28,7.4,9.35,9.24,9.38,9.31,9.29,9.48,9.66,9.54,9.39,9.45,9.39,9.67,9.63,9.41,8.97,7.44,7.5,6.71,9.34,9.23,9.07,9.37,9.09,9.3,9.47,9.33,9.36,9.29,9.31,7.88,9.46,9.27,9.5,9.15,9.08,6.82
BNIP3L,9.63,9.48,9.61,9.51,9.15,9.17,9.49,9.64,9.9,9.68,8.86,9.22,9.22,7.07,9.4,9.09,9.39,9.21,9.23,9.34,9.65,9.62,9.28,9.53,9.41,9.47,9.6,9.55,8.87,7.07,5.43,6.14,9.3,9.26,9.25,9.36,9.23,9.34,8.67,9.25,9.29,9.25,9.31,6.77,9.27,9.2,9.52,9.07,8.96,7.07
BNIP3L,10.27,10.46,10.34,10.53,9.94,9.98,9.78,9.91,10.67,10.38,10.24,10.04,10.04,8.93,10.17,9.92,10.15,10.04,10.11,10.07,10.18,10.28,10.57,10.26,10.16,10.13,10.27,10.19,9.91,8.72,6.64,8.89,9.61,9.72,9.83,10.17,9.97,10.11,9.19,9.97,9.86,9.91,10.17,9.65,10.07,9.99,9.98,10.02,9.97,9.2
BNIPL,5,4.48,5.19,5.05,5.37,5.28,4.72,5.32,4.84,4.89,4.85,5.01,4.71,5.16,4.87,5.28,4.97,4.98,5.01,4.99,4.88,4.96,4.97,4.87,4.74,4.64,4.94,5.03,4.67,4.25,5.11,4.42,4.63,4.65,4.96,4.68,5.36,4.7,4.84,5.44,5.1,4.84,4.99,6.17,4.99,4.35,4.5,5.25,5.16,4.84
BNIPL,4.08,4.39,4.07,4.19,5.25,4.07,4.75,4.4,4.04,4.28,3.96,4.16,4.08,4.94,4.23,4.41,4.08,4.1,4.11,4.28,4.18,4.03,4.04,4.21,4.27,4.05,4.06,4.14,3.93,5.65,6.19,4.59,4.12,3.9,4.3,4.25,3.83,4.27,5.1,4.54,4.25,4.33,4.15,5.12,4.12,4.14,4.14,4.69,4.41,4.61
BNIPL,4.17,4.08,4.07,4.29,4.69,4.39,4.9,4.25,4.1,4.22,4.04,4.13,4.11,4.1,4.37,3.97,4.05,4.03,4.16,4.2,4.14,4.25,4.09,4.19,4.29,4.35,4.29,4.22,3.96,4.54,4.36,6.06,4.15,3.9,4.3,3.94,3.88,3.85,3.6,4.21,4.4,4.02,4.05,5.12,3.65,4.35,4.17,3.8,4.15,4.31
BOC,5.27,5.25,5.19,5.27,5.31,5.46,5.11,5.31,5.37,5.09,5.2,5.46,5.13,5.1,5.15,5.49,5.25,5.21,5.07,4.93,5.24,5.45,5.4,5.38,5.4,5.43,5.41,5.43,5.36,5.03,4.36,5.14,5.53,5.43,5.4,5.24,5.3,5.22,4.49,5.01,5.43,5.47,5.5,4.77,5.4,4.68,5.43,5.08,5.1,5.96
BOC,4.36,4.63,4.3,4.61,4.69,4.4,4.25,4.54,4.18,4.43,4.37,4.64,4.25,4.38,4.57,4.43,4.25,4.42,4.14,4.4,4.02,4.62,4.43,4.18,4.64,4.63,4.27,4.2,4.35,4.77,4.82,4.92,4.21,4.46,4.3,4.18,4.68,4.47,4.64,4.45,4.29,4.14,4.89,5.64,4.71,4.21,4.35,4.35,4.3,5.12
BOD1,9.14,9.23,9.05,9.2,8.91,9.02,9.12,8.89,9.14,9.15,9.07,9.09,9.22,6.54,9.18,9.16,9.29,8.93,8.97,8.97,9.09,8.89,9.14,9.2,9.01,9.29,9.18,9,9.15,9.1,4.81,7.93,9.1,9.12,9.01,9.13,9.46,9.19,9.05,9.03,9.12,9.07,9.38,6.69,9.18,9.1,9.15,9.12,9.28,6.53
BOD1L,5.12,4.82,4.86,4.61,4.61,5.17,5.95,4.97,4.99,5.01,4.71,4.73,4.62,4.43,5,5.36,5.06,5.14,4.96,4.88,4.95,4.86,4.98,5.19,5.15,5.12,4.78,4.62,5.05,4.5,5.19,4.63,5.29,4.52,4.98,5.17,4.75,4.54,4.45,5.02,5.05,5.26,4.8,4.97,5.52,5.36,5.35,4.57,4.42,4.42
BOD1L,8.23,8.48,8.39,8.32,8.21,8.22,7.34,8.39,8.5,8.41,8.4,8.4,8.52,8.08,8.44,8.33,8.59,8.29,8.38,8.48,8.47,8.54,8.46,8.27,8.5,8.43,8.19,8.35,8.39,7.51,6.11,7.38,8.22,8.48,8.43,8.4,8.32,8.29,7.84,8.45,8.38,8.58,8.59,8.23,8.45,8.31,8.4,8.37,8.57,7.06
BOD1P,3.49,3.51,3.69,3.74,4.06,4.1,3.85,3.7,3.44,3.68,3.47,3.61,3.34,4.88,3.67,3.7,3.5,3.74,4.06,3.53,3.53,3.57,3.58,3.55,3.91,3.67,3.78,3.68,3.54,4.73,5.18,4.23,3.69,3.4,3.96,3.77,3.75,3.58,4.74,3.54,3.65,3.72,3.62,4.84,4.11,3.59,4.13,3.61,3.41,3.96
BOK,4.75,4.47,4.46,4.62,5.24,4.55,4.35,5.43,4.58,4.62,4.58,4.85,4.44,4.72,4.48,4.64,4.64,4.54,4.71,4.6,4.36,4.68,4.77,4.61,4.38,4.95,4.76,4.83,4.65,4.8,4.67,4.99,4.44,4.43,4.97,4.62,4.72,4.7,4.52,5.11,4.68,4.93,5.18,4.4,4.73,4.74,5.05,4.65,4.58,4.46
BOK,5.69,5.67,5.86,5.61,5.98,5.67,6.04,6.16,5.77,5.82,5.88,5.75,5.76,6.02,5.53,5.93,5.6,5.74,5.61,5.63,5.64,5.83,5.77,5.78,5.42,5.25,5.96,5.64,5.9,5.52,5.58,6.1,5.76,5.72,5.54,6.02,5.92,5.79,5.47,5.87,6.16,5.88,6.14,5.81,5.58,5.55,5.89,5.62,5.51,6.17
BOK,3.79,3.86,3.8,3.81,3.99,4.21,4.05,4.09,3.68,3.82,3.58,3.85,3.55,3.86,3.86,3.51,3.66,3.67,3.53,3.6,3.89,4.03,3.9,3.68,4.2,3.79,3.96,4.02,3.59,4.32,6.92,4.43,3.76,3.86,3.92,3.51,3.98,3.79,4.84,3.97,3.71,4.27,3.9,4.03,4.25,3.87,3.93,3.75,3.84,3.74
BOLA1,7.65,7.96,7.85,7.85,7.92,8.09,7.7,7.88,7.86,7.88,7.95,7.58,7.65,6.36,7.76,7.53,7.89,8.22,8.31,8.06,7.82,7.39,7.69,7.45,7.36,7.54,7.99,7.94,7.95,7.96,5.4,6.18,7.91,7.79,7.93,7.92,7.75,7.86,7.56,7.77,7.95,8.14,8.1,7,7.96,7.86,7.94,7.73,7.92,6.64
BOLA2 /// BOLA2B /// LOC440354,6.52,6.18,6.72,6.32,6.39,6.47,5.84,6.68,6.47,6.33,6.43,6.2,6.28,5.24,6.55,6.56,6.53,6.89,6.86,6.72,6.09,6.17,6.29,6.59,6.36,6.35,6.69,6.4,6.42,6.55,5.51,5.62,6.99,6.76,6.95,6.64,6.8,6.83,6.55,6.45,6.28,6.34,6.51,5.53,6.42,6.44,5.79,6.36,6.25,5.91
BOLA2 /// LOC440354 /// LOC595101,10.56,10.76,10.52,10.54,10.58,10.61,10.09,10.29,10.75,10.5,10.76,10.69,10.65,10.58,10.68,10.57,10.68,10.38,10.36,10.41,10.56,10.55,10.83,10.5,10.49,10.58,10.59,10.67,10.74,10.09,10.15,9.89,10.47,10.45,10.47,10.67,10.61,10.51,10.21,10.64,10.61,10.37,10.33,9.93,10.51,10.35,10.51,10.64,10.78,9.84
BOLA2 /// LOC595101,4.22,3.8,3.95,3.95,3.49,3.7,3.66,3.72,4.51,4.26,3.95,3.92,3.95,4.28,4.19,3.82,4.18,4.01,4.04,4.23,4,3.82,3.77,3.99,4.09,3.59,4.04,4.55,3.95,3.58,3.53,4.01,4.17,3.93,4.16,4.18,3.56,4.2,3.57,3.74,3.84,3.57,3.65,3.69,3.85,3.53,3.89,4.12,3.78,3.71
BOLA3,11.64,11.63,11.68,11.64,11.64,11.71,11.6,11.69,11.62,11.72,11.56,11.65,11.63,11.67,11.77,11.73,11.83,11.68,11.71,11.77,11.63,11.5,11.44,11.56,11.66,11.63,11.72,11.63,11.67,11.7,11.56,11.67,11.56,11.52,11.49,11.7,11.84,11.76,11.65,11.73,11.69,11.39,11.55,11.28,11.66,11.6,11.65,11.63,11.59,11.28
BOLL,4.01,3.71,3.8,3.73,4.01,3.89,3.8,3.76,3.85,3.84,4.24,4.45,4.18,4.51,3.82,3.66,3.59,3.67,3.66,3.68,3.76,4.48,3.89,3.55,3.86,3.78,3.76,3.86,4.14,4.19,5.2,4.22,3.9,3.8,4.01,3.93,3.76,3.63,4.56,3.71,3.69,3.58,3.55,4.28,3.39,3.54,3.66,3.68,3.79,4.74
BOLL,4.49,4.8,4.37,4.59,4.79,4.45,4.69,4.45,4.49,4.55,4.7,4.4,4.58,6.39,4.71,4.68,4.5,4.57,4.57,4.5,4.66,4.62,4.31,4.86,4.66,4.23,4.36,4.73,4.64,5.12,7.13,5.86,4.68,4.53,4.46,4.31,5.1,4.25,4.84,4.48,4.48,4.42,4.84,4.94,4.39,4.81,4.53,4.39,4.49,5.81
BOP1 /// LOC727967,9.79,9.74,9.99,10.04,10.21,10.18,9.61,10.06,9.84,9.66,9.94,9.81,9.79,9.24,9.69,9.64,9.75,10.17,10.32,10.08,9.43,9.26,9.61,9.7,9.62,9.55,10.15,9.88,10.07,9.97,9.47,9.39,9.76,9.59,9.67,9.85,9.85,9.74,9.78,10.13,10.02,9.92,9.76,8.84,9.98,9.91,9.91,9.99,10,9
BPA-1,3.79,3.88,4,3.99,4.25,3.81,4.15,3.92,4,3.61,3.78,3.79,3.9,4.03,3.85,3.91,3.96,3.63,4.01,3.62,3.82,3.53,3.78,4.09,3.82,3.73,4.03,3.93,3.58,4.03,4.01,6.29,4.2,3.9,3.84,3.85,3.78,4.31,4.13,4.22,4.23,4.17,3.53,4.47,4.08,3.63,4.24,3.91,3.79,4.37
BPESC1,3.68,3.6,3.56,3.34,3.49,3.42,3.83,3.68,3.51,3.6,3.52,3.53,3.52,4.4,3.37,3.48,3.62,3.41,3.55,3.44,3.51,3.54,3.77,3.59,3.28,3.55,3.61,3.81,3.8,3.59,5.04,5.12,3.32,3.68,3.32,3.42,3.61,3.53,3.55,3.54,3.53,3.64,3.64,4.17,3.49,3.36,3.6,3.36,3.63,3.68
BPGM,7.14,7.16,7.02,6.87,6.88,6.87,6.44,6.33,7.29,6.93,6.81,7.12,7.43,6.61,6.87,6.48,6.9,6.9,6.84,6.89,7.63,7.08,7.4,7.01,6.92,7.25,6.93,6.61,6.95,6.54,6.4,6.63,6.99,7.03,6.56,6.74,7.15,7,6.91,7.08,7.09,6.49,6.63,5.84,7.02,6.84,7.19,7,7.15,6.67
BPGM,6.74,6.81,6.69,6.55,6.49,6.61,5.53,6.62,7.15,6.8,6.58,6.74,7.1,4.25,6.37,6.22,6.7,6.23,6.37,6.5,7.09,6.8,6.94,6.48,6.75,6.81,6.8,6.59,6.79,6.49,5.59,5.44,6.31,6.46,6.3,6.4,6.73,6.66,6.28,6.72,6.7,6.1,6.37,4.26,7.06,6.77,6.74,6.79,7.15,5.08
BPHL,8.24,8.12,8.47,8.32,8.48,8.52,7.9,8.57,8.36,8.41,8.31,8.26,8.27,8.49,8.05,8.06,8.18,8.22,8.34,8.29,8.33,8.28,8.27,8.1,8.18,8.02,8.46,8.3,8.14,8.1,7.31,7.34,8.04,7.89,8,8.31,8.19,8.22,8.52,8.3,8.27,8.52,8.47,7.63,8.45,8.36,8.5,8.42,8.36,7.68
BPHL,7.46,7.35,7.36,7.31,7.04,7.52,7.11,7.3,7.61,7.38,7.6,7.4,7.4,6.88,6.96,7.14,7.17,7.37,7.47,7.23,7.19,7.3,7.32,7.18,7.11,7.2,7.36,7.33,7.38,7.11,7.81,7.91,6.93,7.02,6.9,7.47,6.98,7.24,7.12,7.47,7.37,7.63,7.67,5.03,7.45,7.09,7.49,7.53,7.37,6.35
BPHL,8.15,8.01,8.23,8.1,8.13,7.99,7.23,8.51,8.36,8.33,7.74,8.08,8.12,6.79,8.01,7.65,7.89,8.05,8.17,8.43,8.06,8.09,7.82,8.07,8.03,7.93,8.25,8.15,7.83,7.92,6.59,7.39,7.83,7.88,7.84,8.01,8.09,8.07,8.45,8.11,8.11,8.28,8.28,7.31,8.06,8.2,8.1,8.08,7.93,7.44
BPHL,8.23,7.97,8.19,8.22,7.92,8.05,7.78,8.22,8.38,8.43,7.89,8.21,8,7.66,7.9,8,7.96,8.1,8.19,8.18,8.08,8.02,7.82,7.88,7.8,7.69,8.19,8.16,7.82,8.03,7.55,6.44,7.79,7.88,8,8.1,7.83,8.04,7.91,8.02,8.06,8.04,8.18,7.21,8,8.16,8.03,8.01,7.86,7.67
BPI,4.16,4.37,4.11,4.14,3.99,4.25,4.36,4.2,4.13,4.23,4.21,4.11,4.35,4.28,4.56,3.99,4.39,4.33,4.23,4.25,4.42,4.59,4.22,3.96,4.31,4.47,4.09,4.56,3.92,4.75,5.97,4.82,4.27,4.26,4.17,4.02,4.37,4.15,4.44,4.25,4.09,4.3,4.44,4.17,4.26,4.27,4.25,4.38,4.25,4.25
BPIL1,4.05,4.4,3.83,4,4.08,3.64,4.16,4.33,4.03,3.97,4.28,4.1,4.37,4.27,3.87,3.82,3.94,3.98,3.96,3.81,4.21,3.85,4.17,3.87,3.68,4.02,3.94,3.96,4.11,4.59,5.88,4.2,4.03,4.06,4.33,3.88,3.74,3.79,3.79,3.77,3.78,4.14,3.82,4.72,3.97,4.09,3.84,3.69,4.05,5.38
BPIL2,3.87,4.13,3.99,3.94,3.8,4.59,3.82,3.79,3.89,3.9,4.03,4.23,3.81,4.85,4.11,4.4,3.86,3.97,4.11,3.97,4.22,4.04,3.91,3.96,3.9,3.95,4.22,4.14,3.74,4.9,5.61,5.81,3.84,3.85,4.04,3.95,4.24,3.91,3.83,3.95,3.84,4.12,4.31,5.31,3.89,3.98,4.01,3.79,4.05,6.01
BPIL2,4.1,4.1,4.18,4.4,4.03,4.1,4.49,4.23,4.07,3.9,4.27,4.13,3.88,4.28,4.25,4,4.04,4.12,4.33,4.16,4.25,4.12,4.19,4.22,4.19,4.11,4.27,4.13,3.94,4.46,6.1,4.48,3.99,4.08,4.2,4.13,3.83,4.25,4.02,3.94,4.25,4.45,4.26,4.34,4.23,4.19,4.16,4.3,4.08,4.93
BPIL2,4.28,4.21,4.13,4.21,4.59,3.79,5.38,4,4.06,3.94,4.49,4.69,4.4,5.04,4.12,4.38,4.04,3.97,3.76,4.08,4.41,4.64,4.59,4.06,4.15,3.9,3.83,4.02,4.24,4.42,5.38,6.06,4.56,4.16,4.42,3.97,4.33,3.87,4.57,4.17,3.59,4.28,4.25,6.28,3.77,4.2,4.13,3.87,4.07,5.3
BPIL3,3.44,3.66,3.41,3.2,3.49,3.36,3.87,3.87,3.39,3.35,3.49,3.52,3.7,4.06,3.19,3.18,3.39,3.31,3.52,3.43,3.36,3.62,3.57,3.35,3.39,3.39,3.5,3.52,3.4,3.55,5.24,3.88,3.42,3.59,3.88,3.5,3.44,3.42,3.78,3.32,3.42,3.56,3.46,3.77,3.34,3.44,3.43,3.48,3.26,4.37
BPNT1,4.63,5.11,4.67,4.61,4.4,4.82,4.39,4.24,4.9,4.67,5.1,4.51,4.72,5.21,4.56,4.53,4.7,4.6,4.65,4.83,4.46,4.65,5.11,4.79,4.58,4.38,4.57,4.77,4.74,4.46,5.35,5.62,4.37,4.4,4.24,4.8,4.47,4.65,4.24,4.67,4.53,4.72,4.54,5.71,4.52,4.5,4.33,4.74,4.95,5.65
BPNT1,6.34,6.64,6.5,6.45,6.55,6.38,5.68,6.19,7.07,6.44,6.87,6.56,6.44,7.94,6.55,6.53,6.52,6.56,6.56,6.73,6.28,6.36,6.78,6.6,6.58,6.33,6.47,6.65,6.56,5.98,6.92,7.1,5.97,6.47,6.38,6.57,6.55,6.65,5.72,6.64,6.57,6.07,6.42,7.73,6.33,6.19,6.44,6.66,6.72,7.41
BPNT1,7.46,7.25,7.48,7.54,7.74,7.15,6.72,7.59,7.42,7.64,7.07,7.35,7.28,5.8,7.7,7.83,7.83,7.99,7.96,8.18,7.51,7.5,7.12,7.9,7.66,7.75,7.77,7.6,6.93,6.54,6.98,5.64,7.94,7.5,7.9,7.8,7.4,7.61,6.37,7.93,7.62,6.89,7.04,6.44,7.61,6.79,7.33,7.65,7.18,6.23
BPNT1,5.67,5.78,5.82,5.66,5.65,5.5,5.5,5.32,5.68,5.63,5.51,5.65,5.33,4.37,5.82,5.31,6.09,5.97,5.99,6.12,5.89,5.61,5.67,5.53,5.83,5.57,5.81,5.65,5.09,4.21,5.78,5.21,5.89,5.72,5.92,6.06,5.62,5.46,5.22,6.04,5.76,5.33,4.95,5.04,5.65,5.21,5.38,5.59,5.26,4.58
BPNT1,6.92,6.5,6.6,6.6,6.59,6.84,7.13,6.56,6.82,6.89,6.39,6.9,6.61,6.03,7.16,6.5,6.99,7.35,6.9,7.31,6.84,6.83,6.49,7.06,7.18,6.89,6.89,7.01,6.17,5.55,6.4,5.79,7.01,6.89,7.13,7.1,6.55,6.66,7.08,7.09,6.97,6.21,6.35,5.33,6.92,6.8,6.72,6.61,6.44,6.02
BPTF,9.24,9.32,9.13,9.14,8.86,8.94,8.73,9.11,9.24,9.2,9.27,9.14,9.24,8.41,8.96,9.08,9.05,8.97,9.01,9.15,9.1,9.22,9.34,8.89,9.14,8.91,8.98,9.04,9.3,8.12,6.91,7.93,8.54,8.75,8.45,8.98,8.84,8.66,9.06,9.08,9.1,9.4,8.92,8.25,9,9.31,9.02,8.92,9.18,7.34
BPTF,9.15,9.09,8.84,8.84,8.84,8.74,8.48,9.06,8.97,9.06,8.91,8.77,8.92,7.61,8.7,8.85,8.85,8.77,9.02,9,8.94,8.85,9.05,8.78,8.86,8.91,8.89,8.78,9.03,8.62,7,7.71,8.3,8.39,8.31,8.66,8.72,8.57,9.17,8.9,8.91,9.08,9.06,6.67,8.94,8.77,8.91,8.84,8.89,6.7
BPTF,8.88,8.85,8.88,8.81,8.62,8.78,8.47,8.74,9.01,8.78,8.89,8.76,8.87,8.54,8.65,8.59,8.77,8.75,8.86,8.85,8.57,8.63,8.87,8.62,8.64,8.66,8.84,8.65,8.92,8.79,7.54,8.07,7.9,8.29,7.99,8.56,8.62,8.32,8.37,8.72,8.8,8.81,9.03,6.47,8.68,8.74,8.56,8.77,8.91,7.27
BPTF,5.53,5.6,5.66,5.73,5.45,5.54,5.49,5.58,5.55,5.64,5.82,5.69,5.49,6.3,5.47,5.13,5.59,5.58,5.89,6.01,5.45,5.61,5.59,5.46,5.93,5.6,5.74,5.91,5.68,6.21,5.67,5.55,4.93,4.87,4.96,5.86,5.35,5.49,5.62,5.74,5.47,5.45,5.5,5.9,5.59,5.29,5.75,5.87,5.53,6.37
BPTF,7.44,7.16,7.38,7.14,6.41,7.42,6.72,6.98,7.67,7.41,6.51,6.8,6.7,4.41,7.03,6.9,7.5,7.38,7.69,7.71,7.44,7.01,7.2,7.43,7.23,7.3,7.65,7.09,6.53,4.81,6.64,5.55,6.87,6.19,6.62,7.3,6.9,6.71,6.15,7.27,7.52,6.47,6.72,4.77,7.58,6.79,7.11,7.08,5.65,4.6
BPTF,8.68,8.8,8.65,8.61,8.53,8.54,8.47,8.34,8.56,8.64,8.74,8.54,8.58,6.77,8.36,8.54,8.42,8.48,8.54,8.72,8.54,8.62,8.5,8.25,8.54,8.39,8.58,8.54,8.7,8.55,7.05,7.5,8.04,8.25,7.99,8.34,8.27,8.16,8.43,8.56,8.46,8.84,8.61,6.42,8.36,8.57,8.52,8.53,8.63,6.06
BPTF /// LOC146880 /// PLEKHM1P,9.58,9.54,9.7,9.42,9.45,9.83,9.45,9.5,9.57,9.55,9.41,8.98,9.09,8.28,9.44,9.33,9.52,9.77,9.75,9.81,9.63,9.55,9.68,9.76,9.43,9.52,9.65,9.37,9.04,8.91,7.02,6.68,9.26,8.83,9.28,9.62,9.36,9.17,9.32,9.72,9.67,9.31,9.3,7,9.84,9.31,9.58,9.43,8.76,7.9
BPY2 /// BPY2B /// BPY2C,3.92,3.92,3.82,3.85,3.88,3.68,4.25,3.95,3.82,3.96,3.69,4.24,4.04,4.22,3.85,3.95,3.84,3.78,3.81,3.61,3.97,3.89,4.05,3.62,3.6,3.87,3.71,3.64,3.89,4.47,4.89,6.77,3.76,3.83,3.67,3.76,3.8,3.74,4.63,3.73,3.54,3.74,3.63,4.49,3.78,4.07,3.82,3.86,3.68,4.06
BRAF,6.62,6.8,7.04,6.97,7.12,6.8,5.6,7,6.89,6.73,7.01,7.16,6.66,6.41,7.1,7.01,7.22,6.66,6.79,6.97,6.91,7.08,6.93,7.57,7.41,7.18,7.25,7.05,6.9,5.17,5.45,5.32,7.05,7.37,7.49,7.35,6.99,7.47,6.65,7.25,7.01,6.42,7.05,6.34,7.31,7.02,7.47,7.2,6.97,6.39
BRAP,8.29,8.59,8.54,8.53,8.43,8.61,8.13,8.64,8.73,8.71,8.7,8.54,8.41,8.25,9,8.91,8.97,8.54,8.45,8.56,8.75,8.73,8.89,8.89,8.94,8.77,8.73,8.63,8.65,7.43,7.9,7.08,8.65,8.84,8.95,9.02,8.59,8.77,7.88,8.81,8.86,8.69,8.64,7.55,8.72,8.4,8.83,8.87,8.73,7.92
BRAP,7.8,7.75,7.66,7.86,7.94,7.58,7.67,7.79,7.46,7.75,7.7,7.56,7.46,6.31,7.88,7.98,7.96,7.51,7.57,7.38,8.06,7.84,7.65,7.79,7.89,8,7.91,7.51,7.85,7.15,5.21,5.75,8.38,8.54,8.29,7.69,7.92,7.84,8.14,7.79,7.9,7.52,7.77,5.96,7.94,7.49,7.73,7.8,7.9,6.56
BRCA1,8.78,8.91,8.77,8.91,8.7,9.07,8.29,8.61,9.01,8.85,9.14,8.48,8.65,8.24,8.75,8.52,8.7,8.86,8.85,8.99,8.16,8.2,8.35,8.24,8.22,8.38,8.99,8.79,8.89,8.7,6.64,7.89,8.9,8.98,9,8.93,9.09,8.77,8.32,8.6,8.7,8.67,8.45,7.65,8.08,8.25,8.12,8.81,8.71,7.29
BRCA1,8.14,7.96,7.96,8.21,8.01,8.23,7.94,8.31,8.21,8.37,8.24,7.76,7.79,7.05,8.01,8.05,7.89,8.18,8.14,8.22,7.41,7.34,7.42,7.41,7.41,7.31,8.14,8.19,8.18,7.67,6.73,6.54,8.16,8.41,8.25,8.18,8.14,8.19,6.2,7.83,7.78,8.23,7.97,6.47,7.48,7.54,7.62,7.92,8.07,6.38
BRCA1,3.83,3.66,3.96,3.91,3.49,3.73,4.63,3.41,3.71,3.69,3.45,3.75,3.53,3.58,3.95,4.16,3.81,3.92,3.96,3.84,3.57,3.48,3.36,3.71,3.68,3.75,3.71,4.23,3.26,4.12,4.75,3.71,3.91,3.92,3.7,3.86,3.73,4,4.48,3.65,3.63,3.32,3.33,4.52,3.6,3.92,3.67,3.46,3.51,3.77
BRCA1,6.91,6.3,6.66,6.86,6.26,6.42,5.79,6.81,6.7,6.94,6.65,6.03,6.45,5.94,6.7,6.78,6.44,6.72,6.48,7.05,5.97,6.48,5.99,6.14,5.92,6.18,6.75,6.82,6.64,5.52,5.86,5.45,7.04,7.19,6.96,6.91,6.73,6.66,4.37,6.43,6.47,6.61,6.71,5.5,5.92,5.82,5.9,6.72,6.62,5.66
BRCA1,7.23,6.94,7.18,7.02,6.05,6.97,6.26,7.23,7.03,7.21,6.92,6.61,6.62,6.92,7.22,7.23,7.02,7.02,7.19,7.2,6.46,6.47,6.35,6.45,6.49,6.37,7.12,7.07,7.02,4.23,5,5.7,7.42,7.55,7.27,6.85,6.87,7.04,6.68,6.48,6.67,6.76,6.88,4.77,6.42,6.11,6.6,6.65,6.6,5.25
BRCA2,7.64,7.71,7.41,7.62,7.31,7.17,7.35,7.81,7.64,7.81,7.42,7.17,7.48,5.82,7.77,7.96,7.63,7.31,7.36,7.5,7,6.95,7.02,7.33,7.1,7.23,7.42,7.74,7.15,6.57,5.87,7.02,7.83,8.12,7.95,7.77,7.59,7.7,7.2,7.65,7.62,7.07,7.04,7.47,7.37,7.01,7.29,7.47,7.43,6
BRCC3,8.43,8.69,8.27,8.2,7.94,8.12,8.06,7.87,8.47,8.39,8.48,8.28,8.46,7.72,8.1,8.02,8.1,8.36,8.38,8.36,7.99,7.91,8.04,7.96,7.9,7.84,8.13,8.25,8.28,8.65,6.32,6.38,8.11,7.94,8.04,7.98,7.87,7.96,7.6,8.21,7.88,8.16,8.12,7.39,7.95,7.7,7.72,8.15,8.27,6.02
BRCC3,7.1,7.23,6.9,6.88,6.55,6.66,6.61,6.96,7.15,7.07,7.13,6.97,7.01,6.49,6.78,6.67,6.67,6.69,7.07,7.09,6.57,6.86,6.62,6.68,6.75,6.61,6.98,6.96,6.89,7.37,6.62,6.66,6.79,7.01,6.61,6.85,6.38,6.76,6.87,6.57,6.68,6.84,6.79,6.34,6.64,6.24,6.54,6.87,6.9,6.1
BRCC3,8.25,8.14,7.85,7.77,7.57,7.95,8.7,8.12,8.22,8.21,7.72,7.62,7.71,7.71,8,7.77,8.1,8.45,8.34,8.24,7.93,7.51,7.59,8.03,7.88,7.77,8.11,7.92,7.65,7.07,7.22,6.81,8,7.66,8.03,7.95,7.96,7.64,8.67,7.8,7.83,7.56,7.99,7.26,8.08,7.97,8.03,7.69,7.51,6.61
BRCC3,7.24,7.47,7.52,7.44,7.12,7.01,7.13,7.17,7.27,7.49,7.24,7.3,7.35,6.69,7.12,7.04,7.15,7.57,7.53,7.54,7.04,7.06,6.91,7.05,6.53,7.01,7.32,7.25,7.3,6.89,5.49,6.51,6.96,7.08,6.97,7.19,6.96,7.07,7.36,7.31,7.27,7.09,6.9,5.74,6.92,6.93,6.95,7.26,7.23,5.35
BRCC3,8.32,7.69,7.89,7.88,7.3,7.64,7.56,7.75,8.27,8.21,7.29,7.73,7.78,4.91,8,7.9,8.06,8.52,8.35,8.64,7.82,7.56,7.02,8.1,7.68,7.97,7.84,8.15,7.11,5.45,6.45,5.81,8.07,7.58,8.06,7.74,7.89,7.61,6.77,7.56,7.53,7.11,7.11,4.48,7.77,7.35,7.41,7.73,6.95,4.92
BRCC3,6.88,5.96,6.59,6.45,6.01,6.29,5.8,5.69,6.82,6.57,5.29,6.13,5.93,5.37,6.3,6.32,6.55,6.71,6.97,6.98,6.21,6.04,5.31,6.22,6.33,6.24,6.65,6.55,5.76,5.19,5.55,5.02,6.28,6.11,6.38,6.18,5.91,6.36,5.57,6.02,5.85,5.39,5.3,5.49,5.43,5.63,5.64,5.96,5.52,3.88
BRD1,9,9.14,9.14,9.1,9.08,9.08,9.2,9.38,8.93,9.05,9.26,9.07,8.89,8.52,9.02,9.09,9.07,8.91,9.03,8.93,9.04,9.05,9.15,9.07,8.97,8.88,9.13,9.09,9.06,9.48,9.93,8.45,9.05,9.2,9.11,9.16,9.17,9.15,9.13,9.11,9.28,9.6,9.5,8.45,9.04,9.1,9.02,9.13,9.38,7.65
BRD1,7.77,7.85,7.91,7.93,8.07,8.03,7.61,8.05,8.01,7.84,8.07,7.78,8.11,7.86,7.9,7.82,7.83,7.74,7.9,7.79,8.04,7.82,8.14,7.94,8.07,7.91,7.9,7.75,8.11,7.69,6.67,8.16,7.8,7.75,7.93,7.95,8.04,7.74,7.89,8.09,8.07,8.21,8.14,7.59,7.85,7.77,7.82,8,8.28,7.73
BRD1,7.95,7.77,7.63,7.87,7.04,7.44,7.4,8.05,7.81,8.05,7.61,7.68,7.73,7.51,7.81,7.85,7.73,7.68,7.58,7.95,7.86,7.81,7.78,7.82,7.69,7.79,7.9,7.73,7.55,6.47,5.27,5.51,7.88,7.84,7.74,7.88,7.56,7.73,7.63,7.93,7.86,8.07,7.88,5.71,7.36,7.28,7.78,8.02,7.9,6.23
BRD2,7.49,7.5,7.61,7.42,7.71,7.68,7.33,7.78,7.6,7.54,7.57,7.48,7.72,6.94,7.33,7.29,7.39,7.73,7.72,7.49,7.6,7.53,7.75,7.56,7.57,7.61,7.73,7.41,7.91,7.55,4.65,7.22,7.55,7.53,7.56,7.59,7.3,7.49,7.51,7.77,7.59,7.79,7.78,6.49,7.76,7.7,7.66,7.63,7.89,6.84
BRD2,10.41,10.27,10.21,9.94,10,10.44,10.77,10.39,10.22,10.38,10.41,9.87,10.01,8.9,10.35,10.49,10.32,10.35,10.36,10.45,10.51,10.47,10.4,10.57,10.4,10.46,10.26,10.27,10.51,10.33,6.33,8.74,10.59,10.29,10.47,10.28,10.23,9.81,10.37,10.37,10.48,10.62,10.56,7.63,10.28,10.48,10.52,9.92,10.15,6.17
BRD3,6.03,5.96,6.23,6.08,6.02,5.29,6,6.43,6.13,5.97,6,6.11,5.8,5.31,5.98,5.79,6.05,6.06,6.31,6.49,5.67,5.84,5.62,6.1,5.75,5.75,6.06,6.25,5.88,7.76,4.1,6.45,5.64,5.72,5.9,5.8,5.89,6.35,6.74,6.25,6.16,6.09,5.98,5.82,6.13,5.75,5.93,5.82,5.62,6.44
BRD3,9.79,9.77,9.77,9.6,9.71,9.87,9.8,9.83,9.56,9.83,10.02,9.52,9.33,8.33,9.39,9.45,9.37,9.73,9.72,9.73,9.42,9.58,9.66,9.32,9.45,9.15,9.83,9.7,9.87,9.09,7.01,9.13,9.06,9.23,9.16,9.42,9.35,9.38,9.07,9.91,9.75,10.49,10.39,8.42,9.72,9.93,9.85,9.59,9.64,7.52
BRD3,6.33,6.2,6.24,6.42,6.29,5.89,5.85,6.31,6.15,6.39,5.82,5.92,5.8,4.85,6.2,6.28,6.04,5.97,6.57,6.55,6.12,5.59,5.96,6.23,6.12,5.93,6.39,6.57,6.14,5.53,5.57,6.12,5.37,6.2,5.52,6.32,6.13,6.09,5.28,6.37,6.07,6.41,6.76,4.41,6.19,6.31,6.27,6.32,6.14,4.61
BRD3,9.67,9.85,9.74,9.71,9.8,9.77,9.78,9.82,9.72,9.79,9.81,9.66,9.58,9.75,9.41,9.34,9.43,9.91,9.81,9.92,9.4,9.45,9.53,9.47,9.36,9.33,9.67,9.71,9.58,9.29,7.64,9.35,9.14,9.26,9.21,9.49,9.45,9.45,9.16,9.65,9.66,10.14,10.13,10.18,9.66,9.64,9.79,9.6,9.71,9.75
BRD4,8.78,8.22,8.29,7.85,8.49,8.64,9.32,8.66,8.07,8.46,8.82,7.82,7.77,8.74,8.96,9.21,8.49,8.66,8.5,8.66,8.38,8.49,8.36,8.66,8.64,8.6,8.42,8.55,8.89,8.82,8.43,8.81,8.88,8.34,8.79,8.65,8.8,8.06,9.31,8.76,8.61,9.06,9.02,9.22,8.06,8.77,8.71,7.81,8.08,8.52
BRD4,6.7,6.25,6.5,6.58,6.59,6.53,7.09,7.19,6.37,6.44,6.56,6.33,6.08,5.61,6.61,6.75,6.73,6.62,6.72,6.37,6.54,6.34,6.53,6.55,6.61,6.88,6.62,6.5,6.73,5.8,7.57,4.96,7.02,7,6.81,6.92,6.72,7.07,6.8,6.97,6.59,6.71,7.19,4.79,6.84,6.81,6.77,6.87,7.02,5.85
BRD4,9.8,9.91,9.98,9.57,10.33,10.56,10.81,10.21,9.5,9.81,10.26,9.26,9.28,9.2,9.89,10.16,9.89,9.75,9.93,9.72,9.89,9.81,10.42,10,9.91,9.88,10.03,9.46,10.48,10.87,9.83,9.94,10.08,9.73,9.94,10.03,10.31,9.57,10.53,10.35,10.46,10.46,10.58,9.16,10.19,10.31,10.21,9.74,9.98,8.32
BRD4,5.31,5.15,5.07,5.18,4.99,4.95,6.27,5.39,5.3,5.22,5.48,5.45,5.36,5.46,5.63,4.95,5.25,5.48,5.22,5.2,5.49,5.58,5.25,5.32,5.48,5.18,5.35,5.4,5.22,6.41,5.55,5.03,5.22,5.19,5.45,5.21,5.36,5.26,5,5.1,5.71,5.2,5.64,5.19,5.48,5.02,5.47,5.19,5.36,6.5
BRD7,9.31,9.03,9.24,9.22,9.24,9.1,9.2,9.28,9.19,9.28,9.11,9.15,9.32,7.1,8.99,9.17,9.05,9.04,9.21,9.04,9.08,9.05,8.92,8.74,8.96,9.09,9.23,9.25,9.22,9.52,6.02,7.49,9.13,9.25,9.13,9.24,9.26,9.21,8.88,9.29,9.28,9.16,9.18,6.65,9.22,9.28,9.13,9.29,9.4,7.46
BRD7P3,3.81,4.15,4.08,4.26,4.49,3.95,5.01,3.86,4.05,4.04,4.33,4.18,4.22,4.07,4.12,3.91,3.88,4.2,4.08,4.19,4.11,4.23,4.15,4.07,3.86,3.86,4.19,4.18,4.04,4.28,5.04,5,4.15,3.93,4.22,3.89,4.16,3.86,4.23,4.1,4.13,3.98,4.35,5.09,4.19,4.42,4.16,4.35,3.95,4.69
BRD7P3,3.91,4.33,3.82,3.9,3.79,3.92,4.5,3.67,4.21,3.96,4.28,4.18,4.12,6.34,3.88,4.41,3.89,3.78,3.96,4.06,3.99,3.98,4.21,4.19,3.98,3.93,3.98,3.95,4.31,5.02,4.72,4.22,3.89,4.07,4.05,3.97,4.07,3.87,4.19,3.91,3.91,3.8,3.76,5.82,3.81,4.21,4.04,3.83,3.73,4.99
BRD7P3,3.88,4.04,3.71,3.86,4.77,4.01,4.07,3.96,4.14,3.72,3.94,3.91,3.81,5.98,4.27,3.88,4.38,4.23,3.87,3.96,4.19,4,4,4.26,4.25,4.14,4.16,4.14,4.22,3.8,7.38,4.33,4.08,3.93,3.95,4.53,3.95,4.08,4.3,4.42,4.28,3.86,4.32,5.52,3.98,3.96,4.37,4.43,4.12,6.06
BRD8,9.42,9.51,9.39,9.33,9.42,9.58,8.87,9.16,9.45,9.37,9.62,9.36,9.42,8.65,9.44,9.19,9.43,9.25,9.33,9.31,9.3,9.21,9.54,9.28,9.26,9.28,9.4,9.22,9.55,9.25,6.37,7.82,9.5,9.46,9.41,9.4,9.31,9.22,9.08,9.37,9.48,9.59,9.55,9.37,8.82,9.08,8.88,9.48,9.63,7.37
BRD8,10.42,10.52,10.39,10.45,10.29,10.42,10.41,10.38,10.46,10.39,10.54,10.3,10.44,9.48,10.42,10.34,10.48,10.37,10.32,10.3,10.39,10.38,10.33,10.26,10.27,10.26,10.37,10.28,10.54,10.49,8.85,9.65,10.61,10.63,10.54,10.25,10.35,10.35,10.43,10.51,10.55,10.6,10.63,9.78,10.06,10.06,10.04,10.44,10.55,8.91
BRD8,4.18,4.41,4.27,4.33,4.2,4.09,4.64,4.43,4.37,4.44,4.23,4.38,4.12,4.81,4.09,4.19,4.13,4.19,4.49,4.06,4.25,4.31,4.39,4.07,4.43,4.02,4.32,4.48,4.28,4.85,6,7.31,4.54,4.13,4.1,4.25,4.02,4.09,4.98,4.07,4.72,4.05,3.9,4.69,4.44,3.98,4.11,4.14,4.24,4.6
BRD8,8.62,8.61,8.52,8.59,8.41,8.37,8.57,8.65,8.66,8.63,8.57,8.64,8.7,5.65,8.52,8.69,8.49,8.63,8.61,8.61,8.55,8.53,8.35,8.47,8.55,8.52,8.49,8.53,8.41,8.27,6.13,6.26,8.82,8.91,8.7,8.57,8.56,8.53,7.93,8.8,8.73,8.79,8.74,6.26,7.89,8.06,8.18,8.72,8.86,5.88
BRD9,7.22,6.76,7.44,7.06,7.35,7.18,7.88,7.48,6.88,7.08,6.69,6.99,7.03,5.09,7.11,7.19,7.02,7.22,7.19,6.9,7.05,7.04,6.63,7.21,7.08,7.43,7.43,7.06,7.23,5.96,6.47,5.57,7.31,7.22,7.03,7.22,7.32,7.23,7.27,7.36,7.48,7.12,7.07,5.35,7.29,7.33,7.18,7.3,7.42,6.58
BRD9,5.08,5.01,4.96,5.1,4.99,5.34,5.11,4.93,5.35,5.23,4.66,4.96,5.05,5.1,5.14,5.04,4.75,5.18,4.94,5.12,5.08,4.79,5.04,5.06,4.97,5.07,5.01,5.09,4.6,6.39,4.66,6.29,5.65,5.05,5.17,4.87,4.88,5.28,4.87,5.09,5.03,4.88,4.87,5.12,4.85,4.83,4.75,5.54,4.82,4.92
BRD9,9.38,9.37,9.66,9.53,9.78,9.69,9.55,9.74,9.2,9.36,9.55,9.35,9.18,10.22,9.43,9.38,9.33,9.48,9.39,9.52,9.28,9.38,9.47,9.46,9.44,9.23,9.55,9.41,9.69,9.34,10.21,10.52,9.33,9.52,9.41,9.48,9.52,9.48,9.84,9.7,9.66,9.5,9.6,9.93,9.57,9.67,9.73,9.54,9.5,10.25
BRDT,3.88,3.96,3.86,3.93,4.09,3.78,4.11,3.55,3.73,3.74,3.81,3.84,3.9,4.39,3.78,3.61,3.83,3.88,3.75,3.87,4.05,3.89,4.18,3.76,4.02,3.83,3.72,3.91,3.7,3.71,5.66,4.16,3.96,3.63,3.71,3.76,3.8,3.7,3.76,3.77,3.68,3.82,3.79,4.4,3.83,3.71,3.72,3.86,3.72,4.53
BRE,9.18,9.04,9.37,9.25,9.61,9.45,9.51,9.19,9.14,9.25,9.21,9.15,9.01,8.79,8.99,8.92,9.01,9.56,9.46,9.47,9.16,9.13,9.16,9.24,9.08,9.09,9.44,9.15,9.28,9.22,7.49,8.24,8.73,8.79,8.89,9.07,9.17,9.11,9.68,9.36,9.29,9.43,9.57,9.01,9.49,9.36,9.44,9.18,9.15,8.87
BRE /// MRPL33,9.02,9,9.23,9.18,9.01,9.07,8.99,9.19,9.22,9.17,8.95,9.2,9.02,7.35,8.93,8.78,8.87,9.37,9.59,9.61,9.07,9.14,8.94,9.12,9.14,9.02,9.29,9.21,8.83,8.12,6.19,7.15,8.48,8.58,8.62,9.07,8.9,8.89,8.87,9.23,9.27,9.13,9.06,6.87,9.04,8.98,9.08,9.13,9.02,7.45
BRE /// MRPL33,8.81,8.49,8.79,8.78,8.74,8.69,8.17,8.9,8.65,8.89,8.56,8.75,8.8,7.3,8.46,8.42,8.47,9.02,9.06,9.17,8.86,8.73,8.47,8.77,8.88,8.63,8.79,8.88,8.61,8.02,7.56,7.38,8.19,8.18,8.23,8.51,8.61,8.54,9.14,9.05,8.86,8.88,8.6,6.23,8.73,8.84,8.73,8.99,8.74,8.22
BRF1,5.26,5.3,5.56,5.55,5.69,5.83,5.29,5.94,5.31,5.26,5.41,5.06,5.15,5.74,5.37,5.47,5.36,5.94,5.4,5.23,5.47,5.38,5.64,5.47,5.52,5.75,5.6,5.54,5.65,5.57,7.05,6.48,5.44,5.39,5.39,5.37,5.36,5.61,5.09,5.68,5.71,5.85,5.54,5.64,5.52,5.68,5.61,5.67,5.76,5.76
BRF1,6.54,6.41,6.79,6.77,6.54,7.16,6.76,6.94,6.72,6.69,7.05,6.56,6.34,7.15,6.93,6.96,6.92,7.08,6.8,6.86,6.63,6.6,6.94,7.06,6.94,6.91,7.03,6.87,7.11,5.77,6.28,7.55,6.99,6.82,6.95,6.98,6.78,6.79,6.42,7.12,6.72,7.2,7.2,7.55,6.94,7.21,7.06,6.9,6.88,7.63
BRF1,6.05,5.81,6.02,6,5.88,5.89,6.62,6.24,5.81,6.02,5.69,6,5.71,5.92,6,6.28,5.9,6.32,6.09,6.14,6.04,5.56,5.97,5.94,5.96,6.09,6.03,6.06,5.9,6.12,7.27,7.04,6.1,6.21,6.23,5.93,5.86,6.04,5.14,5.93,5.7,5.9,6.08,6.41,5.64,6.54,5.86,6.01,6.06,6.41
BRF1,5.95,5.67,5.46,5.67,5.93,5.89,5.35,5.76,5.74,5.8,5.72,5.71,5.71,6.71,6.06,5.85,5.88,6.16,5.92,5.91,5.87,5.85,5.45,5.71,5.86,6.06,5.99,6.01,6.01,5.36,6.89,5.64,5.77,6.08,5.86,5.78,5.32,6.14,5.05,5.71,5.87,5.68,6.02,6.35,5.8,5.54,5.69,5.81,5.96,6.42
BRF1,5.59,5.22,5.78,5.37,5.79,5.84,4.9,5.46,5.57,5.63,5.24,5.37,5.33,5.63,5.15,5.19,5.44,5.43,5.49,5.45,5.43,5.26,5.37,5.87,5.63,5.81,5.68,5.32,5.52,5.91,6.47,4.84,5.27,5.39,5.45,5.61,5.58,5.62,5.65,5.29,5.5,5.21,5.48,5.59,5.23,5.68,5.54,5.74,5.38,5.11
BRF1,5.4,5.51,5.44,5.37,5.32,5.67,5.61,5.61,5.59,5.48,5.71,5.53,5.42,5.34,5.35,5.53,5.64,5.72,5.54,5.59,5.58,5.67,5.54,5.77,5.81,5.82,5.46,5.49,5.65,5.81,5.81,5.57,5.72,5.5,5.59,5.49,5.35,5.3,5.39,5.54,5.29,5.7,5.5,5.42,5.55,5.13,5.61,5.45,5.67,5.69
BRF1,4.33,4.43,4.42,4.56,4.62,4.22,4.06,4.65,4.57,4.5,4.4,4.54,4.37,4.75,4.48,4.4,4.5,4.49,4.6,4.65,4.76,4.52,4.77,5.1,4.52,4.41,4.62,4.54,4.38,4.22,6.33,5.56,4.68,4.56,4.06,4.95,4.58,4.15,5.03,4.55,4.94,4.33,4.2,5.06,4.92,4.81,4.76,4.48,4.26,5
BRF1,4.35,4.14,4.45,4.28,4.67,3.99,4.05,4.5,4.7,4.51,4.15,3.93,3.99,3.74,4.42,4.31,4.41,4.57,4.32,4.41,4.32,4.35,4.43,4.7,4.13,4.41,4.54,4.35,4.58,4.22,4.74,4.41,4.18,4.65,4.37,4.44,4.34,4.32,4.37,4.15,4.37,4.32,4.09,5.21,4.05,4.2,4.79,4.18,4.19,3.99
BRF1,4.89,5.12,5.25,5.13,4.98,5.12,5.34,5.45,5.27,5.29,5.11,4.97,4.68,5.49,5.35,5.1,5.55,5.06,4.9,5.11,4.76,5.09,5.21,5.1,5.14,5.3,5.33,5.14,5.31,4.8,4.92,5.68,4.86,5.25,5.19,5.07,4.99,5.23,4.87,5.42,5.42,5.76,5.06,5.09,5.09,4.98,5.31,5.39,5.16,5.72
BRF1,5.2,4.73,4.71,5.24,5.02,5.65,6.9,6.04,4.96,5.06,4.88,4.94,4.51,5.26,4.88,4.91,4.77,4.88,5.36,5.88,5.1,5.05,5.03,4.71,4.84,5.19,5.39,5.26,5.41,3.96,5.67,4.98,5.31,5.12,5.2,4.77,4.64,5.07,5.38,4.96,5.07,4.98,5.28,5.75,5.51,4.73,5.03,5.49,5.1,5.38
BRF2,8.11,7.86,8.22,8.25,8.34,8.17,8.02,8.13,8.09,8.29,8.2,8.31,8.14,7.02,8.64,8.58,8.45,8.49,8.48,8.34,8.31,8.3,8.35,8.57,8.48,8.6,8.22,8.03,8.25,7.77,5.82,7.26,8.61,8.7,8.71,8.67,8.39,8.53,8.23,8.44,8.29,8.45,8.36,5.66,8.33,8.29,8.33,8.19,8.27,6.47
BRF2,8.1,7.55,7.95,8,7.85,7.48,7.32,7.93,8.06,7.96,7.76,7.92,7.78,7.71,8.34,8.36,8.13,8.25,8.15,8.42,7.96,8.1,7.6,8.19,8.21,8.12,7.95,8.24,7.78,6.78,6.42,7.84,8.12,8.32,8.36,8.36,7.98,8.36,6.7,8.17,7.93,8.05,7.91,7.66,7.94,7.93,8.24,8.04,7.89,7.6
BRI3,4.28,3.97,4.38,4.4,4.39,5.19,4.17,4.65,4.31,4.39,4.26,4.1,4.04,3.82,4.49,4.25,4.57,4.09,4.13,4.28,4.29,4.55,4.61,5,4.28,5.03,4.16,4.28,4.74,3.8,4.05,4.06,4.38,4.18,4.43,4.34,4.37,4.93,4.66,4.61,4.34,4.33,4.43,4.69,4.28,4.05,4.66,4.68,4.42,5.21
BRI3,10.21,10.01,10.24,10.22,10.33,10.31,10.31,10.25,10.18,10.11,10.11,10.17,10.28,8.73,10.18,10.25,10.27,10.04,10.12,9.98,10.56,10.49,10.54,10.58,10.52,10.5,10.25,10,10.2,10.21,8.43,8.68,10.3,10.3,10.24,10.32,10.39,10.36,10.31,10.46,10.53,10.69,10.61,8.33,10.36,10.48,10.2,10.37,10.42,7.95
BRI3BP,7.55,7.12,7.56,7.31,7.65,7.69,7.72,7.65,7.35,7.38,7.52,6.98,6.79,5.21,7.3,7.48,7.24,7.34,7.21,7.35,6.96,6.73,6.98,7.24,7.07,7.11,7.6,7.44,7.53,6.47,5.93,5.47,7.58,7.43,7.61,7.36,7.45,7.38,6.98,7.56,7.67,7.48,7.19,6.13,7.3,7.12,7.08,7.35,7.16,5.88
BRI3BP,6.53,6.06,5.92,5.95,5.55,6,5.93,6.48,6.38,6.28,5.89,5.67,5.66,4.36,6.24,6.18,6.39,5.96,6.23,6.35,5.61,5.99,5.54,5.65,5.75,6.01,6.05,6.85,6.04,5.58,5.62,5.4,6.49,5.7,6.14,6.26,5.43,5.41,6.09,5.82,6.09,6.29,5.83,5.71,5.2,5.1,6.22,5.78,5.72,5.64
BRI3BP,7.93,7.83,7.68,7.68,7.61,7.55,7.62,7.55,7.89,7.96,7.92,7.68,7.81,5.68,7.26,7.24,7.39,7.24,7.51,7.64,7.18,7.28,7.43,6.88,7.08,6.99,7.76,7.82,7.69,6.86,7.11,5.8,7.32,7.72,7.39,7.2,7.04,7.34,6.75,7.38,7.22,7.18,7.35,6.9,7.25,7.3,7.46,7.55,7.83,5.92
BRIP1,3.79,3.97,3.7,3.88,3.71,3.68,3.81,3.59,4.03,4.13,3.66,3.9,3.73,4.02,3.97,3.82,3.8,3.66,3.58,3.69,3.49,3.49,3.54,3.82,3.7,3.7,4.04,3.8,3.43,3.44,4.03,4.19,4.21,4.42,4.26,4.05,3.68,3.99,4.49,3.37,3.54,3.3,3.63,3.83,3.31,3.55,3.53,3.77,3.83,3.63
BRIP1,5.2,5.16,5.24,5.1,4.27,4.42,4.54,4.61,5.18,5.37,4.82,5.25,5.1,5.16,5.26,5.33,5.14,5.25,4.98,5.27,4.52,4.7,4.9,4.96,4.83,5.01,4.82,5.29,4.89,5.51,5.16,5.43,5.43,5.78,5.56,5.19,4.75,5.39,5.06,4.59,4.26,4.59,4.77,4.99,4.59,4.05,4.92,4.93,4.75,4.38
BRMS1,9.29,9.18,9.44,9.34,9.46,9.37,9.55,9.32,9.17,9.19,9,9.23,9.31,8.11,9.73,9.84,9.71,9.58,9.64,9.51,9.63,9.38,9.35,9.56,9.61,9.83,9.47,9.08,9.27,9.3,6.29,8.54,9.88,9.84,9.89,9.79,9.99,9.83,9.5,9.51,9.45,9.43,9.53,8.27,9.6,9.35,9.15,9.4,9.36,8.2
BRMS1,9.35,9.13,9.56,9.4,9.54,9.53,9.53,9.59,9.28,9.15,9.22,9.34,9.4,7.6,9.8,9.87,9.71,9.72,9.78,9.57,9.73,9.55,9.58,9.79,9.56,9.79,9.47,9.38,9.49,9.65,6.69,7.98,10,9.81,9.96,9.81,10.13,9.88,9.71,9.52,9.49,9.52,9.55,7.69,9.66,9.48,9.35,9.56,9.58,7.54
BRMS1,8.97,8.87,9.14,8.88,9.21,9.17,9.08,9.13,8.92,8.83,8.6,9.04,8.99,7.26,9.4,9.54,9.46,9.4,9.37,9.36,9.27,9.06,9.18,9.4,9.43,9.5,9.25,8.88,9.05,8.56,6.55,7.18,9.63,9.58,9.57,9.54,9.64,9.62,9.23,9.25,9.17,9.13,9.1,7.68,9.09,8.98,8.99,9.07,9.06,7.57
BRMS1,9.24,9.06,9.37,9.24,9.09,9.09,8.14,9.27,9.3,9.16,9.03,9.27,9.23,8.49,9.73,9.64,9.72,9.61,9.57,9.55,9.41,9.41,9.14,9.7,9.51,9.7,9.31,9.21,9.08,7.43,5.48,5.9,9.92,9.82,9.78,9.71,9.82,9.77,8.7,9.42,9.35,9.25,9.21,8.43,9.12,9.02,9.13,9.24,9.08,8.65
BRMS1,8.97,8.79,9.01,8.89,8.99,8.95,8.93,9.11,8.84,8.89,8.53,8.9,8.96,6.48,9.34,9.45,9.38,9.3,9.32,9.16,9.29,9.08,8.92,9.2,9.33,9.45,9.06,8.92,8.82,8.22,5.82,6.23,9.65,9.56,9.53,9.43,9.48,9.53,8.24,9.08,8.96,9.01,9.03,7.34,9.04,8.97,8.86,9.07,8.93,8.01
BRMS1,5.06,4.87,4.64,5.12,5.74,5.1,5.24,5.09,5.12,4.96,5.1,4.79,4.95,5.29,4.92,5.46,4.96,4.87,4.92,5.54,5.71,5.36,5,5.28,5.44,5.06,5.46,5.11,5.33,5.41,4.78,5.1,5.13,5.17,5.18,5.18,5.12,5.13,6.09,5.21,4.64,5.45,5.08,5.32,5.37,4.73,5.22,5.17,5.05,6.04
BRMS1L,6.43,6.6,6.17,6.14,5.61,6.07,5.46,5.77,6.61,6.13,6.41,6.52,6.58,6.31,6.94,6.74,7.06,5.65,5.7,5.98,6.54,6.17,6.93,6.64,6.55,6.94,6.03,6.01,6.13,4.4,4.77,5.73,6.99,6.99,6.81,6.8,6.63,6.71,5.3,6.16,6.14,5.46,4.95,5.39,6.06,5.86,6.06,6.31,6.43,5.35
BRMS1L,6.75,6.76,6.67,6.62,6.55,6.51,5.83,6.6,6.62,6.72,6.56,6.73,6.75,6.09,7.44,7.14,7.54,6.34,6.32,6.52,6.92,6.89,6.66,7.05,7.42,7.51,6.95,6.63,6.41,6.49,6.22,5.74,7.74,7.71,7.36,7.45,7.26,7.44,5.88,6.74,6.81,5.8,5.53,6.29,6.49,6.5,6.47,6.87,6.64,5.67
BRMS1L,8.19,8.45,8.15,8.42,8.53,8.05,7.05,7.84,8.38,8.2,8.48,8.64,8.52,8.31,9.27,9.22,9.3,8.02,8.12,8.09,8.8,8.78,8.94,9.23,9.18,9.06,8.21,8.2,8.42,8.18,6.35,8.24,9.31,9.35,9.22,9.22,9.15,9.17,8.16,8.25,8.2,8.01,8.15,8.46,8.54,8.47,8.32,8.54,8.49,7.58
BRMS1L,6.65,6.69,6.49,6.18,5.93,5.85,5.14,6.19,6.78,6.62,6.65,6.84,6.85,5.56,7.44,6.91,7.5,5.8,6.3,6.2,6.95,6.73,6.8,6.9,6.95,7.17,6.29,6.44,6.16,5.1,5.04,5.37,7.63,7.48,7.36,7.29,6.93,7.37,5.49,6.45,6.61,5.57,5.82,4.69,6.14,6.53,6.36,6.85,6.54,5.27
BRP44,9.48,9.54,9.48,9.31,9.37,9.4,9.61,9.59,9.45,9.56,9.29,9.52,9.48,5.36,9.42,9.55,9.52,9.61,9.57,9.58,9.77,9.54,9.44,9.4,9.45,9.46,9.47,9.35,9.44,8.32,6.74,6.69,9.5,9.56,9.32,9.59,9.65,9.68,8.98,9.47,9.34,8.88,8.97,6.32,9.63,9.43,9.55,9.35,9.48,5.9
BRP44,9.53,9.75,9.53,9.54,9.53,9.43,9.52,9.69,9.67,9.6,9.43,9.74,9.71,7.63,9.59,9.63,9.62,9.78,9.77,9.74,9.77,9.71,9.86,9.67,9.61,9.59,9.52,9.67,9.49,7.94,7.46,6.43,9.64,9.68,9.5,9.63,9.54,9.87,9.33,9.5,9.45,9.14,9.13,7.57,9.63,9.41,9.5,9.62,9.56,5.85
BRP44,9.66,9.55,9.6,9.53,9.69,9.63,9.43,9.68,9.49,9.62,9.29,9.67,9.61,6.89,9.57,9.67,9.62,9.7,9.87,9.73,9.79,9.71,9.55,9.64,9.52,9.61,9.56,9.52,9.46,8.51,8.79,7.15,9.64,9.65,9.56,9.51,9.7,9.66,9.74,9.5,9.5,9.1,9.12,6.7,9.75,9.81,9.56,9.51,9.35,5.93
BRP44,6.96,6.72,7.19,7.01,7.35,7.01,7.11,7.12,6.92,6.74,6.72,6.96,6.69,6.64,7.16,7.05,7.2,7.3,7.17,7.22,7.14,6.87,6.91,7.13,7.27,7.13,7.02,7.14,6.54,7.32,7.36,6.27,6.73,7.02,7.03,7.04,6.85,7.28,7.6,7.03,6.94,6.34,6.51,6.17,7.04,6.75,7.03,6.79,6.65,7.35
BRP44L,9.37,9.27,9.23,9.2,8.9,9.06,8.66,9.17,9.45,9.28,9.03,9.24,9.63,7.34,9.09,9.11,9.27,9.29,9.32,9.43,9.36,9.25,9.11,8.87,8.86,9.16,9.17,9.11,9.26,8.57,6.06,5.48,9.02,9.06,9.05,9,9.21,9.14,9.13,9.09,9.23,8.78,9.01,7.6,9,9.1,8.79,9.25,9.47,7.85
BRPF1,7.58,7.66,7.69,7.59,7.74,7.83,7.64,7.71,7.51,7.7,7.7,7.36,7.34,6.6,7.72,7.86,7.68,7.53,7.56,7.43,7.67,7.58,7.77,7.74,7.5,7.75,7.75,7.56,8.09,7.77,4.27,6.56,8.07,8.19,8.07,7.67,8.1,7.77,7.3,7.82,7.78,8.03,8.12,7.09,7.78,7.82,7.57,7.66,8.1,6.97
BRPF3,7.26,7.24,7.55,7.44,7.57,7.52,7.53,7.72,7.32,7.34,7.58,7.1,6.95,6.27,7.27,7.25,7.1,7.06,7.03,7.05,7.13,7.34,7.33,7.29,7.27,7.06,7.45,7.51,7.33,7.58,7.68,7.88,7.54,7.6,7.58,7.3,6.98,7.17,6.97,7.4,7.49,7.55,7.78,7.19,7.13,7.43,7.32,7.27,7.66,6.96
BRS3,4.77,5.04,4.12,4.49,4.58,4.52,4.64,4.56,4.61,4.4,4.62,4.98,4.85,5.54,4.37,4.77,4.44,4.57,4.48,4.23,4.69,4.77,4.82,4.46,4.44,4.17,4.43,4.92,4.72,6.02,4.9,5.02,4.55,4.46,4.55,4.14,4.53,3.96,4.21,4.06,4.1,4.52,4.9,6.15,4.21,4.57,4.45,4.2,4.41,6.33
BRSK1,5.82,5.9,6.15,5.83,6.46,6.51,6.63,5.66,5.95,6.11,5.78,5.85,5.76,6.06,6.25,5.71,5.89,6.05,6.18,6.11,6.02,5.95,5.89,6.33,6.41,6.41,6.21,5.95,6.08,6.7,6.72,7.24,6.09,6.05,5.81,6.1,5.59,6.3,5.86,6.25,6.24,6.25,6.31,6.96,6.33,6.54,6.15,5.84,6.21,7.05
BRSK1,5.16,5.34,5.42,5.54,6.01,6.05,5.69,5.73,5.37,5.66,5.93,5.57,5.18,6.35,5.52,5.46,5.51,5.62,5.5,5.65,5.59,5.56,5.8,5.8,6.02,5.79,5.57,5.69,5.82,5.6,6.91,7.26,5.66,5.63,5.7,5.98,5.73,5.65,5.64,6.02,5.97,5.65,5.97,5.58,5.78,5.11,5.55,5.95,5.6,5.87
BRSK2,6.27,6.25,6.61,6.51,6.69,6.83,5.72,7.02,6.36,6.66,6.76,6.45,6.19,7.76,6.52,6.76,6.54,6.56,6.61,6.69,6.52,6.66,6.59,6.64,6.94,6.45,6.54,6.67,6.6,7.04,7.83,7.38,6.22,6.2,6.75,6.3,6.63,6.34,6.18,6.43,6.58,7.04,6.86,7.63,6.63,6.39,7.1,6.61,6.55,8.26
BRSK2,5.42,5.95,5.57,5.57,5.46,6.23,5.32,5.81,5.54,5.83,6.18,5.8,5.59,7.09,5.61,5.94,5.44,5.59,5.47,5.8,5.56,5.67,5.84,5.77,5.53,5.55,5.59,5.97,5.82,5.67,5.22,6.54,5.44,5.41,5.97,5.92,5.58,5.66,5.33,6.04,5.94,5.85,6.23,6.73,5.9,5.52,5.45,5.9,5.68,7.01
BRSK2,3.58,3.56,3.83,3.51,3.84,4.04,4.62,3.6,3.5,3.76,4.01,3.7,3.64,3.65,3.71,3.49,3.61,3.66,3.64,3.73,3.67,3.85,3.63,3.94,3.67,3.65,3.7,3.66,3.89,4.37,5.46,5.47,3.61,3.59,3.55,3.65,3.87,3.67,4.55,3.99,3.65,3.93,3.93,3.62,3.69,4.06,3.64,3.38,3.61,5.91
BRSK2,5.87,6.06,6.28,6.03,6.72,6.23,6.32,6.71,5.93,5.99,6.35,6.01,6.04,7.02,5.9,6.48,5.94,6.05,6.28,5.94,5.72,6.17,5.93,6.3,6.21,6.02,6.69,6.26,6.43,5.48,5.86,6.46,6.21,6.12,6.36,6.23,6.6,6.13,5.39,6.32,6.17,6.39,6.49,7.81,6.42,6.04,6.27,6.27,6.84,8.04
BRSK2,3.66,3.94,3.5,3.64,3.93,3.81,3.87,3.68,3.5,3.55,3.92,3.96,3.83,4.14,3.63,3.81,3.59,3.62,3.41,3.6,3.9,3.65,3.7,3.54,3.59,3.41,3.83,3.57,3.66,4.89,4.54,4.57,3.84,3.78,3.43,3.68,3.58,3.69,4.48,3.72,3.44,3.54,4,3.79,3.54,3.25,3.48,3.69,3.66,4.11
BRSK2,4.34,4.36,4.23,4.29,3.96,4.17,3.99,5.01,4,4.04,4.24,4.39,4.21,4.14,4.03,4.15,4.25,4.21,4.22,4.15,4.61,4.34,4.26,4.03,4.13,4.04,4.24,4.21,4.07,3.83,4.66,4.04,4.27,4.28,4.4,3.95,3.87,4.03,4.9,4,4.25,3.83,4.41,4.15,4.2,4.08,3.87,3.96,4.1,4.16
BRSK2,5.95,6.08,6.32,5.93,6.45,6.03,6.38,6.46,5.89,6.09,5.82,6.21,5.97,6.67,5.81,5.93,6.1,6.31,5.77,6.02,5.94,6.32,6.02,5.98,5.93,5.82,6.42,6.2,6.22,5.08,5.74,6.67,6.11,6.29,6.09,5.89,5.88,6.09,5.81,6.33,6.15,6.5,6.39,6.7,5.89,5.95,6.22,5.77,6.28,6.84
BRSK2,5.5,6.06,5.72,5.57,5.92,5.68,5.18,5.64,5.58,5.54,5.63,5.58,5.69,7.74,5.31,4.86,5.33,5.76,5.74,5.31,5.36,5.69,5.97,5.28,5.38,5.14,5.98,5.59,5.81,5.1,4.67,5.05,5.81,5.34,5.84,5.08,5.2,5.36,5.28,5.17,5.13,5.77,5.5,6.57,4.96,5.19,4.77,5.39,5.45,6.27
BRUNOL4,3.54,3.63,3.78,3.58,4.08,3.86,4.4,3.93,3.75,3.79,3.77,3.47,3.61,4.19,3.6,4.39,3.74,3.64,3.82,3.78,4,3.8,3.78,3.48,4.05,4.08,3.75,3.69,3.91,4.57,4.34,5.95,3.51,3.83,3.71,3.94,4.31,3.65,3.82,4.13,3.45,3.99,4.06,4.13,3.44,4.52,4.01,3.72,3.87,3.68
BRUNOL4,3.51,3.63,3.26,3.72,3.41,3.67,3.65,3.53,3.58,3.41,3.79,3.46,3.62,4.65,3.22,3.39,3.47,3.43,3.48,3.58,3.59,3.6,3.48,3.38,3.22,3.29,3.32,3.59,3.7,3.9,5.84,5.13,3.46,3.61,3.44,3.37,3.44,3.39,3.36,3.51,3.31,3.71,3.55,4.32,3.62,3.55,3.61,3.44,3.5,4
BRUNOL4,3.97,3.93,3.79,3.94,4.28,3.93,4.74,4.04,3.98,4.09,4.18,3.99,3.89,4.5,4.07,4.13,3.9,3.95,3.98,4.05,3.91,3.93,3.84,3.92,3.99,3.94,3.96,4,4.08,5.44,5.09,4.74,4,4.07,3.94,4.06,3.77,4.32,4.7,3.91,3.89,3.78,4.08,5.84,4.26,4.73,3.94,3.7,3.99,4.19
BRUNOL4,4.43,4.59,4.4,4.5,5.16,4.68,4.76,4.07,4.32,4.48,4.47,4.15,4.49,4.9,4.05,4.17,4.26,4.4,4.35,4.28,4.22,4.29,4.75,4.27,4.25,4.31,4.24,4.55,4.26,4.35,5.71,5.73,4.39,4.32,4.29,4.46,4.45,4.42,4.94,4.12,4.36,4.35,4.32,4.65,4,4.43,4.33,4.22,4.34,4.5
BRUNOL4,5.64,5.98,5.65,5.14,5.44,5.54,5.6,5.43,5.3,5.39,5.62,5.55,5.83,6.59,5.55,5.49,5.22,5.31,5.5,5.1,5.95,5.61,5.68,5.27,4.68,5.41,5.32,5.42,5.81,6.39,5.83,6.73,5.29,5.61,5.44,5.18,5.27,5.15,5.86,4.84,4.86,5.59,5.84,6.16,5.12,5.04,4.97,5.07,5.05,5.32
BRUNOL4,4.44,4.71,4.97,4.41,4.74,4.29,5.28,4.99,4.34,4.48,4.49,4.26,4.41,6.58,4.94,4.78,4.48,4.53,4.63,4.73,4.69,4.52,4.54,4.99,4.88,4.65,4.37,4.24,4.67,8.33,5.38,4.52,4.81,4.76,4.63,4.92,4.72,5.18,5.29,4.6,4.33,4.38,4.63,6.38,5.33,4.47,4.64,4.91,4.96,6.16
BRUNOL5,4.75,4.91,4.89,4.89,5.1,5.13,4.31,4.93,4.82,5.09,5.62,5.25,5.25,3.99,4.91,4.9,5,4.86,4.87,5.15,5.15,5.23,5.56,5.34,5.16,4.65,4.7,5.13,5.44,4.44,4.41,4.9,4.52,4.62,4.35,4.95,4.65,4.75,4.62,4.73,4.95,5.15,4.57,4.91,5.42,5.05,5.17,5.06,5.15,4.83
BRUNOL6,6.35,6.3,6.16,6.43,6.45,6.53,5.8,6.85,6.43,6.21,6.9,6.54,6.44,5.35,6.65,6.45,6.59,6.41,6.22,6.63,7.02,6.7,6.87,6.69,7,6.53,6.38,6.38,6.45,6.05,7.01,5.67,6.17,5.95,5.74,6.63,6.35,6.55,6.47,6.92,7.03,7.71,7.41,6.16,6.98,6.69,7.1,6.53,6.91,5.36
BRUNOL6,5.35,5.26,5.15,5.13,5.44,5.64,5.72,5.65,5.41,5.35,5.97,5.09,5.2,6.91,5.49,5.05,5.45,5.01,5.36,5.33,5.76,5.98,6.17,5.57,5.43,5.62,5.32,5.26,5.71,4.99,5.46,4.6,5.07,5.01,4.93,5.41,5.61,5.12,5.95,5.51,5.36,6.73,6.5,4.93,5.17,5.81,5.93,5.31,5.63,5.36
BRUNOL6,5.86,5.71,6.16,5.7,5.58,6.15,5.93,5.63,5.39,5.62,6.12,5.76,5.83,5.72,5.55,5.71,5.5,5.45,5.6,5.57,6.07,5.93,6.11,5.65,5.85,5.42,5.73,5.51,5.89,5.97,7.47,6.74,5.59,5.48,5.31,5.48,5.58,5.8,5.38,5.94,5.49,6.59,6.33,5.45,5.64,5.99,5.5,5.72,5.64,5.81
BRWD1,6.05,5.75,6.01,5.98,5.91,6,5.1,6.09,5.82,6.03,6.37,5.99,6.27,6.99,6.04,6.03,5.94,6.09,5.94,6.02,6.04,5.99,6.32,6.13,6.36,5.95,5.79,5.81,6.03,4.96,5.9,6.3,6.06,5.9,5.86,5.93,6.1,6.23,5.25,5.97,5.93,6.55,6.27,6.15,6.12,5.77,6.46,6.05,6.24,6.52
BRWD1,3.93,4.3,4.01,3.78,4.08,3.8,4.11,4.59,3.82,3.92,4.01,3.86,3.91,4.62,3.97,3.81,3.95,4.31,4.16,3.79,4,3.82,3.88,3.89,3.89,3.68,3.95,3.94,4.28,5.05,4.73,3.91,3.82,3.6,3.93,4.13,3.87,4.15,4.24,3.99,3.96,3.92,4.17,3.84,3.9,3.81,3.9,3.78,3.78,5.02
BRWD1,6.3,6.43,6.27,6.4,6.56,5.75,6.15,5.74,6.51,6.38,6.46,6.51,6.43,6.11,6.88,6.52,6.7,6.21,6.32,6.67,6,6.17,6.77,6.87,6.66,6.86,5.92,6.51,5.9,5.76,6.1,5.84,6.36,6.54,6.33,6.82,6.32,6.57,5.84,5.97,6.3,6.23,6.46,6.27,6.07,6.44,6.32,6.41,6.46,5.57
BRWD1,6.04,6.17,5.84,5.77,6.01,5.91,6.1,5.27,6.05,5.97,6.44,5.92,5.97,5,6.35,5.84,6.49,5.89,6.07,6.09,5.69,6,6.5,6.36,6.36,6.29,6.15,6.06,6.11,5.03,4.75,5.06,5.8,6.09,6.08,6.41,6.19,6.21,6.08,6.08,5.94,6.33,6.79,5.71,6.09,5.85,6,6.01,6.24,5.87
BRWD1,7.14,7.12,7.32,7.26,7.06,6.77,6.5,7.62,7.29,7.51,7.17,7.38,7.04,6.87,7.32,7.27,7.36,7.34,7.59,7.67,7.32,7.22,7.49,7.31,7.41,7.38,7.3,7.46,7.03,6.54,5.97,6.81,7.32,7.32,7.34,7.4,7.01,7.61,7.39,7.34,6.98,7.75,7.63,6.47,7.23,7.2,7.64,7.66,7.35,6.29
BRWD1,6.62,7.17,6.91,6.97,7,6.59,6.5,6.61,6.89,6.88,7.25,7.05,6.81,6.71,7.09,6.76,7.13,6.79,6.71,6.92,6.82,6.97,7.34,7.01,7.06,6.99,6.69,6.96,6.83,6.53,6.56,7.37,6.32,6.62,6.81,6.86,6.85,7.1,5.77,6.74,6.82,7.31,7.18,6.26,6.35,6.38,6.65,6.9,6.98,7.76
BRWD2,9.75,10.08,9.65,9.71,9.56,9.64,9.33,9.37,10.09,9.8,10.03,9.92,10.01,9.62,9.88,9.67,9.81,9.61,9.67,9.68,9.99,10.04,10.46,9.83,9.85,9.79,9.77,9.82,9.96,9.62,7.61,7.77,9.33,9.39,9.42,9.7,9.52,9.62,9.67,9.61,9.75,9.98,9.88,9.56,9.85,9.77,9.77,9.85,9.99,8.73
BRWD2,6.89,6.53,6.83,6.86,6.42,6.72,7.33,6.53,6.81,6.99,6.45,6.77,6.87,5.4,6.6,7.02,6.92,6.61,6.77,6.85,7.09,6.74,6.81,6.85,6.92,7.11,6.83,7.02,6.43,6.83,5.95,6.19,6.9,6.51,6.5,6.79,6.54,6.96,6.42,6.85,6.84,6.96,7.14,4.75,7.03,6.61,7.09,7,6.88,5.32
BRWD3,6.8,6.57,6.77,6.51,6.49,6.07,5.81,6.71,6.62,6.86,6.6,6.82,6.57,5.92,6.16,6.1,6.13,6.56,6.36,6.29,6.7,7.02,6.55,6.52,6.67,6.16,6.43,6.65,6.21,5.82,5.53,5.29,6.05,6.58,6.45,6.07,6.03,6.43,6.04,6.58,6.66,6.26,6.06,5.92,6.46,6.34,6.45,6.76,6.59,6.38
BSCL2,8.03,8.19,8.38,8.3,8.64,8.46,8.82,8.22,8.1,8.08,8.16,8.05,8.1,6.39,8.48,8.47,8.42,8.37,8.35,8.22,8.19,8.03,8.32,8.37,8.3,8.43,8.31,7.95,8.49,9.03,6,5.63,8.27,8.19,8.15,8.33,8.74,8.5,9.47,8.45,8.49,8.26,8.3,5.78,8.18,8.17,8.13,8.41,8.42,4.34
BSDC1,9.54,9.57,9.68,9.66,9.81,9.91,9.87,9.79,9.41,9.6,9.85,9.74,9.67,8.88,9.81,9.69,9.69,9.55,9.55,9.46,9.95,9.98,10.13,10,10.02,9.73,9.69,9.58,9.74,10,9.36,8.67,9.24,9.58,9.5,9.91,9.73,9.69,9.66,9.84,9.87,10.26,10.19,9.66,9.35,9.64,9.65,9.74,9.79,8.69
BSDC1,7.37,6.78,7.2,7.5,7.15,7.14,6.93,7.53,7.34,7.41,6.89,7.21,7.31,7.09,7.22,7.52,7.53,7.7,7.32,7.39,7.64,7.52,7.32,7.7,7.37,7.55,7.36,7.14,6.82,6.69,4.76,6.39,7.02,7.08,7.2,7.34,7.14,7.4,5.81,7.23,7.18,7.31,7.17,5.82,6.7,7.19,7,7.24,7.16,6.03
BSDC1,7.52,7.01,7.28,7.23,6.98,7.17,6.98,7.19,7.29,7.3,6.89,7.26,7.45,5.74,7.5,7.35,7.25,7.27,7.18,7.18,7.92,7.46,7.39,7.24,7.42,7.6,7.35,7.53,6.78,7.15,5.17,4.76,7.27,7.28,6.78,7.29,7.21,7.17,6.29,6.99,7.12,7.44,7.32,6.16,7.01,6.82,6.86,7.17,7.13,5.51
BSDC1,6.42,5.69,6.41,6.31,5.9,6.41,5.88,6.59,6.16,6.45,5.69,6.09,6.14,4.26,6.3,6.32,6.45,6.53,6.53,6.51,6.62,6.53,6.19,6.69,6.47,6.9,6.28,6.32,6.37,6.2,5.05,5.91,6.04,6.1,6.27,6.52,6.26,6.44,5.34,6.45,6.35,6.74,6.61,4.94,6.12,6.3,6.57,6.33,6.04,5.21
BSDC1,6.67,6.24,6.61,6.6,6.58,6.45,7.06,6.75,6.65,6.94,6.14,6.49,6.41,5.38,6.27,6.53,6.66,6.39,6.53,6.78,6.79,6.59,6.56,6.84,6.47,6.96,6.76,6.59,6.29,5.64,6.15,6.7,6.39,6.38,6.19,6.53,6.35,6.73,6.83,6.38,6.29,6.82,6.47,5.88,6.25,6.19,6.44,6.47,6.09,5.61
BSG,11.97,11.83,12.09,11.99,12.16,12.07,11.95,11.96,11.9,11.97,11.8,11.92,11.87,11.68,12.08,12.14,12.18,12.1,12.05,11.98,12.04,11.93,11.95,12.19,12.08,12.09,12.08,11.99,11.94,11.68,12.18,11.88,12.17,12.1,12.19,12.08,12.13,12.13,12.06,12.06,11.99,11.82,11.88,11.74,12.02,11.96,11.89,12.01,11.93,11.97
BSG,11.62,11.21,11.44,11.42,11.03,11.1,11.02,11.3,11.36,11.45,10.8,11.49,11.42,9.01,11.51,11.48,11.58,11.45,11.39,11.55,11.53,11.39,11.19,11.61,11.56,11.62,11.37,11.43,11.08,8.93,9.72,7.42,11.66,11.73,11.58,11.48,11.29,11.66,11.25,11.37,11.27,10.98,10.98,9.32,11.31,11.05,11.16,11.39,11.14,9.9
BSG,10.96,10.69,10.82,10.77,10.58,10.42,10.76,10.82,10.81,10.82,10.03,10.92,10.8,8.57,10.86,10.83,10.93,10.77,10.8,10.92,10.88,10.71,10.58,10.89,10.89,11.06,10.76,10.8,10.41,8.65,8.37,8.72,11.14,11.04,11.01,10.73,10.72,10.89,10.77,10.71,10.47,10.3,10.34,9.2,10.61,10.31,10.53,10.82,10.42,9.45
BSG,11.65,11.54,11.64,11.65,11.46,11.48,11.39,11.5,11.63,11.58,11.28,11.69,11.67,10.92,11.72,11.62,11.73,11.63,11.59,11.67,11.77,11.66,11.49,11.62,11.68,11.78,11.63,11.68,11.58,10.73,10.16,10.46,11.71,11.71,11.79,11.52,11.64,11.69,11.42,11.59,11.54,11.29,11.27,10.77,11.55,11.4,11.46,11.61,11.49,10.75
BSG,11.07,10.75,11.02,10.93,10.65,10.58,10.89,10.93,10.9,10.84,10.24,10.9,10.95,7.86,10.96,10.93,11.09,10.95,10.93,10.99,11.16,10.97,10.72,11.03,10.91,11.19,10.92,10.86,10.7,9.88,6.93,8.7,11.33,11.2,11.13,10.87,10.94,11.15,10.97,10.84,10.77,10.44,10.62,7.9,10.83,10.75,10.67,10.94,10.83,9.12
BSG,11.33,11.05,11.16,11.23,10.79,10.79,10.63,11.22,11.2,11.22,10.51,11.26,11.23,8.46,11.27,11.18,11.32,11.12,11.16,11.3,11.3,11.21,10.98,11.37,11.28,11.43,11.15,11.18,10.8,9.18,7.5,7.39,11.49,11.49,11.37,11.23,11.05,11.38,10.9,11.19,11,10.6,10.65,6.74,10.93,10.76,10.85,11.11,10.89,7.26
BSN,4.21,4.42,4.57,4.46,4.54,4.5,4.45,4.56,4.48,4.48,4.91,4.39,4.28,5.06,4.86,5.13,4.78,4.44,4.56,4.36,4.22,4.22,4.71,5.1,5.07,4.98,4.51,4.4,4.73,6.99,5.74,5.54,4.66,5.12,5,5.31,5.2,4.6,4.19,5.03,4.69,5.17,5.6,5.56,4.29,4.63,4.68,5.03,5.03,5.66
BSND,4.65,4.46,4.8,4.63,5.48,5.25,4.66,4.78,4.49,5.1,5.1,4.48,4.66,5.78,4.74,4.73,4.77,5.19,4.69,4.85,4.82,4.82,4.69,5.24,5.08,4.51,4.84,4.88,5.37,4.9,5.92,6.02,4.66,4.74,4.62,4.81,4.66,4.58,4.5,4.97,4.75,4.97,5.26,5,4.71,5.24,4.82,4.84,4.78,5.94
BSPH1,3.73,3.76,3.66,3.92,3.85,3.52,3.51,3.88,3.83,3.81,3.86,4,3.81,5.56,3.73,3.48,3.72,3.77,3.89,3.65,3.8,3.94,3.83,3.63,3.63,3.6,3.46,3.68,3.59,4.24,5.92,5.36,3.6,4,3.59,3.64,4.03,3.65,3.83,3.69,3.68,3.99,4.4,4.33,3.44,3.55,3.75,3.77,3.65,3.87
BSPRY,4.26,4.4,4.29,4.18,4.37,4.06,5.02,4.21,4.31,3.95,4.1,4.26,4.26,5.86,4.16,4.24,3.98,4,3.9,4.21,4.25,4.39,4.3,4.34,4.29,4.19,3.77,4.25,4.16,4.6,6.91,6.99,4.14,4.35,3.92,4.13,4.62,4.21,4.48,4.18,3.82,3.95,4.08,5.2,4.14,4.71,4.1,3.98,4.01,4.79
BSPRY,3.91,3.78,3.97,3.8,4.11,4.1,4.22,4.08,3.77,3.81,4.26,3.74,3.75,5,3.76,4.16,3.87,4.27,3.9,3.89,3.89,3.96,3.79,3.89,4.21,3.75,4.1,3.79,3.98,3.89,5.13,5.5,3.89,4.07,4.06,3.98,4.1,4.29,4.91,3.86,3.88,4.23,4.54,4.34,4.19,4.09,3.88,3.71,3.79,4.52
BST1,3.51,3.8,3.54,3.78,3.99,3.64,4.01,3.69,3.7,3.71,3.71,3.86,3.75,3.96,3.66,3.73,3.65,3.62,3.71,3.51,3.81,3.83,3.67,3.77,3.74,3.72,3.64,3.87,3.67,3.78,3.9,4.26,3.51,3.58,3.58,3.75,3.54,3.67,4.08,4.02,4.11,4.04,3.91,4.15,3.62,4.07,3.59,3.7,3.79,3.82
BST2,11.14,11.03,11.1,11.14,10.89,11.04,10.88,10.9,11.24,11.12,10.46,11.05,11.39,6.59,11.15,11.17,11.35,11.03,11.05,11.11,11.63,11.21,11.32,11.37,11.19,11.54,11.23,11.03,11.04,10.58,7.87,7.55,10.98,10.85,10.73,11.01,11.26,11.37,11.04,11.06,11.15,11.06,11.13,6.07,11.5,11.59,11.27,11.16,11.22,5.35
BST2,12.42,12.28,12.45,12.39,12.45,12.35,12.37,12.46,12.37,12.39,12.2,12.51,12.48,11.19,12.62,12.57,12.59,12.43,12.35,12.4,12.73,12.7,12.48,12.77,12.72,12.69,12.45,12.49,12.32,12.12,11.08,11.32,12.27,12.25,12.27,12.62,12.51,12.59,12.41,12.5,12.42,12.47,12.42,11.48,12.66,12.66,12.69,12.47,12.42,11.17
BST2,11.63,11.52,11.61,11.55,11.55,11.52,11.45,11.53,11.56,11.61,11.2,11.7,11.72,10.11,11.68,11.68,11.79,11.57,11.55,11.54,11.99,11.86,11.77,11.92,11.77,11.88,11.59,11.55,11.47,10.99,9.88,10.07,11.49,11.4,11.43,11.53,11.65,11.81,11.35,11.63,11.6,11.59,11.54,9.3,11.92,11.83,11.85,11.63,11.57,9.31
BST2,3.99,3.82,3.8,4,3.89,3.78,4.13,3.63,3.93,4,4.23,3.82,4.03,4.8,3.63,3.66,4.09,3.82,3.69,3.82,4.23,3.94,4.19,4.09,3.75,3.72,3.98,3.8,4.06,3.83,4.55,4.19,3.55,3.68,3.64,3.7,4.02,3.63,3.64,3.78,4.17,3.41,3.46,4.31,3.72,3.81,3.35,3.9,4.32,4.69
BSX,3.9,3.9,3.82,3.76,4.22,3.94,4.88,3.92,3.67,3.93,3.7,3.91,3.84,5.54,3.85,4.28,3.82,4.05,4.08,4.11,4.14,3.78,3.83,4.05,4.12,3.75,3.66,3.83,3.96,5.37,6.69,4.49,3.73,3.7,4.03,3.75,4.43,3.99,4.86,4.08,3.95,4.51,4.21,5.27,4.22,4.12,4.06,4.15,3.82,5.3
BTAF1,7.03,6.87,6.71,7.01,7,6.59,5.17,7.16,6.94,6.89,6.86,6.81,6.45,6.5,6.9,6.91,6.72,6.72,6.77,6.9,6.82,7.04,6.89,6.92,6.84,6.91,6.82,6.82,6.58,4.84,4.88,7.22,6.97,7.05,6.92,6.73,6.26,6.76,6.24,6.7,6.59,6.58,6.65,5.92,6.8,6.84,6.97,6.82,6.95,6.08
BTAF1,9.65,10.14,9.42,9.48,9.25,9.46,8.87,9.3,9.68,9.55,9.85,9.44,9.76,9.67,9.43,9.42,9.51,9.19,9.35,9.31,9.57,9.54,10.01,9.21,9.32,9.48,9.47,9.24,9.7,9.71,5.89,9.44,9.43,9.46,9.33,9.28,9.41,9.28,8.94,9.48,9.6,9.56,9.79,9.43,9.48,9.46,9.52,9.47,10.01,8.97
BTAF1,9.55,9.94,9.42,9.53,9.41,9.65,9.51,9.52,9.59,9.53,9.67,9.44,9.64,6.8,9.27,9.39,9.35,9.31,9.25,9.5,9.63,9.41,9.75,9.24,9.24,9.29,9.39,9.3,9.73,9.39,8.12,8.49,9.49,9.45,9.38,9.16,9.33,9.14,9.75,9.48,9.58,9.6,9.71,8.74,9.48,9.29,9.39,9.33,9.83,6.8
BTAF1,7.38,6.89,6.81,6.91,6.32,6.63,7.37,7.03,6.97,7.22,6.66,6.98,7.31,5.43,6.92,7.18,6.99,7.05,7.03,7.14,7.17,7.23,7.01,6.96,7.07,7.32,6.66,7.07,6.53,6.46,7.16,6.34,7.25,7.14,7.01,6.89,6.77,6.95,5.76,6.77,6.91,6.81,6.94,5.45,6.6,6.91,7.04,7.13,7.13,5.85
BTBD1,11.35,11.49,11.35,11.41,11.41,11.47,11.13,11.34,11.47,11.43,11.63,11.45,11.54,10.95,11.44,11.51,11.49,11.31,11.34,11.39,11.47,11.45,11.73,11.48,11.5,11.51,11.45,11.38,11.47,11.37,9.9,10.96,11.33,11.38,11.35,11.45,11.33,11.37,11.26,11.35,11.36,11.3,11.34,9.91,11.36,11.28,11.37,11.45,11.5,10.39
BTBD1,7.15,6.27,6.74,6.57,6.01,6.42,5.56,6.36,6.77,6.77,5.42,6.72,6.9,4.94,6.84,6.71,7.07,6.58,6.6,6.7,6.8,6.09,5.91,7.03,6.55,6.96,6.56,6.3,5.74,6.16,5.99,6.36,7.44,7.14,6.88,6.44,5.91,6.87,5.94,6.38,5.99,5.73,5.51,7.23,6.25,5.42,5.95,6.25,6.46,5.68
BTBD1,8.44,7.94,8.17,8.19,7.43,7.58,7.69,8.06,8.28,8.02,7.47,8.23,8.27,7.43,8.23,8.2,8.32,8.14,8.09,8.12,8.39,8.03,7.78,8.1,8.01,8.33,7.99,7.9,7.71,5.92,7.05,6.96,8.89,8.72,8.52,7.77,8.01,8.28,7.6,7.9,7.65,7.1,7.44,7.42,8.12,7.67,7.9,8.01,7.95,6.12
BTBD1,8,7.45,7.58,7.7,7.31,7,7.75,7.46,7.76,7.72,6.86,7.83,7.7,6.45,7.84,7.76,7.82,7.66,7.59,7.87,7.89,7.25,7.01,7.99,7.65,7.98,7.72,7.34,6.77,4.89,6.99,6.32,8.28,8.22,8.18,7.72,7.32,7.83,7.21,7.46,7.19,6.58,6.65,5.88,7.45,6.62,7.3,7.63,7.48,5.93
BTBD1,9.28,9.36,9.2,9.26,8.54,8.72,8.69,9.25,9.32,9.23,9.01,9.28,9.56,7.75,9.16,9.12,9.27,9.03,9.03,9.04,9.37,9.08,9.17,9.08,9.12,9.33,9.09,9.17,8.98,8.71,8.2,7.05,9.42,9.49,9.28,8.95,9.01,9.17,8.83,9.18,9.12,8.6,8.7,7.68,9,8.88,8.9,9.18,9.04,8.19
BTBD1,7.54,6.8,7.25,7.29,5.83,6.13,5.57,7.05,7.31,7.22,5.8,7.38,7.38,6.18,7.52,7.28,7.45,7.1,7.04,7.37,7.15,6.71,6.35,7.37,7.3,7.5,7.01,6.79,6.06,5.25,5.18,5.3,7.79,7.79,7.45,7.1,6.79,7.45,6.09,6.76,6.52,5.64,5.86,6.17,6.64,5.78,6.71,6.99,6.83,5.05
BTBD10,8.19,7.37,7.82,7.98,6.98,7.16,7.95,8.05,7.97,8.07,7.01,8.33,8.15,7.21,8.75,8.57,8.59,8.03,8.22,8.11,8.18,8.19,7.72,8.54,8.77,8.51,7.85,7.95,6.84,5.46,8.11,6.73,8.36,8.5,8.41,8.52,8.16,8.49,5.8,7.87,7.91,7.51,6.96,6.7,7.93,7.53,7.97,8.22,8.07,8.18
BTBD10,8.22,7.54,8.04,7.91,7.05,7.2,7.08,7.84,7.89,7.95,7.25,8.43,8.15,5.91,8.66,8.63,8.69,7.96,7.81,8.14,8.2,8.37,7.68,8.76,8.59,8.59,7.78,7.89,7.16,6.41,6.66,6.6,8.4,8.44,8.35,8.58,8.07,8.79,6.77,8.12,7.98,7.25,7.04,5.29,7.81,7.24,8.11,8.02,7.85,6.35
BTBD10,10.13,10.21,10.12,10.14,10.2,10.09,9.89,10.04,10.15,10.14,10.22,10.36,10.35,9.22,10.58,10.48,10.59,10.21,10.1,10.16,10.57,10.55,10.56,10.53,10.61,10.57,10.14,10.06,10.2,10.2,8.13,8.89,10.58,10.49,10.61,10.72,10.58,10.55,10.28,10.39,10.29,9.96,10.16,9.44,9.98,10.26,10.23,10.44,10.27,9.42
BTBD10,8.36,8.11,8.35,8.23,7.93,7.54,7.87,8.3,8.33,8.34,7.79,8.66,8.53,6.44,8.96,8.94,8.72,8.14,8.15,8.32,8.86,8.82,8.4,8.8,8.87,8.76,8.02,8.42,7.85,5.38,5.79,6.7,8.6,8.69,8.84,8.72,8.51,8.83,7.44,8.39,8.18,7.99,7.82,5.35,8.26,8.11,8.49,8.49,8.29,6.03
BTBD11,3.62,3.96,3.52,3.7,3.92,3.48,4.28,3.56,3.8,3.7,4.05,3.82,3.64,4.42,3.55,3.66,3.92,3.66,3.78,3.54,3.69,3.9,3.77,3.78,3.43,3.63,3.74,3.75,3.98,3.73,4.4,4.03,3.7,3.56,3.55,3.77,3.66,3.81,3.5,3.6,3.87,3.73,3.95,4.32,3.5,3.82,3.31,3.74,4.03,4.49
BTBD11,3.61,3.7,3.38,3.42,3.59,3.73,3.87,3.56,3.63,3.58,3.66,3.75,3.72,4.01,3.54,3.68,3.48,3.86,3.44,3.65,3.84,3.92,3.75,3.39,3.79,3.71,3.59,3.73,3.53,4.13,4.99,4.16,3.48,3.57,3.63,3.46,4.18,3.64,3.52,3.54,3.53,3.52,3.6,4.48,3.73,3.5,3.56,3.56,3.6,5.53
BTBD12,8.54,8.65,8.63,8.67,8.99,8.9,8.4,8.47,8.42,8.6,8.76,8.64,8.38,8.57,8.57,8.53,8.48,8.76,8.55,8.45,8.27,8.53,8.65,8.57,8.6,8.54,8.52,8.53,8.74,8.58,7.62,9.26,8.48,8.44,8.41,8.64,8.65,8.62,8.85,8.85,8.82,8.86,8.78,8.99,8.48,8.48,8.62,8.64,8.84,9.04
BTBD16,3.86,3.89,3.94,4.06,3.94,3.96,3.97,3.76,3.96,3.82,3.88,3.75,3.73,4.36,3.94,4.3,4,3.72,4.34,3.92,3.78,3.95,3.88,4.15,4.08,3.75,3.81,4.1,4.01,4.12,6.18,4.53,3.81,3.9,4.28,3.83,4.36,4.18,4.26,4.26,4.03,4.02,3.91,4.46,4.17,4.22,4.37,3.95,3.81,5.8
BTBD17,4.52,4.66,4.7,4.61,5.22,4.92,5.28,4.43,4.47,4.69,4.88,4.63,4.65,5.17,4.67,4.69,4.65,4.57,4.43,4.42,4.68,4.62,4.65,4.61,4.49,4.45,4.6,4.5,4.58,5.01,4.69,4.58,4.51,4.68,4.61,4.55,4.59,4.51,5.2,4.47,4.79,4.8,4.36,4.55,4.65,4.77,4.68,4.55,4.46,5.32
BTBD17,4.78,4.55,5,4.83,4.6,4.64,5.54,4.81,4.52,4.82,4.78,4.43,4.59,4.51,4.86,4.74,4.71,4.63,4.53,4.86,4.81,4.64,4.59,4.78,4.52,4.63,4.66,4.86,4.57,4.94,5.16,5.13,4.71,4.42,4.86,4.35,4.78,4.65,5.39,4.45,4.71,5.22,4.76,4.55,4.61,4.44,4.29,4.69,4.32,5.19
BTBD2,5.24,4.66,5.72,5.28,5.46,4.83,5.19,4.99,5.03,5.25,4.85,5.24,5.09,4.81,5.26,5.32,5.04,5.68,5.89,5.95,5.4,5.22,5.09,5.01,5.15,5.59,5.38,5.37,5.28,5.48,5.3,4.88,5.25,5.06,5.46,5.07,5.32,5.65,4.31,5.14,5.09,5.29,5.33,5.41,5.2,4.97,4.85,5.46,5.08,4.66
BTBD2,7.22,7.07,7.95,7.54,7.42,7.86,8.05,8.02,7.39,7.56,7.66,7.56,7.27,7.29,7.37,7.34,7.41,7.91,7.91,7.92,7.3,7.53,7.41,8.01,7.71,7.38,7.71,7.45,7.48,7.88,8.34,7.46,7.21,7.03,7.45,7.79,7.67,7.62,7.69,7.74,7.89,7.9,8.08,7.76,7.42,7.2,7.71,7.58,7.64,8.24
BTBD3,5.38,4.87,5.08,5.06,5.25,4.69,4.65,5.92,5.67,5.45,4.91,5.71,5.29,4.61,5.43,5.31,5.52,5.38,5.54,5.82,5.29,5.34,5.04,5.46,5.86,5.42,5.45,5.24,4.89,5.66,5.13,4.5,5.2,5.58,5.78,5.85,5.25,5.77,4.19,5.56,5.35,4.78,5.07,5.37,5.43,5.46,5.39,5.72,5.04,6.08
BTBD3,8.91,9,8.82,8.89,8.44,8.57,8.43,8.73,8.9,9.08,9.23,9.13,9.01,9.19,9.15,9.01,9.03,8.84,8.88,8.95,8.78,9.12,9.19,8.85,9.11,9.01,8.73,8.95,8.76,8.64,5.41,8.24,8.48,8.73,8.76,9.12,8.76,8.96,8.28,8.84,8.79,8.75,8.63,8.92,8.64,8.87,8.81,9.03,9.16,9.35
BTBD3,6.55,6.06,6.45,6.6,5.54,6.21,5.89,6.55,6.68,6.28,6.09,6.88,6.29,5.41,6.61,6.62,6.32,6.46,6.36,6.14,6.16,6.24,6.02,6.33,6.36,6.05,6.25,6.81,6.07,4.83,5.7,6.34,6.15,6.28,6.33,6.26,6.61,6.69,6.39,6.45,6.41,5.49,6.16,5.65,6.53,6.06,6.09,6.44,6.3,6.44
BTBD3,8.08,7.6,7.96,7.94,7.64,7.42,7.83,8,8.03,8.18,7.45,8.11,7.83,7.93,8.26,8.34,7.94,7.6,8.16,7.99,7.92,8.32,7.54,8.14,7.96,8.05,7.74,8.23,7.22,7.16,7.24,6.9,8.04,8.08,8.09,8.02,7.79,8.19,6.06,7.73,7.72,7.35,6.98,6.88,7.59,7.43,8.07,8.02,7.75,7.62
BTBD3,9.16,9.46,9.09,9.1,8.91,9.2,8.31,8.88,9.25,9.22,9.47,9.3,9.27,8.3,9.32,9.22,9.18,8.99,9.06,9.05,9.09,9.25,9.6,9.12,9.24,9.05,9.1,9.08,9.02,8.97,7.02,6.31,8.84,9.07,9.1,9.28,9.01,9.06,8.68,9.08,9.11,9.03,8.89,7.09,8.87,8.84,8.83,8.99,9.11,8.85
BTBD7,7.03,7.41,7.16,7.03,6.96,7.16,6.31,7.15,7.32,7.17,7.34,7.1,7,5.06,7.1,7.06,7.25,7.32,7.2,7.25,7.01,7.12,7.41,7.23,7.17,7.05,7.26,7.29,7.12,7.43,6.71,6.03,6.6,6.68,6.87,7.4,6.99,6.88,7.03,7.38,7.42,7.42,7.24,5.49,7.16,6.95,7.24,7.34,7.26,5.37
BTBD7,7.24,6.42,6.46,6.39,6.42,7.37,6.94,6.9,6.55,7.07,7.19,6.43,6.45,5.69,7.16,7.3,7.11,6.69,6.76,6.94,6.74,6.82,7.14,6.63,6.81,7.11,6.6,7.01,7.27,5.4,5.19,6.77,6.44,6.21,6.64,6.57,6.73,6.2,6.96,6.91,7.07,7.41,7.4,5.75,6.49,7.29,7.61,5.95,6.88,5.67
BTBD7,4.83,4.92,4.76,4.81,5.5,5.17,5.55,4.52,4.99,4.88,5.01,4.81,4.92,4.42,4.9,4.84,5.2,4.66,4.98,5.08,5.12,4.83,5.3,5.25,4.77,5.25,5.21,4.87,5.18,4.98,4.38,5.36,4.85,4.78,5.31,4.6,5.21,4.97,4.59,5.15,4.77,5.26,5.19,5.04,4.95,4.92,4.9,5.12,5.16,4.92
BTBD7,6.39,5.92,6.29,6.24,5.22,6.11,6.02,6.3,6.27,6.46,5.69,5.66,5.87,5.78,6.29,6.3,6.2,6.43,6.59,6.6,6.24,6.23,6.07,6.36,6.39,6.36,6.37,6.41,6.36,4.5,7.42,4.79,6.08,6.04,6.12,6.5,6.25,6.07,6.01,6.74,6.6,6.24,6.49,5.25,6.19,7,6.95,6.45,6,6.12
BTBD7,7.71,7.61,7.45,7.36,7.69,7.9,7.69,7.46,7.58,7.66,7.82,7.15,7.13,7.72,7.64,7.56,7.58,7.64,7.83,7.59,7.56,7.7,7.72,7.57,7.61,7.67,7.73,7.61,8.06,7.22,7.86,7.92,7.28,7.1,7.41,7.62,7.46,7.23,8.29,7.72,7.76,7.89,8.04,7.31,7.84,7.94,7.56,7.38,7.28,8.18
BTBD8,3.44,3.36,3.43,3.31,3.5,3.56,4.33,3.45,3.49,3.46,3.41,3.38,3.38,3.6,3.24,3.33,3.27,3.41,3.4,3.34,3.3,3.31,3.28,3.55,3.4,3.37,3.61,3.3,3.41,4.52,4.07,4.23,3.49,3.57,3.32,3.4,3.43,3.36,4.3,3.4,3.37,3.34,3.48,4.17,3.26,3.6,3.26,3.33,3.34,3.39
BTBD9,5.35,5.5,5.64,5.54,5.77,6.09,5.71,5.58,5.5,5.5,6.22,5.56,5.46,5.16,5.48,5.43,5.39,5.77,5.59,5.71,5.54,5.36,5.75,5.74,5.65,5.72,5.63,5.59,5.57,4.51,6.51,6.32,5.18,5.19,5.48,5.46,5.31,5.67,6.16,5.83,5.72,5.95,5.78,6.3,6.27,5.7,5.78,5.89,5.91,5.35
BTBD9,3.77,3.51,3.67,3.91,3.54,3.53,4.03,3.42,3.78,3.71,3.47,3.84,3.77,3.7,3.6,3.69,3.61,3.6,3.68,3.82,3.86,3.77,3.61,3.97,3.43,3.67,3.92,3.87,3.63,4.53,6.44,4.24,3.71,3.88,3.66,3.53,3.79,3.54,3.89,3.95,3.42,3.53,3.57,3.78,4.29,3.73,3.59,3.56,3.72,4.19
BTC,3.64,3.64,3.77,3.66,3.82,4.29,4.34,4.03,3.68,3.69,3.83,3.89,3.72,3.91,3.79,3.88,3.64,3.95,3.68,3.86,3.68,3.71,3.7,3.69,3.91,3.7,3.68,3.74,3.84,4.62,5.62,4.28,3.82,3.7,3.77,3.68,4.13,3.96,4.49,3.68,3.98,3.64,3.65,5.63,3.71,3.77,4.09,3.93,3.78,4.76
BTC,4.39,4.45,4.27,4.82,4.49,3.95,4.13,4.26,4.5,4.18,4.52,4.23,4.43,5.18,4.18,4.31,4.03,4.13,4.34,4.18,4.47,4.6,4.6,4.03,4.05,3.98,4.08,4.32,4.85,4.98,5.88,4.44,4.59,4.37,4.63,4.22,4.28,3.95,4.04,4.29,4.18,4.31,4.57,4.83,4.17,4.23,3.81,4.2,4.24,4.48
BTD,6.26,6.16,6.63,6.58,6.83,6.83,6.48,6.79,6.49,6.69,6.68,6.68,6.31,6.76,6.47,6.44,6.55,6.3,6.79,6.68,6.49,6.28,6.25,6.72,6.57,6.56,6.47,6.71,6.3,4.28,4.98,5.37,6.3,6.55,6.83,6.38,6.26,6.45,6.47,6.88,6.86,6.74,6.55,6.24,6.63,6.93,6.72,6.81,6.72,6.07
BTF3,8.41,8.8,8.41,8.44,8.57,8.51,8.23,8.03,8.49,8.52,8.82,8.54,8.47,8.69,8.42,8.25,8.52,8.35,8.47,8.47,8.46,8.53,8.92,8.46,8.43,8.34,8.36,8.44,8.57,8.25,6.8,8.75,8.02,7.99,8.08,8.44,8.42,8.48,6.66,8.44,8.55,8.64,8.79,8.74,8.39,8.5,8.4,8.71,8.6,8.21
BTF3,13.37,13.31,13.27,13.31,13.25,13.29,13.34,13.3,13.32,13.26,13.12,13.29,13.43,12.26,13.15,13.29,13.29,13.29,13.23,13.33,13.37,13.35,13.32,13.25,13.21,13.34,13.33,13.25,13.29,13.3,11.98,12.33,13.24,13.25,13.14,13.2,13.34,13.33,13.33,13.24,13.37,13.45,13.41,12.56,13.34,13.34,13.32,13.39,13.34,11.95
BTF3 /// BTF3L2,12.87,12.71,12.8,12.84,12.8,12.86,12.78,12.9,12.82,12.71,12.68,12.8,12.85,11.52,12.71,12.91,12.74,12.86,12.71,12.83,12.88,12.91,12.79,12.83,12.79,12.91,12.78,12.83,12.82,12.9,11.14,11.46,12.76,12.78,12.7,12.7,12.85,12.79,12.89,12.78,12.92,13.02,13,11.51,12.9,12.88,12.9,12.93,12.87,11.43
BTF3L4,7.77,7.66,7.77,7.83,7.52,7.51,7.54,7.71,7.9,7.76,7.55,7.78,7.77,6.37,7.65,7.76,7.89,7.71,7.65,7.67,7.72,7.5,7.57,7.58,7.26,7.64,7.69,7.78,7.67,8.33,6.77,3.96,7.67,7.78,7.6,7.51,7.82,7.75,7.3,7.52,7.65,7.58,7.11,6.34,7.73,7.47,7.72,7.89,7.79,5.09
BTF3L4,9.17,9.04,9.16,9.2,9.36,9.18,9.21,9.09,9.11,9.13,9.3,9.25,9.06,9.93,9.22,9.26,9.17,9.17,9.08,8.98,9.25,9.05,9.24,9.05,9.06,9.22,9.24,9.29,9.24,8.46,7.33,8.7,9.07,9.03,9.1,9.14,9.22,9.12,8.84,9.13,9.08,9.28,9.06,9.21,9.22,9.14,9.37,9.3,9.33,9.2
BTF3L4,8.65,8.54,8.9,8.78,8.83,8.46,8.38,8.69,8.63,8.73,8.41,8.73,8.57,6.95,8.53,8.55,8.7,8.97,8.82,8.83,8.53,8.43,8.07,8.55,8.54,8.55,8.72,8.7,8.46,7.71,6.47,6.87,8.26,8.21,8.15,8.52,8.45,8.64,7.66,8.5,8.33,8.61,8.72,6.3,9,8.84,8.81,8.67,8.65,6.69
BTG1,3.94,4.2,3.65,4.2,3.71,3.72,3.55,3.75,4,3.92,4,4.12,4.21,4.75,4.08,3.73,4.07,3.75,3.73,3.7,3.84,3.95,5.02,3.87,4.11,3.9,4,4.17,3.97,4.43,5.16,5.23,3.72,4.07,3.6,3.8,3.95,3.96,4.24,3.86,3.65,3.87,4.07,3.89,4.83,4.02,4.06,3.67,3.84,4.14
BTG1,12.19,12.05,11.87,11.86,11.43,11.82,11.9,11.92,12.12,12.15,11.8,12.12,12.06,10.91,12.64,12.56,12.58,11.87,11.89,12.01,12.63,12.57,12.49,12.65,12.65,12.83,11.92,11.94,11.77,10.21,11,10.37,12.42,12.37,12.48,12.51,12.19,12.31,11.83,12.08,12.14,12.19,11.99,11.3,12.55,12.57,12.56,12.07,11.82,10.87
BTG1,11.45,11.4,11.18,11.14,10.75,11.12,11.29,11.32,11.36,11.35,10.92,11.26,11.42,10.34,11.96,11.88,11.85,11.11,11.13,11.14,12.1,12.01,11.89,11.96,11.99,12.14,11.21,11.19,11.2,9.72,7.01,8.14,11.87,11.69,11.78,11.81,11.6,11.49,11.14,11.41,11.41,11.4,11.43,9.5,11.97,12.07,11.92,11.35,11.13,9.18
BTG2,7.95,6.83,7.86,7.77,6.59,6.98,7.3,7.91,8,7.83,6.15,7.94,7.66,4.87,8.47,8.42,8.5,7.87,7.94,8.22,8.57,8.32,7.56,8.8,8.6,8.89,7.73,7.97,6.97,4.23,4.57,3.93,8.9,8.65,8.79,8.31,8.23,8.67,7.07,7.77,7.64,7.49,7.14,4.27,8.09,7.84,7.83,7.95,7.23,4.64
BTG2,10.76,10.09,10.56,10.67,10.01,10,9.93,10.74,10.71,10.74,9.72,10.74,10.81,7.99,11.15,11.03,11.13,10.6,10.6,10.86,11.33,11.34,10.78,11.29,11.35,11.42,10.59,10.85,10.1,7.68,8.11,7.04,11.36,11.33,11.29,11.06,10.79,11.2,10.05,10.65,10.56,10.66,10.39,7.86,10.62,10.36,10.8,10.76,10.56,8.75
BTG2,11.65,11.6,11.49,11.6,11.32,11.31,11.13,11.43,11.76,11.65,11.38,11.64,11.92,9.93,11.77,11.87,11.95,11.37,11.45,11.51,12.2,12.1,12.17,11.91,11.96,12.12,11.63,11.65,11.71,11.25,8.89,10.07,11.93,11.84,11.8,11.88,11.89,11.8,11.1,11.63,11.72,11.93,11.83,9.78,11.67,11.64,11.69,11.76,12,9.51
BTG2,12.79,12.77,12.73,12.83,12.89,12.78,12.77,12.84,12.74,12.83,12.88,12.84,12.85,12.83,13.12,13.13,13.04,12.71,12.74,12.75,13.19,13.29,13.23,13.18,13.21,13.15,12.81,12.91,12.86,12.8,12.5,12.69,13.17,13.15,13.18,13.11,13.08,13.06,12.83,12.83,12.9,13.09,13.02,12.98,12.91,12.97,13.01,12.88,12.96,12.73
BTG3,10.05,10.14,10.06,10.17,9.71,9.69,9.48,9.91,10.13,10.06,10.02,9.91,9.89,9.12,10.24,10.2,10.19,9.85,9.84,9.91,9.69,9.77,9.66,10.05,10.1,10.1,9.98,10.06,9.97,9.58,7.16,7.45,10.73,10.85,10.81,10.39,10.21,10.41,9.69,10.14,9.92,9.77,9.62,8.1,10.23,10.13,10.18,9.92,9.87,8.04
BTG4,3.89,3.79,3.69,4.2,4.05,4.42,4.48,3.7,4.17,3.92,3.84,3.94,3.98,4.18,3.8,3.74,4,4.27,4.44,4.23,3.86,4.12,3.92,4.03,4,3.87,3.83,4.01,4.1,4.21,4.38,4.48,3.97,3.95,3.92,4.18,3.96,4.15,3.67,3.82,4.02,3.83,3.81,4.52,4.17,3.93,4.69,3.96,3.91,5.04
BTG4,3.87,4.12,3.69,3.97,4.19,3.88,4.01,3.6,3.74,3.71,3.92,3.89,4,4.41,4.11,4.21,3.98,3.77,3.83,3.81,3.75,3.73,3.9,4.03,4.27,3.66,3.79,4.04,3.81,4.69,4.66,6.39,3.84,3.87,3.86,4.21,3.67,3.75,4.04,3.86,3.8,3.89,3.69,6.82,3.79,4.18,4.03,3.93,3.78,8.08
BTK,3.44,3.13,3.31,3.32,3.34,3.57,4.32,3.29,3.25,3.29,3.14,3.21,3.13,3.32,3.15,3.34,3.17,3.28,3.17,3.27,3.12,3.18,3.22,3.27,3.39,3.26,3.21,3.39,3.22,3.72,3.99,4.02,3.41,3.24,3.12,3.43,3.58,3.15,3.83,3.2,3.29,3.7,3.29,3.44,3.23,3.3,3.4,3.32,3.21,3.57
BTK,3.44,3.5,3.43,3.41,3.71,3.5,3.6,3.51,3.41,3.46,3.39,3.48,3.52,5.21,3.38,3.24,3.71,3.46,3.5,3.43,3.39,3.56,3.39,3.3,3.43,3.48,3.35,3.73,3.44,4.75,3.82,4.21,3.36,3.53,3.53,3.63,3.53,3.59,3.64,3.62,3.59,3.9,3.57,3.4,3.37,3.46,3.77,3.37,3.49,4.44
BTLA,3.87,3.99,3.87,4.32,3.6,4.09,4.45,3.7,3.87,3.84,4.09,3.95,3.92,4.29,3.93,3.73,3.78,4.19,4.07,4.02,3.97,3.86,3.88,3.74,3.7,3.68,3.8,4.15,3.88,3.62,4.83,4.13,3.96,3.92,4,3.82,3.7,3.98,3.83,3.82,3.73,3.87,3.88,3.96,3.97,3.67,3.64,3.75,3.89,3.8
BTLA,3.52,3.26,3.35,3.45,3.49,3.43,3.47,3.22,3.43,3.48,3.5,3.33,3.43,3.62,3.47,3.43,3.35,3.35,3.44,3.42,3.33,3.48,3.56,3.55,3.75,3.39,3.35,3.5,3.46,3.57,4.45,4.41,3.53,3.39,3.55,3.5,3.48,3.35,3.48,3.5,3.35,3.62,3.51,4.01,3.44,3.39,3.41,3.41,3.43,4.53
BTN1A1,3.62,3.81,4.07,3.81,4.03,3.84,3.94,3.9,3.82,3.71,3.67,3.92,3.81,4.5,3.8,4.63,3.63,3.74,3.82,3.56,3.85,3.75,3.72,3.63,3.62,3.69,3.97,3.66,4.36,3.92,4.93,4,4.02,3.59,3.65,4.07,3.7,3.64,4.55,4.07,3.79,3.88,3.96,4.65,3.75,4.23,3.92,3.64,3.84,3.92
BTN2A1,7.81,7.88,7.8,7.85,7.62,7.75,7.42,7.84,7.85,7.78,7.71,7.89,7.79,6.89,8.01,8.03,8.05,7.55,7.57,7.54,8.05,8.03,8.03,8.11,8.12,8.04,7.8,7.75,7.9,7.29,6.78,7,7.84,7.77,7.71,8.08,7.87,7.97,6.91,7.67,7.95,8.03,7.97,5.19,7.85,7.9,8.03,7.95,8.02,5.41
BTN2A1,5.92,5.66,5.95,5.68,5.22,6.05,6.25,6.47,5.77,6.03,5.47,5.82,5.95,6.28,6.39,6.3,6.17,5.95,6.23,6.03,6.15,6.01,5.69,6.1,6.7,6.4,5.82,6.24,6.11,5.6,6.56,5.59,6.16,6.39,6.1,6.05,5.9,6.53,5.88,6.52,6.25,6.33,5.83,6.44,6.18,5.87,6.17,6.03,6.04,5.56
BTN2A2,6.58,6.59,6.7,6.62,6.95,7.22,6.5,6.82,6.6,6.81,7.15,6.88,6.57,6.44,6.59,6.44,6.32,6.62,6.76,6.73,6.48,7.02,7.06,6.99,6.82,7.02,6.67,6.74,6.85,5.52,5.56,7.21,6.52,6.54,6.6,6.83,6.64,6.8,6.45,6.54,6.64,6.83,6.89,6.1,6.22,6.13,6.32,6.74,6.68,7.12
BTN2A2,7.02,6.24,6.78,6.56,5.95,6.71,7.42,6.94,6.81,6.79,5.75,6.94,6.58,6.04,6.45,6.49,6.74,6.66,6.6,6.79,7.09,7.04,6.5,6.82,7.1,7.17,6.95,7.09,6.7,6.91,6.99,5.97,7.36,7.45,7.07,6.73,6.31,6.8,5.81,6.67,6.63,7.1,6.24,6.25,6.23,6.08,6.22,6.59,6.82,4.97
BTN2A2,6.25,5.72,5.96,6.36,5.9,5.72,6,6.31,6.04,6.18,5.87,6.11,5.91,5.52,5.81,6.02,6.09,5.84,5.9,6.25,6.08,6.28,5.95,6.26,6.04,6.27,6.03,5.98,5.8,5.59,5.11,5.36,6.3,6.19,6.12,6,5.88,6.19,6,6.16,6.14,6.41,6.18,5.16,5.59,5.35,5.7,6.13,6.07,5.36
BTN2A2,5.24,4.47,5.42,5.06,4.99,5.24,5.5,5.51,5.26,5.24,4.66,5.03,4.82,4.52,5.31,5.15,4.78,4.89,5.1,5.33,5.41,5.22,5.01,5.56,5.36,5.25,5.13,5.19,4.93,4.8,5.72,5,5.34,5.48,5.16,5.34,4.74,5.31,4.5,5.4,4.85,5.16,5.09,4.93,4.31,4.7,5.22,5.49,4.88,4.45
BTN2A2,8.98,8.98,9.09,9.1,9.17,9.24,9.5,9.23,8.89,9.05,9.04,9.07,9.1,7.89,8.79,9.03,8.84,8.93,8.83,8.92,9.33,9.29,9.21,8.98,9.07,9.14,9.01,9,9.01,8.64,8.07,8.39,9.01,9.2,9.14,8.95,9.07,9.03,9.01,9.16,9.23,9.32,9.34,7.87,8.41,8.68,8.53,9.11,9.05,8.36
BTN2A2,4.12,3.83,3.9,4.14,3.91,4.25,4.53,3.79,4.01,3.78,3.94,4.03,4.11,5.08,4.03,4.26,4.01,4.12,3.97,4.19,3.95,3.97,4.02,3.87,4.14,3.99,4.02,3.95,4.04,4.6,5.03,6.1,4.07,4.06,3.94,4.01,4.12,3.84,4.49,4.18,4.1,4.28,4.1,5.31,4.17,4.28,3.98,4,3.9,5.55
BTN2A2,3.71,3.8,4.07,4.16,3.53,4.1,3.58,3.78,3.9,4.01,3.93,4.04,3.66,5.22,3.86,4.1,3.81,3.87,4.09,3.88,3.83,4.28,4.01,4.56,4.25,3.92,4.39,3.99,3.81,6.12,5.46,6.5,3.97,3.9,3.94,3.98,4.79,4.01,4.58,4.45,4.05,3.95,4.09,3.96,3.9,3.82,4.59,3.91,3.92,4.1
BTN2A3,4.18,4.1,4.25,4.27,3.93,3.94,5.44,4.28,4.2,4.34,4.34,4.06,4.25,5.96,4.07,4.2,4.42,4.15,4.31,4.28,4.12,4.46,4.26,4.37,4.55,4.29,4.3,4.39,4.21,4.8,8.97,4.89,4.24,4.27,4.28,4.26,4.75,4.34,5.01,4.41,4.18,4.78,4.42,4.62,4.48,4.36,4.66,4.34,4.27,5.52
BTN2A3,4.54,4.67,5.03,4.62,4.37,4.4,5.99,4.49,4.71,4.8,5.12,4.9,4.65,5.52,4.8,5,4.83,4.71,4.58,4.81,4.99,5.26,4.81,5.13,4.97,4.57,4.75,4.79,4.85,5.48,7.25,6.13,4.76,4.86,4.95,4.76,4.58,4.44,4.85,4.83,4.98,5.14,4.97,7.32,4.71,4.59,5.46,4.59,4.52,5.86
BTN2A3,5.01,5.06,5.31,5.36,5.11,5.01,4.54,5.36,5.08,5.55,5.06,5.37,5.15,5.96,5.16,5.16,5.09,5.21,5.19,5.35,5.2,5.27,4.99,5.34,5.34,4.95,5.39,5.24,4.6,5.39,6.9,5.88,5.33,4.99,5.22,4.65,5.15,5.06,4.89,5.47,5.48,5.26,5.04,5.28,5.26,5.3,4.94,5.29,4.87,6.58
BTN2A3,4.91,4.91,4.72,4.65,4.69,4.84,4.48,4.78,4.79,4.67,4.76,4.79,5.04,4.78,4.98,4.71,4.72,4.66,4.6,4.85,4.62,4.73,4.68,4.66,4.33,4.67,4.48,5.05,4.64,4.64,5.95,5.16,4.83,4.5,4.62,4.67,4.63,4.85,4.93,4.81,4.57,4.74,4.7,4.85,4.48,4.45,4.73,4.95,4.85,4.71
BTN3A1,4.23,4.18,4.51,4.65,4.27,4.75,4.68,4.28,4.42,4.43,4.31,4.35,4.14,5.16,4.51,4.29,4.4,4.46,4.49,4.53,4.51,4.25,4.21,4.46,4.31,4.4,4.5,4.37,4.27,5.15,4.77,4.37,4,4.42,4.54,4.27,4.27,4.26,5.75,4.1,4.8,4.64,4.16,5.2,4.38,4.28,4.76,4.58,4.69,5.82
BTN3A1,6.77,6.71,6.75,6.77,7.23,7.24,6.51,6.9,6.72,6.67,6.67,6.69,6.73,5.89,6.67,6.39,6.74,6.8,7.04,6.96,6.49,6.74,6.94,6.71,6.69,6.63,6.87,6.82,7.31,6.46,5.76,7.15,6.07,5.88,6.08,6.66,6.63,6.88,7.02,7.03,7.41,6.65,7,6.66,7.04,6.85,7.19,7.03,6.91,6.35
BTN3A1,5.54,4.88,5.96,5.69,5.05,5.25,5.32,5.87,5.56,5.96,4.86,5.31,5.33,5,5.21,5.37,5.38,6.01,5.74,5.69,5.14,5.1,5,5.53,5.46,5.25,5.38,5.4,4.65,5.35,6.03,5.73,4.67,4.76,5.05,5.44,4.96,5.34,5.56,5.6,5.72,5.05,5.34,5.33,5.27,5.59,5.81,5.24,5.01,4.84
BTN3A1 /// BTN3A2,7.63,7.61,7.72,7.73,7.96,7.91,8.28,7.93,7.6,7.85,7.66,7.63,7.35,6.56,7.28,7.48,7.58,7.94,7.71,7.99,7.48,7.64,7.36,7.53,7.45,7.48,8.04,7.85,7.64,7.06,4.83,5.53,7.05,7.22,7.15,7.59,7.51,7.65,7.67,7.93,7.65,7.97,7.95,4.98,8.51,8.2,8.26,7.79,7.63,7.23
BTN3A1 /// BTN3A2,6.63,6.43,6.67,6.71,6.46,7.06,7.61,6.68,6.41,6.7,6.64,6.45,6.42,4.66,6.21,6.44,6.21,6.82,6.69,6.69,6.67,6.51,6.26,6.1,6.27,6.22,6.92,6.66,6.55,6.83,6.9,6.49,5.86,6.24,6.08,6.41,6.21,6.24,7.48,6.85,7.05,6.4,6.4,6.27,7.52,7.45,7.35,6.9,6.65,6.2
BTN3A2,8.26,8.18,8.46,8.34,8.24,8.12,7.77,8.35,8.32,8.43,8.28,8.21,8.15,6.05,7.67,7.48,7.8,8.52,8.42,8.61,7.9,7.83,7.92,7.61,7.9,7.81,8.45,8.32,8.29,7.62,5.71,5.71,7.01,7.45,7.55,7.76,7.93,8.01,6.67,8.3,8.49,8.16,7.96,4.72,8.79,8.82,8.85,8.32,8.55,5.93
BTN3A2,9.2,9,9.2,9.07,8.34,8.79,8.61,9.11,9.07,9.22,8.88,8.95,8.9,7.1,8.49,8.53,8.47,9.19,9.08,9.37,8.78,8.63,8.44,8.42,8.59,8.61,8.99,9.08,8.8,7.81,7.09,7.53,7.83,8.06,8.03,8.57,8.48,8.66,8.63,8.92,8.71,8.8,8.62,7.23,9.2,9.34,9.23,8.89,9.02,7.79
BTN3A2,8.15,7.9,8.15,8.11,7.92,8,8.29,7.87,8.2,8.24,7.83,8.03,8.15,6,7.47,7.41,7.57,8.11,8.12,8.3,7.89,7.71,7.51,7.55,7.37,7.6,8.16,8,7.88,7.57,5.88,5.49,6.95,6.97,6.9,7.39,7.28,7.61,7.78,7.92,8,8.05,7.83,6.29,8.42,8.18,8.28,8.01,8.16,6.4
BTN3A2,8.83,8.88,8.96,8.89,8.65,8.73,8.73,8.71,9.05,9.16,8.76,8.95,8.88,7.66,8.42,8.26,8.45,9.02,8.9,9.11,8.72,8.5,8.39,8.34,8.35,8.47,8.97,8.95,8.83,8.02,6.99,8.89,7.87,8.06,7.71,8.18,8.19,8.45,8.12,8.81,8.76,8.58,8.3,7.1,8.97,8.94,9.11,8.84,8.95,7.6
BTN3A3,7.79,7.72,7.72,7.67,7.47,7.76,7.69,7.58,7.75,7.84,7.73,7.57,7.54,6.15,7.45,7.36,7.53,7.82,7.84,7.8,7.7,7.82,7.62,7.45,7.32,7.39,7.84,7.77,7.77,5.88,7.79,6.32,6.63,6.97,6.94,7.45,7.66,7.45,6.93,7.51,7.72,7.67,7.49,6.88,8.16,8.09,8.35,7.79,7.91,6.93
BTN3A3,7.35,7.3,7.21,7.49,7.26,7.03,6.8,7.4,7.36,7.63,7.12,7.15,7.13,7.75,7.24,7.27,7.14,7.48,7.17,7.46,7.25,7.54,7.12,7.16,6.97,7.25,7.37,7.56,7.01,7.41,5.59,7.33,6.63,6.77,6.58,7.1,6.69,7.25,5.11,7.18,7.08,6.97,7.01,6.08,7.46,7.64,7.8,7.4,7.33,7.62
BTN3A3,8.23,7.74,8.23,8.4,8,8.09,7.56,8.41,8.25,8.44,7.93,8.02,7.79,7.06,7.99,7.87,7.96,8.2,8.42,8.36,8.16,8.41,7.72,8.05,8.14,8.07,8.04,8.46,7.94,7.01,7.17,6.91,7.34,7.17,7.49,7.87,7.44,8.1,7.32,8.24,8.1,8.2,7.53,7.24,8.7,8.76,8.7,8.35,8.22,8.08
BTNL2,4.69,4.86,5.11,4.9,5.65,4.83,5.28,4.82,4.78,5.19,5.28,4.97,4.86,4.84,5.4,5.14,4.71,5.18,4.67,4.91,4.78,4.9,4.82,4.8,5.31,4.83,4.76,4.78,4.88,5.37,7.07,5.78,4.92,5.18,4.91,4.74,4.6,4.8,5.75,5.03,4.83,4.93,4.95,5.9,5.39,4.95,4.68,4.68,4.82,5.61
BTNL3,4.18,4.42,4.24,4.41,4.82,4.33,4.46,4.32,4.45,4.36,4.47,4.46,4.17,4.84,4.53,4.46,4.16,4.27,4.08,4.17,4.28,4.36,4.48,4.12,4.02,4.54,4.32,4.33,4.83,4.54,7.13,5.45,4.6,4.25,4.18,4.02,3.89,4.25,5.52,4.4,4.27,4.23,4.65,5.4,4.18,4.45,4.57,4.04,4.17,4.56
BTNL3,3.8,4.29,3.97,4.1,4.01,3.9,4.11,3.94,4,4.05,4.4,4.22,3.95,4.62,4.18,4,3.87,3.82,3.97,3.9,3.95,4.33,4.38,3.79,3.88,3.89,3.87,4.05,4.24,4.57,5.32,4.52,3.98,4.08,4.14,4.01,4.1,3.96,4.29,3.9,4.09,4.19,4.05,5.21,4.31,4.71,4.07,3.89,3.91,4.55
BTNL8,7.5,7.68,7.57,7.62,7.87,7.57,7.68,7.34,7.61,7.66,7.95,7.54,7.47,5.83,7.32,7.37,7.41,7.59,7.5,7.56,7.75,7.73,7.95,7.32,7.4,7.32,7.51,7.52,7.7,7.39,7.2,7.77,7.58,7.6,7.81,7.83,7.61,7.76,7.25,7.6,7.64,8.1,8.26,7.78,7.98,7.8,7.83,7.75,7.76,7.13
BTNL8,7.37,7,7.42,7.51,7.13,7.3,7.82,7.82,7.5,7.5,7.28,7.43,7.24,6.12,7.53,7.25,7.25,7.28,7.53,7.41,7.75,7.71,7.48,7.45,7.52,7.54,7.26,7.44,7.02,6.78,5.92,6.43,7.36,7.64,7.58,7.68,7.42,7.65,5.95,7.68,7.45,8.13,7.83,6.95,7.79,7.5,7.9,7.75,7.59,4.91
BTNL9,4.72,4.94,4.74,4.78,4.24,4.5,3.73,4.33,4.74,4.7,5.04,4.7,4.67,4.9,4.73,4.62,4.86,4.27,4.48,4.5,4.55,4.8,4.86,4.63,4.69,4.34,4.72,4.59,4.62,4.55,4.96,3.44,4.66,4.53,4.46,4.8,4.17,4.88,4.56,4.61,4.5,4.33,4.36,4.73,4.41,4.36,4.11,4.4,4.71,4.76
BTNL9,5.23,5.15,5.08,5.25,5.37,5.73,5.89,5.31,4.99,5.32,5.17,5.2,5.29,6.37,5.11,5.28,5.34,5.22,5.47,5.15,5.53,5.36,5.12,5.42,5.42,5.22,5.44,5.35,5.21,6.24,5.47,6.45,5.37,5.17,5.68,5.38,5.21,5.34,5.05,5.29,5.2,5.58,5.68,5.92,5.4,5.46,5.09,5.28,5.13,6.94
BTNL9,4.17,4.32,3.94,4.41,4.54,4.43,3.56,4.31,4.4,4.3,4.43,4.52,4.15,5.36,4.3,4.6,4.27,4.21,4.63,4.11,4.06,4.75,4.02,4.42,4.05,4.39,3.96,4.53,4.35,4.21,4.57,4,3.79,4.27,4.38,4.37,4.42,4.52,4.65,4.11,3.96,4.05,3.88,4.71,4.15,4.72,4.34,4.15,4.18,5.32
BTRC,7.14,7.52,7.41,7.38,7.8,7.38,7.59,7.44,7.19,7.07,7.72,7.54,7.36,8.36,7.23,7.46,7.33,7.22,7.24,7.41,7.53,7.58,7.84,7.58,7.71,7.29,7.42,7.46,7.36,6.35,8.17,7.51,7.42,7.32,7.27,7.47,7.58,7.33,7.21,7.53,7.52,7.51,7.52,8.65,7.39,7.51,7.56,7.28,7.51,8.17
BTRC,7.03,6.95,7.09,7.03,6.88,7.21,5.25,7.35,7.04,7.18,7.46,6.83,6.91,6.82,7.05,6.91,7.18,7.27,7.41,7.28,6.97,7.14,7.31,7.13,7.33,7.19,7.09,7.15,7.06,6.68,7.26,7.3,6.58,6.96,6.73,7.15,6.99,7.03,5.86,7.35,7.1,7.58,7.49,6.58,7.08,6.77,7.08,7.19,7.21,7.15
BTRC,6.72,6.04,6.67,6.63,6.52,6.82,6.76,6.9,6.65,6.77,6.41,6.82,6.63,4.49,6.73,6.56,6.76,6.63,6.32,6.67,7.16,7.22,7.06,7.24,7.09,6.95,6.41,6.69,6.77,5.96,5.68,6.45,6.71,7.01,6.92,6.96,6.51,6.97,6.19,6.86,7.11,6.88,6.78,4.83,6.84,6.34,6.69,6.87,6.8,5.7
BTRC,6.4,6.29,6.52,6.32,6.05,6.31,6.5,6.46,6.49,6.39,6.07,6.54,6.34,5.91,6.59,6,6.52,6.2,6.01,6.12,6.71,6.62,6.59,6.83,6.81,6.77,6.32,6.51,6.33,7.1,5.77,5.91,6.58,6.58,6.64,6.44,5.92,6.41,5.94,6.46,6.29,6.37,6.17,5.74,5.99,5.74,5.92,6.37,6.58,5.66
BUB1,9.22,9.47,9.02,9.16,9.01,8.94,8.28,8.67,9.25,9.1,9.35,9.05,9.15,7.6,8.7,8.1,8.43,9.08,8.96,9,7.44,7.72,8.05,7.53,7.53,7.55,8.97,9.03,9.22,8.64,7.13,8.39,9.03,9.14,9.15,8.33,8.22,8.14,8.94,9.21,9.43,8.3,8.31,7.74,8.26,8.04,8.17,9.26,9.31,7.97
BUB1B,8.91,9,8.73,8.93,8.74,8.92,8.51,8.72,8.95,8.9,9.13,8.51,8.56,6.28,8.28,8.15,8.01,8.66,8.7,8.91,6.88,7,7.09,7.15,7.38,7.13,8.76,8.81,8.84,7.27,5.69,6.85,8.7,8.83,8.89,8.31,8.32,8.2,8.79,8.94,9.02,8.33,8.27,6.86,7.96,8.06,7.89,8.9,8.93,7.84
BUB3,9.44,9.1,9.31,9.24,8.69,9.07,9.1,9.38,9.61,9.51,8.96,9.19,9.39,6.51,9.58,9.64,9.65,9.47,9.45,9.52,9.11,9.16,8.95,9.42,9.34,9.48,9.22,9.42,9.01,7.17,5.2,6.92,9.68,9.72,9.8,9.54,9.18,9.43,8.37,9.04,9.05,9.03,8.92,5.7,9.36,9.06,9.28,9.11,9.02,7.5
BUB3,11.15,11.17,11.11,11.18,11.18,11.05,10.89,10.87,11.25,11.19,11.29,11.09,11.16,10.39,11.19,11.08,11.2,11.1,11.08,11.24,10.88,10.93,11.12,10.86,10.95,10.97,11.12,11.1,11.23,11.17,10.37,10.65,11.2,11.27,11.31,11.2,11.01,11.19,10.24,10.84,10.77,10.94,10.92,10.24,10.98,10.9,10.93,10.91,11.02,10.41
BUB3,11.06,10.93,10.93,10.91,10.59,10.61,10.39,10.78,11,10.99,10.69,10.92,10.88,8.88,10.87,10.8,10.83,10.9,10.88,10.92,10.64,10.6,10.45,10.57,10.6,10.72,10.89,10.91,10.68,10.32,7.86,9.03,11.09,11.12,11.13,10.85,10.67,10.92,10.36,10.68,10.62,10.38,10.3,8.74,10.66,10.52,10.68,10.76,10.73,8.19
BUD13,8.33,8.27,8.4,8.39,8.55,8.45,8.68,8.34,8.42,8.42,8.61,8.1,8.02,6.01,8.07,8.22,8.23,8.27,8.39,8.31,7.89,7.86,7.87,7.97,7.88,7.95,8.51,8.35,8.61,8.68,6.38,6.73,8.36,8.44,8.47,8.36,8.21,8.37,7.18,8.32,8.41,8.29,8.18,5.74,8.24,7.94,8.16,8.31,8.26,6.64
BUD31,11.86,11.81,11.88,11.85,11.82,11.91,11.87,11.66,12.05,11.84,11.59,11.84,11.91,10.41,11.9,12.01,12.08,12.02,12.1,11.89,11.84,11.68,11.7,11.89,11.9,12.01,11.89,11.8,11.83,11.77,8.8,10.4,12.09,12.02,11.88,11.89,12.11,12.02,11.82,11.75,11.86,11.68,11.63,10.5,11.77,11.66,11.59,11.86,11.85,10.29
BVES,7.89,7.99,7.8,7.87,8.02,7.62,7.71,7.47,7.89,7.84,8.25,7.95,7.92,7.27,8.64,8.47,8.62,7.58,7.6,7.52,8.04,8.3,8.26,8.29,8.55,8.29,7.76,7.83,7.73,7.84,6.91,7.32,8.22,8.22,8.29,8.31,8.1,8.33,7.59,8.13,8.11,8.2,8.28,8.36,8.22,8.26,8.39,7.88,7.91,8.35
BVES,5.65,5.1,5.97,5.57,5.51,5.26,3.62,5.27,5.61,5.5,5.94,5.7,5.45,6.44,6.81,6.4,6.15,5.01,5.08,4.87,5.73,5.84,5.9,6.65,6.35,6.11,5.48,5.7,5.5,4.33,6.92,4.42,6.94,6.84,7.1,6.65,6.04,6.46,3.95,6.1,6,5.72,4.88,5.41,5.5,6.16,5.54,5.67,5.67,6.98
BVES,5.93,5.74,5.67,5.72,5.03,5.14,4.78,5.61,5.79,5.34,5.53,5.89,5.66,5.96,6.52,6.5,6.64,5.33,5.77,5.47,6.13,5.91,5.66,6.4,6.69,6.45,5.38,6,5.22,5.1,4.98,4.97,7.13,6.94,6.66,6.58,6.37,6.63,4.72,6.18,5.88,5.79,5.44,5.5,6.15,5.48,5.66,6.08,5.7,6.72
BXDC1,10.13,10.12,10.14,10.07,9.85,9.99,9.98,10.09,10.06,10.12,10.02,9.96,10.05,7.76,9.89,10.09,10.12,10.32,10.26,10.26,9.83,9.65,9.53,9.78,9.64,9.88,10.16,9.99,10.17,9.76,8.2,7.23,10.02,10.01,9.94,9.83,10.11,10.05,9.76,9.96,9.96,9.7,9.67,7.37,10.15,10.13,10.1,9.97,10.09,6.84
BXDC1,9.83,9.77,9.84,9.72,9.73,9.82,10.08,9.8,9.79,9.85,9.77,9.62,9.81,8.51,9.58,9.78,9.86,9.99,9.94,10.05,9.52,9.43,9.26,9.59,9.33,9.68,9.88,9.65,9.98,9.65,8.61,9.33,9.75,9.67,9.58,9.48,9.86,9.77,9.38,9.87,9.76,9.42,9.48,7.43,10.04,10.06,9.83,9.68,9.8,7.84
BXDC1,5.74,5.25,5.45,5.23,5.77,5.3,5.36,4.84,5.51,5.64,5.72,5.38,5.67,5.71,5.42,5.33,5.43,5.38,5.47,5.19,5.29,5.17,5.35,5.21,5.19,5.17,5.32,5.21,5.57,5.99,5.25,5.49,5.05,5.09,5.02,5.41,4.75,5.33,6.56,5.01,5.05,5.37,5.34,5.23,4.83,4.93,5.38,5.25,5.24,5.72
BXDC2,11.15,11.22,11.07,11.07,10.93,10.9,10.65,10.92,11.24,11.21,11.05,10.89,10.99,10.33,10.87,10.68,10.97,11.13,11.15,11.23,10.5,10.38,10.3,10.44,10.46,10.61,11.07,11.13,11.1,11.03,10.26,10.59,10.73,10.8,10.79,10.73,10.79,10.76,10.81,11.07,11.04,10.62,10.6,10.09,11.07,10.92,10.98,11.06,11.14,9.25
BXDC2,10.85,10.84,10.71,10.7,10.34,10.42,10.36,10.6,10.93,10.87,10.46,10.67,10.71,9.77,10.52,10.44,10.59,10.76,10.79,10.96,10.24,10.19,9.82,10.13,10.22,10.31,10.7,10.93,10.65,10.5,9.78,10.2,10.47,10.52,10.5,10.37,10.28,10.42,10.1,10.64,10.52,10.29,10.16,9.23,10.65,10.43,10.57,10.78,10.72,9.8
BXDC2,8.02,7.68,7.67,7.77,7.19,7.26,7.38,7.82,8.16,8.13,7.12,7.59,7.91,6.53,7.43,7.58,7.6,7.89,7.97,8.23,7.08,7.11,6.76,7.22,7.2,7.27,7.87,8.01,7.61,5.61,7.24,5.64,7.62,7.44,7.35,7.51,7.59,7.53,7.29,7.67,7.66,6.89,7.1,5.59,7.79,7.35,7.74,7.89,7.84,4.88
BXDC2,9.15,9.11,9,9.06,8.89,8.71,8.76,9.01,9.18,9.22,8.89,8.97,8.99,8.34,8.97,8.75,9,9.19,9.12,9.38,8.5,8.68,8.43,8.63,8.66,8.55,9.17,9.2,9.2,8.56,7.36,8.83,8.78,8.81,8.81,8.85,8.58,8.82,7.99,8.97,8.9,8.52,8.54,7.74,8.98,8.79,8.97,9.03,9.01,8.15
BXDC5,5.94,5.75,5.61,6.07,5.84,5.44,6.12,5.91,5.65,5.78,5.88,5.93,6,6.26,5.79,5.81,5.53,6.12,5.98,6.1,5.74,5.68,5.66,5.62,5.5,5.68,5.89,5.87,5.87,5.43,5.71,6.32,5.51,5.7,5.54,5.63,5.59,5.88,5.65,5.67,5.91,5.9,6.15,6.38,5.87,6.03,5.8,5.62,6.12,6.52
BXDC5,11.47,11.44,11.44,11.46,11.32,11.36,11.02,11.41,11.47,11.48,11.38,11.48,11.51,10.76,11.25,11.27,11.29,11.65,11.64,11.76,11.47,11.38,11.26,11.33,11.27,11.31,11.41,11.48,11.37,10.81,9.08,10.4,11.14,11.15,11.03,11.3,11.12,11.25,11.24,11.45,11.44,11.27,11.36,10.56,11.55,11.56,11.5,11.5,11.49,10.32
BYSL,8.75,8.58,8.67,8.72,8.97,8.94,8.39,8.85,8.76,8.8,8.63,8.47,8.26,7.07,8.61,8.39,8.63,8.68,8.7,8.73,8.21,8.19,8.2,8.31,8.07,8.4,8.82,8.59,8.87,9.01,6.19,6.8,8.5,8.32,8.5,8.57,8.62,8.54,7.73,8.65,8.76,8.42,8.36,5.74,8.58,8.55,8.81,8.66,8.74,6.31
BYSL,3.4,3.75,3.46,3.42,3.52,3.88,3.68,3.66,3.58,3.47,3.7,3.62,3.67,4.08,3.52,3.49,3.38,3.61,3.49,3.27,3.76,3.69,3.57,3.45,3.67,3.26,3.78,3.46,3.75,3.82,4.05,4.83,3.64,3.57,3.31,3.64,3.97,3.27,3.68,3.93,3.72,3.68,3.68,3.45,3.55,4,3.45,3.64,3.35,4.4
BYSL,4.21,4.9,3.93,4.29,4.17,4.18,4.56,3.96,4.47,4.09,4.5,4.36,4.46,4.42,3.97,4.1,4.07,4.15,4.09,3.89,4.7,4.43,4.58,4.07,4.01,3.84,4.39,4.14,4.11,4.16,5.01,4.1,4.29,4.31,4.12,4.29,4.2,3.94,4.35,3.86,3.97,4.09,4.33,4.06,4.23,4.25,3.88,4.28,4.19,4.56
BZRAP1,6.96,6.57,7.16,7.14,7.72,7.28,8.02,7.13,6.96,6.8,6.86,7.13,6.85,7.55,6.87,7.09,6.9,7.05,6.98,7.19,6.82,6.95,6.52,7.02,6.97,7.13,7.1,7.23,7.14,7.01,7.08,8.17,6.98,7,7.13,6.94,7.09,7.15,7.32,6.97,7.15,7.32,7.29,5.99,6.94,7.45,7.05,7.2,6.78,8.19
BZRAP1,6.92,6.54,7.05,6.97,7.49,7.43,6.73,7.61,6.84,7.01,7.13,6.74,6.77,7.26,6.27,6.38,6.33,6.96,6.8,7,6.67,6.66,6.44,6.43,6.4,6.42,6.85,6.92,7.27,6.94,6.61,6.89,5.64,5.9,6.49,6.61,6.51,6.49,6.81,6.6,6.95,7.17,7.2,6.69,6.23,6.29,6.65,6.98,7.15,6.73
BZRAP1,8.5,8.12,8.74,8.64,8.62,8.92,8.78,9.01,8.37,8.6,8.86,8.44,8.31,9.16,7.73,7.6,7.69,8.33,8.47,8.5,7.76,7.82,7.94,7.82,7.95,7.68,8.62,8.47,8.8,8.09,7.16,8.61,7.02,7.28,7.58,8.03,7.71,7.98,7.18,8.26,8.18,8.57,8.25,8.32,7.44,7.13,7.53,8.48,9.01,7.98
BZRAP1,8.02,8.01,8.09,8.15,8.25,8.43,7.92,8.36,7.88,7.91,8.34,8.06,7.91,6.06,7.4,7.32,7.18,7.76,8.02,7.81,7.24,7.23,7.72,7.27,7.47,7.11,7.93,8.02,8.42,6.87,6.64,5.82,7.16,6.77,6.76,7.51,7.06,7.65,7.61,7.79,7.8,8.01,8.09,6.44,7.34,7.26,7.38,8.03,8.01,7.87
BZRPL1,4.78,4.75,4.61,4.79,4.65,4.51,4.71,4.72,4.78,4.34,4.49,4.71,4.81,5.6,4.66,4.57,4.66,4.86,4.27,4.6,4.43,4.61,4.56,4.52,4.54,4.1,4.53,4.83,4.51,4.34,5.15,4.53,4.54,4.57,4.59,4.61,4.59,4.54,4.49,4.4,4.37,4.83,4.44,4.49,4.58,4.41,4.16,4.63,4.56,4.93
BZW1,11.27,11.31,11.02,11.23,10.53,10.63,10.71,10.91,11.45,11.24,11.08,11.34,11.72,9.19,11.02,11.04,11.04,10.84,10.85,10.97,11.29,11.17,11.32,10.83,10.83,11.12,11.02,11.15,11.22,10.98,7.49,9.66,10.77,10.96,10.66,10.89,10.64,10.95,10.48,10.99,11.02,10.88,10.62,8.8,10.9,10.78,10.96,11.35,11.44,9.37
BZW1,12.4,12.44,12.24,12.34,12.23,12.25,12.19,12.23,12.43,12.26,12.36,12.31,12.49,11.89,12.21,12.19,12.27,12.15,12.24,12.29,12.32,12.29,12.48,12.09,12.17,12.34,12.27,12.18,12.37,12.07,10.65,11.83,12.14,12.2,12.21,12.04,12.21,12.18,12.19,12.25,12.32,12.05,12.13,11.85,12.31,12.22,12.2,12.37,12.5,12.04
BZW1 /// BZW1L1,11.75,11.41,11.51,11.57,10.7,10.84,11.25,11.39,11.62,11.68,10.93,11.67,11.79,9.52,11.49,11.51,11.53,11.31,11.36,11.32,11.55,11.43,11.07,11.42,11.34,11.55,11.48,11.48,10.99,10.26,7.28,7.48,11.52,11.43,11.34,11.26,10.96,11.46,10.97,11.27,11.29,10.65,10.62,8.13,11.31,11.13,11.41,11.56,11.45,10.37
BZW2,10.64,10.64,10.68,10.56,10.6,10.6,10.64,10.49,10.57,10.66,10.53,10.58,10.77,9.88,10.25,10.3,10.45,10.44,10.37,10.49,10.7,10.51,10.49,10.09,10.13,10.4,10.58,10.49,10.82,10.94,10.52,9.03,10.63,10.73,10.58,10.1,10.49,10.39,10.4,10.6,10.46,10.36,10.46,10.04,10.5,10.62,10.51,10.54,10.55,9.94
BZW2,10.36,9.93,10.24,10.31,9.76,9.91,9.91,10.44,10.29,10.49,9.79,10.46,10.23,8.13,10.23,10.08,10.02,10.24,10.21,10.24,10.12,10.17,9.68,10.24,10.3,10.13,10.22,10.41,9.78,7.63,6.16,7.35,10.38,10.33,10.38,10.17,9.89,10.14,9.49,10.17,10.04,9.81,9.52,5.68,10.07,9.92,10.22,10.2,10.1,9.28
BZW2,10.19,9.8,10.02,9.97,9.51,9.74,10.14,10.09,10.07,10.15,9.66,10.11,10.12,7.66,9.79,9.7,9.73,9.95,10.01,9.87,9.95,9.92,9.53,9.77,9.85,9.84,10.02,10.09,9.86,7.88,7.93,8.56,10.06,10.1,9.97,9.79,9.46,9.8,8.9,10.04,9.71,9.55,9.26,6.4,9.85,9.8,9.94,9.95,9.9,8.37
BZW2,11.22,11.31,11.32,11.26,11.4,11.27,11.22,11.29,11.22,11.33,11.45,11.25,11.32,11.39,11.01,11.1,11.15,11.23,11.21,11.15,11.26,11.26,11.34,11.01,11.12,11.17,11.32,11.34,11.46,11.23,10.1,11.16,11.36,11.23,11.33,11.05,11.17,11.03,11.4,11.25,11.25,11.14,11.25,10.79,11.23,11.22,11.16,11.25,11.35,10.79
BZW2,9.11,8.78,8.93,8.97,8.56,8.87,8.91,8.97,9.19,9.12,8.83,9.02,9.2,6.54,8.69,8.57,8.7,8.8,8.89,8.95,8.96,8.9,8.76,8.8,8.6,8.83,9.03,9.05,8.76,7.62,3.9,5.98,9.06,9.01,8.84,8.65,8.38,8.77,8.47,8.87,8.77,8.48,8.41,6.19,8.8,8.71,8.81,8.96,8.97,7.62
BZW2,8.91,8.81,8.86,8.87,8.5,8.79,8.65,8.89,9.05,9.05,8.74,8.91,9.03,5.62,8.55,8.44,8.7,8.68,8.74,8.74,8.93,8.78,8.73,8.59,8.5,8.72,8.91,8.87,8.62,6.89,6.72,5.83,8.83,8.82,8.72,8.54,8.5,8.69,8.18,8.86,8.86,8.52,8.35,7.07,8.76,8.82,8.8,8.77,9.04,5.59
C10orf10,8.79,8.56,8.86,8.76,8.81,8.83,8.84,8.9,8.78,8.64,8.58,8.98,8.9,8.12,10.25,10.16,10.06,8.82,8.82,8.69,10.15,10.05,10.02,10.2,10.2,10.23,8.76,8.56,8.7,8.02,7.06,7.28,10.5,10.61,10.59,10.42,10.45,10.53,8,8.58,8.58,9.31,9.53,8.65,9.13,9.08,8.97,8.79,8.92,8.4
C10orf10,8.13,7.41,8.11,8.07,7.44,7.82,7.17,7.93,8.03,8.22,7.34,8.38,7.84,5.71,9.41,9.46,9.28,8.18,8.09,8.16,9.38,9.26,8.98,9.66,9.44,9.6,7.83,8.14,7.45,5.86,4.55,4.93,9.92,10.05,9.95,9.72,9.49,9.95,7.29,7.75,7.8,8.26,8.15,6.85,8.11,8.2,8,8.13,7.63,6.23
C10orf10,8.02,7.33,7.93,7.93,7.54,7.59,5.69,7.97,7.96,7.91,7.24,8.29,8.08,4.62,9.51,9.33,9.35,8.02,7.93,8.18,9.42,9.25,8.88,9.43,9.54,9.61,7.9,8.07,7.48,4.65,5.31,5.89,9.86,10.08,10.14,9.73,9.5,9.99,7.6,7.58,7.57,8.15,8.02,4.86,8.42,7.98,8.22,8.18,7.7,5.03
C10orf10,8.85,8.72,9,8.89,8.17,8.07,8.55,8.91,8.83,8.89,8.57,9.24,9.11,6.89,10.34,10.32,10.23,8.8,8.91,9.02,10.2,10.32,9.94,10.29,10.36,10.36,8.77,8.91,8.42,7.35,6.49,5.51,10.66,10.72,10.76,10.55,10.29,10.81,8.47,8.61,8.5,9.17,9.09,6.81,8.91,9.02,9.07,8.82,8.74,6.79
C10orf104,8.58,8.76,8.47,8.55,8.04,8.45,8.27,8.35,8.64,8.58,8.79,8.61,8.73,8.94,8.76,8.57,8.81,8.73,8.76,8.86,8.76,8.62,8.86,8.75,8.85,8.76,8.45,8.49,8.64,8.36,5.9,7.99,7.89,8.25,8.09,8.72,8.68,8.67,8.32,8.58,8.56,9.02,8.92,9.14,8.44,8.47,8.53,8.68,8.67,8.24
C10orf104,10.55,10.56,10.58,10.6,10.55,10.54,10.42,10.67,10.59,10.62,10.37,10.67,10.75,9.6,10.63,10.73,10.72,10.77,10.79,10.71,10.78,10.7,10.63,10.65,10.69,10.7,10.59,10.6,10.5,10.14,9.01,9.35,10.47,10.52,10.33,10.7,10.74,10.84,10.34,10.67,10.69,10.68,10.67,9.57,10.64,10.52,10.57,10.69,10.64,9.18
C10orf107,3.92,3.93,3.57,3.86,3.95,4.11,3.82,3.63,3.82,3.93,3.7,4.09,4.05,3.67,3.87,3.75,3.69,3.89,3.7,3.81,4.06,4.12,3.95,3.81,3.95,3.87,3.8,3.72,3.84,5.24,5.03,4.52,3.69,3.66,3.86,3.74,3.9,3.61,4.99,3.86,3.94,3.62,3.93,4.92,3.87,4.02,4.28,3.93,3.61,4.32
C10orf108,3.31,3.29,3.61,3.65,3.13,3.44,3.22,3.3,3.34,3.37,3.52,3.33,3.34,3.68,3.15,3.7,3.14,3.27,3.37,3.42,3.29,3.44,3.5,3.23,3.32,3.29,3.56,3.35,3.51,4.26,3.79,3.6,3.34,3.28,3.27,3.38,3.21,3.31,3.42,3.12,3.22,3.49,3.2,3.7,3.45,3.27,3.24,3.22,3.29,3.8
C10orf11,3.88,3.82,4.14,4.06,4.06,4.28,4.34,3.99,4.05,4.23,4.23,3.97,4.04,5.32,3.81,3.72,3.87,3.81,3.79,4.07,3.92,4.3,3.87,3.82,3.9,3.91,4.25,3.87,4.15,4.45,4.24,4.62,4.06,3.99,4.07,4.01,4.54,4.48,4.81,3.77,4.09,4.03,3.86,4.98,4.3,3.86,4.36,3.93,4.15,4.51
C10orf110,5.92,5.69,5.8,6.12,6.24,6.07,6.53,5.58,5.82,5.78,6.21,5.93,5.97,7.7,5.92,5.39,5.94,6.03,5.74,5.71,5.79,5.91,5.65,5.84,5.96,5.52,5.79,6.23,5.97,6.06,7.74,7.43,5.58,5.83,5.79,5.52,5.23,5.62,5.85,6.28,6.11,5.66,6.28,7.29,5.9,5.5,5.93,6.04,5.79,8.12
C10orf111,4.1,4.15,4.37,4.29,3.85,4.63,3.86,4.06,4.35,4.4,4.21,4.4,4.11,4.36,4.3,4.16,3.98,4.23,4.4,4.03,4.06,4.03,4.22,4.17,4.44,3.88,4.18,4.06,4.04,5.34,5.58,4.45,4.12,3.93,4.19,4.24,3.91,3.76,4.31,4.88,4.39,4.12,4.11,4.52,3.88,4.04,4.11,4.48,4.69,4.95
C10orf111,4.93,4.73,4.79,5.16,4.88,5.17,4.59,4.8,4.98,4.74,4.58,4.81,4.88,4.47,4.35,4.71,4.61,4.96,4.66,4.58,4.6,4.89,4.84,4.82,4.55,4.73,4.89,4.88,4.96,5.51,5.01,4.12,4.73,4.8,4.56,4.6,4.99,4.65,5.71,4.59,4.77,4.85,5.07,4.28,4.8,4.43,4.54,4.87,4.78,4.16
C10orf112,4.61,4.63,4.55,4.5,4.92,4.61,5.52,4.16,4.57,4.49,5.04,4.79,4.45,4.8,4.29,4.37,4.25,4.66,4.49,4.41,4.19,4.79,4.64,4.39,4.49,4.28,4.58,4.82,4.72,4.91,6.32,5.35,4.53,4.3,4.67,4.42,4.35,4.07,5.05,4.39,4.29,4.4,4.56,4.76,4.75,4.46,4.73,4.76,4.49,5.72
C10orf113,3.66,3.56,3.48,3.49,3.69,3.45,4.11,3.6,3.44,3.61,3.63,3.59,3.66,3.68,3.39,3.57,3.35,3.53,3.47,3.59,3.35,3.55,3.78,3.48,3.44,3.47,3.37,3.54,3.4,3.72,3.71,4.19,3.61,3.8,3.47,3.4,3.54,3.42,4.22,3.42,3.43,3.58,3.85,4.01,3.42,3.89,3.44,3.49,3.7,4
C10orf114,4.37,4.29,4.48,4.53,4.78,4.63,5.5,4.39,4.3,4.38,4.77,4.42,4.27,5.38,4.56,4.67,4.22,4.51,4.34,4.46,4.54,4.44,4.52,4.35,4.3,4.52,4.66,4.47,4.61,5.97,6.77,4.92,4.58,4.35,4.61,4.53,4.52,4.28,4.52,4.49,4.8,4.71,4.41,6.25,4.5,4.39,4.71,4.77,4.24,5.22
C10orf114,3.99,3.85,3.67,3.75,3.9,4.12,4.62,4.45,3.59,3.83,3.88,3.98,3.85,4.36,3.69,3.9,3.82,3.98,3.9,3.87,3.93,4.03,3.57,3.86,4.02,3.82,3.84,4,3.82,4.39,5.06,5.61,3.89,3.68,3.81,4.12,4.08,3.87,5.05,4,4.18,3.96,3.98,4.37,3.7,4.18,3.95,3.77,3.84,4.88
C10orf116,4.32,4.68,4.49,4.44,5.16,4.78,4.79,4.66,4.37,4.57,4.78,4.84,4.65,5.18,4.51,4.69,4.67,4.7,4.33,4.66,4.52,4.53,4.64,4.45,4.52,4.67,4.61,4.79,5.1,4.61,7.67,5.62,4.78,4.6,4.81,4.52,4.85,4.34,5.46,4.38,4.68,4.72,4.66,5.04,4.65,5.14,4.78,4.8,4.46,6.42
C10orf116,5.28,5.47,5.28,5.24,5.3,4.76,5.59,5.49,5.32,5.17,4.99,5.28,4.89,6.61,5.39,5.35,5.24,5.43,5.32,5.16,5.33,5.04,5.22,5.07,5.16,5.17,5.47,5.44,5.66,5.24,7.36,6.81,5.29,5.18,5.17,5.18,5.32,4.88,5.21,5.32,5.57,4.62,5.46,4.9,4.93,5,5.37,5.3,5.33,5.43
C10orf118,4.64,5.02,4.8,4.72,4.47,4.85,5.31,4.66,5.14,4.85,4.81,4.63,4.67,5.01,4.97,4.81,4.98,4.64,4.88,4.97,4.86,5.12,4.94,5.33,5.07,5.23,4.98,4.79,4.66,4.95,5.43,5.49,5.13,4.85,5.27,5.42,4.9,4.72,5.66,4.61,4.98,4.94,4.64,5.37,4.75,4.81,4.84,4.5,4.84,4.82
C10orf118,7.4,7.07,7.23,7.06,6.81,7.26,7.12,7.11,7.41,7.31,6.93,7.38,7.25,8.39,7.4,7.35,7.42,7.1,7.3,7.5,7.21,7.37,7.35,7.61,7.65,7.39,7.19,7.56,6.89,6.88,8.26,8.64,6.99,7.49,7.45,7.31,6.76,7.46,6.66,7.12,6.89,6.9,6.66,7.74,7.38,6.8,7.23,7.29,6.98,8.51
C10orf118,5.48,5.28,5.19,4.96,5.23,5.68,5.73,4.65,5.33,5.1,5.18,5.16,5.26,4.63,5.55,5.47,5.2,5.1,5.36,5.4,5.46,5.42,5.44,5.52,5.4,5.68,5.12,5.01,5.66,5.38,6.11,4.64,5.91,5.19,5.38,5.58,4.94,4.96,5.83,4.99,5.18,4.86,5.1,4.47,5.81,5.29,5.49,4.73,4.97,5.18
C10orf118,7.91,7.95,7.77,7.8,7.55,7.54,7.91,7.57,8.04,7.93,7.91,7.9,8.01,6.89,8.02,8.21,8.21,7.67,7.79,7.85,8.2,8.28,8.21,8.08,8.16,8.25,7.82,7.98,7.73,7.24,4.77,5.67,7.99,7.95,7.99,8.12,7.67,7.74,7.1,7.55,7.79,7.45,7.87,7.38,7.71,7.57,7.64,7.95,7.63,7.53
C10orf118,8.03,8.5,7.81,7.89,7.9,7.7,7.11,7.64,8.21,7.98,8.33,8.11,8.18,8.12,8.09,8.18,8.36,7.74,7.94,8.13,8.01,8.28,8.74,8.24,8.24,8.14,8.12,7.97,8.09,7.9,5.18,7.7,7.72,7.81,7.72,8.09,7.94,7.69,7,7.33,7.68,7.87,7.98,8.15,7.65,7.88,7.73,8.05,7.99,8.22
C10orf119,9.21,9.14,8.94,9.03,8.69,8.91,8.63,8.55,9.26,9.09,9.03,8.81,9.01,7.65,8.82,8.63,8.78,9.1,9.14,9.2,8.47,8.52,8.65,8.51,8.58,8.5,8.93,9.04,9.01,8.92,7.01,8.33,8.91,8.99,8.98,8.82,8.64,8.73,8.21,8.86,8.9,8.8,8.78,7.42,8.82,8.79,8.85,8.72,9.17,7.2
C10orf119,10.12,10.39,10.07,10.09,10.12,10.18,9.81,9.89,10.25,10.07,10.42,10.03,10.08,9.84,9.87,9.73,9.9,10.39,10.52,10.33,9.49,9.68,9.95,9.58,9.62,9.49,10.04,10.06,10.41,9.88,7.93,8.9,9.92,9.81,9.87,9.93,9.88,9.83,9.9,9.7,9.87,10.02,10.12,9.98,9.99,10.06,9.95,9.89,9.93,8.56
C10orf119,10.07,10.4,10.14,10.05,10.11,10,9.56,9.85,10.13,10.15,10.4,10,9.85,8.96,9.91,9.78,9.88,10.46,10.42,10.53,9.46,9.6,9.93,9.62,9.58,9.63,10.06,10.07,10.19,9.14,7.17,8.86,9.91,10,9.88,9.93,9.81,9.8,9.62,9.77,9.91,9.9,10.02,8.61,10.11,9.96,10.06,9.87,9.84,8.42
C10orf12,6.06,5.62,5.82,5.77,5.59,5.71,5.72,5.74,5.6,5.63,5.38,5.48,5.45,6.13,5.64,5.43,5.72,5.34,5.79,5.36,5.82,5.95,6.02,5.96,6.08,6,5.72,5.86,5.65,5.21,5.4,5.64,5.86,5.88,5.75,5.7,5.67,5.59,6.08,5.95,5.8,5.84,5.2,6.63,5.85,6.26,6.09,5.82,5.81,5.29
C10orf120,3.73,3.91,3.71,3.66,3.69,3.76,4.24,3.54,3.75,3.77,4.12,3.72,4,5.18,3.89,3.56,4,3.94,3.78,3.9,3.84,3.83,3.58,3.55,3.74,3.86,3.71,3.66,3.98,3.42,3.95,3.87,3.97,3.85,3.89,3.89,4.01,3.63,3.56,3.83,4.19,3.74,4.02,4.21,4.04,3.95,4.08,3.45,3.87,5.65
C10orf122,3.94,3.99,3.56,3.74,3.56,3.77,4.01,3.66,3.64,3.65,3.8,3.88,3.85,4.19,3.65,3.94,3.66,3.53,3.49,3.55,3.97,3.82,3.86,3.52,3.43,3.29,3.72,4.18,4.31,3.55,4.18,3.78,3.84,3.67,4.19,3.63,3.72,3.48,3.71,3.36,3.54,3.67,3.56,3.84,3.62,3.79,3.46,3.58,3.92,4.19
C10orf122,4.58,4.46,5.22,4.9,4.79,5,5.23,5.11,4.88,4.82,4.82,4.54,4.83,7.86,4.84,4.7,4.71,4.77,4.88,4.69,4.97,5.24,4.91,4.92,4.88,4.56,4.72,4.8,4.97,4.65,7.52,5.56,4.96,4.58,4.91,4.57,5.26,4.86,4.8,4.89,5.19,5.06,4.9,6.37,5.13,4.92,4.83,4.87,4.92,6.7
C10orf122,4,3.74,3.78,4.15,4.22,3.88,4.38,3.82,3.92,4.1,4.32,4.08,4.06,4.48,4.04,3.92,3.93,4.06,4.21,3.59,3.91,4.08,3.89,3.94,3.76,4.18,4.06,3.93,4.15,4.11,3.86,4.79,3.69,3.96,3.87,3.82,4,3.78,5.26,3.98,3.94,4.09,4.43,4.8,4.04,4.11,4.37,4.09,3.78,5.69
C10orf125,6.01,5.72,6.41,5.79,6.66,5.98,5.86,5.87,6.05,6.13,5.81,5.89,5.73,4.61,5.9,5.68,5.82,6.1,5.89,5.7,5.95,5.78,6.05,5.79,5.81,5.87,6.04,6.35,5.89,4.25,5.82,4.86,5.82,5.89,5.7,6.04,6.05,6.36,6.03,5.92,6.38,6.49,6.08,4.47,6.19,5.84,6.34,6.14,5.9,5
C10orf125,6.67,6.77,6.82,6.63,6.67,6.5,6.15,6.64,6.6,6.72,6.72,6.68,6.79,5.87,6.48,6.56,6.39,6.68,6.78,6.58,6.65,6.66,6.8,6.61,6.24,6.08,6.61,6.72,6.95,6.41,4.73,5.59,6.34,6.49,6.24,6.28,6.74,6.67,5.63,6.49,6.48,6.9,6.73,5.33,6.98,6.78,6.5,6.3,6.48,6.16
C10orf125,6.27,6.26,6.72,6.35,6.88,6.52,6.31,6.64,6.48,6.53,6.77,6.14,6.01,5.77,6.28,6.39,6.4,6.36,6.5,6.35,6.37,6.38,6.51,6.51,6.46,6.28,6.78,6.59,6.73,5.38,3.97,5.17,6.06,6.3,6.14,6.46,6.86,6.65,6.26,6.78,6.64,6.94,6.49,5.93,7.03,6.74,6.89,6.45,6.38,4.82
C10orf128,4.25,4.75,4.49,4.41,4.53,4.16,4.14,4.4,4.49,4.62,4.71,4.43,4.52,5.06,4.47,4.31,4.67,4.26,4.33,4.43,4.65,4.93,4.59,4.37,4.36,4.23,4.35,4.43,4.61,4.68,4.87,4.69,4.32,4.37,4.58,4.33,4.33,4.11,4.12,4.35,4.42,4.6,4.72,5.19,4.4,4.4,4.46,4.44,4.55,5.04
C10orf128,4.37,4.43,4.16,4.53,4.27,3.95,4.85,4.35,4.6,4.46,4.65,4.92,4.41,4.52,4.53,3.99,4.52,4.3,4.18,4.31,4.51,4.51,4.29,4.28,4.56,4.45,4.41,4.53,4.51,4.62,4.6,4.48,4.2,4.43,4.56,4.52,3.95,4.42,3.76,4.3,4.2,4.51,4.35,4.09,4.02,4.63,4.27,4.25,4.17,5.68
C10orf129,4.16,4.27,3.88,4.06,4.63,3.8,3.88,4.33,4,4.53,4.09,4.49,4.23,4.5,4.1,4.37,4.23,4.09,4.09,4.04,4.14,4.26,4.27,4.16,4.3,4.38,4.16,4.28,4.29,4.54,4.24,4.21,4.29,4.12,4.27,3.96,3.9,3.89,4.35,4.07,4.08,4.21,4.1,5.44,4.39,4.9,4.24,4.16,4.39,4.33
C10orf129,3.92,3.9,3.83,4.27,3.71,3.92,4.1,3.75,3.77,4.11,4.27,4.03,3.87,4.36,3.96,3.79,3.96,4.09,4.04,4.05,4,4.32,3.9,3.9,4.02,4.08,3.99,4.08,3.96,3.75,4.32,4.36,3.99,3.95,3.77,3.59,3.93,4.31,3.49,3.9,3.58,4.24,3.83,6,3.84,4.02,4.19,4.18,4.05,4.13
C10orf131,3.58,3.69,3.64,3.81,3.6,3.91,4.01,3.61,3.65,3.59,3.97,3.43,3.57,4.12,3.53,3.71,3.48,3.74,3.56,3.89,3.54,3.73,3.52,3.43,3.91,3.57,3.7,3.82,3.77,3.68,4.23,4.17,3.62,3.76,3.57,3.44,3.78,3.63,3.88,3.56,3.56,3.78,3.68,4.26,3.82,4.14,3.66,3.66,3.82,4.31
C10orf137,8.88,9.15,8.67,8.81,8.52,8.68,8.45,8.82,8.92,8.92,9.17,8.93,8.92,8.46,8.67,8.43,8.74,8.4,8.56,8.64,8.66,8.75,8.9,8.5,8.7,8.59,8.82,8.89,8.86,8.52,6.33,8.42,8.8,8.98,8.84,8.66,8.55,8.68,8.64,8.55,8.62,8.59,8.7,7.86,8.52,8.47,8.66,8.76,8.91,8.21
C10orf137,8.37,8.31,8.36,8.37,7.94,7.94,7.39,8.27,8.31,8.38,8.15,8.2,8.21,5.65,8.22,8.24,8.11,7.94,7.96,8.22,8.23,8.24,8.07,8,8.17,7.96,8.28,8.37,8.03,6.77,6.39,5.65,8.3,8.45,8.45,8.16,8.14,8.31,7.38,8.24,8.17,7.98,8,6.77,7.94,7.69,8.28,8.18,8.2,6.32
C10orf140,4.67,4.56,4.58,4.81,4.23,4.44,5.57,4.62,4.57,4.65,4.89,4.43,4.42,5.09,4.38,4.87,4.3,4.65,4.6,4.69,4.76,4.6,4.37,4.79,4.2,4.46,4.61,4.46,4.69,4.32,3.9,5.17,4.39,4.44,4.4,4.24,4.27,4.21,4.72,4.57,4.39,4.54,4.4,4.69,4.78,4.5,4.6,4.54,4.55,4.8
C10orf140,3.59,3.62,3.3,3.47,3.5,3.55,3.91,3.57,3.56,3.57,3.75,3.61,3.58,4.11,3.34,3.47,3.5,3.52,3.74,3.56,3.54,3.55,3.56,3.42,3.35,3.48,3.56,3.55,3.81,3.74,5.59,3.8,3.6,3.65,3.63,3.43,3.9,3.39,3.91,3.38,3.4,3.77,3.86,3.63,3.59,3.53,3.65,3.43,3.58,4.23
C10orf140,4.31,4.23,4,4.27,4.2,4.59,4.16,4.52,4.2,4.42,4.19,4.1,4.2,4.52,4.06,4.21,4.02,4.27,4.28,4.2,4.19,4.42,4.2,3.98,4.26,4.26,4.01,4.36,4.44,5.44,6.06,5.08,4.1,4.25,4.1,4.14,3.9,4.08,4.46,4.09,4.28,4.28,3.92,5.13,4.02,4.21,4.31,4.05,4.2,5.96
C10orf140,3.79,3.78,3.7,3.79,4.04,3.56,4.28,3.62,3.47,3.81,3.77,3.95,3.85,4,3.72,4.17,3.73,3.81,3.57,3.5,3.6,3.66,3.65,3.68,3.75,3.74,3.75,3.51,4.08,4.36,5.98,4.24,3.73,3.62,3.76,3.89,3.48,3.62,3.85,3.73,3.74,3.96,4.28,4.6,3.86,4.67,3.99,3.48,3.63,4.59
C10orf141,5.64,5.36,5.8,5.93,6.1,5.63,6.39,6.33,5.51,5.83,5.55,5.65,5.4,4.71,5.71,5.23,5.97,5.71,5.12,5.49,5.81,6.2,5.79,6.43,6.26,6.1,5.45,5.8,5.66,5.22,5.71,4.73,6.07,6.04,5.89,6.38,5.62,6.02,5.84,5.66,5.59,5.47,6.02,4.53,5.19,5.05,5.15,5.65,5.95,5.34
C10orf141,7.56,7.66,7.7,7.44,7.45,7.2,5.98,7.6,7.6,7.84,7.74,7.61,7.29,8.27,7.78,7.21,7.73,7.58,7.79,7.86,8,7.75,7.55,7.65,7.73,7.54,7.74,7.84,7.4,5.53,7.62,8.98,6.6,6.81,6.96,7.33,6.69,7.65,5.58,7.78,7.41,7.49,7.73,9.29,6.8,6.31,7.48,7.34,7.56,8.79
C10orf141,8.2,8.58,8.06,8.02,7.93,7.97,8.02,8.02,8.05,8.07,8.46,7.95,8.17,8.28,8.17,7.66,7.95,8.35,8.32,8.19,8.25,8.25,8.66,7.95,7.87,7.82,8.3,8.06,8.38,6.43,6.59,7.55,7.2,6.99,6.92,7.96,7.72,7.62,7.47,8.12,8.29,8.15,8.23,8.06,6.86,6.84,7.39,7.93,8.2,7.93
C10orf18,6.43,6.82,6.09,6.35,6.11,6.08,6.14,5.97,6.41,6.26,6.73,6.29,6.46,6.15,6.55,6.08,6.47,5.97,6.1,6.23,6.37,6.14,6.73,6.21,6.14,6.19,6.3,6.27,6.7,6.2,6.33,6.18,6.31,6.29,6.3,6.21,6.2,6.18,5.83,5.97,6.27,6.24,6.3,6.1,5.88,6.08,6.06,6.46,6.8,5.77
C10orf18,4.88,4.74,4.95,4.89,5.21,5.66,4.28,4.58,4.87,4.86,5.14,4.53,4.6,7.28,5.55,5.15,5.03,5.28,4.86,5.49,4.65,4.98,4.84,5.37,4.72,4.64,5.23,5.05,4.79,5.12,7.94,5.39,4.82,4.97,4.88,5.11,4.66,5.09,4.92,5.42,4.5,4.64,4.9,7.33,5.05,5.14,5.2,4.75,4.82,7.79
C10orf18,9.01,9.45,8.72,8.89,8.79,8.7,8.18,8.66,9.17,9.05,9.22,8.87,8.94,9.32,9.13,9.02,9.16,8.64,8.71,9.08,8.83,8.88,9.05,8.99,8.96,8.92,8.79,9.01,8.98,8.09,7.87,7.65,8.88,9.12,8.85,8.92,8.87,8.99,8.77,8.81,8.88,8.98,8.96,9.55,8.85,9.02,8.87,9.04,9.07,9.13
C10orf2,6.75,6.64,6.93,6.91,6.47,6.25,6.23,7.01,6.79,6.95,6.61,6.69,6.65,5.55,6.56,6.58,6.6,6.83,6.88,6.85,6.21,6.4,5.87,6.32,6.48,6.26,6.82,6.96,6.79,5.54,4.27,4.71,6.67,6.72,6.41,6.64,6.53,6.65,5.26,6.85,6.55,6.85,6.53,4.88,6.74,6.38,6.71,6.78,7.25,6.13
C10orf2,8.05,7.83,7.98,8.02,8.62,8.39,8.47,8.49,7.89,7.9,8.14,7.69,7.42,5.38,7.73,7.68,7.76,8.19,8.21,8.13,7.51,7.21,7.31,7.61,7.29,7.59,8.02,7.95,8.36,9.06,4.88,7.22,7.66,7.56,7.42,7.71,7.9,7.77,8.42,8.24,8.2,8.1,8.29,6.54,7.97,8.16,8.08,7.87,8.37,6.41
C10orf25,4.4,4.18,4.28,4.31,4.13,4.4,4.61,4,4.25,4.25,4.19,4.5,4.27,5.28,4.23,4.29,4.22,4.21,4.23,4.2,4.64,4.55,4.49,4.04,4.32,4.11,4.21,4.32,4.38,4.27,4.17,4.75,4.05,4.2,4.39,4.25,4.54,4.17,4.29,4.24,4.02,4.22,4.42,5.47,4.25,4.34,4.26,4.32,4.32,5.03
C10orf25,3.95,3.76,3.72,3.69,3.77,3.73,3.86,3.54,3.78,3.62,3.72,3.78,3.62,4.65,3.49,3.63,3.51,3.75,3.63,3.41,4.05,3.83,3.66,3.6,3.54,3.6,3.55,3.61,3.84,3.75,3.78,4.95,3.77,3.75,3.68,3.46,4.24,3.56,4.08,3.64,3.77,3.5,3.57,4.74,3.93,3.75,3.52,3.42,3.86,4.08
C10orf25,4.41,4.3,4.5,4.51,4.94,4.51,4.38,4.23,4.49,4.53,4.47,4.31,4.41,6.21,4.57,4.29,4.67,4.39,4.45,4.21,4.27,4.41,4.61,4.54,4.35,4.31,4.78,4.64,4.46,4.59,4.8,4.24,4.23,4.48,4.23,4.31,4.3,4.03,4.68,4.2,4.58,4.27,4.61,6.18,4.44,4.15,4.96,4.32,4.38,5.81
C10orf26,4.89,4.14,4.79,4.36,4.9,4.49,4.92,4.57,4.3,4.4,4.51,4.9,4.58,4.58,4.75,4.79,4.81,5.11,4.74,4.48,4.97,4.55,4.47,4.66,5.13,4.69,4.78,4.65,4.29,5.49,4.58,4.96,4.57,4.88,4.92,4.82,4.3,4.51,5.09,5.06,4.97,4.41,4.43,4.25,4.36,4.54,4.57,5.02,4.25,5.56
C10orf26,4.69,4.31,4.2,4.41,4.36,4.39,4.72,4.23,4.35,4.65,4.32,4.7,4.33,5.22,4.29,4.47,4.38,4.55,4.26,4.22,4.46,4.37,4.44,4.54,4.67,4.71,4.54,4.51,4.56,5.05,5.97,5.31,4.52,4.4,4.36,4.38,5.06,4.54,5.36,4.25,4.24,4.59,4.61,5.9,4.43,4.55,4.46,4.23,4.36,5.72
C10orf26,9.06,9.12,9.28,9.21,9.43,9.32,8.62,9.21,9.01,9.19,9.43,9.26,9.15,9.58,9.54,9.42,9.47,9.34,9.3,9.19,9.6,9.57,9.62,9.58,9.58,9.52,9.15,9.15,9.31,8.07,8.84,9.25,9.22,9.29,9.27,9.44,9.39,9.45,9.21,9.3,9.35,9.53,9.68,9.59,9.42,9.41,9.24,9.24,9.26,9.93
C10orf27,5.51,5.33,5.66,5.64,5.63,5.74,6.08,6.38,5.57,5.43,5.36,5.69,5.34,6.1,5.38,5.65,5.72,5.84,5.42,5.83,5.86,5.75,5.36,5.65,5.37,5.48,5.71,5.66,5.57,5.53,6.45,5.94,5.67,5.76,5.78,5.52,5.71,5.62,5.54,6.01,5.61,5.73,5.77,5.95,5.92,5.76,6.19,5.62,5.72,7.62
C10orf27,3.94,4.2,4.02,4.25,4.28,3.9,4.51,3.72,3.98,4.14,4.2,4.03,4.01,5.47,3.87,3.95,4.25,4.41,4.07,4.08,4.48,3.92,3.94,4.09,4.19,4.34,4.03,3.86,4.05,4.52,6.82,5.07,4.1,4.19,3.9,3.91,4.2,4.12,4.95,4.25,3.92,4,4.3,4.7,3.95,4.37,4.2,4.6,3.89,5.36
C10orf27,4.09,4.1,4.31,4.33,4.83,4.51,4.45,4.33,4.16,4.22,4.21,4.24,3.94,5.7,4.22,4.66,4.27,4.75,4.16,4.36,4.07,4.26,4.19,4.45,4.57,4.08,4.42,4.16,4.57,3.94,7.62,8,4.12,4.19,4.19,4.38,3.9,4.77,5.82,4.27,4.4,4.46,5,5.65,4.34,4.23,4.77,4.56,4.34,5.9
C10orf27,4.73,4.41,4.94,5.04,5.5,4.74,3.98,5.56,5.1,5.26,5.07,4.74,4.82,6.92,4.87,5.11,4.96,4.75,5.08,4.77,5.13,4.63,4.99,4.81,4.63,5.56,4.8,4.98,5.09,3.97,6.76,7,5.36,4.67,4.64,4.51,4.64,4.81,5.2,4.5,4.95,5.24,5,6.9,4.8,4.67,4.81,5.03,4.85,5.24
C10orf27,4.24,4.12,4.34,4.34,3.94,4.44,5.3,4.6,4.26,3.96,4.16,4.01,4.01,4.69,4.02,3.94,4.1,4.1,4.1,3.95,4.56,4.39,4.13,4,4.23,4.11,4.17,4.22,4.31,4.61,4.54,5.25,4.74,4.34,4.29,4.24,4.04,4.42,4.18,4.23,4.29,4.66,3.97,3.81,4.03,4.04,3.86,4.73,4.18,5.41
C10orf28,6.09,5.69,6.05,6.05,5.37,5.05,6.01,5.84,5.95,6.19,5.62,5.99,5.87,5.48,6.08,6.02,6.26,6.15,6.21,6.43,5.67,5.99,5.51,6.13,5.87,5.8,5.83,5.76,5.3,4.62,5.56,5.4,6.39,6.06,6.25,6.08,5.91,6.49,5.45,5.52,5.79,5.52,5.27,6.46,5.93,5.61,5.65,6.06,5.78,5.27
C10orf28,7.92,7.73,7.91,7.9,8.09,7.72,7.61,8.15,7.81,7.92,7.73,7.85,7.84,6.81,7.8,7.83,7.89,8,7.91,7.94,7.88,7.79,7.7,7.83,7.85,7.92,7.88,7.91,7.85,7.57,3.88,5.09,7.98,8.1,7.93,7.84,7.86,8.02,6.72,7.97,8.12,7.85,7.87,5.72,8.25,7.82,7.94,7.79,8.03,6.35
C10orf28,8.19,7.99,8.36,8.11,7.77,7.79,7.44,8.21,8.09,8.32,7.77,8.02,7.96,6.7,8.13,8.11,8.11,8.09,8.06,8.06,7.93,8.17,7.88,7.93,8.27,8.19,8.04,8.18,7.73,6.59,6.78,6.6,8.23,8.27,8.07,8.18,7.96,8.08,7.45,8.26,8.14,8.16,7.93,6.49,8.19,7.91,8.36,8.05,7.99,5.48
C10orf32,8.74,8.86,8.72,8.75,8.73,8.86,8.94,9.01,8.68,8.72,8.81,8.79,8.96,7.96,8.76,9.02,8.89,8.61,8.87,8.68,8.97,9,9.07,8.89,9.04,8.96,8.51,8.85,8.97,8.45,7.81,7.85,8.82,8.86,8.92,8.92,9.12,9.04,8.19,9.03,8.86,8.76,8.59,6.81,8.73,8.77,8.9,8.81,8.87,8.59
C10orf32,8.49,8.74,8.66,8.6,8.3,8.62,8.14,8.79,8.6,8.82,8.84,8.72,8.73,7.82,8.69,8.8,8.61,8.52,8.77,8.6,8.9,8.95,8.93,8.75,8.87,8.82,8.54,8.62,8.7,8.11,7.21,7.69,8.65,8.8,8.58,8.82,8.84,8.96,8.07,8.6,8.7,8.62,8.67,7.63,8.85,8.7,8.81,8.83,8.71,7.52
C10orf32,9.51,9.75,9.44,9.61,9.25,9.52,8.99,9.4,9.65,9.55,9.9,9.85,9.67,9.14,10,9.66,9.93,9.63,9.57,9.77,9.65,9.99,10.1,9.89,10.04,9.95,9.54,9.71,9.54,8.06,8.22,9.05,9.67,9.68,9.79,10.11,9.68,9.84,8.95,9.78,9.49,9.55,9.23,9.89,9.51,9.42,9.51,9.72,9.54,8.86
C10orf32,5.93,6.51,5.89,5.95,5.72,6,5.83,5.8,5.99,6.03,6.22,6.03,6.02,6.41,5.86,5.81,6.23,5.94,6.02,6.09,6.21,5.99,6.7,6.16,6.27,6.12,5.89,6.18,6.06,7.04,6.1,5.44,5.93,5.95,5.96,6.28,6.17,6.24,5.53,5.82,6.09,5.87,5.65,6.56,6.06,6.04,6.1,6.02,6.14,6.55
C10orf32,8.33,8.54,8.36,8.24,7.93,8.21,8.39,8.35,8.37,8.51,8.41,8.44,8.61,8.38,8.41,8.49,8.46,8.15,8.38,8.44,8.63,8.64,8.63,8.48,8.5,8.67,8.43,8.23,8.39,7.86,7.21,7.58,8.3,8.44,8.3,8.34,8.48,8.54,7.9,8.22,8.33,8.26,8.33,8.83,8.5,8.2,8.39,8.29,8.64,8.18
C10orf35,7.81,7.93,7.97,7.97,8.16,8.23,8.36,7.95,7.89,7.98,7.96,7.98,7.92,6.69,7.82,7.86,8.08,7.93,8.12,7.98,8.01,7.71,7.96,8.17,8.14,7.94,7.99,8.07,8.17,6.35,5.34,6.54,7.98,8.06,8.21,8.13,7.98,8.08,7.39,8.1,8.02,8.1,8.2,7.7,8.32,8.04,8.34,8.15,8.05,6.88
C10orf4,5.04,4.85,5.12,5.16,4.99,5.33,5.11,5.11,5.11,5.23,5.11,5.06,4.8,5.21,5.22,5.24,4.85,5.39,5.07,5.26,5.16,5.03,4.98,4.94,4.96,5.09,5.34,5.25,5.54,4.65,4.75,4.65,4.97,5.03,4.81,5.17,5.1,5.15,4.88,5.33,5.34,5.19,5.52,6.52,5.43,4.92,5.59,5.44,5.32,5.73
C10orf4,9.6,9.76,9.53,9.57,9.56,9.59,9.58,9.48,9.64,9.52,9.85,9.52,9.62,9.44,9.49,9.5,9.58,9.7,9.61,9.62,9.57,9.36,9.75,9.57,9.32,9.62,9.65,9.48,9.75,9.57,8.73,9.06,9.3,9.42,9.4,9.49,9.59,9.55,9.61,9.53,9.62,9.67,9.57,9.03,9.64,9.62,9.57,9.63,9.72,9.4
C10orf46,9.9,9.75,9.72,9.43,9.62,9.87,9.77,9.73,9.78,9.77,9.74,9.41,9.47,9.06,9.81,10,9.93,9.79,9.77,9.86,10,9.9,9.84,9.83,9.9,9.87,9.8,9.73,9.9,9.49,6.23,8.01,9.87,9.53,9.85,9.85,9.55,9.26,9.68,9.82,9.85,9.84,9.69,7.2,10.07,10.04,10.1,9.57,9.48,8.09
C10orf46,9.25,9.43,9.36,9.49,9.69,9.72,9.16,9.5,9.4,9.34,9.56,9.4,9.48,8.69,9.51,9.5,9.56,9.64,9.58,9.42,9.4,9.45,9.54,9.55,9.52,9.46,9.46,9.5,9.45,9.55,7.49,8.77,9.21,9.36,9.47,9.43,9.43,9.41,9.11,9.48,9.62,9.62,9.41,9.72,9.62,9.61,9.63,9.55,9.72,9.28
C10orf46,5.81,5,5.77,5.71,4.91,5.49,4.55,5.15,5.76,5.69,5.42,6,5.84,5.04,6.15,5.57,5.82,5.94,5.79,5.96,5.24,5.55,5.58,5.56,5.85,5.68,5.55,5.88,5.43,4.95,5.44,5.62,5.57,5.87,5.5,5.85,5.46,5.65,5.74,5.81,5.26,5.02,4.86,5.5,5.75,5.3,5.48,5.91,5.74,6.1
C10orf46,4.75,4.36,4.84,4.35,4.02,4.51,4.56,4.76,4.86,4.95,4.14,4.26,4.19,4.1,4.71,4.88,4.98,4.61,4.72,5.24,4.57,4.64,4.28,4.89,4.73,4.54,4.79,4.56,4.12,4.34,6.36,5.95,4.61,4.71,4.82,4.75,4.56,4.54,5.66,4.68,4.74,4.43,4.55,3.93,5.12,4.84,4.71,4.65,3.98,4.41
C10orf46,9.17,9.12,9.01,8.71,8.92,9.25,9.23,8.98,9.26,9.08,9.24,8.81,8.81,7.31,9.19,9.24,9.19,8.99,9.04,8.9,9.24,9.17,9.42,9,9.15,9.09,9.13,9.03,9.35,8.64,6.43,7.53,9,8.7,9.06,9.12,8.78,8.44,9.12,9.15,9.3,9.14,9.14,6.89,9.36,9.26,9.28,8.85,8.8,7.13
C10orf46,4,4.35,4.05,4.11,3.96,3.67,4.24,4.25,4.29,4.07,4.65,4.44,4.62,4.76,3.79,3.65,3.9,4.33,4.05,4.29,4.57,4.18,4.3,4.38,4.05,4.09,4.07,4.07,4.11,6.34,4.44,4.6,4.19,3.8,4.19,3.8,4.25,3.8,3.61,3.91,4.09,4.12,4.05,6.02,3.67,4.06,4.32,4.01,3.99,5.57
C10orf47,4.74,4.75,4.7,5.23,5.25,5.16,5.2,4.81,5.15,4.68,5.34,4.95,4.9,6.58,4.85,5,4.8,4.94,4.87,4.69,4.93,5.37,4.88,4.89,4.9,4.59,5.03,5.03,5.01,4.94,5.49,6.82,5,5.01,4.96,4.87,4.94,4.87,4.81,4.75,5.32,5.74,5.1,5.66,5.19,5.02,4.6,4.88,5.04,5.6
C10orf47,4.16,3.85,3.96,4.1,4.43,3.94,4.21,3.93,4.09,4.18,4.36,4.17,4.04,5.43,4.1,4.18,4.25,4.02,4.14,4.21,4.08,4.12,4.03,4.15,4.31,3.93,4.04,4.06,4.09,3.97,4.69,6.92,3.95,4.22,4.05,4.41,4.09,4.23,3.92,3.96,4.17,4.26,4.09,5.37,3.9,4.18,4.26,3.93,4.01,5.34
C10orf53,4.31,3.99,4.38,4.26,4.78,5.05,4.99,4.5,4.15,4.06,4.33,4,4.03,5.13,4.02,4.19,4.06,4.46,4.26,4.45,4.19,4.34,4.28,4.43,3.97,4.38,4.27,4.69,4.49,4.73,4.92,5.71,4.4,4.24,4.13,4.18,3.99,4.33,4.81,4.31,4.53,4.26,4.2,5.06,3.92,4.05,4.7,4.35,3.96,5.11
C10orf53,3.54,3.58,3.71,3.45,3.62,3.34,3.86,3.49,3.7,3.48,3.43,3.48,3.75,4.57,3.69,3.59,3.65,3.57,3.54,3.76,3.49,3.74,3.43,3.75,3.42,3.65,3.57,3.44,3.69,4.12,5.3,3.77,3.46,3.54,3.47,3.34,3.61,3.55,3.78,3.65,3.45,3.63,3.56,3.72,3.55,3.63,3.7,3.5,3.75,4.97
C10orf53,4.28,4.37,4.15,4.13,4.83,4.29,5.18,4.62,4.03,4.07,4.14,4.09,4.11,5.37,4.05,4.06,4.01,4.31,4.67,4.36,4.35,4.29,4.3,4.54,4.45,4.02,4.34,4.33,4.19,4.78,5.94,5.98,4.37,4.26,4.29,4.16,4.2,4.33,4.41,4.62,4.22,4.01,4.78,5.59,4.77,4.36,4.11,4.04,4.14,4.99
C10orf54,3.94,4.11,3.79,4.28,3.91,4.49,3.68,4.36,4.04,4.08,4.12,4.28,3.89,5.35,4.1,3.96,3.9,3.93,3.87,3.87,4.13,4.14,4.06,3.95,4,3.9,4.14,4.26,4.12,3.95,4.56,4.5,3.81,3.95,3.9,3.97,4.15,3.85,4.12,4.14,3.89,4.59,4.44,4.31,3.96,3.96,3.76,4.06,3.98,5.16
C10orf54,4.16,3.92,4.45,3.94,3.99,3.94,4.17,4.01,3.99,3.97,3.98,4.02,4.06,5.12,3.79,3.74,3.9,3.8,3.97,3.92,4.11,4.15,3.8,3.76,3.98,3.87,4.04,4.2,4.01,4.67,5.79,4.62,3.85,3.65,4.13,3.92,3.69,3.83,4.49,4.25,3.83,3.95,4.6,4.26,3.82,3.87,3.65,3.5,3.98,4.09
C10orf55,4.9,4.36,4.91,4.87,4.98,4.85,4.81,4.75,4.7,4.93,4.99,5.05,4.9,6.49,4.96,5.13,5.13,4.92,4.81,4.89,5.06,5.14,5.25,5.04,4.76,5.14,4.6,4.86,4.67,4.9,5.88,5.03,5.04,5.07,4.89,5.33,5.37,5.95,4.74,4.67,5.09,4.8,4.88,5.24,5.05,4.86,4.87,4.75,4.94,6.79
C10orf57,8.92,9.05,9.13,9.09,9.03,8.84,8.56,9.27,8.97,9.23,9.09,9.12,9.03,8.35,9.45,9.26,9.48,9.21,9.37,9.39,9.3,9.45,9.2,9.41,9.43,9.31,9.11,9.19,8.94,7.47,7.21,7.41,8.77,8.94,9.04,9.44,9.25,9.39,8.9,9.26,9.02,9.47,9.52,8.92,9.26,9.1,9.18,9.2,9.18,7.94
C10orf57,8.73,8.48,8.55,8.58,8.34,8.24,8.31,8.63,8.65,8.82,8.44,8.89,8.63,8.01,8.98,8.97,8.89,8.76,8.78,8.93,8.69,9.05,8.59,8.98,9.11,8.96,8.7,8.9,8.17,8.13,9.56,6.91,8.5,8.73,8.68,8.87,8.59,9.03,8.81,8.68,8.73,8.79,8.45,7.65,8.61,8.48,8.88,8.9,8.5,8.46
C10orf58,5.67,6,5.33,5.8,4.72,5.6,5.64,5.43,5.71,5.7,5.91,5.91,5.61,5.59,5.44,5.02,5.52,4.97,5.17,5.38,5.46,5.77,5.95,5.37,5.43,5.42,5.73,5.76,5.47,4.93,4.98,4.8,5.45,5.61,5.38,5.55,5.1,5.43,6.08,5.41,5.36,5.36,5.23,5.69,5.55,5.24,5.78,5.62,5.43,4.84
C10orf62,3.95,4.11,4.07,4,3.9,4.02,4.57,4.17,4.06,4.2,4.42,3.95,4.09,5.19,4,4.25,4.49,4.24,4.34,4.15,4.16,3.99,4,4.39,4.06,4.34,4.32,3.97,4.38,4.43,6.65,3.94,3.88,4.18,4.3,4.25,4.4,4.33,4.91,3.99,3.79,4.12,4.48,4.55,4.28,4.19,4.27,4.06,4.04,4.59
C10orf67,4.34,4.12,4.15,3.92,4.3,4.48,3.8,3.78,3.97,4.42,4.38,4.05,4.01,4.07,4.21,3.95,4.14,4.38,4.06,3.92,4.15,4.11,3.84,4.18,3.99,3.73,4.05,4.04,4.7,4.37,4.48,5.67,4.16,4.15,4.34,4.06,3.99,4.28,3.68,3.91,3.98,4.08,3.83,5.5,3.98,3.61,3.98,4.06,3.98,4.02
C10orf68,5.06,4.63,4.94,4.68,5.25,5.16,4.22,4.74,4.66,4.63,4.86,4.69,4.76,4.8,4.45,4.75,4.57,4.72,4.66,5.18,4.51,4.47,4.59,4.55,4.6,4.93,5.01,4.63,4.74,5.05,5.44,5.44,4.35,4.55,4.64,4.85,4.31,4.58,5.58,5.13,5.27,4.87,4.86,4.71,4.22,5.07,4.59,5.15,5.17,5.44
C10orf71,3.78,3.58,3.62,3.59,3.73,4.88,4.41,3.59,3.53,3.71,3.54,3.66,3.62,4.3,3.4,3.52,3.73,3.49,3.84,3.48,3.58,3.62,3.54,3.32,3.64,3.71,3.42,3.51,3.47,3.89,5.49,4,3.65,3.68,3.58,3.43,3.47,3.52,3.97,3.7,3.62,3.56,3.5,4.3,3.7,3.84,3.54,3.89,3.57,4
C10orf71,3.72,3.81,3.88,3.76,3.91,3.71,4.33,4.07,4.04,3.87,3.87,4.04,3.81,4.02,3.88,3.86,3.7,3.61,4.35,4.04,4.3,3.9,3.81,3.7,3.8,3.85,3.88,4.16,3.9,4.23,4.26,3.84,3.73,3.95,3.85,3.91,4.05,3.73,3.88,3.88,3.95,4.22,4.2,4.99,3.72,3.67,3.71,3.82,3.99,4.43
C10orf72,4.68,4.6,4.76,4.79,4.42,4.81,4.49,4.62,4.62,4.58,4.89,4.68,4.78,5.67,4.8,4.85,4.71,4.72,4.62,4.65,4.56,4.85,4.71,4.45,4.66,4.39,4.94,4.69,4.54,6.13,5.83,6.06,4.82,4.46,4.63,4.37,4.59,4.68,4.63,4.57,4.45,4.78,4.36,6.82,4.28,4.72,4.5,4.87,4.64,6.86
C10orf72,3.42,3.75,3.73,3.79,3.41,3.87,4.11,3.8,3.78,3.65,4.11,3.78,3.64,5.45,3.7,3.58,3.95,3.61,3.78,3.54,3.86,4.04,4.02,3.91,4.09,3.68,3.68,3.8,3.67,4.11,5.13,4.6,3.72,3.54,3.78,3.81,3.57,3.62,3.62,3.98,3.55,3.77,3.83,4.16,4.1,3.68,4.07,3.6,3.92,4.05
C10orf72,4.58,4.43,4.42,4.49,4.6,4.48,4.07,4.51,4.49,4.64,4.65,4.49,4.4,5.63,4.4,4.78,4.25,4.47,4.54,4.68,4.42,4.61,4.48,4.35,4.83,4.75,4.5,4.65,4.89,4.67,4.69,5.55,4.59,4.71,4.7,4.38,4.49,4.31,3.96,4.84,4.64,4.74,5.09,5.59,4.6,4.81,5.21,4.58,4.61,6.02
C10orf72,4.24,4.18,3.93,4.28,4.59,4.68,4.27,4.28,3.98,3.92,4.02,4.25,4.16,5.53,4.15,3.91,4.04,3.99,4.24,4.02,3.86,4.04,4.02,4.15,4.27,3.77,4.06,4.3,4.08,5.4,5.1,5.32,3.87,3.97,4.17,4.63,3.99,3.8,5.3,4.08,4.04,4.16,4.15,5.26,4.29,4.11,4.25,4.26,3.95,5.46
C10orf72,4.73,4.77,4.56,4.88,4.92,4.4,4.78,4.62,4.67,4.57,4.51,4.82,4.74,4.96,4.59,5.01,4.36,4.37,4.84,4.49,4.66,4.62,4.57,4.35,4.34,4.58,4.37,4.72,4.68,5.69,5.57,4.58,4.33,4.92,4.78,4.83,4.81,4.5,4.16,4.58,4.43,4.65,4.7,4.73,4.3,4.49,4.35,4.69,4.69,5.22
C10orf76,8.07,7.97,8.25,8.15,8.43,8.54,7.86,8.42,8.01,8.17,8.25,7.97,8.12,8.17,8.22,8.21,8.17,8.43,8.28,8.1,8.19,8.22,8.49,8.29,8.26,8.34,8.28,8.24,8.27,7.61,7.33,7.91,8.27,8,8.08,8.39,8.48,8.28,8.19,8.53,8.24,8.38,8.5,7.34,8.49,8.55,8.43,8.36,8.53,7.48
C10orf78,8.18,7.91,8.16,8.16,7.88,7.63,7.61,7.98,8.3,8.39,7.85,8.08,8.02,6.65,8.07,7.62,7.91,8.34,8.53,8.37,7.78,8.01,7.46,7.87,7.85,7.78,8.03,8.28,7.75,4.86,5.42,5.85,7.78,7.9,7.85,8.01,7.32,8.23,6.21,8.13,7.85,8.2,7.75,6.9,8.04,7.59,8.09,8.18,8.08,8.52
C10orf78,8.37,8.69,8.54,8.36,8.44,8.4,8.17,8.44,8.58,8.59,8.67,8.46,8.38,8.73,8.37,8.15,8.46,8.68,8.7,8.61,8.4,8.23,8.46,8.08,8.15,8.16,8.57,8.45,8.53,7.08,8.16,9.05,8.14,8.23,8.12,8.35,8.25,8.3,8.28,8.59,8.49,8.54,8.72,9.27,8.72,8.46,8.52,8.46,8.61,8.78
C10orf79,4.48,4.58,3.92,4.02,4.03,3.91,4.42,3.8,4.38,4.36,4.26,4.29,4.19,4.3,3.82,3.83,3.9,4.01,3.77,4.17,3.83,4.08,4.51,3.95,4.04,3.84,3.9,4.11,4.12,4.51,5.05,5.28,4.19,3.87,3.89,3.86,3.83,4,3.99,3.98,3.89,3.78,3.98,4.12,3.89,4.13,3.79,3.74,4,3.94
C10orf79,4.55,4.66,4.53,4.62,4.77,4.97,4.71,4.34,4.53,4.69,4.88,4.59,4.49,5.28,4.24,4.34,4.33,4.56,4.56,4.35,4.55,4.3,4.54,4.48,4.65,4.43,4.56,4.43,4.68,5.32,5.16,4.84,4.49,4.58,4.32,4.37,4.48,4.62,4.62,4.47,4.72,4.59,4.76,4.72,4.5,4.76,4.64,4.5,4.62,4.77
C10orf81,3.59,3.68,3.61,3.7,3.89,3.45,4.47,3.69,3.65,3.57,3.71,3.6,3.7,3.84,3.39,3.71,3.56,3.58,3.53,3.56,3.74,3.45,3.58,3.56,3.38,3.47,3.5,3.61,3.86,4.16,6.41,3.68,3.66,3.63,3.86,3.47,3.65,3.7,5.03,3.36,3.44,3.58,3.79,3.72,3.39,3.7,3.79,3.53,3.62,5.68
C10orf81,4.03,4.04,4.02,4.03,4.45,4.43,5.32,4.11,3.9,3.92,4.16,4.05,4.02,5.19,4.04,4.2,4.3,4.38,4.28,4.09,3.93,4.17,4.17,3.99,4.09,4.34,4.37,4.07,4.34,4.38,5.57,6.25,3.99,4.13,4.23,4.13,4.32,3.95,4.5,4.01,3.92,4.39,4.26,4.33,4.13,4.24,4.49,4.08,4.08,4.43
C10orf81,4.05,4.38,4.05,3.98,3.84,4.26,4.07,3.64,3.91,3.95,4.11,4.27,4.3,4.48,3.78,3.86,3.87,4.02,3.88,3.93,4.01,4.04,3.96,3.69,3.82,3.53,3.86,4.15,3.88,4.03,3.68,4.14,3.97,3.95,3.81,3.9,3.78,3.64,4.05,3.67,3.5,3.76,3.81,3.91,3.82,3.61,3.91,3.8,3.68,4.43
C10orf81,3.99,3.73,3.89,4.14,4.14,3.86,3.76,4.09,4.13,4,3.87,3.88,3.71,4.58,4.16,3.84,3.98,4.22,3.96,3.87,3.9,4.44,4.02,4.34,4.34,3.87,4.16,3.86,4.23,5.77,3.94,5.4,3.85,3.78,4.5,4.21,4.24,4.04,5.08,3.74,3.98,4.44,4.06,5.55,3.97,4.03,4.28,4.09,4.05,6.31
C10orf81,4.42,4.25,4.08,4.41,4.31,4.12,4.07,4.23,4.18,4.16,4.65,4.16,4.07,6.15,4.09,3.9,4.22,4.33,4.24,4.34,4.21,4.28,4.43,4.17,4.24,4.21,4.24,4.57,4.34,4.94,6.78,4.99,4.12,4.21,4.16,4.04,3.91,4.55,3.89,4.4,3.96,4.29,4.18,4.12,5.13,4.68,4.24,4.29,4.04,6.66
C10orf82,4.36,4.88,4.4,4.13,4.66,5.13,5.34,4.84,4.33,4.44,4.5,4.65,4.54,5.31,4.27,4.48,4.74,4.84,4.56,4.7,4.39,4.71,4.66,4.56,4.41,4.18,4.74,4.49,4.61,6.45,4.69,5.94,4.55,4.26,4.66,4.51,4.38,4.79,4.69,4.84,4.31,4.71,5.01,5.15,4.82,4.82,4.78,4.7,4.78,6.3
C10orf84,7.93,7.76,7.97,7.89,7.61,7.49,7.54,7.82,7.82,7.97,7.68,7.94,8.12,5.74,8.03,8.18,8.02,8.08,7.92,8.13,8.03,7.83,7.63,7.98,7.94,8.17,8.03,8.02,7.79,6.54,7.3,6.82,7.9,7.89,7.75,7.88,7.93,7.99,7.12,7.96,7.81,7.55,7.64,6.58,7.97,7.9,8.02,7.95,8.07,6.88
C10orf84,4.78,4.87,4.84,5.08,4.81,4.95,4.88,4.83,4.79,4.83,4.89,4.84,4.83,5.87,5.05,4.63,4.84,4.63,4.96,4.82,4.81,5.05,4.86,4.99,4.77,4.53,4.86,4.78,4.95,5.05,5.21,5.81,4.95,4.74,4.84,4.98,4.84,5.1,4.42,4.92,4.74,4.74,4.81,5.31,4.86,4.68,5,4.61,4.67,6.9
C10orf84,6.32,6.31,6.09,6.25,5.66,6.07,4.48,5.99,6.38,6.39,6.28,6.34,6.4,4.94,6.2,6.43,6.69,6.17,6.23,6.32,6.33,6.24,6.44,6.25,6.23,6.55,6.2,6.02,6.4,4.57,4.83,5.78,6.16,6.16,5.87,6.37,6.23,6.25,5.27,6.2,6.33,6.33,6.11,4.38,6.02,6.42,5.79,6.18,6.54,5.35
C10orf84,8.37,8.44,8.25,8.3,8.41,8.18,7.97,8.17,8.43,8.52,8.42,8.36,8.44,7.7,8.52,8.45,8.75,8.38,8.41,8.35,8.36,8.33,8.53,8.4,8.29,8.33,8.34,8.25,8.08,7.9,6.95,8.03,8.13,8.21,8.18,8.56,8.32,8.45,7.21,8.29,8.43,8.26,8.33,7.77,8.44,8.37,8.34,8.5,8.54,7.9
C10orf84,9.53,9.57,9.41,9.53,9.22,9.31,9.18,9.41,9.66,9.63,9.48,9.58,9.7,8.59,9.71,9.42,9.84,9.53,9.59,9.57,9.56,9.52,9.6,9.62,9.64,9.64,9.4,9.54,9.44,9.02,8.87,6.33,9.33,9.31,9.34,9.63,9.51,9.56,8.93,9.5,9.6,9.08,9.32,6.96,9.53,9.42,9.42,9.56,9.63,7.76
C10orf85,3.99,4.35,3.82,4.07,3.81,3.88,4.19,4.01,3.99,4.18,4.42,4.22,4.31,5.75,3.95,4.18,3.76,4.08,4.01,3.97,3.98,4.3,4.27,4.3,3.96,3.99,4.02,4.2,4.26,4.62,4.94,4.52,4.09,4.08,4.1,4.17,3.87,4.24,3.83,3.85,3.81,4.27,3.95,4.49,3.93,3.64,4.03,3.93,3.87,5.48
C10orf88,7.83,7.9,7.68,7.89,7.79,7.66,5.36,7.29,8.08,7.91,8.24,8.03,7.88,7.25,8.19,7.96,8.19,7.67,7.69,7.76,7.76,8.08,8.41,8.14,8.12,8,7.73,8,7.67,7.37,4.71,6.36,8.16,8.32,8.36,8.13,7.67,7.91,6.5,7.99,7.99,7.66,7.56,7.08,7.55,7.38,7.85,8.01,7.91,7.54
C10orf90,4.02,3.84,4.12,3.82,4.25,4.22,3.81,3.83,3.92,3.83,3.85,4.17,3.87,4.23,3.93,3.85,4.06,3.95,3.78,3.73,3.9,3.82,3.98,3.84,3.97,3.7,3.8,3.94,4,4.05,5.8,4.77,3.99,3.8,4.04,3.83,4.15,3.57,3.89,3.52,3.87,4.04,4.1,5.63,4.04,3.91,3.88,3.7,3.92,4.84
C10orf90,3.34,3.37,3.46,3.37,3.65,3.77,4.53,3.63,3.37,3.32,3.47,3.34,3.39,3.97,3.58,3.65,3.25,3.55,3.7,3.25,3.36,3.34,3.23,3.57,3.31,3.41,3.35,3.38,3.49,4.13,5.64,4.64,3.54,3.39,3.57,3.35,3.75,3.45,4.14,3.57,3.42,3.52,3.95,4.06,3.67,3.94,3.75,3.33,3.5,3.88
C10orf91,3.55,3.73,3.96,3.6,4.01,4.19,3.49,3.68,3.84,3.82,3.98,3.6,3.59,4.22,3.76,3.9,3.7,4.19,3.71,3.73,3.52,3.77,3.71,3.77,3.65,3.86,3.65,3.77,3.78,3.58,4.08,3.74,3.81,3.59,3.66,3.77,3.8,3.68,3.62,3.65,3.72,3.49,3.71,5.31,3.44,3.96,4.12,3.74,3.76,3.89
C10orf92,4.86,5.05,4.38,4.87,5.18,5.08,4.17,4.53,4.75,4.69,5.24,4.82,4.91,7.26,5,4.67,4.58,4.99,4.99,4.88,4.82,5.17,4.88,4.82,4.81,4.68,4.76,4.6,5.13,5.05,6.08,6.36,5.25,4.74,5.24,4.66,5,4.65,5.92,4.75,4.41,4.96,5.19,6.01,4.35,4.98,4.36,4.44,4.73,5.9
C10orf93,4.31,4.33,4.15,4.34,3.88,4.55,4.62,4.15,4.06,3.98,4.36,4.32,3.99,5.67,4.28,4.45,4.01,4.06,4.38,3.84,3.95,4.24,4.14,3.99,4.24,4,4.11,4.32,4.3,4.93,6.14,5.3,4.46,4.23,4.14,4.22,4.31,3.88,4.67,4,4.02,4.21,3.72,6.32,4.28,4.07,4.26,4.44,4.05,5.94
C10orf93,4.29,4.41,4.48,4.48,4.14,4.21,4.39,4.28,4.43,4.26,4.58,4.48,5,4.47,4.42,4.4,4.27,4.76,4.71,4.16,4.39,4.24,4.25,4.37,4.18,3.94,4.36,4.53,4.34,5,4.69,5.57,4.28,4.42,4.62,4.45,4.47,4.17,4.63,4.05,4.06,4.21,4.36,4.32,4.16,4.56,4.26,4.57,4.13,4.55
C10orf95,7.02,6.51,7.13,7.15,7.33,7.28,6.6,7.4,7.08,6.81,6.59,7.01,6.73,8.26,7.03,6.98,6.8,7.17,7.27,7.58,6.74,6.99,6.73,6.82,6.96,6.73,7.06,7.23,6.9,5.9,6.62,8.59,6.76,6.8,7.27,7.18,6.93,7.14,6.73,7.29,7,7.18,6.91,7.92,7.06,7.09,7.2,7.18,6.81,8.56
C10orf96,3.96,3.8,3.77,3.87,3.65,3.85,4.67,4.2,3.63,3.89,4.1,3.98,3.82,4.52,3.99,3.93,3.69,3.66,3.77,3.65,3.77,4,4.07,3.78,3.78,3.78,3.9,3.71,3.84,5.02,5.27,4.51,3.93,3.95,3.96,3.71,3.95,3.95,4.26,3.7,3.56,3.81,4.1,4.95,4.05,3.92,4.12,3.7,3.66,4.25
C10orf99,4.24,4.03,4.31,3.98,4.32,4.3,4.36,4.37,4.06,4.27,4.36,4.21,4.11,5.3,4.45,4.34,4.19,4.29,4.18,3.94,4.33,4.61,4.21,4.03,4.26,4.31,4.63,4.19,4.38,6.11,4.98,4.72,4.22,4.42,4.4,4.27,4.39,4.53,5.4,4.28,4.43,4.68,4.96,5.48,3.98,4.55,4.51,3.98,4.61,4.71
C11orf1,8.98,8.97,9.12,8.95,9.03,9.18,9.17,8.98,8.96,9.01,8.91,9.09,8.95,8.63,8.93,9.03,9.22,9.06,9.05,9.09,9.19,8.98,9.02,8.93,9,9.07,9.18,8.95,9.05,9.27,8.14,8.96,8.85,8.87,8.84,9.08,9.22,9.23,9.69,9.13,9.16,9.48,9.4,9.07,9.57,9.64,9.42,9.12,9.03,8.04
C11orf10,12.62,12.66,12.65,12.63,12.65,12.62,12.45,12.66,12.54,12.72,12.7,12.65,12.65,12.46,12.57,12.53,12.56,12.62,12.65,12.67,12.52,12.54,12.52,12.58,12.58,12.47,12.74,12.68,12.61,12.52,12.36,12.49,12.33,12.46,12.42,12.63,12.55,12.64,12.51,12.74,12.64,12.67,12.68,12.59,12.6,12.53,12.61,12.68,12.67,12.32
C11orf10,7.35,7.25,7.28,7.24,7.08,7.24,7.33,7.26,7.38,7.38,7.12,7.15,7.14,5.7,7.37,7.05,7.1,7.11,7.34,7.24,7.24,6.91,7,7.02,7.01,7.24,7.35,7.06,7.22,7.23,6.54,6.39,7.12,6.97,6.92,7.18,7.15,7.17,7.12,7.34,7.29,7.22,7.17,6.58,7.41,7.14,7.19,7.21,7.17,5.16
C11orf16,4.24,4.4,4.29,4.38,4.02,4.29,3.97,4.27,4.44,4.24,4.54,4.38,4.44,4.66,4.12,4.15,4.19,4.34,4.06,3.93,4.11,4.25,4.48,3.83,3.91,4.05,4.49,4.26,4.28,3.59,5.63,3.76,3.99,4.08,4.02,3.95,4.41,3.76,4.11,4.08,4.18,4.07,4.19,5.03,4.57,3.92,3.94,4.24,4.2,4.09
C11orf17,9.08,9.21,9.16,9.16,9.29,9.17,9,9.22,9.2,9.17,9.1,9.3,9.35,8.57,9.53,9.38,9.62,9.22,9.21,9.17,9.69,9.61,9.53,9.47,9.58,9.5,9.06,9.23,9.19,9.25,9.25,8.27,9.49,9.57,9.39,9.7,9.6,9.73,9.43,9.19,9.21,9.34,9.35,9.21,9.03,9.05,9.15,9.3,9.45,8
C11orf17,7.97,7.46,7.96,7.88,7.79,7.83,7.8,8.03,7.87,8.01,7.21,7.8,7.89,5.3,8.45,8.47,8.55,8.13,8.26,8.23,8.33,8.2,7.9,8.49,8.4,8.57,7.91,7.96,7.65,6.49,6.29,6.23,8.52,8.63,8.57,8.55,8.67,8.77,7.15,8,7.91,8.1,8.04,6.16,7.94,7.5,7.72,8.06,7.84,6.92
C11orf17,5.19,5.31,5.15,5.35,5.16,5.36,4.59,5.5,5.03,5.5,5.58,5.6,5.29,6.61,5.41,5.23,5.16,5.29,5.52,5.58,4.83,5.65,5.54,5.33,5.75,5.05,5.24,5.57,5.89,4.44,5.66,6.25,5.14,5.61,5.4,5.29,4.89,5.5,4.77,5.27,5.23,5.54,5.29,5.56,5.28,5.15,5.91,5.38,5.05,5.97
C11orf17 /// NUAK2,5.2,5.13,5.44,5.51,5.42,5.65,5.26,5.57,5.35,5.15,5.36,5.51,5.33,6.03,5.41,5.23,5.25,5.25,5.36,5.47,5.79,5.48,5.73,5.49,5.73,5.4,5.72,5.36,5.38,5.82,5.14,5.11,5.42,5.43,5.3,5.44,5.49,5.2,5.97,5.83,5.46,5.84,5.48,5.77,6.01,6.09,5.59,5.84,5.3,5.49
C11orf2,9,8.8,9.19,9.04,9.14,9.21,9,9.12,8.96,9.03,8.92,8.91,8.82,7.1,9.01,9.03,8.98,9.11,9.26,9.2,9.09,8.98,9.1,9.06,9.07,9.02,9.14,8.89,9.07,8.46,7.39,7.39,8.78,8.77,8.62,9.03,9.07,9.09,8.54,9.24,9.1,9.5,9.54,7.62,9.1,9.18,9.15,8.98,9.11,6.1
C11orf20,4.34,3.93,4.04,4.1,3.85,4.14,4.74,4.57,4.07,3.92,4.13,3.93,3.81,4.77,3.93,4.14,4.19,4.07,3.9,4.16,4.6,4.04,4.2,4.34,4.05,4.09,4.23,3.88,4.28,4.56,4.87,4.33,4.69,4.31,4.1,3.85,4.39,4.09,4.16,4.13,4.1,4.11,4.16,4.04,4.06,4.22,3.77,3.96,4.29,4.25
C11orf21,3.78,4.06,3.72,4.09,3.5,3.75,4.7,4.57,4,3.79,4.08,4.02,4.15,4.6,4.02,4.04,4.02,4.21,3.96,3.86,4.07,4.08,3.95,4.19,3.88,3.9,3.89,4.11,4.08,4.22,5.44,4.19,4.25,4.02,4.13,3.95,4.05,4.08,3.78,3.9,3.85,3.93,4.45,5.64,3.99,4.23,3.72,4.16,3.96,4.85
C11orf21,4.03,3.55,3.66,3.76,4.11,3.93,4.17,3.8,3.83,3.7,4.01,3.81,3.71,4.59,3.82,3.72,3.72,3.77,3.84,4.18,3.73,4.03,3.77,3.86,3.83,3.85,4.17,3.61,4.19,4.21,5.63,4.72,3.55,3.5,3.91,3.58,3.64,3.74,4.09,4.18,3.87,4.34,3.92,4.23,3.9,4.11,3.95,3.81,3.65,4.22
C11orf21,4.68,4.77,4.5,4.59,4.71,4.23,4.67,4.5,4.59,4.61,4.69,4.58,4.5,4.62,4.5,4.44,4.45,4.9,5.15,4.7,4.78,4.78,4.97,4.77,4.73,4.83,4.76,4.57,4.55,4.7,5.26,6.62,4.62,4.76,4.67,4.77,4.57,4.7,4.97,4.51,4.83,4.77,4.43,5.45,4.58,4.98,4.64,4.58,4.54,5.87
C11orf24,6.4,6.28,7,6.59,6.91,7.01,5.36,7.04,6.36,6.6,6.37,6.15,6.19,6.41,7.34,7.44,7.34,6.78,6.81,6.83,6.32,6.36,6.45,7.12,7.06,7.21,7.13,6.47,6.87,5.97,4.15,7.49,7.82,7.9,7.81,7.22,7.87,7.55,6.16,6.69,6.66,6.56,6.66,6.85,6.4,6.56,6.82,6.54,6.71,6.37
C11orf30,7.42,7.21,6.92,7.05,7.27,7.54,6.53,6.8,7.14,7.17,7.35,6.83,6.54,5.09,7.21,6.88,7.22,7.09,7.35,7.31,7.1,6.78,7,7.03,6.65,6.84,7.28,7,7.16,6.26,6.05,6.32,6.81,6.76,7.03,7.35,7.12,6.79,6.08,7.33,7.62,7.32,7.14,5.24,7.11,7.28,7.38,7.17,6.76,5.06
C11orf30,6.4,5.96,6.16,6.05,6,5.95,6.3,5.68,5.8,6.07,5.8,5.71,5.8,5.74,5.93,6.13,5.91,6.18,6.11,6.47,6.11,6.03,5.66,5.89,5.49,5.74,5.95,5.84,5.89,7.05,6.98,7.47,6.22,5.94,6.05,5.93,5.48,5.75,5.28,5.85,5.79,5.86,5.99,6.81,5.57,5.76,5.94,5.91,5.69,6.61
C11orf30,5.95,6.32,5.72,6.38,5.89,6.75,5.79,5.99,6.02,6.05,6.44,5.96,5.93,6.69,6.08,5.92,5.92,6.4,6.36,6.26,5.82,5.91,5.96,5.8,5.66,5.65,5.52,6.3,5.93,6.79,7.19,5.75,6.07,5.88,5.9,6.35,6.37,6.16,6.69,6.04,6.03,5.76,5.76,5.92,5.77,5.8,6.05,6.04,6.12,7.41
C11orf30,8.55,8.87,8.67,8.64,8.71,8.65,7.96,8.8,8.55,8.78,8.89,8.74,8.43,8.19,8.37,8.53,8.49,8.58,8.7,8.82,8.22,8.27,8.49,8.43,8.54,8.42,8.65,8.62,8.8,7.32,7.36,8.23,8.32,8.5,8.48,8.57,8.51,8.55,7.73,8.61,8.45,8.44,8.41,7.87,8.44,8.49,8.53,8.48,8.62,8.64
C11orf30,6.86,7.02,6.88,6.89,7.03,6.89,6.09,6.65,7.02,6.98,7.2,7.1,6.9,7.17,6.86,6.59,6.83,7.59,7.4,7.36,6.84,6.9,6.63,6.62,6.62,6.91,6.77,7.21,6.89,5.89,6.47,6.37,6.31,6.31,6.5,6.93,6.56,6.73,6.6,7.02,6.86,6.71,6.82,6.46,7.02,6.48,6.93,6.95,6.87,6.63
C11orf31,12.48,12.51,12.53,12.51,12.63,12.63,12.51,12.44,12.54,12.48,12.51,12.44,12.47,12.45,12.32,12.32,12.52,12.53,12.62,12.51,12.55,12.41,12.56,12.49,12.35,12.5,12.55,12.45,12.52,12.3,12.25,12.42,12.36,12.35,12.29,12.39,12.51,12.42,12.57,12.43,12.53,12.31,12.39,12.26,12.51,12.5,12.29,12.49,12.48,11.94
C11orf31,12.19,12.15,12.24,12.13,11.93,12.09,11.96,12.18,12.28,12.25,11.99,12.19,12.26,10.71,12.08,12,12.15,12.15,12.26,12.14,12.23,12.12,12.11,12.06,12.09,12.12,12.14,12.2,12.18,11.98,11.03,11.21,11.93,12.04,11.91,12.12,12.02,12.13,11.93,12.16,12.21,12.03,11.99,10.48,12.12,12.11,12.01,12.18,12.14,10.8
C11orf34,3.73,3.8,3.85,3.69,4.01,3.96,4.53,3.72,3.68,4,3.68,3.73,3.85,5.12,3.56,3.7,3.62,3.56,3.95,3.73,3.66,3.85,3.86,3.41,3.71,3.71,3.77,3.85,3.86,4.42,4.85,4.28,4.15,3.59,3.81,3.68,3.65,3.83,4.22,3.65,3.85,4.01,3.83,4.52,4.04,4.16,4.01,3.65,3.78,4.35
C11orf35,5,5.16,5.21,4.94,5.38,5.43,5.33,6.09,5.13,5,5.36,5.04,5.1,5.5,5.35,5.53,5.33,5.15,5.49,5.26,5.28,5.57,5.47,5.56,5.22,5.13,5.44,5.46,5.34,5.11,5.05,6.56,5.32,5.24,5.1,5.32,5.59,5.43,5.16,5.96,5.44,5.37,5.63,5.88,4.99,4.93,5.38,5.43,5.57,6.19
C11orf35,5.64,5.44,5.54,5.63,5.78,5.94,6.94,6.22,5.37,5.56,5.75,5.34,5.44,6.49,5.83,5.54,5.51,5.9,5.89,5.97,5.49,5.75,5.5,5.7,5.6,5.52,6.01,5.69,5.82,5.94,5.85,6.3,5.52,5.83,5.68,5.64,5.67,5.78,5.06,5.88,5.88,6.32,6.05,7.26,5.81,5.09,5.59,5.65,5.78,6
C11orf40,3.73,3.85,3.75,3.68,3.86,3.71,4.78,3.83,3.67,3.71,3.86,3.9,3.71,4.34,3.6,3.91,3.84,3.66,3.64,3.94,3.79,3.85,3.93,3.65,3.51,3.63,3.99,3.99,4.2,4.38,4.32,3.93,4.04,3.78,3.74,3.63,3.82,3.59,3.99,3.82,3.5,3.66,3.83,4.67,3.88,3.69,3.96,3.66,3.94,4.41
C11orf41,5.18,4.81,5.37,5.28,5.69,5.5,5.86,5.53,5.26,5.3,5.53,5.2,4.9,6.21,5.47,5.3,5.44,5.02,5.39,5.16,5.26,5.27,5.09,5.14,5.5,5.29,5.07,5.26,5.07,4.97,6.27,5.13,4.93,5.25,5.62,5.46,4.94,5.44,5.57,5.26,5.56,5.11,5.36,6.59,5.21,4.98,4.94,5.4,5.29,7.12
C11orf41,3.76,3.81,3.55,3.82,3.53,3.89,4.6,4.41,3.76,3.68,3.8,3.89,3.94,5.17,3.98,3.66,3.95,3.85,3.79,3.72,3.54,3.95,3.99,3.53,3.6,3.64,3.46,3.73,3.73,3.92,5.28,5.14,3.57,3.87,3.59,3.55,3.51,3.77,3.52,3.65,3.61,3.85,3.66,4.68,3.55,3.69,3.99,3.76,3.63,5.36
C11orf42,3.91,4.28,4.22,4.25,4.04,4.44,3.99,4.32,4.1,4.31,4.31,4.25,4.13,4.3,4.2,4.2,3.96,4.24,4.56,4.17,4.11,4.15,4.1,4.24,4.1,4.27,4.2,4.32,3.95,3.84,4.31,4.79,4.18,4.13,4,4.13,4.06,4.1,4.09,4.22,4.1,4.45,4.39,5.1,4.07,4.07,4.09,4.3,3.92,4.43
C11orf45,5.48,5.21,5.63,5.58,5.75,5.73,5.89,5.83,5.24,5.52,5.77,5.76,5.1,6.2,6.13,5.72,5.73,5.52,5.51,5.19,6.12,5.91,5.85,6.43,6.4,6.39,5.41,5.26,5.36,5.3,6.78,6.33,6.34,5.98,5.76,6.39,6.83,6.21,5.86,5.55,5.47,5.35,5.83,5.57,5.55,6.02,5.77,5.45,5.13,5.31
C11orf46,10.22,10.05,10.32,10.21,10.37,10.41,10.33,10.36,10.21,10.25,10.15,10.2,10.04,9.69,10.49,10.44,10.58,10.38,10.38,10.44,10.32,10.14,10.08,10.46,10.34,10.39,10.31,10.3,10.04,9.56,8.28,9.71,10.79,10.74,10.9,10.47,10.55,10.54,10.95,10.47,10.4,10.22,10.23,9.59,10.36,10.12,10.25,10.26,10.14,9.06
C11orf46,8.91,8.84,8.64,8.51,8.3,8.61,9,8.79,8.89,8.83,8.76,8.58,8.51,6.85,9.17,9.07,8.96,9.21,9.11,9.24,8.7,8.85,8.64,8.84,8.91,9.04,8.74,8.79,8.6,8.4,5.53,7.48,8.72,8.56,8.76,8.99,8.44,8.71,8.83,8.75,8.59,8.86,8.63,7.07,8.63,8.38,8.84,8.57,8.39,6.63
C11orf48,9.04,9.2,9.32,9.11,9.24,9.22,9.15,9.12,9.29,9.2,8.93,9.01,9.1,8.66,8.84,8.83,8.91,9.41,9.66,9.43,9.04,8.73,8.87,8.98,8.78,9.07,9.29,9.05,9.24,9.2,7.24,7.8,8.78,8.71,8.55,8.82,8.95,8.9,9.32,9.14,9.32,8.77,8.91,8.49,9.07,8.89,8.84,9.37,9.26,7.03
C11orf48,6.12,5.86,5.83,6.13,6.13,6.22,6.34,6.12,6.09,5.85,5.66,6.08,5.97,5.42,6.03,5.85,5.8,5.94,5.71,6.02,5.96,6.15,6,6.53,5.58,6.29,6.1,5.8,5.87,5.33,5.75,5.87,5.95,6.03,5.79,6.1,5.55,6.23,6.12,6.09,6.07,6.1,5.72,5.8,5.64,5.72,5.63,5.91,6.11,5.57
C11orf49,7.88,8,8.18,8.02,8.22,8.28,7.88,7.96,8.08,7.89,7.86,7.98,7.99,5.05,7.86,7.84,7.91,8.24,8.42,8.1,7.95,7.75,8.02,7.99,7.85,7.83,7.92,7.98,8.05,7.75,5.84,7.12,7.68,7.44,7.54,7.8,7.87,7.8,8.2,8.01,8.04,8.18,8.13,5.95,7.9,7.7,7.82,8.02,7.96,5.85
C11orf49,8.13,7.56,8.23,8.05,7.57,7.6,7.18,8.37,8.15,8.22,7.56,8.08,7.89,5.97,8.02,7.89,7.88,8.25,8.22,8.21,8.16,7.92,7.7,8.18,8.01,8.17,7.93,8.18,7.82,6.7,5.85,6.66,7.73,7.72,7.65,8.32,7.92,8.07,7.72,8.19,7.98,8.08,7.91,6.85,7.94,7.63,7.52,8.14,7.83,6.18
C11orf49,4.96,4.54,4.98,5.13,5.26,5.38,4.8,4.52,5.17,5.03,5.18,4.9,4.68,7.02,5.03,5.25,5.06,5.23,4.86,4.77,5.2,5.2,5.02,5.09,5.04,4.86,5.05,4.97,5.48,4.31,7.35,6.67,4.83,5.01,5.13,5.33,5.08,5.06,4.34,4.73,4.87,5.14,5.91,5.84,5.3,5.23,4.84,5.15,5.07,5.35
C11orf49,6.64,6.6,6.87,6.91,7.09,7.6,7.39,7.05,6.85,6.88,6.57,6.81,6.7,7.04,6.86,6.8,6.66,7.13,7.02,7.07,6.88,6.71,6.71,6.93,6.71,6.81,6.81,6.94,6.91,7.73,7.08,7.23,6.8,6.48,6.9,6.83,7.02,6.87,6.81,7.03,6.81,6.94,6.82,7.59,6.89,6.62,6.79,6.92,6.56,6.97
C11orf49,7.3,6.84,7.27,7.34,6.68,7.11,6.74,7.13,7.22,7.32,6.65,7.21,6.86,5.97,7.11,7.32,7.07,7.29,7.52,7.42,6.9,7.06,6.98,7.35,7.25,7.31,7.04,7.32,6.95,6.18,5.79,6.06,6.84,6.83,6.81,7.14,7.06,7.19,6.92,7.61,7.35,7.21,7.12,5.42,7.04,6.56,6.96,7.11,7.06,6.91
C11orf49,7.57,7.31,7.75,7.51,7.32,7.36,7.16,7.86,7.49,7.58,7.21,7.5,7.32,7.11,7.31,7.52,7.61,7.8,7.92,8,7.65,7.68,7.23,7.5,7.76,7.81,7.63,7.61,7.49,5.86,4.98,6.78,7.31,7.48,7.41,7.51,7.7,7.63,6.92,7.79,7.82,7.95,7.74,7.68,7.64,7.32,7.54,7.7,7.51,7.42
C11orf51,9.01,9,9.27,9.14,9.35,9.33,9.64,9.04,9.16,9.15,9.03,8.96,9.1,8.7,8.65,8.74,8.76,9.28,9.32,9.16,8.83,8.76,8.72,8.72,8.59,8.85,9.31,9.17,9.24,9.85,8.77,9.13,8.54,8.51,8.42,8.74,8.95,8.86,9.32,9.26,9.16,9.09,9.15,8.96,9.48,9.5,9.34,9.17,9.27,8.78
C11orf52,4.25,4.27,4.46,4.55,4.61,4.32,4.49,5.01,4.41,4.25,4.51,4.4,4.36,4.88,4.36,4.97,4.58,4.29,4.56,4.5,4.44,4.54,4.55,4.57,4.48,4.43,4.27,4.52,4.61,5.38,7.32,4.88,4.39,4.29,4.41,4.4,4.55,4.37,4.83,4.55,4.34,4.62,4.58,5.28,4.77,4.51,4.76,4.34,4.52,5.49
C11orf53,3.75,3.86,3.65,3.84,3.78,4.3,4.2,3.62,3.65,3.69,3.87,3.82,3.82,4.88,3.85,3.88,3.87,3.88,3.67,3.79,3.76,3.99,3.83,3.53,4,3.4,3.81,4.02,3.73,6.02,6.45,3.99,3.96,3.66,3.92,3.95,3.77,3.88,5.73,3.75,4.11,3.94,4.66,4.36,3.79,4.62,3.85,3.58,3.64,4.38
C11orf54,7.54,7.09,7.12,7.24,7.22,6.89,7.78,7.29,7.35,7.26,7.32,7.44,7.66,6.93,7.04,7.33,7.46,7.34,7.44,7.74,7.39,7.22,7.59,7.24,7.19,7.44,7.09,7.13,7.12,6.82,6.58,7.04,7.04,6.84,6.97,7.03,7.15,7.18,6.77,7.39,7.31,7.15,7.38,6.69,6.92,7.17,7.1,7.41,7.32,5.4
C11orf54,8.99,9.65,9.01,9.03,8.95,8.91,8.49,8.98,9.35,9.16,9.32,9.16,9.46,8.82,9.12,8.99,9.25,9.23,9.41,9.29,9.16,9.05,9.57,9.17,9.12,9.15,9.04,9.05,9.22,8.96,7.93,8.86,8.54,8.71,8.58,9.11,9.14,8.89,8.97,9.11,9.14,9.32,9.24,9,8.96,8.79,8.96,9.08,9.1,8.44
C11orf54,8.04,7.85,7.93,7.89,7.37,7.62,7.36,7.65,8.06,8.06,7.61,8.12,7.97,6.96,8.12,8.13,8.09,8.17,8.32,8.37,7.96,7.98,7.83,8.19,8.02,8,7.72,7.98,7.54,6.26,5.44,6.51,7.71,7.63,7.76,7.99,7.65,7.89,7.78,7.83,7.75,7.69,7.61,7.4,7.68,7.48,7.67,7.97,8.03,6.6
C11orf57,8.8,8.59,8.9,8.75,8.88,8.82,8.24,8.8,8.63,8.7,8.87,8.76,8.63,7.66,8.99,8.8,8.86,8.63,8.61,8.59,8.64,8.7,8.66,8.82,8.86,8.74,8.77,8.8,8.87,7.91,7.82,7.49,8.65,8.88,8.6,8.96,8.96,8.93,8.32,8.77,8.79,8.78,8.75,8.01,8.41,8.46,8.68,8.9,8.84,6.83
C11orf57,8.2,8.1,8.07,8.36,7.94,8,7.59,7.85,8.24,8.11,8.21,8.26,8.23,7.42,8.32,8.38,8.41,7.93,7.94,8.06,8.17,8.18,8.36,8.27,8.32,8.15,8.13,7.99,8.07,7.64,7.22,7.98,8.16,8.21,8.36,8.45,8.28,8.48,8.19,8.14,8.07,8.16,8.32,7.16,8.11,7.55,7.87,8.39,8.34,6.7
C11orf57,7.82,7.5,7.62,7.77,7.41,7.44,6.85,7.3,7.88,7.83,7.59,8,7.84,6.77,8.03,7.86,7.97,7.33,7.49,7.57,7.83,7.85,7.97,8.07,7.9,7.91,7.68,7.56,7.38,6.37,6.12,7.21,7.76,7.88,7.81,8.06,7.68,8.21,6.71,7.7,7.51,7.72,7.69,7.08,7.63,7.22,7.68,8.02,7.8,7.56
C11orf58,8.58,8.96,8.58,8.54,8.54,8.6,8.36,8.51,8.77,8.77,9.02,8.84,8.61,9.38,8.84,8.57,8.65,8.92,8.75,8.99,8.54,8.51,8.6,8.58,8.59,8.72,8.86,8.68,8.77,8.77,8.47,9.05,8.29,8.49,8.49,8.74,8.61,8.49,8.37,8.46,8.59,8.34,8.46,9.12,8.59,8.65,8.7,8.6,8.73,9.28
C11orf58,10.53,10.85,10.4,10.48,10.38,10.34,10.39,10.37,10.77,10.48,10.65,10.68,11.07,10.88,10.42,10.55,10.48,10.5,10.53,10.57,10.66,10.46,10.75,10.36,10.39,10.65,10.59,10.41,10.95,10.31,9.04,10.04,10.43,10.35,10.3,10.37,10.51,10.39,10.42,10.41,10.55,10.37,10.49,10.36,10.57,10.48,10.46,10.65,11.01,9.6
C11orf58,7.02,7.07,7.18,7.34,7.56,7.47,6.34,6.8,7.16,7.22,7.35,7.24,7.22,5.91,6.97,7.03,7.23,7.65,7.78,7.76,7.24,7.15,7.28,6.93,7.47,7.11,7.17,7.16,7.45,6.53,6.1,5.8,6.65,6.65,6.3,7.03,7.24,7.43,5.58,6.74,7.52,7.18,7.59,6.31,7.67,7.69,7.56,7.4,7.47,5.17
C11orf58,8.59,8.75,8.71,8.65,8.42,8.43,8.12,8.64,8.73,8.77,8.73,8.67,8.53,8.5,8.65,8.56,8.66,8.9,8.94,9.02,8.43,8.58,8.59,8.69,8.63,8.55,8.62,8.71,8.34,7.33,7.27,7.98,8,8.38,8.14,8.56,8.38,8.56,7.11,8.52,8.45,8.37,8.53,7.7,8.89,8.89,9.01,8.56,8.56,8.54
C11orf58,10.84,10.57,10.66,10.72,10.38,10.44,10.24,10.38,11.06,10.73,10.49,10.83,11.14,10.03,10.71,10.73,10.79,10.64,10.79,10.77,10.88,10.52,10.76,10.64,10.56,10.78,10.65,10.62,10.56,10.2,8.94,9.45,10.57,10.6,10.48,10.54,10.55,10.76,10.16,10.39,10.55,10.51,10.24,9.67,10.74,10.63,10.6,10.73,10.92,9.28
C11orf58,12.14,12.15,12.09,12.14,11.93,11.97,11.96,11.98,12.15,12.09,12.12,12.12,12.23,11.93,12.17,12.24,12.18,12.28,12.12,12.19,12.18,12.09,12.15,11.95,12.09,12.22,12.09,12.05,12.07,11.98,10.41,11.3,12.07,12.07,12.05,12.04,12.08,11.99,11.92,12.01,12.01,12.06,12.02,11.79,12.15,12.11,12.19,12.12,12.14,11.52
C11orf59,10.7,10.74,10.72,10.7,10.62,10.47,10.35,10.67,10.69,10.82,10.58,10.79,10.74,9.66,10.75,10.85,10.76,10.66,10.7,10.62,10.82,10.85,10.71,10.77,10.92,10.8,10.74,10.84,10.78,9.87,8.97,8.77,10.52,10.6,10.57,10.66,10.59,10.82,10.28,10.74,10.66,10.59,10.66,9.39,10.76,10.57,10.83,10.76,10.69,9.38
C11orf59,10.47,10.44,10.51,10.42,10.47,10.4,10.26,10.7,10.41,10.53,10.4,10.56,10.48,9.28,10.44,10.51,10.52,10.4,10.46,10.39,10.54,10.58,10.6,10.51,10.62,10.55,10.45,10.56,10.45,10.24,8.36,8.89,10.28,10.43,10.27,10.45,10.47,10.52,10.23,10.49,10.44,10.48,10.37,9.7,10.51,10.53,10.64,10.53,10.43,9.36
C11orf59,11.29,11.33,11.37,11.33,11.23,11.34,11.13,11.36,11.31,11.36,11.26,11.31,11.33,9.98,11.35,11.33,11.4,11.28,11.32,11.22,11.45,11.42,11.53,11.39,11.45,11.44,11.42,11.39,11.32,11.22,9.08,10.2,11.06,11.22,11.19,11.35,11.23,11.37,11.07,11.4,11.36,11.37,11.25,9.95,11.3,11.37,11.47,11.38,11.29,10.86
C11orf60,8.48,8.54,8.52,8.47,8.69,8.68,8.32,8.56,8.53,8.73,8.59,8.58,8.46,7.47,8.76,8.78,8.78,8.75,8.84,8.89,8.58,8.67,8.73,8.77,8.69,8.66,8.66,8.54,8.62,7.97,6.84,8.04,8.38,8.57,8.53,8.78,8.74,8.89,8.11,8.66,8.78,8.77,8.74,7.98,8.65,8.64,8.81,8.64,8.83,6.22
C11orf61,6.47,5.86,6.01,5.99,5.16,5.13,4.94,5.39,6.18,6.11,5.49,6.24,6.22,5.14,6.19,6.33,6.28,5.81,5.62,6.24,5.84,6.34,5.87,6.11,6.06,5.88,5.89,6.12,5.64,5.11,5.51,5.13,6.16,6.18,5.96,6.1,6.07,6.21,5.03,5.51,5.9,5.81,5.98,3.96,5.59,5.24,5.76,6.23,5.8,5.04
C11orf61,8.97,9.07,9.04,8.87,8.66,8.9,8.95,8.75,9.04,9.09,9.2,8.89,9.04,8.2,8.93,9.08,9.26,8.65,8.79,8.93,9.01,9.04,9.11,8.81,8.99,8.98,8.86,8.98,8.9,8.95,6.98,9.05,9.04,9.06,9.1,9.17,9.08,9.06,8.59,9.06,8.86,9.09,9.1,8.81,8.9,8.84,8.88,8.85,8.96,8.26
C11orf63,3.32,3.41,3.55,3.48,3.58,3.53,3.81,3.52,3.35,3.67,3.7,3.54,3.46,4.07,3.46,3.34,3.32,3.42,3.47,3.56,3.42,3.46,3.45,3.43,3.19,3.24,3.38,3.46,3.33,5.03,5.47,4.02,3.5,3.58,3.51,3.41,3.36,3.35,4.21,3.55,3.39,3.51,3.69,3.73,3.55,3.61,3.55,3.39,3.54,3.8
C11orf63,3.93,3.91,3.78,4.03,4.49,3.96,3.81,4.06,3.89,4.18,4.46,4.07,3.94,4.17,3.98,4.08,3.81,3.78,3.99,3.81,4.24,4.07,4.15,4.15,3.8,3.93,3.8,3.97,3.99,4.68,6.2,4.81,4.12,4,3.92,3.93,4.47,4.05,3.78,3.98,3.75,3.73,3.92,4.37,3.81,4.2,3.83,4,3.76,4.64
C11orf65,5.22,4.85,5.45,5.28,4.84,5.77,4.52,5.14,5.35,5.06,5.21,5.21,5.13,5.43,5.33,5.12,5.48,5.26,5.64,5.63,5.35,5.15,5.05,5.4,5.39,5.92,5.3,5.3,5.44,4.73,5.95,6.24,5.08,5.07,5.15,5.68,5.43,5.39,5.26,5.41,5.48,5.26,5.2,4.6,5.52,5.46,5.16,4.94,4.98,5.33
C11orf65,4.61,4.28,4.28,4.23,4.4,3.88,4.02,4.41,4.3,4.51,4.41,4.05,4.31,3.94,4.35,4.05,4.42,4.32,4.32,4.86,4.72,4.2,4.55,4.02,4.38,4.52,4.49,4.69,4.22,4.03,4.91,5.74,4.28,4.6,4.51,4.77,4.43,4.32,4.31,4.34,4.4,4.68,4.2,4.57,4.72,4.08,5.1,4.5,4.5,4.33
C11orf65,4,3.7,3.89,3.81,3.5,3.89,4.04,3.76,3.78,3.74,3.58,3.52,3.74,4.57,3.77,3.89,3.87,4.09,3.85,3.89,4.15,3.79,4.02,3.81,3.49,3.68,3.86,3.76,3.79,3.9,5.19,5.51,3.49,3.61,4.02,3.74,4.17,3.53,4.66,4.45,3.88,4.07,3.85,6.12,3.97,4.37,3.93,3.9,4.34,5.03
C11orf66,4.51,4.33,4.84,4.86,5.58,4.87,4.68,5.25,4.5,4.62,4.62,4.49,4.59,4.42,4.57,4.22,4.54,4.87,5.15,4.63,4.96,4.66,4.62,4.73,4.65,4.9,4.33,4.61,4.74,4.61,4.07,4.57,4.63,4.51,4.36,4.64,4.27,4.6,5.11,4.56,4.97,4.66,5.08,4.84,4.85,5.11,5.03,5.1,4.4,6.13
C11orf67,7.37,7.19,7.69,7.64,7.8,7.65,7.98,7.65,7.46,7.53,7.27,7.6,7.36,6.34,7.74,7.68,7.83,7.77,7.92,7.83,7.73,7.76,7.61,8.1,8.02,7.88,7.58,7.5,7.59,7.02,6.19,5.24,7.61,7.55,7.61,7.92,7.61,7.79,7.91,8.16,8.09,7.78,8.01,6.74,8.3,7.78,8.1,7.82,7.46,6.17
C11orf67,6.28,6.14,6.55,6.24,6.64,6.58,6.61,6.35,6.39,6.35,6.39,6.53,6.39,6.22,6.46,6.45,6.51,6.32,6.52,6.35,6.39,6.34,6.09,6.36,6.52,6.57,6.72,6.25,6.49,5.11,5.94,6.13,7.04,6.56,6.42,6.33,6.49,6.37,6.68,6.41,6.55,6.71,6.73,6.27,6.78,6.71,6.75,6.38,6.53,6.51
C11orf68,6.2,6.2,6.61,6.39,6.79,6.55,5.68,6.33,6.12,6.42,6.07,6.16,6.19,7.2,6.6,6.7,6.43,6.43,6.67,6.34,6.34,6.52,6.56,6.5,6.61,6.42,6.41,6.35,6.78,5.45,6.21,6.92,6.42,6.47,6.41,6.68,6.77,7.13,6.36,6.33,6.5,6.63,6.36,6.57,6.41,6.49,6.16,6.56,6.19,5.77
C11orf70,5.28,5.68,5.06,5.22,5.41,4.89,4.6,4.74,5.51,5.54,5.61,5.52,5.26,6.36,4.73,5.01,5,5.3,5.53,5.24,5.13,5.18,5.12,4.79,4.7,4.79,5.35,5.32,5.1,4.11,4.48,5.64,4.89,4.6,4.71,4.82,4.83,5.26,4.92,5.21,5.05,5.14,4.68,5.17,5.53,4.79,4.7,4.95,5.19,4.75
C11orf70,4.79,4.34,4.79,4.6,4.65,5.25,4.35,4.77,4.7,4.73,4.82,4.87,4.77,5.92,4.65,4.56,4.43,4.73,5.12,5,4.78,4.62,4.3,4.21,4.23,4.09,4.59,4.76,4.41,4.33,5.11,4.95,4.46,4.76,4.51,4.73,4.53,4.62,4.23,4.84,4.92,4.74,4.48,5.51,4.9,4.49,5,4.87,4.89,3.83
C11orf71,7.03,6.79,7.29,7.14,7.07,7.25,6.64,7.22,7.18,7.09,6.97,6.93,6.9,5.55,6.98,6.79,7.11,7.13,7.36,7.16,7.36,7.03,7.01,7.08,7.13,7.17,7.27,7.07,6.88,6.28,6,6.01,6.55,6.99,6.95,6.84,7.06,7.23,6.43,7.17,7.07,7.29,7.01,5.54,7.51,7.45,7.47,7.19,7.46,6.06
C11orf71,7.89,7.87,8.02,8.01,7.63,7.83,6.84,7.95,8,8.03,8.06,8.1,7.92,7.01,7.68,7.73,7.66,7.76,7.94,7.68,8.08,7.83,8.07,7.87,7.92,7.82,7.97,8.05,8.12,6.38,6.16,7.17,7.42,7.39,7.43,7.85,7.4,7.95,7.09,7.88,7.77,7.93,7.97,6.89,8.49,8.53,8.66,7.81,7.75,5.77
C11orf73,10.91,10.93,10.93,10.9,10.9,10.85,10.76,10.89,11,10.95,11,11.01,11.05,8.5,10.9,10.94,10.96,10.98,10.99,10.93,10.94,10.81,10.84,10.76,10.86,10.95,11.01,10.91,10.96,10.81,7.38,8.27,10.8,10.81,10.71,10.89,11,10.9,10.7,10.86,10.95,10.82,10.92,9.39,11.03,10.9,10.98,10.93,11,9.3
C11orf73,5.34,5.18,5.15,5.27,4.59,4.79,4.98,5.16,5.37,5.34,5.13,5.39,5.36,5.4,5.43,4.9,5.23,5.1,5.14,5.38,5.1,5.19,5.33,5.06,5.29,5.16,5.11,5.45,5.15,4.17,5.1,4.41,5.15,5.17,4.72,5.23,4.91,5.31,4.35,4.99,4.85,5.17,4.66,4.4,4.72,4.87,4.55,5.63,5.35,4.03
C11orf74,4.12,4.09,3.79,4.1,4.58,4.35,3.98,4.19,4.27,4.07,4.07,4.17,4.04,4.54,4.22,4.49,4,4.36,4.6,4.26,4.38,4.48,4.25,4.34,4.35,4.15,4.28,4.24,4.49,4.68,5.63,5.19,3.89,4.02,4.2,3.94,4.49,4.23,5.25,4.25,4.42,4.83,4.36,5.98,4.36,4.72,4.9,4.34,4.24,5.26
C11orf74,6.76,6.74,6.89,6.82,6.54,6.71,7.02,6.95,6.65,6.84,7.12,6.73,6.64,6.94,7.11,7.34,7.17,6.87,7.01,7.08,6.91,7.17,6.66,7.12,7.1,7.03,6.84,6.87,7.03,7.7,7.44,8.08,7,6.83,7.01,7.23,7.31,6.98,6.58,6.81,6.45,7.15,6.93,7.96,6.99,7.32,7.59,6.91,6.8,8.2
C11orf74,4.85,4.52,4.49,5.07,4.33,4.54,4.74,5.02,4.67,4.57,4.73,4.83,4.58,4.53,5.26,5.31,4.73,5.05,4.97,5.25,5.02,4.79,5.14,4.9,4.88,4.76,4.73,4.67,4.93,6.02,5.19,4.41,4.64,4.69,4.63,4.81,4.78,5.16,5.61,4.61,4.83,5,4.9,5.03,5.18,4.9,4.93,4.69,4.67,4.48
C11orf74,3.34,3.63,3.8,3.69,3.56,3.48,3.36,3.39,3.3,3.47,3.69,3.56,3.52,4.35,3.76,3.47,3.51,3.48,3.43,3.49,3.53,3.64,3.51,3.46,3.43,3.52,3.8,3.43,3.45,4.44,5.21,5.48,3.7,3.61,3.87,3.31,4.38,3.75,3.48,3.29,3.72,3.36,3.69,3.78,3.53,3.97,3.35,3.44,3.66,3.46
C11orf74,3.78,3.64,3.65,3.68,4.05,3.44,4.19,3.78,3.53,3.47,3.64,3.75,3.61,4.13,3.99,3.75,3.79,3.93,3.77,3.9,3.73,3.95,3.76,3.94,4.08,3.56,3.61,3.86,3.5,4.26,4.61,3.66,3.6,3.87,3.69,3.58,4.19,3.67,3.94,3.82,3.67,3.58,3.72,4.5,3.68,3.95,3.8,3.74,3.69,4.33
C11orf75,8.25,8.01,8.2,8.09,8.14,8.2,8.5,8.38,8.23,8.27,8.06,8.08,7.87,5.39,7.97,7.9,7.94,8.17,8.28,8.31,8.12,8.06,7.77,7.77,7.85,7.93,8.27,8.36,8.14,7.28,4.87,6.74,8.05,7.98,7.94,8.12,8.16,8.04,7.59,7.95,8.05,8.32,8.08,5.7,8.36,8.2,8.18,8.02,8.02,4.28
C11orf75,9.06,8.71,9.23,9.2,9.12,9.03,8.31,9.03,9.21,9.2,9.15,9.01,8.73,8.71,8.9,8.84,9.09,9.05,9.05,9.14,8.72,8.97,8.79,8.95,8.87,8.82,9.23,9.45,9.03,8.25,8.49,7.66,8.68,8.7,8.84,9.24,8.94,9.03,8.22,8.98,9.1,9.35,8.98,7.99,9.32,9.18,9.44,9.09,9.01,8.26
C11orf75,9.94,9.78,10.09,10.05,9.92,10.01,9.53,10.06,10.07,10.06,9.92,9.82,9.73,8.51,9.67,9.71,9.87,9.92,10,9.85,9.74,9.8,9.6,9.64,9.82,9.81,10.11,10.15,10.03,9.36,9.39,9.34,9.59,9.61,9.53,9.94,9.81,10.01,9.56,9.93,9.95,10.19,10.05,9.11,10.17,10.11,10.12,9.89,9.95,8.73
C11orf76,3.61,3.68,3.59,3.69,3.68,3.54,3.55,3.58,3.63,3.49,3.58,3.55,3.63,4.03,3.51,3.58,3.28,3.72,3.44,3.55,3.79,3.64,3.54,3.48,3.68,3.68,3.68,3.16,4.2,3.93,4.48,3.94,3.31,3.61,3.98,3.49,3.67,3.49,3.99,3.47,3.52,3.58,3.91,4.03,3.66,3.61,3.52,3.49,3.46,3.94
C11orf80,7.18,7.03,7.29,7.06,7.14,7.49,6.54,6.85,7.02,7.1,7.11,6.97,6.67,5.05,6.68,6.93,6.8,7.04,7.16,7.26,6.49,6.59,6.94,6.99,6.79,7.06,7.29,6.96,7.02,5.75,6.88,6.14,6.49,6.93,6.77,6.72,7.14,7.22,6.09,7.11,6.85,7.38,7.49,5.55,7.42,7.49,7.07,7.03,6.88,5.66
C11orf82,8.98,9.11,8.96,9.04,9.02,9.08,8.16,9.1,8.99,9.02,9.24,8.88,8.68,7.48,9.29,9.26,9.31,8.75,8.71,8.72,8.16,8.38,8.33,8.64,8.69,8.59,9.09,9.2,9.07,8.63,6.24,7.76,9.86,9.96,10.04,9.37,9.27,9.3,8.88,9.33,9.23,8.53,8.23,7.16,8.2,8.16,8.54,9.05,9.01,7.63
C11orf82,4.78,4.21,4.43,4.74,3.83,3.64,4.84,4.62,4.38,4.47,3.98,4.58,4.49,5.12,4.6,5.27,5.03,4.27,4.2,4.52,4.19,4.33,4.06,4.62,4.46,4.27,4.23,4.37,3.71,4.54,4.58,5.63,5.72,5.47,5.34,4.6,4.58,4.92,4.09,4.48,3.71,3.74,3.96,4.57,4.71,4.37,4.2,4.66,4.32,4.29
C11orf83,7.77,7.82,8.23,8.12,8.35,8.19,8.19,8.13,7.81,7.82,7.67,7.9,7.61,5.99,7.55,7.36,7.52,8.26,8.14,8.1,7.05,7.17,7.24,7.42,7.32,7.28,7.95,7.98,8.03,7.44,6.35,5.92,7.17,7.1,7.08,7.57,7.64,7.52,8.52,8.13,8.1,7.95,8.04,7.14,8.11,8.02,7.92,8,7.71,6.53
C11orf83,4.02,4.13,4.73,4.41,4.55,4.73,5.06,4.64,4.36,4.41,4.14,4.3,4.41,5.2,4.15,3.83,4.17,4.89,4.87,4.41,4.79,4.31,3.92,4.49,4.03,4.15,4.5,4.48,4.06,3.74,7.65,4.15,3.74,4.18,4.09,4.57,4.41,4.52,4.87,4.32,4.27,5.21,4.47,4.58,4.59,4.52,4.28,4.29,4.1,4.62
C11orf84,7.05,7.18,7.51,7.47,7.48,7.67,6.67,7.31,7.42,7.22,7.38,7.08,7.11,6.7,7.31,6.75,7.33,7.12,7.03,7.17,6.63,6.52,6.89,7.19,6.92,7.08,7.5,7.32,7.35,7.09,7.8,7.17,7.31,7.62,7.31,7.21,7.42,7.25,7.4,7.63,7.51,7.13,7.49,6.77,7.19,6.72,7.12,7.46,7.44,6.66
C11orf85,5.11,5.15,5.26,5.41,5.42,5.05,5.67,5.35,5.25,5.22,5.44,5.27,5.12,5.07,5.09,5.65,5.09,5.12,5.35,5.26,5.27,5.29,4.9,5.26,5.28,5.55,5.11,5.47,5.5,4.9,5.69,5.17,5.27,5.22,5.19,5.04,5.41,5.22,5.09,5.36,5.18,5.55,5.28,6.73,5.41,5.4,5.49,4.91,5.06,6.64
C11orf86,4.04,4.22,4.23,4.42,4.68,4.48,4.46,4.46,4.48,4.26,4.35,4.23,4.3,5.48,4.35,4.18,4.15,4.23,4.66,4.42,4.45,4.52,4.37,4.33,4.55,4.3,4.42,4.5,4.45,4.44,5.05,4.88,4.24,4.19,4.2,4.39,4.47,4.31,4.88,4.47,4.57,4.19,4.53,4.6,3.93,4.31,3.89,4.63,4.13,5.66
C11orf87,4.26,4.8,4.38,4.45,5.04,4.67,4.13,4.43,4.4,4.28,4.48,4.39,4.45,6.02,4.3,4.31,4.4,4.3,4.18,4.52,4.62,4.34,4.76,4.81,4.35,4.33,4.48,4.6,4.46,3.88,6.53,5.28,4.53,4.65,4.65,4.04,4.64,4.49,3.48,4.63,4.77,4.4,4.51,5.79,4.44,4.6,4.79,4.3,4.55,6.01
C11orf87,3.62,3.63,3.6,3.8,3.94,3.73,3.59,4.16,3.54,3.7,3.74,3.6,3.75,4.37,3.86,3.92,3.65,3.56,3.63,3.75,3.9,3.73,3.73,3.77,3.73,3.82,3.86,3.9,3.58,3.83,5.85,5.48,3.53,3.47,3.73,4.08,3.79,3.6,4.34,3.75,3.83,3.76,3.64,4.26,3.66,3.6,3.73,3.75,3.72,4.21
C11orf88,3.91,3.98,4.27,3.86,4.21,4.32,4.82,3.93,3.94,4.1,3.97,4,4.05,4.43,4.13,4.05,4.11,4.28,3.95,4.14,3.99,3.96,3.83,4.22,3.96,3.82,3.96,4,4.07,4.52,4.02,6.01,3.83,4.2,3.97,3.85,4.55,4.01,5.03,3.91,3.92,4.2,4.12,4.78,4.04,4.57,3.83,4.03,3.9,4.37
C11orf9,7.37,7.53,7.74,7.98,8.18,7.84,7.93,8,7.43,7.65,8.05,7.43,7.27,7.6,7.85,7.78,7.6,7.15,7.43,7.2,7.8,8.02,8.23,7.86,7.95,7.48,7.63,7.61,7.8,6.82,6.24,5.69,8.19,8.52,8.43,8.06,8.02,8.12,7.83,7.86,8.1,8.35,7.96,7.9,7.48,7.28,7.45,7.9,7.91,6.96
C11orf9,4.33,4.23,3.92,4.27,4.72,4.65,4.09,4.44,4.22,4.08,4.43,4.16,4.09,4.76,3.85,4.32,4.27,4.49,4.23,4.28,4.25,4.19,4.17,4.2,4.13,3.98,4.07,4.28,4.29,4.59,5.63,4.5,4.21,4.5,4.45,4.5,4.16,4.21,4.52,4.39,4.04,4.52,4.44,5.01,4.1,4,4.48,4.19,4.41,5.4
C11orf90,6.19,5.83,6.48,6.3,6.5,6.99,7.71,6.27,6.32,5.91,6.49,6.35,6.54,9.38,6.06,6.46,6.31,6.61,6.37,6.24,6.13,6.39,6.25,5.99,6.23,6.27,6.01,6.69,6.42,6.83,10.22,9.83,6.02,6.14,6.25,6.18,6.91,6.19,7.36,6.2,6.31,6.63,6.47,8.3,6.54,7.06,6.81,6.39,6.73,8.86
C11orf90,4.82,5.06,4.86,5.01,4.91,5.41,5.19,4.99,5.04,5.16,4.68,5.11,5.11,5.58,5.12,5.04,4.71,5.01,4.74,4.82,4.73,5.12,5.05,4.95,4.8,5.12,4.97,4.87,5,5.44,5.57,6.42,5.11,5.31,5.14,5.02,4.93,4.68,5.68,5.09,5.1,4.96,5.28,5.6,4.3,5.39,5.33,4.88,4.78,5.14
C11orf90,3.43,3.53,3.65,3.58,3.42,3.65,3.97,3.63,3.53,3.72,3.75,3.56,3.61,3.51,3.48,3.52,3.56,3.65,3.61,3.25,3.76,3.9,3.73,3.36,3.5,3.87,3.54,3.54,3.37,3.5,3.99,4.94,3.4,3.39,3.3,3.29,3.43,3.59,3.57,3.57,3.64,3.56,3.9,4.89,3.48,3.49,3.62,4.01,3.42,3.74
C11orf92,3.74,3.64,3.62,3.79,3.9,4.22,4.16,3.9,3.72,3.5,3.42,3.72,3.72,3.74,3.59,3.53,3.69,3.72,3.96,3.81,3.58,3.74,3.69,3.78,3.94,3.7,3.85,3.82,3.74,4.52,5.56,5.2,4.01,4.04,3.86,3.96,4.34,3.63,4.11,3.91,3.92,3.7,3.8,4.85,3.68,3.59,3.98,3.88,3.82,4.57
C11orf92,3.76,4.22,3.72,4.09,3.82,3.72,3.82,3.59,4,3.94,4.03,3.7,3.83,4.55,3.89,3.85,3.83,4.07,3.92,3.96,3.61,3.87,3.82,3.86,3.63,3.54,4.06,4.09,3.95,3.93,4.3,3.55,3.58,3.85,3.84,3.96,3.55,3.83,3.82,3.78,3.68,4.31,4.08,4.13,3.66,3.62,3.63,3.78,3.82,3.74
C12orf10,8.72,8.69,8.86,8.77,8.73,8.94,8.73,8.91,8.77,8.64,8.52,8.81,8.68,6.72,8.65,8.6,8.73,8.88,8.84,8.77,8.79,8.51,8.66,8.71,8.7,8.61,8.9,8.83,8.83,8.4,7.32,7.41,8.33,8.58,8.49,8.81,8.74,8.77,7.57,8.69,8.57,8.89,9.02,7.55,8.84,8.64,8.93,8.87,8.83,6.65
C12orf10,3.84,3.68,3.9,3.89,4.31,4.03,5.15,3.98,3.73,3.68,4.03,3.74,3.66,5.15,4.29,4.06,4.09,3.84,4.01,3.85,3.76,4.03,3.66,3.66,4.14,3.61,4.12,3.89,3.83,4.37,4.25,5.5,3.84,3.67,4.2,3.86,3.91,4.1,4.31,3.94,3.99,3.96,4.33,4.51,4,3.99,4.11,3.96,3.73,4.8
C12orf11,7.89,7.8,7.83,7.65,7.66,7.73,7.95,7.87,8.09,7.86,7.89,7.63,7.96,7.84,7.22,7.31,7.41,7.71,7.68,7.61,7.67,7.57,7.64,7.23,7.27,7.59,7.82,7.66,7.85,7.96,7.48,6.73,7.72,7.58,7.47,7.32,7.18,7.45,6.94,7.81,7.63,7.27,7.63,6.77,7.82,7.67,7.57,7.68,8.22,6.61
C12orf11,8.65,8.98,8.49,8.58,8.5,8.43,8.21,8.47,8.64,8.71,8.82,8.63,8.52,8.74,8.04,8.07,8.17,8.54,8.51,8.49,8.53,8.37,8.53,8.12,8.1,8.13,8.63,8.55,8.72,8.19,7.57,8.7,8.33,8.47,8.19,7.95,8.01,7.99,8.24,8.46,8.49,8.33,8.47,8.61,8.57,8.37,8.38,8.57,8.62,6.87
C12orf12,4.11,4.43,3.98,4.03,4.06,4.06,4.35,3.93,3.99,4.17,4.17,3.9,3.96,5.02,4.09,4,4.27,4.01,4.04,4.13,4.08,4.04,4.16,4.27,4.36,4.08,4.08,4.36,4.12,6.55,6.66,4.99,4.1,4.23,3.94,4.09,3.98,4.11,4.81,4.07,4.2,4.38,4.13,4.88,4.58,4.07,4.38,4.19,4.06,4.58
C12orf12,3.79,4,3.61,3.75,3.59,3.54,4,3.42,3.82,4.12,3.68,3.8,3.81,4.68,3.49,3.97,3.57,3.56,3.77,3.54,4.18,4.03,3.73,3.6,3.69,3.66,3.86,4.2,3.77,3.94,4.15,3.84,3.83,3.78,3.85,3.59,3.62,3.95,3.8,3.51,3.83,3.68,3.85,3.66,3.87,3.67,3.72,3.56,3.67,3.76
C12orf23,7,6.87,6.67,6.9,6.45,6.34,5.65,6.18,7.11,6.74,6.78,7.09,7.03,5.41,7.54,7.17,7.47,6.85,6.91,6.74,7.22,7.24,7.17,7.47,7.11,7.39,6.41,6.6,6.35,5.2,6.34,5.28,7.5,7.37,7.41,7.22,6.82,7.32,5.89,6.56,6.57,5.74,5.76,5.14,6.69,6.37,6.51,6.99,6.89,4.82
C12orf23,9.51,9.88,9.56,9.61,9.6,9.51,9.46,9.37,9.83,9.54,9.8,9.75,9.76,8.81,10.28,10.16,10.18,9.38,9.47,9.43,10.05,9.93,10.23,10.1,10.13,10.14,9.6,9.47,9.63,9.2,6.58,8.57,10.24,10.18,10.13,10.14,10.03,9.97,9.39,9.7,9.54,9.41,9.47,8.88,9.64,9.56,9.67,9.66,9.8,8.5
C12orf24,9.69,9.98,9.81,9.62,9.62,9.72,9.35,9.62,9.77,9.84,9.91,9.42,9.4,9.67,9.26,9.23,9.43,9.74,9.71,9.67,9.17,8.97,9.25,8.87,8.76,8.78,9.95,9.86,9.61,9.3,9.46,9.27,8.94,9.11,9.08,9.31,9.22,9.27,9.42,9.58,9.55,9.37,9.17,9.54,9.39,9.31,9.47,9.68,9.57,8.49
C12orf24,6.54,6.44,6.57,6.46,6.54,6.58,6.4,6.66,6.54,6.68,6.26,6.28,6.09,6.29,5.92,6.39,6.22,6.23,6.61,6.74,6.09,5.93,5.86,5.96,5.92,5.9,6.39,6.48,6.72,5.98,5.4,6.53,5.91,5.93,5.88,6.2,6.15,6.15,6.86,6.6,6.2,6.4,6.21,6.09,6.2,6.41,6.42,6.42,6.21,6.41
C12orf24,3.57,3.84,4.07,3.94,3.95,4.12,4.08,4.13,3.94,3.95,3.82,3.78,3.47,4.39,3.91,3.63,3.69,4.16,3.71,3.87,3.77,3.69,3.48,4.28,4.09,3.68,3.73,3.76,3.55,4.1,5.13,4.9,3.56,3.69,4.04,3.78,3.65,3.81,3.86,4.1,3.86,3.87,3.8,3.85,3.99,3.6,3.82,3.47,3.86,4.77
C12orf26,6.74,6.87,6.78,6.94,7.03,6.97,6.1,6.82,6.71,6.89,6.62,6.77,6.69,6.62,6.52,6.74,6.7,6.86,6.91,6.97,6.62,6.68,6.72,6.81,6.97,6.71,6.9,6.92,6.62,6.36,7.06,5.67,6.31,6.4,6.32,6.55,6.37,6.71,6.09,7.28,7.08,6.56,6.51,5.17,6.94,6.6,7.12,6.94,6.85,6.21
C12orf28,5.01,4.94,4.73,4.95,4.94,4.33,4.59,4.42,4.77,5.11,5.25,5.34,4.96,5.08,4.53,4.44,4.96,4.75,4.78,4.98,4.92,4.68,4.84,4.98,4.9,4.81,5.03,4.93,5.38,4.54,4.86,5.57,4.71,4.39,4.38,4.75,4.86,4.37,5.23,4.77,4.55,4.99,4.81,4.86,5.28,4.73,4.83,5.21,5.29,5.24
C12orf29,8.14,8.23,8.14,8.25,8.03,7.96,7.23,8.23,8.38,8.36,8.16,8.13,8.29,6.56,8.22,8.13,8.02,8.01,8.02,8.14,7.39,7.77,7.7,7.86,8.01,7.72,8.35,8.23,8.13,7.4,4.78,5.75,8.51,8.53,8.55,8.2,7.93,8.17,6.96,8.25,8.1,7.51,7.34,6.07,8.16,8.01,8.2,8.05,8.11,6.94
C12orf29,7.83,8.3,7.85,7.85,8.21,7.81,7.99,7.61,7.86,7.88,8.23,7.88,7.67,6.66,7.97,7.87,7.92,8.04,8.17,7.97,7.4,7.62,7.98,7.81,7.63,7.7,7.97,7.68,7.87,7.23,5.66,7.73,7.75,7.9,7.81,7.98,7.71,7.72,7.18,7.77,7.49,7.8,7.89,7.41,8.03,8.03,8.1,7.74,7.8,7.44
C12orf30,6.15,6.83,6.35,6.44,6.25,6.14,5.99,6.11,6.65,6.47,7.03,6.54,6.41,6.85,6.49,6.11,6.44,6.41,6.69,6.67,6.16,5.96,6.62,6.19,6.2,6.01,6.51,6.56,6.72,5.83,7.11,5.99,6.07,6.35,6.22,6.63,6.16,6.17,5.64,6.21,6.32,6.38,6.26,7.09,6.37,6.01,6.33,6.44,6.76,5.92
C12orf30,8.07,8.42,8.23,8.33,8.36,8.24,8.23,8.18,8.32,8.24,8.74,7.91,8.05,8.72,8.16,7.92,8.14,8.32,8.33,8.33,7.97,7.84,8.04,7.94,8.01,8.01,8.38,8.31,8.27,8.35,8.37,8.57,8.17,7.99,8.19,8.26,8.36,8.13,7.62,8.15,8.27,8.42,8.44,8.93,8.24,8.21,8.1,8.34,8.3,7.69
C12orf30,9.14,9.42,9.07,9.19,8.9,8.94,8.76,8.86,9.14,9.31,9.33,9.21,9.17,7.81,9.01,8.96,9,9.11,9.08,9.16,8.71,8.91,8.82,8.97,8.98,8.78,9.2,9.15,9.14,9.06,8.25,9.58,8.87,8.93,9.03,9,8.69,8.89,8.67,8.78,8.92,9.01,8.8,7.95,9.04,8.52,8.87,9.08,9.12,7.84
C12orf30,8.82,8.89,8.8,8.84,8.48,8.52,8.53,8.69,8.77,8.89,8.86,8.65,8.49,8.48,8.77,8.83,8.75,8.83,8.9,8.93,8.32,8.44,8.41,8.63,8.61,8.48,8.94,8.88,8.77,7.61,7.3,8.03,8.6,8.62,8.59,8.74,8.41,8.44,8.17,8.86,8.5,8.85,8.48,7.46,8.56,8.49,8.7,8.72,8.59,8.58
C12orf32,10.12,9.99,10.12,10.11,10.21,10.09,9.9,10.15,10.08,10.11,10.08,10.02,9.99,9.03,9.92,9.91,9.96,10.03,9.94,9.82,9.69,9.72,9.67,9.58,9.68,9.69,10.16,10.1,9.98,9.67,6.38,8.36,10.3,10.33,10.23,9.9,9.85,10.09,9.49,10.11,10.12,9.86,10.05,8.84,9.69,9.78,9.61,10.09,9.97,7.82
C12orf33,3.83,3.64,3.51,3.63,3.86,3.55,4.33,3.58,3.78,3.68,3.53,3.63,3.65,4.1,3.46,3.51,3.68,3.5,3.64,3.48,3.75,3.62,3.66,3.52,3.54,3.85,3.9,3.57,3.82,4.33,4.3,4.31,3.88,3.66,3.57,3.49,4,3.68,4.01,3.66,3.98,3.64,3.72,4.07,3.55,3.53,3.52,3.62,3.58,3.83
C12orf33,3.45,3.58,3.57,3.6,3.68,3.77,3.94,3.89,3.7,3.63,3.59,3.6,3.57,3.72,3.53,3.71,3.54,3.76,3.52,3.48,3.72,3.56,3.62,3.61,3.35,3.45,3.64,3.63,3.83,6.24,3.89,4.12,3.71,3.4,3.44,3.57,3.51,3.47,3.87,3.48,3.75,3.5,3.38,3.79,3.57,3.78,3.57,3.71,3.71,3.74
C12orf33,3.59,3.45,3.61,3.48,3.77,4.02,3.94,3.37,3.49,3.48,3.66,3.46,3.65,4.78,3.43,3.46,3.37,3.59,3.61,3.56,3.5,3.43,3.5,3.59,3.37,3.56,3.35,3.65,3.62,5.09,5.62,3.96,3.61,3.84,3.48,3.52,3.77,3.51,4.41,3.4,3.71,3.55,3.57,3.66,3.64,3.54,3.59,3.39,3.84,3.95
C12orf34,5.61,5.66,5.78,5.87,6.18,5.52,5.23,5.44,5.7,6,5.45,5.51,5.54,5.88,5.75,5.99,5.82,5.69,5.57,5.82,5.81,5.71,6.01,5.84,5.85,6.01,6.1,5.71,5.97,5.54,7.42,5.9,6.53,6.56,6.43,5.69,5.49,5.6,5.59,5.66,5.86,5.79,5.55,6.04,5.57,5.22,5.33,5.49,5.61,6.07
C12orf34,6.26,6.36,6.3,6.36,6.32,5.87,5.13,6.67,6.1,6.04,6.62,6.29,6.14,7,6.51,6.39,6.42,6.09,5.61,6.16,6.19,6.62,6.67,6.72,6.41,6.22,6.24,6.2,6.37,4.98,5.81,5.75,7.13,7.38,7.2,6.37,6.24,6.39,6.76,6.4,6.57,6.29,6.22,5.61,5.73,5.85,6.04,6.46,6.57,7.27
C12orf35,7.07,7.38,7.22,7.11,6.94,7.27,6.38,6.93,7.59,7.34,7.14,7.19,7.32,6.66,7.26,7.03,7.28,7.43,7.24,7.36,7.03,6.9,7.58,7.08,7.26,7.22,7.33,6.96,7,7.28,4.93,6,7.29,7.31,7.1,7.25,7.39,7.26,6.52,7.03,7.19,6.9,7.17,6.6,6.71,6.11,6.65,7.16,7.34,6
C12orf35,7.25,7.4,7.26,7.15,7.11,6.63,6.27,6.85,7.38,7.17,7.34,7.3,7.52,7.2,7.24,6.99,7.53,7.34,7.19,7.37,7.13,7.03,7.7,7.08,7.21,7.19,7.33,6.93,7,6.45,5.31,6.27,7.12,7.33,7.22,7.35,7.4,7.25,6.43,7.25,7.22,6.92,7.3,6.54,6.56,6.48,6.73,7.33,7.56,6.03
C12orf36,4.17,4.42,4.22,4.13,4.06,4.12,4.22,3.37,4.13,3.96,4,4.13,4.15,4.19,4.54,4.07,4.22,3.89,3.96,4.23,4.16,4.26,4.4,4.17,4.21,4.08,3.75,4.31,4.15,4.01,5.15,4.56,4,4.25,4.16,4.28,4.12,3.8,4.59,4.14,3.75,3.86,3.92,4.12,4.08,3.65,4.14,3.88,3.97,4.29
C12orf36,3.81,3.86,3.66,3.8,3.94,3.59,3.65,3.72,3.65,3.54,3.54,3.68,3.77,3.76,3.61,3.59,3.67,3.58,3.65,3.6,3.6,3.76,3.81,3.58,3.94,3.97,3.62,3.69,4.02,3.54,4.88,4.59,3.77,3.56,3.52,3.47,3.54,3.91,3.91,3.81,3.75,3.82,3.64,3.9,3.66,4.22,3.7,3.5,3.65,4.38
C12orf36,3.61,3.96,3.99,3.85,4.04,3.85,3.85,3.7,4.07,3.62,4.11,3.99,3.76,4.45,3.97,3.97,3.96,3.75,3.98,3.9,3.8,4.07,3.95,4.46,3.9,3.85,3.89,4,3.9,4.07,5.13,5.65,3.6,3.38,3.82,3.66,3.86,3.83,3.65,3.92,3.64,4.19,3.76,6.3,3.96,4.51,3.98,3.95,3.85,5.07
C12orf39,4.87,4.52,4.7,4.49,4.65,4.72,5.07,4.53,4.5,4.53,4.58,4.5,4.65,5.3,4.36,4.51,4.72,4.88,4.44,4.58,4.59,4.58,4.53,4.31,4.46,4.14,4.62,4.49,4.54,5.36,4.86,4.84,4.53,4.58,4.65,4.25,4.27,4.52,4.38,4.39,4.47,4.55,4.62,5.14,5.02,4.89,4.6,4.76,4.46,4.94
C12orf39,3.52,3.49,3.41,3.63,3.69,3.64,4.21,3.75,3.37,3.48,3.48,3.54,3.27,3.77,3.19,3.5,3.83,3.53,3.43,3.42,3.54,3.34,3.32,3.23,3.25,3.49,3.45,3.37,3.66,4.36,3.99,5.25,3.55,3.34,3.33,3.34,3.73,3.35,4.62,3.42,3.55,3.62,3.57,4.3,3.57,4.34,3.68,3.33,3.52,4.8
C12orf4,7.9,7.74,7.88,7.82,8.13,7.91,7.17,7.8,7.85,7.9,7.9,7.75,7.76,6.64,8.33,8.29,8.34,7.98,8,8,8.16,8.05,8.19,8.3,8.2,8.16,7.82,7.76,7.98,7.43,7.04,7.15,8.08,8.18,8.22,8.28,8.24,8.34,7.96,8.08,8.16,8.33,8.23,7.3,8.11,8.08,8,7.79,7.96,6.25
C12orf4,8.71,8.81,8.58,8.46,8.52,8.75,7.91,8.37,8.63,8.56,8.58,8.65,8.67,6.67,8.8,8.81,8.87,8.35,8.31,8.48,8.89,8.66,8.79,8.77,8.76,8.85,8.67,8.58,8.6,7.21,5.21,5.62,9.15,9.18,9.16,8.8,8.75,8.76,8.63,8.78,8.69,8.42,8.75,6.49,8.73,8.89,8.78,8.63,8.83,6.29
C12orf40,3.45,3.87,3.35,3.53,3.45,3.72,3.68,3.52,3.81,3.75,3.84,3.71,3.85,5.18,3.7,3.71,3.62,3.87,3.48,3.55,3.49,3.76,3.54,3.41,3.61,3.35,3.5,3.58,3.68,3.71,5.23,4.72,3.57,3.57,3.42,3.44,3.56,3.6,4.03,3.7,3.45,3.52,3.6,4.99,3.68,3.46,3.48,3.63,3.46,4.74
C12orf40,3.31,3.47,3.69,3.24,3.24,3.75,5.48,3.44,3.45,3.28,3.46,3.42,3.48,3.72,3.53,3.57,3.51,3.28,3.35,3.36,3.48,3.48,3.39,3.36,3.41,3.58,3.49,3.41,3.45,4.15,6.76,4.95,3.51,3.42,3.45,3.58,3.71,3.29,4.54,3.29,3.25,3.46,3.39,3.99,3.5,3.75,3.39,3.42,3.42,3.68
C12orf41,9.99,9.94,10.06,10.09,10.31,10.13,9.94,10.05,10.17,10.1,10.11,10.18,10.17,8.75,10.39,10.2,10.29,9.97,9.97,9.97,10.08,10.21,10.18,10.24,10.29,10.2,10.08,10.09,10.12,10.33,6.67,7.14,10.46,10.61,10.56,10.4,10.33,10.33,9.77,10.03,10,9.96,10.07,7.92,10.1,10.05,10.01,10.02,10.14,8.29
C12orf41 /// SNORA2B,4.06,4.27,4.59,4.37,4.3,4.49,3.72,4.9,4.39,4.52,4.78,4.32,4.66,6.07,4.43,4.77,4.38,4.24,4.11,4.76,4.4,4.38,4.52,4.71,4.65,4.21,4.15,4.55,4.32,3.76,5.67,6.14,3.81,4.07,4.38,4.27,4.25,4.41,3.95,4.42,4.6,4.51,3.91,5.03,3.95,4.37,4.3,4.22,4.05,6.04
C12orf42,4.11,4.02,4.1,4.05,3.9,3.93,3.95,3.94,3.87,4.32,3.96,3.82,3.69,4.87,3.75,3.88,3.9,4.26,4.02,4.27,4.04,4.15,3.78,4.46,4.23,4.16,3.99,4.31,4.26,4.51,4.27,6.62,3.98,3.91,3.98,4.08,4.25,3.99,4.49,3.87,3.67,3.83,4.55,3.96,4.17,3.99,4.21,4.17,4.04,4.28
C12orf43,8.75,8.76,8.83,8.7,8.76,8.81,8.92,8.94,8.67,8.86,8.75,8.72,8.74,8.34,8.8,8.75,8.72,8.74,8.67,8.74,8.64,8.53,8.79,8.63,8.63,8.58,8.79,8.82,8.8,8.48,6.41,8.01,8.44,8.5,8.37,8.66,8.49,8.72,8.77,8.88,8.87,8.57,8.63,7.78,8.82,8.66,8.9,8.95,8.94,8.36
C12orf43,6.96,6.74,7.16,7.09,6.9,6.68,6.89,7.34,7,7.14,6.69,6.99,6.98,6.83,6.95,7.28,6.86,7.06,7.08,7.22,6.97,6.91,6.76,7.17,6.91,7.13,6.95,7.08,6.39,6.04,4.87,6.2,6.96,6.98,6.85,7.04,7.06,7.25,6.32,7.06,6.76,6.76,6.56,5.08,7,6.39,7.06,7.07,6.95,6.68
C12orf44,9.51,9.42,9.7,9.63,10.05,9.91,9.73,9.76,9.5,9.51,9.6,9.56,9.47,9.27,9.72,9.68,9.7,9.91,9.9,9.84,9.46,9.48,9.56,9.76,9.66,9.49,9.73,9.66,9.78,9.8,9.28,9.52,9.7,9.81,9.91,9.69,9.81,9.69,9.64,9.79,9.76,9.5,9.59,9.91,9.77,9.71,9.68,9.7,9.66,8.96
C12orf45,9.27,9.23,9.52,9.37,9.52,9.57,9.57,9.5,9.25,9.28,9.34,9.51,9.42,7.93,10.46,10.63,10.56,9.3,9.23,9.24,9.9,9.79,9.6,10.18,10.2,10.31,9.53,9.31,9.53,9.41,9.1,7.55,10.47,10.55,10.35,10.4,10.7,10.54,9.53,9.39,9.32,9.77,9.51,8.71,9.75,9.73,9.43,9.44,9.57,8.47
C12orf48,5.96,6.18,5.87,5.81,5.4,5.77,5.47,5.67,6.04,5.99,6.25,5.97,6.01,5.61,6.14,5.84,6.24,5.69,5.97,5.91,5.17,5.05,5.46,5.32,5.61,5.59,5.87,5.9,5.93,6.16,3.74,5.52,6.2,6.09,5.96,5.88,5.79,5.85,6.12,6.17,6.26,5,5.31,5.28,5.63,5.3,5.26,6.07,6.38,5.69
C12orf48,8.76,9.08,8.93,8.88,8.95,8.67,8.93,8.64,8.93,9.02,8.97,8.88,8.84,8.78,8.99,9.03,8.94,8.66,8.82,8.91,8.22,8.43,8.42,8.32,8.29,8.43,8.89,8.8,8.94,8.6,7.51,8.6,8.87,9.1,9.1,8.89,8.79,8.98,8.7,8.88,8.63,8.35,8.61,8.14,8.21,8.1,8.44,8.98,8.92,8.25
C12orf48,5.13,5.38,5.54,5.09,4.58,5.25,4.89,4.89,5.42,5.21,4.96,5.17,5.36,6.14,5.01,5.28,5.25,4.95,5.11,5.12,4.95,4.89,4.68,5.17,4.87,4.92,5.07,5.32,5.13,4.82,4.49,4.53,5.33,5.87,5.61,5.33,5.12,5.34,5.45,5.08,5.09,5.24,4.65,6.38,4.62,4.82,5.07,5.15,5.08,4.77
C12orf48,6.06,5.96,5.32,5.69,4.69,5.39,6.65,5.25,5.8,5.87,5.21,5.95,5.96,5.15,5.86,5.91,5.79,5.54,5.37,5.88,5.38,5.21,5.06,5.09,5.43,5.55,5.22,5.78,5.73,5.38,5.46,4.65,5.74,6.12,5.67,5.51,5.06,5.83,5.59,5.8,5.42,5.06,4.62,4.39,4.74,4.95,5.06,5.65,5.93,5.5
C12orf48,6.97,7.02,6.52,6.73,6.59,6.58,6.48,6.45,6.99,6.79,6.79,6.87,6.76,6.49,6.65,6.94,6.78,6.6,6.74,6.83,6.1,6.23,6.21,6.08,6.33,6.46,6.75,6.86,6.53,6.18,6.94,6.33,7.05,7.05,6.79,6.62,6.58,6.78,6.14,6.56,6.63,6.11,6.28,6.33,6.2,6.18,5.96,6.68,6.98,6.51
C12orf48,5.82,5.6,5.9,5.47,4.96,5.24,5.52,5.47,5.79,5.91,4.91,5.57,5.66,4.86,5.73,5.87,5.77,5.95,5.52,5.86,5.24,5.05,4.93,5.01,5.57,5.57,5.4,5.56,5.53,5.51,6.09,5.44,6.06,6.1,5.67,5.72,6.09,5.91,5.43,5.46,5.37,5.01,5.46,5.89,5.39,5.45,5.77,5.65,5.67,5.43
C12orf48,7.54,7.76,7.4,7.56,7.21,7.38,7.97,7.05,7.66,7.64,7.76,7.51,7.66,6.58,7.73,7.45,7.57,7.41,7.33,7.63,6.74,6.82,6.98,6.62,6.8,6.99,7.23,7.51,7.36,7.06,7.51,7.58,7.65,7.77,7.66,7.59,7.18,7.25,6.71,7.62,7.34,6.47,6.55,6.9,6.68,6.57,6.72,7.66,7.83,7.17
C12orf48,4,3.79,4.07,3.96,3.86,3.48,4.08,4.05,3.87,3.83,3.8,3.99,3.92,4.04,4.01,3.9,4.37,3.96,4.1,3.91,3.86,3.67,3.68,3.89,3.62,3.85,3.82,3.92,3.85,3.62,4.11,3.95,4.4,4.07,4.11,3.88,3.98,3.76,4.07,4.01,3.91,3.34,3.68,3.83,3.98,3.67,3.62,4.11,4.03,4.48
C12orf48,4.17,4.25,4.33,4.23,3.93,4.27,4.9,4.45,4.16,4.09,4.27,4.13,3.77,4.84,4.79,4.28,4.61,4.41,4.25,4.42,4.11,4.06,3.86,4.31,5.07,4.33,4.4,4.38,4.29,5.02,6.14,5.77,4.61,5.63,5.42,5.02,4.48,5.07,4.31,3.95,4.17,3.86,4.23,4.81,3.92,4.44,3.93,4.41,4.04,5.64
C12orf48,5.47,5.5,5.55,5.68,5.49,6.01,5.52,5.68,5.72,5.79,5.41,5.33,5.45,6.8,6.11,5.94,5.55,5.7,5.69,5.84,5.64,5.38,5.53,5.59,5.56,5.42,6.14,5.62,5.76,5.59,6.43,5.63,5.91,5.71,6.17,5.91,6.17,5.66,6,5.91,5.9,5.72,5.32,5.6,5.4,5.4,6.05,5.16,5.15,5.59
C12orf48,4.76,4.97,4.89,4.73,5.05,4.68,4.02,4.31,4.9,4.81,4.95,4.4,4.76,5.73,4.96,5.09,4.98,5.04,4.68,5,4.27,4.63,4.49,4.69,4.71,4.75,4.48,4.93,4.51,6.58,4.63,4.57,4.88,5.93,5.38,5.6,4.47,5.05,4.53,4.28,4.47,4.19,4.13,5.35,4.6,4.33,4.19,4.76,4.61,5.22
C12orf49,8.54,8.1,8.21,8.22,7.72,8.19,7.58,8,8.4,8.48,8.32,8.26,8.12,7.57,8.41,8.32,8.55,8.07,8.28,8.3,8.4,8.54,8.15,8.46,8.56,8.4,8.24,8.51,8.22,7.54,7.71,7.31,8.38,8.24,8.48,8.48,8.08,8.17,7.48,8.27,8.41,8.06,7.6,8.49,8.52,8.22,8.55,8.17,8.25,8.86
C12orf49,7.04,6.93,7.16,7.05,7.46,7.27,7.48,7.24,7.05,6.88,7.06,7.11,6.92,7.09,7.2,7.2,7.18,6.9,7.04,6.84,7.23,7.27,7.03,6.99,7.23,7.34,7.11,6.99,6.98,4.61,6.49,4.3,7.28,7.22,7.37,7.11,7.38,7.22,6.73,7.45,7.37,6.83,6.58,6.47,7.24,7.06,7.24,7.42,7.15,6.43
C12orf5,8.91,9.25,8.95,9.14,9.21,9.17,8.63,8.99,9.1,9.05,9.2,9.52,9.47,8.95,10.28,10.23,10.24,9.25,9.16,9.13,9.97,9.97,10.18,10.21,10.16,10.21,9.03,9.08,9.14,9.39,7.93,8.59,9.52,9.51,9.56,10.12,10.1,10.12,9.47,9.35,9.45,9.17,9.04,8.98,9.16,9.15,9.08,9.63,9.38,8.58
C12orf5,9.53,9.36,9.36,9.46,8.95,9.23,9.01,9.18,9.67,9.54,9.21,10,10.26,7.34,10.53,10.35,10.67,9.21,9.32,9.48,10.61,10.44,10.65,10.34,10.42,10.68,9.3,9.36,9.31,8.74,7.53,5.47,10.82,10.66,10.52,10.45,10.37,10.46,9.41,9.61,9.53,8.82,8.84,5.83,9.63,9.19,9.64,10.16,10.09,6.83
C12orf50,3.55,3.64,3.58,3.41,3.79,3.6,3.84,4.15,3.43,3.65,3.6,3.54,3.65,3.82,3.63,3.73,3.61,3.59,3.62,3.65,3.58,3.67,3.64,3.73,3.47,3.59,3.81,3.68,3.8,4.68,5.19,4.22,3.66,3.47,3.59,3.45,3.82,3.49,4.75,3.61,3.75,3.64,3.87,4.54,3.89,4.03,3.97,3.87,3.47,5.02
C12orf51,7,6.74,6.84,6.97,7.33,6.95,7.7,7.46,6.89,6.97,7.05,6.96,6.82,8.1,6.89,7.23,6.91,6.89,7,6.85,7.12,6.9,7.07,7.21,7.21,7.19,7.17,7.04,6.86,7.18,7.43,8.4,6.85,7.04,6.7,6.99,7.13,7.29,8.13,7.06,7.32,7.37,7.57,6.58,6.89,7.22,7.21,6.85,7.08,7.25
C12orf51,4.63,4.71,4.57,4.7,5.03,4.63,5.37,4.62,4.71,5.04,4.69,4.61,4.78,6.41,4.92,4.96,5.01,4.87,4.45,4.67,4.83,4.74,4.82,4.9,5.31,4.55,4.82,5,4.82,5.77,6.03,5.25,4.27,4.74,4.93,4.87,4.56,4.83,6.38,4.77,4.94,5.14,4.8,5.35,5.15,4.71,5.44,4.82,4.44,5.48
C12orf52,8.72,8.42,8.87,8.79,8.82,8.84,8.39,8.74,8.87,8.77,8.62,8.78,8.6,7.77,8.68,8.69,8.87,8.66,8.64,8.74,8.56,8.58,8.51,8.8,8.68,8.71,8.65,8.71,8.78,8.66,5.82,7.11,8.84,8.84,8.86,9.03,8.85,8.86,8.73,8.81,8.88,8.57,8.73,7.22,8.71,8.66,8.69,8.73,8.68,8.05
C12orf53,4.13,4.22,4.53,4.5,4.86,4.82,4.57,4.85,4.5,4.36,4.45,3.99,4.2,5.03,4.34,4.57,4.46,4.3,4.54,4.3,4.02,4.73,4.67,4.53,4.63,4.26,4.49,4.41,4.73,5.08,5.09,7.4,4.75,4.36,4.78,4.22,4.64,4.61,4.79,4.26,4.95,4.57,5.18,5.32,4.6,4.93,5.05,4.64,4.56,6.06
C12orf53,4.29,4.07,4.02,3.99,4.01,4.37,4.73,4.34,3.75,4.22,3.95,4,3.89,6.4,4.01,4.29,4.19,4.06,4.47,3.93,4.16,4.51,4.18,4.18,4.08,4.04,4.35,4.2,4.68,5.52,4.92,4.93,4.23,4.06,4.3,4.2,4.42,4.14,5.05,4.22,4.41,4.04,4.5,4.98,4.17,5,4.57,4.13,4.29,5.57
C12orf54,4.69,4.68,4.54,4.76,5.29,5.25,5.38,5.09,4.71,4.89,4.72,4.95,4.97,6.02,4.88,4.9,5.16,4.96,4.65,4.93,5.03,5.39,5.03,5.07,5.28,5.14,4.78,4.84,4.98,5.39,6.55,5.72,4.84,4.98,5.11,4.94,5.18,4.98,5.03,4.75,4.62,4.57,4.9,6.21,4.68,4.68,4.78,5.01,4.6,5.38
C12orf56,3.69,3.99,3.89,3.57,4.26,4.05,4.37,3.46,3.66,3.76,3.75,3.83,3.83,4.57,3.73,3.75,3.59,4.3,3.62,3.64,3.89,3.91,3.78,3.59,3.58,3.7,3.75,3.77,3.93,4.73,3.93,5.57,4.07,3.94,3.9,3.81,4.07,3.68,4.85,3.52,3.82,3.67,4.1,5.01,3.6,4.37,3.52,3.67,3.69,4.64
C12orf56,3.87,3.89,4.03,4.25,3.98,3.55,3.51,3.69,3.76,3.85,3.79,3.8,3.87,4.48,3.8,3.83,3.71,3.86,3.97,3.82,3.86,3.8,3.77,3.75,4.07,3.46,3.7,3.82,3.73,4.39,3.95,3.78,3.75,3.88,3.71,3.8,3.66,3.62,4.2,3.56,3.77,3.78,3.95,4.44,3.8,3.78,3.54,3.94,3.64,5.5
C12orf57,12.06,12.13,12.14,12.11,12.22,12.11,11.98,12.09,12.04,12.08,12.11,12.2,12.03,11.69,12.09,12.06,12.02,12.37,12.44,12.3,11.82,11.9,11.94,11.9,11.95,11.84,12.12,12.1,12.09,11.8,11.3,11.22,12,12,12.05,12.08,12.01,11.96,12,12.06,12.06,12.31,12.28,10.81,11.89,11.78,11.89,12.04,12.02,10.98
C12orf59,4.46,4.62,4.33,4.36,4.54,4.76,4.43,4.07,4.36,4.2,4.5,4.62,4.83,5.01,4.38,4.35,4.21,4.31,4.66,4.27,4.5,4.58,4.65,4.45,4.34,4.32,4.41,4.36,4.57,5.59,4.91,4.48,4.33,4.37,4.35,4.37,4.51,4.25,4.76,4.22,4.26,4.52,4.24,4.82,4.2,4.58,4.38,4.49,4.26,5.52
C12orf59,4.3,4.45,4.53,4.83,4.42,5.16,5.62,4.27,4.34,4.31,4.77,4.57,4.42,6.81,4.26,4.48,4.33,4.12,4.43,4.3,4.43,4.7,4.31,4.21,4.23,4.02,4.49,4.69,4.39,5.33,7.25,6.63,4.34,4.48,4.39,4.4,3.99,4.36,4.3,4.24,4.15,4.27,4.4,6.75,4.24,4.28,4.25,4.17,4.57,5.17
C12orf60,7.42,7.6,7.27,7.27,7.54,7.12,7.27,7.34,7.51,7.43,7.6,7.33,7.46,6.07,7.38,7.35,7.54,7.46,7.62,7.47,7.74,7.32,7.54,7.33,7.05,7.41,7.42,7.3,7.39,6.78,7.25,6.16,7.5,7.24,7.29,7.26,7.13,7.24,6.74,7.76,7.77,7.16,7.33,7.09,7.39,7.82,7.62,7.46,7.78,5.03
C12orf61,3.79,4.07,3.62,3.59,4.14,3.5,4.06,3.9,3.6,3.64,3.94,3.68,3.81,3.98,3.93,3.81,3.82,3.85,3.63,3.81,3.9,3.68,3.84,3.78,3.89,3.92,3.81,3.72,3.82,5.49,5.21,5.26,4.01,3.64,3.81,3.74,4.01,4.06,4.8,3.92,3.99,3.69,3.93,4.48,3.68,3.77,3.99,3.9,3.75,4.05
C12orf61,4.95,5.35,5.21,4.87,5.04,4.85,4.35,5.12,5.11,5.06,5.13,4.78,4.9,4.69,4.88,4.6,4.56,4.68,4.76,4.48,4.89,5.23,5.59,4.74,4.69,5.2,5.09,5.12,5.27,4.73,6.16,4.96,4.94,4.88,4.88,4.76,5.09,4.91,4.7,4.98,5.19,5.33,5.13,4.68,5.26,5.2,5.13,5.16,5.11,4.34
C12orf62,10.16,10.12,10.35,10.26,10.43,10.54,9.99,10.32,10.27,10.28,10.33,10.32,10.33,9.81,10.24,10.29,10.26,10.54,10.58,10.49,10.16,10.11,10.09,10.19,10.31,10.16,10.39,10.23,10.6,10.4,9.17,9.77,10.09,10.07,10.03,10.34,10.31,10.32,10.31,10.27,10.35,10.2,10.19,9.53,10.34,10.28,10.24,10.28,10.36,9.23
C12orf63,3.68,3.92,3.89,3.9,3.9,4.12,3.88,3.73,3.99,3.66,3.76,3.65,3.84,4.53,3.92,3.91,3.68,4,3.86,3.67,3.75,4.08,3.84,3.56,3.74,3.69,3.73,3.63,3.41,4.14,7.03,3.45,3.83,3.9,3.78,3.98,4.1,3.75,3.7,3.76,4.16,3.96,3.8,4.07,4.04,4.18,4.21,3.96,3.55,4.1
C12orf65,9.06,9.07,9.08,8.93,9.06,9.19,8.94,9.01,9.07,9.1,9.17,8.94,8.76,8.38,8.7,8.51,8.7,8.84,8.86,8.89,8.63,8.64,8.8,8.59,8.53,8.57,9.06,8.99,9.01,8.53,6.38,8.37,8.76,8.94,9.04,8.78,8.69,8.7,8.42,9.18,8.93,8.7,8.79,7.49,8.37,8.27,8.4,8.82,9.06,7.76
C12orf65,5.97,5.81,5.86,5.61,5.21,5.62,5.08,5.75,5.99,6.24,5.81,5.46,5.87,4.84,5.4,5.37,5.58,5.79,5.67,5.51,5.9,5.48,5.56,5.44,5.45,5.46,5.75,5.63,5.57,5.1,5.64,5.06,5.56,5.86,5.37,5.46,5.75,5.15,4.89,5.44,5.89,5.55,5.46,5.35,5.32,5.01,5.14,5.51,5.72,6.36
C12orf66,6.15,6.06,6.4,6.33,6.42,6.27,5.47,6.59,6.45,6.49,6.27,6.36,5.96,6.32,6.37,5.99,6.36,6.12,6.11,6.02,6.25,6.02,6.06,6.35,6.1,6.07,6.19,6.53,5.99,6.38,6.31,7.11,6.11,6.06,6.04,6.4,5.69,6.29,5.12,6.26,5.87,6.24,5.91,5.03,6.36,5.81,6.56,6.55,5.87,5.08
C12orf66,6.1,6.03,6.17,6.18,5.94,6.3,5.37,5.89,6.34,6.45,6.05,6.04,5.89,5.92,5.76,6.11,6.13,6.13,6.01,5.99,5.99,5.8,5.7,6.12,6.11,5.93,6.18,6.41,5.79,4.34,4.51,6.77,6.04,6.04,6.18,6.19,6,6.03,5.51,6.08,5.96,5.67,5.76,4.92,6.48,6.53,6.31,6.12,6.29,5.69
C12orf67,3.78,3.68,3.94,3.87,3.66,3.63,3.84,3.67,3.94,3.73,3.69,3.79,3.71,4.58,3.92,3.71,3.67,3.88,3.72,3.8,3.94,3.67,3.85,3.88,3.69,3.57,3.77,3.89,3.78,3.99,4.4,3.82,3.77,3.83,3.7,3.8,3.57,3.44,3.88,3.7,3.66,3.99,3.61,4.24,3.63,3.64,3.98,3.75,3.68,4.42
C12orf68,6.38,6.1,6.54,6.36,6.89,6.78,5.42,6.35,6.31,6.46,6.78,6.4,6.18,7.52,6.75,6.72,6.68,6.33,6.41,6.47,6.75,6.83,6.71,7.01,6.92,6.78,6.46,6.37,6.26,6.39,6.8,6.7,6.45,6.53,6.53,6.86,7.16,6.59,6.05,6.76,6.44,6.74,6.81,7.14,6.38,6.48,6.86,6.55,6.65,8.07
C12orf69,4.15,4.34,3.99,4.16,3.98,4.03,3.98,4.23,4.24,4.28,4.42,4.3,4.5,4.35,4.14,4.16,4.14,4.1,4.02,4.09,4.23,4.28,4.3,3.94,4.04,3.95,4.08,4.19,4.37,4.67,4.13,5.2,4.29,4.36,4.35,4.09,4.58,4.04,5.39,4.01,3.71,4.2,4.16,4.64,3.78,4.14,3.98,4.17,4.04,5.04
C12orf69,3.48,3.33,3.36,3.6,4.01,3.46,4.23,3.53,3.51,3.56,3.53,3.54,3.61,3.82,3.47,3.5,3.4,3.72,3.42,3.35,3.49,3.34,3.42,3.33,3.44,3.45,3.35,3.48,3.45,5.44,5.17,4.07,3.52,3.58,3.39,3.38,3.62,3.29,4.63,3.84,3.5,3.39,3.56,5.17,3.6,4.11,3.93,3.71,3.33,3.88
C12orf69,4.17,4.22,4.11,4.24,3.82,4.05,3.72,3.62,4.01,4.04,4.1,4.07,4.36,6.35,3.86,4.04,3.96,3.8,3.79,3.68,3.79,3.93,4.23,4,3.93,3.65,3.95,4.05,3.91,4.48,4.28,5.77,4.32,4.09,3.87,3.98,4.31,3.71,4.67,3.74,3.84,4.31,4.03,4.64,3.79,4.1,3.81,3.84,3.78,5.94
C12orf70,5.39,5.63,5.65,5.43,6.12,5.59,5.89,5.52,5.5,5.55,5.76,5.65,5.53,6.12,5.62,5.27,5.28,5.52,5.34,5.14,5.2,5.49,5.66,5.58,5.52,5.19,5.26,5.84,5.67,5.01,6.42,6.46,5.22,5.75,5.4,5.48,5.55,5.59,4.66,5.6,5.88,5.92,5.98,7.74,5.19,5.3,5.42,5.94,5.58,7.63
C12orf71,3.66,3.64,3.72,3.8,3.78,3.9,4.48,3.95,3.54,3.73,3.81,3.7,3.43,4.27,3.47,3.7,3.71,3.55,3.67,4.14,3.64,3.52,3.56,3.88,3.65,3.48,3.94,3.46,3.54,5.66,6.12,3.8,3.91,3.62,3.89,3.74,4.04,3.45,4.51,3.81,3.82,3.32,4.14,4.01,3.54,4.09,3.46,3.89,3.64,4.06
C12orf72,6.38,6.24,6.96,6.48,6.59,6.3,7.12,6.72,6.72,6.64,7.19,6.72,6.24,8.54,6.92,6.88,7.05,6.9,7.04,7.15,6.78,6.84,6.8,7.18,7.23,6.71,6.75,6.9,6.86,5.38,7.62,8.14,6.49,6.72,7,6.98,7.29,7.28,5.81,6.85,6.99,6.71,6.87,8.78,7.51,6.88,7.2,6.61,6.63,8.82
C12orf72,4.49,4.24,4.71,4.85,4.21,4.38,4.23,4.69,4.93,4.87,4.81,5.04,4.72,4.84,4.88,4.88,5,4.64,4.64,5.15,5.07,5.14,5.08,5.27,4.6,5.15,4.84,5,4.77,4.74,5.7,4.94,4.31,4.9,4.9,5.3,4.9,5.17,4.24,5.11,5.09,4.98,4.26,5.48,5.61,4.86,5.09,5.01,4.81,4.43
C12orf72,6.64,6.45,6.6,6.41,6.56,6.66,6.39,6.5,6.49,6.57,6.94,6.77,6.53,7.88,6.75,6.75,6.69,6.94,6.9,7.08,6.72,7.24,6.92,6.84,7.07,6.81,6.95,6.88,6.46,5.56,6.12,7.16,6.62,6.49,6.59,6.99,6.97,6.71,6.47,6.7,6.46,7,7.03,8.33,7.09,6.65,6.55,6.64,6.53,7.02
C12orf72,4.57,4.88,4.82,5.07,4.39,4.64,4.16,4.68,4.67,5.14,5.26,4.94,4.77,5,4.86,4.76,4.69,4.57,5.41,4.98,5.28,4.89,5.13,5.29,4.59,4.76,4.9,4.77,4.9,3.56,4.03,5.27,4.89,4.36,5.02,4.68,4.45,4.94,4.67,4.75,4.78,4.71,4.27,4.56,4.73,5.3,5.02,5.27,5.18,4.19
C12orf72,4.36,4.91,4.77,4.16,4.39,4.25,4.09,3.75,4.42,4.58,4.52,4.67,4.66,7.51,4.1,4,4.24,3.97,4.36,4.23,4.35,4.41,4.46,3.8,4.08,4.7,4.22,4.18,4.28,4.59,6.12,6.24,4.11,4.23,4.16,4.13,3.86,4.12,5.22,4.13,3.92,4.14,4.22,6.93,4.6,4.13,4.17,4.27,4.1,6.51
C12orf73,4.01,4.15,4.07,4.04,4.62,3.9,4.08,4.26,4.75,4.15,4.42,3.95,4.14,5.38,4.24,4.19,4.57,3.92,4.31,4.06,4.21,4.33,4.25,4.53,4.37,4.52,4.4,3.97,4,4.11,4.19,5.24,4.04,3.99,4.18,4.57,4.8,4.26,4.06,3.95,3.76,4.29,4.26,4.29,4.26,4.46,4.2,4.09,4.35,4.61
C12orf74,3.82,4.21,3.76,3.87,3.93,4.19,3.87,3.82,4.06,3.85,3.87,3.75,3.93,4.05,4.16,4.25,3.92,3.89,3.89,4.17,4.01,3.9,3.78,3.81,4.04,4.06,3.87,3.9,3.95,4.37,4.13,4.53,4.22,3.91,3.88,4.07,4.05,3.97,3.7,4.02,3.98,4.12,3.9,4.1,3.71,3.74,3.85,3.83,4.01,4.29
C12orf75,9.04,8.97,8.88,8.84,8.69,8.78,8.42,8.64,8.94,8.88,8.7,8.77,8.76,7.2,8.47,8.58,8.65,8.47,8.61,8.48,8.48,8.47,8.29,8.21,8.43,8.33,8.81,8.94,8.76,8.28,4.6,6.61,8.75,8.84,8.72,8.7,8.71,8.8,8.18,8.94,8.84,8.64,8.6,7.11,9.11,8.8,8.82,8.89,8.61,7.41
C12orf76,6.26,6.31,6.51,6.51,6.32,6.21,5.4,6.28,6.59,6.36,6.64,6.65,6.59,5.4,6.54,6.2,6.56,6.74,6.88,6.63,6.21,6.72,6.76,6.72,6.57,6.67,6.24,6.59,6.31,5.5,6.39,7.43,6.48,6.39,6.18,6.82,6.65,6.63,6.09,6.55,6.75,6.63,6.53,5.85,6.13,6.16,6.02,6.47,6.62,6.21
C13orf1,7.57,7.73,7.52,7.66,7.43,7.57,7.71,7.39,7.51,7.52,7.6,7.77,7.66,5.88,7.98,8.14,8.12,7.69,7.73,7.78,7.89,7.75,7.73,8.02,7.56,7.99,7.59,7.46,7.49,6.56,5.68,5.83,7.91,8.05,7.84,7.98,7.97,8.2,7.15,7.93,7.74,7.68,7.53,5.96,7.63,7.71,7.56,7.68,7.68,6.95
C13orf1,9.24,9.27,9.2,9.2,9.22,8.96,8.95,9.33,9.43,9.38,9.15,9.42,9.51,9.26,9.32,9.4,9.58,9.05,9.15,9.13,9.36,9.38,9.21,9.27,9.16,9.44,9.25,9.32,9.16,8.63,6.97,8.82,9.18,9.34,9.28,9.35,9.39,9.54,9.4,9.15,9.26,8.83,8.96,7.99,9.24,9.44,9.19,9.29,9.38,8.62
C13orf1,8.75,8.92,8.58,8.75,8.46,8.46,8.08,8.48,8.83,8.68,8.81,8.75,8.92,8.66,8.85,8.9,9.11,8.51,8.59,8.76,8.9,8.85,8.84,8.88,8.86,8.89,8.67,8.84,8.69,8.01,6.53,7.08,8.75,8.9,8.8,8.92,9.01,8.89,8.59,8.74,8.68,8.3,8.32,7.79,8.6,8.86,8.64,8.8,8.73,8.12
C13orf1,9.58,9.43,9.51,9.42,9.45,9.49,9.88,9.69,9.48,9.6,9.32,9.47,9.59,8.45,9.63,9.82,9.72,9.47,9.37,9.47,9.72,9.62,9.38,9.64,9.55,9.82,9.56,9.51,9.47,9.52,7.07,7.78,9.71,9.73,9.55,9.51,9.83,9.79,9.45,9.63,9.58,8.93,9.2,7.65,9.62,9.5,9.55,9.71,9.51,7.61
C13orf15,3.92,4.01,4.02,4.14,4.09,4.55,4.71,4,3.98,4.18,4.37,4.25,4.12,4.74,4.39,4.24,4.4,4.23,4.24,4.23,4.1,4.46,4.22,4.19,3.89,4.21,4.3,4.3,4.28,4.86,4.58,4.02,4.59,4.38,4.26,4.38,4,4.03,4.28,4.25,4.4,4.11,4.05,5.48,4.18,4.45,4.35,4.43,4.41,4.12
C13orf16,4.84,4.54,4.72,4.63,4.53,4.57,4.6,4.74,4.61,4.58,4.8,4.44,4.93,4.98,4.67,4.65,4.73,4.65,4.89,4.56,4.48,4.98,4.92,4.81,5.18,4.91,4.67,4.87,5.06,4.96,4.49,5.98,4.46,4.7,4.81,4.79,4.98,4.77,5.46,4.83,4.94,5,5.14,4.6,4.35,4.53,4.73,4.7,4.62,4.83
C13orf18,4.5,4.64,4.41,4.85,4.57,4.71,4.6,4.69,4.81,4.49,4.69,4.72,4.84,6.6,4.7,5.13,4.51,4.75,4.63,4.64,4.8,4.79,4.76,4.64,4.53,4.56,4.68,4.46,4.63,4.89,4.99,4.81,4.6,4.94,4.98,4.35,4.8,4.55,4.53,4.86,4.94,4.79,4.62,6.58,4.73,4.69,4.74,4.68,4.7,4.92
C13orf18,4.15,3.81,3.64,3.93,4.01,3.98,4.05,3.87,4.1,3.92,4.13,4.13,4.01,5.97,4.33,3.87,3.83,4.05,3.84,4.28,4.04,4.11,4.11,4.04,4.42,4,4.13,4.45,4.07,4.52,4.34,5.5,4.11,4.01,4.04,4.26,3.89,4.01,5.18,3.81,3.98,4.41,3.89,5.47,3.91,4.18,4.17,3.78,3.94,6.04
C13orf18,4.64,4.78,4.58,4.88,5.01,4.5,5.04,4.5,4.91,4.79,4.73,4.78,4.65,5.66,4.67,4.51,4.8,4.62,4.7,4.81,5.21,4.64,5.09,4.68,4.53,4.5,5.09,4.62,4.97,5.22,5.19,5.6,4.92,4.69,4.75,4.69,5.08,4.67,4.23,4.63,4.99,4.52,5.03,6,4.69,4.62,4.44,4.63,4.72,5.51
C13orf18,4.04,4.14,3.9,4.12,4.66,4.54,4.12,4.04,4.17,3.92,4.29,4.2,4.09,4.67,4.3,4.23,4.46,3.95,4.38,4.18,4.06,4.26,4.16,4.16,4.15,4.35,4.27,4.22,4.05,3.98,4.83,4.7,4.18,3.99,4.31,4.22,4.72,4.36,3.82,4.24,4.14,4.1,4.18,4.9,4.35,4.29,4.23,3.66,4.01,4.97
C13orf18,4.02,4.2,3.98,4.1,3.93,4.27,3.37,4.01,3.9,3.84,3.87,4.06,4.2,4.81,3.83,4.15,3.84,4.13,3.77,3.91,3.85,3.8,4.19,3.73,3.84,3.94,3.94,3.91,3.92,3.97,4.55,4.48,4.11,4.06,4.04,4.14,3.95,3.86,3.63,3.73,3.69,3.94,4.03,4.58,3.72,3.75,4.26,3.82,3.87,4.11
C13orf23,9.27,9.37,9.18,9.18,9.02,9.08,8.91,9.17,9.31,9.2,9.5,9.16,9.27,8.16,9.18,9.07,9.07,8.98,8.99,9.15,9.07,9.11,9.25,9.01,8.93,9.05,9.14,9.23,9.29,9.11,8.49,7.35,8.84,9.05,8.95,9.03,9.2,9.11,9.29,8.99,9.17,9.37,9.38,9.19,9.05,9.07,9.31,9.26,9.35,7.52
C13orf23,8.51,8.43,8.41,8.51,8.76,8.32,8.15,8.7,8.35,8.56,8.57,8.43,8.34,8.34,8.38,8.6,8.39,8.33,8.29,8.3,8.53,8.61,8.31,8.34,8.52,8.42,8.55,8.47,8.53,7.58,7.76,7.46,8.34,8.59,8.64,8.4,8.57,8.43,8.77,8.79,8.56,8.29,8.65,7.13,8.34,8.69,8.64,8.62,8.75,8.39
C13orf23,8.15,8.5,8.02,8.09,8.11,8.09,7.36,7.96,8.29,8.2,8.5,7.92,7.96,8.91,8.17,7.94,8.1,7.75,7.78,7.94,7.96,7.96,8.5,7.8,7.81,7.98,8.06,8.11,8.21,8.19,7.01,7.95,7.66,7.83,7.67,8.19,8.17,8.09,7.81,8.25,7.94,8.17,8.34,8.91,7.83,8.21,7.8,8.23,8.66,8.02
C13orf26,4.16,4.38,4.08,4.06,4.2,4,4.68,3.96,4.23,4.18,4.23,4.36,4.42,4.9,3.95,4.18,4.12,3.98,4.06,3.97,4.3,4.27,4.54,4.19,3.92,4.14,4.22,4.26,4.23,4.17,4.07,5.25,3.99,4.61,4.14,4.01,3.83,4.1,4.12,3.91,3.74,4.15,4.07,5.28,4.02,4.14,3.72,4.03,4.17,5.62
C13orf27,9.54,9.68,9.35,9.5,9.29,9.31,9.29,9.4,9.55,9.43,9.6,9.39,9.56,8.33,9.36,9.46,9.36,9.34,9.41,9.34,8.93,8.91,9.11,8.89,8.89,9.13,9.51,9.42,9.45,9.5,6.46,7.6,9.68,9.74,9.65,9.26,9.27,9.37,8.85,9.3,9.38,9.16,9.24,7,9.26,9.17,8.99,9.56,9.5,7.63
C13orf28,4.19,3.93,4.34,4.09,4.24,4.63,4.61,4.09,3.93,4.15,3.97,3.99,3.94,4.81,3.94,4.18,4.01,4.16,4.11,4.11,3.91,3.9,3.95,3.86,3.91,3.89,4.03,4.02,4.03,4.47,5.32,5.82,4.14,4.02,4.08,4.01,3.86,3.83,4.26,3.95,4.28,4.17,4,6.15,3.99,4.24,4.07,3.97,4.07,5.12
C13orf29,4.32,4.51,4.36,4.57,4.63,4.52,4.27,4.84,4.53,4.23,4.58,4.74,4.36,5.51,4.42,4.45,4.47,4.32,4.2,4.42,4.48,4.83,4.44,4.33,4.4,4,4.58,4.4,4.49,4.19,7.57,4.6,4.2,4.36,4.36,4.26,4.36,4.5,4.38,4.12,4.45,4.81,4.33,4.67,3.82,4.39,4.64,4.26,4.28,6.08
C13orf30,4.29,4.33,4.18,4.28,4.32,4.19,4.49,4.12,4.27,4.31,4.37,4.19,4.41,5.38,4.25,4.27,4.39,4.18,4.37,4.22,4.32,4.57,4.3,4.23,4.31,4.18,4.3,4.4,4.5,4.93,5.3,5.26,4.12,4.25,4.2,4.06,4.26,4.09,4.43,4.3,4.1,4.14,4.51,5.13,4.21,4.18,4.16,4.41,4.22,5.42
C13orf30,3.51,3.87,3.58,3.69,3.52,4.01,4.15,3.52,3.57,3.55,3.52,3.55,3.79,3.73,3.52,3.62,3.43,3.68,3.54,3.64,3.66,3.64,3.58,3.57,3.59,3.52,3.83,3.56,3.61,4.51,4.26,4.75,3.66,3.63,3.73,3.62,3.64,3.56,4.85,3.49,3.61,3.68,3.86,4.56,3.65,3.68,3.68,3.53,3.58,4.13
C13orf31,4.28,4.65,4.09,4.18,4.18,4.01,4.85,4.01,4.16,4.3,4.26,4.07,4.29,4.78,3.99,3.9,4.19,4.05,4.02,4.21,4.09,4.41,4.13,4.12,4.18,3.99,4.3,4.12,4.2,4.06,6.9,4.5,4.22,4.12,4.16,4.31,4.14,4.04,4.78,4.05,4.34,4.18,4.1,5.07,4,4.12,4.07,4.16,4.21,4.8
C13orf31,4.36,4.81,4.22,4.39,4.38,4.54,4.18,4.29,4.73,4.44,4.7,4.79,4.62,5.11,4.5,4.23,4.4,4.55,4.53,4.19,4.36,4.67,4.57,4.15,4.33,4.27,4.12,4.46,4.62,4.7,4.46,4.62,4.13,4.13,4.47,4.56,4.54,4.67,4.18,4.11,5.14,4.02,4.29,5.37,4.24,4.09,3.96,4.39,4.43,6.28
C13orf33,3.54,4.15,3.8,3.68,3.72,3.87,3.81,3.47,3.79,3.64,3.62,3.88,4.03,4.72,3.51,3.74,3.91,3.63,3.66,3.54,3.59,3.78,3.68,3.63,3.56,3.59,3.58,3.68,3.73,4.47,6.76,5.38,3.79,3.72,3.69,3.8,3.84,3.63,4.18,3.47,3.8,3.55,3.6,3.8,3.86,3.47,3.58,3.46,3.48,3.94
C13orf33,4.47,4.81,4.64,4.6,4.16,4.5,4.66,4.34,4.58,4.99,4.72,4.4,4.6,5.6,4.25,4.4,4.68,4.34,4.26,4.63,4.87,4.61,4.62,4.48,4.88,4.38,4.46,4.85,4.86,4.79,5.05,6.23,4.55,4.81,4.33,4.5,4.75,4.31,4.68,4.06,4.38,4.29,4.86,5.07,4.51,4.56,4.24,4.44,4.62,4.87
C13orf33,5.17,5.4,5.09,5.11,5.01,5.06,5.1,5.03,5.23,5.08,5.21,5.14,5.09,6.72,5.05,4.92,4.97,5.14,5.15,4.9,4.98,5.02,5.33,4.96,4.78,4.7,5.07,5.04,4.8,5.09,4.71,5.48,5.01,5.41,5.24,4.85,4.92,4.8,4.95,5.15,4.96,5.11,5.44,6.61,5.06,4.95,4.74,5.09,5.37,8.26
C13orf34,6.56,6.6,6.76,6.57,6.91,6.62,6.81,6.69,6.84,6.44,6.99,6.42,6.52,6.99,6.67,6.56,6.23,6.9,6.79,6.66,5.68,6.14,5.9,6.3,6.15,5.69,6.68,6.96,6.99,6.38,6.18,7.02,7.03,7.18,7.03,6.28,5.92,6.66,7.29,6.78,6.99,6.65,6.48,5.88,6.28,5.86,5.95,6.99,6.69,6.85
C13orf34,7.78,7.7,7.79,7.79,7.85,7.73,6.14,7.94,7.77,7.9,7.8,7.53,7.31,5.92,7.41,7.2,7.24,7.69,7.65,7.68,6.14,6.31,6.36,6.51,6.55,6.61,7.7,7.83,7.71,6.68,4.88,5.01,8.35,8.57,8.53,7.49,6.98,7.42,7.45,7.95,7.63,6.95,7.07,4.83,6.55,5.95,6.52,7.88,7.91,7.15
C13orf34,5.88,5.32,6.11,5.55,5.33,5.05,5.4,5.7,5.68,5.88,5.18,5.51,5.36,5.19,5.43,5.38,5.45,5.55,5.43,5.59,5.08,4.96,4.39,4.91,5.06,4.96,5.29,5.67,5.3,5.77,5.62,5.73,6.16,6.15,5.89,5.26,5.02,5.64,5.67,5.95,5.2,5.39,5.07,5.31,5.24,5.1,5.22,5.67,5.68,5.51
C13orf35,4.39,4.41,4.05,4.39,4.38,4.97,4.3,4.36,4.26,4.28,4.6,4.43,4.76,5.03,4.3,4.14,4.28,4.38,4.3,4.01,4.22,4.3,4.29,4.24,4.08,4.1,4.17,4.62,4.27,4.39,4.54,4.24,4.42,4.16,4.51,4.12,4.16,4.56,3.82,4.2,4.48,4.27,4.41,5.34,4.54,3.95,4.52,3.99,4.19,5.03
C13orf36,4.25,4.32,4.31,3.98,3.8,4.01,4.18,3.7,3.81,3.98,4.08,4.19,4.06,4.83,4,4.56,3.95,4.32,3.98,4.05,4.34,4.32,3.93,3.99,3.9,4.08,4.19,4.32,4.41,4.55,4.27,5.73,4.23,4.07,4.11,4.05,3.69,3.96,4.53,3.96,4.05,3.93,3.71,4.65,3.93,4.47,4.01,3.98,4.05,4.77
C13orf36,3.79,3.79,3.65,3.69,3.74,3.7,3.97,3.62,3.82,3.8,3.98,3.78,3.87,4.42,3.69,3.66,3.85,3.71,3.62,3.72,3.55,3.67,3.7,3.68,3.73,3.51,3.91,3.82,3.9,3.82,4.18,4.75,3.76,3.7,3.79,3.62,4.17,3.6,3.95,3.77,3.81,3.54,3.92,4.14,3.51,3.64,3.73,3.81,3.91,5.09
C13orf37,9.36,9.22,9.15,9.2,8.83,9,8.64,8.75,9.41,9.28,8.99,9.18,9.33,7.97,9.04,8.74,9.02,9.08,9.09,8.93,8.69,8.49,8.54,8.41,8.47,8.77,9.11,9.14,8.96,8.84,7.14,7.72,9.03,9.09,8.92,8.67,8.81,8.86,9.25,8.98,9.26,8.69,8.72,7.54,8.63,8.37,8.42,9.28,9.26,7.26
C13orf37,8.16,8.43,8.32,8.29,7.88,8.07,7.79,8.02,8.42,8.32,8.44,8.37,8.26,8.01,8.4,8.36,8.52,8.33,8.37,8.48,7.8,7.92,8.07,7.99,8.11,8.08,8.21,8.49,8.15,7.66,6.56,8.37,8.45,8.67,8.51,8.15,7.94,8.26,7.92,8.24,8.12,8.31,8.03,8,7.95,7.85,8.17,8.38,8.46,8
C13orf37,9.84,10.19,9.92,9.85,9.93,9.88,9.51,9.5,10.06,9.81,10.14,9.95,10.01,9.98,9.99,10.13,9.98,10.01,9.87,10.01,9.52,9.36,9.95,9.82,9.45,9.65,9.93,10,10.12,10.15,8.6,9.38,10.18,10.21,10.14,10.02,9.89,9.91,9.95,10.07,10.01,9.8,10.01,9.86,9.74,9.78,9.69,9.95,10.14,9.99
C13orf38,3.77,3.75,3.43,3.51,3.62,3.78,4.71,3.6,3.57,3.53,3.74,3.68,3.82,5.9,3.6,3.78,3.47,3.78,3.53,3.66,3.97,3.58,3.67,3.5,3.61,3.54,3.87,3.71,4.19,4.67,5.62,5.3,3.44,3.57,3.68,3.62,3.82,3.42,3.85,3.69,3.77,3.59,3.63,5.04,3.54,3.67,3.8,3.59,3.48,4.94
C13orf38 /// SOHLH2,4.19,4.07,3.99,4.3,4.12,4.47,3.98,4.21,4.04,4.12,4.23,4.32,4.27,5.03,4.09,4.21,4.1,4.03,4.1,4.04,4.23,4.49,4.12,4.08,4.28,3.98,4.35,4.19,4.43,4.39,5.24,5.94,4.04,4.2,4.1,3.97,3.89,4.29,4.12,4.24,4.3,3.95,4.2,4.47,4.46,4.37,4.48,4.25,4.27,5.29
C13orf38 /// SOHLH2,3.22,3.21,3.53,3.23,3.52,3.44,3.88,3.37,3.34,3.18,3.23,3.28,3.33,4.29,3.31,3.53,3.17,3.38,3.51,3.39,3.43,3.26,3.28,3.25,3.26,3.27,3.19,3.13,3.32,4.31,6.5,5.32,3.32,3.41,3.18,3.22,3.57,3.33,4.46,3.35,3.3,3.68,3.65,4.65,3.35,3.69,3.66,3.2,3.36,4.1
C13orf39,4.02,4.41,4.05,3.81,3.83,3.87,4.47,3.91,4.01,3.69,4.06,3.89,3.91,5.21,3.92,3.75,3.67,4.07,3.68,3.92,3.99,4.23,4.14,3.84,3.98,3.92,3.96,4.09,3.81,4.09,4.26,4.57,4.01,3.91,4.21,3.93,4.23,3.8,4.42,4.02,3.87,4.36,4.06,5,3.84,3.6,3.49,3.87,3.87,4.78
C14orf1,10.62,10.53,10.76,10.83,10.82,10.78,10.94,10.58,10.8,10.66,10.59,10.64,10.72,10.2,10.14,10.17,10.25,10.29,10.25,10.21,10.63,10.57,10.53,10.37,10.36,10.46,10.82,10.66,10.73,10.79,9.5,10.08,10.42,10.41,10.4,10.21,10.3,10.2,10.67,10.55,10.67,10.16,10.26,9.97,10.53,10.34,10.42,10.51,10.7,9.84
C14orf1,3.54,3.62,3.8,3.75,3.66,3.84,4.32,4.05,3.7,3.89,3.79,3.61,3.75,5.04,3.57,3.8,3.48,3.44,3.67,3.48,3.74,3.48,3.93,3.52,3.61,3.87,3.91,3.85,4,3.9,4.29,4.37,3.46,3.59,3.87,3.71,3.87,3.74,3.76,4.17,4.06,3.71,3.64,4.5,4.55,4.06,3.59,3.89,3.62,4.65
C14orf1,3.96,3.98,3.85,3.89,4.03,4.4,4.19,3.78,4.04,4.05,3.95,3.93,3.96,5.15,4.15,4.16,3.98,4.22,4.16,3.97,4.13,3.85,4.09,4.31,4.12,3.91,4.14,4.05,4.68,4.83,5.02,4.42,3.96,3.76,3.81,3.85,4.25,4,3.99,3.83,3.94,3.97,4.02,4.58,3.64,3.76,4.3,4.2,3.73,5.46
C14orf101,6.45,6.05,6,5.74,5.55,5.84,5.32,5.52,5.95,6.57,6.19,5.89,5.75,5.56,6.28,6.6,6.52,5.82,5.6,5.98,6.41,6.38,6.44,6.01,6.1,6.36,5.81,5.91,6.18,6.77,5.48,6.01,6.43,6.49,6.44,5.74,6.32,5.83,5.66,6.21,5.55,6.63,6.45,4.71,5.52,6.18,5.95,5.39,6.05,5.73
C14orf101,6.31,6.6,6.67,6.82,6.45,6.56,7.15,6.5,6.52,6.62,6.51,6.59,6.38,6.08,6.84,6.55,7.14,6.33,6.56,6.49,6.41,6.72,6.97,7.08,6.97,6.84,6.32,6.66,6.47,6.68,7.45,5.74,6.51,6.83,7.01,6.9,6.61,6.71,6.51,6.66,6.73,6.95,7.07,5.66,6.63,6.63,7,6.71,6.83,6.59
C14orf101,4.34,4.27,4.13,4.3,3.85,3.93,4.79,3.73,4.44,4.27,4.3,4.22,4.17,4.43,4.16,4.49,4.24,3.92,4.28,3.98,4.33,4.19,4.22,3.94,4.19,4.27,4.11,4.3,4.42,5.58,5.02,4.67,4.74,4.28,4.5,4.02,4.93,4.14,5.27,4.14,4.42,4.12,4.33,4.3,3.7,4.54,4,3.97,4.25,4.5
C14orf102,6.85,6.79,7.04,6.86,7.25,6.93,7.22,6.83,6.62,6.84,7.04,6.65,6.69,7.79,6.44,6.53,6.61,6.76,6.75,6.58,6.65,6.58,6.93,6.65,6.73,6.66,6.79,6.91,6.77,6.3,7.1,5.94,6.53,6.67,6.51,6.59,6.55,6.77,6.11,7.05,6.9,6.86,6.8,7.09,6.72,6.87,7.27,6.94,7.13,6.32
C14orf104,5.86,6.26,5.7,5.96,5.59,5.68,5.37,5.7,6.24,5.81,5.57,5.76,6.31,5.28,5.3,5.13,5.5,5.7,5.76,5.86,5.68,5.37,5.63,5.33,5.35,5.34,5.78,5.76,5.84,5.77,4.78,6.09,5.26,5.2,5.19,5.31,5.29,5.55,6.01,5.86,5.74,5.34,5.34,6.13,5.68,5.4,5.31,5.98,6.12,5.71
C14orf105,3.77,3.75,3.83,3.77,4.17,3.51,3.9,3.85,3.81,3.8,3.84,3.63,3.83,4.29,3.63,3.4,3.76,3.64,3.77,3.77,3.8,3.98,3.76,3.66,3.66,3.63,3.76,3.7,3.64,3.88,5.97,5.14,3.94,4.07,3.76,3.65,3.58,3.83,3.49,3.6,4.02,3.67,3.69,4.61,3.76,4.07,3.81,3.68,3.89,4.95
C14orf105,3.65,4.25,3.67,3.69,3.78,3.81,4.73,3.41,3.82,3.69,3.57,3.7,3.72,3.88,3.43,3.57,3.55,3.6,3.61,3.45,3.72,3.64,3.9,3.44,3.52,3.36,3.88,3.51,3.69,4.63,4.56,5.61,3.77,3.76,3.91,3.45,3.96,3.58,4.31,3.55,3.52,3.65,3.81,3.98,3.48,3.59,3.55,3.6,3.85,4.1
C14orf105,3.57,3.51,3.78,3.59,3.83,3.82,3.6,3.73,3.35,3.61,3.92,3.53,3.76,4.82,3.42,3.57,3.74,3.63,3.39,3.59,3.8,3.57,3.71,3.45,3.69,3.65,3.59,3.5,3.65,4.59,6.38,4.94,3.54,3.71,3.54,3.6,3.65,3.66,4.58,3.69,3.42,3.53,3.59,4.57,4.09,4.32,3.76,3.43,3.79,3.93
C14orf106,8.96,9.31,8.69,9.07,8.93,8.94,8.16,8.64,9.31,9.09,9.47,8.75,8.94,9.2,8.89,8.61,8.72,8.72,8.89,8.84,7.95,8.31,8.6,8.25,8.44,8.25,8.84,8.95,9.18,8.92,7.13,7.06,9.27,9.33,9.16,8.83,8.73,8.74,8.63,8.92,8.98,8.84,8.87,8.18,8.22,8.07,8.29,8.97,9.09,7.63
C14orf106,8.64,8.98,8.54,8.68,8.15,8.43,8.11,8.4,8.72,8.75,8.92,8.59,8.61,8.41,8.38,8.35,8.41,8.53,8.64,8.85,7.84,7.73,7.98,7.66,7.75,7.9,8.67,8.76,8.68,7.53,7.26,7.55,8.04,8.17,8.22,8.31,8.25,8.18,8.52,8.58,8.43,8.31,8.26,7.99,7.85,7.89,8.03,8.6,8.75,7.74
C14orf106,6.33,6.79,6.4,6.41,6.53,6.41,6.42,6.41,6.53,6.37,6.7,6.27,6.24,6.53,5.98,6.23,6.15,6.32,6.49,6.75,5.55,5.44,5.89,5.58,5.5,5.59,6.3,6.19,6.24,6.26,6.79,6.29,5.93,5.9,5.81,6.03,6.11,5.98,5.84,6.46,6.37,6.04,6.33,6.69,5.94,6,5.99,6.36,6.43,6.82
C14orf106,6.28,5.96,5.64,5.27,4.65,5.46,6.1,5.22,6.04,5.89,5.73,4.81,5.31,5.06,5.9,5.89,5.93,6.06,6.06,6.1,5.25,5.1,4.7,5.29,5.54,5.63,5.84,5.87,5.94,6.03,4.44,5,6.33,6.08,6.31,5.79,5.91,5.11,5.31,5.81,5.92,5.48,5.69,5.44,5.52,5.65,5.34,5.25,5.23,4.8
C14orf109,9.1,9.15,9.01,9.19,8.98,8.8,8.22,9.09,9.33,9.28,9.06,9.26,9.21,7.76,9.05,8.97,9.13,9.14,9.36,9.24,8.76,8.83,8.76,8.91,8.9,8.96,9.03,9.11,8.91,8.13,5.02,6.44,8.84,9,8.84,9.04,8.96,9.09,8.65,9.06,9.03,8.92,8.75,6.87,9.02,8.92,9.11,9.24,9.21,6.65
C14orf115,4.38,4.59,4.12,4.35,4.39,4.18,4.7,4.38,4.31,4.49,4.69,4.83,4.42,5.06,4.17,4.2,4.16,4.37,4.45,4.34,4.67,4.74,4.78,4.42,4.17,4.19,4.57,4.37,4.24,3.98,5.35,4.26,4.75,4.3,4.25,4.15,4.68,3.98,4.48,4.56,4.12,4.37,4.21,4.72,4.33,4.9,4.38,4.36,4.25,4.82
C14orf118,6.07,6.07,5.84,6.03,5.86,5.85,4.86,6.2,6.19,6.32,6.48,6.39,6.08,5.94,6.29,5.94,6.54,6.12,6.1,5.78,6.22,6.61,6.73,6.42,6.29,6.26,6.19,6.26,6.34,5.97,6.52,6.14,6.61,6.79,6.8,6.51,6.38,6.36,5,6.15,6.17,6.33,5.74,5.71,5.89,5.52,5.79,6.27,6,5.74
C14orf118,7.62,7.69,7.36,7.27,7.89,8.04,8.03,7.68,7.46,7.56,8.33,7.02,7.02,5.3,7.9,7.94,7.97,7.43,7.45,7.65,7.95,7.8,8.38,7.86,8,7.74,7.68,7.58,8.12,5.77,5.24,6.07,7.84,7.66,7.95,7.84,7.9,7.05,7.2,7.87,8.13,8.2,8.21,7.34,7.62,8.03,8.23,7.28,7.14,7.45
C14orf119,3.99,3.72,3.57,3.96,3.66,3.8,4.19,3.79,3.85,4.05,3.66,3.93,3.74,3.72,3.58,3.64,3.85,4.02,3.72,3.7,3.9,3.72,3.71,4,3.52,3.55,4.26,3.75,3.54,3.91,3.72,5.44,3.65,3.63,3.67,3.59,3.64,3.7,3.77,3.81,3.88,3.62,3.89,4.45,3.66,4.27,3.8,4.11,3.89,3.95
C14orf119,4.15,4.38,4.29,4.09,4.41,4.31,4.37,4.3,4.15,4.15,4.05,3.98,4.2,5.26,3.94,4.11,4.23,4.26,4.17,3.89,4.35,3.89,4.33,4.28,4.02,4.04,4.09,4.2,3.95,3.88,5.04,5.01,4.42,4.22,4.07,4.17,3.83,3.97,4.51,4.32,4.04,4.44,3.93,4.72,4.05,3.98,4.69,3.89,4.43,4.72
C14orf119,11.35,11.44,11.42,11.39,11.38,11.43,11.16,11.17,11.41,11.4,11.52,11.5,11.54,10.44,11.37,11.25,11.43,11.47,11.58,11.38,11.57,11.51,11.57,11.42,11.44,11.45,11.39,11.35,11.47,11.26,7.91,10.19,11.34,11.34,11.27,11.27,11.25,11.28,11.51,11.52,11.47,11.28,11.34,10.01,11.43,11.37,11.29,11.49,11.48,10.18
C14orf126,8.73,8.83,8.64,8.62,8.78,8.77,8.01,8.41,8.79,8.68,8.93,8.7,8.53,8.65,8.38,8.28,8.32,8.63,8.71,8.67,8.27,8.24,8.56,8.38,8.15,8.18,8.76,8.72,8.78,8.86,6.99,8.37,7.83,8.25,8.22,8.45,8.51,8.36,8.29,8.69,8.66,8.36,8.31,8.37,8.69,8.72,8.77,8.72,8.92,8.56
C14orf129,9.92,10.14,9.85,9.93,9.74,9.72,9.29,9.62,10.06,9.92,10.23,10.15,10.19,8.87,10.09,10.02,10.12,9.88,10.02,9.95,10.15,10.11,10.42,10.1,10.04,10.1,9.89,9.99,10.02,9.41,7.21,8.53,10.05,10.08,9.99,10,9.84,9.85,9.84,9.97,10.1,9.78,9.83,9.37,10.03,9.89,10.02,10.07,10.12,8.54
C14orf133,7.29,6.87,7.19,7.01,6.83,6.96,6.85,7.39,7.19,7.33,6.74,6.85,7.09,5.27,7.35,7.48,7.5,7.39,7.27,7.34,7.66,7.39,7.03,7.61,7.41,7.61,7.21,7.4,6.56,4.7,6.61,6.67,7.36,7.45,7.65,7.43,7.18,7.45,6.65,7.32,6.91,6.85,7.08,4.97,7.14,6.99,7.38,7.27,7.21,6.78
C14orf133,8.76,8.59,8.96,8.86,9.15,8.99,8.74,8.98,8.77,8.77,8.89,8.83,8.88,8.54,9.05,8.78,9.05,8.94,8.89,8.67,9.22,9.08,9.06,9.05,8.99,8.99,8.95,8.71,8.97,8.98,6.07,7.88,9.03,8.94,9.04,9.01,9.04,9.17,8.89,9.04,9.03,9.01,9.24,7.08,9.16,9.13,9.04,8.95,9.1,7.55
C14orf135,8.16,8.28,7.9,8.08,7.92,8,7.28,7.87,8.21,8.2,8.07,8.17,8.34,5.61,7.89,7.6,7.74,7.83,7.88,7.65,8.09,8.04,7.99,7.86,7.79,7.94,8.1,8.24,7.98,7.4,4.05,4.84,7.91,7.87,7.81,7.6,7.62,7.58,7.53,7.87,8.2,7.73,7.87,5.47,7.94,8.04,7.88,8.06,7.9,4.73
C14orf135,8.14,8.49,8.04,8.21,7.87,7.92,7.21,7.83,8.53,8.15,8.65,8.17,8.51,7.44,7.71,7.59,7.94,7.29,7.69,7.75,8.04,7.96,8.44,7.7,7.81,7.81,8.16,8.15,8.47,7.52,5.81,8.21,7.55,7.61,7.57,7.63,7.67,7.42,6.92,8.32,8.28,7.87,8.12,7.57,8.15,7.76,7.86,8.43,8.55,8.12
C14orf135,9.51,9.77,9.63,9.63,9.53,9.57,9.38,9.54,9.68,9.51,9.59,9.61,9.63,8.68,9.22,9.21,9.3,9.2,9.28,9.19,9.55,9.57,9.55,9.33,9.45,9.41,9.56,9.59,9.46,9.57,8.55,8.98,9.22,9.34,9.25,9.18,9.01,9.14,9.81,9.55,9.74,9.6,9.49,8.91,9.58,9.43,9.63,9.63,9.57,8.48
C14orf138,7.95,7.08,7.45,7.72,6.96,6.82,7.43,7.36,7.68,7.82,6.7,7.71,7.77,5.59,7.94,8.06,8.22,7.3,7.42,7.61,8,7.59,7.2,7.75,7.93,8.12,7.56,7.54,6.94,6.69,7.39,5.1,8.34,8.71,8.56,7.92,7.78,8.17,6.22,7.34,7.26,6.85,7.19,4.34,7.45,7.15,7.43,7.49,7.4,5.36
C14orf138,9.39,9.7,9.33,9.38,9.24,9.28,9.13,9.2,9.59,9.58,9.7,9.57,9.42,9.59,9.92,9.67,9.88,9.26,9.27,9.27,9.57,9.62,9.88,9.67,9.75,9.74,9.42,9.44,9.51,8.18,8.06,9.07,10.15,10.18,10.02,9.79,9.83,9.85,8.92,9.36,9.43,9.25,9.46,9.31,9.32,9.45,9.38,9.55,9.56,9.39
C14orf139,10.51,10.58,10.54,10.68,10.74,10.75,10.59,10.63,10.51,10.66,10.7,10.66,10.53,11.4,10.39,10.45,10.35,10.47,10.49,10.58,10.78,10.83,10.77,10.65,10.69,10.55,10.67,10.59,10.58,10.8,11.23,11.02,10.15,10.19,10.2,10.65,10.49,10.51,10.39,10.42,10.47,10.81,10.83,11.26,10.29,10.22,10.2,10.47,10.6,11.05
C14orf142,9.32,9.6,9.24,9.14,9.25,9.2,8.64,9.07,9.35,9.34,9.27,9.28,9.21,6.55,9.02,9.06,9.15,9.5,9.55,9.47,8.88,8.8,8.88,8.82,8.72,9.01,9.29,9.31,9.21,8.65,5.94,7.98,9.3,9.26,9.07,9.21,9.18,9.21,9.28,9.04,9.1,8.85,8.94,7.47,9.14,8.74,8.89,9.2,9.19,7.37
C14orf143,6.44,6.2,6.66,6.59,6.55,6.6,6.24,6.44,6.71,6.52,6.34,6.24,6.61,5.67,6.46,6.51,6.74,6.88,7.03,7.04,6.41,6.27,6.18,6.19,6.19,6.55,6.64,6.33,6.61,6.39,5.32,4.97,6.37,6.47,6.31,6.65,6.59,6.6,6.44,6.37,6.73,6.4,6.11,5.28,6.31,6.2,5.77,6.72,6.86,5.32
C14orf143,8.05,7.94,8.04,8.04,8.04,8.24,7.56,8.08,8.25,8.08,8.12,8.08,7.94,7.6,8.1,8.17,8.17,8.32,8.58,8.44,7.71,7.72,7.73,7.55,7.72,7.9,8.14,8.04,8.13,7.42,7.02,7.64,8.13,8.06,7.93,8.26,8.07,8.23,8.02,8.28,8.24,7.95,7.99,8.41,7.65,7.01,7.47,7.97,7.98,7.04
C14orf143,5.64,5.48,5.52,6,6.12,5.37,4.8,5.51,5.74,5.67,5.41,5.9,5.65,5.34,6.42,6.61,6.55,5.79,5.85,5.58,5.79,5.72,5.59,6.12,5.74,5.92,5.74,5.8,5.5,6.28,5.58,7.24,6.85,6.83,6.78,6.9,6.86,7.03,5.76,5.49,5.88,4.95,5.39,4.88,5.09,4.96,5.48,5.37,5.77,5.39
C14orf145,7.93,8.38,8.23,8.14,8.1,8.08,7.57,7.96,8.09,8.15,8.28,7.9,7.63,6.29,8.2,7.9,8.01,7.99,8.04,8.1,7.34,7.52,7.77,7.46,7.53,7.38,8.11,8.1,8.13,7.4,8.09,6.99,8.33,8.36,8.36,8.36,7.96,8.12,7.7,8.42,8.35,7.45,7.84,6.06,7.22,7.51,7.23,8.25,8.21,7.05
C14orf145,6.66,6.54,6.75,6.75,6,6.06,6.18,6.35,6.37,6.67,6.68,6.32,5.7,5.8,6.37,6.59,6.56,6.48,6.36,6.59,5.36,5.75,5.89,6.46,6.37,6.32,6.39,6.64,6.11,5.08,6.84,7.52,6.53,6.73,6.47,6.64,6.49,6.69,5.95,6.74,6.68,6.06,5.9,6.44,5.77,5.64,6.41,6.74,6.5,6.38
C14orf145,4.28,4.26,4.01,4.07,4.07,4.19,5.27,4.03,4.12,4.66,4.2,3.83,3.93,4.34,4.52,3.97,4.68,4.43,4.33,4.47,4.49,4.23,3.99,4.39,4.35,4.54,4.31,4.34,4.17,4.03,5.54,5.43,5.12,4.78,4.59,4.01,4.05,4.32,4.48,3.95,4.02,3.64,3.8,4.83,3.73,4.16,3.7,4.18,3.87,5.01
C14orf145,5,4.4,4.99,4.94,4.98,5.68,4.94,4.56,5.16,4.82,4.75,4.35,4.38,4.71,4.91,4.89,5.73,5.15,4.94,4.94,4.53,4.45,4.66,5.08,4.39,4.98,4.92,4.77,4.6,4.35,5.71,5.4,6.25,5.27,6.18,5.7,4.46,4.89,5.48,4.79,4.89,5.22,4.74,4.68,5.5,4.5,4.64,4.66,4.71,4.88
C14orf147,10.02,10.19,9.85,9.93,9.63,9.85,9.83,9.71,10.32,10.09,10.15,10.05,10.28,9.79,10.16,10.05,10.28,9.79,9.88,9.79,10.01,9.99,10.16,9.84,10.05,10.2,9.89,9.89,10.06,9.36,8.41,9.61,10.29,10.21,10.2,10.1,10.11,10.19,9.73,9.87,9.97,9.46,9.47,9.28,9.73,9.53,9.57,9.98,10.15,9.47
C14orf147,6.92,6.86,6.9,6.72,6.67,6.7,7.17,7.07,6.88,7.09,6.94,6.78,6.98,6.65,6.9,6.91,7.05,6.72,6.64,6.75,6.83,6.93,6.84,6.77,7.14,6.89,6.92,6.84,6.8,7.07,6.67,6.04,6.8,7.01,7.09,7.26,7.02,7.13,6.33,6.55,6.87,6.32,6.58,5.9,6.5,6.61,6.52,6.85,6.92,5.99
C14orf148,3.92,4.01,3.84,3.74,4.21,4.2,3.99,3.97,3.87,3.95,3.93,3.78,3.9,4.15,4.25,3.97,4.13,4.05,4.24,4.04,3.91,3.97,3.9,4,4.03,4.01,3.88,4.03,3.79,4.58,4.32,4.8,4.05,3.8,3.92,4.19,4.34,3.76,5.88,4.12,4.1,3.92,4.25,3.97,4.36,4.51,4.44,3.93,3.95,5.17
C14orf148,3.96,3.94,3.88,3.86,4.22,4.35,4.19,4.1,4.04,3.88,4.06,3.93,4.12,5.5,4.2,3.96,3.88,3.9,4.09,4.03,4.12,3.94,4.22,4.2,4.07,3.95,3.78,3.96,3.81,4.31,6.64,6.26,4.2,3.97,3.87,3.93,3.93,3.66,3.87,4.03,4.26,4.17,4.45,5.44,4.05,3.96,4.34,3.87,3.86,5.22
C14orf149,4.07,3.83,4.06,4.14,3.64,4.57,3.81,4.13,4.29,4.3,3.77,4.16,3.85,3.91,4.6,4.04,4.45,4.84,4.36,4.15,3.8,3.66,3.75,3.87,3.82,4.21,4.02,4.37,4.14,4.32,4.71,3.76,4.39,4.22,4.18,4.37,4.1,3.9,4.85,4.47,4.17,4.21,4.33,4.15,4.39,4.06,4.47,4.14,4.22,4.23
C14orf149,4.58,4.29,4.23,4.16,4.59,4.05,5.09,4.12,4.12,4.21,4.29,4.25,4.19,4.39,4.51,4.81,4.52,4.56,4.37,4.25,4.43,4.39,4.38,4.09,4.14,4.33,4.37,4.26,4.2,4.4,4.33,4.67,4.58,4.66,4.62,4.37,4.02,4.58,4.65,4.07,4.85,4.32,4.04,4.32,4.38,4.36,4.29,4.14,4.26,4.47
C14orf149,3.36,3.71,3.39,3.37,3.43,3.77,4.65,3.23,3.64,3.4,3.7,3.48,3.65,4.28,3.35,3.43,3.48,3.28,3.49,3.56,3.39,3.63,3.66,3.53,3.17,3.3,3.42,3.46,3.4,3.68,3.82,4.21,3.31,3.35,3.43,3.57,3.36,3.58,3.6,3.69,3.44,3.79,3.47,3.97,3.24,3.37,3.24,3.44,3.47,4.15
C14orf153,9.28,9.13,9.46,9.23,9.43,9.43,9.38,9.2,9.3,9.3,9.21,9.33,9.34,8.98,9.36,9.31,9.41,9.35,9.31,9.21,9.27,9.3,9.35,9.39,9.35,9.39,9.27,9.21,9.27,9.07,8.14,9.72,9.27,9.27,9.2,9.52,9.29,9.51,9.19,9.36,9.4,9.27,9.36,7.15,9.52,9.34,9.38,9.42,9.36,9.1
C14orf156,12.52,12.58,12.63,12.61,12.65,12.64,12.48,12.62,12.55,12.57,12.55,12.58,12.62,11.59,12.46,12.46,12.52,12.81,12.87,12.83,12.49,12.44,12.38,12.5,12.5,12.52,12.68,12.56,12.58,12.61,11.32,11.84,12.23,12.3,12.3,12.46,12.52,12.49,12.57,12.65,12.67,12.48,12.49,11.5,12.76,12.57,12.63,12.69,12.65,11.12
C14orf159,6.74,6.42,6.86,6.8,7.25,6.82,5.5,7.04,6.44,6.7,6.79,6.5,6.64,4.87,6.43,6.67,6.62,7.33,7.05,7.21,6.57,6.76,6.81,6.88,6.62,6.6,6.94,6.6,6.81,5.69,5.19,6.7,6.33,6.37,6.36,6.95,6.84,7.29,6.22,6.85,6.82,6.66,6.41,5.23,6.78,6.82,6.74,6.68,7.14,4.56
C14orf159,4.83,4.49,4.9,4.56,5.15,4.63,5.04,4.89,4.56,4.59,4.4,4.59,4.59,4.42,4.86,4.85,4.82,4.73,4.86,5.04,4.88,4.57,4.59,5,4.62,4.56,4.9,4.84,4.93,4.38,5.48,4.59,4.49,4.52,4.47,4.65,4.99,4.49,4.49,4.55,4.38,4.31,4.48,4.25,4.76,4.17,4.41,4.64,4.49,4.26
C14orf159,5.71,5.45,5.62,5.91,6.07,6.3,5.53,5.6,5.74,5.85,5.65,5.89,5.7,6.67,6.01,5.74,6.15,6.2,5.77,5.46,5.88,5.74,5.75,6.03,5.69,5.59,5.81,5.57,5.75,4.64,6.05,5.44,5.72,5.98,5.54,5.51,5.64,5.7,6.19,5.86,5.81,5.92,5.46,5.77,6.21,6.3,5.99,5.67,5.66,6.4
C14orf159,6.36,6.08,6.87,6.66,6.6,6.75,7.05,6.47,6.4,6.46,6.66,6.52,6.45,6.53,6.6,7.11,6.61,6.58,6.82,6.56,6.53,6.62,6.54,6.89,6.77,6.78,6.38,6.58,6.53,7.21,5.59,5.9,6.3,6.54,6.1,6.66,6.39,6.7,6.1,6.2,6.76,6.77,5.66,7.71,6.44,6.97,6.7,6.73,6.41,8.45
C14orf159,3.67,4,3.74,3.85,3.66,3.51,3.95,3.72,3.77,3.82,4.01,3.84,4.05,4.07,3.8,3.76,3.48,3.61,3.67,3.65,3.58,3.75,3.6,3.62,3.58,3.29,3.66,3.65,3.94,3.87,4.45,4.04,3.88,3.84,3.53,3.47,3.74,3.46,4.92,3.51,3.61,3.83,3.78,4.18,3.51,3.58,3.48,3.51,3.53,3.47
C14orf159,3.73,3.74,4.11,3.79,4.35,3.92,4.4,3.78,3.81,4.02,3.89,3.97,3.77,3.76,3.77,3.61,3.83,4.03,3.81,3.86,3.69,3.7,3.93,3.81,3.86,3.78,3.63,3.88,4.15,4.18,4.34,4.4,3.83,3.67,3.73,3.96,3.82,3.78,3.5,3.89,3.85,3.93,3.54,3.82,3.92,3.99,3.72,3.72,3.97,4.02
C14orf162,4.83,4.86,4.5,4.35,4.73,4.5,5.29,4.38,4.29,4.45,4.83,4.59,4.55,5.29,4.77,4.7,4.48,4.55,4.47,4.26,4.61,4.57,4.62,4.32,4.22,4.37,4.18,4.44,4.67,6.04,4.74,5.13,4.67,4.65,4.45,4.29,4.53,4.24,4.81,4.26,4.29,4.67,4.75,5.6,4.15,5.18,4.62,4.31,4.39,5.39
C14orf165,4.64,5.04,4.85,4.63,4.95,4.51,5.15,4.76,4.6,4.93,5.22,4.75,4.89,5.83,4.48,4.58,4.42,4.59,4.46,4.82,4.84,4.87,4.7,4.57,4.48,4.28,4.43,4.78,4.52,4.87,5.34,5.41,4.78,4.76,4.91,4.5,4.64,4.51,4.92,4.29,4.82,4.89,4.24,5.39,4.5,4.34,4.59,4.25,4.6,4.91
C14orf166,9.23,9.13,9.16,9.27,8.99,9,8.84,8.95,9.45,9.15,9,9.14,9.37,7.6,9.11,9.1,9.28,9.1,9.16,9.09,9.42,9.32,9.34,9.13,9.08,9.33,9.2,9.16,9.26,9.03,7.18,7.23,9.32,9.01,9.06,9.22,9.25,9.15,8.92,9.19,9.25,9.14,9.23,7.32,9.26,9.26,9.14,9.32,9.42,7.1
C14orf166,11.87,11.86,11.82,11.87,11.67,11.77,11.43,11.79,11.99,11.89,11.7,11.87,11.98,10.51,11.88,11.82,11.97,11.78,11.82,11.8,11.98,11.91,11.92,11.92,11.93,11.99,11.84,11.87,11.8,11.7,9.27,10.65,11.88,11.95,11.87,11.94,11.92,11.95,11.69,11.84,11.84,11.84,11.86,10.48,11.93,11.92,11.85,11.91,12.04,10.55
C14orf166B,3.63,3.54,3.51,3.62,3.75,3.78,3.75,3.71,3.82,3.74,3.7,3.75,3.59,4.85,3.88,3.7,3.63,3.67,3.76,3.86,3.7,3.65,3.71,3.69,3.64,3.83,3.69,3.71,3.49,3.93,5.13,4.48,3.73,3.8,3.75,3.6,4.12,3.95,4.44,3.66,3.78,3.93,3.93,4.48,3.8,3.75,3.83,3.7,3.57,4.41
C14orf166B,5.09,5.08,4.77,4.74,4.81,4.76,5.06,4.99,5.13,5.14,5.51,5.29,5.02,6.08,4.87,4.76,5,4.92,4.6,4.72,4.84,5.09,5.01,5.07,4.91,5.44,4.84,5.06,5.34,4.44,5.67,5.24,4.94,4.81,4.76,4.69,4.77,4.74,4.52,5.13,5.08,4.87,4.75,5.89,5.04,5.04,4.64,4.83,5.1,6.74
C14orf169,8.66,8.68,8.82,8.68,8.72,8.76,8.39,8.62,8.77,8.69,8.94,8.68,8.61,7.93,8.68,8.55,8.7,8.74,8.73,8.51,8.6,8.73,8.79,8.8,8.65,8.64,8.75,8.78,8.75,8.01,7.39,6.5,8.76,8.65,8.7,8.75,8.58,8.66,8.14,8.65,8.67,8.79,8.68,7.97,8.75,8.65,8.61,8.77,8.78,8.19
C14orf174,4.28,4.08,4.29,4.09,4.37,4.19,5.56,4.14,4.31,4.05,4.07,4.07,3.94,4.49,4.4,4.46,4.34,4.17,4.45,3.99,4.1,4.1,4.21,4.13,4.1,4.68,4.14,4.48,4.41,5.72,4.61,4.38,4.03,4.39,4.38,4.32,4.6,4.33,5.15,4.44,4.11,4.45,4.14,4.84,4.36,4.6,4.43,4.51,4.03,5.33
C14orf174,4.35,4.69,4.55,4.73,5.41,4.64,6.01,4.63,4.71,4.58,4.77,4.83,4.51,6.49,4.98,4.71,4.86,4.85,4.85,4.4,4.71,4.39,4.68,4.73,4.5,4.59,4.68,4.48,4.53,4.96,6.13,4.87,4.69,4.93,5.04,4.48,4.85,4.97,5.51,4.72,4.64,4.56,4.62,5.46,4.7,4.58,5.04,4.59,4.91,5.08
C14orf176,4.97,4.97,4.62,5.03,5.26,5.24,5.41,4.81,4.71,4.82,5.13,4.77,4.75,5.71,4.94,5.11,4.88,4.77,4.81,4.76,4.74,4.97,4.86,5.25,4.87,4.57,4.52,4.88,4.92,5.1,8.18,6.97,5.04,4.87,5.27,4.82,5.27,5.17,5.09,4.79,4.53,4.84,4.98,5.65,4.95,5.39,5.31,4.88,4.56,5.74
C14orf177,4.09,3.71,4.08,4.5,4.68,4.35,4.08,4.41,4.05,4.06,4.09,4.24,3.7,5.94,4.08,4.68,4.04,4.04,4.05,4.13,4.18,4.17,4.18,4.22,4.03,3.82,3.96,4.16,3.97,5.11,4.44,6.29,3.85,4.08,4.06,4.06,4.04,3.87,5.88,4.08,4,4.75,4.65,6.26,4.29,4.35,4.29,4.13,4.07,5.58
C14orf178,4.18,4.34,4.29,4.54,4.74,3.93,5.29,4.48,4.43,4.31,4.85,4.25,4.38,5.02,4.21,4.66,4.18,4.6,4.56,4.2,4.68,4.63,4.73,4.39,4.2,4.66,4.36,4.67,4.41,5.95,6.78,6.18,4.32,4.37,4.54,4.45,5.09,4.29,5.87,4.01,4.41,4.52,4.48,4.93,4.39,4.4,4.55,4.49,4.36,4.68
C14orf179,7.56,7.9,7.7,7.79,7.87,7.72,7.61,7.85,7.62,7.74,7.59,7.82,7.88,7.34,8.29,8.12,8.3,7.7,7.93,7.81,8.25,8.19,8.36,8.39,8.33,8.46,7.83,7.67,7.7,7.59,6.81,6.83,8.24,8.18,8.17,8.29,8.35,8.4,7.76,7.87,7.84,7.99,8.17,7.08,7.98,7.73,7.79,7.97,7.73,7.41
C14orf180,4.77,4.6,4.89,4.87,5.05,4.98,5.41,5.16,4.5,4.71,5.09,4.81,4.67,6.14,4.92,4.79,4.99,4.94,4.9,4.96,5,5.06,5.01,4.45,4.76,4.78,5.4,4.77,5.01,4.98,5.51,5.67,4.87,4.71,4.58,5.02,5.33,5.01,5.69,5.16,4.92,5.16,5.09,5.55,4.98,4.77,5.26,5.02,4.93,5.94
C14orf180,4.41,4.78,4.35,4.41,4.54,4.45,4.47,4.4,4.45,4.6,4.49,4.72,4.85,5.16,4.34,4.38,4.52,5.07,4.38,4.42,4.68,4.71,4.51,4.35,4.31,4.61,4.72,4.81,4.59,5.01,4.78,4.62,4.46,4.46,4.45,4.32,4.08,4.35,4.02,4.4,4.58,4.46,4.55,5.11,4.28,4.34,4.39,4.4,4.4,5.21
C14orf180,3.98,4.17,4,4.37,4.7,4.59,4.32,4.7,3.96,4.14,4.65,4.33,4.18,5.33,4.44,4.14,3.96,4.3,4.49,4,4.74,4.01,4.07,4.36,4.72,4.18,4.07,4.43,4.2,3.74,5.06,5.36,4.09,4.21,4.2,4.46,4.53,4.35,4.73,4.44,4.17,4.48,4.39,4.97,4.03,4.9,4.33,4.22,4.07,4.77
C14orf181,4.89,4.75,5.29,4.97,5.89,5.7,4.87,4.87,5.11,4.94,5.47,4.9,4.8,5.2,4.83,4.66,4.66,5.19,4.78,4.9,4.62,4.69,4.56,4.37,4.62,4.8,5.22,5.23,4.87,4.47,4.88,6.1,4.66,4.82,4.61,4.59,4.42,4.61,5.12,5.29,5.36,5.01,5.04,6.22,5.37,5.42,5.42,5.08,4.96,5.26
C14orf182,3.87,3.48,3.58,3.48,4.13,3.57,4.11,3.56,3.49,3.46,3.59,3.61,3.65,4.13,3.74,3.49,3.65,3.55,3.58,3.58,3.76,3.62,3.62,3.87,3.59,3.66,3.6,3.51,3.6,4.53,4.31,4.08,3.74,3.59,3.65,3.84,4,3.94,4.47,3.66,3.61,3.47,3.9,4.22,3.44,4.06,3.5,3.33,3.67,4
C14orf182,9.37,9.58,9.47,9.36,9.95,9.49,9.02,9.26,9.53,9.41,9.72,9.74,9.84,8.33,10.9,10.82,10.95,9.38,9.44,9.39,10.78,10.74,10.88,10.95,10.89,10.96,9.52,9.37,9.71,8.39,5.31,8.54,10.83,10.77,10.92,10.93,11,10.86,9.97,9.93,9.8,9.03,9.37,8.15,10.46,10.2,10.31,9.83,9.63,8.59
C14orf182,4.36,4.28,4.42,4.37,4.2,4.13,4.5,4.19,4.18,4.31,4.38,4.34,4.27,4.41,4.25,4.62,4.41,4.37,4.53,4.44,4.48,4.59,4.84,4.4,4.65,4.45,4.27,4.11,4.34,4.4,4.6,5.43,4.18,4.31,4.31,4.53,4.48,4.63,4.89,4.22,4.15,4.5,4.34,5.71,4.49,4.16,4.46,4.4,4.27,5.48
C14orf2,8.31,8.36,8.38,8.19,8.64,8.25,7.88,8.49,8.36,8.5,8.24,8.41,8.21,7.64,8.52,8.31,8.43,8.26,8.22,8.4,8.24,7.99,8.23,8.37,8.37,8.44,8.39,8.36,8.22,7.13,5.85,7.5,8.13,8.2,8.22,8.37,8.19,8.38,6.88,8.43,8.41,8.22,8.19,6.89,8.4,8.12,8.47,8.41,8.21,8.35
C14orf2,10.1,10.2,10.07,10.08,10.17,10.15,10.35,10.18,10.19,10.22,10.18,10.21,10.23,8.79,9.95,10.01,10.08,10.08,10.03,10.06,10.3,10.15,10.06,9.83,9.97,10.09,10.19,10.1,10.23,9.73,9.81,8.46,9.81,9.83,9.87,9.96,10.05,10.01,10.01,10.08,10.14,10.12,10.19,8.12,10.1,10.12,10.14,10.12,10.22,8.9
C14orf2,12.07,12.2,12.08,12.02,12.16,12.04,12.29,12.21,12.02,12.16,12.1,12.2,12.21,10.93,11.98,12.11,11.93,12.11,12.12,12.08,12.15,12.11,11.99,11.94,12.02,12.02,12.12,12.06,12.24,12.2,10.4,11.03,11.88,11.97,11.76,11.96,12.01,11.99,12.21,12.12,12.07,12.18,12.09,10.88,12.05,12.03,12.07,12.11,12.15,10.86
C14orf2,7.45,7.36,7.79,7.54,7.84,7.7,7.4,7.58,7.82,7.48,7.76,7.74,7.92,6.64,7.49,7.68,7.85,7.9,8.15,7.79,7.84,7.71,7.31,7.51,7.55,7.64,7.62,7.45,7.47,7.75,7.32,7.77,7.31,7.4,7.4,7.66,7.82,7.66,6.9,7.78,7.77,7.79,7.8,6.6,7.65,7.74,7.51,8.11,7.64,7.25
C14orf2,3.54,3.68,3.56,3.67,4.37,3.79,3.56,3.48,3.61,3.5,3.66,3.75,3.58,3.77,3.47,3.62,3.83,3.51,3.62,3.36,3.89,3.77,3.61,3.45,3.46,3.63,3.51,3.64,3.66,4.53,4.88,3.84,3.55,3.63,3.62,3.55,3.47,3.5,4.08,3.57,3.26,3.41,3.45,3.53,3.85,3.66,3.62,3.44,3.42,4.5
C14orf2,3.65,3.84,3.72,3.69,3.74,3.62,3.84,3.71,3.54,3.72,3.5,3.77,3.74,3.35,3.5,3.68,3.53,3.68,3.64,3.66,3.53,3.73,3.67,3.54,3.52,3.68,3.77,3.6,3.56,3.67,5.12,3.29,3.59,3.68,3.62,3.55,3.78,3.52,3.94,3.68,3.71,3.7,3.73,3.17,3.49,4.03,3.62,3.71,3.75,3.5
C14orf2,5.81,5.69,5.86,5.69,5.6,6.09,5.19,5.89,5.93,5.9,5.8,6.1,5.9,5.63,5.81,5.85,5.96,5.79,5.62,6.22,6.05,5.84,5.54,5.92,6.21,6.12,5.63,5.88,5.3,5.71,5.51,5.73,5.74,5.81,6.22,5.72,5.66,6.15,5.74,5.84,5.76,5.22,5.74,5.67,5.44,5.62,5.59,5.49,5.68,5.64
C14orf21,6.02,5.81,6.26,6.01,6.19,6,4.77,5.64,5.88,6.14,5.89,5.91,5.84,6.07,5.86,5.58,6.02,6.15,6.18,6.19,5.71,5.78,5.74,5.82,5.69,5.54,5.95,6.19,6.08,4.57,4.2,4.99,6,6.06,5.74,5.86,5.93,6.06,4.03,5.95,6.04,5.79,5.62,4.96,5.48,5.48,5.36,5.96,5.8,5.03
C14orf21,7.9,7.9,8.06,8.21,8.49,8.37,7.95,8.25,7.9,7.95,8.25,8.02,7.77,8.17,8.07,8.11,7.99,8.49,8.32,8.06,7.69,7.99,7.84,8.08,8,7.9,8.21,8.02,8.12,8.43,5.03,7.44,7.44,7.57,7.74,8.17,8.26,8.15,7.44,8.37,8.2,8.16,8.15,7,8.03,8.14,7.88,8.19,8.51,6.7
C14orf21,8.55,8.35,8.78,8.45,9.14,8.71,8.66,9.03,8.52,8.41,8.22,8.55,8.36,7.33,8.2,8.57,8.55,8.82,8.66,8.81,8.55,8.45,8.15,8.58,8.47,8.33,8.7,8.46,8.46,7.62,6.56,7.44,8.56,8.54,8.54,8.44,8.57,8.52,8.54,8.83,8.62,8.56,8.42,5.84,8.72,8.85,8.46,8.63,8.82,5.45
C14orf28,6.25,6,6.04,5.81,5.31,6.54,5.82,5.88,6.18,6.29,6.18,6.18,5.71,6.39,6.83,6.51,6.61,6.02,6.38,6.44,6.65,6.55,6.49,6.91,6.73,6.72,6.12,6.08,5.9,4.47,4.47,5.68,6.33,6.49,6.52,6.72,6.28,6.17,5.75,6.22,6.18,6.48,5.7,4.43,6.21,6.38,6.73,6.11,6.03,4.87
C14orf28,6.74,6.65,6.88,6.94,7.1,6.69,6.24,6.83,6.77,6.75,6.87,6.91,6.68,6.43,7.18,7.14,7.14,6.84,6.75,6.67,7.1,7.2,7.24,7.21,7.24,7.43,6.84,6.87,6.74,6.18,5.07,5.37,7.21,7.27,7.09,7.27,7.15,7.24,6.26,6.91,7.19,6.64,6.74,4.71,7.26,6.58,6.93,7.11,6.92,5.85
C14orf37,4.56,4.88,4.58,4.91,4.85,4.51,4.9,4.74,4.71,4.64,4.72,4.82,4.79,5.34,4.52,4.85,4.65,4.52,4.44,4.56,4.92,5.08,4.53,4.43,4.65,4.72,4.35,4.69,4.63,4.14,5.83,6.17,4.62,4.56,4.54,4.69,4.66,4.6,4.6,4.59,4.71,4.74,4.74,4.37,4.73,4.64,4.57,4.57,4.52,4.74
C14orf37,3.92,4.38,3.92,4.18,3.78,4.43,4.47,4.16,3.95,4.1,4.38,4.22,3.95,5.23,4.06,4.13,3.99,3.97,4.03,4.04,4.25,4.23,4.34,3.95,4.05,4.15,4.08,4.04,4.23,4.65,5.46,5.44,3.98,4.14,4.13,4.03,4.29,4.07,4.94,4.4,4.19,3.82,3.89,5.04,4.12,3.89,3.86,3.97,4.12,5.87
C14orf39,3.84,4.31,4.06,3.86,4.09,3.97,3.9,4.32,3.95,4.1,3.91,3.95,4.13,6.82,4.09,4.01,4.34,3.84,4.38,3.99,4.15,4.03,4.07,4.11,3.95,4.06,3.88,4.13,4.21,4.25,6.95,4.67,4.4,3.92,4.36,4,4.05,4.19,4.47,4.02,3.9,4.3,4.27,5.73,4.11,3.94,4.06,4.23,3.98,4.56
C14orf39,3.96,3.91,3.66,3.95,3.78,3.93,4.42,3.56,3.86,4.02,3.8,4.06,4.02,5.16,3.74,4.13,4.06,3.87,3.72,3.79,4.05,4,4.04,3.56,3.92,3.4,3.76,3.79,3.99,4.67,5.88,6.45,4.05,3.83,3.83,3.82,3.89,3.63,3.96,3.62,3.78,3.86,3.79,6.18,3.63,3.83,3.83,3.64,3.81,5.12
C14orf4,10.99,10.98,11.01,11.03,11.16,10.97,11.07,10.96,11.01,10.93,11.02,11.09,11.07,11.92,11.57,11.46,11.5,11,10.93,10.94,11.64,11.5,11.44,11.54,11.52,11.52,11.03,11.09,11.09,10.85,11.45,11.65,11.35,11.45,11.47,11.5,11.51,11.5,11.05,11.15,11.03,11.22,11.17,11.88,11.03,10.94,10.89,11.14,11.13,11.71
C14orf4,11.44,11.58,11.43,11.5,11.5,11.49,11.31,11.3,11.53,11.43,11.64,11.55,11.57,11.75,11.96,11.85,11.97,11.36,11.34,11.35,11.9,11.9,12.08,11.96,11.96,11.94,11.43,11.53,11.56,11.22,11.35,12.19,11.85,11.81,11.85,11.94,11.85,11.85,11.51,11.49,11.51,11.55,11.66,11.9,11.38,11.34,11.44,11.63,11.67,12.04
C14orf43,9.63,9.66,9.74,9.82,9.82,9.63,9.42,9.67,9.79,9.71,9.79,9.73,9.57,10.04,9.35,9.07,9.54,9.81,9.77,9.8,9.11,9.32,9.2,9.33,9.3,9.07,9.73,9.76,9.6,8.92,8.04,9,9.1,9.14,9.27,9.41,9.37,9.31,9.54,9.41,9.51,9.66,9.7,10.24,9.7,9.4,9.33,9.67,9.66,10.51
C14orf45,6.37,6.29,6.48,6.47,6.35,6.26,4.92,6.01,6.46,6.48,6.43,6.17,6.22,5.82,6.92,6.84,6.84,6.22,5.89,5.98,6.5,6.32,6.42,6.24,6.53,6.57,6.1,6.44,5.93,5.84,5.39,5.74,6.4,6.56,6.46,6.65,6.5,6.57,5.71,6.57,6.48,6.65,6.66,6.4,5.93,5.59,6.3,6.88,6.54,6.5
C14orf45,4.68,4.61,4.93,4.79,4.69,4.86,5.32,4.66,4.84,4.74,4.76,4.85,4.92,5.8,4.85,4.91,4.82,4.82,4.53,4.86,4.63,4.67,4.63,4.65,4.61,4.9,4.88,4.78,5.07,4.95,6.65,5.47,4.86,5.06,4.86,4.64,4.92,4.68,4.59,4.92,4.74,4.85,5.4,5.53,4.61,4.96,5.14,4.76,4.71,4.92
C14orf49,3.77,3.74,3.87,3.63,3.99,3.72,4.36,3.63,3.47,3.7,3.59,3.82,3.73,4.26,3.74,3.63,3.5,3.54,3.63,3.52,3.64,3.74,3.82,3.75,3.56,3.84,3.77,3.58,3.85,4.85,4.25,4.76,3.79,3.69,3.63,3.81,3.8,3.87,4.55,3.69,3.73,3.74,3.63,3.78,3.96,3.43,3.71,3.74,3.88,3.92
C14orf50,4.93,4.79,4.95,4.79,4.92,4.91,5.36,5.18,4.65,4.62,4.85,4.84,4.59,5.53,5.3,5.03,4.91,5.11,5.14,4.83,4.51,4.63,4.85,5,4.9,4.58,4.37,4.92,4.54,4.86,7.28,5.82,4.97,4.84,4.84,5.08,5.6,4.73,5.23,4.95,4.71,4.87,4.55,6.26,4.21,4.82,4.96,4.98,4.86,6.07
C14orf68,4.38,4.48,4.5,4.81,4.92,4.32,4.45,4.57,4.44,4.51,4.49,4.72,4.41,4.08,4.58,4.59,4.61,4.86,4.76,4.71,4.57,4.69,4.8,4.42,4.41,4.38,4.8,4.83,4.23,4.32,5.69,4.12,4.74,4.57,4.62,4.61,4.57,4.6,4.4,4.54,4.9,4.35,4.52,4.68,4.47,4.88,4.75,4.6,4.27,5.87
C14orf68,4.22,3.9,4.02,4.41,4.69,4.71,4.37,4.51,4.08,4.12,4.22,4.21,3.88,4.8,4.09,4.13,4.23,4.06,4.31,4.06,4.11,4.56,4.31,3.98,4.22,4.28,4.12,4.19,4.27,4.82,6.02,5.07,4.2,4.07,4.27,4.34,3.93,4.29,5.25,4.41,4.25,4.56,4.22,4.56,3.98,4.74,4.12,4.25,4.09,4.75
C14orf68,6.35,6.18,6.41,6.48,6.63,6.22,7.36,6.45,6.33,6.31,6.57,6.3,6.58,7.48,6.14,6.18,6.14,6.1,6.42,6.45,6.61,6.66,6.54,6.3,6.17,6.27,6.8,6.52,6.59,6.2,6.81,6.91,6.34,6.33,6.26,6.34,6,5.96,6.61,6.18,6.55,6.61,6.43,7.41,6.39,6.2,6.72,6.4,6.22,7.35
C14orf68,4.63,4.82,4.59,4.64,4.8,5.11,4.78,4.63,4.73,4.64,4.79,4.62,5.05,4.95,4.75,4.47,4.39,4.61,4.75,4.44,4.61,4.79,4.93,4.44,4.5,4.31,4.72,4.74,4.96,6.1,4.03,4.45,4.8,4.54,4.43,4.58,4.71,4.52,5.75,4.44,4.29,4.78,4.88,4.42,4.32,4.78,4.55,4.69,4.63,6.19
C14orf68,4.51,4.83,5.02,4.93,4.51,4.87,4.66,5.26,4.54,4.78,4.77,4.77,5.27,5.64,4.78,4.81,4.56,4.9,4.41,4.8,4.77,5.3,4.99,4.74,4.79,4.73,4.46,4.86,4.78,5.34,4.65,5.92,5.02,4.65,4.68,4.7,4.44,4.75,4.64,4.8,5.26,4.82,4.52,5.77,4.44,4.63,5,4.88,4.68,4.8
C14orf68,4.26,4.38,4.48,4.55,5.4,4.64,4.42,4.44,4.42,4.42,4.61,4.39,4.5,4.9,4.77,4.73,4.61,4.18,4.23,4.43,4.82,4.42,4.61,4.35,4.53,4.3,4.58,4.84,4.58,5.34,5.52,6.68,4.58,4.34,4.35,4.38,4.61,4.43,4.47,4.51,4.4,4.42,4.93,4.12,4.18,4.34,4.78,4.52,4.3,4.85
C14orf73,4.06,3.98,4.23,3.84,4.4,4.01,4.27,3.87,3.91,3.98,4.4,3.96,3.86,4.43,3.81,4.01,4.11,4.2,4.16,3.73,4.07,4.01,3.94,4.09,4.1,4.02,3.82,4.22,4.07,5,4.75,4.06,4.09,3.95,4.04,3.78,3.84,3.81,4.37,4.06,4.32,3.97,3.92,4.76,4.06,4.31,4.27,4.02,3.79,5.06
C14orf73,4.83,5.14,5.31,5.17,4.84,4.95,4.96,5.12,5.02,5.04,5.07,4.99,5.24,5.54,5.2,4.72,4.71,4.88,4.71,5.28,5.04,5.08,5.16,4.68,4.87,4.95,5.1,4.92,5.19,5.09,5.15,5.09,5,5.2,5.12,4.94,4.73,4.97,4.75,4.78,4.81,5.24,4.7,5.39,4.72,4.92,4.78,4.92,4.91,6.26
C14orf79,6.36,6.47,6.41,6.15,6.55,6.78,6.63,6.54,6.12,6.45,6.72,6.24,6.15,5.4,6.55,6.49,6.64,6.34,6.42,6.25,6.63,6.49,6.63,6.75,6.49,6.71,6.6,6.51,6.81,5.37,4.44,6.35,6.78,6.67,6.46,6.58,7.04,6.89,6.04,6.3,6.56,7.04,7.03,5.39,5.89,6.43,6.48,6.36,6.63,5.3
C14orf80,8.62,8.46,8.74,8.7,8.96,8.97,9.24,8.84,8.54,8.65,8.48,8.62,8.6,8.04,8.8,8.88,8.87,8.69,8.56,8.28,9.05,8.68,8.82,8.83,8.71,9.03,8.92,8.58,8.76,8.93,8.1,8.35,9.22,9.23,9.18,8.8,9.39,9.17,8.97,9.02,8.96,8.77,8.9,9.17,8.97,8.84,8.86,8.58,8.71,8.18
C14orf83,3.89,3.84,3.95,4.04,3.82,4.23,4.15,3.98,4.09,4.06,4.1,4.09,3.99,4.04,3.93,4.07,3.76,4.09,4.1,4.09,4.23,3.79,3.99,4.09,4.13,4.09,4.09,4.04,4.07,4.17,4.36,4.22,3.88,4.08,4.02,3.97,3.81,3.77,4.65,4.2,3.95,4.09,3.86,4.23,4.13,4.03,4.01,3.96,3.91,4.91
C14orf83,4.33,4.38,4.22,4.4,5.08,4.92,5.08,4.85,4.48,4.32,4.67,4.5,4.64,5.8,4.76,4.63,4.55,4.47,4.46,4.95,4.46,4.72,4.73,4.57,4.79,4.5,4.3,4.36,4.93,6.19,5.22,5.55,4.6,4.71,4.54,5.03,4.63,4.6,5.9,4.29,4.32,5.09,4.98,5.78,5.27,5.09,4.74,4.68,4.43,6.1
C14orf93,5.08,5.36,5.53,5.36,4.78,5.7,5.02,5.62,5.45,5.55,5.61,5.26,5.26,5.17,5.28,4.8,5.12,4.96,5.62,5.48,5.51,5.27,5.23,5.24,5.09,5.19,5.17,5.06,5.74,4.56,5.96,4.25,5.04,4.62,4.47,5.23,5.1,5.14,5.51,5.39,5.65,5.91,5.6,4.96,5.66,5.12,5.38,5,5.34,5.67
C14orf93,7.17,7.5,7.8,7.55,7.97,7.82,6.74,7.54,7.52,7.73,7.49,7.52,7.43,6.68,7.39,7.21,7.31,7.51,7.74,7.65,7.76,7.59,7.97,7.38,7.31,7.12,7.68,7.79,7.67,6.55,6.03,7.24,7.14,7.02,7.3,7.69,7.86,7.81,7.72,7.75,7.65,8.02,8.18,5.9,8.05,7.81,7.85,7.79,7.52,5.87
C14orf93,6.8,6.74,6.5,6.49,6.4,6.48,6.5,6.75,6.51,6.56,6.51,6.43,6.84,6.15,6.75,6.58,6.49,6.52,6.49,6.5,6.57,6.77,6.81,6.59,6.38,6.43,6.41,6.55,6.77,6.68,6.38,6.29,6.7,6.69,6.5,6.42,6.62,6.6,6.24,6.58,6.6,7.07,6.86,6.39,6.74,6.12,6.58,6.78,6.85,6.19
C14orf93,7.64,7.67,7.98,7.9,8.01,8.24,8.2,7.86,7.82,7.92,8.08,7.61,7.62,7.43,7.62,7.74,7.67,7.81,8.03,7.82,7.85,7.85,7.87,7.7,7.37,7.65,8.06,7.7,7.91,8.02,6.47,7.2,7.27,7.3,7.33,7.95,7.83,7.8,7.45,8,8.16,8.21,8.26,7.51,8.38,8.32,8.18,7.82,8.03,7.62
C15orf17,5.99,5.33,6.17,6.04,4.98,5.05,4.86,6.16,6.24,6.28,5.51,5.95,5.69,5.46,6.1,5.88,6.2,5.73,6.1,6.25,6.25,6.08,5.69,6.34,6.09,6.23,5.6,5.84,5.57,5.42,5.02,5.01,5.49,6.32,5.57,6.09,5.4,6.38,4.91,6.28,5.66,5.98,5.08,4.51,6.2,5.25,5.65,6.14,5.54,5.62
C15orf17,6.88,6.54,7.01,6.96,6.59,6.39,6.81,7.27,6.89,6.87,6.38,7,6.71,7.23,6.89,7.11,6.87,6.69,6.88,7.15,6.79,7.15,6.85,7.13,7.02,7.16,6.65,7.09,6.57,5.29,4.61,6.11,6.68,6.63,6.9,7.02,6.62,6.99,6.03,6.95,6.77,7.07,6.79,5.35,6.62,6.28,6.59,6.81,6.77,6.41
C15orf17,8.08,7.73,8.04,7.91,7.64,7.95,7.58,7.99,8.02,8.09,7.51,7.95,7.95,6.65,7.95,8.07,8.01,7.92,7.87,7.91,8.18,8.22,8.14,8.12,8.2,8.41,8.04,8.05,7.85,7.01,6.03,7.5,7.94,7.74,7.82,7.9,7.79,8.04,7.04,8.08,7.79,8.36,8.13,7.75,7.62,7.6,8.03,8.04,8.13,6.33
C15orf17,7.07,6.61,6.73,6.74,6.58,6.33,6.08,6.97,6.84,6.94,6.64,6.88,6.71,6.19,6.77,6.68,6.74,6.73,6.96,6.83,7.09,6.98,6.75,7.09,7.16,6.63,6.6,6.91,6.5,5.57,6.66,4.8,6.67,6.54,6.75,6.74,6.22,6.78,5.82,6.85,6.05,6.86,6.41,6.25,6.22,5.81,6.55,6.83,6.72,6.48
C15orf17,9.2,9.31,9.51,9.4,9.53,9.59,9.6,9.63,9.34,9.35,9.5,9.33,9.35,7.3,9.1,9.32,9.16,9.28,9.3,9.25,9.44,9.5,9.72,9.31,9.46,9.41,9.42,9.24,9.58,10.21,7.03,7.22,8.91,9.06,9.03,9.29,9.29,9.29,9.51,9.54,9.47,9.78,9.91,7.6,9.31,9.58,9.34,9.31,9.49,6.91
C15orf2,3.82,4.19,3.57,3.83,3.61,4.12,3.84,3.67,4.04,3.93,4.04,3.84,4.03,4.73,3.61,3.58,3.5,3.66,3.6,3.68,4.01,4.01,3.95,3.53,3.83,3.84,3.97,4.11,4.25,4.25,4.84,5.04,3.85,3.8,3.81,3.59,3.94,3.59,3.71,3.69,3.62,3.72,3.83,4.71,4.2,3.85,3.75,3.85,4.01,4.03
C15orf21,3.67,3.48,3.38,3.49,3.67,3.38,3.61,3.58,3.42,3.53,3.54,3.58,3.48,5.3,3.62,3.84,3.53,3.55,3.42,3.65,3.38,3.57,3.57,3.44,3.4,3.83,3.72,3.41,3.69,4.49,4.01,4.72,3.46,3.52,3.69,3.45,3.58,3.6,4.92,3.57,3.49,3.6,3.77,4.51,3.89,3.49,3.62,3.32,3.55,4.13
C15orf23,9.85,9.81,9.86,9.87,9.87,9.84,9.76,9.6,9.86,9.86,9.79,9.66,9.82,8.29,9.31,9.2,9.3,9.89,9.82,9.93,9.02,8.85,9.12,8.87,8.87,9,9.78,9.78,9.84,8.52,7.21,7.94,9.89,10.06,10.03,9.12,9.05,9.22,10.09,10.16,10.07,9.15,9.52,7.68,9.29,9.28,9.29,10,10,7.66
C15orf24,10.43,10.54,10.44,10.41,10.56,10.54,10.16,10.51,10.52,10.54,10.49,10.53,10.44,10.3,10.6,10.65,10.78,10.61,10.72,10.68,10.53,10.44,10.53,10.56,10.53,10.61,10.5,10.56,10.48,10.23,8.36,10.18,10.55,10.59,10.55,10.6,10.59,10.62,10.36,10.58,10.53,10.38,10.5,10.33,10.5,10.36,10.45,10.54,10.56,9.9
C15orf26,4.41,4.54,4.64,4.59,4.7,4.34,4.7,4.57,4.63,4.59,4.55,4.63,4.47,5.34,4.46,4.49,4.42,4.61,4.57,4.42,4.52,4.73,4.59,4.42,4.39,4.44,4.37,4.62,4.58,5.04,6.39,4.45,4.67,4.52,4.63,4.58,4.49,4.57,4.78,4.42,5.26,4.47,4.33,5.39,4.61,4.9,4.57,4.45,4.57,4.78
C15orf27,4.44,4.38,4.88,4.72,4.84,5.19,5.96,4.93,4.53,4.53,4.55,4.56,4.42,5.55,4.38,4.61,4.43,4.62,4.89,4.58,4.84,5.16,4.51,4.52,4.41,4.34,4.77,4.81,4.44,5.07,6.59,6.25,4.64,4.64,4.72,4.51,5.2,4.54,5.34,4.51,4.72,4.83,4.69,6.02,4.66,4.57,4.33,4.45,4.86,5.36
C15orf27,4.13,4.04,4.29,4.32,4.75,4.14,4.9,4.62,4.03,4.35,4.24,4.28,4.25,6.05,4.13,4.58,4.26,4.26,4.19,4.49,4.12,4.44,4.13,4.63,4.19,4.62,4.17,4.34,4.56,4.72,6.31,5.88,4.31,4.38,4.68,4.23,4.08,4.34,5.89,4.45,4.6,4.47,4.32,5.51,4.53,4.43,4.63,4.56,4.48,5.46
C15orf27,4.81,4.59,4.73,4.86,4.68,4.7,4.83,4.86,4.56,4.92,4.73,4.73,4.76,5.74,4.56,4.46,4.72,4.57,4.57,4.5,5.12,4.73,4.73,4.53,4.66,4.69,4.73,4.69,4.76,5.27,6.26,5.3,4.96,4.74,4.75,4.68,4.6,4.44,5.07,4.74,4.39,4.63,4.94,5.39,5.13,4.54,4.51,4.5,4.7,4.78
C15orf29,7.16,6.99,7.3,7.08,7.04,7.25,6.63,6.87,6.95,7.17,6.97,7.27,6.95,6.36,7.32,7.34,7.19,7.32,7.02,7.17,6.63,7.1,6.74,7.15,7.14,7.06,7.11,6.99,6.89,6.7,5.33,7.75,7.42,7.47,7.63,7.37,6.84,6.99,6.42,7.39,7.18,7.42,7.06,8.23,6.79,6.52,6.95,7.3,7.36,6.52
C15orf29,6.27,5.91,5.71,6.22,5.82,6.34,4.71,5.6,6.55,6.59,6.52,6.06,5.82,5.76,6.7,6.49,6.62,5.67,6.39,6.4,5.65,6.35,6.04,6.66,6.47,6.45,6.27,6.65,6.19,4.59,4.91,5.02,6.12,5.95,5.9,6.81,5.6,5.76,4.56,5.91,5.6,6.36,6.42,6.43,5.96,5.71,6.47,5.81,6.01,5.61
C15orf29,6.82,6.65,6.32,6.6,6.1,6.49,6,6.55,6.84,6.62,6.76,6.46,6.27,5.94,6.92,7.03,6.91,6.77,6.3,6.94,6.39,6.81,6.48,6.51,6.8,6.85,6.46,6.65,6.01,4.82,5.3,6.27,6.46,6.51,6.52,7.3,6.18,6.31,6.2,6.59,6.27,6.54,6.29,6.48,6.6,7.01,6.35,6.12,6.12,5.93
C15orf29,5.38,5.23,5.3,5.23,4.93,5.08,4.71,5.37,5.65,5.51,5.06,5.16,5.03,5.12,5.31,5.61,5.27,5.61,5.43,5.51,5.25,5.34,5.06,5.46,6.04,5.49,5.24,5.7,5.14,6.22,5.17,6.05,5.19,5.13,5.11,5.6,5.52,5.61,5.04,5,5.45,4.94,5.41,5.44,5.45,5.04,5.13,4.82,5.23,5.23
C15orf32,3.83,3.89,3.74,4.22,4.38,3.93,4.47,3.68,3.8,4.1,4.06,4.1,3.97,4.91,3.62,3.92,3.74,3.86,3.83,3.78,4.2,3.8,3.88,3.85,3.67,4.15,3.89,3.91,3.82,5.31,5.46,4.42,4,3.89,3.58,3.94,4.13,3.94,4.68,4.05,4.01,4.16,3.83,5.12,4.07,4.03,4.57,3.64,3.7,4.64
C15orf33,5.22,5.56,5.17,5.04,5.07,5.12,5.22,5.13,5.3,5.27,5.51,5,5.41,6.04,5.5,5.27,5.61,5.58,5.27,5.34,5.22,5.08,5.33,5.19,5.13,5.16,5.16,4.88,5.31,5.88,5.79,5.97,5.08,5.19,4.9,4.87,4.9,5.49,5.57,4.72,4.92,5.18,5.45,7.99,4.89,4.78,5.11,5.08,5.18,7.99
C15orf33,3.66,3.58,3.59,3.55,3.64,3.88,3.8,3.55,3.72,3.67,3.8,3.72,3.84,3.84,3.58,4.22,3.63,3.48,3.6,3.48,3.56,3.6,3.85,3.64,3.58,3.55,3.6,3.53,3.6,4.13,4.28,4.07,3.61,3.55,3.43,3.71,3.49,3.52,4.39,3.5,3.5,3.51,3.59,3.86,3.9,3.87,3.59,3.86,3.67,4.06
C15orf33,4.34,4.23,3.98,3.9,4.33,4.18,3.71,3.94,4.01,4.06,4.17,4.17,4.16,4.08,4.1,4.02,4.22,4.31,4.21,4.17,4.2,4.16,4.16,3.89,4.51,3.89,4.26,4.04,4.01,3.65,4.19,3.7,4.09,4,4.27,4,3.79,4.23,3.99,4.12,4.08,4.3,4.04,4.89,3.97,3.91,4.13,3.94,4.09,4.64
C15orf37,7.65,7.82,7.61,7.82,7.92,7.94,7.3,7.87,7.81,7.81,7.93,7.72,7.71,7.15,7.6,7.63,7.57,7.61,7.63,7.8,8.08,7.97,8.09,7.91,7.85,7.99,7.95,7.91,7.73,6.93,6.5,6.43,7.4,7.52,7.32,7.68,7.55,7.72,7.35,7.81,7.78,7.97,7.58,7.88,7.79,7.5,7.7,7.71,7.75,6.91
C15orf37,4.14,4.37,4.25,4.28,4.19,4.3,4.58,4.57,4.14,4.07,4.23,4.22,4.37,4.81,4.32,4.32,4.36,4.71,4.19,4.19,4.44,4.21,4.24,4.26,4.08,4.28,4.3,3.97,4.56,5,4.27,4.56,4.14,4.05,4.46,4.28,3.82,4.13,4,4.13,4.33,4.51,4.29,4.34,4.31,4.33,4.33,4.1,4.02,4.66
C15orf38,3.95,3.77,4.33,3.95,4.06,4.2,3.88,4.33,4.04,3.71,4.03,4,3.78,3.8,4,4.42,3.83,3.97,4.07,3.96,4.1,3.87,3.81,4.01,3.97,4.31,3.86,4.03,4.31,4.7,4.43,3.95,4.04,3.96,4.05,3.91,4.14,3.93,4.05,4.02,4.19,3.8,4.03,4.13,4.11,4.02,4.28,3.9,4.15,4.71
C15orf39,6.61,6.84,6.98,6.93,7.33,7.07,7.08,7.13,6.96,6.86,7.18,6.7,6.51,6.84,6.77,6.61,6.82,6.86,7.23,6.76,6.04,6.15,6.1,6.42,6.42,6.56,6.87,6.89,7.15,6.18,5.89,5.5,6.85,6.92,7.04,6.99,6.28,6.52,6.24,7.1,6.68,7.08,7.12,5.76,6.57,6.92,6.94,6.72,7.01,6.56
C15orf39,5.83,5.57,5.93,5.64,6.12,6.24,5.32,5.96,5.55,5.54,6.28,5.54,5.32,5.48,5.75,5.43,5.54,5.85,6.15,5.9,5.24,5.35,5.58,5.38,5.59,5.21,5.72,5.81,6.01,5.46,6.07,5.6,5.5,5.8,5.95,5.77,6.62,5.77,4.79,5.8,5.9,5.57,5.66,6.15,5.99,5.75,5.69,5.6,5.8,5.55
C15orf39,5.73,5.54,5.25,5.67,5.77,5.44,6.03,4.83,5.36,5.45,5.72,5.47,5.45,4.9,5.29,5.28,5.4,5.59,5.43,5.09,5.02,5.39,5.27,5.33,5.26,5.02,5.43,5.52,5.11,3.93,6.34,4.66,5.63,5.51,5.23,5.22,5.04,5.39,6.02,5.44,5.4,5.75,5.36,5.23,5.44,4.95,5.73,5.21,5.35,6.22
C15orf40,5.45,5.6,5.56,5.53,5.64,5.38,6.28,5.48,5.58,5.5,5.81,5.55,5.57,6.56,5.44,5.6,5.55,5.74,5.41,5.66,5.92,5.79,5.53,5.57,5.65,5.45,5.63,5.53,5.86,6.33,6.52,5.37,5.23,5.49,5.88,5.54,5.88,5.54,6.06,5.43,5.58,5.72,5.95,6.94,5.81,6.51,5.71,5.57,5.51,5.89
C15orf40,4.49,4.49,4.53,4.2,4.56,4.54,4.12,3.97,4.66,4.45,4.71,4.32,4.31,5.99,4.57,4.36,4.81,5.07,4.63,4.61,4.08,4.41,4.44,4.41,4.6,3.97,4.54,4.56,4.49,3.59,3.43,4.05,4.19,4.31,4.39,4.11,4.29,4.55,4.17,4.52,4.21,4.1,4.85,6.3,4.28,4.12,4.43,4.24,4.09,6.47
C15orf40,6.35,6.27,6.43,6.35,6.92,6.56,5.57,6.27,6.59,6.62,6.32,6.44,6.31,6.51,6.75,6.29,6.68,7.06,6.99,6.89,6.13,6.35,6.45,6.92,6.65,6.65,6.64,6.24,6.5,4.4,5.56,6.1,5.87,6.52,6.31,6.38,6.44,6.66,5.5,6.76,6.49,6.5,6.44,6.01,5.86,6,6.62,6.38,6.54,6.21
C15orf40,8.21,8.62,8.39,8.53,8.44,8.03,7.87,8.16,8.29,8.63,8.55,8.29,8.29,11.16,8.8,8.43,9.01,9.01,8.86,8.6,8.23,8.31,7.8,8.41,8.34,8.09,8.37,8.76,8.15,6.41,8.24,9.75,8.1,8.43,8.89,8.06,7.88,9,8.02,8.45,7.99,7.95,8.55,11.03,8.16,7.95,8.07,8.57,7.95,11.8
C15orf40,9.74,10.11,9.84,9.83,9.69,9.69,9.1,9.72,10.11,9.81,9.76,9.99,9.89,9.25,10.12,9.86,10.17,10.07,10.27,10.3,9.96,9.97,10.16,10.17,10.06,10.12,9.79,9.81,9.7,8.32,8.16,8.5,9.85,9.76,9.82,10.3,10.04,10.21,9.57,9.9,10.06,9.77,9.75,8.96,9.96,9.64,9.72,9.91,9.71,8.92
C15orf40,8.09,8.25,8.17,8.07,7.91,7.97,7.33,7.92,8.21,8.13,8.23,8.32,8.11,7.68,8.36,7.96,8.47,8.3,8.43,8.26,8.13,8.19,8.24,8.3,8.24,8.29,7.92,8.03,7.98,6.59,8.3,8.71,7.9,8.21,8.28,8.54,7.96,8.26,7.43,8.1,7.96,8.29,8.35,7.95,8.36,7.75,8.13,8.25,8.14,6.54
C15orf41,6.51,6.57,6.33,5.95,6.72,6.66,6,6.22,6.52,6.47,6.64,6.38,6.48,6.17,6.32,6.47,6.41,6.54,6.16,6.62,6.2,6.3,6.57,6.54,6.39,6.36,6.35,6.05,6.25,5.96,5.67,6.99,6.36,6.6,6.23,6.54,6.34,6.49,6.19,6.36,6.58,6.47,6.13,6.01,6.64,6.13,6.5,6.57,6.5,6.22
C15orf42,7.05,6.99,7.32,7.19,7.53,7.37,7.88,7.6,7.04,7.13,7.33,6.53,6.4,6.35,7.28,7.34,7.18,6.89,7.14,6.72,5.87,6.14,5.96,6.57,6.69,6.41,7.22,7.17,7.17,7.23,5.88,6.36,8.65,8.56,8.74,7.44,7.71,7.43,7.27,7.07,6.96,6.97,7.1,6.04,6.73,6.44,6.47,6.68,6.67,7.09
C15orf43,3.11,3.23,3.26,3.49,3.24,3.29,3.57,3.2,3.03,3.31,3.29,3.33,3.35,3.4,3.3,3.22,3.29,3.19,3.29,3.11,3.24,3.43,3.33,3.36,3.5,3.23,3.24,3.2,3.32,3.48,4.24,4.03,3.21,3.31,3.19,3.18,3.31,3.21,3.53,3.17,3.07,3.28,3.16,3.59,3.55,3.21,3.39,3.33,3.38,3.29
C15orf43,3.35,3.41,3.45,3.51,3.48,3.42,3.88,3.33,3.32,3.51,3.51,3.19,3.21,3.86,3.4,3.42,3.32,3.29,3.46,3.37,3.32,3.72,3.4,3.51,3.49,3.38,3.41,3.7,3.57,4.51,4.58,4.25,3.32,3.46,3.4,3.57,3.36,3.55,3.78,3.43,3.43,3.42,3.46,5.97,3.31,3.23,3.67,3.58,3.31,4.05
C15orf44,9,8.94,9.02,9.08,8.84,9.03,9.16,9.13,8.86,9.05,8.95,9.01,8.94,5.5,9.07,9.03,9.06,9.07,9.19,8.96,9.05,8.92,8.75,8.81,8.92,8.92,9.09,8.97,8.95,8.6,6.98,7.85,9.12,9.02,9.02,9,9.1,9.18,8.8,8.94,8.98,8.93,8.89,6.51,9.07,9.09,9.02,9.12,9.11,7.03
C15orf44,8.68,8.86,8.78,8.82,8.72,8.71,8.07,8.49,8.87,8.75,8.85,8.73,8.82,5.54,8.9,8.93,8.89,8.82,8.84,8.85,8.88,8.4,8.93,8.75,8.68,8.77,8.79,8.64,8.88,8.32,5.75,4.94,8.65,8.78,8.6,8.88,8.86,8.84,8.71,8.72,8.84,8.79,8.93,6.93,8.76,8.57,8.67,8.87,8.94,6.93
C15orf44,8.49,8.27,8.51,8.57,8.27,8.36,8.37,8.65,8.4,8.54,8.22,8.5,8.41,6.74,8.68,8.73,8.58,8.68,8.78,8.73,8.5,8.41,8.11,8.47,8.5,8.53,8.71,8.53,8.19,7.3,7.32,6.14,8.59,8.66,8.59,8.74,8.49,8.66,8.52,8.45,8.43,8.26,8.09,7.24,8.29,8.69,8.59,8.64,8.39,7.32
C15orf44,4.47,4.73,4.82,4.58,4.34,5.48,3.91,4.13,4.53,4.4,4.77,4.16,4.67,6.4,5.13,4.54,4.69,4.31,4.89,4.88,4.4,4.63,4.98,4.87,4.88,4.51,4.48,4.54,4.95,4.24,5.65,6.29,4.54,4.31,4.24,4.85,3.86,4.52,4.28,4.73,4.83,4.73,5.3,4.3,4.98,4.67,4.31,4.25,4.39,5.55
C15orf45,4.11,4.3,4.27,3.98,3.87,4.5,5.23,4.42,3.85,3.98,4.08,4.07,3.99,5.05,3.8,4.03,3.91,4.22,3.97,3.96,3.91,4.07,4.08,3.88,4.01,4.16,4.2,4.23,4.22,4.27,4.73,3.99,4.27,4.11,4.2,3.99,3.99,4.09,4.76,4.38,4.51,4.06,3.9,3.75,3.69,3.78,3.83,4.34,3.97,4.54
C15orf48,4.8,4.68,4.88,5.15,4.82,5.07,5,4.78,5.06,4.96,5.25,4.82,4.53,5.89,5.36,5.07,4.81,4.92,5.12,5.19,4.47,5.18,5.24,5.09,5.18,4.77,4.97,4.85,4.89,5.44,5.6,5.25,4.72,5.11,5.04,4.87,5.66,4.73,5.06,4.9,5.18,4.84,4.8,5.96,5.3,5.21,5.45,5.34,4.99,5.4
C15orf49,3.7,3.86,3.83,4.09,4.35,3.95,4.34,3.79,3.84,3.96,4.12,3.84,3.99,5.21,4.27,3.99,3.84,3.94,3.76,3.79,3.94,3.8,3.68,3.73,4.11,3.66,4,3.92,4.27,5.31,4.57,5.65,4.32,3.95,3.98,3.56,3.7,3.73,4.15,4.18,3.79,3.95,4.56,4.29,4.05,3.77,3.98,3.87,4.04,4.22
C15orf5,5.13,5.59,5.1,5.13,5.06,5.36,5.98,4.78,4.85,5.28,5.86,5.13,5.24,7.02,5.03,4.82,5.33,4.64,4.86,4.95,5.4,5.57,6.01,5.45,5.44,4.95,5.08,5.15,5.43,6.03,6.34,5.22,5.06,5.16,5.11,5.08,4.91,5.08,4.6,4.85,4.67,5.07,5.28,5.19,5.24,5.09,5.41,5.26,5.15,7.2
C15orf51,4.27,4.45,4.41,4.32,4.07,4.18,4.22,4.28,4.22,4.19,4.57,4.27,4.27,5.57,4.1,4.15,4.18,4.26,4.48,4.17,4.13,4.36,4.21,4.19,4.27,4.1,4.38,4.44,4.63,5.44,5.07,6.22,4.1,4.23,4.17,4.42,4.13,4.14,4.17,4.1,4.44,4.17,4.84,4.44,4.34,3.97,4.31,4.31,4.34,5.87
C15orf52,6.44,6.26,6.27,6.45,6.29,6.23,6.47,6.24,6.39,6.3,6.67,6.56,6.27,7.27,6.17,6.29,6.26,6.39,6.13,6.27,6.28,6.38,6.62,6.23,6.09,6.05,6.19,6.56,6.51,6.46,8.69,6.07,6.32,6.35,6.19,6.08,6.32,6.48,7.37,6.01,6.1,6.41,6.61,6.34,6.29,6.34,6.56,6.54,6.12,5.98
C15orf52,3.8,3.43,3.59,3.41,3.63,3.61,4.16,3.35,3.43,3.41,3.58,3.65,3.55,4.1,3.36,4.05,3.65,3.53,3.64,3.73,3.41,3.45,3.49,3.34,3.5,3.64,3.54,3.43,3.42,4.25,6,4.98,3.73,3.87,3.73,3.56,3.69,3.34,4.15,3.42,3.74,3.58,3.75,5.01,3.64,3.8,3.82,3.64,3.41,3.68
C15orf53,5.08,5.02,5.07,5.4,5.64,5.47,5.96,5.42,5.02,5.19,5.58,5.46,5.08,7.25,5.3,5.15,5.12,5.4,5.11,5.46,5.03,5.31,5.31,5.2,5.4,5.04,5.03,5.47,5.59,6.27,7.31,7.48,5.16,5.09,5.45,5.46,4.92,5.29,5.51,5.07,5.58,5.55,5.37,7.54,5.02,5.25,5.27,5.28,4.89,7.57
C15orf53,3.71,3.98,4.03,4.16,4.03,3.91,4.44,4.05,3.85,4.06,3.88,3.82,3.74,4.91,3.97,3.98,4.02,3.85,3.79,3.8,4.26,3.72,3.9,3.79,3.85,4.07,4.24,3.88,4.01,4.83,6.02,5.52,4.19,4,4,3.67,3.91,3.97,4.13,3.86,4.1,3.94,4.4,4.23,3.88,4.19,4.3,4.08,3.85,5.47
C15orf54,4.09,3.97,3.73,4.07,3.76,4.06,4.29,3.79,3.82,3.77,4.04,3.91,4.17,5.27,3.69,3.91,3.88,3.86,3.62,3.86,3.87,3.95,4.03,3.62,3.7,3.57,3.73,3.92,4.07,5.97,4.63,5.29,4.37,3.97,4,3.76,3.93,3.83,4.42,3.66,3.47,4.1,4.28,5.23,3.72,3.84,3.98,3.85,4.02,5.17
C15orf54,3.95,4.25,4,4.33,4.02,3.85,4.26,3.73,4,4.06,4.07,4.11,4.19,5.2,4.07,4.01,4.06,4.27,3.9,3.87,4.12,4.52,4.21,4.14,4.32,4.14,3.84,4.11,4.17,3.42,6.32,4.81,4.07,4.17,4.01,4.01,4.06,4.29,3.8,3.85,3.81,4.16,4.4,4.98,4.3,4.15,3.98,3.94,3.79,5.24
C15orf55,4.03,3.86,3.74,4.01,4.09,4,4.69,3.91,3.96,3.93,3.9,3.73,3.74,5.3,3.93,3.93,3.82,3.71,4.05,4.09,4.07,3.86,3.85,4.22,3.81,3.76,4.1,4.06,4.08,4.11,4.74,4.59,3.74,3.93,3.83,3.9,3.95,4.04,4.88,4.14,3.89,4.05,4.31,4.88,4.29,4.55,4.09,3.85,3.78,5.23
C15orf56,3.9,3.97,3.88,3.93,3.76,4.23,4.37,4.12,3.91,3.8,3.9,3.97,3.93,4.61,3.93,3.93,3.8,3.86,3.98,3.77,3.98,3.83,3.76,3.78,3.9,3.98,4.11,4.04,3.9,4.73,5.78,4.89,3.81,3.69,3.89,3.66,3.69,4.01,5.69,3.95,3.83,3.94,3.83,4.85,4.21,4.32,4.15,4.03,3.94,4.39
C15orf57,8.33,8.08,8.57,8.42,8.67,8.34,8.44,8.46,8.36,8.31,8.4,8.47,8.3,7.53,8.6,8.55,8.51,8.58,8.55,8.41,8.66,8.67,8.43,8.54,8.55,8.63,8.44,8.42,8.48,7.4,5.39,7.45,8.53,8.39,8.58,8.46,8.56,8.65,8.3,8.31,8.2,8.41,8.14,7.72,8.24,7.98,8.2,8.31,8.31,6.79
C15orf57,8.45,7.77,8.39,8.24,8.25,8.13,8.32,8.47,8.42,8.49,7.9,8.48,8.26,7.36,8.56,8.52,8.41,8.47,8.57,8.54,8.64,8.52,8.13,8.82,8.55,8.61,8.3,8.51,8.12,8.09,6.36,5.95,8.61,8.29,8.39,8.56,8.46,8.63,7.47,8.27,8.19,8.36,7.78,6.49,8.27,7.71,8.25,8.45,8.18,7.86
C15orf58,4.96,4.6,4.66,5.28,4.73,4.65,4.46,4.97,4.99,4.93,5.04,4.71,4.62,4.49,4.96,4.66,5.1,5.26,5.3,5.18,4.93,5.16,5.22,5.44,5.5,5.28,5.16,4.92,4.95,5.07,5.32,5.84,4.8,4.62,4.94,5.07,4.77,5.24,4.63,5.37,5.65,5.2,5.19,4.69,5.59,5.29,5.28,5.08,4.93,5.18
C15orf59,5.02,5.14,5.47,5,4.86,5.31,5.62,4.87,5.22,5.04,5.35,5.35,5.4,5.72,5.12,4.98,4.7,5.18,5.1,4.99,5.07,5.34,5.11,4.85,4.96,4.95,4.95,5.1,5.13,5.81,4.88,5.07,5.17,5.24,5.06,5.18,5.03,5.14,5.87,4.98,5.27,4.96,5.53,5.05,5.03,5.44,5.12,5.22,5.24,5.34
C15orf60,4.14,4.08,4.1,4.03,5.4,4.35,4.64,4.1,3.77,4.05,4.12,3.94,4,5.02,3.89,4.11,3.78,4.07,3.9,4.32,3.97,4.17,4.14,4.2,4.22,3.75,4.09,3.95,4.15,6.66,3.97,4.69,3.96,4.03,4.29,4.25,3.95,3.98,3.95,3.95,4.33,4.02,4.43,4.98,3.82,4.31,3.91,4.14,4.29,4.65
C15orf61,3.49,3.63,3.58,3.69,3.44,3.56,3.79,3.5,3.68,3.52,3.57,3.72,3.57,3.54,3.45,3.47,3.61,3.56,3.65,3.52,3.6,3.61,3.48,3.53,3.43,3.44,3.75,3.55,3.49,4.13,4.24,3.95,3.68,3.54,3.56,3.39,3.58,3.79,4.86,3.67,3.29,3.74,3.85,3.59,3.4,3.72,3.48,3.86,3.6,3.83
C15orf61,7.09,7.2,7.61,7.49,7.86,7.67,7.85,7.42,7.24,7.19,7.44,7.19,7.23,7.62,7.17,7.35,7.27,7.32,7.34,7.39,7.11,7.05,7.25,6.93,7.01,6.97,7.65,7.62,7.67,7.46,5.86,7.84,6.71,6.92,6.88,7.38,7.2,7.27,7.7,7.53,7.68,7.45,7.41,7.34,7.63,7.71,7.49,7.36,7.44,7.7
C15orf62,3.9,3.97,3.86,3.98,4.14,4.26,5.07,4.32,4.12,3.96,4.1,3.82,3.87,4.35,3.78,4.04,4.23,4.36,4.04,4.11,3.98,4.04,4.12,3.91,4.28,4.05,4.03,4.42,4.19,5.47,4.77,6.32,4.06,4.11,4.02,4.14,3.95,4.37,5.26,3.84,4.36,4.51,4.11,5.23,3.64,4.2,4.06,3.95,4.11,4.84
C15orf62,4.41,4.58,4.57,4.84,4.61,5.29,5.08,4.82,4.5,4.62,4.87,4.6,4.79,5.1,4.76,4.89,4.89,4.7,4.73,4.41,4.84,4.83,4.89,4.61,4.76,4.6,4.71,4.69,4.83,4.86,5.03,4.64,4.89,4.78,4.81,4.64,5.35,4.68,4.68,4.96,4.96,4.94,4.75,5.86,4.99,4.68,5.07,4.8,4.6,4.35
C15orf63 /// SERF2,6.16,5.31,5.86,5.68,5.54,5.92,4.92,5.63,5.91,5.84,5.79,5.45,5.24,5.55,6.12,5.76,6.38,5.77,5.95,5.98,5.68,5.67,5.52,6.01,6,5.93,5.31,5.91,5.6,6.17,6.3,5.75,5.59,5.69,5.46,6.17,5.03,5.8,5.48,6.03,5.54,5.49,6.06,5.5,5.85,6.05,6.1,5.6,5.54,6.08
C15orf63 /// SERF2,9.83,9.67,9.89,9.75,9.93,9.89,9.69,9.81,9.84,9.84,9.74,9.71,9.89,9.38,9.65,9.75,9.8,10.03,10.05,10.06,9.98,9.72,9.45,9.72,9.63,9.84,9.94,9.7,9.85,9.86,9.09,9.53,9.66,9.59,9.48,9.72,9.93,9.7,9.74,9.79,9.92,9.61,9.79,9.07,9.84,9.73,9.64,9.92,10.1,9.18
C16orf10,4.41,4.52,4.56,4.65,4.67,4.46,4.57,5.01,4.66,4.81,4.75,4.63,4.33,4.97,4.38,4.85,4.46,4.51,4.8,4.41,4.63,4.44,4.68,4.53,4.47,4.41,4.68,4.73,4.4,4.74,6.39,5.68,4.35,4.21,4.56,4.3,4.71,4.49,4.64,4.36,4.58,4.73,4.73,5.44,4.11,4.91,4.48,4.63,4.54,4.52
C16orf10,3.93,4.01,3.79,4.09,4.67,4.42,4.39,4.25,4,4,4,4.32,4.05,4.14,4.64,3.95,4,3.7,4.31,4.18,3.92,4.3,4.35,4.15,4.33,3.97,3.84,4.45,3.96,4.19,4.33,6.39,4.21,3.74,4.28,4.06,3.97,3.96,4.6,4.1,4.45,4.27,4.42,4.88,3.77,4,4.04,4.12,4.12,6.08
C16orf11,4.21,4.25,4.47,4.38,4.84,4.33,4.29,5.04,4.28,4.51,4.33,4.18,4.25,5.86,4.56,4.56,4.4,4.51,4.45,4.71,4.38,4.24,4.25,4.18,4.18,4.65,4.6,4.31,4.64,5.58,4.48,5.66,4.08,4.29,4.49,4.59,4.41,4.58,5.86,5.13,4.72,4.65,4.85,4.71,4.46,4.98,4.76,4.27,4.58,6.25
C16orf11,4.42,4.23,4.6,4.16,4.79,4.95,6,4.31,4,4.17,4.34,4.3,4.01,4.48,4.59,4.42,4.32,4.22,4.24,4.83,4.31,4.12,4.31,4.74,4.52,4.39,4.29,4.11,4.02,5.89,5.88,5.66,4.24,4.24,4.44,4.37,4.51,4.38,4.86,4.47,4.56,4.79,4.54,4.89,4.32,4.98,4.68,4.5,4.24,6.2
C16orf13,9.65,9.76,9.88,9.73,9.94,10.03,9.8,9.93,9.64,9.7,9.76,9.69,9.73,9.34,9.5,9.42,9.63,9.86,9.89,9.81,9.66,9.38,9.51,9.48,9.57,9.53,9.96,9.69,10.04,10.25,9.24,10.09,9.42,9.52,9.49,9.6,9.89,9.71,9.8,9.93,9.78,9.63,9.73,9.64,9.74,9.74,9.53,9.66,9.76,9.26
C16orf13,9.05,8.93,9.16,8.93,9.35,9.24,8.89,9.19,9.01,9.01,8.93,8.99,8.89,7.74,8.85,8.82,8.89,9.15,9.16,9.01,8.64,8.62,8.88,8.99,8.83,8.86,9.17,8.95,9.13,8.52,7.05,8.57,8.78,8.89,8.78,8.96,9.13,8.99,8.96,9.2,8.87,8.95,8.95,7.9,8.91,8.68,8.75,9.07,8.93,7.45
C16orf13,9.56,9.6,9.66,9.55,9.75,9.76,8.79,9.66,9.57,9.43,9.45,9.59,9.54,8.67,9.43,9.35,9.5,9.61,9.77,9.6,9.46,9.2,9.33,9.3,9.28,9.31,9.69,9.45,9.71,9.61,6.84,9.03,9.47,9.29,9.17,9.47,9.67,9.44,9.36,9.61,9.59,9.41,9.4,7.94,9.5,9.14,9.25,9.53,9.44,8.41
C16orf13,10.27,10.45,10.44,10.32,10.59,10.58,10.22,10.55,10.37,10.32,10.44,10.32,10.35,9.77,10.05,10.15,10.31,10.48,10.46,10.29,10.18,10.06,10.11,10.11,10.12,10.22,10.51,10.36,10.5,10.3,9.28,10.15,10.1,10.08,10.02,10.2,10.42,10.28,10.39,10.37,10.39,10.26,10.29,9.18,10.36,10.25,10.1,10.3,10.33,9.16
C16orf13,9.15,9.21,9.32,9.18,9.4,9.45,8.98,9.23,9.16,9.18,9.27,9.2,9.05,8.43,8.97,8.88,8.88,9.36,9.36,9.34,8.94,8.82,8.91,9.06,8.89,8.97,9.43,9.22,9.27,9.11,8.59,8.6,9.03,8.92,8.84,9.12,9.33,9.16,9.07,9.28,9.27,9.05,9.18,8.37,8.88,9.01,8.86,9.21,9.12,7.17
C16orf14,8.13,8.25,8.36,8.16,8.18,8.31,6.46,7.91,8.24,8.13,8.39,8.19,8.12,7.62,7.86,7.77,8.08,8.21,8.18,7.98,7.62,7.51,8.06,7.44,7.57,7.75,8.33,8.08,8.59,7.21,6.95,6.9,7.8,7.81,7.61,8.05,7.99,8.04,5.73,8.1,8.23,7.85,7.82,7.12,7.74,7.63,7.92,8.11,8.37,7.78
C16orf14,8.94,8.93,9.07,8.93,9.11,9.06,9.15,9.12,8.93,8.88,8.8,8.77,8.75,7.17,8.64,8.75,8.78,8.97,9.03,8.94,8.59,8.41,8.67,8.62,8.65,8.46,9.12,8.96,9.19,8.78,7.33,8.71,8.66,8.66,8.55,8.88,8.86,8.85,8.78,9.1,8.85,8.61,8.75,6.64,8.51,8.5,8.59,8.73,8.79,7.03
C16orf3,5.4,4.97,5,4.84,5.35,4.9,4.98,4.82,4.98,4.98,5.77,5.33,5.09,5.56,5.06,5.65,4.99,5.12,5.29,4.86,5.08,5.19,5.13,4.96,4.77,4.78,5.11,5.35,4.98,5.4,6.1,5.06,5.32,5.24,5.18,4.99,4.98,5.15,5.35,4.75,4.86,4.92,5.45,4.73,5.27,5,5.11,5.54,5.36,4.87
C16orf35,8.41,8.4,8.57,8.53,8.96,8.84,8.84,8.45,8.49,8.4,8.74,8.33,8.32,8.71,8.23,8.23,8.29,8.46,8.45,8.28,8.37,8.29,8.53,8.28,8.38,8.34,8.61,8.35,8.87,8.49,7.07,8.78,8.26,8.2,8.2,8.43,8.83,8.29,8.58,8.63,8.76,8.61,8.52,8.29,8.8,8.7,8.8,8.51,8.67,8.03
C16orf35,5.99,5.81,6.29,6.39,6.01,6.1,6.2,6.61,6.1,6.28,5.74,6.04,5.85,6.5,6.02,6.18,6.34,6.33,6.62,6.48,6.13,5.95,5.66,6.24,6.25,6.18,6.4,6.21,5.7,5,7.29,7.26,5.98,6.12,6.15,6.13,5.98,6.36,5.18,6.45,6.22,6.08,6.02,6.13,6.08,6.66,6.57,6.22,6.37,5.35
C16orf35,5.63,5.25,5.78,5.95,6.1,5.71,4.87,6.43,5.64,5.77,5.46,5.4,5.74,4.65,6.01,5.82,5.73,5.88,6.18,5.97,5.62,5.57,5.54,6.02,5.98,5.68,6.01,5.63,6.21,4.41,5.36,4.99,5.23,5.6,5.63,5.8,5.67,6.1,5.55,6.5,6.31,5.89,5.85,4.69,5.74,5.93,5.95,5.99,6.24,5.08
C16orf35,7.65,7.44,7.96,7.85,7.51,7.41,8.04,7.79,7.53,7.52,7.27,7.61,7.52,7.66,7.34,7.46,7.54,7.8,7.72,7.93,7.66,7.53,7.33,7.43,7.55,7.51,7.93,7.7,7.56,7.48,7.36,6.37,7.48,7.53,7.45,7.54,7.89,7.74,7.31,7.73,7.84,7.82,7.99,6.58,7.9,8.11,7.96,7.88,7.77,7.08
C16orf35,6.42,6.16,6.67,6.76,6.93,6.9,6.84,6.57,6.42,6.55,6.89,6.38,6.46,5.53,6.6,6.42,6.58,6.76,6.84,6.66,6.39,6.34,6.53,6.71,6.52,6.46,6.82,6.46,6.8,7.47,6.33,6.23,6.5,6.18,6.47,6.75,6.55,6.56,6.67,7.09,6.54,6.74,6.98,7.09,6.78,6.7,6.7,6.59,6.72,6.4
C16orf38,3.93,3.76,3.96,4.1,4.27,3.77,4.89,4.26,4.04,4.17,4.04,3.93,4.01,4.4,3.95,3.73,3.96,4.18,3.97,3.91,3.96,3.85,3.87,4,3.91,4.1,4.04,4.03,4.16,3.63,5.96,3.96,3.86,3.91,4.03,4.04,4,3.73,4.42,3.92,4.15,3.98,4.03,4.57,3.82,3.73,4.1,4.01,4.05,4.24
C16orf42,9.27,9.21,9.55,9.35,9.65,9.66,9.49,9.36,9.24,9.25,9.3,9.15,9.28,7.61,8.96,9.14,9.17,9.47,9.59,9.51,9.16,9.01,9.1,9.26,9.24,9.3,9.52,9.38,9.39,9.84,5.62,7.06,9.07,9.11,9.19,9.24,9.47,9.17,9.66,9.3,9.38,9.41,9.82,7.72,9.54,9.3,9.46,9.34,9.43,8.16
C16orf45,10.36,10.53,10.44,10.26,10.4,10.48,10.43,10.54,10.42,10.51,10.52,10.36,10.24,9.82,10.33,10.09,10.32,10.37,10.28,10.39,10.91,10.78,10.9,10.68,10.6,10.62,10.46,10.33,10.32,10.19,9.14,9.73,10.25,10.25,10.29,10.36,10.29,10.28,10.18,10.64,10.54,10.64,10.48,10.31,10.44,10.4,10.48,10.39,10.34,9.54
C16orf45,8.05,7.66,8,8.07,7.15,7.99,7.63,8.2,7.96,8.12,7.43,7.97,7.98,7.03,7.93,7.88,7.89,7.94,7.82,8.18,8.47,8.5,8.18,8.24,8.21,8.42,7.92,8.07,7.72,7.49,7.24,7.06,7.86,7.96,7.94,7.68,7.7,7.86,7.03,8.16,8.2,8.22,8.12,6.05,8.02,7.93,7.78,7.98,7.81,7.46
C16orf46,3.97,3.98,3.99,3.84,3.77,3.94,5.45,4.18,4.12,3.66,3.88,4.11,3.99,4.63,4.26,4.04,3.82,3.97,4.04,4.23,4.16,4,4.19,3.92,4.54,3.97,4.17,4.52,4.35,4.14,5.38,5.77,4.06,3.89,3.77,4.34,3.97,3.72,4.64,4.08,4.37,3.93,4.25,4.84,3.91,3.68,3.77,4.08,3.96,5.19
C16orf46,7.1,6.93,7.16,6.93,7.05,7.18,7.14,7.04,6.92,7.09,6.88,6.92,7.21,5.99,6.85,7.01,6.82,7.04,6.86,6.99,7.27,7.03,6.94,6.94,6.98,7.07,7.23,6.91,7.08,7.4,6.5,6.95,6.55,6.7,6.4,6.66,6.94,6.9,7.24,7.18,7.06,7.25,7.38,6.12,6.74,6.54,6.72,7.18,7.31,6.53
C16orf48,7.36,7.33,7.54,7.3,7.71,7.87,6.83,7.41,7.05,7.33,7.43,7.27,7.24,6.62,7.51,7.57,7.66,7.39,7.52,7.4,7.34,7.16,7.13,7.44,7.58,7.54,7.39,7.34,7.66,6.43,5.31,6.39,8.1,8.2,8.03,7.68,8.03,7.87,6.79,7.42,7.48,7.75,7.98,5.92,7.36,7.69,7.27,7.51,7.7,6.03
C16orf5,8.42,8.28,8.67,8.82,8.83,8.96,8.66,8.66,8.42,8.51,8.62,8.58,8.62,9.03,9.84,9.69,9.66,8.69,8.73,8.76,8.96,9.13,9.13,9.83,9.77,9.72,8.68,8.62,8.8,7.14,7.23,8.78,9.73,9.88,9.9,9.9,9.82,9.75,9.04,9,9.05,8.91,8.94,8.99,8.67,8.83,8.66,8.74,8.94,7.88
C16orf5,6.48,6.17,6.53,6.34,6.87,5.62,6.51,6.79,5.98,6.53,6.22,6.21,6.13,6.32,7.43,7.59,7.22,6.1,6.44,6.14,6.73,7,7.15,7.53,7.12,7.33,6.45,6.21,6.49,5.66,6.35,6,7.44,7.49,7.48,7.27,7.59,7.09,6.6,6.44,6.72,6.55,6.77,4.58,6.42,6.52,6.58,6.36,6.72,4.78
C16orf5,8.12,7.8,8.25,8.23,8.66,8.4,7.79,8.39,7.98,8.11,8.26,8.12,7.98,7.94,9.22,9.2,9.2,8.11,8.23,8.09,8.84,8.74,8.67,9.21,9.31,9.19,8.33,8.05,8.41,7.17,8.06,8.5,9.42,9.5,9.5,9.32,9.34,9.33,8.02,8.66,8.51,8.36,8.67,6.81,8.19,8.26,8.32,8.48,8.47,8.24
C16orf5,5.64,5.46,5.68,6.02,5.81,5.57,4.89,6.01,5.88,6.03,5.81,6.08,5.86,6.08,6.4,6.65,6.17,6.06,5.88,5.94,6.15,6.26,5.62,6.53,6.58,6.38,5.96,6.18,5.8,4.59,6.03,5.72,6.68,6.71,6.61,6.52,6.46,6.5,6.58,5.79,5.83,5.98,5.5,5.86,6.08,5.75,5.9,6.09,5.77,6.01
C16orf5,5.22,4.84,5.24,5.24,5.1,4.91,5.11,5.2,5.18,5.1,4.69,5.14,4.92,5.07,6.04,6.03,6.25,5.22,5.29,5.27,5.52,5.78,5,6.03,5.74,5.83,5.33,5.46,4.94,4.83,5.74,6.54,6.17,6.18,6.13,6.1,5.74,6.33,4.56,5.15,4.96,4.93,5.27,5.97,4.74,4.95,5.08,5.21,4.99,4.56
C16orf5,5.96,5.7,6.01,6.35,6.15,5.84,6.29,6.7,5.99,6.24,5.91,6.08,5.85,6.23,7.58,7.67,7.49,6.22,6.15,6.09,6.67,6.66,6.56,7.52,7.54,7.55,6.45,6.29,6.43,5.24,5.17,6.39,7.5,7.6,7.61,7.54,7.46,7.51,5.84,6.58,6.86,6.4,6.76,5.23,5.73,6.03,6.2,6.58,6.15,6.31
C16orf53,8.78,8.69,9.06,8.85,9.24,8.98,8.89,9,8.72,8.84,8.56,8.6,8.47,6.34,8.52,8.54,8.64,8.81,8.82,8.75,8.73,8.49,8.43,8.51,8.33,8.56,9.04,8.9,8.72,7.99,7.04,7.15,8.28,8.17,8.04,8.49,8.53,8.65,8.92,8.91,8.83,8.68,8.63,5.91,9.17,9.14,8.92,8.71,8.78,6.56
C16orf53,7.55,7.73,7.7,7.86,7.92,7.7,7.79,7.8,7.64,7.63,8.04,7.42,7.15,7.07,7.41,7.32,7.37,7.75,7.51,7.67,7.53,7.74,7.76,7.55,7.67,7.36,7.69,7.82,7.83,6.9,6.48,7.56,6.78,7.25,7,7.58,7.29,7.21,7.37,7.54,7.65,7.56,7.56,7.48,7.7,7.41,7.7,7.53,7.43,7.75
C16orf54,4.46,4.58,4.92,4.75,4.52,4.59,5.17,5.01,4.64,4.38,4.68,4.72,4.59,5.07,4.76,5.22,4.58,4.83,4.51,4.99,4.72,4.78,4.85,4.57,4.38,4.67,4.46,4.76,4.66,5.28,5.32,5.28,4.58,4.51,4.64,4.57,4.72,4.39,4.59,4.71,4.72,4.48,4.62,5.59,4.52,4.99,5.05,4.89,4.55,5.48
C16orf54,3.53,3.75,3.61,3.6,3.82,4.05,4.24,3.73,3.68,4.01,3.63,3.64,3.79,4.79,3.56,3.83,3.66,3.59,3.87,3.46,3.7,3.68,3.8,3.59,3.79,3.85,3.48,3.54,3.77,4.66,5.8,4.56,3.58,3.55,3.53,3.59,3.86,3.56,5.37,3.68,3.76,3.79,3.65,4.88,3.77,3.76,3.78,3.6,3.77,3.85
C16orf54,3.93,3.96,3.82,3.7,4.01,3.82,3.85,3.56,4,3.87,4,4.13,3.8,3.65,3.79,3.94,3.63,3.95,3.78,3.64,3.65,4.1,3.97,3.59,3.82,3.56,3.78,3.94,3.73,4.64,4.77,3.68,4.07,4,3.86,3.57,3.75,3.35,3.75,3.51,3.57,3.65,3.65,3.98,3.52,4.06,3.76,3.67,3.7,3.89
C16orf55,5.68,5.86,5.74,5.87,6.15,5.68,6.11,5.94,6.11,5.77,6.24,5.62,5.77,5.36,5.43,5.75,5.59,5.8,5.81,5.63,5.57,5.63,5.84,5.64,5.52,5.38,6.09,6.02,6.11,5.89,5.59,5.78,5.96,5.97,5.78,5.58,5.78,5.49,5.89,5.96,6.01,5.74,5.77,5.7,5.81,5.16,5.58,5.7,5.8,6.09
C16orf55,6.14,5.75,6.03,5.59,6.14,6.2,6.59,5.54,5.76,5.66,6.42,5.39,5.63,5.86,5.56,5.17,5.66,5.62,6.03,5.54,5.73,5.91,5.91,5.86,5.72,5.16,5.43,5.66,6.06,4.65,5.87,5.75,5.85,5.79,5.76,5.73,5.43,5.22,5.21,6.04,6.32,6.38,6.12,5.99,5.49,5.02,6.03,5.45,5.52,6.46
C16orf55,6.91,6.57,7.01,7.36,7.38,7.3,7.03,7.21,7.08,6.72,7,6.99,6.9,8.45,6.98,7.09,7,7.16,7.1,7.12,7.01,7.09,6.68,6.93,7.14,7.18,7.16,7.24,7.07,7.61,7.94,8.19,7.06,7.16,7.04,7.13,6.99,6.75,7.14,7.07,7.54,7.18,7.02,8.75,6.87,6.95,7.21,7.24,7,8.7
C16orf57,8.61,8.9,8.93,8.72,9.64,9.26,9.3,9.29,8.59,8.73,9.16,8.79,8.62,9.22,8.79,8.84,8.7,8.78,8.82,8.58,8.95,9.13,9.15,8.92,9.01,8.85,8.93,8.78,9.19,8.95,8.27,9.55,8.62,8.73,8.78,8.93,9.05,8.98,8.77,9.02,9.01,9.32,9.29,9.37,8.98,8.76,9,8.9,9.11,8.37
C16orf57,9.87,10.09,9.98,10,10.32,10.29,10.08,9.85,9.8,9.83,10.19,9.96,10.05,9.5,9.95,10.03,9.91,9.84,9.69,9.73,10.13,10.16,10.35,10.05,10.06,9.96,9.95,9.9,10.24,10.42,8.5,8.87,10,10.03,9.94,9.97,10.15,10.07,9.95,10.03,10,10.1,10.2,9.02,9.94,10.04,9.97,9.91,10.15,8.85
C16orf57,5.57,5.16,5.46,5.85,5.45,5.35,5,4.94,5.33,5.52,5.5,5.19,5.33,5.96,5.28,5.05,5.35,6.23,5.42,5.46,5.5,5.89,5.36,5.4,5.44,5.34,5.46,5.75,5.37,5.14,5.93,5.44,5.36,5.39,5.43,5.6,5.13,5.5,4.7,5.19,4.94,5.2,5.34,4.67,5.07,4.78,5.07,5.61,5.38,6.25
C16orf57,5.1,5.02,4.89,5.2,5.68,5.01,5.38,5.45,5.03,4.95,4.93,5.06,4.86,5.48,4.89,5.11,4.75,5.17,5.21,4.89,4.86,5.07,4.99,5.2,5.24,4.9,4.92,5.21,5.28,5.33,6.54,5.68,5.12,4.82,5.03,4.82,5.07,5.16,4.51,5.13,4.93,4.99,4.96,6.04,5.52,4.9,5.29,5.07,4.75,5.28
C16orf57,5.64,6.02,5.79,6.16,5.95,5.4,6.63,6.14,5.67,5.69,6.01,6.12,5.88,5.96,5.67,5.58,5.87,5.41,5.55,5.57,5.65,5.91,6.16,5.9,5.94,5.58,6,5.97,6.23,4.07,6.33,4.99,6.13,6.1,6.65,5.92,5.46,5.5,3.91,6.12,5.7,5.63,5.89,6.78,5.1,5.07,5.53,6.13,5.74,6.57
C16orf58,6.04,5.47,6.07,5.98,5.53,6.46,6.18,6.13,6.39,6.47,5.41,5.89,5.97,7.51,6.15,6.2,6.09,6.55,6.38,6.45,6.19,6.15,5.78,5.98,6.07,6.22,6.13,6.22,5.57,5.15,8.57,7.18,6.08,5.75,5.97,6.12,6.37,6.2,5.65,6.19,6.63,5.69,5.92,7.4,6.46,5.73,5.98,6.08,5.96,5.62
C16orf58,6.28,5.78,6.15,6.27,5.92,6.16,6.06,6.33,6.33,6.32,5.45,6.09,6.09,7.12,6.17,6.3,6.1,6.69,6.37,6.64,6.2,6.31,5.91,6.04,6.13,6.53,6.67,6.49,5.96,5.08,5.32,7.39,6.18,6.24,6.06,6.18,6.23,6.25,5.66,6.26,6.12,6.32,5.98,5.88,6,5.93,6.21,6.34,6.03,5.55
C16orf58,6.06,5.79,6.12,6.31,5.92,6.03,5.61,6.45,6.14,6.18,5.81,6.04,5.93,6.18,6.08,6.41,6.06,6.49,6.47,6.86,5.93,5.98,6.08,6.38,6.39,6.14,6.05,6.23,5.58,6.48,6.17,5.86,5.85,6.02,6.16,6.22,6.11,6.37,5.71,6.29,6.18,6.23,6.2,6.19,6.17,6.1,6.22,6.22,6.08,6.68
C16orf58,9.95,9.95,10.16,10.13,10.33,10.4,10.11,9.95,10.03,9.89,10.13,9.99,9.92,9.87,9.86,9.7,9.82,10.39,10.36,10.28,10.05,9.93,10.19,10.12,10.01,10.05,10.16,9.99,10.13,10.71,8.63,9.72,9.81,9.76,9.87,10.06,10.26,9.96,10.42,10.08,10.2,10.26,10.33,9.46,10.26,10.21,10.08,10.05,10.05,8.79
C16orf58,8.23,7.91,8.54,8.24,8.67,8.69,8.3,8.49,8.16,8.38,8.31,8.25,8.11,6.16,8.24,8.21,8.25,8.7,8.72,8.63,8.08,8.07,8.35,8.41,8.47,8.37,8.46,8.3,8.51,8.9,6.34,8.15,8.03,8.08,8.27,8.52,8.63,8.3,8.33,8.63,8.55,8.68,8.65,7.44,8.41,8.67,8.54,8.47,8.56,6.83
C16orf59,6.11,5.57,6.39,6,6.21,6.27,4.98,6.5,6.19,6.42,6.02,5.59,5.62,4.99,6.06,6.12,6.12,6.21,6.04,6.07,5.31,5.41,5.28,5.82,5.69,5.9,6.21,6.03,6.55,5.56,4.66,5.18,6.49,6.57,6.49,6.23,6.47,6.54,5.65,6.09,5.87,5.85,5.83,4.73,5.65,6.05,5.77,5.9,5.71,5.52
C16orf59,7.03,6.69,6.99,6.91,6.82,7.38,6.91,6.86,6.91,6.91,6.89,6.63,6.38,5.99,6.98,7.11,7,6.92,6.86,7,6.26,6.32,6.41,6.95,6.67,6.59,6.81,6.98,7.09,6.82,6.12,6.11,7.31,7.56,7.35,7.17,7.13,7.32,5.5,6.65,6.99,6.82,6.9,5.76,6.22,6.35,6.08,6.78,6.77,5.39
C16orf59,6.14,6,6.61,6.46,6.75,6.69,6.17,6.54,6.68,6.52,6.29,6.06,6.2,5.7,6.66,6.56,6.88,6.7,6.52,6.59,5.74,5.74,5.82,6.31,6.15,6.05,6.69,6.47,6.55,5.68,4.6,5.01,7.03,7.16,7.03,6.93,6.77,7.17,5.99,6.44,6.47,6.17,6.34,4.94,6.07,6.08,6.25,6.12,6.29,5.49
C16orf59,7.98,7.88,8.13,8.27,8.38,8.56,8.58,7.93,7.97,8.14,8.13,7.72,7.87,6.62,8.01,8.27,8.04,8.14,8.18,7.9,7.64,7.65,7.56,7.72,7.85,7.75,8.23,8.2,8.29,8.16,5.81,8.14,8.65,8.6,8.52,8.37,8.68,8.53,8.64,8.19,8.16,8.01,8.15,6.9,7.79,8.03,7.85,7.94,7.92,7.09
C16orf61,11.38,11.3,11.4,11.4,11.43,11.52,11.19,11.3,11.48,11.3,11.33,11.36,11.48,10.69,11.53,11.48,11.52,11.43,11.33,11.29,11.38,11.23,11.22,11.26,11.29,11.44,11.41,11.29,11.59,11.47,9.74,10.18,11.65,11.64,11.62,11.48,11.68,11.54,11.72,11.48,11.6,11.31,11.41,9.53,11.61,11.5,11.4,11.48,11.47,10.16
C16orf62,8.99,9.03,9.09,9.12,9.55,9.2,9.04,9.13,9,9.05,9,8.96,9.16,8.19,9.17,8.99,9.11,9.27,9.21,9.15,9.21,9.15,9.26,9.04,9.2,9.12,8.98,8.89,9.27,8.86,8.66,7.37,8.9,8.76,8.82,9.25,9.15,9.09,8.66,9.2,9.19,9.21,9.29,8.06,9.15,9.05,9.03,9.12,9.22,7.74
C16orf62,6.85,6.71,6.81,6.97,7.05,7.28,6.02,6.8,6.88,6.97,7.21,6.68,6.37,6.64,6.79,6.62,6.88,6.86,7.15,7.09,6.58,6.81,7,7.23,6.77,6.66,6.71,6.7,6.89,6.17,5.66,6.23,6.11,6.09,6.09,6.85,6.75,6.94,6.39,6.88,6.9,6.9,6.46,6.85,6.6,6.54,6.42,6.83,6.96,6.55
C16orf62,5.66,4.83,5.42,5.44,4.4,4.7,5.5,5.41,5.78,5.67,4.23,5.42,5.44,5.67,5.42,5.14,5.82,5.16,5.84,6.1,5.34,4.8,4.89,5.4,5.44,6.04,5.65,5.11,4.81,5.27,5.48,5.5,5.43,5.2,4.85,5.58,5.02,5.71,4.98,5.45,5.6,4.8,4.57,5.92,5.24,4.54,5.15,5.18,5.04,5.41
C16orf63,9.56,9.41,9.45,9.51,8.96,9.07,9.03,9.68,9.53,9.56,9.14,9.65,9.58,8.85,9.36,9.31,9.43,9.6,9.58,9.85,9.29,9.33,8.93,9.39,9.28,9.25,9.39,9.69,9.12,9.3,7.69,8.51,9.02,9.11,9,9.45,8.89,9.54,8.84,9.49,9.26,9.14,8.84,9.22,9.2,8.84,9.15,9.62,9.3,8.54
C16orf63,9.78,9.8,9.79,9.86,9.65,9.72,8.76,9.7,9.88,9.81,9.9,9.74,9.86,9.15,9.73,9.58,9.79,9.75,9.81,9.88,9.62,9.69,9.77,9.46,9.61,9.6,9.71,9.78,9.45,8.94,8.18,9.76,9.11,9.12,9,9.67,9.43,9.78,8.82,9.89,9.85,9.66,9.54,9.56,9.52,9.33,9.5,9.85,9.9,9.04
C16orf63,8.21,7.93,8.1,7.96,7.65,7.95,8.1,7.85,8.15,8.15,7.87,8.28,8.08,7.22,8.28,8.02,8.1,8.17,7.97,8.1,8.03,7.89,7.81,7.93,8.09,7.94,8.07,8.18,7.86,7.27,6.65,6.05,7.85,7.84,7.95,7.83,7.86,8.1,7.11,8.09,7.97,7.58,7.58,7.2,7.85,7.42,7.76,8.19,8.08,7
C16orf63,7.54,7.23,7.37,7.49,6.75,6.69,6.99,7.39,7.58,7.62,6.94,7.68,7.3,7.16,7.45,7.31,7.44,7.44,7.3,7.67,7.35,6.94,6.87,7.42,7.47,7.25,7.12,7.67,7.08,6.33,5.77,5.95,7.19,7.07,7.11,7.17,6.65,7.38,6.97,7.63,7.65,6.86,6.76,5.41,6.72,6.92,7.05,7.5,7.32,6.06
C16orf65,3.82,3.66,3.75,3.76,4.06,4.13,4.47,3.67,3.88,3.57,3.65,3.66,3.69,5.22,3.79,4.05,3.9,3.87,3.78,3.83,3.63,3.89,3.76,4,3.9,3.72,3.81,3.86,3.73,5.31,5.22,4.2,3.92,3.58,3.65,3.84,3.71,3.84,4.1,3.82,3.74,3.93,3.91,4.42,4.04,4.19,4.23,3.92,3.71,4.91
C16orf65,3.67,3.72,3.48,3.71,3.84,3.67,4.06,3.97,3.64,3.81,3.86,3.69,3.74,4.73,3.68,3.83,3.52,3.63,3.69,3.56,3.68,3.94,3.79,3.85,3.79,3.69,3.78,3.63,3.67,4.7,4.25,4.69,3.53,3.55,3.58,4.07,3.68,3.74,4.48,3.62,3.65,3.78,3.45,4.95,3.58,3.8,3.93,3.78,3.65,4.39
C16orf68,7.72,7.51,7.82,7.68,7.99,7.92,7.12,8.04,7.54,7.62,7.58,7.64,7.65,6.38,7.81,8.11,8.09,7.79,7.86,7.85,7.74,7.67,7.63,8.02,8.03,8.1,7.8,7.75,7.73,7.63,6.86,7.18,8.6,8.6,8.56,7.99,8.24,8.13,7.75,8.07,7.97,7.83,8.06,5.42,8.07,7.81,7.73,7.91,7.95,6.58
C16orf7,8.05,8.05,8.11,8.2,8.5,8.57,8.67,8.22,7.88,7.97,8.55,8.25,8.18,8.81,8.19,8.25,8.09,8.28,8.24,8.1,8.38,8.37,8.51,8.3,8.52,8.37,8.13,8.17,8.32,8.3,7.01,8.19,8,8.13,7.96,8.14,8.14,8.12,8.6,8.28,8.38,8.76,8.66,8.95,8.19,8.58,8.16,8.15,8.34,7.96
C16orf70,8.48,8.32,8.5,8.57,8.37,8.44,8.4,8.67,8.43,8.46,8.34,8.56,8.4,8.6,8.64,8.64,8.55,8.34,8.53,8.41,8.35,8.54,8.29,8.59,8.45,8.48,8.5,8.59,8.37,6.91,7.89,7,8.43,8.58,8.57,8.66,8.42,8.7,7.87,8.37,8.3,8.53,8.32,8.39,8.4,8.39,8.48,8.37,8.41,8.92
C16orf71,4,4.09,4.1,4.13,4.95,4.09,4.01,3.78,3.88,4.02,4.35,4.19,4.07,4.68,3.78,4.33,3.95,4.17,4.03,3.98,4.42,4.31,3.93,4.16,4.31,3.93,4,4.2,4.17,4.65,4.72,5.22,4.04,4.07,4,3.92,3.94,4.22,4.88,4.33,4.15,4.4,4.14,5.95,3.86,4.39,3.88,4.2,3.97,4.72
C16orf71,3.82,3.74,3.74,3.89,4.27,3.86,4.14,3.54,3.42,3.77,3.79,3.82,3.78,4.52,3.77,3.63,3.81,3.88,3.71,3.99,4.02,4.01,3.69,3.6,3.44,3.91,4.04,3.8,3.62,4.52,4.27,6.04,4.28,3.88,3.78,3.61,3.61,3.69,4.12,4.03,3.8,3.8,4.11,3.78,4.05,3.63,3.91,4.14,3.6,4.36
C16orf72,8.44,8.58,8.38,8.51,8.15,8.35,7.9,8.31,8.79,8.49,8.45,8.61,8.7,7.79,8.63,8.59,8.82,8.56,8.54,8.25,8.71,8.54,8.63,8.47,8.65,8.8,8.4,8.52,8.58,7.86,5.93,5.98,8.64,8.42,8.48,8.48,8.58,8.51,8.49,8.59,8.66,8.43,8.42,6.78,8.41,8.4,8.29,8.58,8.71,6.9
C16orf72,8.67,8.56,8.41,8.54,7.87,7.93,7.23,8.12,8.7,8.62,8.19,8.84,8.73,6.62,8.65,8.47,8.81,8.19,8.36,8.43,8.56,8.5,8.47,8.6,8.6,8.8,8.6,8.41,8.15,6.38,5.54,4.97,8.56,8.63,8.58,8.5,8.12,8.48,7.94,8.58,8.42,7.75,7.52,5.8,8.4,8.08,8.11,8.78,8.54,6.21
C16orf72,5.06,5.39,5.32,5.42,5.17,5.13,6.84,5.64,5.43,5.28,5.63,5.71,5.48,5.14,5.39,5.92,5.42,5.48,5.37,5.35,5.29,5.21,5.65,5.43,5.4,5.53,5.24,5.47,5.25,5.59,7.32,5.98,5.27,5.41,5.37,5.53,4.88,5.15,5.19,5.68,5.61,5.51,5.58,5.15,5.21,5.25,5.83,5.78,5.67,6.23
C16orf73,3.42,3.46,3.58,3.61,3.5,3.58,3.38,3.45,3.47,3.52,3.44,3.47,3.38,3.93,3.53,3.37,3.61,3.79,3.56,3.52,3.4,3.49,3.63,3.49,3.4,3.42,3.6,3.53,3.7,3.53,3.66,5.04,3.43,3.38,3.39,3.49,3.48,3.44,4.27,3.31,3.55,3.73,3.8,4.2,3.64,3.64,3.98,3.45,3.37,4.21
C16orf74,3.64,3.87,3.68,3.87,4.15,4.23,3.42,3.83,3.75,4.19,3.57,3.73,3.82,4.04,3.74,3.7,4.01,4.04,3.92,3.82,4.31,4,4.01,4.47,3.65,3.76,3.99,4.12,3.82,4.24,3.86,4.49,4.05,3.92,4.59,3.83,3.98,4.14,3.78,3.72,3.81,4.05,4.06,4.92,3.93,3.75,4.05,3.96,3.87,4.38
C16orf75,10.03,9.95,10.09,10.09,10,10.07,9.88,10.06,10.04,10.1,9.92,9.7,9.69,8.21,10.25,10.19,10.19,10.3,10.27,10.41,9.73,9.66,9.4,9.81,9.82,9.79,10.14,10.01,9.96,10.16,7.71,8.76,10.09,10.16,10.26,10.32,10.2,10.31,9.6,9.6,9.66,10.28,10.38,10.1,9.93,9.97,9.8,9.55,9.6,8.94
C16orf78,4.24,4.49,4.48,4.46,4.34,4.85,4.68,4.61,4.08,4.22,4.41,4.25,4.14,5.29,4.48,4.33,4.13,4.2,4.27,4.28,4.19,4.4,4.43,4.1,4.36,4.38,4.37,4.2,4.48,5.58,6.2,4.71,4.11,4.24,4.31,4.23,4.4,4.05,5.43,4.25,4.14,4.31,4.48,4.89,4.29,4.7,4.58,4.31,4.32,5.19
C16orf79,8,7.87,8.16,8.06,8.32,8.47,8.04,8.19,7.67,8.04,8.03,7.9,7.52,8.4,7.92,7.9,7.95,7.79,7.98,7.76,7.76,7.46,7.91,7.83,7.72,7.73,8.2,8.12,8.21,7.66,6.21,8.8,7.69,7.64,7.48,8.05,8.19,8.2,7.8,8.16,8.16,8.32,8.23,7.72,7.93,7.97,7.94,7.69,7.93,9.04
C16orf80,10.04,10.04,9.89,10.05,9.74,9.71,9.84,10.14,10.04,10.08,9.88,10,9.93,8.37,10.13,10.15,10.06,10,10.07,10.09,9.83,9.79,9.64,9.85,9.75,9.97,9.98,9.96,9.94,9.23,7.43,8.71,10.3,10.36,10.41,10.03,9.94,10.07,9.78,9.97,9.83,9.86,9.9,8.12,9.76,9.7,9.85,9.93,9.92,8.33
C16orf80,10,9.98,9.96,9.94,9.81,9.92,9.7,10,10.03,10.05,10.07,9.91,9.94,8.63,10.01,9.97,10.02,10.01,10.08,10,9.65,9.7,9.77,9.87,9.89,9.88,10.03,9.92,9.94,9.35,7.07,9.02,10.21,10.4,10.24,9.99,9.76,10.06,9.54,10.01,10.03,9.77,9.64,7.56,9.72,9.54,9.62,10.04,10.12,8.2
C16orf82,3.69,3.69,3.93,3.82,3.87,4.08,4.37,3.81,3.73,3.57,3.76,3.86,3.71,5.36,3.83,3.73,3.83,3.8,3.87,3.83,3.75,3.81,3.91,3.9,3.91,3.79,3.5,3.81,4.01,4.02,4.37,4.29,3.98,3.78,3.88,3.58,3.61,3.75,4.2,4.06,3.67,3.64,3.74,4.7,3.61,3.64,3.74,3.65,3.72,6.2
C16orf86,5.18,4.86,4.87,5.04,5.46,5.57,5.28,4.93,5.05,4.92,5.29,4.99,4.79,5.06,5.27,5.51,4.66,5.13,5.09,4.83,5.11,4.97,5.05,5.16,4.67,4.97,5.14,5.11,5.28,4.74,5.51,5.05,5.25,5.27,5.54,5.05,4.61,4.92,3.76,4.84,5.25,5.18,5.41,5.52,4.82,5.93,4.98,5.33,4.98,4.3
C16orf87,8.35,8.73,8.25,8.29,7.61,8.02,6.35,8.07,8.76,8.5,8.5,8.57,8.97,7.63,8.77,8.67,8.87,7.98,8.3,8.44,8.26,8.34,8.3,8.62,8.66,8.79,8.3,8.27,8.49,7.58,6.91,7.92,8.66,8.81,8.7,8.65,8.57,8.79,7.92,8.33,8.26,7.97,8.09,8.28,8.27,8.24,8.28,8.44,8.51,7.93
C16orf87,9.3,9.79,9.34,9.25,9.13,9.18,8.94,9.04,9.78,9.35,9.52,9.38,9.77,9.14,9.47,9.56,9.71,9.34,9.26,9.34,9.46,9.2,9.84,9.31,9.43,9.59,9.38,9.28,9.51,9.03,7.53,8.86,9.78,9.6,9.65,9.54,9.52,9.53,9.27,9.21,9.18,9.06,9.2,8.83,9.38,9.3,9.1,9.58,9.38,8.91
C16orf88,8.6,8.15,8.53,8.07,8.65,8.59,8.86,8.33,8.22,8.42,8.23,7.81,7.69,7.7,8.53,8.29,8.3,8.85,8.58,8.43,8.14,8.1,7.71,8.35,8.12,8.41,8.3,8.52,8.39,7.45,6.35,7.62,8.29,8.05,8.4,8.48,8.42,8.07,8.69,8.61,8.45,8.26,8.41,7.72,8.39,8.5,8.42,8.15,7.94,7.42
C16orf88,6.17,6.07,6.26,6.28,5.94,6.42,5.82,5.8,6.34,6.34,6.15,5.96,5.87,4.59,6.13,5.42,6.23,6.38,6.2,6.13,5.77,5.79,5.55,5.99,5.79,5.45,6.37,6.07,5.91,5.92,4.18,3.82,5.91,5.98,6.12,6.09,6.19,6.1,5.62,6.31,6.12,6.11,6.31,4.94,5.97,5.69,6.1,6.22,6.36,4.12
C16orf88,7.8,7.68,7.6,7.41,7.2,7.79,7.81,7.64,7.63,7.98,7.48,7.35,7.18,6.37,7.68,7.61,7.76,7.82,7.75,7.73,7.47,7.39,7.18,7.58,7.27,7.41,7.82,7.47,7.69,6.53,7.16,5.99,7.89,7.3,7.63,7.62,7.37,7.28,7.07,7.68,7.56,7.67,7.34,7.74,7.66,7.5,7.47,7,7.15,5.78
C16orf89,5.25,5.03,4.94,4.93,5.42,5.62,5.66,5.16,4.97,4.87,4.92,4.88,4.92,6.61,4.96,5.12,4.93,5.04,4.89,4.95,4.98,4.97,4.79,4.84,4.83,4.96,5.1,5.13,5.02,5.39,5.68,7.03,4.88,5.13,4.97,4.89,5.18,5.03,5.75,5.17,5.1,5.05,5.2,6.86,5.37,5.04,5.25,5.17,4.91,6.63
C16orf90,4.21,4.13,4.97,4.68,4.02,4.79,3.81,5.33,4.38,4.43,4.33,4.1,4.19,5.64,4.78,4.7,4.85,4.51,4.64,4.87,4.43,4.27,4.51,4.59,4.69,5,5.27,4.68,4.56,5.34,5.38,3.97,4.27,4.08,4.68,4.57,5.12,4.51,4.59,3.95,4.56,4.47,4.56,4.39,4.8,4.8,5.2,4.94,4.54,6.05
C16orf91,9.68,9.54,9.71,9.73,9.96,9.67,9.2,9.8,9.72,9.74,9.74,9.77,9.54,9.06,9.66,9.71,9.62,9.83,9.8,9.81,9.29,9.51,9.42,9.62,9.59,9.52,9.67,9.79,9.54,9.5,7.87,8.39,9.65,9.71,9.74,9.83,9.6,9.69,9.68,9.83,9.77,9.41,9.45,8.8,9.61,9.62,9.8,9.73,9.75,9.42
C16orf92,4.57,4.62,4.57,4.59,4.56,4.71,4.69,4.65,4.55,4.49,4.6,4.43,4.62,5.24,4.51,4.52,4.75,4.84,4.69,4.35,4.65,4.64,4.54,4.65,4.48,4.44,4.69,4.6,4.59,4.89,7.8,5.89,4.58,4.37,4.89,4.73,4.42,5.04,4.27,4.44,4.63,4.96,5.02,5.17,4.76,4.41,4.82,4.4,4.53,5.47
C16orf93,6.55,6.34,6.54,6.41,6.6,6.74,6.63,6.72,6.43,6.54,6.54,6.27,6.36,6.64,6.53,6.56,6.74,6.43,6.82,6.72,6.44,6.27,6.28,6.51,6.3,6.69,6.69,6.61,6.68,6.29,7.92,6.22,7.01,7.03,6.7,7.03,6.62,7.04,5.75,6.33,6.52,6.69,6.55,5.78,6.32,5.96,6.03,6.5,6.54,5.98
C16orf93,6.23,6.31,6.59,6.46,6.23,6.95,7.32,6.4,6.34,6.18,6.29,6.13,6.19,5.3,6.31,6.37,6.5,6.68,6.68,6.58,6.18,6.25,6.03,6.24,6.24,6.37,6.37,6.23,6.64,6.56,5.56,6,6.65,6.8,6.7,6.77,6.9,6.69,5.62,6.21,6.45,6.41,6.79,5.26,6.11,6.19,5.94,6.11,6.23,5.48
C17orf100,7,7.37,6.84,7.29,7.03,6.51,6.08,6.57,7.1,6.92,7.19,7.2,7.38,7.73,6.54,6.69,6.8,7.17,6.84,6.89,7.05,7.17,7.12,6.86,7,6.93,7.08,7.21,7.21,6.95,8.42,7.18,7.14,6.47,6.64,6.82,6.57,6.69,7.45,6.79,6.92,7.2,7.16,6.74,6.96,7.3,7.22,6.91,7.08,7.21
C17orf101,7.71,7.42,7.83,7.86,8.03,7.67,7.17,7.95,7.64,7.53,7.25,7.49,7.3,5,7.04,7.08,7.25,7.41,7.67,7.48,7,6.58,6.91,7.27,6.94,7.38,7.75,7.72,7.47,7.65,5.95,5.97,7.15,6.97,6.79,7.42,7.5,7.25,7.69,8.02,7.76,7.12,7.02,4.92,7.62,6.69,7.17,7.65,7.68,4.64
C17orf101,6.49,6.19,6.86,6.66,6.62,6.59,7.08,6.72,6.71,6.43,6.52,6.38,6.12,6.94,6.47,6.39,6.25,6.6,6.63,6.49,6.25,6.26,6.28,6.33,6.38,6.14,6.6,6.87,7.02,5.87,6.7,6.01,5.77,6.14,6.02,6.28,6.66,6.36,5.53,6.6,6.67,6.73,6.59,6.96,6.72,7.1,6.88,6.91,6.67,7.39
C17orf102,4.75,4.58,4.85,4.7,4.96,4.68,5.42,4.76,4.59,4.56,4.7,4.99,4.87,6.02,4.76,4.29,4.88,4.75,4.51,4.52,4.83,4.65,4.74,4.75,4.88,4.24,4.62,4.63,5.18,4.79,4.85,4.99,5.01,4.8,5.04,4.55,4.73,4.51,3.88,4.98,5.05,4.81,5.21,6.16,4.65,4.33,4.95,4.69,4.69,6.34
C17orf102,4.42,4.29,4.43,4.48,4.55,4.83,4.41,4.03,4.38,4.45,4.49,4.57,4.22,5.92,4.57,4.29,4.29,4.59,4.64,4.32,4.7,4.56,4.36,4.47,4.26,4.64,4.35,4.67,4.53,5.15,7.32,4.43,4.6,4.4,4.59,4.34,4.54,4.32,5.13,4.4,5.07,5.25,4.62,5.53,4.77,4.59,4.68,4.53,4.7,4.78
C17orf103,8.1,8.41,8.36,8.19,8.53,8.34,8.06,8.27,8.1,8.28,8.54,8.36,8.27,8.13,8.77,8.74,8.88,7.62,7.68,7.34,9,8.9,9.12,9.04,9.03,8.95,8.27,8.14,8.37,6.73,7.3,7.55,9.16,8.98,9.19,8.83,8.93,8.84,8.11,8.48,8.43,9.13,9.2,8.68,8.53,8.7,8.55,8.4,8.56,7.86
C17orf103,5.33,5.16,5.26,5.13,5.69,5.47,5.99,5.46,4.97,5.33,5.32,4.8,4.98,6.21,5.09,5.66,5.28,5.25,4.99,4.97,5.12,5.26,5.27,5.33,5.38,5.17,5.39,5.4,5.3,6.06,7.62,6.56,5.12,5.39,5.69,5.13,5.59,5.4,5.78,5.31,5.11,5.55,5.12,7.25,5.32,5.06,5.3,5.12,5.34,5.85
C17orf28,4.15,4.15,4.42,4.1,4.33,5.15,4.63,4.69,4.21,4.1,4.22,4.35,4.09,4.53,4.12,4.36,4,4.13,4.32,4.28,4.04,4.28,4.33,4.5,4.16,4.15,4.22,4.19,4.41,4.39,4.13,5.69,4.45,4.46,4.14,4.13,4.37,4.25,5.17,4.18,4.8,4.4,4.68,5.12,4.33,5.02,4.45,4.23,3.89,4.81
C17orf28,5.73,5.66,5.63,5.69,5.93,5.86,6.3,5.91,5.49,5.7,5.84,5.8,5.77,6.54,5.89,6.1,5.95,5.61,5.84,5.82,5.96,5.73,5.78,5.67,5.87,5.89,5.63,5.89,6.05,5.94,6.38,6.59,5.98,5.68,5.98,5.62,5.78,5.66,5.54,5.67,5.73,5.93,5.5,7.26,5.49,5.98,5.87,5.86,5.63,6.74
C17orf37,9.48,9.47,9.63,9.61,9.88,9.81,9.78,9.55,9.66,9.54,9.54,9.58,9.53,8.44,9.53,9.48,9.6,9.67,9.72,9.58,9.87,9.62,9.69,9.62,9.66,9.71,9.59,9.63,9.8,10.1,9.83,9.07,9.29,9.23,9.27,9.63,9.7,9.6,10,9.85,9.84,9.69,9.85,8.58,9.89,9.92,9.81,9.7,9.74,8.78
C17orf39,8.03,8.13,8.09,8.13,8.16,8.05,7.79,8.21,8.21,8.06,8.2,8.17,8.05,7.98,8.17,8.19,7.96,7.74,7.98,7.77,8.03,8.36,8.39,8.02,8.03,8.04,8.2,8.09,8.27,7.39,6.44,8.06,7.92,7.96,8.01,8.01,8.13,8.15,7.08,7.59,7.9,8.16,8.13,8.1,8.11,8.09,8.26,8.02,8.21,7.99
C17orf39,6.58,7.05,6.85,6.82,7.05,7.21,6.04,6.83,6.85,6.98,7.07,6.96,6.97,6.84,6.72,6.75,6.79,7.03,7.03,6.68,7.04,6.84,6.81,6.93,6.57,6.7,6.98,6.94,6.81,5.98,4.23,6.05,7.1,6.94,7.01,6.97,6.8,6.92,5.62,6.7,6.78,7.08,7.53,6.71,6.83,6.53,6.7,6.81,6.66,6.09
C17orf42,9.33,9.41,9.36,9.33,9.12,9.36,9.29,9.16,9.31,9.42,9.37,9.31,9.25,8.91,9.36,9.28,9.37,9.6,9.58,9.52,9.32,9.42,9.45,9.29,9.42,9.21,9.37,9.5,9.33,8.85,7.5,8.27,9.01,9.31,9.24,9.39,9.16,9.27,8.63,9.28,9.35,9.25,9.25,8.47,9.32,9.27,9.09,9.32,9.24,8.93
C17orf42,4.91,4.56,4.73,4.68,4.22,4.27,4.47,4.72,4.64,4.44,4.49,4.71,4.58,4.98,4.44,4.36,4.45,4.66,4.73,4.64,5.07,4.66,4.43,4.43,4.53,4.67,4.75,4.52,4.55,4.82,4.96,4.5,4.55,4.5,4.46,4.28,4.39,4.37,4.61,4.64,4.39,4.29,4.59,5.04,4.2,4.6,4.39,4.2,4.3,4.7
C17orf46,3.56,3.2,3.62,3.35,3.74,3.44,3.81,3.46,3.43,3.17,3.49,3.42,3.35,3.57,3.41,3.41,3.64,3.42,3.65,3.48,3.38,3.41,3.28,3.17,3.79,3.39,3.53,3.25,3.64,4.81,4.24,3.74,3.52,3.52,3.49,3.4,3.54,3.66,3.56,3.3,3.49,3.48,3.39,3.45,3.49,3.32,3.38,3.23,3.52,4.76
C17orf47,4.02,4.45,3.85,4.19,4.28,4.27,4.07,4.92,4.21,4.09,4.31,4.33,4.29,4.56,4.36,4.17,4.08,4.14,3.93,4.16,4.3,4.61,4.41,4.12,4.07,4.44,4.14,4.14,4,6.16,4.14,4.22,4.05,3.87,4.24,4.14,3.61,3.69,4.32,4.04,3.96,4.42,4.03,6.34,4.05,4.44,4.25,4.19,4.18,5.9
C17orf48,7.78,7.7,7.92,7.81,8.32,7.98,7.46,7.86,7.72,7.89,8.05,8.09,7.86,6.76,8.03,8.28,8.12,7.77,7.74,7.7,8.19,7.96,8.1,8.14,8.13,8.04,8.15,8,7.82,7.7,7.21,8.53,8.57,8.71,8.61,8.3,8.02,8.31,7.92,8.1,8.16,8.31,8.08,6.99,8.15,8.1,8.12,8.06,8.06,8.05
C17orf48,7.89,7.84,7.81,7.86,7.47,7.61,7.63,8.41,7.86,8.16,7.84,8.08,8.09,7.64,8.13,8.33,8.35,7.83,7.69,7.99,8.13,8.06,7.88,8.24,8.23,8.39,7.92,8.03,7.83,7.17,8.31,7.12,8.69,8.79,8.75,8.34,8.43,8.27,7.55,8.37,8.03,8.21,8.09,8.25,8.2,8.07,8.25,8.03,7.96,7.98
C17orf49,12.14,12.09,12.21,12.15,12.21,12.2,12.26,12.16,12.07,12.11,12.06,12.13,12.13,11.47,11.92,11.99,11.96,12.3,12.33,12.31,12.06,12.07,12.04,12.09,12.04,12.1,12.17,12,12.1,12.41,11.61,11.99,11.76,11.78,11.78,11.98,12.14,12.05,12.25,12.31,12.32,12.32,12.36,11.73,12.38,12.38,12.34,12.23,12.15,11.31
C17orf50,4.12,4.13,4.26,4.04,4.46,4.21,4.13,4.28,4.07,4.13,4.5,4.19,3.99,5.56,3.93,4.1,4.07,4.2,4.03,4.11,4.23,4.2,4.1,4.03,4.17,3.96,4.58,4.27,4.25,4.76,6.32,5.75,4.11,3.94,4.21,4.13,3.83,3.98,4.91,4.01,3.99,4.6,3.89,5.92,4.14,4.08,4.42,4.28,3.91,6.06
C17orf51,6.54,6.33,6.74,6.35,6.48,6.81,5.95,6.65,6.31,6.48,6.83,6.32,6.16,6.45,6.4,6.26,6.3,6.46,6.54,6.57,6.12,5.75,6.34,6.31,6.4,6.14,6.36,6.33,6.78,6.11,4.77,5.62,7.25,7.48,7.17,6.42,6.44,6.54,5.37,6.68,6.23,6.4,6.75,7.43,6.51,6.1,6.46,6.39,6.75,6.66
C17orf51,5.18,5.1,4.89,5.13,5.41,5.03,5.37,5.03,4.95,5.01,5.02,5.4,5.12,5.22,4.83,5.07,5.24,5.54,5.13,4.78,5.13,5.31,4.96,5.46,4.83,5.09,5.26,5.32,4.98,5.44,5.6,5.61,5.13,5.31,5.16,5.32,4.99,4.95,5.35,5.25,5.25,4.92,5.16,5.07,5.51,5.61,4.96,4.83,4.98,5.81
C17orf51,5.92,5.86,6.09,6.19,5.97,6.33,5.97,6.12,6.09,6.06,6.24,5.85,6.13,6.13,6.18,5.91,5.93,6.25,6.34,6.28,6.19,6.06,6.02,6.3,5.58,5.89,6.23,5.99,6.06,7.15,6.55,5.91,6.29,6.14,6.26,6.08,6.08,5.92,5.66,5.94,6.1,5.81,6.43,6.05,6.25,5.8,5.83,6.35,5.96,5.95
C17orf53,7.51,7.25,7.56,7.69,8.06,7.87,7.8,7.82,7.48,7.45,7.78,7.44,7.07,7.46,8.22,8.27,8.39,7.4,7.48,7.34,7.54,7.12,7.48,8.22,8.18,7.75,7.87,7.81,7.85,7.72,7.11,8.45,8.82,8.78,8.94,8.3,8.66,8.69,7.31,7.63,7.51,7.57,7.52,7.28,7.41,7.78,7.41,7.52,7.63,7.59
C17orf55,4.17,4.02,4.15,4.37,4.31,4.37,3.84,4.24,4.18,4.23,4.37,4.29,4.11,5.01,4.07,4.36,4.35,4.01,3.99,4.47,4.23,4.27,4.17,4.42,4.53,4.17,4.31,4.13,4.43,4.44,6.16,4.7,4.2,4.16,4.43,4.28,4.16,4.4,4.46,4.35,4.01,4.5,4.31,4.39,4.26,4.66,4.31,4.63,4.17,5.87
C17orf55,5.27,5.21,5.36,5.6,5.8,5.76,5.53,5.97,5.23,5.21,5.57,5.43,5.35,5.77,5.51,5.62,5.27,5.53,5.42,5.47,5.42,5.52,5.27,5.84,5.8,5.45,5.43,5.61,5.68,6.13,5.97,6.8,5.31,5.42,5.36,5.42,5.65,5.31,6.09,5.08,5.62,5.43,5.69,5.7,5.22,6.04,5.38,5.52,5.4,6.86
C17orf56,7.39,7.39,7.34,7.51,7.57,7.56,7.26,7.56,7.38,7.34,7.4,7.53,7.35,6.84,7.82,7.62,7.85,7.44,7.46,7.4,7.66,7.6,7.64,7.89,7.86,7.75,7.51,7.55,7.62,8.09,5.32,6.81,7.7,7.85,7.89,7.77,7.99,7.81,6.95,7.31,7.72,7.76,7.67,7.75,7.81,7.78,7.53,7.48,7.83,5.67
C17orf57,3.96,4.07,4.1,4.35,4.03,3.94,3.83,4,4.26,4.37,4.38,3.92,3.87,6.18,4.78,4.42,4.36,4.26,4.08,4.43,4.19,4.2,4.01,4.34,4.34,3.8,4.47,4.36,4.15,3.66,4.74,5.5,4.05,3.9,4.28,4.18,3.6,3.93,3.79,3.89,4.02,4.02,4.03,6.16,4.43,3.8,4.12,4.04,3.94,7.01
C17orf57,3.33,3.44,3.34,3.17,3.37,3.91,5.53,3.41,3.26,3.52,3.38,3.44,3.19,3.39,3.33,3.22,3.37,3.37,3.23,3.27,3.3,3.36,3.2,3.17,3.11,3.22,3.17,3.43,3.56,3.88,4.12,4.98,3.47,3.32,3.33,3.31,3.35,3.28,4.31,3.38,3.24,3.52,3.36,4.88,3.46,3.47,3.62,3.17,3.27,4.05
C17orf58,11.28,11.52,11.08,11.16,11.1,11.14,10.78,11.18,11.45,11.29,11.19,11.15,11.31,10.46,10.82,10.88,11.18,10.78,10.83,10.94,11.46,11.35,11.55,11.14,11.2,11.34,11.26,11.15,11.19,10.93,9.35,10.17,10.93,10.99,10.78,10.89,10.79,10.93,10.94,11.14,11.11,11.12,11.14,10.51,11.5,11.47,11.48,11.23,11.21,10.37
C17orf58,9.51,9.43,9.29,9.24,8.78,9.23,9.23,9.09,9.54,9.42,8.89,9.28,9.46,8.06,8.98,8.89,9.2,8.77,8.87,8.96,9.57,9.3,9.35,9.36,9.3,9.56,9.28,9.26,9.25,8.72,7.36,5.79,8.89,8.95,8.89,8.85,8.78,9.1,8.91,9.18,9.12,9.15,9.16,6.27,9.52,9.48,9.59,9.26,9.25,7.23
C17orf59,5.75,5.42,6.05,5.77,6.48,5.54,5.55,6,5.56,5.39,5.16,5.49,5.65,5.52,5.39,5.7,5.66,5.61,5.74,5.74,5.99,5.92,5.34,5.8,5.57,6.07,5.63,5.78,5.34,5.22,5.85,5.88,5.96,5.94,5.61,5.85,5.41,6.11,5.45,5.66,5.77,5.28,6.05,5.53,5.31,5.64,6.1,5.82,5.7,5.47
C17orf59,8.88,8.86,8.96,8.82,9.15,9.17,9.4,8.98,8.81,8.88,8.97,9.07,8.82,9,8.89,8.78,8.78,9,8.9,8.76,9.12,9.1,9.23,8.98,9.06,8.93,8.91,8.77,8.97,9.21,8.91,7.26,8.72,8.88,8.76,8.88,9.09,8.99,9.19,9.15,9.11,9.21,9.22,8.28,9.08,8.95,8.94,8.91,8.96,7.79
C17orf60,3.4,3.57,3.54,3.44,3.47,3.42,3.65,3.6,3.37,3.29,3.56,3.62,3.47,3.94,3.38,3.42,3.33,3.43,3.53,3.41,3.57,3.49,3.4,3.31,3.43,3.23,3.19,3.6,3.56,4.21,4.61,5.07,3.35,3.5,3.31,3.64,3.55,3.34,3.76,3.34,3.18,3.58,3.58,4,3.36,3.38,3.28,3.48,3.32,3.87
C17orf60,4.24,4.33,3.68,3.89,4.04,3.89,5.11,3.66,3.88,3.78,4.45,4.04,4.35,4.3,3.95,3.82,3.99,3.97,3.7,3.93,4.1,4,3.95,3.95,3.82,3.73,3.85,3.95,3.88,5.37,4.42,3.97,3.92,3.82,3.97,3.79,3.64,3.79,4.46,3.86,3.86,3.85,3.93,4.3,3.96,3.9,3.93,3.79,3.77,4.55
C17orf60,4.42,4.51,4.42,4.58,4.65,4.87,5.15,4.61,4.46,4.56,4.75,4.48,4.8,6.49,4.53,4.84,4.37,4.75,4.41,4.31,4.66,4.61,4.38,4.54,4.84,4.68,4.5,4.35,4.75,5.98,6.28,5.37,4.35,4.42,4.87,4.5,5.15,4.4,4.39,4.36,4.81,4.46,4.9,6.2,4.75,4.64,4.44,4.92,4.83,5.16
C17orf61,11.13,11.02,11.31,11.18,11.65,11.46,11.29,11.28,11.13,10.9,11.11,11.26,11.31,11.08,11.1,11.26,11.12,11.38,11.38,11.23,11.34,11.22,11.39,11.27,11.26,11.25,11.26,11.03,11.34,11.02,9.58,10.84,10.9,10.92,10.81,11.15,11.41,11.32,11.67,11.37,11.48,11.58,11.64,11.57,11.42,11.54,11.32,11.25,11.28,10.85
C17orf62,10.46,10.49,10.63,10.66,10.79,10.73,10.75,10.73,10.41,10.47,10.62,10.34,10.22,10.28,10.29,10.41,10.34,10.52,10.45,10.35,10.38,10.32,10.46,10.39,10.46,10.4,10.67,10.42,10.6,10.78,10.13,10.45,10.47,10.49,10.48,10.52,10.61,10.53,10.61,10.58,10.54,10.76,10.84,10.65,10.49,10.49,10.44,10.4,10.46,10.8
C17orf63,8.55,8.54,8.67,8.43,8.61,8.87,8.97,8.85,8.53,8.54,9.05,8.26,8.42,8.76,8.76,8.89,8.71,8.53,8.53,8.55,8.76,8.69,8.83,8.74,8.87,8.81,8.59,8.52,8.88,8.46,8.05,8.29,8.35,8.5,8.42,8.7,8.63,8.45,8.31,8.84,9,9.03,8.98,8.95,8.64,8.87,8.92,8.53,8.67,8.16
C17orf63,7.18,6.65,7.28,7.03,7.5,7.37,6.81,7.27,7.07,6.93,7.17,7.09,6.79,7.54,7.14,7.08,7.15,7.1,7.13,7.11,7.15,7.24,7.01,7.34,7.34,7.18,7.24,7.13,6.95,6.92,5.49,6.42,6.99,6.93,7.21,7.14,7.38,7.11,7.04,7.24,7.57,7.28,7.32,5.56,7.1,7.31,7.28,7.18,7.28,6.71
C17orf63,7.94,7.84,8.08,7.79,8.08,8.44,7.83,8.13,7.96,8.06,8.24,7.72,7.62,7.96,8.3,8.29,8.2,7.96,8.04,7.98,8.44,8.13,8.46,8.27,8.37,8.15,8.22,8.02,8.31,7.78,8.2,8.38,7.83,7.91,8,8.23,8.2,7.79,7.68,8.34,8.18,8.46,8.1,6.99,8.45,8.39,8.34,8.17,7.98,7.26
C17orf63,6.66,6.26,6.37,6.44,6.16,6.26,7.07,6.48,6.39,6.35,6.29,6.26,6.34,5.53,6.51,6.51,6.49,6.28,6.22,6.27,6.5,6.65,6.21,6.52,6.6,6.64,6.19,6.24,5.91,7.63,6.86,6.26,6.26,6.29,6.35,6.69,6.6,6.18,5.9,6.73,6.23,6.44,6.33,5.53,6.32,6.17,6.68,6.47,6.16,5.7
C17orf64,3.72,3.76,3.7,3.82,3.88,4.63,3.93,3.72,3.94,3.92,3.75,3.92,3.88,4.09,3.99,3.77,3.8,3.84,3.82,3.89,3.97,3.85,3.62,3.72,3.87,3.67,4.19,3.79,3.73,4,4.59,5.03,4.17,3.68,3.9,3.71,3.77,3.93,4.15,4.04,3.95,3.91,4.33,3.99,4.2,3.84,4.08,4.05,3.71,4.48
C17orf65,6.38,6.02,6.34,6.51,6.33,6.63,6.41,6.71,6.17,6.3,6.35,6.4,6.28,5.43,6.53,6.47,6.78,6.26,6.57,6.66,6.81,6.45,6.32,6.43,6.6,6.53,6.33,6.39,6.7,5.71,4.57,4.87,6.71,6.8,6.96,6.65,6.77,6.97,6.5,6.59,6.34,6.64,6.73,5.16,6.54,6.25,6.4,6.26,6.76,5.25
C17orf66,4.24,4.28,4.2,4.55,4.24,4.73,5.25,4.12,4.34,3.89,4.24,4.47,4.7,5.64,4.14,3.98,4.25,3.94,4.13,4.13,4.27,4.6,4.52,4.27,4.01,3.93,4.21,4.08,4.12,4.11,4.9,4.33,3.95,4.35,4.15,4.31,4.07,4.17,4.62,4.18,4.16,4.31,4.34,5.2,3.92,4.14,4.05,4.18,4.13,5.5
C17orf66,3.74,3.64,3.57,3.74,3.73,4.04,4.74,3.88,3.77,3.79,3.89,3.56,3.71,4.62,3.75,3.86,3.59,3.79,3.87,3.64,3.74,3.6,3.75,3.59,3.58,3.96,3.71,3.66,3.88,4.44,3.69,4.55,3.64,3.88,3.83,4.04,3.89,3.8,4.72,3.55,3.65,3.68,3.78,4.12,3.75,3.84,3.7,3.64,3.77,3.97
C17orf67,5.03,5.38,5.27,5.2,5.57,5.5,5.15,5.46,5.35,5.17,5.25,5.34,5.19,5,5.39,5.5,5.39,5.28,5.16,5.28,5.69,5.32,5.34,4.84,5.26,5.34,5.28,5.38,5.7,4.53,6.14,6.16,5.28,5.31,5.29,5.12,5.05,5.53,6.44,5.11,5.43,5.39,4.85,5.68,5.39,4.73,5.65,5.34,5.44,5.39
C17orf67,4.04,4.2,3.75,3.78,3.75,3.84,3.82,3.92,3.8,3.83,3.9,3.99,4.11,4.18,3.84,3.57,3.75,3.53,3.97,3.71,3.67,3.92,3.94,4.01,3.67,3.39,3.92,3.87,3.94,4.02,4.68,3.73,3.99,3.69,3.89,3.84,4.06,3.78,3.73,3.66,4.2,3.63,4.13,4.33,3.87,4.37,3.69,3.8,3.74,5.51
C17orf68,8.05,8.25,8.32,8.39,8.23,8.65,7.2,8.43,8.06,8.17,8.43,8.06,7.88,7.09,8.14,8.06,7.99,8.07,8.23,8.31,8.24,8.39,8.39,8.38,8.23,8.11,8.33,8.46,8.64,8.02,6.39,6.72,8.23,8.02,8.22,8.22,8.05,8.12,8.35,8.54,8.32,8.64,8.74,7.56,8.61,8.61,8.57,8.11,8.44,6.63
C17orf68,5.52,5.4,5.89,5.68,5.88,5.73,5.82,5.71,5.5,5.42,5.46,5.4,5.3,5.74,5.18,5.28,5.45,5.34,5.83,5.83,5.46,5.65,5.56,5.68,5.53,5.45,5.61,5.81,5.7,5.21,6.29,6.1,5.38,5.19,5.07,5.53,5.88,5.53,5.2,6.13,5.6,5.81,6.02,5.63,5.52,5.97,5.89,5.77,5.55,4.77
C17orf70,5.35,5.3,5.66,5.61,5.64,5.44,5.55,6.47,5.19,5.78,5.34,5.24,5.23,5.75,5.21,5.34,5.72,5.76,5.57,5.51,5.68,5.56,5.34,5.82,5.71,5.65,5.81,5.51,5.38,6.12,6.87,6.4,5.65,5.58,5.69,5.56,5.64,5.58,6.36,5.84,5.83,5.9,5.89,5.73,5.28,5.54,6.14,5.51,5.77,5.96
C17orf70,7.94,8.12,8.21,8.17,8.47,8.44,8.32,8.2,8.04,8.05,8.3,7.89,7.82,7.66,8.04,7.89,8.06,7.92,8.04,7.88,7.85,7.82,8.3,7.91,7.91,7.88,8.24,7.98,8.55,8.38,6.85,8.16,8.1,8.03,8.01,8.15,8.01,8,8.46,8.27,8.19,8.27,8.42,7.11,8.06,8.06,8.15,7.97,8.23,7.24
C17orf71,9.23,9.39,9.23,9.38,9.46,9.46,8.85,9.37,9.28,9.32,9.35,9.38,9.24,8.96,9.25,9.23,9.31,9.36,9.23,9.25,9.35,9.46,9.23,9.28,9.15,9.22,9.35,9.33,9.25,8,6.97,8.81,9.03,9.08,9.11,9.22,9.04,9.01,9.26,9.26,9.27,9.14,9.25,8.32,9.3,9.14,9.18,9.34,9.38,7.41
C17orf72,5.12,5.04,5.25,5.19,5.58,5.54,5.59,5.29,5.05,5.22,5.19,5.17,5.12,6.05,5.24,5.27,5.16,5.29,5.3,5.36,5.31,5.39,5.11,5.61,5.35,5.29,5.43,5.44,5.22,5.85,6.03,6.71,5.21,5.26,5.51,5.07,5.39,5.4,5.88,5.42,5.06,5.44,5.35,5.56,5.31,6.04,5.65,5.26,5.09,6.38
C17orf72,4.55,4.36,4.49,4.76,4.7,4.83,4.38,4.55,4.44,4.32,4.61,4.5,4.26,5.44,4.55,4.71,4.53,4.48,4.59,4.53,4.55,4.61,4.62,4.71,4.63,4.53,4.42,4.9,4.57,4.3,5.96,5.13,4.34,4.54,4.61,4.37,4.33,4.59,4.35,4.57,4.51,4.75,4.56,4.82,4.62,4.41,5.05,4.33,4.44,6.62
C17orf74,3.41,3.37,3.49,3.49,3.76,3.53,3.26,3.4,3.4,3.41,3.42,3.4,3.46,3.4,3.29,3.44,3.27,3.49,3.31,3.32,3.34,3.5,3.45,3.44,3.34,3.2,3.47,3.46,3.3,3.64,3.71,4.06,3.37,3.49,3.44,3.28,3.59,3.31,3.38,3.36,3.46,3.5,3.38,3.8,3.32,3.31,3.53,3.62,3.44,3.82
C17orf74,4.71,4.53,4.88,4.56,4.74,4.75,4.58,5.21,4.44,4.4,4.75,4.4,4.36,4.67,4.32,4.93,4.77,4.72,4.63,4.86,4.73,4.55,4.67,4.61,4.33,4.56,4.69,4.51,4.55,5.05,5.05,6.07,4.46,4.69,4.54,4.46,4.78,4.2,5.31,4.81,4.88,4.76,4.87,5.92,4.76,4.48,4.62,4.43,4.58,4.92
C17orf75,7.06,6.98,7.01,7.08,6.94,7.31,6.38,7.11,7.36,7.18,7.08,7.08,7.16,5.99,7.24,7.01,7.24,7.17,7.31,7.31,6.96,7.04,7.11,7.07,6.94,7.08,7.07,7.09,6.99,6.15,5.9,5.33,6.86,7.04,6.92,7.18,7.03,7.23,6.47,7.06,6.98,6.92,6.82,5.71,7.31,6.98,7.19,7.36,7.31,6.24
C17orf76,5.12,4.94,5.19,4.66,4.86,5.01,4.41,4.77,4.72,5.09,4.99,4.85,5.01,5.01,5.01,4.63,4.61,4.74,4.89,4.7,4.92,4.5,4.9,4.72,4.83,4.84,5.05,5.14,4.64,4.71,6.92,4.65,5.11,5.05,5.17,4.81,4.93,4.56,5.09,5.18,4.9,5.08,5.11,5.05,4.43,4.24,5.07,4.78,4.79,5.51
C17orf77,3.43,3.5,3.44,3.42,3.49,3.62,4.07,3.35,3.42,3.61,3.82,3.86,3.58,3.84,3.5,3.4,3.65,3.62,3.46,3.42,3.57,3.47,3.33,3.42,3.73,3.65,3.27,3.51,3.49,4.16,4.45,4.26,3.58,3.64,3.4,3.44,3.62,3.5,4.17,3.52,3.38,3.37,3.54,4.3,3.4,3.66,3.48,3.36,3.56,3.88
C17orf78,4.2,4.21,4.12,4.45,4.25,4.64,4.58,4.38,4.05,4.14,4.4,4.26,4.53,5.37,4.46,4.3,4.33,4.11,4.24,4.34,4.38,4.26,4.12,4.19,4.23,4.2,4.12,4.22,4.54,4.11,6.29,6.02,4.4,4.18,4.39,4.23,4.37,4.08,5.06,4.16,4.41,4.13,4.43,6.75,4.33,4.17,4,4.45,4.23,6.22
C17orf79,10.22,10.08,10.29,10.2,10.12,10.21,9.89,9.85,10.34,10.12,10.15,10.12,10.13,6.75,10.24,10.11,10.22,10.14,10.3,10.02,9.72,9.84,9.86,10,10.09,9.94,10.18,10.27,10.25,9.46,7.44,6.38,10.06,10.12,10.16,10.12,10.04,10.24,9.89,9.95,10.17,10.2,10.01,7.82,9.78,9.58,9.65,10.24,10.13,7.45
C17orf80,7.79,7.41,7.54,7.69,7.23,7.44,7.59,7.64,7.62,7.73,7.01,7.89,7.62,7.32,7.69,7.45,7.55,7.63,7.3,7.65,7.63,7.53,7.45,7.65,7.62,7.8,7.44,7.61,7.18,7.09,6.79,7.58,7.76,7.94,7.71,7.7,7.09,7.67,6.74,7.81,7.87,7.48,7.37,6.9,7.04,7.06,7.53,7.63,7.45,6.7
C17orf80,8.48,8.63,8.42,8.51,8.72,8.69,7.99,8.51,8.46,8.67,8.7,8.53,8.34,7.08,8.58,8.46,8.54,8.61,8.43,8.34,8.53,8.57,8.81,8.58,8.49,8.64,8.57,8.41,8.62,7.48,4.48,6.02,8.62,8.65,8.57,8.61,8.69,8.56,8.25,8.78,8.65,8.81,8.72,6.49,8.41,8.36,8.29,8.6,8.64,6.35
C17orf80,5.95,5.84,5.45,5.83,6.05,5.87,5.87,4.87,5.75,5.6,5.37,5.81,5.62,5.83,5.71,5.67,5.6,5.72,5.62,5.58,5.81,5.75,5.79,5.73,6.05,5.9,5.49,5.5,5.38,5.99,6.07,5.88,5.93,5.99,5.97,5.71,5.85,5.94,4.81,5.83,5.74,5.39,5.47,5.72,4.98,6.21,5.55,5.65,5.4,5.3
C17orf81,10.02,9.96,10.03,9.99,10.07,10.08,9.78,9.97,10.1,10.03,10.08,9.97,10,8.81,9.8,9.83,9.9,10.01,10.13,9.94,9.91,10.02,10.01,9.9,9.82,9.89,10.06,10.06,10.08,9.87,8.91,7.75,9.79,9.95,9.93,9.85,9.86,9.97,9.86,10.05,10.06,10.15,9.88,8.91,9.64,9.64,9.71,10.07,10.14,8.34
C17orf81,7.45,7.6,7.56,7.43,7.4,7.62,6.72,7.8,7.4,7.34,7.91,7.59,7.46,6.9,7.27,7.31,7.18,7.03,7.08,6.97,7.68,7.61,7.72,7.25,7.35,7.38,7.72,7.42,7.44,7.57,6.11,6.71,7.27,7.47,7.49,7.22,7.2,7.44,7.45,7.77,7.61,7.76,7.61,5.6,7.52,7.26,7.35,7.79,7.7,6.5
C17orf81,8.83,8.51,8.85,8.75,8.54,8.82,8.51,8.94,8.66,8.77,8.28,8.69,8.59,6.06,8.53,8.61,8.56,8.9,8.82,8.84,8.6,8.65,8.29,8.38,8.48,8.55,8.82,8.9,8.61,8.04,3.82,7.47,8.74,8.69,8.67,8.46,8.56,8.61,8.95,8.71,8.79,8.55,8.48,7.52,8.31,8.23,8.42,8.84,8.63,6.81
C17orf82,5.45,5.33,5.32,5.49,5.79,5.79,5.77,5.41,5.49,5.33,5.9,5.67,5.12,7.01,5.43,5.77,5.55,5.22,5.38,5.35,5.15,5.74,5.59,5.36,5.28,5.31,5.36,5.52,5.89,5.09,5.93,6.04,5.37,5.33,5.29,5.66,5.54,5.6,5.55,5.3,5.62,5.7,5.99,7.08,5.41,5.7,5.87,5.23,5.54,6.11
C17orf85,8.71,8.54,8.72,8.88,9,8.81,9.17,8.94,8.59,8.82,8.67,8.77,8.63,7.36,8.62,8.63,8.55,8.61,8.63,8.65,8.92,8.83,8.67,8.74,8.57,8.66,8.93,8.82,8.62,8.97,7.61,6.77,8.46,8.63,8.75,8.54,8.71,8.62,8.95,8.83,8.8,9.05,8.96,8.1,8.63,9.11,8.78,8.8,8.78,7.84
C17orf85,7.65,7.84,7.8,7.72,8.06,8.1,7.54,7.97,7.59,7.67,8.17,7.56,7.8,6.91,7.64,7.48,7.68,7.76,7.61,7.86,7.77,7.72,7.95,7.69,7.62,7.61,7.66,7.63,7.96,6.18,7.11,7.61,7.43,7.56,7.46,7.59,7.68,7.62,6.95,7.92,7.81,7.81,7.94,5.97,7.62,7.54,7.62,7.62,7.86,7.33
C17orf87,4.15,4.08,4.01,3.89,4.42,3.71,3.82,4.28,3.95,4.35,4.23,3.91,3.74,4.3,3.89,4.54,3.97,3.97,3.94,3.95,3.85,4.22,4.38,3.96,4.09,4.09,3.86,4.01,3.97,5.47,5.11,5.5,4.11,3.93,4.26,4.03,4.7,3.92,4.03,4.45,4.24,4.14,4.24,4.6,4,4.11,4.09,4.09,4.08,6.24
C17orf88,4.42,4.32,5.09,4.75,4.79,4.56,5.46,5.09,4.69,4.77,4.57,4.73,4.62,4.74,4.6,4.8,4.56,4.83,4.51,4.59,4.73,4.81,4.52,5.14,4.57,4.64,4.61,5.01,4.72,5.17,5.66,4.24,4.42,4.66,4.73,4.9,4.6,5.04,4.29,4.55,4.75,4.63,5.03,4.31,5.03,4.67,5.06,4.84,4.58,4.56
C17orf89,8.03,7.68,7.96,7.97,8.17,7.94,7.75,8.07,8.09,8.01,7.49,7.89,8.07,7.66,8.2,8.24,8.3,7.93,7.98,8,8.34,8.21,8.13,8.4,8.38,8.42,8.08,7.96,7.97,7.82,6.43,7.78,7.91,7.96,7.85,8.35,8.47,8.52,7.81,8.18,8.34,7.73,7.83,7.2,8.21,7.85,7.99,8.21,8.1,7.2
C17orf89,9.92,9.86,10.04,9.93,9.98,10.01,9.68,9.95,10.03,9.96,9.88,10,10.08,9.46,10.18,10.24,10.33,9.98,10.01,9.85,10.22,10.16,10.21,10.19,10.26,10.22,10,9.98,10,9.71,9.36,9.8,10.02,10.05,10.05,10.29,10.2,10.25,9.81,10.02,9.99,9.85,9.8,9.46,9.95,9.82,9.99,10.09,10.16,9.73
C17orf90,6.9,6.55,7.11,6.78,7.3,6.93,6.33,6.92,6.83,6.84,6.61,6.63,6.57,5.47,6.83,6.77,6.91,7.19,7.07,7.1,6.6,6.71,6.9,7,6.79,7.1,6.83,6.58,7.05,5.7,6.71,6.07,6.53,6.52,6.89,6.85,7.12,7.01,6.34,6.95,6.73,7.07,6.93,5.33,7.14,7.11,7.14,6.91,7.06,4.72
C17orf91,5.68,5.47,5.49,5.81,5.19,5.39,5.99,6.11,5.64,5.79,5.15,5.86,5.94,5.79,6.02,6.06,5.84,5.25,5.89,5.55,6.43,6.49,5.99,6.54,6.28,6.01,5.63,5.58,5.36,6.47,4.16,5,5.76,5.86,5.75,5.64,5.6,5.81,4.51,6.32,5.9,5.33,5.18,4.6,5.63,5.4,5.74,5.42,5.67,5.42
C17orf91,6.85,6.71,6.8,6.76,7.01,6.33,7.28,6.86,6.88,6.71,6.75,7.1,6.99,6.36,7.11,7.34,7.22,6.42,6.4,6.45,8.03,7.78,7.76,7.86,7.78,7.9,6.8,6.76,6.82,6.85,5.77,5.61,6.83,7.02,7.08,7.12,6.92,7.23,6.59,7.21,7.06,6.84,6.89,6.59,7.32,7.43,7.34,7.23,7.24,6.08
C17orf91,8.18,7.99,8.11,8.09,8.06,8.09,8,8.32,7.98,8.33,7.8,8.45,8.43,7.72,8.42,8.48,8.54,7.52,7.4,7.9,9.5,9.21,9.1,9.13,9.09,9.16,8.04,7.91,8.37,6.94,6.81,7.15,8.29,8.38,8.13,8.28,8.27,8.35,7.67,8.47,8.35,8.06,7.87,7.74,8.69,8.46,8.14,8.34,8.59,7.85
C17orf91,8,7.91,7.76,8.02,7.96,8.11,7.77,8.12,7.91,8.05,7.81,8.47,8.25,8.06,8.36,8.25,8.38,7.53,7.47,7.6,9.22,9.13,8.98,9.2,9.06,9.1,7.72,8.01,7.93,7.43,6.18,6.23,8.17,8.26,8.07,8.32,7.96,8.23,7.4,8.42,8.22,8.21,8.01,6.99,8.56,8.41,8.36,8.15,8.26,8.02
C17orf91,7.39,7.67,7.13,7.25,7.32,7.37,6.63,7.45,7.47,7.35,7.52,7.8,7.89,6.44,7.82,7.6,7.81,6.8,6.73,6.81,8.68,8.48,8.7,8.37,8.32,8.28,7.45,7.37,7.67,5.25,4.54,5.72,7.39,7.52,7.37,7.6,7.44,7.43,7.37,7.47,7.71,7.43,7.41,6.02,7.59,7.86,7.66,7.94,7.89,6.76
C17orf95,9.09,9.13,9.11,9.06,8.81,8.95,8.84,9.06,9.07,9.1,9.22,9.07,9.11,8.59,8.95,8.99,9.02,9.15,9.3,9.22,9.13,9.07,9.24,8.97,8.95,9.15,9.12,9.01,9.23,9.19,6.68,7.04,8.59,8.81,8.58,9.04,8.96,9.12,8.97,9.07,9.16,9.21,9.15,7.35,9.43,9.15,9.13,9.23,9.26,7.13
C17orf96,7.59,7.51,7.77,7.78,7.76,7.98,8.27,7.54,7.75,7.77,7.79,7.35,7.41,7.46,6.85,6.57,6.93,7.13,6.92,6.89,7.24,6.97,6.99,6.92,6.77,6.87,7.98,7.38,7.94,7.3,4.37,7.26,7.18,7.39,7.07,6.77,7.44,6.78,7.58,7.72,7.92,7.7,7.62,7.88,7.16,7.32,7.12,7.72,7.82,6.84
C17orf97,7.76,7.6,7.97,7.89,8.02,8.15,7.96,7.98,7.72,7.68,7.77,7.78,7.89,7.31,7.55,7.75,7.75,7.92,7.69,7.62,7.8,7.83,7.78,7.85,7.65,7.95,8.13,7.89,8.07,8.15,5.08,6.2,7.79,7.72,7.81,7.83,7.77,7.66,7.85,7.91,8.09,8,8.05,6.78,7.79,7.98,7.88,7.95,7.96,7.12
C17orf98,4.8,5.16,4.77,4.84,5.04,4.87,5.95,5.01,5.19,4.88,4.72,5.31,5.07,5.13,4.71,4.81,4.85,4.68,4.83,4.59,5.13,5.3,4.91,4.82,4.84,4.61,4.7,4.79,4.81,5.78,6.61,5.41,4.86,4.98,4.56,4.82,5.4,4.7,5.04,4.93,5.14,4.9,4.98,7.36,4.84,4.64,4.93,5.04,5.1,5.92
C17orf99,3.87,3.87,4.17,3.97,4.51,4.13,4.92,4.48,3.95,3.83,4.22,4,3.89,4.26,4.11,4.15,4.02,4.21,4.19,3.98,3.95,3.9,4.16,4.02,3.97,3.85,4.09,3.87,4.53,4.41,4.37,5.35,3.96,4.18,4.11,4.12,4.34,4.09,4.22,4.17,4.16,4.24,4.24,4.7,4.38,4.42,4.47,3.87,4.15,5.1
C17orf99,4.31,4.03,4.19,4.09,3.88,4.42,4.12,4.77,4,4.24,4.41,4.29,4.13,5.65,4.41,4.54,4.26,4.18,4.2,4.74,4.18,4.25,4.33,4.43,4.62,4.13,4.02,4.26,4.22,3.76,4.85,5.26,4.38,4.47,4.08,4.15,4.01,3.99,3.85,4.3,4.6,4.74,4.47,5,4.68,4,4.28,4.43,4.11,5.35
C17orf99,4.41,4.49,4.54,4.76,4.63,4.83,5.04,4.22,4.55,4.39,4.69,4.97,4.77,5.51,4.61,4.89,4.82,4.8,4.63,5.08,4.69,4.75,4.8,4.48,4.62,4.52,4.33,4.5,4.88,4.04,6.07,5.24,4.49,4.53,4.58,4.43,5.12,4.57,5.19,4.5,4.74,5.15,4.76,4.1,5.04,4.68,4.95,4.76,4.41,5.65
C18orf1,6.29,6.61,6.09,6.39,6.23,5.88,5.43,5.68,6.45,6.28,6.63,6.61,6.6,5.67,6.78,6.67,6.82,6.48,6.32,6.45,6.67,6.71,7.35,6.77,7.03,6.96,6.11,6.47,6.46,6.78,5.98,5.94,5.84,6.26,6.29,6.84,6.81,6.74,5.83,6.37,6.35,6.74,6.59,6.56,5.63,5.96,6.12,6.45,6.71,4.98
C18orf1,7.23,6.98,7.35,6.98,7.16,7.01,7.13,6.91,7.14,7.14,7.08,7.45,7.3,6.68,8.77,8.73,8.83,7.39,7.39,7.48,8.64,8.4,8.42,8.95,8.96,8.96,7.17,7.21,7.15,6.77,7.58,6.38,8.83,8.76,8.87,8.75,8.96,8.92,7.16,7.71,7.58,7.79,7.79,6.28,8.4,8.38,8.22,7.66,7.77,6.72
C18orf1,7.24,7.29,7.33,7.27,7.17,7.15,6.37,7.47,7.35,7.46,7.3,7.55,7.21,5.67,7.94,7.76,8.02,7.5,7.46,7.85,7.67,7.64,7.79,8.15,8.08,8.02,7.33,7.38,7.04,5.86,5.42,6.27,6.93,7.31,7.27,7.99,7.68,8.01,7.3,7.53,7.26,7.89,7.89,6.49,6.99,7.12,7.29,7.33,7.46,6.25
C18orf1,8.8,8.98,8.91,8.95,9.07,8.94,8.66,8.98,8.95,8.94,9.14,9.27,9.29,8.85,10.35,10.37,10.29,9.07,8.99,8.97,10.33,10.37,10.4,10.68,10.76,10.67,8.93,8.86,9.02,9.38,7.22,8.67,10.33,10.4,10.33,10.59,10.42,10.53,9.19,9.44,9.44,9.78,9.83,8.43,10.13,10.2,10.14,9.46,9.54,8.95
C18orf10,10.1,10,10.16,10.17,9.96,10.02,9.89,10.16,10.07,10.2,9.87,10.09,10.07,7.65,9.99,10.11,10.04,10.38,10.42,10.36,10,10.01,9.81,9.88,9.91,10.04,10.21,10.16,10.04,9.72,9.03,8.61,9.89,10,10.03,10.06,10.08,10.26,9.69,9.96,9.89,9.97,10.09,8.78,10.26,10.18,10.19,9.97,10.03,8.44
C18orf10,10.19,10.05,10.25,10.16,9.94,9.9,9.76,9.99,10.27,10.2,9.78,10.27,10.23,7.89,9.98,10.01,10.08,10.32,10.36,10.37,9.97,9.88,9.69,9.77,9.81,9.94,10.16,10.09,9.84,9.34,8.13,6.79,9.88,9.98,9.93,10.11,9.92,10.18,9.26,9.78,9.77,9.86,9.71,7.39,10.03,9.79,10.1,9.93,10.01,7.77
C18orf12,4.53,4.34,4.33,4.47,4.15,4.83,4.83,4.62,4.38,4.48,4.46,4.47,4.24,4.66,4.5,4.6,4.59,4.83,4.46,4.77,4.45,4.44,4.49,4.68,4.3,4.41,4.67,4.43,4.23,4.49,5.96,4.77,4.41,4.29,4.69,4.65,4.25,4.15,4.32,4.66,4.48,4.74,4.92,5.42,4.91,4.32,4.38,4.55,4.74,5.93
C18orf18,7.24,7.17,7.43,7.22,6.83,7.4,6.47,7.09,7.37,7.29,6.94,7.23,6.97,6.33,7.29,7.24,7.26,7.07,7.33,7.39,7.15,7.54,7.47,7.46,7.23,7.36,7.17,7.47,7.18,4.96,7.37,5.81,7.09,7.25,7.14,7.49,7.05,7.42,5.95,7.02,7.24,7.13,7.09,6.3,7.87,7.89,7.37,7.33,7.04,5.61
C18orf19,8.56,8.83,8.56,8.5,8.18,8.64,7.7,8.43,8.87,8.53,8.71,8.47,8.41,6.24,8.75,8.46,8.72,8.47,8.55,8.31,8.33,8.31,8.33,8.47,8.21,8.48,8.5,8.62,8.42,7.08,5.17,5.09,8.48,8.58,8.57,8.69,8.63,8.54,7.67,8.6,8.37,7.89,7.9,8.43,8.45,8.03,8.13,8.49,8.59,7.01
C18orf19,6.91,6.82,7.12,6.88,7.21,6.87,6.62,6.95,7,6.99,7.27,6.82,6.37,5.74,7.09,6.66,7.13,7.52,7.55,7.28,6.54,6.55,6.6,6.93,7.14,6.92,7.06,6.89,6.93,6.64,5.06,7.17,6.53,6.66,6.69,7.14,7.07,7.11,6.23,6.92,7.07,7.05,6.99,6.57,7.3,7.03,7.31,7.16,7.29,6.97
C18orf2,4,3.89,3.74,4.09,4.72,4.54,5.46,3.64,4.08,4.58,4.09,3.99,3.97,6.46,4.23,3.89,3.93,4.11,4.33,3.88,4.07,4.05,3.92,4.19,3.93,3.7,4.11,3.94,4.23,4.87,5.23,6.99,4.28,3.8,4.02,3.87,4.59,4.17,5.07,4.24,3.99,4.07,4.17,5.4,3.93,4.89,4.08,3.83,3.97,5.08
C18orf2,3.59,3.88,3.64,3.6,3.7,4.02,3.58,3.58,3.71,3.67,3.63,3.69,3.63,3.89,3.55,3.94,4.11,3.65,3.97,3.74,3.97,4.09,3.72,4.06,3.99,3.83,3.63,3.72,3.59,4.66,5.92,4.71,3.64,3.74,3.72,3.71,3.4,3.69,3.84,3.71,3.65,3.54,3.63,3.69,3.67,3.79,3.73,3.51,3.61,4.21
C18orf2,4.43,4.59,4.69,5.08,4.43,4.5,5.13,4.82,4.63,4.58,4.67,4.67,4.79,4.71,4.48,4.71,4.63,4.78,4.55,4.35,4.68,4.99,4.73,4.74,4.29,4.49,4.51,4.75,4.6,6.42,5.95,4.95,4.53,4.38,4.45,4.67,4.49,4.67,5.47,4.24,4.39,4.57,4.87,4.66,4.42,4.42,4.85,4.41,4.6,5.08
C18orf21,9.35,9.24,9.48,9.37,9.08,9.16,8.58,9.31,9.42,9.42,9.12,9.42,9.49,6.55,9.74,9.75,9.76,9.39,9.43,9.45,9.64,9.65,9.55,9.79,9.75,9.69,9.39,9.45,9.08,9.4,6.5,5.88,9.77,9.85,9.78,9.85,9.72,9.84,9.35,9.27,9.17,9.55,9.36,6.98,9.36,9.31,9.39,9.39,9.24,5.53
C18orf22,9.36,9.32,9.47,9.4,9.61,9.6,9.23,9.6,9.36,9.4,9.39,9.2,9.24,9,9.07,9.06,9.11,9.33,9.35,9.36,9.03,8.97,8.95,9.01,8.95,9.04,9.51,9.35,9.31,9.02,7.1,8.46,9.21,9.17,9.25,9.24,9.25,9.27,7.8,9.4,9.34,9.29,9.37,8.38,9.13,9.1,9.18,9.32,9.28,8.22
C18orf23,5.2,4.87,5.05,5.3,5.15,5.14,5.57,5.17,5.22,5.27,5.28,5.37,4.96,5.95,5.41,5.4,4.99,5.55,5.2,5.08,4.79,5.35,5.26,4.89,5.64,5.21,5.35,5.37,5.42,4.98,5.92,5.13,4.92,4.81,5.31,5.46,5.7,5.13,5.55,5.16,4.9,5.34,5.17,6.32,5.39,5.33,5.44,5.13,4.94,5.62
C18orf25,9.13,9.22,8.96,9.03,9.01,9.17,8.65,9,9.29,9.19,9.4,9.28,9.13,8.36,9.97,9.78,9.89,9.13,9.26,9.08,9.36,9.58,9.76,9.82,9.87,9.77,8.97,9.21,9.08,8.34,9.19,7.52,9.9,9.9,9.92,9.78,9.56,9.62,8.17,9.12,9.18,9.18,9.11,8.34,9.3,8.96,9.11,9.34,9.35,9.22
C18orf25,6.01,5.75,6.07,5.7,6.2,6.23,5.17,5.99,6.01,5.9,6.22,5.81,5.74,4.61,6.54,6.52,6.63,5.67,5.82,5.96,5.76,5.88,5.93,6.44,6.52,5.93,5.91,5.84,5.97,4.45,5.05,4.59,7.18,7.32,7.3,6.67,6.26,6.63,4.75,6.28,6.17,5.36,5.05,4.3,5.59,5.33,5.54,6.31,6.06,4.19
C18orf26,3.49,3.44,3.48,3.35,3.77,4.3,3.95,3.62,3.37,3.42,3.29,3.38,3.49,4.08,3.6,3.3,3.64,3.4,3.5,3.28,3.52,3.43,3.57,3.33,3.56,3.51,3.67,3.46,3.52,4.05,4.25,3.78,3.67,3.49,3.52,3.44,3.54,3.39,3.87,3.48,3.48,3.87,3.49,5.81,3.92,3.54,3.56,3.47,3.3,5.63
C18orf32,9.55,9.81,9.55,9.56,9.49,9.49,9.38,9.64,9.65,9.65,9.8,9.84,9.88,9.39,9.68,9.74,9.64,9.43,9.4,9.55,9.76,9.83,10.05,9.64,9.76,9.79,9.6,9.69,9.76,9.69,9.3,9.38,9.28,9.46,9.45,9.75,9.67,9.64,9.53,9.72,9.71,9.76,9.65,9.9,9.77,9.6,9.77,9.89,9.85,9.54
C18orf34,4.39,4.26,3.99,4.01,4.76,4.18,4.22,3.8,4.17,4.4,4.3,4.35,4.21,4.69,4.19,4.28,4.41,3.9,4.01,4.43,4.2,4.36,4.24,3.91,4.41,4.42,4.09,4.19,4.03,4.4,4.42,3.81,4.28,4.23,4.1,4.03,3.89,4.28,3.84,4.17,4.6,4.38,4.64,4.86,3.99,4.62,3.73,4.1,3.92,6.11
C18orf34,3.8,3.76,4.47,4.07,4.34,4.79,4.54,3.9,4.04,4.01,3.85,3.61,3.81,4.69,3.81,4.12,3.92,3.85,4,3.95,3.91,4.04,4.04,3.78,3.96,4.11,4,4.1,4.01,4.38,6.76,4.78,4.12,3.85,4.17,3.94,4.8,4.33,4.53,4.49,4.52,4.27,4.17,5.19,4.23,4.54,4.21,4.12,4.11,5.76
C18orf34,3.63,3.8,3.94,3.6,3.73,4.43,4.26,3.41,3.64,3.69,3.66,3.79,3.72,4.81,3.9,3.71,3.82,3.62,3.59,3.76,3.59,3.68,3.52,3.54,3.64,3.6,3.52,3.42,3.97,5.64,6.39,4.66,3.66,3.61,3.69,3.47,3.92,3.49,5.33,3.52,3.56,3.54,3.92,4.23,3.6,4.59,3.72,3.51,3.51,3.84
C18orf45,5.08,4.65,4.82,4.97,5.53,4.97,4.68,5.45,5.06,5.05,4.98,5.12,4.87,4.89,5.21,5.32,4.97,5.01,5.02,5.35,4.97,4.99,4.97,5.3,4.74,5.06,5.22,5.17,5.06,5.52,5.48,6.16,4.98,4.97,5.12,5.01,4.8,4.98,4.6,5.34,4.99,4.73,4.75,4.14,5.45,4.68,4.98,5,4.96,5.4
C18orf45,8.97,8.97,9.17,9.15,9.52,9.17,9.01,9.17,9,9.13,9.26,9.02,8.93,9.27,8.75,8.87,8.86,9.03,8.97,9.06,8.95,8.98,9,9.12,8.84,8.92,9.19,9.14,9.36,9.72,8.56,9.28,8.41,8.49,8.57,9.01,8.88,8.9,8.89,9.14,9.13,8.96,9.11,9.16,9.31,9.17,9.34,9.11,9.13,9.54
C18orf45,6.76,6.85,6.81,6.91,6.82,7.06,7.25,6.92,6.82,6.6,6.65,6.6,6.8,7.14,6.66,6.71,6.72,6.84,6.73,6.65,6.7,6.9,6.48,6.82,6.6,6.53,6.89,6.93,6.63,7.11,6.24,7.41,6.55,6.56,6.46,6.62,6.11,6.46,5.62,6.75,6.71,6.38,6.6,7.2,6.74,6.83,6.94,6.9,6.43,6.94
C18orf45,4.94,4.93,4.3,4.35,4.28,4.43,5.47,4.24,4.54,4.39,4.38,4.77,4.73,5.74,4.58,4.27,4.35,4.49,4.03,4.37,4.46,4.47,4.56,4.57,4.22,4.58,4.13,4.5,4.69,6.1,6.92,5.74,4.37,4.6,4.36,4.62,4.98,4.32,4.14,4.22,4.01,4.41,4.59,6.14,4.02,4.2,4.03,4.36,4.38,5.92
C18orf49,5.78,5.49,6.01,5.78,5.61,6.04,5.58,5.79,6.2,5.83,6.21,5.58,5.94,6.09,5.98,6.22,5.91,6.27,5.79,5.8,6.08,6.35,6.08,6.14,6.32,5.75,5.67,5.78,6.13,4.5,5.62,5.59,5.89,5.91,5.64,5.79,5.9,6.07,5.37,5.34,5.63,5.4,5.55,6.78,5.36,5.6,5.67,5.57,5.66,5.76
C18orf54,5.26,4.85,5.14,5.03,4.52,4.45,3.84,5.36,4.97,5.05,4.66,4.68,4.58,4.93,5.74,5.64,5.86,5.41,5.08,5.37,4.65,4.91,4.41,5.16,5.1,5.07,4.93,5.43,4.49,4.73,4.8,5.12,6.03,5.86,5.68,6.27,5.1,5.76,4,5.64,5.12,4.41,4.41,4.13,4.99,4.26,5.09,5.52,5.06,4.74
C18orf54,6.4,6.73,6.4,6.62,6.23,6.1,5.49,5.92,6.66,6.65,6.66,6.1,6.55,6.21,7.26,6.91,6.91,6.25,6.49,6.52,5.93,6.01,6.76,6.37,6.61,6.44,6.4,6.67,6.71,5.76,5.31,5.46,6.74,6.82,6.89,7.53,6.25,6.96,5.72,6.29,6.44,6.52,6.03,5.9,5.72,6.37,6,6.33,6.66,5.62
C18orf54,7.5,7.5,7.58,7.62,7.42,7.78,7.02,7.71,7.5,7.43,7.84,7.24,6.92,7.36,8.32,8.22,8.26,7.5,7.51,7.53,6.77,6.89,7.25,7.77,7.66,7.46,7.67,7.25,7.31,5.92,6.39,6.06,8.06,8.21,8.32,8.13,7.85,8.13,7.23,7.7,7.42,7.57,7.19,7.08,7.11,6.66,7.21,7.56,7.5,7.31
C18orf55,10.35,10.6,10.43,10.39,10.34,10.3,10.08,10.12,10.48,10.42,10.59,10.31,10.44,10.74,10.61,10.59,10.67,10.29,10.33,10.34,10.37,10.3,10.61,10.42,10.44,10.46,10.41,10.32,10.52,10.4,9.79,10.3,10.57,10.49,10.44,10.59,10.7,10.58,10.17,10.34,10.44,10.03,10.02,10.33,10.3,10.27,10.28,10.38,10.66,10.4
C18orf55,8.54,8.34,8.53,8.56,8.33,8.56,8.5,8.6,8.58,8.5,8.16,8.38,8.74,7.99,8.67,8.78,8.81,8.55,8.62,8.53,8.34,8.32,8.32,8.36,8.6,8.63,8.53,8.35,8.43,8.3,6.25,6.15,8.79,8.78,8.77,8.91,8.96,8.86,8.66,8.47,8.45,8.05,8.12,7.19,8.48,8.4,8.34,8.61,8.57,7.33
C18orf56,6.2,5.96,6.5,6.55,6.37,6.31,6.42,6.74,6.4,6.21,6.29,6.46,6.49,7.19,7.29,7.07,7.05,6.97,7.2,6.91,6.73,6.83,6.7,7.19,7.13,7.17,6.06,6.46,6.67,5.44,6.56,6.12,6.53,6.72,7.09,7.35,7.26,7.34,5.76,6.62,6.53,6.47,6.34,6.95,6.56,6.08,6.61,6.82,6.61,8.07
C18orf62,4.01,4.02,3.93,3.97,3.91,4.1,4.87,3.99,4.14,4.05,4.25,3.89,4.25,4.79,4.09,4.07,3.84,3.77,3.85,3.95,4.59,4.26,4.01,4.08,4.09,3.88,4.33,3.85,3.93,3.66,5.87,3.7,4,4.13,4.03,4.34,3.77,3.92,4.74,4.04,3.73,3.83,4.47,3.9,4.4,3.99,3.85,4.03,4.21,5.42
C18orf8,9.15,9.35,9.27,9.37,9.31,9.28,8.84,9.22,9.53,9.46,9.32,9.31,9.57,7.25,9.44,9.1,9.42,9.51,9.41,9.51,9.17,9.12,9.19,9.35,9.21,9.21,9.28,9.37,9.26,8.54,6.71,8.12,9.43,9.52,9.5,9.24,9.23,9.3,8.98,9.38,9.41,9.19,9.11,7.96,9.14,9.24,9.23,9.43,9.49,8.33
C19orf10,9.56,9.7,9.75,9.61,9.86,9.94,9.45,9.61,9.64,9.63,9.62,9.54,9.52,8.66,9.37,9.34,9.45,9.77,9.7,9.63,9.36,9.43,9.52,9.49,9.37,9.46,9.61,9.66,9.74,9.77,6.52,8.54,9.17,9.14,9.21,9.34,9.55,9.45,9.68,9.65,9.72,9.37,9.52,8.74,9.78,9.78,9.64,9.69,9.7,7.99
C19orf10,11.11,11.1,11.19,11.2,11.42,11.26,11.08,11.04,11.13,11.03,11.03,11.09,11.14,9.1,10.87,10.93,10.93,11.3,11.25,11.19,10.99,10.95,10.99,11,10.88,10.93,11.13,11.06,11.18,11.31,6.94,9.91,10.75,10.66,10.73,10.98,11.01,10.94,11.39,11.17,11.18,10.95,10.96,9.2,11.26,11.26,11.16,11.23,11.22,9.79
C19orf12,6.48,6.26,6.42,6.56,6.53,6.39,6.19,6.87,6.44,6.29,6.63,6.65,6.58,5.81,6.64,6.4,6.56,6.69,6.45,6.56,6.48,6.58,6.52,6.87,6.82,6.93,6.37,6.53,6.4,6.34,5.68,6.98,6.05,6.32,6.16,6.7,6.48,6.63,5.74,6.4,6.71,6.66,6.92,4.84,6.32,6.33,6.61,6.61,6.33,5.85
C19orf12,7.39,7.28,7.32,7.46,7.59,7.47,7.42,7.68,7.33,7.46,7.58,7.51,7.19,8.24,7.76,7.55,7.57,7.41,7.46,7.6,7.86,7.64,7.44,7.59,7.56,7.53,7.55,7.54,7.26,7.6,7.22,8.11,7.09,7.26,7.44,7.66,7.58,7.56,7.49,7.62,7.56,7.88,8,8.74,7.61,7.29,7.41,7.49,7.42,8.1
C19orf12,8.24,8.14,7.96,7.93,7.58,8.09,8.37,8.03,8.13,8.14,7.94,7.91,7.95,7.53,8.23,8.28,8.16,7.64,7.88,7.91,8.27,8.2,8.14,8.24,8.34,8.3,8.02,7.95,8.07,7.57,7.05,7.64,8.17,7.86,8.1,8.18,8.14,7.91,7.37,8.03,8.07,8.21,7.87,7.71,8.03,8.16,7.97,7.83,7.78,6.75
C19orf12,4.33,4.91,4.27,4.4,4.85,4.62,4.4,4.24,4.44,4.52,4.92,4.59,4.6,5.6,4.13,4.66,4.24,4.47,4.27,4.2,4.56,4.61,4.56,4.18,4.65,4.14,4.48,4.46,4.59,5.05,4.94,4.49,4.48,4.27,4.34,4.47,4.41,4.37,4.86,4.17,4.24,4.47,4.4,4.9,3.96,4.34,4.18,4.18,4.43,5.06
C19orf12,9.66,10.08,9.84,9.8,9.77,9.84,9.91,9.8,9.76,9.71,10.04,9.88,9.78,9.58,9.85,9.83,9.9,9.49,9.59,9.4,10.02,10.01,10.27,9.93,9.94,9.95,9.81,9.71,9.96,9.3,7.57,9.2,9.96,9.86,9.94,9.87,9.95,9.85,9.64,9.83,9.88,9.96,9.83,9.31,9.6,9.67,9.51,9.76,9.96,9.05
C19orf18,3.55,3.47,3.77,3.52,3.62,4.77,3.47,4.34,3.62,3.71,3.82,3.58,3.64,4.61,3.85,3.67,3.79,4.09,3.55,3.87,4.12,3.84,3.61,4.06,3.96,3.87,3.85,3.75,3.56,4.56,5.33,4.3,3.58,3.36,3.74,3.67,3.98,3.98,4.16,3.89,3.71,3.94,4.31,4.91,4.24,4.33,4.13,3.78,3.99,4.58
C19orf2,9.72,9.81,9.54,9.74,9.44,9.35,9.04,9.21,9.91,9.72,9.79,9.62,9.91,8.62,9.34,9.14,9.45,9.22,9.43,9.51,9.52,9.56,9.61,9.13,9.38,9.33,9.56,9.78,9.59,9.31,6.33,8.15,9.14,9.27,9.13,9.45,9.27,9.29,9.14,9.45,9.57,9.49,9.37,7.9,9.64,9.47,9.61,9.5,9.68,8.69
C19orf2,8.22,7.87,8.05,8.09,7.71,7.82,7.25,7.9,8.11,8.09,7.51,7.96,7.88,6.15,7.83,7.69,7.81,8.06,8.11,8.09,7.68,7.55,7.26,7.64,7.54,7.76,8.12,8.08,7.81,6.94,6.41,5.97,7.6,7.74,7.54,7.83,7.4,7.81,7.58,7.92,7.98,7.56,7.77,6.48,7.81,7.72,7.75,7.91,7.97,6.71
C19orf20,7.38,7.15,7.56,7.4,7.68,7.52,7.72,7.6,7.44,7.32,7.27,7.41,7.01,5.9,7.72,7.42,7.84,7.52,7.48,7.7,7.78,7.78,7.91,7.97,7.83,7.78,7.5,7.5,7.48,5.87,4.84,6.73,7.49,7.47,7.39,7.75,7.63,7.99,7.15,7.64,7.39,8.09,8.07,7.49,7.35,6.94,7.42,7.61,7.26,6.3
C19orf21,4.88,4.91,5.02,5.17,5.17,5.32,4.74,5.07,4.7,5,5.26,4.9,4.79,6.03,5.18,5.07,4.97,5.04,4.99,4.9,4.89,4.93,4.91,4.94,4.96,4.92,5.22,5.18,4.94,5.18,8.03,4.74,4.78,4.98,5.2,4.93,5.19,4.81,5.75,4.71,5.02,4.94,5.13,6.22,4.87,5.32,4.88,4.95,4.86,5.49
C19orf22,9.53,9.56,9.79,9.68,9.84,9.7,9.05,9.32,9.51,9.56,9.46,9.49,9.53,9.77,9.43,9.42,9.68,9.51,9.47,9.43,9.75,9.66,9.75,9.65,9.55,9.75,9.69,9.54,9.68,9.87,10.33,9.64,9.4,9.35,9.25,9.49,9.73,9.73,9.46,9.72,9.81,9.8,9.81,9.73,9.63,9.57,9.58,9.62,9.73,9.06
C19orf22,10.05,10.02,10.17,10.2,10.16,10.46,10.43,10.1,10.1,10.17,10.04,10.1,10.01,10.11,10.17,10.14,10.21,10.12,10.14,9.98,10.27,10.23,10.13,10.36,10.18,10.34,10.29,10.22,10.12,10.35,9.79,10.15,9.86,9.91,10,10.16,10.17,10.23,10.29,10.09,10.46,10.38,10.53,10.36,10.2,10.18,10.2,10.33,10.34,9.71
C19orf22,9.82,9.76,10.1,9.9,10.06,10.12,9.72,10.1,9.88,9.9,9.86,9.91,9.73,9.87,9.79,9.85,10,9.86,9.93,9.83,10.04,9.96,9.98,9.99,10.14,10.01,10.05,9.99,9.99,9.7,10.09,10.49,9.67,9.75,9.79,9.9,9.93,10.17,10.24,10.15,10.22,10.18,10.37,10.28,9.98,9.85,10.04,9.9,10.08,10.18
C19orf24,9.9,9.91,10.16,9.98,10.39,10.43,10.12,10.08,10,9.91,9.85,9.93,9.79,9.45,9.75,9.73,9.8,10.05,9.94,9.85,9.72,9.54,9.84,9.91,9.82,9.94,10.19,9.97,10.2,9.56,8.36,9.58,9.77,9.75,9.73,9.8,9.96,9.77,10.28,10.14,10.05,9.7,9.94,9.63,10.43,10.4,10.25,10.02,10.05,9.09
C19orf25,8.39,8.21,8.57,8.28,8.78,8.81,8.55,8.62,8.29,8.4,8.18,8.25,8.09,7.61,8.55,8.6,8.53,8.14,8.3,8.23,8.28,8.3,8.47,8.7,8.56,8.68,8.53,8.35,8.45,7.5,5.67,5.85,8.86,8.9,8.96,8.75,8.6,8.85,8.04,8.72,8.77,8.48,8.61,5.45,8.58,8.67,8.45,8.57,8.62,7.5
C19orf25,7.14,7.1,7.27,7.2,7.67,7.28,7.52,7.04,7.17,7.03,7.28,7.13,7.13,7.01,7.01,6.86,7.09,6.82,6.78,7.03,7.07,6.92,7.26,6.65,7.12,6.66,7.34,6.99,7.64,6.56,7.67,7.05,7.05,7.35,7.02,7.02,6.99,7.02,6.71,7.47,7.28,7.09,7.42,7.13,7.16,7.19,6.73,7.13,7.41,7.01
C19orf26,4.8,4.32,4.41,4.56,5,4.48,5.06,4.54,4.5,4.46,4.63,4.31,4.35,6.17,4.51,4.45,4.69,4.82,4.34,4.48,4.54,4.63,4.29,4.29,4.42,4.54,4.4,4.34,4.56,5.16,5.88,5.17,4.36,4.4,4.38,4.64,4.85,4.28,5.84,4.38,4.73,4.46,4.54,6.16,4.55,4.48,4.49,4.52,4.46,5.11
C19orf28,7.22,7.19,7.29,7.27,7.53,7.32,6.19,7.48,7.19,7.19,7.46,7.14,7.13,7.56,7.45,7.27,7.39,7.16,7.33,7.16,7.38,6.98,7.28,7.45,7.42,7.42,7.6,7.43,7.48,6.1,7.46,7.72,7.57,7.62,7.31,7.34,7.32,7.18,7.45,7.66,7.55,7.42,7.4,7.21,7.51,7.41,7.51,7.21,7.57,7.54
C19orf28,7.49,7.5,7.57,7.48,7.32,7.59,7.12,7.73,7.44,7.51,7.64,7.39,7.34,7.22,7.51,7.4,7.7,7.39,7.35,7.2,7.74,7.55,7.73,7.63,7.58,7.53,7.57,7.22,7.66,7.42,6.45,7.4,7.26,7.35,7.45,7.66,7.72,7.64,6.95,7.78,7.59,7.53,7.63,4.93,7.16,7.33,7.25,7.44,7.75,6.05
C19orf29,10.33,10.58,10.41,10.37,10.4,10.31,10.18,10.19,10.44,10.37,10.88,10.57,10.61,10.97,10.4,10.21,10.36,10.19,10.38,10.23,10.46,10.4,10.75,10.35,10.34,10.2,10.28,10.33,10.74,10.04,9.31,10.53,10.24,10.37,10.25,10.39,10.12,10.28,10.21,10.36,10.3,10.44,10.29,10.62,10.14,9.94,10.24,10.47,10.75,10.24
C19orf29,8.76,9.1,9.05,8.88,9.13,9.09,9.23,9.32,8.61,8.93,9.2,8.64,8.91,9.9,8.88,8.89,8.84,9.03,8.9,8.77,9,8.82,8.97,8.9,9.08,8.95,8.98,8.87,9.16,9.09,9.15,7.78,8.81,9.05,9.06,8.97,9.02,8.91,8.78,9.1,8.98,9.07,9.33,8.94,8.66,8.83,8.83,9.11,9.28,8.62
C19orf29,5.83,5.46,6.13,6.27,5.03,5.54,6.45,5.86,6.06,6.11,5.92,6,5.8,4.46,5.94,5.64,6.22,6.24,6.19,6.25,5.89,5.62,6.16,5.9,5.9,6.2,5.81,5.89,6.04,5.66,7.94,5.27,5.72,6.27,5.91,6.07,5.99,6.34,5.34,5.68,5.97,5.94,5.76,6.16,5.33,5.2,5.72,5.66,5.96,5.83
C19orf29,7.82,7.83,7.75,8.01,7.84,7.92,7.66,7.87,7.8,7.8,7.72,7.8,7.53,8.18,7.9,7.82,7.91,7.82,8.02,7.8,7.51,7.72,7.95,7.98,8.02,7.8,7.85,7.69,8.08,8.73,7.23,8.03,7.68,8.03,7.95,7.95,7.85,7.9,7.59,8.11,8.02,7.77,7.93,8.26,7.6,7.67,7.88,7.92,8.23,7.36
C19orf29,5.11,5.27,5.39,5.24,4.88,5.32,4.83,5.87,5.24,5.48,5.08,5.17,5.51,5.63,5.17,5.24,5.28,5.54,5.62,5.63,5.53,5.44,5.09,5.46,5.1,5.27,4.94,5.2,5.11,4.57,4.34,5.15,5.59,5.42,5.72,4.99,5.1,5.39,4.89,5.5,5.44,4.86,5.15,4.59,4.93,5.08,4.82,5.35,5.01,6.75
C19orf29,5.3,5.58,5.8,5.38,5.5,5.68,5.2,5.97,5.2,5.29,5.47,5.27,5.22,4.92,5.33,5.34,5.29,5.49,5.48,5.42,5.37,5.32,5.54,5.55,5.34,5.22,5.37,5.24,5.65,5.33,5.5,7.21,5.75,5.53,5.38,5.47,5.63,5.53,5.12,5.53,5.59,5.72,5.29,4.58,5.46,5.52,5.39,5.43,5.5,6.04
C19orf30,4.45,4.62,4.3,4.56,4.26,4.39,4.32,3.89,4.53,4.23,4.45,4.37,4.59,6.46,4.28,4.11,4.49,4.47,3.97,4.31,4.33,4.26,4.38,4.29,4.48,4.08,4.76,4.17,5.04,5.9,5.66,6.02,4.32,4.5,4.35,4.41,4.75,4.4,6.23,4.4,4.69,3.89,4.67,6.11,4.37,4.3,4.64,4.33,4.16,4.77
C19orf31,5.45,5.49,5.5,5.23,5.22,6.05,5.87,5.79,5.01,5.4,5.44,5.53,5.27,5.85,5.29,5.32,5.23,5.38,5.84,5.62,5.31,6.04,5.68,5.84,5.46,6.03,5.61,5.41,5.6,4.8,6.14,6.36,5.14,5.04,5.47,5.83,5.44,5.59,6.69,5.69,5.82,6.25,6.63,6.09,5.5,5.37,5.49,5.7,6.22,5.92
C19orf33,4.15,4.13,4.08,4.37,4.48,4.06,4.46,4.15,4.45,4.35,4.17,4.12,4.21,4.3,3.91,3.95,3.91,4.28,4.2,4.54,4.03,4.03,4.03,3.94,4.18,4.07,4.29,4.06,4.75,4.56,6.24,5.18,4.1,4.28,4,3.93,4.29,4.07,3.89,4.62,4.39,3.92,4.24,4.77,4.49,3.99,4.43,3.99,4.19,5.83
C19orf34,3.86,3.81,3.65,3.84,3.91,3.99,3.62,3.81,3.86,3.77,4.11,4,3.81,3.79,3.94,3.52,3.72,3.88,3.77,3.74,4.09,3.99,3.79,3.82,4.06,3.88,3.79,3.82,3.84,5.04,4.42,4.84,3.76,3.7,3.75,4.09,3.66,3.94,4.11,3.67,3.65,3.98,4.23,3.94,4.07,3.61,4.15,4.38,3.52,4.27
C19orf35,5.99,6.18,6.04,6.24,6.39,6.17,5.78,6.43,6.06,6.11,6.6,6.2,6.17,7.68,5.9,6.29,6.15,6.05,6.21,6.35,5.92,6.29,6.26,6.03,6.1,6.16,6.11,6.19,6.12,6.16,6.52,7.29,6.16,5.93,6.34,5.82,5.86,6.07,5.67,6.08,6.35,6.14,6.43,7.34,5.89,5.69,6.41,6.28,5.83,8.32
C19orf35,6.27,6.2,6.45,6.34,6.15,6.5,6.14,6.38,6.17,6.33,6.26,6.16,6.04,8.2,6.59,6.25,6.22,6.4,6.63,6.31,6.27,6.6,6.31,6.47,6.28,6.27,6.44,6.56,6.44,5.81,6.51,7.04,6.1,6.2,6.22,6.33,6.01,6.66,5.39,6.67,6.13,6.39,6.4,7.78,6.46,6.55,6.62,6.44,6.28,8.23
C19orf36,7.11,7.04,7.15,7.13,7.3,7.8,7.03,7.22,7.05,6.85,7.45,7.12,7.11,6.04,7.81,7.91,7.76,6.99,6.87,6.92,7.98,8.1,8.21,8.2,8.09,8.04,7.24,6.83,7.23,6.23,6.12,5.63,7.76,7.57,7.45,8.17,7.77,7.76,6.34,7.61,7.41,7.44,7.49,6.51,7.57,7.31,7.73,7.34,7.39,6.11
C19orf36,7.61,7.36,7.7,7.41,7.59,7.98,7.77,7.78,7.48,7.62,7.63,7.49,7.41,5.06,8.2,8.2,8.15,7.34,7.54,7.45,8.45,8.39,8.62,8.6,8.36,8.72,7.62,7.43,7.82,6.08,6.87,5.31,8.16,8.26,8.02,8.19,8.22,8.21,7.71,7.88,7.95,7.93,8.09,5.16,8.22,8.16,7.97,7.99,7.69,6.96
C19orf36,8,7.92,7.9,7.81,8.02,7.91,7.89,7.99,7.79,7.93,7.59,7.95,7.76,5.25,8.49,8.46,8.61,7.64,7.82,7.76,8.87,8.83,8.72,8.87,8.89,8.87,7.92,7.92,7.85,6.85,5.22,5.53,8.4,8.37,8.45,8.6,8.29,8.69,8.31,8.03,8.03,7.75,7.92,7.12,8.5,8.45,8.3,8.16,7.92,4.92
C19orf38,6.53,6.58,6.59,6.39,6.44,6.59,6.54,7.11,6.45,6.63,6.55,6.6,6.53,7.12,6.95,6.82,7.2,6.52,6.63,6.21,7.16,6.93,6.94,7,7.17,7.01,6.65,6.4,6.73,6.25,6.12,6.63,6.74,6.88,6.68,6.94,7,6.94,6.15,6.92,6.65,7.43,7.3,6.92,6.87,6.6,6.88,6.58,6.69,7.38
C19orf39,6.43,6.14,6.41,6.35,6.32,6.67,6.92,5.93,6.58,6.61,6.44,6.45,6.1,7.35,6.27,6.17,6.01,6.32,6.53,6.25,6.3,6.46,7.14,6.45,6.39,5.88,6.26,6.38,6.64,6.94,6.81,6.65,6.27,6.05,5.97,6.29,6.18,6.15,7.26,6.21,6.36,6.24,5.96,6.27,6.63,6.93,6.6,6.12,6.18,6.09
C19orf39,6.49,6.44,6.66,6.76,6.94,6.66,5.91,6.7,6.39,6.85,6.72,6.55,6.37,7.39,6.61,6.29,6.6,6.86,6.99,6.74,6.52,6.38,6.36,6.9,6.29,6.7,6.74,6.8,6.62,6.69,7.38,6.34,6.13,6.44,6.29,6.73,6.41,6.53,5.26,6.5,6.39,6.6,6.78,6.98,7.05,6.78,6.88,6.45,6.75,5.72
C19orf40,7.08,6.97,7.08,7.05,6.85,7.25,7.11,7.36,6.95,7.23,6.92,6.85,6.87,7.12,6.94,7.3,6.97,6.92,6.78,6.96,7.02,6.97,6.7,7.02,6.71,7.09,7.13,7.18,7.11,5.46,5.4,7.32,7.51,7.58,7.71,7.17,7.31,7.26,5.51,7.12,7.16,7.28,6.89,6.79,6.95,7.35,6.78,6.98,7.12,5.6
C19orf41,4.77,4.83,4.3,4.18,4.66,4.31,4.38,4.05,4.21,4.12,4.86,4.58,4.6,5.61,4.12,4.43,4.14,4.35,4.34,4,4.56,4.41,4.77,4.18,4.28,4.23,4.22,4.38,4.45,4.92,5.71,4.16,4.41,4.21,4.35,4.32,4.32,3.98,5.16,4.52,4.17,4.34,4.4,4.3,4.13,4.27,4.07,4.15,4.29,4.25
C19orf42,9.34,9.13,9.18,9.31,9.07,9.17,8.9,9.23,9.43,9.32,9.06,9.49,9.54,6.94,9.14,9.07,9.1,9.18,9.12,9.12,9.23,9.28,9.13,9.15,9.2,9.16,9.14,9.37,9.28,8.53,7.97,5.95,8.77,8.87,8.84,9.1,8.94,9.19,8.99,9.23,9.23,9.08,8.94,7.23,9.36,9.05,9.35,9.24,9.42,6.8
C19orf43,12.43,12.38,12.53,12.47,12.62,12.6,12.4,12.48,12.43,12.44,12.39,12.38,12.39,12.12,12.38,12.34,12.47,12.49,12.51,12.49,12.44,12.33,12.34,12.39,12.42,12.41,12.52,12.43,12.56,12.56,12.49,12.59,12.33,12.23,12.25,12.4,12.43,12.43,12.38,12.32,12.43,12.61,12.61,12.41,12.6,12.52,12.49,12.37,12.36,12.08
C19orf43,12.04,11.96,12.09,12.07,12.1,12.18,12.16,12.11,12.05,12.06,11.9,12.01,11.96,11.44,11.95,11.87,11.98,12.06,12.07,12.04,12,11.98,11.91,11.98,11.97,11.99,12.11,12.05,12.05,12.03,11.27,11.95,11.86,11.84,11.8,11.98,11.99,12.05,11.84,11.96,11.97,12.16,12.22,11.91,12.12,12.16,11.99,11.89,11.94,11.44
C19orf44,4.93,4.56,4.92,5.08,5.2,5.14,5.29,5.32,4.8,5.04,4.87,4.98,4.72,4.58,5.07,5.08,5.42,4.87,4.9,4.83,5,4.98,4.98,5.01,5.34,5.2,4.85,5.11,5.34,4.15,4.34,5.77,4.96,5.11,5.02,5.25,4.8,5.26,4.82,5.48,4.89,5.62,5.16,4.69,5.24,5.09,5.4,5.49,5.2,5.14
C19orf44,4.09,3.84,4.09,4.06,3.95,4.22,5.83,4.48,4.03,4.37,4.01,4.14,4.02,4.77,3.99,4.79,4.09,4.13,3.98,4.11,4.1,3.86,3.8,3.98,4.14,4.22,4.55,4.48,3.86,4.33,3.8,5.13,4.15,4.12,4.17,4.07,3.9,4.02,3.99,4.22,4.18,4.14,4.3,3.84,3.77,4.19,4.2,4.39,4.16,4.55
C19orf45,3.9,4,3.86,3.81,4.29,3.91,4.64,4.32,3.67,4.04,3.91,3.83,3.87,4.6,3.76,3.8,3.77,4,4.05,3.78,3.98,3.84,3.7,3.9,4.01,3.79,3.88,3.81,3.99,4.85,4.76,5.18,3.83,3.86,3.8,3.88,4.01,3.89,4.49,3.97,4.04,3.81,3.86,4.12,3.97,3.72,4.12,3.9,3.9,5.19
C19orf45,4.08,4.16,4.12,4.13,4.18,4.23,4.93,4.56,4.21,4.18,4.16,4.12,4.28,4.67,4.2,4.23,3.97,4.4,4.08,4.29,4.45,4.17,4.25,4.14,4.44,4.12,4.45,4.19,4.24,4.58,5.18,5.21,4.47,4.29,4.24,4.16,4.21,4.18,4.07,4.11,4.51,4.22,4.13,4.98,4.37,4.74,4.2,4.25,4.21,5.42
C19orf45,5.41,5.09,5.4,5.38,6.06,5.48,5.96,5.56,5.05,5.13,5.53,5.17,5.22,6.73,5.47,5.4,5.39,5.26,5.2,5.11,5.26,5.24,5.16,5.18,5.37,5.45,5.15,5.22,5.18,5.18,7.52,5.3,5.28,5.21,5.53,5.16,5.09,4.97,5.51,5.27,4.98,5.42,5.3,6.01,5.68,5.04,5.28,5.16,5.28,7.28
C19orf46,6.28,5.8,6.37,6.15,6.17,6.5,6.17,6.26,6.09,6.43,6.28,6.23,5.99,6.38,6.32,6.63,6.32,6.71,6.48,6.23,6.5,6.43,6.51,6.56,6.52,6.22,6.41,6.45,5.85,7.43,7.02,5.87,6.19,6.23,6.33,6.51,6.75,6.4,6.25,6.45,6.6,6.55,6.55,6.63,6.89,6.64,6.26,6.32,6.36,7.01
C19orf47,6.83,6.65,7.24,7.02,7.24,7.76,6.72,7.1,6.94,6.84,7.47,7.04,6.84,7.46,7.02,7.08,7.01,7.22,7.27,6.92,6.72,7.11,7.18,7.11,7.21,7.08,7.28,7.25,7.48,5.72,7.55,7.62,7.09,7.19,7.46,7.58,7.03,7.08,6.5,7.24,7,7.25,7.11,6.85,7.08,6.83,7.46,7.09,7.26,7.72
C19orf47,4.55,4.5,4.88,4.59,4.72,5.31,5.41,4.97,4.84,4.63,4.98,4.69,4.53,5.24,5.06,4.86,5.23,4.91,4.87,4.95,4.88,5.11,4.67,5.16,5.26,5.12,5.02,4.76,4.46,5.55,5.78,5.08,4.82,5,4.92,4.81,4.88,5.14,5.18,4.94,5.16,5.36,5.31,6.31,4.83,4.83,4.58,4.77,4.77,5.34
C19orf48,10.9,10.93,11.01,10.95,10.99,11.01,10.8,11.1,10.85,10.97,11.05,10.7,10.54,10.4,11.33,11.28,11.26,10.66,10.62,10.78,10.64,10.73,10.79,11,11.1,10.88,10.99,10.99,11.04,10.09,9.32,10.33,11.47,11.56,11.5,11.41,11.35,11.5,10.58,10.93,10.82,11.2,11.19,10.88,10.66,10.67,10.84,10.73,10.73,10.5
C19orf48,10.29,10.25,10.33,10.35,10.35,10.32,10.05,10.4,10.24,10.31,10.23,10.02,9.97,8.58,10.6,10.59,10.64,9.95,10,9.95,10.05,10.03,10.04,10.39,10.32,10.22,10.43,10.35,10.48,9.26,6.88,8.66,10.87,10.89,10.87,10.84,10.73,10.88,9.41,10.27,10.19,10.52,10.57,9.21,10.15,10.04,10,10.09,10.01,8.88
C19orf50,11.14,11.13,11.19,11.17,11.15,11.26,10.9,11.16,11.11,11.18,11.22,11.06,10.97,10.92,11.08,11.17,11.11,11.13,11.12,11.2,11.14,11.05,11.14,11.1,11.02,11.15,11.25,11.14,11.31,11.29,10.65,10.98,11.05,11.1,10.94,11.16,11.08,11.17,10.92,11.25,11.32,11.35,11.23,11.19,11.18,11.16,11.12,11.23,11.29,10.34
C19orf50,10.04,9.98,10.13,9.99,10.14,10.27,10.31,10.35,9.98,10.12,9.98,9.97,9.88,9.76,9.88,10.09,10.07,10.13,10.1,10.06,10.14,9.88,10.01,10.01,9.91,9.9,10.16,9.99,10.13,10.09,9.04,10.44,9.88,9.95,9.96,9.95,10.01,10.09,10.19,10.22,10.11,10.25,10.24,9.06,10.22,10.22,10.13,10.08,10.21,10
C19orf51,5.73,6.02,6.18,6,6.08,6.27,5.17,6.28,5.74,6.07,6.11,6.03,5.72,5.28,5.9,5.6,5.83,5.93,5.91,5.92,5.66,5.67,5.81,5.77,5.75,5.79,6.18,6.1,6.42,5.24,4.83,6.45,5.63,5.53,5.59,5.8,5.69,5.86,5.24,6.31,6.23,5.64,5.71,6.22,6.69,6.65,6.53,6.01,6.29,6.07
C19orf52,9.5,9.56,9.53,9.39,9.53,9.58,8.99,9.4,9.47,9.46,9.35,9.49,9.45,9.15,9.45,9.33,9.71,9.52,9.68,9.37,9.37,9.33,9.68,9.59,9.33,9.51,9.48,9.41,9.64,9.23,6.5,9.64,9.72,9.82,9.61,9.63,9.9,9.57,9.79,9.57,9.48,9.31,9.25,8.56,9.78,9.19,9.18,9.34,9.41,8.72
C19orf53,10.47,10.49,10.51,10.38,10.56,10.62,10.45,10.23,10.45,10.38,10.28,10.34,10.44,9.11,10.18,10.09,10.35,10.44,10.43,10.39,10.36,10.22,10.4,10.22,10.13,10.23,10.52,10.34,10.56,10.71,8.32,9.5,10.03,10.06,10.01,10.24,10.35,10.32,10.38,10.55,10.48,10.4,10.52,9.26,10.68,10.52,10.36,10.42,10.44,8.42
C19orf54,9.2,9.05,9.62,9.48,9.65,9.73,9.93,9.45,9.3,9.35,9.22,9.1,9.21,8.74,9.1,9.04,9.19,9.61,9.43,9.51,9.44,9.33,9.1,9.25,9.22,9.36,9.63,9.42,9.3,8.79,8.39,8.99,9.21,9.15,9.13,9.26,9.54,9.43,9.31,9.48,9.43,9.55,9.47,8.77,9.59,9.56,9.64,9.37,9.4,8.77
C19orf54,4.86,4.81,5.04,4.74,5.02,5.5,5.4,5.43,4.75,4.72,4.73,5.01,4.75,5.41,4.99,5.19,4.92,4.99,4.93,5.6,4.98,4.94,4.91,5.12,4.87,5.04,5.33,5.29,4.99,5.59,5.09,5.52,5.28,4.88,5.07,4.67,4.91,5,5.57,4.92,5.04,5.03,5.14,4.89,5.28,4.46,5.22,4.97,4.68,5.13
C19orf54,5.46,4.91,5.56,5.23,4.72,5.28,4.96,5.52,5.18,5.28,4.95,5.18,4.94,4.44,5.06,5.03,4.88,5.3,5.04,5.52,4.94,4.79,5.01,5.19,5.35,5.38,5.38,5.4,4.87,5.86,5.47,5.49,5.11,5.32,4.91,5.26,5.3,5,5.52,5.19,5.16,5.06,4.71,4.24,4.94,5.45,5.23,5.73,5.5,4.91
C19orf54,8.08,7.81,8.33,8.38,8.67,8.52,8.98,8.39,8.04,8.17,7.97,7.96,7.97,6.99,7.93,8.03,7.95,8.43,8.4,8.33,8.14,8.08,8.03,8.1,8.05,8.04,8.39,8.07,8.32,7.93,5.38,6.95,8.1,8.03,8.09,8.1,8.3,8.2,8.22,8.19,8.24,8.24,8.33,7.38,8.39,8.68,8.28,8.07,8.3,6.39
C19orf55,4.5,4.32,4.64,4.39,4.35,4.92,4.87,4.6,4.47,4.74,4.45,4.42,4.38,4.26,4.3,4.47,4.38,4.44,4.5,4.55,4.35,4.63,4.29,4.39,4.54,4.65,4.44,4.6,4.28,3.79,5.98,4.16,4.91,4.83,4.8,4.77,4.77,4.64,4.01,4.8,4.34,4.72,4.84,4.23,4.73,3.98,4.31,4.72,4.57,4.46
C19orf55,4.28,4.17,4.01,4.17,4.73,3.96,4.06,5.04,4.21,4.3,4.23,4.49,4.4,5,4.19,4.16,4.35,4.1,3.97,4.25,4.4,4.43,4.3,4.53,4.3,4.21,4.32,4.23,4.22,4.39,4.91,4.12,5.06,4.45,4.57,4.83,4.03,4.07,4.75,4.74,4.02,4.07,4.79,5.26,4.25,4.18,4.34,4.24,4.06,4.32
C19orf56,11.48,11.46,11.56,11.52,11.67,11.67,11.54,11.52,11.44,11.5,11.34,11.51,11.56,9.93,11.57,11.52,11.54,11.71,11.7,11.61,11.45,11.49,11.42,11.56,11.58,11.52,11.52,11.54,11.48,11.55,9.79,10.11,11.26,11.28,11.32,11.56,11.6,11.6,11.54,11.66,11.57,11.61,11.61,10.29,11.64,11.57,11.58,11.52,11.53,8.95
C19orf57,4.29,4.54,4.84,4.63,4.67,4.8,4.28,4.86,4.68,4.66,4.65,4.33,4.4,4.83,4.46,4.2,4.34,4.61,4.72,4.71,4.14,4.29,4.39,4.57,4.51,4.46,4.36,4.48,4.6,4.66,4.89,4.27,4.59,4.3,4.5,4.62,4.43,4.53,4.69,4.68,4.67,5,4.32,4.69,4.81,5.21,4.86,4.65,4.55,4.66
C19orf59,4.04,4.39,3.8,4.21,3.72,4.04,3.53,4.22,4.41,4.17,4.65,4.2,4.22,4.95,3.86,4.24,3.95,4.2,3.88,3.93,4.64,4.43,4.37,3.92,3.84,3.85,4.33,4.22,3.82,4.28,5.19,3.8,4.32,4.1,4.06,3.94,3.67,3.71,3.46,4.07,3.63,3.96,3.84,4.46,3.93,3.73,4.2,4.01,4.23,3.84
C19orf59,5.51,5.44,5.49,5.48,5.54,5.4,6.69,5.32,5.44,5.47,5.4,5.56,5.63,6.35,5.4,5.75,5.27,5.39,5.49,5.24,5.59,5.59,5.3,5.36,5.28,5.21,5.36,5.47,5.83,6.94,6.1,6.26,5.46,5.56,5.45,5.4,5.73,5.43,6.55,5.27,5.19,5.56,5.47,5.7,5.3,5.45,5.42,5.14,5.29,6.11
C19orf6,7.22,6.27,6.84,7,6.29,6.46,6.62,7.05,7.2,7.11,6.34,7.03,6.79,6.45,7.26,7.17,7.41,7.37,7.11,7.51,7,7.06,6.45,7.7,7.57,7.43,7.18,7.31,6.39,5.15,5.24,6.54,7.39,7.33,7.4,7.2,6.62,7.43,6.13,7.17,6.9,6.16,6.63,5.9,6.62,6.41,6.97,7.02,5.94,6.91
C19orf6,9.01,9.12,9.27,8.83,9.18,9.23,9.51,9.31,8.78,9.15,9.23,9.01,8.86,7.92,9.16,9.31,9.2,9.12,9.02,8.9,9.26,9.03,9.18,9.14,9.23,9.23,9.21,8.96,9.32,8.91,7.75,9.61,9.13,9.21,9.17,9.22,9.23,9.4,9.54,9.3,9.27,9.49,9.63,9.19,9.14,9.35,9.22,9.12,9.31,9.11
C19orf6,9.14,9.06,9.25,9.19,9.34,9.3,9.38,9.59,8.94,9.2,9.18,8.9,8.93,9.37,9.2,9.39,9.29,9.26,9.03,8.87,9.26,9.22,9.26,9.28,9.24,9.29,9.26,9.11,9.49,9.27,8.76,9.78,9.23,9.27,9.2,9.31,9.49,9.5,9.55,9.39,9.47,9.47,9.61,8.26,9.16,9.57,9.27,9.14,9.5,8.3
C19orf6,7.55,6.68,7.45,7.44,6.81,6.55,7.17,7.61,7.51,7.41,6.55,7.14,6.93,6.83,7.69,7.44,7.67,7.59,7.76,7.79,7.35,7.29,6.56,7.86,7.82,7.77,7.29,7.74,6.65,4.47,6.81,5.92,7.69,7.49,7.7,7.82,7.36,7.7,6.59,7.19,7.14,6.84,6.67,5.84,7.28,7.23,7.31,7.49,6.55,6.6
C19orf6,6.94,5.93,7.03,6.87,6.05,6.2,5.64,6.97,7.01,6.86,5.96,6.92,6.04,7.26,7.23,6.77,7.04,6.94,6.91,7.2,6.71,6.63,5.96,7.48,7.27,7.28,6.74,6.96,5.94,6.51,5.53,6.12,7.33,7.24,7.1,7.18,6.61,7.25,7.25,7.07,7.01,6.01,6.29,6.2,6.43,5.79,7.33,6.8,5.9,5.87
C19orf60,9.74,9.68,9.85,9.72,9.98,9.95,9.91,9.84,9.67,9.64,9.62,9.64,9.54,9.85,9.46,9.48,9.54,9.93,9.89,9.69,9.51,9.3,9.32,9.53,9.46,9.42,9.77,9.64,9.71,9.61,9.85,9.38,9.44,9.34,9.34,9.61,9.61,9.71,10.22,9.9,9.92,9.61,9.67,9.32,9.77,9.88,9.77,9.68,9.64,9.47
C19orf60,10.01,10.06,10.21,10.08,10.33,10.29,10.15,10.16,10.04,10.05,10.3,9.95,10.01,10.26,9.77,9.79,9.89,10.16,10.24,10.08,9.86,9.55,9.91,9.63,9.78,9.75,10.21,9.98,10.41,10.41,9.33,10.41,9.84,9.71,9.69,9.83,10.16,9.97,10.33,10.26,10.24,10.08,10.23,10.13,10.16,10.19,9.95,10.02,10.08,9.41
C19orf61,7.46,7.19,7.55,7.42,7.71,7.44,8.04,7.69,7.22,7.38,7.2,7.27,7.15,6.16,7.31,7.07,7.07,7.56,7.5,7.38,7.1,7.01,6.91,7.3,7.34,7.51,7.48,7.31,7.4,6.72,5.13,5.88,7.66,7.7,7.45,7.24,7.39,7.19,7.55,7.52,7.8,7.78,8.09,6.13,7.42,7.23,7.56,7.29,7.37,5.8
C19orf61,8.14,7.98,8.39,8.33,8.36,8.35,8.41,8.39,8.06,8.01,8.11,8.16,7.97,7.74,8.04,8.18,8.08,8.44,8.51,8.33,8.16,8.04,8.09,8.33,8.35,8.12,8.24,8.16,8.1,7.79,7.87,7.89,8.21,8.36,8.41,8.15,8.35,8.29,8.16,8.38,8.39,8.5,8.48,8.02,8.62,8.35,8.22,8.26,8.13,7.95
C19orf62,9.81,9.79,9.95,9.84,10.07,9.87,10.03,9.94,9.82,9.8,9.74,9.78,9.85,8.52,9.67,9.76,9.84,10.09,10.08,10.1,9.85,9.72,9.87,9.81,9.78,9.8,9.92,9.82,10.06,9.99,8.76,8.43,9.62,9.65,9.57,9.88,9.94,9.98,9.92,9.9,9.97,9.97,9.88,7.5,9.82,9.86,9.64,9.88,10,7.21
C19orf62,10.58,10.46,10.64,10.59,10.5,10.34,10.33,10.77,10.6,10.65,10.37,10.57,10.51,8.65,10.6,10.55,10.54,10.77,10.88,10.9,10.63,10.64,10.41,10.61,10.65,10.65,10.6,10.71,10.52,10.02,8.43,8.66,10.23,10.38,10.43,10.68,10.48,10.71,10.31,10.66,10.54,10.6,10.59,8.65,10.39,10.34,10.38,10.75,10.65,8.28
C19orf62,4.34,4.28,4.32,4.51,4.13,3.99,3.89,4.36,4.18,4.19,4.38,4.24,4.36,4.05,4.09,4.14,4.4,4.44,4.05,4.35,4.53,4.36,4.23,4.33,4.22,4.47,4.07,4.33,3.84,4.05,5.84,4.44,4.28,4.65,4.58,4.44,3.89,4.14,4.61,4.25,4.33,4.09,4.19,5.13,3.99,3.74,4.34,4.05,4,4.07
C19orf63,12.21,12.2,12.13,12.21,12.07,12.18,11.81,12.06,12.26,12.23,12.28,12.21,12.19,11.44,12.26,12.11,12.27,11.99,12.02,11.96,12.29,12.33,12.4,12.22,12.24,12.28,12.21,12.19,12.25,11.9,10.47,11.64,12.11,12.1,12.1,12.17,12.14,12.14,11.98,12.16,12.26,12.19,12.25,11.53,12.3,12.24,12.31,12.23,12.33,11.24
C19orf66,9.61,9.72,9.79,9.8,9.86,9.84,9.67,9.68,9.77,9.68,9.84,9.88,9.81,9.99,9.74,9.8,9.74,9.74,9.62,9.65,10.05,10.03,10.09,9.93,9.89,9.78,9.76,9.73,10.03,9.66,10.04,9.99,9.58,9.43,9.54,9.88,9.86,9.85,9.87,9.79,9.79,10.2,10.17,10.27,9.87,9.72,9.98,9.84,9.96,9.51
C19orf66,6.16,5.66,6.29,5.84,6.33,6.1,6.31,6.29,5.75,5.98,6.27,5.9,5.72,6.34,5.88,5.98,5.96,6.17,5.85,5.88,6.04,6,5.98,6.51,5.93,6.19,6.35,5.9,6.23,6.32,4.74,7.35,5.95,5.75,5.83,5.83,5.88,6.47,6.25,6.1,6.08,6.26,6.65,5.7,6.26,5.95,6.21,6.11,6.07,5.94
C19orf69,4.15,4.23,4.01,3.99,4.11,3.68,4.72,4.29,4.04,4.03,4.34,4.23,4.21,4.5,4.16,4.14,4.22,4.1,4.07,3.97,4.07,3.95,4.07,4.12,4.26,4.04,4.4,4.21,4.04,6.02,5.96,5.57,4.15,3.93,4.09,4.2,4.35,4.08,4.64,4.34,4.04,3.99,4,6.5,4.25,3.93,4.5,4,3.93,4.56
C19orf70,9.52,9.61,9.68,9.55,9.86,9.66,9.46,9.41,9.55,9.56,9.65,9.6,9.66,9.19,9.17,9.25,9.41,9.77,9.77,9.49,9.55,9.38,9.5,9.33,9.39,9.45,9.81,9.61,9.71,8.91,8.7,9.64,9.22,9,9.02,9.39,9.27,9.56,9.8,9.73,9.66,9.39,9.86,8.78,9.7,9.75,9.73,9.66,9.69,9.2
C19orf71,4.34,4.54,4.33,4.26,4.74,4.13,4.48,4.59,4.33,4.54,4.55,4.38,4.57,5.05,4.26,4.66,4.32,4.2,4.1,4.53,4.69,4.3,4.39,4.13,4.36,4.61,4.44,4.28,4.62,5.34,5.51,6.39,4.55,4.16,4.62,4.27,4.96,4.26,4.57,4.12,4.48,4.35,4.4,4.86,3.9,4.31,4.46,4.51,4.4,4.01
C19orf73,4.85,4.62,5.2,5.09,5.82,5.58,4.7,5.25,4.98,5.11,4.98,4.87,4.83,4.56,4.53,4.68,4.31,5.03,5.77,5.33,4.58,4.93,4.77,4.99,4.89,5.26,5.12,5.16,4.95,5.78,3.69,4.8,4.7,4.43,4.67,4.85,5.27,4.8,5.36,4.9,5.11,5.09,4.84,5.12,5.13,5.68,5.36,4.86,4.71,4.69
C19orf75,3.91,4.25,3.73,4.02,4.09,3.94,5.44,3.77,3.86,3.84,4.07,4.12,4.04,5.28,3.72,3.7,3.83,3.9,3.94,3.71,4.1,4.24,4.05,3.75,3.92,3.83,4.08,3.99,3.87,4.62,4.47,4.91,4.1,4.02,4.01,3.74,4.04,3.72,4.73,3.72,3.88,4.1,3.87,4,3.87,3.8,3.73,3.88,4.04,5.23
C1D,8.62,8.88,8.39,8.49,8.06,8.19,7.77,8.24,8.79,8.61,8.44,8.79,8.94,8.27,8.45,8.4,8.52,8.47,8.5,8.64,8.7,8.56,8.74,8.3,8.35,8.64,8.43,8.54,8.85,8.27,6.96,7.84,8.19,8.29,8.12,8.39,8.13,8.37,7.66,8.48,8.42,8.57,8.2,7.1,8.42,8.23,8.48,8.7,9.18,7.56
C1D,8.89,8.61,8.82,8.83,8.65,8.39,8.29,8.51,9.11,8.95,8.45,8.92,9.09,8.4,8.86,8.61,9.02,8.91,9.04,9.05,8.86,8.93,8.44,8.77,8.78,9.04,8.69,9,8.35,7.12,6.31,7.81,8.55,8.56,8.54,8.86,8.55,8.82,8.19,8.73,8.36,8.54,8.41,8.23,8.91,8.7,8.62,8.98,8.86,8.2
C1D,6.81,6.8,6.73,6.81,6.51,6.7,6.24,6.84,7.17,7.04,6.48,7.08,6.96,6.13,6.85,6.6,7.07,7.12,7.08,7.21,6.92,6.94,6.54,6.83,6.86,6.97,6.74,7,6.36,5.35,3.8,4.76,6.68,6.72,6.51,6.85,6.3,7.05,6.13,6.81,6.66,6.31,6.38,6.12,6.54,6.42,6.73,6.97,6.77,6.51
C1D,9.22,9.59,9.15,9.26,8.98,9.02,8.85,8.94,9.68,9.23,9.39,9.49,9.63,9.4,9.19,9.37,9.24,9.26,9.28,9.32,9.3,9.29,9.59,9.11,9.19,9.45,9.14,9.24,9.45,8.9,6.91,9.42,8.9,9.06,9.04,9.13,8.91,9.26,8.38,9.21,9.18,9.32,8.92,8.91,9.25,9.2,9.29,9.46,9.52,8.38
C1GALT1,6.53,6.28,6.04,6.57,5.37,5.92,5.53,6.22,6.52,6.46,6.63,6.38,6.27,5.39,6.2,5.7,6.08,5.79,5.77,5.97,6.12,6.21,6.44,5.89,6.07,6.18,6.23,6.53,5.97,4.9,4.58,5.33,6.28,6.46,6.3,5.86,6.1,6.1,5.68,6.24,5.91,6.06,5.94,4.54,6.28,5.61,6.15,6.38,6.34,5.22
C1GALT1C1,7.78,7.66,7.51,7.74,7.07,7.08,7.24,7.31,7.87,7.85,7.76,7.85,7.71,7.07,7.01,6.8,7.2,7.76,7.78,7.71,7.41,7.49,7.44,6.97,6.93,7.22,7.82,7.69,7.49,6.84,6.77,6.2,6.62,6.62,6.78,7.18,6.88,7.11,7.41,7.55,7.49,7.41,6.88,6.17,7.85,7.24,7.45,7.61,7.97,5.81
C1GALT1C1,7.34,7.45,7.39,7.25,7.45,7.14,6.73,7.12,7.56,7.55,7.47,7.32,7.45,6.22,7,6.83,6.94,7.55,7.4,7.71,7.15,7.05,7.25,6.91,6.71,6.89,7.29,7.22,7.51,7.49,5.6,5.7,6.34,6.53,6.54,6.88,6.6,6.79,7.23,7.3,7.18,6.85,7.11,6.2,7.31,7.24,7.36,7.43,7.49,5.27
C1GALT1C1,6.73,6.66,6.44,6.81,6,6.37,5.43,6.72,6.83,7,6.35,6.51,6.9,5.31,5.95,5.97,6.08,6.74,7,6.81,6.46,6.46,6.39,6.06,6.06,6.26,6.72,6.71,6.59,4.76,5.93,5.35,5.93,5.57,5.66,6.16,5.88,5.99,5.23,6.27,6.7,6.23,5.98,4.74,6.55,6.47,6.78,6.57,6.89,5.17
C1orf100,4.2,4.22,4.25,4.22,4.11,4.36,4.65,4.32,4.33,4.46,4.39,4.42,4.53,5.45,4.13,4.37,4.41,4.33,4.42,4.45,4.84,4.34,4.24,4.35,4.1,4.01,4.61,4.5,4.67,5.65,5.17,5.46,4.26,4.76,4.22,4.14,4.51,4.23,4.63,4.51,4.15,4.38,4.52,6.92,4.1,4.14,4.19,4.49,4.07,5.05
C1orf101,3.43,3.54,3.63,3.47,3.51,3.34,3.66,3.51,3.51,3.47,3.51,3.39,3.12,3.69,3.65,3.47,3.48,3.29,3.32,3.67,3.14,3.34,3.65,3.37,3.42,3.42,3.41,3.36,3.35,3.47,4.58,3.88,3.17,3.27,3.28,3.39,3.6,3.32,3.69,3.44,3.45,3.36,3.34,4.24,3.25,3.38,3.53,3.42,3.44,3.51
C1orf101,3.94,4.35,3.79,4.16,3.88,3.77,4.09,3.66,3.91,3.75,4.02,4.13,3.95,4.45,3.91,3.88,4.07,3.88,3.65,4.04,3.85,3.75,4.08,4.23,3.82,3.6,4.06,3.93,3.72,5.13,4.8,4.35,3.83,3.7,3.73,3.82,3.67,3.68,4,4.08,3.77,3.72,3.77,5.58,3.6,3.69,3.83,3.8,4.12,4.72
C1orf101,3.77,3.81,4,3.92,4.08,3.7,4.06,3.64,4.01,3.96,4.18,3.68,3.69,4.64,3.66,3.79,3.91,3.92,3.81,3.63,3.84,4.01,3.82,3.85,3.68,3.64,4.08,3.87,3.85,4,4.89,4.92,3.93,3.86,3.63,3.7,3.71,3.76,4.17,3.83,3.94,3.83,3.99,5.58,3.9,3.7,4.01,3.82,3.71,4.46
C1orf101,3.76,4.49,3.81,3.8,3.99,3.66,3.71,3.93,3.93,4.08,3.96,3.88,4.1,5.55,3.81,3.95,3.78,3.81,4.03,4.07,3.76,3.81,3.9,3.74,3.75,3.73,3.95,3.84,3.74,4.12,4.19,4.97,3.79,3.7,3.9,3.61,3.7,3.57,4.09,4.04,3.73,4.12,3.87,5,3.68,3.91,3.8,3.75,4.08,3.84
C1orf103,6.02,6.29,6.16,6.13,5.95,5.77,4.84,5.99,6.2,6.04,6.17,6.04,6.11,6.18,6.38,6.07,6.64,6.02,6,6.05,6.14,6.19,6.48,6.25,6.53,6.21,5.96,6.17,5.72,4.77,4.45,6.2,5.93,5.93,6.18,6.34,6.06,6.04,5.28,6.05,6.08,5.98,5.87,6.23,6.29,6.23,6.43,6.08,6.16,5.02
C1orf103,6.79,6.86,6.56,6.68,6.39,6.34,6.3,6.11,7.17,6.81,6.79,6.76,7.03,6.81,7.02,6.64,7.01,6.93,6.8,6.73,6.86,6.77,7.02,6.65,6.73,6.81,6.59,6.71,6.57,5.06,6.8,6.72,6.41,6.98,6.69,6.73,6.73,6.77,6.6,6.85,6.76,6.55,6.33,7.08,6.93,6.64,6.86,6.64,6.71,7.26
C1orf104,6.69,7.26,7.23,6.95,7.72,7.11,7.19,6.78,6.52,6.96,7.48,6.64,6.56,9.03,6.88,6.44,6.89,7.44,7.16,6.81,6.48,6.58,6.33,6.53,6.47,6.28,7.18,7.12,7.32,6.49,8.84,8.86,6.57,6.92,7.03,6.18,6.62,7.08,6.58,6.88,7.03,6.45,7.52,8.97,6.65,6.31,6.44,6.73,6.51,9.26
C1orf104,4.16,3.84,4.33,4.07,4.47,4.65,4.85,3.66,3.98,4.13,4.07,4.01,3.79,5.01,4.26,3.65,4.29,4.29,4.31,3.96,4.07,3.72,3.83,3.73,3.81,3.74,4.07,3.91,4.38,5.05,5.62,5.76,4.14,4.29,4.24,3.81,3.95,4.27,4.04,4.23,4.19,4.12,4.05,4.67,4.34,3.6,3.94,3.86,3.98,5.13
C1orf105,4.05,4.22,4.17,4.1,3.83,3.37,3.95,3.72,3.94,4.07,3.86,4.27,4,4.6,3.72,3.89,3.72,3.97,4.23,4.08,3.91,3.99,3.89,3.85,3.68,3.9,3.9,3.96,3.67,3.91,4.84,5.46,3.8,4.41,3.96,3.98,3.24,3.6,3.54,3.73,3.76,3.77,4.1,5.37,3.79,3.95,3.61,3.75,3.8,4.66
C1orf106,5.28,5.42,5.54,5.39,5.35,5.61,5.74,5.79,5.45,5.4,5.49,5.66,5.14,5.93,5.43,5.54,5.25,5.72,5.59,5.69,5.11,5.66,5.18,5.6,5.73,5.47,5.97,5.47,5.87,5.94,6.32,6.9,5.65,5.56,5.62,5.44,5.43,5.6,5.59,5.71,5.79,5.89,5.71,6.13,5.49,6.07,5.55,5.55,5.42,6.21
C1orf106,3.91,4,4.1,4.12,4.15,4.03,4.78,3.98,3.94,3.95,4.17,4.16,3.84,4.45,4.11,3.9,3.84,3.95,3.79,3.86,4.25,4.21,4.1,4.26,3.87,3.69,3.96,4.04,4.13,4.18,5.95,6.05,4.09,4.05,4.03,3.94,3.62,4.1,4,4.32,4.03,4.23,4.03,4.72,4.05,3.89,4.21,3.85,3.99,4.9
C1orf106,4.06,4.17,3.92,4.13,3.74,4.34,3.91,4.06,3.81,4.21,4.4,4.1,4.07,4.39,3.95,4.33,3.82,4.4,3.94,3.9,4.03,4.19,4.01,4.02,4.51,3.67,4.01,3.98,4.1,4.71,3.62,4.06,4.44,4.57,4.38,4.18,3.7,3.94,3.61,4.02,4.3,4.27,3.54,5.27,3.67,4.18,3.88,4.19,4,6.24
C1orf107,6.24,6.2,6.48,6.2,6.9,6.4,5.75,6.58,6.23,6.49,6.86,6.22,5.88,6.65,6.62,6.22,6.36,6.62,6.74,6.66,6.04,6.35,6.05,6.42,6.43,6.37,6.29,6.36,6.81,6.09,7.12,6.97,5.62,5.75,5.78,6.49,6,6.25,5.71,6.45,6.65,6.3,6.22,7.22,7.12,7.16,6.78,6.51,6.59,6
C1orf107,7.8,7.76,7.64,7.66,7.47,7.4,7.52,7.69,7.69,7.66,7.61,7.65,7.52,6.28,7.8,7.69,7.69,7.5,7.52,7.7,8.01,7.8,7.47,7.82,7.66,7.72,7.67,7.69,7.7,7.78,5.55,5.87,7.39,7.44,7.62,7.68,7.62,7.72,7.88,7.78,7.55,7.4,7.47,6.06,7.8,7.99,7.93,7.55,7.75,5.78
C1orf107,3.9,3.75,3.78,4.09,4.45,4.13,4.1,3.86,3.86,4.16,3.97,3.96,3.69,5.15,3.97,3.86,3.9,4.33,4.05,3.9,3.97,3.85,4.12,4.11,3.81,4,3.99,4,3.94,3.73,3.93,4.2,3.92,3.93,4.07,4.09,4.03,3.87,3.57,4.02,3.91,4.05,3.78,5.06,3.95,4.14,3.89,3.8,3.86,4.49
C1orf109,7.96,8.24,7.95,7.94,7.78,7.84,7.67,7.69,8.39,8.11,8.19,8,8.36,8.12,8.25,7.96,8.33,7.62,8.01,7.95,7.83,7.85,8.1,7.78,7.87,7.81,7.97,7.93,7.96,8.38,7.9,8.13,8.54,8.34,8.38,7.86,7.84,7.96,7.66,7.49,7.7,7.59,7.37,7.88,7.42,7.51,7.68,7.82,8.34,8
C1orf109,9.23,9.49,9.23,9.27,8.93,9.01,8.59,8.97,9.58,9.25,9.59,9.39,9.35,9.01,9.63,9.51,9.66,9.23,9.38,9.34,8.96,9.06,9.34,9.33,9.33,9.31,9.07,9.32,9.14,9.12,7.43,8.95,9.73,9.84,9.82,9.58,9.25,9.62,9.27,9.17,9.08,8.88,8.72,8.17,9.05,8.77,8.97,9.17,9.33,9.04
C1orf109,5.37,5.19,5.26,5.19,4.73,4.49,5.15,4.96,5.45,5.35,4.43,5.27,5.37,4.56,5.64,5.55,5.41,5.35,5.15,5.3,5.16,5.01,4.87,5.24,5.14,5.54,5.11,5.39,4.95,4.99,5.27,4.86,5.6,5.74,5.5,5.26,4.6,5.66,4.86,5.03,5.17,4.57,4.78,4.4,5.05,5.02,4.56,5.3,5.1,4
C1orf110,5.21,5.32,5.06,5.06,4.99,5.09,5.11,4.59,5.03,4.93,5.36,5.48,5.2,6.73,5.11,5.35,4.8,4.54,4.98,4.75,5.02,5.12,5.38,5.02,5.04,4.64,5.01,5.32,5.36,5.34,8.48,6.42,4.94,4.99,4.99,4.72,5.05,4.84,4.55,4.43,4.88,5.29,4.82,7.95,4.75,4.74,4.61,4.75,4.74,5.35
C1orf111,3.63,3.93,3.54,3.84,3.85,3.77,5.11,3.83,3.72,3.62,4.12,3.79,3.82,5.14,3.65,3.97,3.81,4.08,3.8,3.78,3.55,3.79,3.96,3.84,4.09,3.8,3.62,3.88,3.74,4.33,4.24,5.78,3.99,3.82,3.71,4,4.05,3.8,4.63,3.56,3.73,3.7,3.82,4.63,3.76,3.91,3.99,3.79,3.73,5.58
C1orf112,7.47,7.71,7.52,7.68,7.8,7.5,7.36,7.66,7.69,7.63,7.46,7.25,7.37,7.4,7.69,7.54,7.7,7.63,7.61,7.67,7.11,7.03,7.2,7.46,7.3,7.32,7.64,7.47,7.88,7.85,6.24,6.19,8.14,8.31,8.29,7.57,7.95,7.94,7,7.47,7.4,7.52,7.59,6.29,7.34,7.54,7.31,7.39,7.5,5.9
C1orf112,5.57,5,5.28,5.32,4.85,4.29,5.24,5.15,5.4,5.35,5.16,5.07,5.05,4.88,5.76,5.35,5.61,5.69,5.51,5.88,4.39,4.97,5,5.75,5.3,4.9,5.2,5.28,4.67,4.76,7.97,4.7,5.98,6.22,6.1,5.46,4.53,5.94,4.31,4.76,4.81,4.49,4.57,4.06,4.48,4.93,4.86,5.14,4.93,4.9
C1orf112,6.22,5.51,5.97,6.29,5.04,5.1,5.66,5.69,6.14,6.35,5.39,6.13,5.62,5.34,6.46,6.07,6.09,6.21,6.27,6.01,5.25,5.2,5.32,5.63,5.95,5.54,5.75,6.11,5.1,5.21,5.79,5.68,6.56,6.95,6.6,6.25,5.66,6.45,4.78,5.67,5.12,5.48,5.3,4.41,5.43,4.53,5.2,5.73,5.95,5.72
C1orf113,4.98,4.98,5.55,5.13,4.61,5,5.71,5.11,5.1,5.11,5,5.06,4.99,5.74,4.89,4.81,5.31,4.72,5.18,4.99,5.1,5.18,5.34,5.42,5.14,5.27,5.38,4.94,5.24,5.43,5.97,7.21,5.34,5.04,5.17,4.94,5.13,5.35,6.84,5.32,5,4.91,5.35,6.87,4.99,5.4,5.53,5.46,5.17,5.4
C1orf113,4.99,5.51,5.31,5.25,4.92,4.81,5.66,5.25,5.09,4.88,5.13,5.36,5.48,6.31,5.09,5.1,5.28,4.65,4.95,4.87,5.33,5.25,5.77,5.7,5.34,5.65,5.64,4.79,5.36,5.87,5.37,6,6.02,5.73,5.67,5.06,5.2,5.05,4.55,5.39,5.21,5.18,5.53,5.02,5.44,4.84,4.8,5.29,5.45,4.97
C1orf113,6.22,6.49,6.3,6.06,6.56,6.41,6.42,6.54,6.11,6.41,6.29,6.5,6.25,6.13,6.26,6.15,6.26,6.23,6.05,6.18,6.6,6.69,6.88,6.59,6.64,6.24,6.25,6.27,6.41,6.52,6.26,5.84,6.66,6.43,6.22,6.4,6.49,6.33,6.87,6.15,6.27,6.68,6.34,5.95,6.55,6.25,6.06,6.09,6.28,6.94
C1orf114,3.79,3.81,3.86,3.9,3.74,3.99,3.93,4,3.94,3.87,4.04,3.8,3.87,4.38,4.11,3.59,3.81,3.79,3.9,4,3.93,3.89,3.87,3.82,3.84,4.1,4.41,3.78,3.73,4.38,5.66,4.24,3.94,3.88,3.77,3.78,3.99,4.08,4.44,3.91,3.87,3.9,3.81,4.26,4.4,4.62,4.13,4.08,3.92,4.77
C1orf114,3.98,4.09,4.15,4.27,4.03,4.19,4.23,4.23,4.19,4.12,4.38,4.24,4.05,4.64,4.04,4.06,4.3,4.32,4.32,4.22,4.12,4.08,4.03,4.36,4.29,3.99,4.55,4.13,4.07,4.5,4.48,5.79,4.2,4.13,4.36,3.96,4.24,4,4.25,4.52,4.46,4.56,4.49,4.81,4.53,4.75,5.02,4.4,4.5,4.7
C1orf114,4.41,4.56,4.68,4.46,4.59,4.93,4.88,4.56,4.53,4.58,4.84,4.47,4.23,4.95,4.19,4.68,4.31,4.45,4.44,4.44,4.93,4.63,4.28,4.47,4.35,4.46,4.42,4.67,4.76,4.75,7.1,4.71,4.5,4.27,4.49,4.73,4.57,4.5,4.68,5.03,4.48,4.69,4.61,5.46,4.45,5.02,4.73,4.6,4.64,4.53
C1orf115,5.94,5.81,5.73,6.19,6.05,6.11,5.19,5.94,6.08,6.23,6.01,5.84,5.92,6.12,6.23,6.1,6.37,5.93,6.15,5.92,5.55,6.06,6.04,6.12,6.14,6.04,6.05,6.09,6.15,6.58,6.06,6.76,6.15,6.23,6.44,6.51,6.52,6.65,5.79,6.54,6.36,5.93,6.32,5.73,6.71,6.81,6.83,5.99,6.29,5.97
C1orf116,3.81,4.14,3.84,3.84,3.64,4.25,3.48,3.49,3.61,3.5,3.73,4.21,3.94,4.11,3.68,3.81,3.64,3.72,3.69,3.47,3.97,3.95,3.77,3.49,3.59,3.52,3.91,3.81,3.45,3.65,3.82,3.7,3.89,3.7,3.67,3.46,3.88,3.36,3.61,3.9,3.55,3.66,3.79,5.14,3.68,3.58,3.63,3.68,3.6,5.29
C1orf116,4.34,4.84,4.58,4.78,4.09,4.21,4.06,4.26,4.47,4.4,4.54,4.67,4.52,5.33,4.3,4.16,4.49,4.27,4.21,4.09,4.66,4.77,4.47,4.55,4.11,4.19,4.57,4.27,4.52,5.65,5.28,4.8,4.38,4.36,4.33,4.3,4.15,4.39,4.9,4.63,4.34,4.55,4.35,5.45,4.64,4.87,4.21,4.28,4.42,6.1
C1orf116,4.78,4.24,4.02,4.87,4.46,5.19,4,4.35,4.34,4.48,4.79,4.45,4.25,5.04,4.54,4.55,4.41,4.27,4.51,4.32,4.71,4.35,4.4,4.39,4.85,4.66,4.36,4.45,4.2,4.51,8.51,5.66,4.35,4.59,4.46,4.38,4.53,4.46,5.5,4.39,4.34,4.67,4.97,5.9,4.45,4.19,4.89,4.28,4.36,5.88
C1orf120,4.04,3.8,4.03,3.88,4.59,4.24,3.75,3.9,3.98,3.77,3.89,3.88,4.12,4.84,3.72,4,3.84,3.77,3.61,3.72,4.03,3.89,3.83,3.99,4.04,3.96,3.59,3.9,4.1,4.65,4.7,5.08,3.96,3.92,3.73,3.76,3.94,4.2,3.94,3.77,3.83,3.8,4.18,5.71,4.13,3.79,3.76,3.8,3.57,5.57
C1orf122,9.58,9.55,9.72,9.7,9.86,9.86,9.49,9.58,9.66,9.53,9.54,9.63,9.55,6.51,9.74,9.68,9.84,9.75,9.75,9.56,9.87,9.77,9.77,9.69,9.7,9.87,9.76,9.68,9.63,9.25,4.62,5.85,10.03,9.88,9.8,9.91,9.91,9.75,9.76,9.76,9.76,9.52,9.71,6.25,9.92,9.72,9.53,9.64,9.56,6.72
C1orf123,9.96,9.86,9.92,9.89,9.95,9.93,9.41,9.85,9.91,9.95,9.76,9.91,10,8.97,9.68,9.72,9.75,9.74,9.77,9.8,9.76,9.78,9.58,9.8,9.73,9.78,9.92,9.93,9.69,9.79,6.08,9.02,9.74,9.76,9.56,9.79,9.77,9.85,9.86,9.94,9.92,9.85,9.81,8.05,9.97,9.89,9.91,9.86,9.79,7.71
C1orf124,6.09,5.54,6.28,6.01,6.12,5.72,5.8,6.05,6.1,6.25,5.31,6.08,5.8,4.61,6.69,6.3,6.34,6.5,6.14,6.18,6.04,5.49,5.69,6.48,6.47,6.66,5.83,6.39,5.82,5.11,5.17,4.06,6.83,6.52,6.37,6.35,6.06,6.49,5.11,6.27,6.38,5.98,6.13,5.19,6.1,5.3,6.02,6.28,5.88,6.13
C1orf124,6.86,6.76,6.67,6.6,6.71,6.35,6.55,6.67,6.79,6.89,6.28,6.79,7.03,4.96,7.23,7.16,7.14,6.62,6.63,7,6.9,6.78,6.45,6.98,6.99,7.31,6.85,6.94,6.22,6.49,6.98,5.62,7.72,7.66,7.6,7.12,6.74,7.05,6.03,6.66,6.78,6.24,6.1,6.62,6.46,6.09,6.6,6.77,6.91,5.21
C1orf125,3.66,3.6,3.49,3.58,3.64,3.39,4.21,4.06,3.44,3.57,3.55,3.7,3.57,4.8,3.63,3.91,3.56,3.73,3.82,3.49,3.68,3.46,3.64,3.7,3.54,3.52,3.62,3.48,3.63,4.2,4.78,3.86,3.68,3.86,3.65,3.53,3.67,3.74,3.99,3.86,3.71,3.85,3.63,3.74,3.41,3.61,3.61,3.64,3.54,3.9
C1orf125,3.88,3.91,3.92,4.05,3.86,3.89,4.32,3.74,3.79,4.08,4.31,4.11,4.03,4.74,4.16,3.86,3.86,3.74,3.69,3.95,4.03,4.14,3.97,3.72,3.97,3.96,3.71,3.72,4.15,4.44,4.57,4.56,4.1,4.06,4.09,3.89,4.15,3.69,4.49,3.63,3.99,3.78,3.88,5.21,3.85,3.82,3.67,4.12,3.67,5.6
C1orf125,4.34,4.44,4.1,4.33,4.19,4.29,4.42,4.17,4.39,4.22,4.28,4.29,4.25,4.94,4.34,4.35,4.34,4.51,4.48,4.17,4.38,4.29,4.14,4.29,4.22,4.18,4.32,4.46,4.37,5.17,4.84,4.42,4.6,4.23,4.48,4.08,4.36,4.22,5.39,4.07,4.04,4.7,4.26,4.65,4.12,4.25,4.02,4.29,4.26,4.56
C1orf126,3.56,3.74,3.49,3.57,3.9,3.54,4.03,3.15,3.66,3.68,3.66,3.53,3.52,3.74,3.54,3.41,3.39,3.63,3.72,3.39,3.52,3.47,3.66,3.29,3.44,3.27,3.65,3.49,3.58,3.85,4.02,4.96,3.65,3.38,3.41,3.32,3.41,3.15,4.37,3.31,3.43,3.55,3.56,4.15,3.44,3.93,3.67,3.34,3.51,3.81
C1orf126,3.78,3.83,3.56,3.99,3.55,3.87,3.88,3.52,3.96,3.69,3.81,3.86,3.67,3.85,3.71,3.72,3.62,4.08,3.75,3.77,3.64,3.63,3.55,3.8,3.42,3.92,3.81,3.8,3.63,3.57,4.18,5.01,3.73,3.58,3.59,3.8,3.55,3.58,4.09,3.52,3.57,4.07,3.88,4.34,3.8,3.84,3.71,3.67,3.67,3.95
C1orf127,4.41,4.21,4.68,4.44,4.98,4.79,4.24,4.63,4.29,4.48,4.65,4.45,4.09,4.26,4.48,4.43,4.43,4.55,4.45,5.1,4.37,4.27,4.25,4.74,4.51,4.53,4.73,4.44,4.64,4.53,4.93,6.2,4.69,4.34,4.36,4.57,5.22,4.34,3.87,4.02,4.83,4.58,4.83,4.57,4.33,4.92,4.63,4.31,4.4,4.76
C1orf128,11.6,11.32,11.61,11.62,11.55,11.57,11.52,11.67,11.59,11.59,11.41,11.55,11.47,10.5,11.73,11.73,11.72,11.61,11.54,11.56,11.29,11.29,11.08,11.55,11.58,11.51,11.55,11.6,11.53,11.58,10.66,10.53,11.87,11.94,12,11.66,11.64,11.79,11.48,11.68,11.59,11.33,11.33,10.7,11.41,11.32,11.48,11.62,11.57,10.54
C1orf128,9.51,8.96,9.35,9.47,8.96,9.03,9.41,9.54,9.58,9.57,8.85,9.39,9.54,7.26,9.47,9.57,9.56,9.35,9.4,9.44,9.24,8.96,8.46,9.24,9.3,9.36,9.45,9.46,9.13,7.29,6.73,5.71,9.85,9.84,9.78,9.4,9.23,9.57,8.24,9.36,9.26,8.92,8.81,5.36,9.02,8.88,9.21,9.48,9.33,6.64
C1orf129,3.84,4,3.88,4.07,3.66,4.08,3.97,4.08,4.17,4.1,4.14,4.02,4.01,4.91,3.75,3.89,4.08,3.85,3.96,3.86,3.96,3.64,3.97,3.71,3.72,3.65,3.84,3.95,4.23,4.05,4.71,5.09,3.88,4.22,4.05,3.81,3.78,4.28,3.82,3.72,4.15,3.87,4.25,6.43,3.7,3.93,4.11,3.98,3.83,4.67
C1orf129,4.08,3.85,3.74,3.82,3.84,3.46,3.43,3.89,3.89,4,4.06,4.11,3.93,4.48,3.81,3.83,3.76,3.75,3.72,3.89,3.74,4.05,4.19,3.83,3.6,3.57,3.85,3.92,3.93,3.64,4.48,3.84,4.01,3.84,4.01,3.85,3.63,3.79,3.72,3.58,3.78,3.73,4.13,4.12,3.79,3.76,3.6,3.98,3.53,4.18
C1orf130,4.18,4.46,4.24,4.28,4.76,4.93,4.3,4.28,4.02,4.17,4.31,4.48,4.3,4.03,4.67,4.21,4.21,4.14,3.99,4.18,4.43,4.72,4.32,3.89,4.5,4.27,4.22,4.4,4.33,4.77,4.7,5.68,4.09,4.24,4.52,4.15,4.37,4.47,4.04,3.9,4.5,4.52,4.73,5.82,4.21,4.44,4.14,4.63,4.37,4.5
C1orf130,3.92,3.85,3.85,3.8,3.87,3.56,4.02,3.83,3.95,4.1,3.91,4.03,3.88,4.48,3.85,3.61,3.87,3.99,4.25,3.95,3.82,3.83,3.93,3.85,4.11,3.64,3.82,3.73,3.98,3.65,4.15,4.22,3.91,3.81,3.62,3.81,3.71,3.75,3.83,3.99,3.89,3.73,3.78,4,3.48,3.66,3.8,3.82,3.83,3.93
C1orf130,4.11,4.31,4.37,4.3,4.59,4.73,4.36,4.47,4.2,4.34,4.51,4.45,4.49,5.73,4.15,4.13,4.33,4.34,4.13,4.46,4.16,4.16,4.07,4.65,4.22,4.09,4.24,4.37,4.49,4.41,5.88,5.29,4.31,4.46,4.36,4.32,4.51,4.29,5.64,4.58,4.52,4.48,4.65,6.4,4.28,4.65,4.16,4.59,4.36,6.31
C1orf131,8.44,8.52,8.66,8.58,8.57,8.6,8.41,8.7,8.47,8.6,8.65,8.44,8.44,5.45,8.61,8.67,8.75,8.84,8.75,8.73,8.43,8.39,8.33,8.57,8.49,8.46,8.49,8.67,8.51,9.05,7.03,7.47,8.86,8.87,8.86,8.8,8.81,8.65,8.29,8.67,8.62,8.41,8.28,6.52,8.5,8.55,8.59,8.58,8.48,6.82
C1orf131,8.57,8.57,8.52,8.57,8.25,8.37,8.22,8.29,8.65,8.56,8.43,8.53,8.55,5.95,8.57,8.53,8.62,8.69,8.72,8.82,8.39,8.31,8.28,8.26,8.41,8.46,8.55,8.48,8.34,7.99,5.8,4.86,8.71,8.81,8.74,8.62,8.65,8.68,7.52,8.42,8.5,8.02,8.09,6.03,8.38,8.64,8.59,8.54,8.64,5.98
C1orf131,7.37,6.74,7.32,7.14,6.88,6.79,6.79,6.64,7.22,7.32,6.8,7.14,7.02,5.22,7.57,7.28,7.38,7.52,7.6,7.79,6.77,6.85,6.69,7.59,7.12,7.3,7.07,7.24,6.89,5.58,5.88,6.17,7.52,7.47,7.38,7.52,7.1,7.72,6.89,7.2,7.29,6.59,6.4,7.16,7.17,7.04,7.28,7.02,7.09,4.77
C1orf135,7.59,7.45,7.55,7.51,7.56,7.25,6.81,7.52,7.58,7.59,7.87,7.22,7.08,8.08,8.25,7.98,8.15,7.23,7.45,7.5,6.98,7.3,7.3,7.63,7.67,7.55,7.6,7.72,7.63,7.12,5.68,6.72,8.35,8.82,8.78,8.32,8.16,8.05,6.3,7.62,7.63,7.28,7.49,8.21,6.9,7.01,7.02,7.33,7.51,6.94
C1orf135,5.99,6.02,5.94,5.96,6.26,5.85,6.34,6.09,6.29,6.44,6.13,5.9,5.67,5.73,6.57,6.52,6.66,5.88,5.98,5.93,5.6,5.77,5.5,5.92,6.35,5.98,6.52,6.34,5.8,6.01,5.28,5.6,7.22,7.3,7.36,6.93,6.59,6.76,5.88,6.55,6.29,5.61,5.8,5.59,5.61,5.65,5.96,6.19,6.42,5.78
C1orf138,4.02,4.12,4.24,4.05,4.56,4.47,4.25,4.24,4.19,4.37,4.28,4.11,4.36,5.35,4.03,4.07,4.32,4.4,4.65,4.01,4.55,4.29,4.42,3.91,3.88,4.12,4.23,4.21,4.59,4.62,5.43,5.98,4.1,4.04,4.34,3.92,4.27,4.11,5.38,4.09,4.01,4.2,4.35,4.94,4.46,4.29,4.26,4.24,4.22,5.13
C1orf14,3.8,4.1,3.91,3.95,4.58,4.03,4.85,3.91,3.95,4.03,3.97,3.89,3.98,4.72,4.09,4.19,3.84,4.15,4.04,4.01,3.86,3.95,4.08,3.87,4.06,4.03,3.95,4.13,4.24,4.4,5.65,4.61,4.03,3.95,3.99,3.94,4.28,3.81,5.12,3.91,3.92,4.36,4.58,5.2,3.65,4.1,3.78,4.12,3.98,4.64
C1orf141,3.85,4.09,3.88,4.15,3.71,3.91,4.74,4.01,4.07,4.04,4.02,4.04,4.02,4.6,3.91,3.8,4.07,3.76,4.32,3.96,4.01,3.93,3.96,3.91,3.69,4.14,3.93,4,4.03,4.7,5.46,4.9,4.52,4.09,4.09,3.84,4.22,3.89,4.6,3.99,3.8,3.96,4.44,4.74,3.97,4.33,4.02,3.84,3.92,4.19
C1orf144,8.92,8.79,8.89,8.84,8.59,8.9,8.6,8.79,8.92,9.08,8.92,9.01,8.67,5.95,8.88,8.47,8.79,8.9,8.93,8.9,8.8,8.66,8.72,9,8.94,8.94,9.01,8.99,8.51,4.74,4.75,6.05,8.72,8.82,8.71,8.94,8.3,9.03,7.65,9.08,8.85,8.44,8.24,5.66,8.9,8.53,8.8,9.06,8.74,6.51
C1orf144,8.95,9.02,8.78,8.76,8.59,8.75,6.79,8.8,9,8.72,8.75,8.92,9.52,7.94,8.72,8.21,8.72,8.49,8.71,8.6,8.92,8.75,8.93,8.36,8.42,8.76,8.91,8.73,8.91,7.39,4.55,6.57,8.56,8.37,8.48,8.48,8.68,8.56,8.48,8.93,8.9,8.29,8.66,6.92,8.79,8.5,8.68,8.92,9.09,6.73
C1orf144,8.91,8.68,8.75,8.71,8.51,8.47,7.73,8.55,8.73,8.71,8.5,8.72,8.63,6.21,8.5,8.37,8.57,8.76,8.83,8.52,8.78,8.31,8.51,8.64,8.44,8.59,8.77,8.6,8.65,6.33,5.58,5.62,8.57,8.42,8.43,8.52,8.41,8.59,6.98,8.84,8.81,8.26,8.2,7.17,8.77,8.47,8.79,8.75,8.62,6.18
C1orf144,7.79,7.73,8.01,7.9,8.22,8.19,8.99,8.17,7.98,7.96,7.83,7.6,7.35,7.26,7.85,7.89,7.93,8.18,8.11,8.07,8.01,7.75,7.82,8.12,7.86,7.91,8.09,7.97,8,5.11,5.21,6.05,7.65,7.27,7.82,8.07,7.86,7.8,8.18,8.3,8.27,8.14,8.38,5.69,7.99,8.49,8.17,7.67,7.83,7.5
C1orf144,8.42,8.3,8.6,8.41,8.46,8.62,8.59,8.1,8.4,8.38,8.45,8.4,8.33,5.66,8.38,8.24,8.27,8.51,8.41,8.26,8.51,8.25,8.5,8.26,8.3,8.37,8.41,8.17,8.49,7.6,7.42,7.13,8.18,8.09,8.09,8.38,8.37,8.39,8.73,8.61,8.56,8.4,8.01,7.13,8.43,8.29,8.12,8.54,8.55,5.69
C1orf144,9.2,9.28,9.36,9.22,9.46,9.15,9.32,9.34,9.1,9.18,9.04,9.06,9.16,8.65,8.95,9.19,9.11,9.41,9.34,9.26,9.19,9.22,9.29,9.19,9.14,9.2,9.26,9.12,9.28,9.47,8.99,8.37,8.9,8.89,8.83,9.16,9.34,9.18,9.59,9.38,9.41,9.49,9.52,8.52,9.44,9.53,9.39,9.28,9.46,8.65
C1orf146,3.71,3.74,3.68,3.7,4.05,3.76,3.69,3.62,3.66,3.7,3.7,3.59,4.17,4.71,3.49,3.59,3.54,3.65,3.6,3.47,3.62,3.46,3.82,3.45,3.49,3.41,3.8,3.61,3.79,4.31,3.83,4.01,3.64,4.02,3.57,3.78,3.71,3.48,4.88,3.61,3.34,3.58,3.51,3.69,3.56,3.57,3.6,3.49,3.56,4.58
C1orf150,4.19,4.27,3.98,3.92,4.29,4.37,5.05,3.93,4.15,4.05,4.07,4.31,4.14,4.92,4.17,4.07,4.09,4.18,4.04,3.75,4.57,4.2,4.22,3.69,3.73,4.02,3.89,3.86,4.11,5.15,6.22,5.59,3.89,4.29,4.22,3.7,4.53,3.8,4.11,3.88,3.91,4.25,3.84,5.19,4.28,4.12,3.88,3.8,4.05,4.06
C1orf151,5.93,5.84,6.08,6.24,6.31,5.98,6.36,6.43,6.09,5.74,6.23,6.13,6.11,8.06,6.16,6.21,5.86,6.02,6.03,5.93,5.64,6.22,6.01,5.88,5.83,5.95,5.91,6.12,6.15,7.15,7.07,6.71,6.09,5.82,6.1,6.02,5.58,5.95,6.83,5.93,5.92,6.19,6.43,6.97,6.18,6.65,5.77,6.18,5.86,7.41
C1orf151,12.03,11.85,11.96,12.03,11.95,11.87,11.71,11.87,12.05,12.01,11.89,12.07,12.1,10.56,11.95,12.05,12,12.12,12.15,12.03,11.95,11.87,11.87,11.94,11.95,11.95,11.97,11.96,11.99,12.08,10.47,10.27,11.75,11.78,11.78,11.96,12.01,12.01,11.81,11.94,11.97,11.79,11.78,10.71,11.81,11.76,11.81,12.03,12.09,10.69
C1orf152 /// PDE4DIP,4.5,4.42,4.3,4.32,4.2,4.01,4.09,3.84,4.31,4.03,4.17,4.19,4.15,4.36,4.43,4.47,4.61,4.68,4.52,4.19,4.14,4,3.93,4.36,3.86,4.09,4.44,4.08,3.74,3.71,4.35,4.91,4.27,4.06,4.12,4.14,3.6,4.12,3.76,3.72,3.68,3.68,4.24,5.56,3.95,3.92,4.29,3.68,3.67,5.89
C1orf152 /// PDE4DIP,4.78,4.86,5.11,5.04,4.68,4.99,5.08,4.94,5.04,4.98,5.03,4.83,4.95,5.19,5.15,4.74,4.92,4.91,5.17,5.11,5.03,4.85,4.93,4.86,4.88,5.3,5.33,4.92,4.93,4.83,4.7,5,4.44,4.74,4.78,5.05,4.98,4.7,4.78,5.12,5.13,5.01,5.23,5.58,4.74,5.01,5,5.24,5.11,6.58
C1orf156,7.6,7.71,7.53,7.62,7.72,7.4,5.44,7.6,7.71,7.67,7.84,7.68,7.51,7.34,7.59,7.6,7.64,7.79,7.66,7.54,7.34,7.43,7.53,7.3,7.34,7.52,7.51,7.61,7.75,6.61,5.62,7.07,7.52,7.73,7.64,7.69,7.64,7.52,6.66,7.37,7.21,7.62,7.39,6.51,7.78,7.6,7.38,7.49,7.7,6.65
C1orf157,4.07,4.01,4.1,4.11,4.23,4.15,4.06,4.97,4.01,4.16,3.99,3.93,4.19,4.38,4.04,3.8,3.94,4.05,3.92,3.82,3.94,4.14,4.01,3.73,3.94,4,3.98,3.9,4.18,4.54,5.96,4.21,4.17,3.85,4.11,4.29,3.73,3.92,4.61,4.16,4.02,3.76,4,5.35,4.08,4.06,3.81,3.92,4.01,4.86
C1orf158,4.25,4.15,4.14,4.76,4.38,4.02,4.02,4.17,4.43,4.39,4.44,4.37,4.37,6.26,4.31,4.83,4.01,4.57,4.37,4.21,4.44,4.29,4.09,4.01,4.62,4.45,4.22,4.15,4.44,5.68,7.04,4.05,4.11,4.34,4.68,4.22,4.27,4.4,5.08,4.39,4.09,4.55,4.3,5.65,4.39,4.09,4.51,4.15,4.55,4.7
C1orf158,4.12,4.45,4,4.11,3.88,4.1,4.23,4.2,4.03,4.03,4.03,4.37,4.37,4.58,4.05,3.98,3.93,4.08,4.15,4,4.19,4.14,4.03,3.97,3.96,3.87,3.84,4.06,3.86,5.51,5.84,4.78,4.11,4.07,4.06,4.22,3.91,3.93,4.69,3.92,3.89,4.11,4.41,5.92,3.83,4.36,4.41,4.04,4.03,4.01
C1orf159,5.06,4.91,5.12,5.27,5.26,4.99,5.32,5.46,5.17,5.13,4.91,5.17,5.06,6,4.9,5.16,5.23,5.42,5.42,5.29,5.25,5,4.93,5.05,5.54,5.09,5.1,5.35,4.94,4.67,5.75,6.9,5.35,4.99,5.22,5.08,4.98,5.08,5.31,5,5.29,5.26,4.86,6.85,5.21,5.45,4.92,4.98,5.01,5.88
C1orf159,6.03,5.73,6.07,5.92,6.24,6.17,5.89,5.96,6.02,5.79,5.97,5.94,5.91,6.07,6.24,6.3,5.75,6.13,5.91,5.81,5.71,5.95,5.87,6.04,6.21,5.89,5.88,6.11,5.96,6,7.63,5.9,6.05,6.01,6.08,6.17,6.29,6.28,6.36,6.29,6.27,6.18,6.29,6.38,6.06,6.15,6.01,5.89,6.06,6.51
C1orf159,7.32,7.3,7.61,7.57,7.92,7.81,7.75,7.67,7.18,7.25,7.39,7.19,6.95,7.24,7.49,7.69,7.54,7.44,7.38,7.32,7.34,7.23,7.49,7.5,7.4,7.55,7.58,7.56,7.57,8.35,7.25,7.22,7.17,7.15,7.32,7.72,7.55,7.53,7.39,7.92,7.48,7.87,7.63,7.35,7.31,7.36,7.46,7.55,7.73,7.84
C1orf161,5.35,5.9,5.04,5.15,5.11,4.97,5.3,4.77,5.28,5.19,5.42,5.38,5.38,5.67,5.06,5.55,5.14,5.15,5.12,5.61,5.62,5.18,5.38,4.6,5.09,4.93,5.23,5.32,5.65,5.87,4.98,5.67,5.4,5.22,5.46,5.07,4.98,4.73,5.17,4.94,5.36,5.21,5.3,6.08,4.88,5.24,5.1,5.05,4.99,5.57
C1orf161,3.76,3.68,3.58,3.58,3.97,3.97,4.08,3.38,3.86,3.7,4.19,3.89,3.75,3.69,3.74,3.62,3.6,3.83,3.56,3.46,3.84,3.66,3.75,3.67,3.44,3.67,3.51,3.69,3.79,4.04,5.56,4.44,3.71,3.76,3.66,3.49,3.85,3.4,5.18,3.53,3.57,3.7,3.98,4.28,3.75,3.77,3.84,3.59,3.77,4.38
C1orf162,4.82,4.92,4.54,4.96,5.03,4.83,4.57,4.67,4.87,4.83,4.86,4.64,5.28,3.98,4.8,4.82,4.66,4.66,4.62,4.35,4.99,4.96,4.98,4.75,4.72,4.25,4.87,4.82,4.89,4.5,6.14,5.1,5.04,4.99,4.61,4.69,4.88,4.79,4.24,4.8,4.86,4.51,4.78,4.38,4.57,4.79,4.67,5.08,4.98,4.11
C1orf163,8.61,8.4,8.5,8.43,8.39,8.47,9.03,8.27,8.51,8.45,8.17,8.23,7.95,7.49,8.52,8.55,8.56,8.78,8.6,8.56,8.36,8.01,7.84,8.48,8.29,8.35,8.68,8.57,8.25,8.04,6.06,6.82,8.42,8.22,8.4,8.36,8.34,8.3,7.86,8.12,8.55,8.18,8.23,6.76,9.02,8.58,8.49,8.46,7.95,7.83
C1orf168,4.42,4.36,4.42,4.58,4.89,4.68,4.37,4.46,4.22,4.63,4.56,4.54,4.54,5.02,4.38,4.37,4.43,4.48,4.45,5.19,4.72,4.47,4.56,4.63,4.52,4.51,4.4,4.87,4.06,4.5,5.37,4.76,4.25,4.45,4.51,4.47,4.55,4.38,4.57,4.41,4.58,4.41,4.75,6.24,4.24,4.27,4.25,4.58,4.54,4.67
C1orf168,3.36,3.49,3.23,3.35,3.51,3.4,4.07,3.3,3.56,3.36,3.43,3.49,3.41,3.56,3.26,3.31,3.26,3.24,3.36,3.2,3.3,3.36,3.45,3.19,3.39,4.09,3.28,3.39,3.46,4.16,4.41,4.29,3.24,3.6,3.2,3.22,3.51,3.18,3.57,3.47,3.53,3.38,3.32,3.43,3.21,3.29,3.31,3.21,3.19,3.98
C1orf168,3.82,4.18,3.8,3.9,4.6,3.67,3.79,3.58,4.28,3.9,4.05,3.9,4.21,4.47,3.76,3.55,3.62,3.85,3.68,3.67,3.66,3.85,4.15,3.8,3.52,3.83,3.61,3.93,3.93,4,3.93,4.02,3.93,3.82,3.82,3.7,3.78,3.59,4.32,3.85,3.6,4.05,4.24,5.23,3.71,4.28,3.68,3.85,3.69,4.35
C1orf170,3.75,3.8,4.01,3.86,3.97,3.92,4.41,3.6,3.93,4,3.9,3.92,3.61,4.21,3.91,4.2,4.29,4.08,4.07,4.31,3.98,3.92,4.1,4.09,3.99,4.13,3.99,3.91,3.95,4.49,4.33,4.85,4.23,3.95,3.76,3.8,4.26,4.27,4.26,3.98,3.97,3.79,4.2,4.86,3.87,3.94,4.46,4.01,3.86,5.07
C1orf172,4.1,4.2,3.94,4.06,4.42,4.1,4.69,4.51,4.06,4.05,4.18,4.15,4.4,4.57,4.27,4.12,4.18,3.97,4.05,3.96,4.24,4.2,4.06,4.22,4.15,3.91,4.43,4.4,4.22,5.56,4.37,5.58,4.22,4.17,4.13,3.97,4.72,4.33,4.3,4.61,4.19,4.14,4,4.91,4.43,4.41,4.17,4.07,4.31,5.39
C1orf173,3.79,3.96,3.81,4.13,4.02,3.73,4.02,3.77,3.97,3.73,4.12,4.22,4.15,4.94,3.96,3.88,3.8,3.96,3.85,3.79,3.9,3.94,3.92,4,3.78,3.92,4,4.34,4.09,5.08,5.19,4.29,3.9,3.81,3.96,3.82,3.69,3.79,3.6,3.75,3.77,4.28,4.05,5.36,3.82,3.77,3.72,3.92,3.81,6.21
C1orf174,8.16,7.4,8.02,7.94,7.26,7.66,6.65,7.8,8.06,7.96,7.2,7.71,7.72,5.34,7.81,7.65,7.98,7.96,7.96,8.01,7.4,7.29,7.12,7.75,7.66,7.77,7.84,7.87,7.35,4.55,4.35,3.84,7.96,7.79,7.64,7.77,7.9,7.98,6.39,8.02,8.04,7.51,7.14,5.26,7.93,7.76,7.4,7.95,7.77,6.49
C1orf174,11.1,11.17,11.08,11.07,11.14,11.12,10.76,11.04,11.16,11.15,11.18,11.11,11.09,11.04,11.11,10.88,11.15,11.09,11.07,11.09,10.96,10.91,10.89,10.98,10.89,10.83,11.16,11.17,11.05,10.84,11.86,10.85,10.91,10.96,10.82,11.01,11.01,11.01,11.07,11.37,11.19,10.97,11.17,11.46,11.09,11.03,10.9,11.15,11.11,10.99
C1orf175,4.31,4.16,3.64,3.83,3.71,3.95,3.94,3.47,3.99,3.75,4.03,4.34,4.14,4.53,3.9,3.81,3.7,3.63,3.87,3.73,4.15,3.94,4.2,3.49,3.48,3.78,3.72,3.96,3.96,3.4,4.07,6.11,4.24,4.03,3.67,3.67,3.86,3.57,4.13,3.63,3.54,3.5,3.79,3.83,4.11,3.78,3.64,3.81,4.03,4.73
C1orf175 /// TTC4,3.88,3.92,3.96,3.99,4.5,3.7,4.64,4.72,4.21,3.88,4.35,4.05,4,4.01,3.96,3.84,4,4.16,4.15,4.1,4.06,4.16,4.14,4.37,3.74,4.01,4.2,3.92,4.08,4.33,4.13,4.79,3.88,3.82,4.15,4.22,4.26,4.02,4.37,4.32,4.01,4.35,4.6,4.7,4.67,4.81,4.42,3.98,4.1,4.07
C1orf175 /// TTC4,4.27,4.1,4.34,4.29,4.17,4.43,4.96,4.74,4.19,3.94,4.1,4.18,4.03,4.66,4.35,3.8,4.27,4.05,4.08,4.29,4.46,4.27,4.02,4.3,4.24,3.94,4.34,4.12,4.17,4.69,4.4,5.28,4.38,4.41,4.16,4.47,4.74,4.08,5.41,4.43,4.57,4.14,4.71,4.88,4.23,4.74,4.08,4.2,4.2,5.79
C1orf177,5.64,5.33,5.37,5.16,5.84,5.32,5.29,5.32,5.31,5.42,5.24,5.53,5.36,6.11,5.22,5.29,5.39,5.17,4.96,5.01,5.67,5.46,5.51,5.13,5.23,5.18,5.87,5.55,5.35,5.01,4.74,7.02,5.56,5.75,5.74,5.39,5.43,5.26,5.65,5.32,5.28,5.84,5.34,5.91,5.46,5.34,5.48,5.47,5.23,6.61
C1orf182,4.77,4.88,5.35,5.14,5.67,5.53,4.99,4.63,5.01,5.43,4.97,4.84,5.08,4.86,4.48,4.65,4.87,5.42,5.43,5.36,4.82,4.88,4.82,4.83,4.41,4.86,5.04,5.03,5.03,5.63,5.28,5.64,4.67,5.02,4.72,4.78,5.02,5.03,5.04,5.28,5.47,5.23,4.93,4.98,5.41,5.7,4.78,5.08,5.26,5.28
C1orf183,6.9,6.61,6.74,6.58,7.11,7.38,7.48,7.17,6.64,6.51,6.95,6.37,6.39,5.98,8.71,8.35,8.59,7.06,7.04,7.11,7.84,7.59,7.91,8.78,8.25,8.42,6.88,6.54,6.98,4.9,5.07,7.38,8.66,8.15,8.32,8.79,8.53,7.6,6.52,7.02,6.97,6.76,7.17,5.6,6.96,6.32,6.89,6.61,6.54,5.4
C1orf183,7.43,7.09,7.44,7.19,7.35,7.6,7.76,7.44,7.35,7.22,7.28,7.16,7.3,7.04,9.15,9.11,8.88,7.65,7.53,7.66,7.74,8.13,8.04,9.03,8.81,8.81,7.53,7.41,7.15,6.66,7.44,6.73,9.74,9.72,9.65,9.3,9.1,9.02,7.23,7.59,7.45,7.49,7.15,7.03,7.42,7.16,7.56,7.68,7.28,7.56
C1orf183,6.36,6.2,6.84,6.53,7.59,6.59,7.68,6.81,6.45,6.31,6.81,6.86,6.42,7.75,8.48,8.56,8.22,6.82,7,6.71,7.48,7.49,7.82,8.24,8.4,7.94,6.78,6.48,6.83,7.08,5.19,6.82,8.02,8.04,8.15,8.65,8.5,8.49,6.4,6.81,6.99,6.6,6.67,6.8,6.54,6.62,6.25,7.1,7.36,7.84
C1orf185,3.68,3.46,3.4,3.72,3.61,3.63,3.73,3.53,3.65,3.45,3.72,3.52,3.45,4.66,3.74,3.47,3.53,3.59,3.36,3.4,3.42,3.78,3.61,3.65,3.63,3.28,3.54,3.63,3.79,4.08,5.43,5.44,3.61,3.53,3.6,3.57,3.37,3.44,4.68,3.27,3.38,3.68,3.63,5.33,3.53,4.27,3.41,3.59,3.52,4.44
C1orf186,4.27,4.13,4.05,4.06,3.76,4.64,4.48,3.57,3.98,3.9,4.24,4.15,3.99,4.09,3.87,4.02,3.94,3.83,3.85,3.69,4.24,4.18,4,3.84,3.85,3.85,4.15,4.02,4.2,4.14,4.49,4.48,4.1,3.91,3.96,3.82,3.88,3.71,4.1,3.71,3.85,4.07,3.98,3.97,3.95,3.9,3.72,3.82,3.85,3.94
C1orf186,3.67,3.8,3.76,3.7,4.28,3.85,4.09,3.73,3.77,3.68,3.93,3.93,3.77,5.47,4.07,3.87,3.67,3.62,3.7,3.81,3.94,3.82,3.85,3.71,3.67,3.48,3.7,3.91,3.76,4.66,3.97,4.73,3.68,3.89,3.9,3.7,4.01,3.68,4.04,3.68,3.73,3.9,3.86,3.64,3.58,3.54,3.73,3.72,3.84,4.34
C1orf187,3.66,3.82,3.49,3.85,3.72,3.97,3.58,3.68,3.6,3.77,3.82,3.72,3.58,3.86,3.79,4.03,3.61,4.01,3.86,3.78,3.61,3.57,3.59,3.9,3.6,4,4.06,3.62,3.71,3.77,5.22,4,3.84,3.61,4.1,3.78,3.86,3.75,5.46,3.67,3.61,3.7,3.62,4.19,3.69,3.69,3.74,3.67,3.71,4.44
C1orf187,4.66,4.9,4.52,4.84,4.62,4.81,4.94,4.8,4.73,4.61,5.07,4.77,4.95,4.85,4.49,4.92,4.7,4.59,4.91,4.56,5.12,4.96,4.86,4.87,4.72,4.96,4.76,4.71,4.94,5.35,5.67,5.93,4.86,4.61,5,4.68,5.04,4.63,5.2,5.01,4.64,4.7,5.34,4.64,5.07,4.77,4.47,4.61,4.7,4.75
C1orf189,3.89,3.87,4.44,3.91,4.16,4.17,4.16,4.08,3.86,3.72,3.79,3.77,3.74,4.16,3.97,3.86,3.86,3.77,3.7,3.91,3.89,3.75,3.72,3.91,4.06,3.74,4.22,3.97,4.07,5.24,5.57,4.42,3.86,3.78,3.99,3.86,4.1,3.85,4.1,3.99,3.76,4.07,3.91,5.24,4.05,4.2,3.99,3.84,4.21,4.31
C1orf190,4.78,4.4,4.75,4.71,5.16,4.63,4.79,4.88,4.67,4.54,4.52,4.55,4.63,5.23,4.6,4.49,4.45,4.7,4.92,4.65,4.95,4.48,4.75,4.57,4.6,4.28,5.02,4.75,4.47,5.95,6.07,5.31,4.61,4.59,4.45,4.34,4.28,4.75,4.91,4.6,4.44,4.8,4.67,5.51,5.27,4.71,4.92,4.53,4.65,6.04
C1orf190,4.04,4.31,4.18,4.34,4.47,4.22,4.38,4.01,4.31,4.13,4.57,4.28,4.61,5.34,4.25,4.16,4.14,4.47,4.35,4.17,4.05,4.71,4.54,4.21,4.26,3.97,4.27,4.51,4.33,4.1,6.52,4.6,4.22,4.11,4.14,4.25,4.4,3.98,5.18,4.01,3.98,4.33,4.55,4.15,3.98,4.14,3.98,4.14,4.41,5.39
C1orf192,3.64,3.41,3.37,3.41,4.22,3.37,3.88,3.69,3.37,3.4,3.45,3.62,3.44,3.99,3.37,3.37,3.63,3.31,3.55,3.66,3.61,3.48,3.43,3.7,3.7,3.34,3.74,3.6,3.45,4.39,4.4,3.68,3.46,3.48,3.58,3.38,3.64,3.31,3.6,3.4,3.37,3.56,3.6,4.01,3.47,3.4,3.66,3.41,3.35,4.16
C1orf194,4.06,4.1,4.14,3.85,4.37,3.72,5.13,3.94,3.89,4.14,3.94,3.97,4.05,4.66,3.77,4.27,4.08,4.06,3.99,3.74,4.23,4,3.82,3.97,3.99,4.36,3.9,3.99,4.09,4.05,4.38,5.13,4.12,4.26,4.09,4.07,4.15,3.81,4.32,3.78,3.96,3.94,4,5.32,4.13,4.01,4.32,3.74,3.86,6.23
C1orf198,7.54,7.7,7.64,7.75,7.51,7.68,7.37,7.66,7.8,7.72,7.81,7.61,7.6,6.2,7.79,7.44,7.6,7.78,8.01,7.88,7.36,7.43,7.53,7.48,7.3,7.67,7.79,7.42,7.78,7.91,7.49,7.44,7.29,7.61,7.45,7.75,7.58,7.79,6.92,7.76,7.89,8.02,8.17,7.49,7.81,7.56,7.53,7.93,8.09,7.15
C1orf198,6.78,6.47,6.98,6.75,7.28,6.85,6.51,7.06,6.69,6.54,6.61,6.6,6.62,6.56,6.64,6.88,6.63,6.89,7.02,6.98,6.48,6.67,6.66,6.93,6.49,6.63,6.64,6.79,6.59,6.86,6.33,5.86,7.03,6.96,7.19,6.73,6.5,6.94,6.74,6.75,6.73,6.87,6.65,6.56,7.27,6.72,6.69,6.67,6.73,5.51
C1orf198,8.72,8.78,9.01,8.96,8.98,8.94,8.55,9.07,8.78,9.11,9.08,8.85,8.48,9.1,8.86,8.91,8.81,9.13,9.13,9.03,8.68,8.82,8.57,8.67,8.83,8.71,8.84,9.17,8.77,7.56,8.81,9.18,8.59,8.9,9.01,8.9,8.83,8.91,8.86,8.87,8.77,9.45,9.24,9.45,9,8.86,9.2,8.83,8.97,9.79
C1orf201,4.95,4.99,5.06,4.98,4.88,4.9,4.39,5.28,4.86,4.67,4.9,5.06,4.81,5.55,4.75,4.96,4.96,5.08,5.15,5.35,5,4.68,4.91,5.1,4.64,4.79,5.19,5.13,5.05,4.25,5.96,4.94,4.83,4.59,4.5,4.73,5,4.95,4.53,5.46,5.44,5.45,5.19,5.58,5.07,4.81,5.7,5.2,5.54,4.73
C1orf201,4.45,4.26,4.49,4.51,5.47,4.52,6.07,5.01,4.65,4.48,4.4,4.21,4.2,5.87,4.52,4.36,4.62,4.53,4.85,4.58,4.3,4.7,4.43,4.93,5.08,4.78,4.65,4.62,4.83,4.99,4.88,4.32,4.3,4.7,4.44,4.54,5.16,4.37,5.14,4.9,4.94,4.97,4.33,4.41,5.32,4.54,5.12,4.59,4.52,4.68
C1orf204,4.52,4.27,4.4,4.68,4.45,4.36,5.49,4.72,4.38,4.51,4.49,4.55,4.64,4.69,4.29,4.37,4.12,4.62,4.63,4.53,4.01,4.5,4.31,4.88,4.33,4.58,4.33,4.46,4.21,4.24,4.4,3.98,4.34,4.32,4.57,4.28,4.23,4.23,4.51,4.27,4.23,4.71,5,4.67,4.08,4.14,4.24,4.59,4.64,4.1
C1orf21,5.03,5.24,5.3,5.23,5.03,4.85,5.57,5.36,5.28,5.22,5.56,4.97,4.99,5.27,5.27,4.99,4.74,4.9,5.17,5.15,4.46,5.18,4.94,4.99,5.16,4.92,4.92,5.08,5.26,4.75,5.12,5.99,5.33,5.34,5.06,5.36,4.82,5.35,4.93,5.34,5.15,5.03,5.1,5.73,5.35,5.17,5.61,5.29,5.26,4.98
C1orf21,4.06,4.06,3.78,3.96,4.02,4.08,3.87,3.69,4.02,4.04,4.41,3.94,3.89,4.85,3.67,4.04,4.1,3.8,3.91,3.77,4.02,4.05,3.8,3.69,3.8,4.06,3.75,4.09,4.43,3.89,3.59,4.32,3.94,3.97,4.01,3.89,4.08,3.95,4.09,3.9,3.92,3.9,3.99,4.34,3.86,3.67,3.93,3.75,3.95,5.97
C1orf21,7.88,7.75,7.98,7.94,8.04,8.03,7.77,8.06,7.95,8.12,8.18,7.84,7.64,7.44,8.01,7.92,7.88,7.67,7.94,7.79,7.37,7.5,7.63,7.88,7.83,7.79,8.06,8.08,7.93,7.73,6.68,6.73,8.52,8.48,8.6,8.02,7.87,8.01,7.51,8.03,8.2,7.95,7.82,7.04,8.29,8.21,8.43,7.82,7.98,7.65
C1orf210,3.9,3.76,3.73,3.65,4.17,4.37,4.24,3.84,3.79,3.74,3.72,3.77,3.75,4.19,3.79,3.76,3.6,3.87,3.67,3.68,3.8,3.79,3.8,3.6,4.04,3.69,3.71,3.82,3.69,4.47,6.63,4.27,3.7,3.79,3.57,3.85,3.92,3.82,4.15,3.87,3.79,3.53,4.04,3.93,3.88,3.73,3.9,3.87,3.56,4.97
C1orf211,4.33,4.48,4.55,4.43,4.61,4.73,4.39,4.56,4.49,4.36,4.64,4.39,4.32,4.57,4.17,4.67,4.34,4.75,4.55,4.29,4.05,4.29,4.53,4.56,4.28,4.6,4.8,4.53,4.82,4.89,5.1,5.7,4.47,4.24,4.58,4.29,4.62,4.64,4.83,4.5,4.9,4.41,4.95,5.5,4.86,5.38,4.41,4.71,4.75,4.83
C1orf212,8.03,8.21,8.13,8.16,8.35,8.16,7.43,7.93,8.33,8.15,8.42,8.15,8.06,8.45,8.11,7.9,8.04,7.97,7.93,7.93,8.31,8.12,8.3,8.17,8.31,8.14,8.11,8.2,8.21,7.8,7.92,8.07,7.79,7.81,7.88,8.23,7.97,7.94,7.6,8.05,8.28,8.06,8.22,8.34,8.24,8.09,8.26,8.25,8.19,8.17
C1orf212,10.48,10.41,10.61,10.55,10.77,10.7,10.61,10.72,10.61,10.57,10.56,10.62,10.63,8.25,10.33,10.29,10.39,10.54,10.55,10.51,10.62,10.64,10.53,10.53,10.46,10.46,10.61,10.67,10.62,10.43,7.95,8.57,10.25,10.32,10.34,10.39,10.43,10.48,10.63,10.68,10.54,10.56,10.62,8.52,10.72,10.73,10.65,10.61,10.62,8.63
C1orf213,6.34,6.49,6.41,6.62,6.73,6.58,6.31,6.67,6.59,6.46,6.7,6.53,6.35,5.37,6.14,6.2,6.02,6.43,6.47,6.47,6.4,6.42,6.58,5.87,6.13,5.95,6.35,6.29,6.48,6.13,5.59,5.72,6,5.78,6.05,6.22,6.31,6.35,5.56,6.38,6.35,6.48,6.46,5.64,6.36,6.72,6.75,6.46,6.47,6.57
C1orf213,4.64,4.54,4.92,4.76,5.47,5.01,4.8,5,4.86,4.77,4.76,4.81,4.86,5.96,4.74,4.69,4.78,4.62,5.03,5.04,4.67,4.93,4.82,5.08,4.81,4.86,4.88,5.03,4.86,4.74,6.89,5.13,4.73,4.8,5.15,5.47,5.19,5.12,5.21,4.72,4.99,5.24,5.13,5.54,5.27,4.78,5.4,5.1,5.21,5.66
C1orf216,8.98,8.78,9.15,9.03,9.24,9.06,8.65,9.12,9,9.07,9.11,8.82,8.77,6.84,8.87,8.61,8.81,9.09,9.04,8.94,8.75,8.78,8.95,8.76,8.78,8.72,8.98,9.07,9.01,8.11,7.73,7.23,8.4,8.7,8.57,8.82,8.69,8.84,8.55,8.97,9.05,9.17,9.06,8.33,8.81,8.9,8.9,9.07,9.08,7.36
C1orf216,5.49,4.89,5.26,5.28,4.64,5.36,5.45,4.89,5.28,5.4,4.95,5.39,5.16,5.61,5.06,4.92,4.93,5.05,5.14,5.54,5.11,5.08,4.97,4.94,4.87,4.95,5.5,5.27,4.68,5.43,6.72,5.99,4.87,4.99,4.94,5.02,4.81,5.25,4.65,5.36,5.3,4.76,4.93,5.06,4.89,5.1,5.26,5.45,5.21,5.18
C1orf217,4.79,4.81,4.67,5.13,4.86,5.43,5.35,4.95,4.9,4.94,5.18,4.67,4.73,4.63,4.62,4.29,4.71,4.6,4.65,4.63,4.76,4.77,4.81,4.86,4.87,4.56,4.62,4.65,4.67,4.8,4.76,5.49,4.48,4.42,4.6,4.4,4.73,4.87,5,4.4,4.97,4.91,4.69,4.91,4.32,5.35,4.32,4.76,4.71,5.67
C1orf220,3.75,4.08,3.89,3.86,3.8,3.98,4.14,4.14,3.88,3.85,4.21,4.27,3.92,4.06,3.88,4.04,3.67,3.8,3.79,3.97,4.18,4.13,3.95,3.72,3.89,3.87,3.82,4.05,3.85,4.53,5,4.07,4.06,3.89,3.88,4.1,3.97,3.9,3.86,3.76,3.94,3.78,3.97,4.65,3.9,3.84,3.78,3.83,3.66,4.67
C1orf222,4.34,4.39,4.57,4.52,4.87,4.74,5.04,4.77,4.3,4.88,4.61,4.45,4.49,5.71,4.23,4.26,4.8,4.29,4.52,4.44,4.68,4.96,4.19,4.36,4.67,4.39,4.58,4.28,4.96,4.47,5.8,4.48,4.2,4.57,4.4,4.59,5.26,4.39,5.84,4.49,4.31,4.39,4.32,4.73,4.08,4.03,4.77,4.37,4.2,4.57
C1orf223,5.11,5.34,5.08,5.12,5.35,5.14,5.81,4.91,5.09,5.2,4.94,5.1,5.32,6.57,5.14,5.22,4.95,5.12,4.95,4.74,5.14,5.1,5.15,5.17,5.15,4.93,5.4,5.05,5.8,5.3,7.04,6.59,5.45,4.88,4.97,4.88,5.48,4.9,4.93,4.86,5.16,5.21,5.14,7.05,4.83,5.21,4.77,4.69,5.18,5.93
C1orf226,3.77,3.52,3.85,3.95,3.94,4.16,4.15,3.65,3.72,3.5,3.61,3.52,3.6,4.29,3.73,3.54,3.81,3.91,3.52,3.99,3.84,3.66,3.63,3.97,3.86,3.6,3.75,3.72,3.89,4.72,6.37,3.67,3.74,3.71,3.73,3.75,4.35,3.64,5.68,3.75,3.87,4.2,4.25,4.21,4.43,4.71,3.89,4,3.65,4.52
C1orf226,5.03,4.91,4.85,4.85,4.78,4.69,5.01,4.79,4.86,4.73,4.97,5.06,4.72,5.25,5.13,5.08,5.07,4.71,4.96,4.79,5.2,5.17,5.3,4.89,5.36,4.9,4.62,5.08,4.97,4.99,4.65,6,5.24,5.06,5.17,4.74,5.42,4.7,4.47,5.14,4.78,4.98,4.98,6.36,5.13,5.21,5.11,5.06,4.95,5.62
C1orf227,5.04,5.3,4.27,4.56,3.94,4.51,4.8,4.41,4.46,4.59,4.55,4.74,4.95,4.4,4.79,4.53,4.25,4.45,4.61,4.55,4.9,4.67,4.43,4.26,4.66,4.23,4.63,4.33,4.65,5.12,4.61,5.23,4.69,4.7,4.73,4.54,4.49,4.49,4.56,3.91,4.49,4.76,4.62,4.68,4.2,4.21,4.16,4.41,4.37,4.17
C1orf228,4.35,3.93,4.63,4.63,4.68,5.23,4.63,4.87,4.56,4.63,4.98,4.45,4.53,4.8,4.39,4.85,4.55,4.67,4.4,5.09,4.62,4.74,4.54,4.68,4.35,4.82,4.68,4.63,4.46,6.26,5.49,6.86,4.68,4.29,4.73,4.94,4.6,4.73,4.75,4.81,5.08,5.03,5.57,4.79,4.34,5.19,4.53,4.6,4.86,5.3
C1orf229,4.02,4.36,4.21,3.99,4.3,4.4,4.62,3.82,4.06,4.23,4.57,4.04,4.01,6.19,4.12,4.27,4.03,4.31,3.84,4.16,4.39,4.25,4.2,3.99,4.21,3.81,4.23,3.83,4.55,4.36,5.49,4.65,4.21,4.08,4.15,4.11,4.59,4.05,5.22,4.16,3.78,4.31,4.01,5.26,4.03,4.5,4.25,3.97,3.91,6.17
C1orf230,3.77,3.87,3.73,3.92,3.88,3.71,4,3.58,3.79,3.88,4.15,3.91,3.74,4.62,3.86,4.14,3.91,4.1,3.65,3.71,3.81,3.83,3.69,3.9,3.86,3.93,4.02,4.1,4.02,4.66,4.77,4.99,3.97,3.83,3.85,3.83,3.83,3.83,3.57,3.86,3.81,4.09,4.33,4.07,4.09,3.8,4.19,3.7,3.92,4.8
C1orf25,4.75,4.9,4.76,4.76,4.55,4.59,4.39,4.52,4.81,4.98,4.74,4.94,5,5.2,4.88,4.64,4.89,4.66,4.94,4.9,4.93,5.07,5.03,4.68,4.77,4.84,4.73,4.74,4.54,5.37,7.98,4.88,4.53,4.64,4.78,4.52,4.77,4.59,4.99,4.59,4.88,4.48,4.68,5.97,4.66,4.78,4.56,4.81,4.62,6.11
C1orf25,6.42,6.51,6.22,6.35,6.01,6.12,6.07,6.42,6.51,6.45,6.68,6.58,6.58,6.1,6.66,6.27,6.45,6.74,6.81,6.61,6.77,6.56,6.87,6.49,6.35,6.44,6.28,6.34,6.16,5.5,5.09,5.51,6.35,6.14,6.1,6.54,6.74,6.6,6.55,6.12,6.02,6.19,6.59,6.51,5.99,6.37,6.52,6.21,6.41,5.87
C1orf25,7.53,7.54,7.53,7.6,7.45,7.27,7.2,7.11,7.46,7.84,7.59,7.84,7.57,7.18,7.66,7.58,7.55,7.68,7.72,7.69,7.79,7.91,7.86,7.64,7.64,7.35,7.39,7.67,7.25,5.79,5.67,7.57,7.64,7.46,7.32,7.47,7.16,7.47,7.38,7.14,7.26,7.23,7.01,6.25,7.8,7.38,7.45,7.43,7.53,7.1
C1orf25,8.15,8.36,8.24,8.2,8.12,8.46,7.95,7.84,8.38,8.3,8.41,8.39,8.08,7.79,8.35,8.12,8.51,8.38,8.39,8.47,8.44,8.43,8.71,8.37,8.31,8.45,8.21,8.18,8.44,6.89,7.33,8.71,7.98,8.24,8.35,8.12,8.29,8.49,7.52,7.98,8.26,8.31,8.17,7.68,8.38,8.11,8.37,8.16,8.33,7.78
C1orf26,5.47,5.04,5.04,5.14,4.9,5.22,5.47,5.33,5.18,5.49,5.18,5.38,5.16,5.31,5.67,5.49,5.55,5.42,5.51,5.53,5.71,5.99,5.76,6.07,5.24,5.89,5.51,5.35,4.81,5.2,5.42,4.33,5.05,4.9,4.91,5.48,4.8,5.55,4.38,5.76,5.81,5.44,5.29,4.25,5.59,5.65,5.51,5.41,5.45,4.39
C1orf26,5.05,5.04,5.04,4.84,5.94,5,4.76,5.46,5.03,4.89,4.96,5.16,4.92,5.1,5.17,4.6,5.01,4.89,5.08,5.06,5.14,4.96,5.38,5.24,5.06,4.95,4.99,4.7,4.87,4.81,6.63,5.72,4.2,4.54,4.73,5.09,5.03,5.27,6.38,5.57,5.4,5.25,5.09,5.14,5.12,5.32,5.07,5.23,5.31,5.5
C1orf27,9.08,8.98,8.92,8.92,8.8,9.13,7.95,8.98,8.92,9.09,8.93,8.97,8.77,7.92,9.3,9.31,9.16,8.95,9.05,9.22,8.86,9.15,9.02,9.16,9.13,9.16,9.05,8.92,8.93,8.53,7.3,8.31,9.29,9.37,9.53,9.27,9.02,9.16,8.57,8.93,8.91,8.75,8.46,7.81,9.23,8.97,9.25,8.98,8.85,8.69
C1orf27,6.96,7.43,7.01,7.19,7.03,6.85,7.12,6.83,6.84,7.03,7.24,7.06,6.99,7.08,7.04,7.16,7.28,7.11,7.21,7.12,7.05,6.85,7.37,6.94,7.01,7.06,7.15,6.88,7.04,7.43,7.41,7.38,7.1,7.17,6.89,6.93,7.14,6.91,7.08,6.92,6.95,6.74,7.15,7.07,7.33,6.94,7,6.98,7.29,6.58
C1orf27,6.81,7.2,7.04,6.77,6.96,7.35,7.52,6.86,7.13,7.21,7.28,6.74,6.92,7.24,7.51,7.68,7.4,7.09,7.14,7.25,7.24,7.12,7.13,7.36,7.26,7.31,7.23,7.06,7.18,5.8,8.19,7.01,7.14,6.87,7.11,7.54,7.3,6.79,7.38,7.22,7.3,7.24,7.32,7.54,7.18,7.76,7.45,6.75,6.87,7.39
C1orf31,9.44,9.76,9.39,9.33,9.2,9.38,9.19,9.08,9.75,9.5,9.7,9.47,9.74,8.52,9.5,9.44,9.52,9.48,9.53,9.47,9.51,9.2,9.61,9.18,9.32,9.38,9.49,9.36,9.53,8.92,6.62,7.92,9.24,9.26,8.99,9.4,9.26,9.4,9.1,9.39,9.39,8.86,9.03,7.95,9.36,9.16,9.13,9.42,9.64,7.32
C1orf31,8.91,9,8.91,8.86,8.68,8.84,8.73,8.95,9,8.96,8.75,8.88,9.03,7.2,8.92,8.96,8.86,9,9.08,8.96,8.98,8.89,8.74,8.73,8.87,8.94,8.96,8.91,8.9,8.52,6.03,7.26,8.75,8.8,8.73,8.81,8.81,8.91,8.66,9.09,8.95,8.78,8.61,6.92,8.83,8.68,8.74,8.94,8.95,7.94
C1orf35,9.12,9.12,9.23,9.15,9.39,9.49,9.15,9.21,9.14,9.07,9.14,8.97,9.06,7.92,9.26,9.15,9.2,9.48,9.46,9.33,9.16,9.04,9.08,9.14,9.11,9.2,9.28,9.07,9.38,9.01,4.91,8.05,9.6,9.6,9.65,9.37,9.4,9.29,8.75,9.18,9.32,9.24,9.36,8.69,9.31,9.32,9.25,9.16,9.27,7.51
C1orf35,8.6,8.29,8.74,8.38,8.27,8.76,9.39,8.79,8.63,8.54,7.98,8.04,8.13,7,8.51,8.84,8.71,8.86,8.87,8.9,8.62,8.25,8.08,8.42,8.51,8.61,8.71,8.36,8.48,8.55,6.75,7.24,9.27,8.89,8.96,8.51,8.78,8.53,8.63,8.75,8.72,8.43,8.57,7.38,8.83,9.02,8.62,8.51,8.27,7.62
C1orf38,9.67,9.64,9.52,9.48,9.62,9.58,9.31,9.4,9.55,9.46,9.52,9.76,9.94,8.88,9.82,9.85,9.71,9.24,9.28,9.29,10.46,10.3,10.68,10.15,10.26,10.23,9.53,9.58,9.63,9.44,8.64,10.07,10.29,10.35,10.28,10.07,10.17,10.14,9.46,9.6,9.51,10.14,10.11,8.94,9.55,9.47,9.49,9.38,9.62,6.98
C1orf38,5.49,5.31,5.72,5.3,5.05,5.77,5.01,5.77,5.51,5.34,5.53,5.53,5.35,6.02,5.6,5.98,5.59,5.72,5.4,5.81,5.46,5.58,5.37,6.18,5.59,5.95,5.29,5.49,5.43,5.29,5.31,4.86,5.3,5.64,5.78,5.8,5.84,6.19,5.12,6.14,5.56,5.82,5.79,5.53,5.8,5.15,5.81,5.48,5.57,7.05
C1orf38,6.95,6.65,6.86,6.63,6.64,6.62,6.5,6.92,6.71,6.72,6.41,6.8,7.02,5.83,7.04,6.92,7.03,6.54,6.59,6.75,7.61,7.56,7.39,7.37,7.17,7.74,6.68,6.72,6.66,6.5,4.93,4.01,7.81,7.57,7.64,7.36,6.78,7.46,6.3,6.74,6.48,7.44,7.19,5.09,6.67,6.69,7.02,6.62,6.41,5.1
C1orf38,7.48,7.23,7.32,7.19,6.97,7.39,7.08,7.44,7.48,7.39,6.7,7.43,7.59,4.29,7.49,7.51,7.67,6.97,7.22,7.1,8.29,8.16,8.19,8.05,8.09,8.37,7.14,7.09,7.16,5.76,6.33,3.69,8.05,8.25,8.15,7.89,7.81,8.08,6.55,7.28,7.12,7.8,7.86,5.14,7.19,6.87,6.74,7.09,7.21,4.17
C1orf38,6.06,6.57,6.12,6.06,6.51,6.13,5.95,6.04,5.81,6.42,6.52,6.28,6.23,9.63,6.54,6.29,6.66,6.32,6.01,5.86,7.03,6.72,6.47,6.2,6.74,6.06,6.02,6.33,6.49,4.94,6.81,9.34,6.41,6.86,6.9,6.09,6.81,6.62,5.08,6,5.58,6,7.23,9.79,5.73,5.42,5.55,5.76,5.34,9.68
C1orf38,8.31,8.11,8.24,8.24,8.13,8.04,8.7,8.42,8.21,8.19,7.59,8.42,8.45,5.4,8.5,8.52,8.33,8.02,7.92,7.96,9.33,9.06,8.87,9,8.95,9.21,8.04,8.19,8.15,8.58,6.86,5.32,9.31,9.16,9.09,8.73,8.97,8.95,7.9,8.22,8.1,8.79,8.79,6.85,8.17,8.48,8.05,7.95,7.89,5.47
C1orf38,5.33,5.5,5.44,5.3,5.27,5.55,5.44,5.38,5.33,5.24,5.73,5.26,5.38,5.87,5.49,5.31,5.17,5.02,5.4,5.27,5.4,5.92,5.81,5.58,5.59,5.15,5.57,5.43,5.59,5.1,5.56,6.32,5.43,5.53,5.25,5.17,5.7,5.09,5.92,5.02,5.11,5.61,5.43,6.04,5.42,5.35,5.32,5.32,5.26,6.84
C1orf43,12.3,12.41,12.36,12.4,12.41,12.39,12.36,12.29,12.41,12.37,12.51,12.4,12.42,12.06,12.43,12.44,12.43,12.28,12.29,12.17,12.38,12.36,12.46,12.4,12.39,12.41,12.37,12.33,12.37,12.36,10.96,12.06,12.26,12.3,12.29,12.5,12.39,12.47,12.42,12.43,12.48,12.54,12.56,12.31,12.4,12.32,12.33,12.46,12.47,11.51
C1orf43,11.32,10.87,11.12,11.16,10.5,10.73,10.48,10.85,11.28,11.31,10.58,11.24,11.28,8.59,11.23,11.16,11.24,10.89,11.04,10.99,11.08,11.08,10.89,11.22,11.19,11.23,11.11,11.17,10.75,9.67,6.54,8.07,10.89,11.06,10.94,11.15,10.85,11.2,10.23,11.11,10.98,11.14,10.8,8.12,10.92,10.74,11.05,11.17,11.04,8.03
C1orf43,10.61,10.27,10.44,10.49,9.97,10.23,10.38,10.52,10.65,10.59,9.88,10.63,10.65,8.8,10.55,10.55,10.52,10.29,10.42,10.28,10.59,10.49,10.07,10.57,10.59,10.62,10.47,10.51,10.19,9.11,7.37,9,10.35,10.39,10.25,10.42,10.22,10.63,9.48,10.41,10.37,10.48,10.14,8,10.35,10.01,10.47,10.6,10.42,8.72
C1orf43,8.31,8.35,8.62,8.42,8.78,8.55,8.49,8.95,8.33,8.37,8.71,8.57,8.56,8.23,8.2,8.38,8.29,8.23,8.28,8.32,8.36,8.23,8.58,8.26,8.33,8.31,8.48,8.36,8.45,8.26,6.73,7.26,7.72,8,7.92,8.38,8.38,8.13,7.68,8.77,8.66,8.77,8.46,7.92,8.63,8.24,8.65,8.51,8.66,7.59
C1orf49,3.75,3.73,3.61,3.56,3.48,3.64,3.49,3.81,3.8,3.86,3.67,3.7,3.52,4.84,3.63,3.8,3.74,3.98,3.76,3.71,3.76,3.47,3.76,3.56,3.84,3.74,4.01,3.93,3.72,4.84,4.23,4.29,4.02,3.7,3.59,3.56,3.76,3.94,4.02,3.84,4,3.87,3.71,4.3,3.8,4.34,3.78,3.72,3.45,6.12
C1orf49,5.15,5.09,5.44,5.5,5.25,6,5.68,5.18,5.33,5.2,5.8,5.34,5.31,5.78,5.25,5.37,5.21,5.45,5.51,4.95,5.54,5.24,5.15,5.34,5.29,5.1,5.3,5.35,5.31,5.32,5.1,6.41,5.12,5.22,5.33,5.19,5.1,5.13,5.36,5.42,5.62,5.94,5.16,6.01,5.24,4.95,4.92,5.09,5.35,6.42
C1orf50,9.81,9.83,9.79,9.76,9.68,9.76,9.43,9.87,9.72,9.87,9.62,9.91,9.92,8.93,10,9.94,9.96,9.73,9.73,9.71,10.21,10.03,9.93,9.9,10.02,9.99,9.8,9.71,9.69,9.47,8.46,8.66,10.31,10.3,10.32,10.12,10.02,10.04,9.82,9.83,9.87,10.01,9.96,8.07,9.56,9.52,9.55,9.84,9.74,8.41
C1orf51,4.06,4.23,4.42,4.31,4.88,4.87,5.41,5.05,4.2,4.18,4.47,4.16,4,5.48,4.37,4.33,4.61,4.26,4.53,4.47,4.32,4.9,4.63,4.31,4.57,4.51,4.1,4.42,4.59,4.5,5.78,5.68,4.49,4.26,4.38,4.39,4.33,4.82,5.26,4.71,4.42,4.3,4.48,6.15,4.23,4.52,4.5,4.35,4.7,5.71
C1orf52,5.41,4.83,5.46,5.49,5.2,5.15,5.36,5.92,5.45,5.6,5.19,5.57,5.38,5.59,5.28,5.46,5.39,5.59,5.68,5.62,5.21,5.28,4.99,5.27,5.26,4.97,5.61,5.5,5.02,5.3,6.53,4.24,5.07,5.16,5.09,5.44,5.13,5.18,4.02,5.59,5.09,5.45,5.31,5.11,4.72,5.38,5.36,5.52,5.36,5.88
C1orf52,10.29,10.35,10.27,10.23,10.08,10.23,9.93,10.06,10.54,10.26,10.38,10.28,10.4,9.87,10.36,10.28,10.54,9.95,10.14,10.03,10.24,10.27,10.57,10.25,10.29,10.41,10.15,10.25,10.32,9.88,9.2,9.77,10.28,10.49,10.34,10.23,10.29,10.34,10.13,10.31,10.33,10.19,10.17,10.01,10.41,10.17,10.31,10.39,10.37,10.04
C1orf52,10.29,10.53,10.37,10.38,10.13,10.25,9.28,10.06,10.5,10.36,10.58,10.43,10.41,10.57,10.53,10.38,10.57,10.29,10.3,10.31,10.39,10.44,10.63,10.34,10.54,10.47,10.34,10.39,10.37,9.9,9.18,9.95,10.53,10.55,10.43,10.48,10.39,10.4,9.92,10.42,10.4,10.23,10.31,9.99,10.51,10.23,10.45,10.45,10.48,10.01
C1orf53,7.66,8.04,8.13,7.87,8.23,7.89,7.48,8.09,7.79,7.86,8.01,7.8,7.62,7.83,7.94,7.94,7.87,7.98,7.99,7.9,7.68,7.76,7.88,7.95,7.93,7.85,7.96,7.98,7.85,7.63,6.29,8.22,7.5,7.64,7.65,8.19,7.96,8.16,7.7,7.89,8.09,8.04,7.7,7.84,7.94,7.94,8.15,7.71,7.65,7.67
C1orf54,7.03,7.06,7.32,7.01,6.82,7.46,7.39,7.09,7.16,7.24,7.38,7.18,7.02,7.05,7.71,7.77,7.81,6.91,6.99,6.95,7.84,8.01,7.87,7.96,8.03,7.88,7.04,7.31,7.3,6.42,7.88,6.96,7.85,7.7,7.96,7.91,7.73,7.81,7.71,7.71,7.82,7.94,7.94,7.66,8.4,8.35,8.53,7.58,7.18,7.46
C1orf55,9.1,9.59,9,9.14,9.17,9.02,8.86,8.92,9.4,9.2,9.51,9.42,9.33,8.81,9.6,9.36,9.67,9.26,9.21,9.41,9.2,9.19,9.54,9.42,9.49,9.48,9.08,9.05,9.09,8.17,8.1,9.25,9.74,9.84,9.87,9.45,9.42,9.44,7.83,9.32,9.15,8.99,9.14,9.3,8.96,8.88,9.16,9.26,9.25,8.88
C1orf55,5.8,5.5,5.7,6.08,5.88,5.73,5.81,6.13,5.81,5.92,5.56,6.01,5.6,5.68,6.34,5.77,5.97,5.81,6.16,6.04,6.34,5.72,5.35,5.99,6.4,5.64,5.95,5.89,5.58,5.69,6.06,5.88,6.4,6.49,6.53,6.16,5.4,6.13,5.72,5.78,5.91,5.39,5.51,4.94,5.81,4.97,5.6,6.03,6.06,6.1
C1orf56,6.91,6.76,7.34,7.03,6.71,6.85,7.1,7.29,7.04,7.14,6.75,7.09,6.99,8.09,7.39,7.42,7.45,7.63,7.41,7.51,7.49,7.26,7.04,7.4,7.4,7.48,7.34,7.09,7.28,7.37,7.45,7.15,7.53,7.44,7.69,7.41,7.62,7.38,7.09,7.08,7.2,7.09,7.04,7.62,7.2,7.24,6.68,7.18,6.93,7.62
C1orf56,5.95,5.73,5.77,5.65,5.75,5.66,5.76,5.72,5.91,5.82,5.47,5.7,5.66,6.7,6.11,6.14,6.34,6.32,6.19,6.38,5.82,6.13,5.85,6.16,5.96,6.42,6.23,5.68,5.76,6.16,5.92,5.93,6.54,6.2,6.39,6.26,6.77,6.08,6.33,6.15,5.75,6.13,5.92,5.66,5.73,5.78,5.56,5.81,5.71,5.75
C1orf56,5.09,4.92,5,4.55,4.45,4.73,4.78,4.93,5,5.34,4.7,5.18,5,6.05,5.3,5.07,4.99,4.96,4.46,5.08,5.3,4.98,4.89,5.29,5.09,5.32,4.82,5.14,4.63,4.25,4.36,4.25,4.62,4.92,5.08,5.19,4.54,5.22,4.43,4.81,4.84,4.56,4.51,5.15,4.83,4.79,4.67,5.09,4.8,5.69
C1orf56,10.29,10.32,10.32,10.45,10.15,10.14,10.23,10.07,10.44,10.28,10.23,10.45,10.51,10.59,10.49,10.43,10.57,10.13,10.12,10.01,10.83,10.65,10.58,10.54,10.57,10.59,10.31,10.22,10.2,10.03,9.87,9.97,10.48,10.6,10.41,10.32,10.26,10.41,10.23,10.11,10.17,10.22,10.46,10.72,10.6,10.38,10.22,10.52,10.19,10.59
C1orf56,4.88,4.92,4.54,4.51,4.42,4.31,4.32,3.93,4.31,4.39,4.82,4.57,4.94,6.5,4.55,4.34,4.02,4.12,4.32,4.25,4.52,5,4.78,4.42,4.44,4.3,4.48,4.59,4.5,4.29,6.12,5.32,4.46,4.34,4.13,4.18,3.81,4.25,4.18,4.05,4.75,4.24,3.83,3.71,4.05,4.92,4.61,4.19,4.29,6.12
C1orf57,8.92,8.79,9.13,9.2,9.26,9.24,8.9,9.02,9.14,9.12,9.1,9.28,9.06,8.39,9.65,9.82,9.68,9.26,9.38,9.28,9.32,9.54,9.5,9.72,9.79,9.61,9.2,9.23,8.97,9.05,8.11,8.97,9.35,9.34,9.43,9.87,9.85,9.85,9.1,9.22,9.19,8.99,8.98,8.46,9.32,9.37,9.3,9.24,9.23,8.26
C1orf57,9.19,8.95,9.34,9.22,9.34,9.3,8.94,9.53,9.19,9.36,9.07,9.48,9.36,6.65,9.93,10.05,9.85,9.59,9.54,9.49,9.67,9.72,9.6,9.9,9.98,9.89,9.3,9.42,8.97,8.24,5.22,5.86,9.52,9.7,9.6,10.14,9.93,10.05,9.13,9.47,9.32,9.11,8.82,6.12,9.25,9.42,9.46,9.45,9.43,7.07
C1orf58,5.9,4.99,5.68,5.62,5.13,4.83,4.57,5.68,5.74,5.59,5.32,5.48,5.17,4.05,6.15,5.13,6.01,6.09,5.97,6.09,5.18,5.38,5.14,5.81,5.64,6.08,5.57,5.94,5.3,4.74,4.69,3.92,5.95,5.66,5.79,5.65,5.32,5.52,4.61,5.28,5.52,4.68,4.82,3.83,5.66,5.18,5.23,5.64,5.23,3.8
C1orf59,4.94,4.96,4.62,4.72,4.6,4.95,4.71,4.42,4.92,4.6,5.04,4.99,4.96,5.71,4.76,4.57,4.52,4.78,4.81,4.69,4.83,4.77,4.94,4.59,4.53,4.49,4.71,4.72,4.87,5.19,5.23,5.19,4.74,4.78,4.58,4.62,4.61,4.68,4.5,4.92,4.43,5.2,5.07,4.99,4.47,4.67,4.56,4.57,4.69,5.85
C1orf61,4.91,4.91,4.72,4.91,4.74,4.85,4.63,4.99,4.81,4.67,5.01,5.09,4.83,5.39,5.6,4.93,5.01,5.03,4.75,4.84,5,5.16,5.17,5.06,5.39,4.95,5.17,4.96,5.08,4.81,4.76,4.78,4.88,5.12,5.17,5.1,5.01,4.98,4.8,4.69,5.2,5.25,4.95,5.58,5.05,4.78,5.16,5.09,4.65,5.72
C1orf62,3.54,3.81,3.9,3.58,3.7,3.81,4.05,3.65,3.75,3.8,3.72,3.71,3.81,4.02,3.99,3.62,3.64,3.8,3.68,3.35,3.95,3.59,3.98,3.71,3.76,3.7,3.61,3.68,3.8,4.87,4.51,5.21,3.64,3.72,3.71,3.72,4.22,3.45,4.04,3.78,3.9,3.96,3.82,4.61,4,3.98,3.56,3.74,3.9,3.7
C1orf62,3.53,3.49,3.57,3.46,3.61,3.89,3.32,3.52,3.43,3.58,3.39,3.52,3.61,4.38,3.61,3.82,3.34,3.63,3.47,3.56,3.35,3.68,3.42,3.58,3.42,3.29,3.59,3.43,3.46,3.95,6.65,4.51,3.4,3.49,3.72,3.49,3.43,3.67,3.23,3.56,3.33,3.64,3.48,3.6,3.67,3.74,4.16,3.55,3.55,5.69
C1orf62,4.9,5.18,4.94,5.21,5.44,4.74,4.81,4.96,4.81,4.92,5.27,4.91,4.96,5.56,5.64,5.19,4.8,5.13,4.94,5.03,4.69,4.97,5.11,5.29,5,4.76,4.79,5.17,5.16,5.04,5.36,6.7,5.07,4.95,5.11,4.77,5.04,5.37,5.77,4.99,5.17,5.44,5.59,4.86,4.97,4.69,5.17,5.05,4.97,7.13
C1orf63,9.37,9.41,9.25,9.31,8.78,9.28,9.41,9.47,9.55,9.42,9.01,9.5,9.59,8.97,9.23,9.24,9.24,9.25,9.28,9.5,9.36,9.39,9.45,9.4,9.38,9.62,9.23,9.22,9.19,8.64,8.62,8.22,9.18,9.16,8.88,9.15,9.16,9.14,9.11,9.27,9.25,9.47,9.43,8.57,9.06,8.69,9.06,9.26,9.55,8.04
C1orf63,11.41,11.43,11.17,11.27,10.77,11.07,11.28,11.13,11.42,11.27,11.44,11.35,11.67,10.54,11,11.09,11.09,11.09,11.1,11.22,11.48,11.44,11.53,11.12,11.29,11.42,11.13,11.12,11.34,11.36,9.77,10.29,10.97,10.99,10.59,11.01,11.05,11.15,10.77,10.99,11.04,11.58,11.4,11.09,10.97,10.85,10.94,11.24,11.47,10.41
C1orf63,10.32,10.51,10.13,10.18,10.05,10.2,9.96,10.16,10.35,10.12,10.14,10.33,10.54,9.46,9.72,10.04,9.88,9.96,10.06,10,10.32,10.39,10.69,10,10.13,10.2,10.06,10.1,10.27,10.74,9,9.36,9.73,9.84,9.57,9.86,9.89,9.97,9.73,9.86,10.15,10.51,10.31,9.99,9.9,9.91,9.92,10.11,10.43,8.3
C1orf63,10.31,9.94,9.79,9.8,9.62,9.65,9.94,10.07,10.25,10.02,9.65,10.16,10.1,8.65,10.16,10.12,10.07,9.87,9.9,10.22,10.32,10.3,10.05,10.17,10.27,10.37,9.67,9.92,9.53,8.55,7.19,8.64,9.9,9.84,9.91,9.96,9.63,9.64,8.9,9.88,10.1,9.93,9.77,8.73,9.65,9.57,10.04,9.6,9.27,8.28
C1orf63,8.22,7.68,7.72,7.79,6.74,7.44,7.77,7.94,8.18,7.92,6.7,8.06,7.9,5.75,8.08,7.92,7.96,7.8,7.86,8.17,8.01,8.11,7.63,8.1,8.13,8.31,7.6,7.43,6.88,6.6,8.43,4.55,7.78,7.81,7.69,7.75,7.61,7.53,6.37,7.73,7.86,7.39,7.68,6.85,7.42,7.64,7.51,7.45,7.32,6.15
C1orf64,4.52,4.74,4.48,4.83,4.19,5.02,5.1,4.49,4.72,4.52,4.65,4.66,4.57,4.5,4.48,4.63,4.55,4.55,4.71,4.58,4.98,4.59,4.62,4.85,4.49,4.64,4.64,4.6,4.31,4.62,5.22,4.92,4.61,4.42,4.63,4.47,5.1,4.46,5.03,4.55,4.61,5.05,5.18,5.09,4.42,4.38,4.06,4.31,4.31,5.3
C1orf65,3.44,3.87,3.74,3.42,3.59,3.4,3.87,3.75,3.51,3.66,3.56,3.5,3.78,4.76,3.6,3.83,3.77,3.7,3.51,3.54,3.62,3.6,3.6,3.74,3.35,3.24,3.79,3.6,3.81,4.31,4.56,4.69,3.67,3.92,3.44,3.73,3.26,3.46,4.49,3.8,3.85,3.35,3.42,4.3,3.42,3.55,3.38,3.54,3.46,4.31
C1orf66,7.41,7.23,7.47,7.64,7.49,7.75,7.46,7.65,7.44,7.41,7.46,7.54,7.5,7.74,7.47,7.62,7.44,7.79,7.87,7.77,7.51,7.48,7.49,7.33,7.76,7.52,7.62,7.54,7.62,7.74,8.39,8.2,7.56,7.68,7.61,7.66,7.5,7.48,8.18,7.68,7.83,7.86,7.74,8.18,7.73,7.5,7.59,7.53,7.72,8.56
C1orf66,5.57,5.39,5.8,5.71,5.57,5.2,5.07,5.49,5.75,5.64,5.42,5.51,5.26,5.41,5.7,5.94,5.57,6.05,5.9,5.8,5.61,5.43,5.46,5.98,5.51,5.94,5.49,5.69,5.64,5.27,6.6,6.85,5.99,5.98,5.83,5.57,5.58,5.78,4.9,5.47,5.63,5.39,5.87,5.16,5.46,5.7,5.8,5.93,5.81,5.74
C1orf68,3.75,3.7,4,3.84,4.5,3.89,5.03,3.88,3.81,3.76,4.15,3.94,3.92,4.71,4.01,4.26,4.26,3.81,3.97,3.63,3.97,4.02,4.02,4.06,4.53,4.01,3.68,3.88,4.15,4.4,4.58,5.49,3.98,3.92,3.94,4.04,4.42,3.97,4.44,4,3.56,3.72,3.89,5.28,3.5,3.95,3.79,3.94,3.93,4.08
C1orf69,7.28,7.2,7.25,7.48,7.53,7.46,7.19,7.45,7.17,7.22,7.48,7.3,7.12,7.85,7.23,7.19,7.22,7.26,7.27,7.39,7.25,7.38,7.32,7.38,7.25,7.12,7.48,7.67,7.76,6.53,6.19,7.75,7.22,7.12,7.31,7.19,7.07,7.34,7.42,7.37,7.05,7.4,7.6,8.06,7.57,7.15,7.48,7.45,7.2,7.87
C1orf69,6.13,6.39,6.58,6.44,6.41,6.42,6.54,6.14,6.15,6.27,6.83,6.21,6,6.89,6.86,6.58,6.47,6.26,6.24,6.24,6.51,6.37,6.39,6.9,6.57,6.34,6.53,6.43,6.49,5.98,5.26,6.08,6.33,6.28,6.37,6.73,6.48,6.6,5.03,6.71,6.79,6.52,6.52,5.73,6.79,6.88,6.39,6.6,6.62,6.8
C1orf69,6.03,5.6,6.08,6.3,6.21,5.79,6.01,6.06,5.87,6.14,5.58,5.96,5.89,5.84,5.9,6.06,6.07,6.14,6.11,6.29,5.85,6.01,5.91,5.73,6.16,5.92,6.02,6.13,5.85,6.09,7.14,5.6,6.17,5.97,6.08,5.86,5.69,6.07,6.18,5.93,6.23,5.78,5.98,6.08,5.7,5.69,6.16,6.01,5.84,6.44
C1orf70,4.03,4.13,3.93,4.21,4.46,4.43,4.1,4.61,4.08,4.49,4.12,4.27,4.05,4.61,4.03,4.07,4.06,4.21,4.36,4.16,4.13,4.31,4.21,4.12,4.11,4.5,4.76,4.25,4.52,5.48,5.36,4.64,4.09,4.01,4.62,3.96,4.48,4.05,5.79,4.32,4.33,5.01,4.1,4.19,4.43,4.73,4.55,4.24,4.11,4.2
C1orf71,5.94,5.52,5.96,6,5.5,5.78,5.64,6.29,5.79,5.75,5.65,5.84,5.57,5.02,6.17,6.04,6.38,5.94,5.93,6.05,6,6.09,5.74,6.23,6.36,6.22,6.22,5.85,6,5.39,5.77,5.8,6.37,6.02,6.44,6.04,5.73,6.08,5.69,6.26,6.13,6.03,5.67,5.37,6.3,6.17,6,6.14,5.88,6.01
C1orf71,5.45,5.29,5.06,5.08,5.05,5.38,5.36,4.66,5.25,5.44,5.6,5.12,5.65,5.42,5.22,4.94,5.34,4.83,5.2,5.11,5.5,5.12,5.6,5.21,5.08,5.24,5.13,5.07,5.41,5.16,4.99,5.22,5.48,5.25,5.12,5.15,5.13,5.18,5.45,5.46,5.23,5.2,4.96,5.61,5.09,5.27,5.04,5.19,5.43,4.95
C1orf71,6.78,6.8,6.87,6.77,6.86,6.95,6.8,7.09,6.91,6.76,6.9,6.85,7.04,6.52,6.83,6.62,6.67,6.82,6.9,6.87,7.2,6.97,7.28,6.8,7.07,6.88,6.76,6.89,7.21,6.56,6.39,6.69,6.77,6.75,6.81,6.83,6.85,6.84,6.74,6.78,7,7.03,6.55,6.05,6.96,6.7,6.7,6.81,7.12,6.28
C1orf71,6.13,6.28,5.99,5.82,5.83,5.74,6.13,5.81,6.27,6.29,6.32,6.06,5.89,5.62,6.06,6.59,6.36,5.98,6.34,5.84,6.23,6.31,6.59,6.06,6.06,6.09,6.28,6.07,5.98,5.59,4.26,5.39,6.07,6.27,6.05,6.15,5.93,5.51,5.94,6.23,5.96,5.98,6.14,5.42,5.9,5.6,6.26,5.98,6.02,6.03
C1orf74,7.55,7.32,7.69,7.56,7.27,7.67,6.22,7.18,7.57,7.48,7.53,7.65,7.37,6.13,7.63,7.62,7.73,7.72,7.79,7.54,7.75,7.65,7.57,7.9,7.85,7.82,7.89,7.58,7.58,6.55,7.54,6.47,7.54,7.42,7.74,7.88,7.81,7.77,7.44,7.55,7.81,7.6,7.48,6.16,7.61,7.29,7.59,7.61,7.56,5.73
C1orf77,10.46,10.47,10.46,10.4,10.43,10.48,10.88,10.48,10.41,10.37,10.33,10.33,10.41,9.43,10.51,10.55,10.54,10.74,10.7,10.72,10.42,10.21,10.19,10.4,10.4,10.47,10.48,10.31,10.38,10.39,8.51,9.21,10.65,10.66,10.52,10.39,10.43,10.44,10.43,10.5,10.48,10.33,10.35,9.73,10.54,10.58,10.55,10.36,10.41,8.97
C1orf77,8.83,8.51,8.74,8.75,8.79,8.57,8.87,8.87,8.76,8.84,8.29,8.67,8.65,6.26,8.86,8.97,8.82,9.26,9.16,9.21,8.63,8.49,8.26,8.81,8.78,8.91,8.86,8.83,8.44,7.91,6.86,6.09,9.07,8.95,8.86,8.72,8.71,8.84,8.63,8.83,8.79,8.41,8.46,7.19,8.94,8.71,8.86,8.84,8.64,7.57
C1orf77,10.27,10.37,10.18,10.26,10,10.11,9.79,9.97,10.27,10.26,10.41,10.32,10.42,9.04,10.36,10.32,10.46,10.37,10.42,10.35,10.21,10.09,10.3,10.02,10.17,10.22,10.12,10.18,10.33,9.82,8.38,9.36,9.98,10.18,9.98,10.32,10.16,10.21,9.72,10.02,10.24,10.33,10.13,8.19,10.04,10.12,10.02,10.37,10.37,8.49
C1orf83,6.45,6.35,6.43,6.6,6.46,6.11,6.4,6.87,6.67,6.46,6.83,6.33,6.66,5.08,6.45,6.29,6.43,6.47,6.62,6.42,6.12,6.35,6.41,6.28,6.16,6.26,6.57,6.62,6.33,5.57,5.71,6.09,6.03,6.12,6.06,6.24,6.08,6.39,6.09,6.79,6.64,6.74,6.86,5.5,6.21,6.36,6.46,6.51,6.71,5.92
C1orf83,7.29,7.19,7.51,7.39,7.49,6.94,6.64,7.16,7.25,7.54,6.94,7.14,6.99,5.88,7.16,6.96,7.23,7.45,7.42,7.55,7.16,6.97,7,7.01,7.07,7.27,7.3,7.37,7.06,6.69,7.51,4.62,7.32,7.37,7.52,7.17,7.08,7.53,7.4,7.36,7.28,7.34,6.88,5.73,7.17,6.76,6.98,7.41,7.28,5.76
C1orf83,7.13,7.12,7.27,7.24,7.73,7.1,7.03,7.5,7.22,7.38,7.53,7.29,7.24,7.67,7.29,7.31,7.24,7.48,7.41,7.36,7.22,7.06,7.32,7.05,7.23,7.23,7.32,7.47,7.3,6.01,6.15,6.74,7.07,7.21,7.5,7.5,7.07,7.36,6.99,7.65,7.17,7.06,7.01,7.03,7.02,7.08,7.32,7.3,7.47,7.43
C1orf84,4.09,3.91,3.93,3.74,4.12,3.84,4.96,3.82,4.07,3.78,4.02,3.97,3.86,4.31,4.01,3.88,4.13,4.6,4.06,4.22,3.92,3.9,3.86,4.52,4.29,4.09,4.25,3.96,3.68,3.91,7.11,4.96,4.04,4.07,4.15,4.53,5.1,3.67,5.45,3.91,4.09,4.18,3.81,4.37,4.75,4.02,3.82,4.11,3.82,3.99
C1orf85,9.21,8.62,9.23,9.15,9.59,9.27,8.61,9.45,9,9.25,8.95,9.17,8.86,9.18,9.35,9.14,9.16,9.07,9.11,9.07,9.28,9.5,9.23,9.52,9.5,9.4,9.25,9.37,9.15,7.44,8.13,8.58,8.95,9.05,9.14,9.37,9.09,9.38,9.01,9.37,9.21,9.56,9.49,9.79,8.78,9.04,9.12,9.4,9.16,9.95
C1orf85,9.78,9.72,9.92,9.93,10.34,10.15,9.56,9.89,9.67,9.71,9.89,9.79,9.74,10.32,9.82,9.77,9.89,9.91,9.78,9.48,10.2,10.13,10.08,10.16,10.08,9.99,9.89,9.93,10.08,9.81,9.63,9.98,9.87,9.7,9.85,9.71,9.96,9.88,10.43,10.05,10,10.23,10.52,10.4,9.75,9.68,9.63,9.95,9.89,10.2
C1orf85,7.09,6.99,7.37,7.18,7.56,7.29,7.05,7.57,7.15,7.17,7.1,7.09,7.03,6.1,7.28,7.22,7.46,6.94,7.09,6.95,7.38,7.54,7.34,7.32,7.37,7.53,7.26,7.11,7.26,6.96,6.2,6.26,6.86,6.95,7.34,7.39,7.43,7.01,7.7,7.56,7.54,7.75,7.81,5.7,7.04,6.76,6.9,7.63,7.5,6.24
C1orf85,7.43,6.97,7.46,7.46,7.27,7.38,6.33,7.53,7.31,7.37,7.17,7.45,7.27,6.15,7.34,7.36,7.49,7.26,7.3,7.16,7.72,7.64,7.5,7.58,7.78,7.74,7.55,7.56,7.59,5.42,5.69,6.28,7.26,7.35,7.31,7.41,7.63,7.55,6.66,7.59,7.35,7.81,7.57,6.18,6.81,6.81,7.3,7.44,7.53,6.04
C1orf86,9.51,9.41,9.63,9.52,9.83,9.69,9.37,9.78,9.45,9.49,9.39,9.56,9.53,10.21,9.3,9.33,9.31,9.55,9.48,9.44,9.62,9.38,9.48,9.62,9.49,9.55,9.68,9.51,9.59,9,8.75,10.09,9.36,9.21,9.33,9.38,9.51,9.43,9.61,9.77,9.73,9.69,9.86,9.21,9.52,9.39,9.36,9.59,9.53,10.26
C1orf86,3.91,3.98,3.52,4.13,4.03,4.07,3.75,3.65,3.82,3.99,4.13,3.63,3.71,4.33,3.54,3.92,4.27,4.07,3.8,3.82,3.73,3.79,3.74,3.85,3.96,3.95,3.89,3.85,4.47,4.5,4.11,3.61,3.83,3.92,3.76,3.69,3.74,3.74,4.18,4,4.04,4.07,4.46,4.63,4.91,3.53,3.65,3.58,3.83,4.09
C1orf86,4.46,4.32,4.86,4.8,4.94,5.05,3.65,4.66,4.4,4.27,4.56,4.89,4.52,4.63,4.62,4.37,4.87,4.7,4.64,4.33,4.45,4.21,4.49,4.57,4.88,5.04,4.73,4.87,4.79,5.94,4.95,5.92,4.65,5,4.98,4.65,4.07,4.91,4.27,4.8,5.07,4.59,4.21,4.63,4.61,4.25,4.54,4.85,4.57,4.89
C1orf86,9.71,9.65,10.04,9.87,10.2,10.12,10.04,10.02,9.68,9.74,9.69,9.76,9.71,7.52,9.52,9.53,9.64,9.97,9.92,9.85,9.86,9.64,9.74,9.93,9.91,9.95,10.02,9.72,9.99,9.64,8.16,8.83,9.66,9.55,9.64,9.73,10,9.64,10.26,10.15,10.07,10.11,9.97,8.62,9.81,9.84,9.8,9.89,9.78,7.71
C1orf86,5.54,5.61,5.53,5.44,5.44,5.97,6.13,5.41,5.57,5.27,5.48,5.42,5.5,5.5,5.12,5.12,5.37,5.56,5.52,5.56,5.44,5.16,5.37,5.18,5.23,5.47,5.54,5.53,5.53,6.16,5.38,5,5.31,5.23,5.54,5.66,5.98,5.42,6.16,5.55,5.79,5.69,6.09,5.8,5.58,5.47,5.31,5.19,5.42,4.99
C1orf86 /// LOC100128003,4.48,4.27,4.86,4.96,4.59,4.99,4.38,4.62,4.63,4.62,4.46,4.61,4.23,5.62,4.49,4.77,4.48,4.79,4.76,5.24,4.24,4.27,4.84,5.1,4.75,4.83,4.59,4.51,4.99,4.06,4.87,5.28,4.68,4.55,5.2,4.9,4.94,4.83,4.15,5.33,4.75,5.48,5.77,4.91,5.03,4.97,5.62,5.01,4.81,6.67
C1orf86 /// LOC100293374,4.7,4.47,4.5,4.58,4.05,4.35,5.22,5.08,4.41,4.56,4.58,4.53,4.62,4.36,4.79,4.24,4.61,4.94,4.77,5.16,4.49,4.63,4.33,4.96,4.8,5.01,4.76,4.43,5.38,6.38,4.88,5.79,4.54,4.24,4.44,4.73,4.4,4.88,4.38,4.03,4.54,4.27,4.57,3.86,4.16,4.53,4.79,4.68,4.67,4.46
C1orf86 /// LOC100293374,8.74,8.74,8.96,8.84,9.17,8.97,8.82,8.86,8.72,8.85,9.15,8.69,8.54,9.75,8.73,8.55,8.62,8.89,8.82,8.87,8.68,8.86,9.04,9,8.93,8.7,8.87,8.82,8.86,8.74,8.4,10.19,8.3,8.52,8.48,8.84,8.44,8.7,7.75,8.95,8.8,9.04,9.04,9.66,8.62,8.84,8.75,8.75,8.87,10.2
C1orf87,4.13,3.99,3.95,3.88,4.1,3.88,4.18,4.13,3.92,3.93,4.01,4.05,4.05,4.16,4.14,4.08,4,4.06,4.05,3.86,4.28,3.9,4.04,4.02,3.73,4.17,3.99,4.09,3.92,4.09,4.92,4.23,3.98,3.98,3.98,3.98,4.46,3.97,3.81,3.69,3.67,3.99,4.03,3.89,3.74,3.77,3.77,3.84,3.87,4.07
C1orf88,4.39,4.26,4.25,4.33,4.4,4.37,5.23,4.33,4.28,4.33,4.57,4.47,4.26,6.41,4.39,4.35,4.06,4.39,4.35,4.17,4.73,4.62,4.43,4.52,4.37,4.37,4.27,4.31,4.28,5.03,5.2,6.2,4.16,4.38,4.42,4.34,4.85,4.25,4.85,4.04,4.36,4.6,4.69,6.33,4.43,5.04,4.51,4.2,4.09,6.14
C1orf88,4.11,3.9,3.61,3.82,3.95,3.65,3.81,3.88,3.74,3.82,3.85,4.26,3.9,4.09,4.07,3.53,3.58,3.82,3.63,4.16,3.71,4,3.87,3.68,4.01,3.67,3.61,3.99,4.4,4.83,3.98,4.05,3.78,3.77,3.99,3.68,3.99,3.79,3.55,3.98,3.8,3.96,3.55,5.05,3.81,3.89,3.95,3.67,3.78,4.26
C1orf88,3.93,4.05,4.3,4.09,3.82,3.83,4.1,3.98,4.03,3.91,4.13,3.82,4.05,4.83,3.99,4.11,3.79,4.19,4.34,3.92,3.73,3.93,3.8,4.11,4.12,3.76,4.26,4.03,4.14,4.35,5.38,5.14,3.9,3.74,4.41,3.95,4.17,3.84,4.07,3.96,3.99,3.81,3.87,5.69,3.85,3.91,3.89,4.16,3.9,4.5
C1orf88,4.4,4.53,3.97,4.05,4.33,4,3.96,3.68,4.23,4.16,4.16,4.6,4.25,5.23,4.21,3.9,4.07,3.85,3.92,4.11,4.13,4.32,4.28,4.04,3.7,4.26,4.26,4.17,4.69,4.14,6.59,6.13,4.13,4.29,4.05,4.2,3.99,4,3.78,4.35,4.07,4.21,4.4,4.94,4.12,4.31,3.91,4.16,4.21,4.38
C1orf89,4.51,4.71,4.4,4.6,4.46,4.18,4.83,4.1,4.18,4.33,4.89,4.7,4.3,4.83,4.74,4.21,4.72,4.39,4.23,4.17,4.45,4.75,4.91,4.47,4.32,4.44,4.4,4.2,4.82,4.29,5.29,5.27,4.71,4.86,5.26,4.57,4.54,4.51,4.44,4.44,4.47,4.62,5.08,4.4,4.31,4.1,4.34,4.51,4.67,4.88
C1orf9,7.57,7.84,7.59,7.69,7.41,7.51,6.3,7.58,7.77,7.69,8.02,7.65,7.67,6.81,7.7,7.59,7.74,7.18,7.42,7.4,7.32,7.38,7.92,7.68,7.75,7.69,7.56,7.72,7.82,6.62,6.55,6,7.59,7.72,7.72,7.65,7.27,7.65,6.88,7.91,7.73,7.67,7.95,6.65,7.82,7.7,7.68,7.74,7.85,7.71
C1orf9,6.06,5.46,6.14,6.09,5.63,5,5.34,6.06,6.17,6.12,5.65,6.14,5.95,5.65,6.21,6.15,5.91,5.4,5.68,5.82,5.87,5.87,5.51,5.88,5.8,5.98,5.88,5.96,5.45,5.09,6.1,6.01,5.8,6,5.95,5.86,5.51,5.64,5.17,6.04,5.81,5.37,5.88,6.54,5.88,6,5.98,6.21,6.01,6.72
C1orf9,5.5,5.34,5.32,5.75,5.13,5.29,5.71,5.45,5.4,5.43,5.23,5.38,5.43,6.01,5.44,5.26,5.52,5.37,5.65,5.47,5.17,5.33,5.22,5.52,5.42,5.56,5.47,5.31,4.87,5.5,6.11,7.18,5.89,5.44,5.36,5.49,5.54,5.77,6.06,5.26,4.77,5.2,5.25,5.86,5.33,4.93,5.52,5.37,4.91,6.05
C1orf9,6.51,5.89,6.51,6.34,4.93,5,5.27,6.41,6.47,6.57,5.09,6.21,5.93,6.25,6.6,6.4,6.59,6.05,6.29,6.63,6.75,6.18,5.34,6.59,6.43,6.3,6.25,6.37,5.77,4.92,7.05,5.5,6.88,6.79,6.78,5.98,5.32,6.68,5.49,6.26,5.72,5.2,5.86,5.71,6.43,5.7,6.04,6.15,6.06,6.35
C1orf9,4.53,4.61,4.23,4.45,4.71,4.25,4.56,3.98,4.55,4.34,4.95,4.58,4.88,5.93,4.54,4.49,4.5,4.35,4.55,4.15,4.24,4.82,4.44,4.31,4.45,4.27,4.55,4.81,4.34,3.87,5.76,6.75,4.39,4.47,4.64,4.22,4.41,4.31,5.03,4.37,4.6,4.46,4.22,6.85,4.3,4.31,4.31,4.64,3.99,5.94
C1orf91,5.86,5.87,5.74,5.85,6.3,5.99,6.51,5.94,5.67,5.98,5.98,5.94,5.67,5.41,6.04,5.44,6.03,5.96,5.9,5.81,5.96,6.02,6.05,6.1,6.07,6.11,5.74,5.7,5.58,5.17,5.89,5.45,6.36,6.26,6.11,6.43,6.16,6.34,6.38,6.4,5.89,6.14,6.16,5.86,6.47,5,5.83,5.99,6.11,4.66
C1orf91,6.55,6.58,6.51,6.64,6.72,6.64,7.15,6.52,6.62,6.6,6.78,6.7,6.68,5.63,6.61,6.52,6.71,6.65,6.65,6.34,6.56,6.7,6.98,6.85,6.83,6.67,6.71,6.6,6.62,6.49,5.38,6.29,6.75,6.71,6.7,6.7,6.57,6.81,6.15,6.72,6.83,6.92,6.48,6.93,6.52,6.64,6.56,6.67,6.6,6.75
C1orf91,5.22,5.26,5.12,5.36,5.48,5.79,5.69,5.38,5.35,5.36,5.25,5.47,5.11,7.05,5.21,5.33,5.36,5.24,5.08,5.59,5.17,5.67,5.05,5.25,5.66,5.2,5.27,5.47,5.4,5.15,6.54,5.82,5.57,5.23,5.33,5.32,4.77,5.43,6.4,5.23,5.03,5.27,5.6,6.94,5.32,6.08,5.74,5.55,5.65,6.53
C1orf91,5.66,5.37,5.76,5.52,5.74,5.48,4.32,5.77,5.51,5.48,5.83,5.66,5.41,5.03,5.52,5.68,5.76,5.82,5.46,5.4,5.71,5.46,6.06,6.04,5.96,5.96,5.13,5.59,5.38,4.03,4.26,5.65,5.69,5.61,5.45,5.96,5.95,5.94,3.24,6.07,5.57,6.27,5.53,5.15,6.38,5.29,5.62,5.46,5.28,6.4
C1orf92,4.06,4.04,4.27,4.01,4.32,4.14,4.71,5.02,3.89,3.81,3.94,3.93,3.92,4.41,4.2,4.78,4.3,4.11,3.82,4.19,3.9,3.75,4.04,3.94,4.02,3.82,4.08,4.08,4.11,4.57,6.39,4.88,3.82,3.98,4.33,4.13,4.05,4.13,3.93,4.37,3.97,4.26,4.1,4.56,4.17,4.19,4.11,3.9,3.95,4.77
C1orf93,7.23,7.13,7.72,7.22,7.8,7.4,7.34,7.47,7.16,7.01,7.09,7.08,6.98,6.09,7,6.97,7.08,7.36,7.39,7.22,6.76,6.86,6.81,6.86,7.06,6.87,7.43,7.2,7.49,7.71,7.6,7.29,7,6.9,6.94,7.11,7.45,7.14,7.59,7.21,7.2,7.69,7.77,5.84,6.98,7.2,6.9,7.21,7.27,6.32
C1orf93,6.16,6.07,6.04,6.31,6.5,6.15,6.56,6.45,6.04,5.95,6.04,6.12,5.81,6.04,5.79,6.02,5.92,6.24,6.02,5.87,5.72,5.68,5.8,5.93,5.96,6.04,6.04,6.19,5.95,6.25,6.92,7.7,5.91,6.15,5.66,5.9,5.99,6.04,7.09,6.14,5.91,6.17,6.23,7.71,5.97,6.12,6.4,6.06,5.83,6.59
C1orf94,4.48,4.69,4.77,4.96,4.99,5.15,4.96,5.1,4.9,4.96,4.94,4.97,4.7,7.09,5.02,4.91,4.81,5.08,4.89,4.7,5.05,4.74,4.85,4.97,4.93,5.32,5.08,4.89,4.86,5.97,7.5,6.62,4.61,4.82,5,4.71,5.31,5.31,5.38,4.63,5.28,5.05,5.28,6.4,4.79,5.17,5.03,4.98,4.91,5.83
C1orf95,4.33,4.47,4.17,4.55,4.33,4.5,4.82,4.83,4.25,4.33,4.59,4.24,4.57,5.33,4.03,4.36,4.35,4.31,4.11,4.1,4.47,4.46,4.6,4.31,4.33,4.45,4.37,4.37,4.77,4.94,6.17,4.96,4.64,4.06,4.14,4.23,4.57,4.23,5.57,4.06,4.47,4.4,4.9,4.87,4.24,4.72,4.29,4.34,4.36,5.05
C1orf96,7.37,7.5,7.47,7.48,7.32,7.56,7.81,7.64,7.39,7.37,7.6,7.19,7.26,7.49,7.76,7.68,7.81,7.47,7.41,7.51,7.71,7.65,7.91,7.61,7.56,7.43,7.26,7.38,7.56,7.15,7.79,6.69,8.21,8.14,8.18,7.73,7.65,7.7,6.52,7.87,7.59,7.65,7.92,7.87,7.03,7.05,7.01,7.5,7.4,7.57
C1orf96,4.57,4.35,4.55,4.55,4.2,4.25,4.39,4.63,4.65,4.59,4.25,4.46,4.37,5.87,4.73,4.47,5.21,4.14,4.39,4.59,4.4,4.42,4.34,4.57,4.84,4.36,4.34,4.16,4.53,5.09,5.76,4.36,4.81,5.26,5.25,5.11,4.48,4.7,4.59,4.89,4.31,4.34,4.53,6.58,4.09,3.74,4.24,4.91,3.99,6.48
C1orf96,4.31,4.06,3.99,4.14,4.19,4.08,4.67,4.16,4.3,4.36,4.01,4.01,4,5.35,4.11,4.39,4.13,4.03,4.21,4.2,4.04,4.41,4.03,4.29,3.95,4.19,4.07,4.09,4.06,5.36,6.33,4.4,4.46,4.4,4.31,4.34,4.19,4.42,5.07,4.36,4.35,4.02,4.29,5.04,4.31,4.21,4.12,4.16,3.98,4.84
C1orf96,6.65,6.41,6.35,6.37,5.88,6.07,6.19,6.09,6.29,6.63,6.5,6.51,6.27,7.19,6.89,6.63,6.57,6.44,6.2,6.18,6.61,6.85,6.46,6.29,6.63,6.41,6.49,6.23,6.38,5.65,5.44,5.7,6.74,7.02,6.95,6.41,6.66,6.35,6.54,6.56,6.27,6,5.72,7.13,5.95,5.27,5.8,6.43,6.21,7.3
C1orf96,4.1,4.17,4.31,4.62,4.57,4.53,5.22,4.28,4.12,4.21,4.26,4.49,4.24,5.99,4.82,4.3,4.09,4.65,4.38,4.33,4.08,4.46,4.37,4.4,3.87,4.18,3.96,4.48,4.35,4.82,4.92,5.89,4.34,4.2,4.52,4.3,4.39,4.69,3.9,4.21,4.03,4.02,4.19,6.1,4.81,4.03,4.29,4.05,4.24,4.82
C1orf99,3.27,3.53,3.36,3.62,3.55,3.88,4,3.36,3.45,3.35,3.43,3.48,3.7,4.12,3.31,3.31,3.27,3.35,3.46,3.34,3.37,3.33,3.41,3.22,3.5,3.43,3.32,3.34,3.21,5.75,5.13,4.21,3.41,3.38,3.45,3.24,4.12,3.21,4.18,3.24,3.57,3.76,3.2,5.4,3.33,3.5,3.78,3.46,3.32,3.91
C1QA,5.39,5.38,5.32,5.55,5.75,5.51,6.09,5.65,5.21,5.18,5.49,5.22,5.33,7.33,5.46,5.36,5.31,5.38,5.53,5.44,5.24,5.34,5.44,5.33,5.14,5.2,5.39,5.4,5.43,5.76,5.38,6.63,4.85,5.42,5.43,5.32,5.43,4.89,5.71,5.56,5.31,5.68,5.29,7.12,5.51,5.79,5.69,5.44,5.37,6.62
C1QB,4.53,4.28,4.68,4.61,4.8,4.38,5.04,4.97,4.34,4.55,4.46,4.39,4.41,5.82,4.77,4.42,4.61,4.42,4.14,4.66,5.04,4.83,4.81,4.67,4.64,4.75,4.65,4.32,4.29,4.27,4.6,4.78,4.7,4.83,4.59,4.48,4.28,4.59,4.62,4.35,4.6,4.42,4.35,5.76,4.33,4.41,4.51,4.3,4.66,5.62
C1QB,3.67,3.99,4.14,4.01,4.3,3.81,5.85,3.81,3.92,3.99,3.94,3.93,3.92,4.61,3.75,4.03,3.8,3.92,3.93,4.03,4.42,4.09,4.07,4.11,4.38,4.21,3.88,3.95,4.47,4.03,4.43,4.88,3.74,3.92,3.94,3.8,3.88,4.22,4.08,3.82,4.12,4.23,4.19,5.02,3.83,4.17,3.86,3.92,3.9,5.67
C1QBP,11.31,11.23,11.28,11.33,11.23,11.31,10.91,10.91,11.49,11.3,11.28,11.28,11.52,9.43,10.76,10.74,10.91,11.28,11.27,10.92,10.97,10.86,10.96,10.61,10.58,10.72,11.36,11.26,11.44,11.18,8.53,9.89,10.63,10.51,10.53,10.79,10.86,10.73,10.97,10.98,11.19,11.06,11,9.58,11.07,11.05,10.88,11.34,11.38,8.48
C1QC,4.51,4.47,4.57,4.39,5.08,4.37,5.15,4.4,4.4,4.65,4.55,4.55,4.34,5.57,4.52,4.68,4.46,4.57,4.36,4.36,4.66,4.4,4.6,4.21,4.15,4.25,4.89,4.48,4.48,5.03,5.87,6.24,4.69,4.23,4.85,4.47,4.78,4.53,4.4,4.35,4.29,4.54,4.56,6.44,4.5,4.93,4.55,4.35,4.36,5.92
C1QL1,9.06,8.59,9.08,9.35,9.4,9.56,9.81,9.11,8.99,8.85,9.27,9.22,8.9,11.23,9.18,9.37,9.02,9.22,9.15,9.03,8.63,9.36,9.11,9.17,9.23,8.96,8.99,9.39,8.98,9.26,12.12,11.24,9.23,8.94,9.08,9.06,9.18,9.03,9.76,9.17,9.41,9.65,9.43,11.45,9.25,9.54,9.45,9.3,8.96,12.46
C1QL1,4.38,4.24,4.66,4.3,4.99,4.53,4.28,4.45,4.23,4.39,4.15,4,4.13,5.21,4.2,4.5,4.4,4.38,4.42,4.4,4.39,4.18,4.15,4.29,4.26,4.47,4.78,4.19,4.1,5.69,5.18,5.58,4.26,4.57,4.53,4.27,4.71,4.39,4.76,4.9,4.49,4.43,4.5,6.07,4.36,4.96,4.84,4.44,4.29,5.84
C1QL2,4.21,3.87,3.76,3.96,4.62,3.69,4.45,3.93,3.75,3.9,3.91,3.9,3.94,4.17,3.84,3.78,3.76,4.03,3.94,3.78,4.1,3.92,4.09,3.81,3.77,3.54,3.91,3.75,4.35,4,6.17,4.85,3.93,3.99,3.94,3.72,3.69,4.41,5.09,3.86,3.98,3.74,4.15,4.13,3.77,4.03,3.97,3.7,3.89,5.23
C1QL3,4.79,4.94,4.79,4.68,4.44,4.62,4.44,5.03,4.67,5.11,5.04,4.99,4.51,7.06,5.29,4.94,5.42,5.26,5.11,5.09,4.81,4.57,4.63,4.89,5.01,4.86,4.84,5.12,4.58,4.47,6.65,6.23,4.55,5,4.42,4.63,4.55,4.77,5.08,4.49,4.33,4.66,4.63,6.21,5.08,4.21,4.91,4.99,4.72,8.03
C1QL3,4.44,4.68,4.66,4.91,4.96,4.64,5.23,4.95,4.42,4.68,4.71,4.68,4.54,5.99,4.74,4.79,4.78,4.47,4.87,4.89,4.62,4.62,4.63,4.78,4.48,4.65,4.7,4.56,4.78,4.44,5.62,5.46,4.81,4.59,4.62,4.77,4.36,4.89,4.93,5.03,5.4,4.61,4.73,5.03,4.63,4.67,4.56,4.71,4.68,5.97
C1QL4,3.94,3.85,4.06,3.9,4.26,4.45,4.22,4.47,3.74,4.24,4.15,4.12,3.8,4.2,4.17,4.06,3.81,4.06,4.21,4.16,4.05,4.15,3.84,4.17,4.09,3.75,4.02,3.95,3.73,5.04,5.84,5.89,3.81,4.05,4.19,3.88,4.09,4.16,4.15,4.16,4.26,4.17,4.62,4.43,4.16,3.84,3.86,3.95,3.88,4.85
C1QTNF1,4.2,4.41,4.35,4.75,3.95,4.66,4.59,4.45,4.32,4.46,4.51,4.55,4.28,5.34,4.43,4.42,4.24,4.74,4.39,4.67,4.27,4.68,4.43,4.54,4.64,4.12,4.7,4.54,4.29,4.8,3.94,5.14,4.53,4.32,4.78,4.64,4.42,4.43,4.38,4.38,4.53,4.15,4.49,5.16,4.3,4.03,4.56,4.56,4.31,4.65
C1QTNF1,4.54,4.68,5.13,4.81,4.85,5.36,4.85,5.07,4.58,4.63,4.53,4.79,4.79,4.97,4.57,5.23,4.91,4.75,4.55,4.78,4.53,4.98,4.83,4.83,5.2,4.89,5.03,4.73,4.96,5.29,4.92,4.83,4.62,4.8,4.61,5.09,4.7,4.97,4.51,4.71,5.15,4.72,4.96,5.1,5.1,4.38,4.85,4.78,4.87,4.98
C1QTNF2,3.63,3.43,3.57,3.45,4.38,3.85,4.94,3.67,3.36,3.34,3.92,3.6,3.71,3.73,3.85,3.97,3.47,3.74,3.84,3.49,3.64,3.67,3.65,3.8,3.79,3.34,3.75,3.76,3.85,4.68,4.61,5.23,4.2,3.94,3.46,3.77,3.61,3.64,5.15,3.76,4.01,3.52,3.92,4.21,3.58,3.56,3.74,3.51,3.6,4.46
C1QTNF2,4.61,5.15,4.54,4.39,4.52,4.63,5.1,4.98,4.51,4.99,5.05,4.91,5.26,5.04,4.57,4.57,4.51,4.35,4.41,4.29,4.73,5.08,4.89,4.48,4.25,4.45,4.84,4.9,4.54,4.74,4.6,5.91,4.47,4.76,4.76,4.22,4.13,4.33,4.25,4.19,4.4,4.55,4.46,6.87,4.46,4.41,4.68,4.33,4.66,5.97
C1QTNF4,3.76,3.75,3.72,3.79,4.02,3.93,4.34,4.09,3.82,3.53,3.76,3.73,3.69,4.66,3.8,3.73,3.85,4.24,3.75,3.66,3.78,4.1,3.73,4.17,3.8,3.5,3.71,3.78,4.1,4.77,5.83,5.3,3.76,3.85,3.77,3.7,3.98,3.74,5.24,3.89,4.04,3.84,3.91,4.01,4.05,4.3,3.89,3.83,4.05,4.17
C1QTNF5 /// MFRP,3.97,4.18,4.12,4.24,4.97,4.48,3.96,4.32,3.94,4.09,4.35,4.1,4.08,6.08,4.31,4.12,4.01,3.97,4.43,4.29,4.08,4.46,4.23,4.41,4.46,3.97,3.87,4.28,4.21,4.79,5.62,5.66,4.03,4.03,4.02,4.46,4.45,4.11,4.25,4.39,4.32,4.4,4.54,5.9,4.38,4.41,4.59,4.22,4.3,6.27
C1QTNF5 /// MFRP,4.98,4.77,5.01,5.1,4.91,4.98,5.18,4.6,4.76,4.99,5.01,5.13,4.83,5.79,5.14,5.23,4.79,4.97,5.23,4.77,4.82,4.96,4.86,5.03,4.99,4.73,4.9,5.24,4.78,4.94,4.95,6.26,4.86,4.88,4.69,4.88,5.1,4.82,4.72,4.89,4.81,5.22,4.81,5.42,5.15,5.09,4.74,4.8,4.8,6.66
C1QTNF5 /// MFRP,5.53,5.57,5.9,5.66,5.51,5.86,5.29,5.84,5.71,5.43,5.66,5.74,5.79,6.05,5.69,5.73,5.44,5.74,5.86,5.49,5.73,5.73,5.77,5.78,5.54,5.48,5.62,5.89,5.87,4.74,5.38,5.62,5.53,5.64,5.69,5.57,5.68,5.59,5.35,5.41,5.68,5.75,5.66,5.23,5.85,5.91,5.84,5.56,5.54,6.95
C1QTNF6,5.3,5.18,5.46,5.46,5.53,5.11,6.16,5.96,5.29,5.66,5.46,5.4,5.42,6.64,5.27,5.53,5.13,5.8,5.76,5.55,6.06,5.62,5.47,5.05,5.6,5.46,5.46,5.65,5.25,5.99,5.85,5.44,5.76,5.27,5.31,5.36,5.56,5.67,5.56,5.51,5.16,5.76,5.79,5.28,5.55,5.57,5.23,5.53,5.44,5.86
C1QTNF7,3.79,3.88,3.57,3.71,3.68,4.06,4.64,3.73,3.61,3.42,3.77,3.65,3.91,4.62,3.58,3.8,3.53,3.76,4.03,3.56,3.65,3.72,3.82,3.5,3.52,3.51,3.7,3.64,3.71,4.47,5.29,4,3.81,3.58,3.52,3.49,3.47,3.74,3.69,3.45,3.61,3.59,3.74,4.38,3.41,3.71,3.78,3.53,3.51,3.89
C1QTNF7,3.52,3.89,3.38,3.62,3.56,3.77,3.84,3.77,3.62,3.6,3.59,3.63,3.65,3.83,3.47,3.48,3.5,3.47,3.42,3.44,3.55,3.49,3.62,3.53,3.68,3.54,3.85,3.57,3.49,3.75,5.03,4.16,3.46,3.5,3.52,3.5,3.44,3.61,4.03,3.49,3.31,3.9,3.57,3.69,3.97,3.6,3.28,3.61,3.43,4.26
C1QTNF7,3.41,3.47,3.8,3.42,3.43,3.54,4.49,3.5,3.44,3.72,3.61,3.51,3.46,4.24,3.56,3.58,3.49,3.74,3.64,3.38,3.76,3.4,3.64,3.5,3.29,3.46,3.65,3.55,3.54,3.75,4.66,4.48,3.51,3.49,3.46,3.36,3.76,3.36,4.29,3.47,3.57,3.6,3.7,4.03,3.58,3.98,3.51,3.68,3.61,4.37
C1QTNF7,3.98,3.99,4.14,3.95,4.26,4.31,3.93,3.67,3.99,3.9,4.17,4.01,3.68,4.15,3.94,3.92,3.88,3.91,3.96,3.59,4.36,3.91,4.28,4.18,4.07,4.16,4.09,4,3.92,4.38,4.88,3.93,4.02,3.97,3.55,4.05,3.44,3.93,3.89,3.57,3.72,4.09,4.47,3.74,4.12,4.23,3.89,3.8,3.94,4.81
C1QTNF8,4,3.86,4.28,4.14,3.84,4.42,3.92,4.46,4.21,4.05,4.27,4,3.86,4.21,3.88,4.04,4.01,4.1,3.91,4.31,4.1,4.08,4.23,4.19,3.72,3.93,4.13,4.14,4.21,4.06,5.62,4.68,3.99,4.1,4.05,4.03,4.19,3.81,4.07,4,4.04,3.99,3.99,4.32,3.78,3.72,4.09,4.25,3.76,5.17
C1QTNF8,4.2,4.7,4.43,4.53,4.44,4.7,4.52,4.81,4.38,4.59,4.67,4.32,4.57,5.96,4.36,4.34,4.59,4.75,4.36,4.54,4.61,4.59,4.44,4.76,4.43,4.32,4.58,4.33,4.76,4.56,6.27,5.1,4.54,4.26,4.49,4.29,4.48,4.3,4.67,4.6,4.79,4.55,4.67,6.19,4.78,4.58,5.56,4.58,4.53,5.07
C1QTNF9,3.38,3.44,3.29,3.37,3.79,3.49,3.85,3.81,3.27,3.22,3.34,3.45,3.53,4.08,3.51,3.43,3.32,3.24,3.4,3.43,3.4,3.33,3.53,3.35,3.24,3.49,3.28,3.43,3.28,3.78,4.88,4.08,4.24,3.42,3.56,3.45,3.52,3.46,3.98,3.92,3.42,3.49,3.54,4.46,3.41,3.48,3.59,3.21,3.42,4.71
C1QTNF9 /// C1QTNF9B,3.78,4.11,3.72,3.6,4.01,3.99,4.25,3.8,3.61,3.78,3.9,4.03,4.14,5.24,3.92,3.82,3.91,4.05,4.14,3.84,3.94,4.11,3.94,3.73,4.1,3.88,3.85,3.8,3.83,3.42,4.01,4.59,3.94,3.88,4.06,4.14,4.09,3.82,5.83,3.97,4.32,4.09,4.22,4.99,4.27,4.47,3.85,3.94,3.61,5.07
C1QTNF9 /// C1QTNF9B,4.3,4.3,4.46,4.21,4.62,4.16,3.87,4.61,4.31,4.27,4.42,4.2,4.25,6.23,4.63,4.53,4.67,4.71,4.68,4.64,4.29,4.41,4.2,4.47,4.3,4.23,4.19,4.51,4.73,4.07,5.04,4.85,4.12,4.38,4.38,4.7,4.63,4.19,5.43,4.79,4.18,4.77,4.02,6.08,4.52,4.37,4.55,4.61,4.39,7.32
C1QTNF9 /// SPATA13,4.44,4.36,4.55,4.29,3.89,4.1,4.17,4.34,4.27,4.43,4.05,4.18,4.31,3.89,4.43,4.45,4.56,4.65,4.8,4.28,4.4,4.52,4.54,4.78,4.38,4.85,4.31,4.44,4.32,4.23,4.41,3.84,4.41,4.21,4.6,4.5,4.72,4.66,4.1,4,4.38,4.25,4.53,4.37,3.85,4.52,4.14,4.13,4.17,4.69
C1QTNF9 /// SPATA13,3.73,3.78,3.79,3.8,3.66,4.09,3.67,4.2,4,3.65,3.78,3.75,3.61,3.86,3.67,3.8,3.71,3.73,3.99,3.88,3.89,3.75,3.96,3.83,3.74,4.7,3.43,3.81,3.75,3.72,3.89,4.67,4.06,3.63,3.65,3.93,3.98,4,3.78,3.69,3.77,3.44,3.48,3.46,4.34,3.68,3.56,3.82,3.74,3.79
C1QTNF9 /// SPATA13,7.55,7.38,7.44,7.62,7.51,7.97,7.73,7.92,7.46,7.55,8.1,7.53,7.18,8.71,7.95,8.24,7.76,7.82,7.68,7.71,7.62,7.92,7.91,7.96,8.1,7.74,7.5,7.66,8.05,6.86,8.47,8.25,7.56,7.45,7.8,7.98,8.03,7.36,7.04,7.73,7.82,8.17,8.08,8.24,7.9,7.63,8,7.73,7.41,8.78
C1QTNF9 /// SPATA13,6.15,5.65,5.89,6.06,6.02,6.31,7.03,6.49,5.99,6.15,6.71,5.91,5.73,5.85,6.6,6.59,6.15,6.38,6.17,6.03,6.34,6.3,6.44,6.38,6.52,6.49,6.09,6.31,6.46,4.87,6.06,5.71,5.97,5.94,6.24,6.56,6.72,6.13,5.75,6.21,6.21,7.03,6.3,5.68,5.95,6.55,6.66,5.7,5.86,6.01
C1QTNF9 /// SPATA13,6.28,6.07,6.2,6.21,6.55,7.33,7.15,6.54,5.88,6.07,6.89,5.89,5.81,5.55,6.92,6.81,6.8,6.49,6.32,6.45,6.33,6.8,6.51,6.99,6.77,6.79,6.19,6.15,6.61,5.74,5.42,6.12,6.63,5.98,6.32,6.77,7.34,6.28,6.01,6.23,6.76,7,6.88,5.75,6.54,7.26,6.99,6.07,5.69,5.31
C1QTNF9 /// SPATA13,4.42,3.88,4.09,4.19,5.01,4.37,4.55,5.17,4.24,4.28,4.21,3.75,4.1,5.64,4.78,5.1,4.38,4.29,4.28,4.3,4.54,4.37,4.48,4.75,4.62,4.87,4.71,4.32,4.41,4.87,4.29,5.54,4.24,3.92,4.76,4.88,4.51,4.6,4.69,4.43,4.12,4.55,4.03,3.9,4.31,4.95,4.57,4,4.23,4.19
C1QTNF9 /// SPATA13,4.97,4.01,4.59,4.47,4.41,4.41,4.37,4.94,4.26,4.81,4.63,4.09,4.07,5.51,4.56,5.03,4.53,4.5,4.5,4.55,4.75,4.74,4.75,4.58,4.32,4.45,4.44,4.53,4.65,4.19,4.76,5.11,4.46,4.56,4.42,4.6,5.29,4.57,4.15,4.66,4.67,5.02,4.16,4.52,4.52,4.41,4.17,4.16,4.23,6.3
C1QTNF9B,3.71,3.68,3.72,3.52,4.11,3.81,3.8,3.73,3.62,3.55,3.83,3.72,3.75,4.43,3.63,3.95,3.83,4.01,3.53,3.54,3.66,3.74,3.66,3.66,3.97,3.78,3.56,3.81,4.08,3.67,4.27,4.24,3.8,3.47,3.67,3.54,4.06,3.95,4.65,3.64,3.82,3.7,4.19,3.96,3.87,3.45,3.8,3.5,3.66,5.57
C1R,5.1,5.06,5.36,5.4,5.63,6.24,5.35,5.09,5.41,5.12,5.35,5.25,4.93,6.7,5.31,5.6,5.78,5.09,5.65,5.36,5.57,5.48,5.4,5.41,5.53,5.91,5.21,5.28,5.19,4.96,8.16,6.1,5.58,5.32,5.35,5.69,5.7,5.93,5.32,5.53,5.75,6.03,5.19,5.98,5.97,6.38,6.11,6.01,5.51,7.85
C1R,4.07,3.74,4.08,3.98,3.72,3.92,4.88,4.46,3.88,4.08,3.8,4.16,3.89,4.22,4.08,3.92,4.05,4.04,4.02,3.81,3.79,4.04,3.96,3.86,4.31,4.13,3.78,3.74,4.05,4.68,5.72,3.84,3.98,3.77,3.76,4.05,3.91,3.96,4.58,3.84,3.98,4.31,4.07,4.7,4.34,4.36,4.12,4.08,3.9,4.43
C1R,4.8,4.61,5.16,4.99,5.03,5.18,5.69,5.48,4.82,4.95,5.05,4.68,4.6,5.56,5.07,5.07,4.83,5.03,4.98,5.14,4.86,4.85,4.61,4.97,4.83,4.85,5.16,5.12,4.9,5.16,6.14,5.72,4.89,4.89,5.14,5.12,5.62,4.96,6.43,5.23,4.58,5.3,5.17,5.65,5.29,5.91,5.36,5.09,4.84,5.25
C1RL,6.5,6.5,6.6,6.71,6.3,6.66,5.46,6.38,6.67,6.63,6.74,6.47,6.38,7.72,6.34,6.51,6.47,6.45,6.68,6.6,6.91,6.75,7.27,6.63,6.86,6.71,6.51,6.64,6.08,4.73,6.47,7.31,5.85,5.94,5.89,6.5,6.41,6.43,5.26,6.54,6.71,7.09,6.73,7.26,6.34,6.53,6.64,7.14,6.9,6.67
C1S,4.28,4.36,4.66,4.8,4.4,4.64,4.34,4.82,4.74,4.56,4.85,4.62,4.28,4.04,4.18,4.32,4.11,4.3,4.65,4.48,4.01,4.41,4.42,4.53,4.23,4.29,4.44,4.42,5,6,4.08,4.64,4.06,3.96,3.98,4.29,4.02,4.31,4.63,4.61,4.89,4.96,4.7,4.17,4.58,4.37,4.47,4.73,5.34,5.68
C1S /// EMG1,4.59,4.52,4.2,4.25,4.7,4.35,5.54,4.73,4.25,4.29,4.2,4.33,4.39,4.45,4.13,4.11,4.4,4.25,4.27,4.26,4.36,4.47,4.36,4.26,4.4,4.42,4.53,4.25,4.29,3.94,4.29,4.41,4.32,4.37,4.18,4.29,4.59,4.26,4.99,4.49,4.33,4.42,4.61,6.2,4.77,4.04,4.15,4.61,4.55,4.95
C2,4.14,4.25,4.17,4.34,4.43,4.52,4.52,4.15,4.1,4.38,4.63,4.02,4.28,5.6,4,3.93,4.08,4.12,3.92,4.24,4.1,4.42,4.31,3.8,4.07,4.17,4.3,4.33,4.14,4.86,4.43,4.29,4,4.01,4.07,4.06,4.01,3.96,4.08,4.39,4.09,4.34,4.03,3.87,4.55,4.14,4.56,4.24,4.51,4.58
C2,4.02,4.43,3.9,4.21,4.15,4.2,5.25,3.84,4.1,3.92,4.15,4.25,4.61,5.19,4.22,4.51,3.78,4.15,4.26,4.18,4.11,4.43,4.31,4.02,3.8,3.94,4.22,4.11,4.08,4.52,6.47,4.57,4.33,4.09,4.26,4.05,4.2,3.99,4.38,4,3.99,4.46,4,5.34,4.18,4.25,3.92,3.89,4.26,4.32
C2 /// CFB,4.15,4.35,4.54,4.48,4.32,4.9,4.52,4.58,4.37,4.15,4.35,4.23,4.13,5.17,4.46,4.73,4.36,4.43,4.41,4.31,4.49,4.31,4.41,4.55,4.48,4.23,4.65,4.34,4.15,5.01,5.46,5.86,4.51,4.38,4.41,4.27,4.56,4.65,4.69,4.55,4.4,4.63,4.51,6.39,5.09,4.64,4.32,4.31,4.29,6.03
C2 /// CFB,4.32,4.51,3.98,4.17,4.14,4.08,4.8,4.29,3.99,4.2,4.27,4.43,4.4,4.52,4.3,4.06,4.12,4,4.11,4.18,4.41,4.4,4.12,4.01,4.17,4.01,4.32,4.22,4.18,4.3,5.94,4.7,4.42,3.91,4.14,4.29,4.14,4.08,4.62,4.11,4.08,4.1,4.14,5.57,4.01,4.67,4.06,4,4.29,5.57
C2 /// CFB,3.49,3.74,3.57,3.75,3.74,4.16,4.55,3.68,3.52,3.49,3.61,3.54,3.66,5.32,3.51,4.02,3.51,3.93,3.82,3.67,3.72,3.56,3.68,3.81,3.59,3.86,3.47,3.69,3.52,4.88,5.77,4.18,3.56,3.79,3.67,3.7,3.64,3.51,4.77,3.41,3.67,3.68,3.52,4.19,3.39,4.35,3.4,3.58,3.59,4.69
C20orf103,5.16,5.44,5.08,5.63,5.28,5.12,4.99,5.52,5.31,5.18,5.91,5.41,5.36,5.87,5.44,5.48,5.41,5.29,5.35,5.46,5.41,5.57,5.56,4.98,5.86,5.13,5.11,5.51,5.33,5.26,5.56,6.96,5.19,5.41,5.48,5.43,5.47,5.38,5.46,5.28,5.18,5.52,5.87,5.89,5.11,5.28,5.41,5.47,5.45,6.26
C20orf103,3.66,3.67,3.71,3.69,3.98,3.59,4.11,3.74,3.62,3.8,3.91,3.69,3.72,4.19,3.7,3.93,3.74,3.84,3.99,3.95,3.86,3.71,3.77,3.61,4.1,4.01,3.64,3.83,3.86,3.8,5.46,4.99,3.87,4.02,3.73,3.8,3.88,4.09,3.78,3.69,3.65,3.72,3.87,7.21,3.93,3.77,3.71,3.9,3.83,4.16
C20orf106,4.32,4.13,4.18,4.38,4.21,4.01,4.15,4.26,4.4,4.14,4.33,4.23,4.17,4.39,4.25,4.05,4.04,4.52,4.54,4.45,4.34,4.4,4.29,4.19,4.25,4.09,4.07,4.27,4.25,3.46,4.13,4.19,4.27,4.35,4.22,4.13,4.19,4.16,4.65,4.11,4.32,4.65,4.37,4.34,4.14,4.26,4.47,4.1,4.27,3.93
C20orf106 /// C20orf107,5.14,5.14,5.24,4.95,5.25,4.74,5.18,5.05,5,4.93,5.31,5.18,4.97,5.62,4.89,5.05,4.97,5.01,5.09,4.95,5.33,4.97,5.16,5.1,5.07,5.17,5.04,4.99,4.95,5.16,5.7,4.25,4.89,4.83,4.86,5.03,4.76,5.06,5.26,5.03,4.72,4.95,5.02,4.94,5.1,4.88,4.99,5.25,5.29,4.7
C20orf108,8.59,8.66,8.65,8.65,8.42,8.66,8.38,8.84,8.66,8.79,8.91,9.02,8.88,6.37,9.18,9.05,8.91,8.88,9,8.89,9.07,9.18,9.13,9.07,9.27,9.15,8.68,8.77,8.7,9.16,5.07,6.84,8.38,8.72,8.72,9.15,8.92,8.99,7.83,8.89,8.64,9.3,9.1,7.67,8.28,8.63,8.55,8.76,8.94,7.06
C20orf11,10.73,10.76,10.7,10.75,10.88,10.92,10.6,10.77,10.72,10.79,11.02,10.71,10.6,10.08,10.83,10.65,10.68,10.7,10.67,10.67,10.69,10.8,10.85,10.72,10.68,10.62,10.78,10.86,10.86,10.92,10.17,10.68,10.6,10.61,10.61,10.84,10.76,10.68,10.67,10.6,10.67,10.9,10.94,9.96,10.66,10.67,10.74,10.68,10.77,10.39
C20orf11,9.68,9.48,9.77,9.66,9.75,9.69,9.52,9.7,9.57,9.66,9.4,9.51,9.58,7.14,9.64,9.65,9.56,9.65,9.72,9.61,9.55,9.64,9.23,9.56,9.59,9.51,9.66,9.63,9.51,9.23,5.32,7.64,9.68,9.57,9.56,9.65,9.41,9.63,9.69,9.63,9.61,9.44,9.45,6.98,9.32,9.42,9.48,9.66,9.48,7.77
C20orf11,6.82,6,6.69,6.88,5.98,5.99,5.19,6.89,6.63,6.89,5.99,6.6,6.38,7.15,6.74,6.71,6.68,6.61,6.78,6.99,6.42,6.46,6.05,6.8,7.02,6.65,6.45,7.11,5.76,5.95,5.45,6.09,6.62,6.71,6.79,6.71,6.17,7.02,4.34,6.82,6.22,6.13,5.8,6.87,6.18,6.04,6.65,6.46,6.3,6.55
C20orf111,8.79,8.7,8.86,8.85,8.76,8.67,8.61,9.03,8.73,8.91,8.74,8.77,8.69,6.52,9.11,9.1,9.09,8.59,8.61,8.49,8.84,8.89,9.03,8.97,9.05,9.04,8.75,8.89,8.82,8.56,5.88,6.51,9.46,9.41,9.39,9.07,9,9.14,8.02,8.85,8.84,9.35,9.31,7.78,9.2,9.27,9.24,8.86,8.81,6.65
C20orf111,7.19,7.04,7.37,7.13,7.29,7.35,6.62,6.89,7.11,7.19,7.54,7.32,7.01,7.42,7.65,7.42,7.6,7,7.25,6.95,7.12,7.16,7.37,7.58,7.56,7.25,6.89,7.23,7.14,7.19,7.19,6.42,7.46,7.84,7.7,7.44,7.52,7.36,6.93,7.32,6.99,7.98,7.73,8.77,7.71,7.54,7.57,7.29,7.28,8.29
C20orf112,6.49,6.56,6.15,6.61,6.36,6.47,6.17,6.81,6.51,6.64,6.92,7.19,6.91,6.5,7.97,7.87,8.05,6.27,6.2,6.23,7.58,7.68,7.79,8.01,7.98,7.84,6.36,6.63,6.2,6.25,5.17,5.31,7.58,7.79,7.76,8.04,7.92,8.01,6.48,6.8,6.82,6.89,6.86,6.68,6.3,5.97,6.57,6.76,6.8,6.33
C20orf112,4.48,4.93,4.19,4.36,4.27,4.32,5.13,4.49,4.63,4.71,4.27,4.8,4.59,5.53,4.46,4.15,4.24,4.4,4.8,4.94,4.4,4.77,4.72,4.69,4.99,5.17,4.82,4.5,4.97,6.26,4.6,5.88,4.45,4.84,4.66,4.79,4.59,4.64,6.12,4.45,4.77,4.65,4.85,5.82,4.66,4.04,4.51,4.42,4.48,5.85
C20orf114,4.27,4.33,4.38,4.2,4.67,4.53,4.72,4.65,4.2,4.06,4.24,4.29,4.54,4.57,4.28,4.22,4.25,4.1,3.95,4.11,4.52,4.27,4.44,4.12,4.22,3.96,4.25,4.14,4.57,5.11,4.75,4.99,4.34,4.36,4.49,4.27,4.35,4.19,4.9,4.32,4.21,4.33,4.34,4.34,4.14,3.98,4.19,4.43,4.61,4.54
C20orf117,7.12,7.14,7.2,7.23,7.67,7.7,7.35,7.47,7.01,7.21,7.53,7.24,7.24,7.91,8,7.79,7.78,7.22,7.21,7.29,7.67,7.91,8.01,7.96,8.01,7.77,7.39,7.26,7.54,7.28,8.42,8.4,7.59,7.77,7.8,8.11,8.13,8.15,6.9,7.46,7.58,7.74,8.08,7.03,7.01,7.35,7.14,7.27,7.54,7.32
C20orf117,5.28,5.09,5.25,5.21,5.53,5.32,6.15,5.74,5.54,4.91,4.85,5.18,4.84,5.97,5.58,5.38,4.95,5.13,5.49,5.23,5.23,5.44,5.22,5.26,5.55,5.21,5,5.05,5.29,4.65,4.36,4.34,5.07,5.27,5.24,5.34,5.17,5.55,4.92,5.68,5.15,5.61,5.08,5.26,5.35,5.17,5.33,5.07,4.86,5.86
C20orf117,4.6,4.45,4.44,4.78,4.63,5.36,5.05,4.66,4.45,4.47,4.63,4.73,4.57,5.45,4.77,4.92,4.79,4.76,4.62,4.6,4.73,4.97,4.99,4.67,4.78,4.78,4.75,4.9,4.59,4.89,6.17,5.45,4.8,4.71,4.66,4.92,4.93,4.76,5.32,4.68,5.15,4.77,4.59,6.53,4.78,4.98,4.66,4.86,4.69,6.08
C20orf118,3.65,3.85,4.07,4.08,4.17,4,3.95,4.57,3.88,4,3.89,3.98,3.91,4.41,3.88,3.66,4.11,3.94,3.9,4.07,3.95,3.67,3.85,3.66,4.07,3.66,3.79,4.02,3.9,3.82,3.97,5.41,4.06,3.83,3.82,3.94,3.76,4.13,3.77,3.99,3.89,3.95,3.83,4.78,4.17,3.89,4.22,3.84,3.89,5.98
C20orf118,4.48,4.8,4.39,4.38,4.45,4.32,4.47,4.53,4.48,4.6,4.73,4.74,4.7,4.53,4.6,4.39,4.45,4.6,4.33,4.44,4.45,4.72,4.82,4.33,4.18,4.04,4.38,4.67,4.4,5.11,5.02,4.39,4.57,4.27,4.61,4.29,4.41,4.11,4.8,4.44,4.36,4.51,4.32,5.12,4.39,4.44,4.37,4.5,4.33,4.69
C20orf12,5.82,5.33,5.62,5.76,5.26,5.84,5.2,5.86,5.74,5.7,6.03,5.73,5.67,5.03,6.06,5.98,6.28,5.48,5.64,5.62,6.17,5.9,6.06,5.75,6.17,5.82,5.85,5.62,5.63,6.03,4.56,6.36,5.83,5.54,5.78,6.4,5.58,5.87,6.37,5.95,5.87,6.49,6.53,5.5,5.92,5.83,5.78,5.91,5.88,5.26
C20orf12,5.14,4.83,5.62,5,5.21,4.36,5.1,5.36,5.39,5.11,5.35,5.26,4.87,5.16,5.18,5.12,5.67,5.15,5.12,5.43,5.87,5.21,5.23,5.39,5.28,5.25,5.33,5.63,5.38,5.88,4.4,6.53,4.95,4.93,5.15,5.11,5.19,4.85,5.75,5.03,4.92,5.37,5.91,5.3,5.27,5.87,4.87,5.11,5.19,5.57
C20orf12,5.55,5.56,5.95,5.81,5.88,5.41,5.67,6.01,5.62,5.88,5.82,5.87,5.54,6.99,5.86,5.98,5.92,6.02,5.85,5.7,5.54,6.01,6.07,5.93,5.56,6.33,5.75,5.69,6.11,4.91,5.51,6.18,5.74,5.56,5.73,6.14,5.27,6.23,5.74,5.95,5.91,6.01,6.21,5.91,6.2,5.77,6.11,5.51,6.08,6.53
C20orf123,4.05,4.19,4.08,4.33,4.43,4.36,4.76,5.07,4.26,4.47,4.28,4.59,4.07,5.38,4.57,4.3,4.3,4.23,4.16,4.12,3.87,4.35,4.35,3.98,4.41,4.36,4.33,4.33,4.3,6.49,6.66,6.25,4.25,4.15,4.38,4.56,4.82,4.4,6.47,4.46,4.27,4.17,4.25,4.71,4.29,4.44,4.54,4.33,4.5,5.85
C20orf132,4.62,4.69,4.53,4.38,4.71,4.55,4.88,4.3,4.8,4.73,4.71,4.7,4.68,4.86,4.23,4.77,4.33,4.48,4.61,4.68,4.64,4.67,4.66,4.56,4.62,4.59,4.81,4.56,5.03,5.01,5.3,5.3,4.56,4.68,4.54,4.43,4.77,4.25,4.48,4.24,4.41,4.63,4.64,4.74,4.52,4.78,4.35,4.56,4.56,4.43
C20orf132,4.67,5.75,4.94,5.27,5.4,5.24,4.91,5.31,5.22,5.21,5.49,5.31,5.15,5.53,4.69,5.33,4.9,4.99,5.29,5.05,5.3,5.16,5.05,5.05,5.07,4.94,4.93,4.92,5.55,5.25,5.33,5.51,4.85,5.55,5.57,5.47,5.56,5.26,5.06,4.93,5.12,4.95,4.98,4.92,5.5,4.81,4.83,5.13,5.12,4.85
C20orf134,4.33,4.44,4.57,4.71,5.33,4.9,4.36,4.54,4.3,4.48,4.45,4.42,4.23,4.93,4.46,4.39,4.52,4.5,4.49,4.68,4.34,4.32,4.25,4.61,4.76,4.45,4.64,4.67,4.55,4.63,4.53,5.48,4.71,4.67,4.67,4.55,4.62,4.69,5.21,4.7,4.38,4.26,4.58,4.51,4.36,4.36,4.39,4.48,4.4,4.47
C20orf135,4.67,4.57,4.56,4.91,4.67,4.88,5.21,4.97,4.81,4.54,4.73,4.88,4.64,4.99,4.67,4.73,4.74,4.97,4.96,4.7,5.02,4.73,4.44,4.66,4.52,4.59,5.09,4.99,4.68,4.63,6.57,5.14,4.37,4.78,5.01,4.95,4.66,4.63,5.34,4.71,4.63,4.9,5.02,4.59,4.59,4.36,4.84,4.56,4.46,5.49
C20orf141,4.52,4.65,4.46,4.55,4.88,4.79,4.71,4.72,4.91,4.4,4.92,4.79,4.79,4.7,4.33,4.29,4.68,4.58,4.16,4.57,4.84,4.5,4.94,4.33,4.57,4.15,4.65,4.58,4.7,4.91,6.23,5.47,4.69,4.51,4.58,4.46,4.53,4.65,4.59,4.72,4.33,4.66,4.33,5,4.32,4.37,4.66,4.51,4.62,4.74
C20orf141,4.75,4.95,4.39,4.99,4.84,5.06,4.53,4.46,4.67,4.98,4.88,5.12,4.73,5.37,4.82,4.73,4.81,4.74,4.7,4.53,5.04,4.77,4.66,4.54,4.57,4.38,5.11,4.68,5.05,5.72,4.29,5.64,4.7,4.6,4.94,4.52,5.46,4.49,5.57,4.86,4.67,5.17,4.99,5.01,4.68,4.57,4.64,4.65,4.79,4.61
C20orf141,3.63,3.46,3.7,3.74,3.66,4.09,3.63,3.88,3.7,3.49,3.81,3.65,3.44,4.17,3.57,3.81,3.62,3.73,3.68,3.8,3.83,3.61,3.53,3.56,3.8,3.71,3.7,3.93,3.79,4.28,5.53,4.79,3.81,3.42,3.76,3.61,3.92,3.89,3.77,3.92,3.65,3.86,3.8,4.66,4.05,3.85,3.81,3.92,3.68,3.96
C20orf144,3.92,4.01,3.94,3.84,4.09,4.07,4.28,3.73,3.81,3.92,3.72,3.83,4.1,4.57,3.69,3.87,3.57,3.93,3.84,3.75,4.08,3.9,3.77,3.62,3.9,3.88,3.96,3.9,4.28,4.73,5.82,4.98,4.07,3.89,3.9,3.73,3.94,3.6,4.7,3.75,3.8,3.86,3.94,4.53,4.24,3.81,3.92,3.77,4.06,4.08
C20orf151,4.94,4.8,5.16,5,5.24,5.46,5.17,5.46,4.79,4.69,4.94,4.94,4.71,5.98,4.78,5.16,5.52,5.26,5.04,5.1,4.97,4.79,4.83,5.01,4.63,4.96,5.27,5,4.8,4.18,5.49,6.21,5.43,4.84,4.96,5.08,4.95,5.05,4.55,5.31,4.97,5.31,5.1,6.69,5.27,5.16,4.75,5.01,5.11,6.52
C20orf152,4.21,4.16,4.4,4.25,5.08,4.08,4.26,4.35,4.18,4.34,4.43,4.25,4.24,4.86,4.15,4.11,4.3,4.29,4.16,4.05,3.86,4.07,4.13,4.43,4.27,4.42,4.5,4.26,4.11,5.98,4.71,5.76,4.09,4.05,4.28,4.42,4.21,4.33,4.72,4.06,4.53,4.41,4.65,5.49,4.61,5.37,4.95,4.43,4.32,4.36
C20orf152,4.83,5.1,4.65,4.79,4.86,4.98,4.46,4.45,5.06,4.67,5.52,5.2,5.35,5.5,4.97,5.14,4.61,4.74,4.94,4.7,5.29,5.27,5.02,4.84,4.31,4.61,4.62,4.63,4.98,5.3,4.64,4.56,4.93,5.05,4.92,4.49,4.79,4.54,4.38,5.03,4.67,4.88,4.65,4.37,4.61,4.71,4.67,4.99,4.88,5.05
C20orf160,4.4,4.39,4.45,4.44,4.1,4.34,4.59,4.77,4.4,4.48,4.59,4.43,4.54,5.33,4.2,4.32,3.99,4.45,4.09,4.12,4.27,4.64,4.32,4.07,4.28,4,4.22,4.3,4.34,4.18,5.33,4.66,4.49,4.83,4.6,4.25,3.62,4.23,3.95,4.28,4.41,4.26,4.63,4.56,4.34,4.19,4.37,4.23,4.11,4.78
C20orf165,4.21,4.5,4.28,4.77,4.7,4.53,4.23,4.35,4.35,4.23,4.31,4.48,4.42,4.97,3.87,4.2,4.1,4.27,4.47,4.06,4.24,4.17,4.47,4.36,4.03,4.2,4.08,4.59,4.1,4.13,4.83,3.91,4.47,4.3,4.28,4.39,4.27,4.17,4.56,4.29,4.11,4.33,4.37,4,4.41,4.58,4.48,4.23,4.47,4.65
C20orf166,4.61,4.35,4.79,4.94,4.74,4.81,5,5,4.76,4.47,4.67,4.55,4.63,5.59,4.6,4.9,4.48,4.73,4.55,4.66,4.5,4.76,4.73,4.6,4.7,4.62,4.7,4.81,4.99,4.31,5.32,5.17,4.55,4.55,4.71,4.68,4.67,4.51,4.54,4.71,4.87,4.8,4.8,4.48,4.7,4.84,4.76,4.72,4.48,5.34
C20orf173,3.74,3.81,3.77,3.94,3.91,4.34,3.97,4.53,3.86,3.77,3.93,3.71,3.77,4.76,3.74,4.17,3.99,3.66,3.75,3.9,4.27,3.83,3.74,3.83,3.88,3.75,4.03,4.1,3.82,4.34,5.18,4.46,4.04,3.89,4.1,3.83,3.9,3.81,4.37,3.93,4.05,4.05,4.38,5.05,3.8,4.38,4.43,3.97,4.03,4.12
C20orf177,6.76,6.34,6.49,6.5,7.14,6.79,6.3,6.12,6.76,6.51,6.49,5.99,5.89,4.99,6.6,6.37,6.79,7.07,7.09,7.33,6.63,6.36,6.58,6.96,6.57,7.07,7.11,6.74,6.49,6.2,7.39,5.54,6.71,5.72,6.46,7.05,6.22,6.2,6.94,6.94,6.54,6.32,6.34,4.69,7.2,6.93,6.57,6.21,6.1,5.68
C20orf177,4.31,4.47,4.46,4.56,4.04,4.62,4.69,4.75,4.6,4.43,4.56,4.24,4.27,6.1,4.45,4.34,4.61,4.34,4.75,4.78,4.46,4.1,4.39,4.51,4.14,5.22,4.35,4.63,4.35,4.12,6.39,4.02,4.4,4.55,4.53,4.72,4.29,4.45,4.83,4.39,4.58,4.39,4.13,4.35,4.56,4.96,4.86,4.41,4.88,5.45
C20orf177,7.92,8.3,7.6,7.78,6.86,7.66,6.86,7.52,8.18,7.9,8.24,8.06,8.26,6.42,7.53,7.46,7.57,7.54,7.65,7.66,7.73,7.65,8.25,7.45,7.15,7.54,7.81,7.72,8.27,7.64,5.24,6.52,7.19,7.37,6.95,7.43,7.19,7.39,6.19,7.71,7.54,7.6,7.67,6.55,7.57,7.4,7.67,7.74,8.12,7.18
C20orf185,4.06,4.23,4.45,4.44,4.38,4.63,4.21,4.23,4.15,4.33,4.61,4.07,4.18,4.99,4.44,4.26,4.35,4.41,4.67,4.37,4.57,4.13,4.31,4.67,4.24,4.09,4.25,4.74,4.36,5.63,5.63,5.05,4.2,4.32,4.45,4.16,4.28,4.11,6.17,4.45,4.18,4.21,4.43,5.67,4.68,4.03,4.28,4.25,3.92,5.28
C20orf186,3.93,3.9,3.98,3.94,3.84,3.76,4.64,3.86,3.9,3.92,4.3,4.02,3.95,4.49,3.99,4.17,4.14,3.98,3.9,4.32,3.96,3.97,3.92,3.72,4.04,3.97,4.26,4.06,4.17,4.29,5.2,5.04,4.15,3.85,4.04,3.9,4.24,4.06,3.91,4.08,3.72,3.79,4.19,4.67,3.77,4.11,4.05,3.92,3.8,5.12
C20orf19,4.67,4.76,4.89,4.62,4.66,4.93,4.91,5.05,4.68,4.78,5.1,4.5,4.35,4.6,4.9,4.57,4.94,4.95,4.94,4.79,5.05,4.7,4.98,5.35,5.07,4.76,4.81,4.49,4.16,6.15,5.09,5.44,4.27,4.62,5.04,5.29,4.88,5.03,4.91,4.94,4.98,5.98,5.29,5.65,5.01,4.98,5.09,4.79,4.97,4.22
C20orf19,4.53,4.56,4.76,4.63,4.46,4.62,5.17,4.36,4.66,4.38,4.66,4.59,4.72,4.41,4.48,4.32,4.36,4.45,4.45,4.4,4.78,4.57,4.72,4.8,4.44,4.43,4.44,4.59,4.73,5.18,7.52,5.75,4.36,4.49,4.2,4.74,4.26,4.34,5.53,4.75,4.84,5.43,5.25,5.26,5.07,4.74,4.43,4.8,4.7,3.67
C20orf19,3.29,3.48,3.54,3.54,3.42,3.33,3.7,3.3,3.47,3.31,3.55,3.36,3.51,3.51,3.43,3.45,3.47,3.58,3.44,3.44,3.65,3.56,3.45,3.4,3.54,3.4,3.36,3.6,3.33,3.8,3.69,3.94,3.49,3.52,3.37,3.27,3.43,3.45,3.6,3.36,3.31,3.4,3.62,3.77,3.24,3.27,3.22,3.25,3.71,3.58
C20orf19,4.46,4.77,4.55,4.66,4.96,5.11,5.25,4.56,4.79,4.82,5.03,4.67,4.24,4.85,4.81,4.77,4.82,4.92,4.88,4.92,4.66,4.84,4.67,4.73,5.14,4.8,5.03,4.41,4.78,4.76,7.17,6.26,4.36,4.23,4.45,4.42,5.07,4.87,4.48,4.83,4.7,5.5,5.18,5.8,4.96,5.23,4.72,5.04,4.89,6.62
C20orf194,5.82,5.92,5.68,6.05,5.13,5.87,5.48,5.74,5.85,5.71,5.75,5.71,5.51,6.06,5.42,5.13,5.87,5.39,5.51,5.57,6.13,5.92,6.17,6.11,6.15,5.75,5.68,5.64,5.47,4.26,4.01,5.39,5.06,5.42,5.22,5.79,5.27,5.9,5.05,6.21,6.15,5.95,5.7,5.64,6.25,5.93,6.02,5.81,6.04,6.15
C20orf194,4.75,4.4,4.37,4.54,5.21,4.5,4.32,4.5,4.32,4.61,4.32,4.55,4.55,5.04,4.66,4.46,4.35,4.33,4.48,4.3,4.41,4.37,4.63,4.3,4.21,4.45,4.52,4.55,4.29,4.59,4.98,4.27,4.36,4.03,4.43,4.54,4.42,4.32,4.31,4.74,4.34,4.36,4.46,5.19,4.35,4.31,4.65,4.82,4.07,4.34
C20orf194,5.66,5.73,6.04,5.95,6.4,6.28,6.05,5.87,5.78,5.99,5.93,5.85,5.88,5.35,5.86,5.72,5.82,6.02,6.03,5.69,6.08,6.13,6.37,6.13,5.98,5.69,6.12,6,5.91,6.18,5.72,5.62,5.9,5.44,5.76,5.84,6.07,5.79,5.97,5.86,6.33,6.54,6.22,5.83,6.2,6.29,6.62,5.93,6.19,7.18
C20orf194 /// UBE2F,9.73,9.8,10,9.84,10.11,9.99,9.93,10.07,9.73,9.85,9.9,9.96,9.8,9.39,9.7,9.79,9.81,9.82,9.79,9.79,10.21,9.87,9.76,9.9,9.85,9.96,10.06,9.84,9.8,9.83,8.08,9.8,9.92,9.83,9.9,9.81,10,9.86,10.18,10.1,9.98,9.76,10.09,9.83,10.01,10.05,10,9.95,9.91,8.52
C20orf194 /// UBE2F,7.02,7.03,6.77,6.74,6.24,6.53,5.65,6.95,7.21,7.07,6.77,7.13,7.18,5.91,6.68,6.41,6.68,6.37,6.65,6.67,6.95,7.09,6.94,6.71,6.76,6.91,6.8,6.73,6.65,6.01,6.01,5.2,6.65,6.79,6.48,6.96,6.41,6.69,5.61,6.86,6.81,6.58,6.41,5.41,6.44,6.34,6.81,6.91,7.22,5.45
C20orf195,4.13,4.3,4.38,4.26,4.03,4.27,4.34,4.39,4.16,4.47,4.55,4.48,4.1,4.48,4.28,4.43,4.3,4.52,4.28,4.23,4.15,4.2,4.07,4.38,4.5,3.99,4.04,4.19,4.19,4.15,4.86,4.35,4.33,4.34,4.38,4.08,4.67,4.12,4.67,4.25,4.42,4.17,4.49,4.48,4.46,4.77,4.42,4.4,4.26,5.15
C20orf196,6.03,5.86,6.09,6.22,6.46,6.38,6.01,6.2,6.06,5.96,6.51,6.34,6.04,5.51,6.29,6.37,6.24,6.35,6.3,6.14,6.14,6.19,5.87,6.46,6.38,6.07,6.53,6.28,5.99,3.43,4.5,5.65,5.99,5.8,6.39,6.25,6.24,6.25,5.99,6.29,6.06,5.83,6.27,6.59,6.37,5.57,6.22,6.66,6.29,4.99
C20orf197,3.88,3.96,3.76,3.68,3.59,3.98,4.15,3.59,3.91,3.72,3.74,3.91,3.87,3.98,3.61,3.68,3.6,3.71,3.72,3.59,4.19,3.81,3.83,3.77,3.56,3.74,3.66,3.58,3.84,4.24,4.86,4.12,3.85,3.76,3.84,3.89,3.6,3.52,3.81,3.61,3.65,3.51,3.61,4.5,3.77,3.53,3.55,3.49,3.74,4.79
C20orf197,3.68,3.91,3.92,4.09,3.68,3.8,3.92,3.78,3.98,4.03,4.16,3.73,3.81,6.09,4.24,3.89,3.91,3.92,3.85,3.99,3.74,4.06,3.91,3.77,4.03,3.83,4.04,3.91,4,4.75,6.52,3.75,3.85,3.81,3.63,4.16,3.86,3.89,4.16,3.5,3.64,3.95,3.84,5.68,3.8,4,4.1,3.73,3.74,5.84
C20orf197,4.15,4.22,4.5,4.22,3.99,4.28,4.44,4.08,4.27,4.07,4.45,4.59,4.26,5.21,4.16,4.04,4.75,4.14,4.34,4.12,3.92,4.2,4.1,4.42,4.09,3.93,3.96,4.16,4.36,3.67,4.5,5.1,4.06,4,4.19,4.28,4.23,4.1,4.02,4.08,3.97,4.19,4.23,6.32,4.1,4.57,4.32,4.16,4,6.58
C20orf199,12.82,12.85,12.89,12.92,12.97,13,12.75,12.9,12.94,12.95,13.01,12.95,12.9,12.65,13.35,13.38,13.28,12.87,12.86,12.82,13,13.03,13.01,13.23,13.29,13.25,12.97,13.03,12.86,12.69,12.21,12.37,13.34,13.41,13.4,13.33,13.35,13.32,13.03,12.96,13.03,13.19,13.19,13.06,12.85,12.85,12.82,12.96,12.86,12.57
C20orf199,11.92,11.92,11.83,11.94,11.84,12.03,11.83,11.56,12.19,11.9,12,11.88,12.26,9.71,12.15,12.13,12.25,11.66,11.76,11.59,12.04,11.96,12.21,11.95,11.99,12.18,11.95,11.83,12.22,11.71,8.64,9.68,12.23,12.16,12,12,12.32,12.04,11.67,11.81,11.99,12.16,12.34,10.58,11.92,11.88,11.77,11.97,12.03,9.33
C20orf199,12.9,12.84,12.95,12.95,12.97,12.99,12.84,12.85,13.02,12.96,12.95,12.91,12.94,12.21,13.26,13.33,13.27,12.86,12.91,12.74,13.06,13.04,13.06,13.17,13.12,13.27,12.96,12.94,12.99,12.78,11.57,11.95,13.34,13.27,13.15,13.15,13.31,13.22,13.01,12.92,13.02,13.2,13.16,12.56,12.92,12.87,12.85,12.96,12.89,11.63
C20orf199,9.48,9.59,9.61,9.51,9.42,9.53,9.6,9.71,9.52,9.64,9.71,9.37,9.38,8.65,9.2,9.46,9.3,9.19,9.38,9.22,9.48,9.45,9.56,9.39,9.59,9.34,9.61,9.58,9.71,9.38,7.81,8.96,8.95,9.09,8.98,9.24,9.25,9.11,8.95,9.6,9.49,9.91,9.96,8.31,9.79,9.85,9.89,9.56,9.57,9.03
C20orf20,7.93,7.8,7.98,7.76,8.11,7.92,7.64,8.13,7.94,8,7.77,7.86,7.73,6.75,7.33,7.38,7.53,7.97,7.89,8.08,7.44,7.5,7.42,7.67,7.69,7.54,8.03,7.98,8.01,7.97,7.98,7.42,7.7,7.6,7.47,7.49,7.74,7.57,7.88,8.04,8.05,7.86,7.88,5.95,7.71,7.75,7.73,8.15,7.94,6.2
C20orf200,5.02,4.66,5.14,5.16,5.27,4.97,5.51,5.08,5.08,4.98,4.94,4.93,4.96,6.13,5.09,5.16,4.86,4.92,5.34,5.14,5.18,5.01,5.01,5.25,4.96,4.88,5.54,4.9,5,6.71,5.25,4.46,5.29,4.95,4.99,4.97,4.95,5.2,5.38,5.02,5.1,5.36,6.06,5.59,4.93,5.34,5.11,5.21,5.12,5.25
C20orf200,5.3,5.35,5.22,5.4,5.14,5.73,6.51,5.53,5.39,5.24,5.65,5.3,5.4,6.16,5.42,5.69,5.27,5.24,5.52,5.55,5.42,5.8,5.25,5.31,5.3,5.19,5.53,5.37,5.58,5.36,6.43,7.71,5.35,5.56,5.61,5.49,5.31,5.43,5.97,5.5,5.53,5.35,5.3,5.08,5.32,5.63,5.72,5.56,5.38,6.36
C20orf200,3.65,4.1,3.98,4.03,3.83,4.08,4.8,4.35,3.88,3.84,4.15,4.03,3.88,4.32,3.92,4.01,4.03,4.03,4.01,4.03,4.09,3.94,4.2,3.93,4.16,3.87,4.35,3.95,4.21,4.23,4.01,4.46,4.01,4.23,3.85,3.74,3.82,4.16,3.94,4.02,4.13,3.84,4.05,4.14,3.89,4.18,4.01,3.77,3.92,3.91
C20orf201,4.85,5,5.14,5.09,5.06,4.86,5.35,4.38,4.78,4.85,5.15,5.23,4.96,4.66,4.8,5.08,4.82,4.85,4.88,4.82,4.96,4.92,5.07,5.03,4.88,4.48,4.84,5.09,5.15,4.07,4.74,4.75,4.8,5.05,4.8,4.86,4.43,4.65,4.8,4.52,5.39,4.95,4.96,5.1,4.72,4.96,5.28,5.23,4.66,5.66
C20orf24,11.07,11.36,11.07,11.02,11.17,11.08,10.88,10.97,11.23,11.07,11.24,11.12,11.25,10.25,11.14,11.1,11.25,10.98,11.09,10.97,11.11,10.8,11,11.02,11.03,11,11.11,11.01,11.09,10.74,9.14,10.23,11.24,11.22,11.13,11.13,11.15,11.06,10.98,11.16,11.07,10.8,10.87,10.23,10.98,10.85,10.79,11.02,11.09,10.25
C20orf24,11.65,11.71,11.63,11.61,11.51,11.48,11.3,11.77,11.59,11.8,11.5,11.73,11.68,10.64,11.88,11.82,11.88,11.53,11.56,11.57,11.56,11.58,11.33,11.57,11.68,11.67,11.67,11.76,11.63,11.34,10.27,10.65,11.82,11.99,11.98,11.76,11.66,11.88,11.25,11.66,11.56,11.46,11.35,10.24,11.43,11.35,11.55,11.65,11.62,10.66
C20orf24,10.12,9.89,10.05,9.92,9.7,9.88,9.62,9.94,10.08,9.92,9.81,9.96,10.19,8.48,10.04,10.03,10.08,9.88,9.94,9.87,9.92,9.76,9.67,9.89,9.94,9.96,9.96,9.99,10.08,10,6.37,8.25,10.07,10.2,10,10.01,10.15,10.1,10.09,9.85,10.02,9.73,9.75,8.38,9.78,9.76,9.8,10.14,9.93,8.09
C20orf24,10.97,10.91,11.02,11.02,11.03,10.79,10.9,11.06,11.04,10.97,10.77,11.08,11.02,9.31,11.03,11.16,11.13,10.98,10.86,10.9,10.94,10.88,10.78,10.99,10.99,11.02,10.99,11.07,11.01,10.71,8.74,10.33,11.22,11.23,11.21,11.05,11.04,11.17,10.85,10.96,10.88,10.86,10.75,9.02,10.86,10.8,11,11,11.02,9.58
C20orf24,10.96,11.01,10.91,10.88,10.96,10.92,10.7,10.79,11,10.91,11.06,11,11.05,10.12,11.06,11.01,11.06,10.85,10.83,10.8,10.84,10.71,10.88,10.85,10.76,10.91,10.97,10.88,10.99,10.5,9.79,10.04,11.08,11.12,11.15,10.94,10.95,10.96,10.61,10.86,10.89,10.63,10.77,10.3,10.88,10.65,10.73,10.89,11,9.84
C20orf24,10.97,11.07,11.03,11,11.01,11.01,10.82,10.94,11.05,11.03,10.94,11.09,11.04,9.82,11.13,11.03,11.22,10.93,10.99,10.9,10.96,10.86,10.85,10.9,10.92,10.97,11.11,11.01,11.11,10.94,9.01,9.96,11.19,11.22,11.17,11.09,11.06,11.14,11.17,11.08,10.91,10.75,10.84,9.6,10.97,10.83,10.9,11,11.03,9.47
C20orf26,4.04,4.27,4.09,4.31,4.63,4.88,4.52,4.47,4.31,4.39,4.3,4.33,4.25,5.4,4.43,4.26,4.17,4.54,4.08,4.35,4.02,4.4,4.22,4.09,4.28,4.18,4.04,4.24,4.19,4.64,7.88,5.58,4.17,4.5,4.59,3.93,4.08,4.17,4.19,4,4.04,4.36,4.27,4.78,4.26,4.15,4.24,4.13,3.97,5.96
C20orf26,4.06,3.67,3.77,3.8,3.79,3.49,4.63,3.62,3.72,3.97,3.84,3.96,3.79,5.22,3.88,3.48,3.79,4.04,3.84,3.67,3.94,3.78,3.57,3.81,3.71,3.6,4.27,3.88,4.07,5.88,4.34,4.24,3.8,3.88,3.64,4,3.8,3.65,4.79,3.88,4.28,3.77,3.75,7.13,3.84,3.96,4.23,4.59,3.64,4.26
C20orf27,8.88,8.76,9.14,9.02,9.37,9.07,8.81,9.28,8.85,8.9,8.99,8.84,8.75,9.4,8.53,8.79,8.65,9.21,9.11,9,8.5,8.54,8.54,8.82,8.55,8.6,9.16,9.12,9.24,9.26,8.2,9.6,8.55,8.57,8.65,8.66,9.16,8.79,9.44,9.19,9.16,8.84,8.97,9.44,8.84,9.01,8.95,9.05,9.06,9.7
C20orf27,9.56,9.44,9.79,9.7,9.9,9.87,9.54,9.8,9.57,9.7,9.44,9.55,9.37,9.68,9.23,9.18,9.17,9.68,9.64,9.64,9.25,9.28,9.09,9.39,9.34,9.19,9.73,9.68,9.77,9.14,9.33,10.2,9.21,9.19,9.17,9.27,9.41,9.42,9.89,9.79,9.77,9.54,9.58,9.21,9.52,9.46,9.49,9.6,9.65,9.88
C20orf29,7.11,6.7,7.01,7.13,7.28,7.19,7.05,7.4,7,6.92,6.5,6.79,6.68,5.52,6.92,6.94,6.93,6.77,7.04,6.83,6.83,7.1,6.99,6.91,7.06,6.95,6.92,7.07,7.11,7.7,6.23,6.22,7.13,6.92,6.97,6.77,6.99,6.97,5.59,7.17,7.06,7,7,4.98,7.2,7.15,7.1,6.99,7.02,6.59
C20orf29,4.06,4.43,4.47,4.21,4.13,4.56,4.52,4.64,4.27,4.12,4.28,4.36,4.38,4.66,4.33,4.25,4.33,4.28,4.28,4.54,4.34,4.56,4.09,4.3,4.4,4.84,4.21,4.33,4.05,6.52,4.4,4.3,4.62,4.62,4.6,4.47,4.96,4.17,3.95,4.3,4.35,4.69,4.46,4.07,4.28,3.99,4.23,4.22,3.92,5.7
C20orf29,7.52,7.2,7.72,7.7,7.94,7.88,7.7,7.75,7.59,7.48,7.69,7.39,6.76,7.66,7.32,7.2,7.35,7.54,7.75,7.31,7.26,7.34,7.83,7.51,7.64,7.5,7.73,7.65,7.81,6.6,6.29,6.95,7.5,7.31,7.48,7.67,7.9,7.55,7.42,7.75,7.85,7.39,7.68,7.69,7.97,7.91,7.88,7.74,7.55,6.71
C20orf29,3.83,3.89,4.1,3.97,3.95,4.05,4.92,3.91,3.82,3.7,3.9,4.03,3.82,4.34,3.89,4.01,3.81,3.94,3.9,3.77,3.88,3.82,3.83,3.94,3.88,3.92,3.89,3.84,3.98,5.11,5.92,4.96,3.92,3.79,3.59,3.92,4.04,4.07,4.26,4.15,4.06,3.92,4.01,4.17,4.05,4.02,4.2,3.92,4.02,4.73
C20orf3,7.97,7.49,7.79,7.98,7,7.53,7.16,7.87,7.91,7.97,7.19,7.96,7.94,4.3,7.87,7.72,7.81,7.68,7.82,7.82,7.76,8,7.56,8.11,8.08,8.16,7.72,7.9,7.33,4.69,5.27,6.4,7.65,7.92,7.82,7.81,7.38,7.83,5.8,7.84,7.78,7.59,7.09,5.48,7.49,7.48,7.89,7.98,7.78,4.55
C20orf3,8.44,7.95,8.3,8.29,8.08,7.93,8.13,8.35,8.34,8.37,7.58,8.32,8.34,6.39,8.31,8.42,8.35,8.13,8.32,8.31,8.47,8.49,7.93,8.29,8.34,8.35,8.38,8.31,8.22,5.55,6.14,6.2,8.44,8.38,8.36,8.26,8.16,8.3,7.1,8.33,8.18,8.1,8.01,6.37,8.25,8.23,8.52,8.25,8.17,7.39
C20orf3,11.59,11.61,11.67,11.6,11.65,11.69,11.61,11.73,11.57,11.68,11.88,11.7,11.51,11.58,11.67,11.68,11.63,11.5,11.59,11.51,11.68,11.71,11.77,11.75,11.76,11.67,11.63,11.55,11.62,11.67,10.14,11.61,11.53,11.67,11.66,11.74,11.6,11.68,11.36,11.73,11.61,11.7,11.69,11.34,11.66,11.62,11.71,11.64,11.66,11.21
C20orf3,8.76,7.88,8.55,8.68,8.07,8.43,8.29,8.83,8.62,8.61,7.9,8.49,8.5,6.12,8.69,8.74,8.53,8.62,8.56,8.47,8.62,8.6,8.21,8.91,8.82,8.89,8.63,8.66,8.38,7.06,5.5,6.87,8.67,8.57,8.64,8.69,8.57,8.88,7.42,8.67,8.4,8.42,8.37,5.77,8.59,8.68,8.48,8.65,8.35,7.11
C20orf30,12.08,12.17,12.1,12.07,11.84,11.93,11.75,11.97,12.09,12.12,12.1,12.23,12.09,11.53,12.06,12,12.01,12.16,12.19,12.21,12.04,12.12,12.23,12.11,12.07,12.05,12,12.03,11.99,12.02,10.12,11.19,11.58,11.72,11.78,12.02,11.92,12.08,11.81,12.17,12.07,12.18,12.02,11.64,11.95,11.9,11.95,12.08,12.05,11.14
C20orf4,7.99,7.92,8.24,8.19,8.48,8.43,7.9,8.29,8.07,7.97,8.1,8.09,7.93,5.81,8.29,8.35,8.3,8.59,8.56,8.51,8.08,8.14,8.07,8.39,8.26,8.2,8.2,8.2,8.17,7.82,7.81,6.39,8.1,8.29,8.44,8.44,8.45,8.32,8.03,8.21,8.18,8.17,8.27,6.37,7.9,8.18,8.29,8.23,8.29,6.41
C20orf4,6.99,6.09,6.93,6.87,6.16,6.37,6.31,7.07,6.74,6.81,5.64,6.62,6.53,5.31,7.02,6.81,7.08,7.39,7.01,7.51,6.79,6.49,6.21,6.95,7.09,6.81,6.6,6.78,6.06,5.73,4.85,5.65,6.9,6.89,6.93,6.8,6.25,7.27,5.37,6.96,6.67,6.17,6.29,5.11,6.82,6.22,7.05,6.94,6.47,5.4
C20orf4,3.81,3.78,3.8,3.92,3.82,3.75,3.73,4.17,3.83,3.75,3.71,4.03,3.81,4.62,4.07,4.09,3.91,4.31,3.82,4.06,4.23,3.98,3.57,3.67,3.94,3.92,3.92,3.68,3.79,4.17,5.13,3.98,4.04,3.83,3.82,3.46,3.98,3.95,3.91,3.87,3.63,3.8,3.71,4.53,4.1,3.68,3.5,4.14,3.66,3.83
C20orf43,9.25,9.1,9.16,9.2,9.04,9.13,8.92,9.3,9.15,9.16,9.02,9.26,9.25,7.24,9.51,9.38,9.52,9.21,9.17,9.17,9.44,9.33,9.32,9.31,9.43,9.48,9.25,9.22,9.26,8.82,7.44,7.4,9.18,9.3,9.25,9.42,9.35,9.48,8.82,9.4,9.07,9.07,9.14,6.72,9.21,9.16,9.37,9.37,9.23,7.15
C20orf43,11.01,10.78,11.04,11.02,11.09,11.06,10.82,11.05,11,11.11,10.82,11.18,11.02,10.33,11.27,11.2,11.19,11,10.97,10.99,11.14,11.17,10.97,11.3,11.3,11.2,11.06,11.06,10.97,10.81,9.94,10.34,11,11.15,11.18,11.2,11.19,11.29,10.78,11.21,11.06,10.96,11.02,10.76,11.1,11.07,11.14,11.11,11.08,10.72
C20orf43,10.5,10.12,10.5,10.44,10.26,10.34,10.01,10.6,10.41,10.46,9.9,10.52,10.37,8.69,10.7,10.66,10.56,10.45,10.36,10.4,10.58,10.52,10.2,10.75,10.65,10.67,10.45,10.48,10.1,9.02,8.62,9.28,10.55,10.57,10.59,10.69,10.52,10.75,10.05,10.49,10.4,10.34,10.13,9.2,10.43,10.34,10.52,10.49,10.38,8.67
C20orf43,4.41,4.5,4.49,4.57,4.07,4.47,4.85,4.5,4.22,4.23,4.34,4.49,4.29,4.64,4.36,4.12,4.28,4.23,4.54,4.64,4.15,4.35,4.19,4.64,4.74,4.36,4.81,4.62,4.21,4.36,4.73,5.46,4.65,4.72,4.23,5.01,4.35,4.07,4.67,4.68,4.38,4.43,4.22,6.4,4.24,4.26,4.81,4.36,4.15,4.39
C20orf46,4.73,4.83,4.65,4.55,5.26,4.48,4.94,4.34,4.72,4.64,4.6,4.72,4.87,5,4.39,4.49,4.41,4.3,4.64,4.97,4.89,4.65,4.74,4.72,4.58,4.4,4.51,4.63,4.71,5.13,4.8,4.75,4.3,4.5,4.78,4.48,4.6,4.57,4.77,4.36,4.68,4.42,4.73,5.16,4.62,4.64,4.93,4.54,4.8,5.57
C20orf54,3.8,3.72,3.86,4.06,3.77,3.67,3.63,3.73,4.03,4.05,4.21,3.98,3.96,4.1,3.97,3.78,3.83,4.12,3.7,3.94,4.17,4.04,4.05,3.78,4.03,3.79,3.92,3.97,4.03,3.44,3.51,4.49,3.64,4.15,4.37,3.74,4.04,3.76,3.45,3.69,3.74,4.12,4.04,3.8,3.97,4.18,3.95,3.97,3.94,4.05
C20orf54,6.91,6.76,6.77,6.93,7.05,6.84,7.18,6.83,6.92,6.76,7.14,6.91,6.86,6.95,6.76,6.93,6.5,7.06,6.61,6.77,6.74,6.88,6.87,6.69,6.72,6.46,6.88,7.01,6.68,7.53,7.46,6.13,6.92,6.45,6.86,6.83,6.88,6.66,7.64,6.76,6.64,6.9,6.68,7.51,6.76,7.39,7.12,6.94,6.85,6.87
C20orf54,4.83,4.71,5.09,4.98,4.97,4.86,4.89,4.73,4.76,4.85,4.65,4.9,4.74,5.17,4.8,5.16,4.49,4.96,4.69,4.83,4.44,4.85,4.78,4.66,5.04,4.65,4.44,4.7,4.64,5.37,5.73,4.62,4.67,4.81,4.77,4.88,5.42,4.77,5.42,4.91,4.75,4.99,4.72,5.97,4.79,5.35,4.83,4.8,4.74,5.78
C20orf69,4.56,4.43,4.29,4.22,4.28,4.8,4.33,4.22,4.5,4.5,4.43,4.47,4.3,4.77,4.27,4.71,4.58,4.42,4.48,4.52,4.44,4.5,4.26,4.72,4.2,4.27,4.48,4.78,4.21,4.42,5.4,5.04,4.24,4.77,4.48,4.47,4.45,4.49,4.95,5.19,4.28,4.41,4.59,4.68,4.78,4.62,4.43,4.63,4.36,4.85
C20orf69 /// DKFZP434B2016 /// LOC100287060 /// LOC100287654 /// LOC100288169 /// tcag7.907,4.89,5.48,5.01,5.04,4.39,5.06,4.43,5.5,5.15,5.21,4.67,4.94,5.34,4.97,4.9,4.92,5.4,5.16,5.08,5.04,5.31,4.92,4.93,5.47,5.46,5.08,5.46,4.94,4.72,4.25,7.3,5.63,5.14,5.35,5.04,5.18,5.68,4.33,6.02,5.08,4.78,4.96,5.24,5.28,5.26,4.63,5.25,4.98,4.42,4.39
C20orf7,8.45,8.39,8.44,8.36,8.25,8.34,8.54,8.43,8.41,8.4,8.37,8.28,8.3,6.44,8.53,8.57,8.69,8.56,8.54,8.42,8.38,8.17,8.12,8.36,8.35,8.39,8.41,8.35,8.4,7.42,6.1,6.64,8.82,8.84,8.88,8.52,8.74,8.48,7.82,8.29,8.49,7.93,8.02,6.9,8.48,8.28,7.99,8.37,8.36,6.41
C20orf70,3.85,3.59,3.82,3.74,3.87,4.16,4.91,3.73,3.71,3.74,3.82,3.77,3.46,4.11,3.66,3.75,3.77,3.95,3.71,3.77,3.63,3.6,3.71,3.95,3.92,3.83,3.84,3.9,3.65,4.58,5.85,5.07,3.86,3.82,3.72,3.64,4.28,3.99,4.99,4.24,4.13,3.76,3.83,5.96,4.29,3.97,3.72,3.74,3.71,4.77
C20orf71,4.08,4.14,4.45,4.42,4.04,4.01,4.35,4.67,4.13,4.38,4.32,4.29,4.17,6.47,4.48,4.48,4.27,4.41,4.56,4.67,3.94,4.54,4.31,4.5,4.42,4.8,4.39,4.2,4.35,4.73,7.56,7.76,4.25,4.2,4.46,4.44,3.99,4.44,5.2,4.61,4.25,4.65,5,5.45,4.35,4.7,4.65,4.41,4.43,7.28
C20orf72,10.46,10.46,10.46,10.43,10.44,10.41,10.08,10.14,10.53,10.44,10.69,10.38,10.39,9.68,11.08,10.92,11.06,10.57,10.57,10.57,10.33,10.28,10.46,10.61,10.66,10.66,10.45,10.47,10.36,10.23,8.6,9.5,11.02,11.12,11.13,10.96,10.84,10.99,10.15,10.39,10.51,10.17,10.23,9.83,10.24,10.31,10.15,10.37,10.45,9.87
C20orf74,4.08,4.17,4.23,4.24,4.1,4.08,4.19,3.77,4.09,3.89,4.08,4.07,4.22,4.39,4.12,4.25,3.94,4.04,4.06,3.86,4.27,4.13,4.05,3.89,3.94,3.81,3.74,4.07,4.28,3.74,6.07,5.58,4.13,4.19,4.12,3.89,3.75,3.75,4.22,3.85,4.31,3.87,4.29,5.38,3.73,4.38,4.22,4.21,4.16,4.44
C20orf74,5.34,4.99,5.53,5.09,5.37,4.87,5.01,5.37,4.94,5.23,5.25,5.31,4.86,5.85,5.2,5.2,5.18,5.18,4.88,4.85,5.42,4.92,5.25,5.18,5.08,5.15,5.19,5.13,5.12,5.16,6.47,5.88,4.96,5.19,5.04,5.14,4.93,5.11,5.41,4.91,5.13,5.45,5.37,5.19,5.18,5.09,5.4,4.96,5.08,6.38
C20orf79,3.8,4.05,4.34,3.87,4.12,4.59,5.31,4.03,3.89,4.3,4.01,3.9,3.94,4.73,3.71,4.07,3.95,3.99,4.05,4.08,3.85,4.12,4.23,3.94,3.99,4.04,3.83,4.2,4.06,5.58,5.36,4.43,3.97,3.79,3.83,3.95,3.66,3.94,4.57,4.14,4.65,4.18,4.1,6.3,4.18,4.08,4.05,4.06,4.15,4.66
C20orf85,4.34,4.43,4.4,4.54,4.56,4.77,4.51,4.47,4.45,4.67,4.5,4.39,4.38,5.08,4.54,4.33,4.37,4.49,4.61,4.32,4.46,4.67,4.49,4.38,4.42,4.37,4.72,4.65,4.43,5.81,4.9,5.76,4.16,4.41,4.35,4.25,4.62,4.4,4.46,4.73,4.33,4.59,4.64,4.44,4.43,5.16,4.32,4.72,4.4,4.66
C20orf94,5.34,5.22,5.4,5.31,5.91,6.52,6,5.58,5.51,5.51,6.02,4.93,4.91,4.43,6.01,5.96,5.96,5.7,5.68,5.69,5.65,5.51,5.91,6.37,5.94,5.56,5.81,5.06,6.1,5.18,4.36,6.32,6.11,5.22,5.67,6.37,5.87,5.54,6.12,5.44,6.1,5.8,6.17,5.6,5.8,6.26,6.33,5.25,5.29,5.46
C20orf96,4.82,4.2,4.69,4.45,4.59,5.13,5.37,5.31,4.52,4.47,4.39,4.53,4.17,5.62,4.46,4.51,4.34,4.48,4.63,4.49,4.6,4.63,4.24,5.03,4.37,4.52,4.58,4.59,5.18,5.71,6.25,5.17,4.46,4.09,4.8,4.27,4.1,4.8,5.12,5.21,4.63,4.67,5.13,5.01,5.06,5.19,4.9,4.74,4.27,5.9
C20orf96,4.31,4.31,4.71,4.58,4.62,5.12,5.2,5.39,4.34,4.22,4.32,4.27,4.38,5.55,4.61,4.85,3.98,4.64,4.25,4.18,4.4,4.3,4.26,4.37,4.48,4.4,4.54,4.92,4.73,6.08,4.88,6.35,4.31,4.52,4.33,4.39,4.71,4.79,4.53,4.89,4.61,4.7,5.04,5.35,4.89,5.54,4.69,4.5,4.7,4.33
C20orf96,4.55,4.55,4.72,4.36,4.53,4.83,6.09,4.72,4.58,4.68,4.87,4.55,4.61,4.54,4.57,4.48,4.4,4.48,4.36,4.59,4.54,4.37,4.54,4.15,4.62,4.43,4.73,4.61,4.75,5.96,6.94,5.3,4.75,4.68,4.39,4.52,4.92,4.56,5.5,4.5,4.59,5.16,4.41,4.95,4.52,4.82,4.95,4.72,4.4,5.4
C20orf96,5.29,5.12,5.21,5.31,5.83,5.35,4.63,5.42,4.98,5.05,5.43,5.34,5.1,6.3,5.21,5.27,5.07,5.41,5,5.23,5.39,5.42,5.22,5.28,5.58,4.89,5.13,5.26,5.08,5.93,6.71,5.65,5.34,5.62,5.51,5.68,5.33,5.04,4.73,5.13,5.13,4.91,5.59,5.74,4.92,5.72,5.24,5.28,4.97,6.2
C20orf96,4.26,4.13,4.24,4.47,4.7,4.42,4.14,4.18,4.08,4.24,4.31,4.44,4.29,5.81,4.16,4.66,4.43,4.61,4.23,4.57,4.42,4.33,4.17,3.98,4.46,4.47,4.66,4.73,4.04,5.59,6.39,4.99,4.19,4.07,4.07,4.58,5.03,4.43,4.61,4.3,4.12,4.56,4.1,6.4,4.41,5.15,4.74,4.65,4.39,6.57
C20orf96,4.84,4.6,5.15,5.07,4.86,6.1,4.56,5.32,4.57,4.61,4.85,4.94,4.64,5.04,5,5,4.68,5.15,5.08,4.76,4.24,5,5.01,5.13,5.05,4.69,4.71,4.99,5.22,6.82,6.33,5.81,4.83,4.78,5.03,5.09,5.31,5.15,5.81,5.16,5.23,4.66,4.9,4.95,5.5,4.75,5.02,4.62,4.74,5.09
C21orf118,3.58,3.8,3.5,3.71,3.56,3.54,3.97,3.73,3.46,3.52,3.77,3.59,3.34,3.9,3.64,3.79,3.42,3.43,3.68,3.64,3.46,3.53,3.54,3.62,3.65,3.37,3.47,3.34,3.42,3.23,3.67,3.62,3.47,3.28,4,3.4,3.37,3.58,3.39,3.59,3.36,3.52,3.57,3.69,3.28,3.61,3.31,3.78,3.33,5.88
C21orf118,4.27,4.33,4.6,4.36,4.73,4.39,4.35,4.46,4.32,4.42,4.7,4.34,4.45,4.69,4.23,4.58,4.38,4.73,4.58,4.38,4.36,4.64,4.49,4.19,4.64,4.21,4.68,4.29,4.55,4.59,6.02,4.46,4.31,4.28,4.54,4.36,4.26,4.56,4.6,4.23,4.13,4.4,4.74,5.45,4.66,4.17,4.18,4.39,4.61,6.28
C21orf125,4.11,4.39,3.9,4.18,3.73,4.07,3.76,3.97,4.26,4.02,4.19,4.51,4.21,4.92,4.1,4.03,3.78,3.92,3.96,4.29,4.03,4.06,4.16,3.91,4,4.17,4.03,4.16,4.29,3.9,3.98,4.03,4.07,4.21,3.94,3.78,3.91,3.92,4.62,3.99,3.83,4.06,4.34,3.8,3.83,3.85,4.06,4.11,4.04,4.13
C21orf130,4.02,4.09,3.81,3.76,3.97,3.96,4.75,3.65,3.69,3.81,3.74,4.35,3.79,4.57,3.85,3.68,3.58,3.95,3.96,3.61,3.85,3.71,3.74,3.6,3.9,3.39,3.84,3.76,3.7,4.65,5.3,5.43,3.95,4.12,3.79,3.93,3.87,3.64,3.85,3.75,3.87,3.81,4.17,5.8,3.63,3.77,3.96,3.79,3.88,4.66
C21orf2,7.15,7.04,7.38,7.31,7.62,7.7,7.46,7.45,7.1,7.18,7.18,7.08,6.86,6.56,6.99,7.05,6.79,7.21,7.05,7.2,7.06,6.75,6.87,6.87,7.01,6.96,7.22,7.23,7.54,6.04,5.27,7.03,6.94,6.86,7.04,6.97,7.18,7.13,8.03,7.4,7.58,7.23,7.21,6.19,7.23,7.66,7.55,7.11,7.13,7.26
C21orf2,3.72,3.79,3.86,3.8,4.92,4.19,4.07,4.05,3.56,4.09,3.94,3.93,3.54,3.86,4.14,3.94,4.05,4.02,3.84,3.87,3.73,3.76,3.73,3.74,3.98,3.84,4,3.87,4.32,4.69,5.39,7.06,4.04,4,3.82,4.04,4.37,4.15,4.41,4.47,4.48,4.14,3.93,5.06,4.54,4.16,4.19,4.22,3.81,4.6
C21orf2,7.13,7.1,7.53,7.29,7.96,7.87,7.65,7.68,7.21,7.45,7.45,7.24,7.08,7.03,7.26,6.9,7.19,7.49,7.28,7.22,7.13,7.23,7.15,7.17,7.19,7.08,7.51,7.53,7.4,6.87,6.89,8.72,7.02,7.03,7.37,7.16,7.33,7.3,7.89,7.54,7.84,7.22,7.57,6.13,7.75,7.4,7.66,7.38,7.35,7.8
C21orf2,7.22,7.13,7.41,7.09,7.27,7.64,7.55,7.4,7.03,7.3,7.7,7.3,6.94,7.69,7.03,7.08,6.93,7.5,7.47,7.03,6.91,6.96,7.13,7.12,6.96,6.89,7.13,7.41,7.45,7.17,7.63,7.93,7.28,7.38,7.13,6.98,7.06,7.1,8.56,7.43,7.23,7.24,7.43,7.41,7.03,6.9,7.42,7.33,7.06,8.02
C21orf29,3.63,4.08,3.82,3.91,4.04,3.82,4.09,3.97,4.01,3.97,4.19,3.99,4.11,5.17,3.95,3.82,4.05,3.94,3.84,3.72,3.82,4.29,3.93,3.9,3.84,4.01,4.01,3.89,4.07,4.2,4.34,4.14,4.25,3.96,3.89,3.77,3.83,3.71,4.2,3.91,3.88,4.13,3.83,5.05,4.11,4.14,3.83,3.87,4.36,5.32
C21orf29,4.88,4.72,4.44,5.11,4.78,5.04,4.51,4.5,4.73,4.78,4.83,4.75,4.7,5.52,4.42,4.75,4.61,4.92,4.78,4.7,4.73,4.68,4.73,4.74,4.84,4.84,4.87,4.62,4.72,5.05,5.59,5.03,4.92,4.67,4.51,5.1,4.85,4.71,5.36,4.78,4.63,5.23,4.7,5.33,4.8,5.16,4.61,4.53,4.67,5.38
C21orf33 /// PWP2,11.11,11.01,11.2,11.21,11.13,11.26,11.4,11.13,11.16,11.15,11.06,11.18,11.23,9.89,11.02,10.96,11.05,11.09,11.02,11.02,11.34,11.31,11.2,11.07,11.1,11.17,11.1,11.17,11.28,11.14,9.42,9.29,10.82,10.84,10.84,11.04,11.13,11.11,10.92,11.11,11.13,11.11,11.23,9.29,11.08,11.04,11.05,11.2,11.2,9.66
C21orf33 /// PWP2,8.92,8.29,8.89,8.99,8.37,8.74,7.65,9.02,8.84,8.9,8.22,8.9,8.8,6.13,8.83,8.64,8.73,8.86,8.87,8.83,9.14,8.91,8.56,8.84,8.87,9.11,8.91,8.97,8.51,6.38,7.13,6.4,8.49,8.65,8.58,8.71,8.44,9.02,8.41,8.89,8.49,8.66,8.46,6.29,8.71,8.49,8.8,8.93,8.71,6.27
C21orf34,3.66,3.6,3.47,3.8,3.52,3.41,4.55,3.44,3.83,3.61,3.54,3.69,3.47,4.46,3.52,3.58,3.33,3.41,3.62,3.4,3.82,3.75,3.59,3.48,3.59,3.42,3.43,3.65,3.53,4.2,5.14,4.79,3.56,3.66,3.43,3.46,3.62,3.51,4.37,3.51,3.54,3.62,3.69,4.32,3.64,3.35,3.58,3.48,3.51,4.15
C21orf34,3.4,3.39,3.24,3.31,3.2,3.49,3.73,3.57,3.38,3.4,3.82,3.53,3.54,3.69,3.45,3.43,3.39,3.74,3.63,3.31,3.83,3.54,3.32,3.42,3.38,3.42,3.28,3.41,3.29,3.95,3.68,3.67,3.32,3.78,3.3,3.25,3.42,3.4,4.8,3.19,3.18,3.45,3.17,3.93,3.61,3.33,3.63,3.42,3.39,3.98
C21orf37,3.9,3.86,3.47,3.71,3.64,3.69,4.11,3.54,3.84,4,3.71,3.76,4.1,4.01,3.61,3.75,3.51,3.65,3.67,3.51,4,3.96,3.63,3.63,3.44,3.36,3.69,3.62,3.73,3.57,4.25,3.83,3.61,3.77,3.71,3.45,3.55,3.53,3.76,3.49,3.65,3.43,3.79,3.99,3.68,3.58,3.8,3.62,3.55,5.87
C21orf41,4.32,4.53,4.37,4.81,4.67,4.22,5.11,3.95,4.5,4.35,4.7,4.37,4.32,4.7,4.3,4.45,4.49,4.74,4.45,4.63,4.21,4.64,4.5,4.55,4.4,4.1,4.21,4.34,4.51,5.26,4.67,5.47,4.4,4.31,4.12,4.09,4.87,4.45,4.14,4.44,4.33,4.54,4.19,5.17,4.05,3.75,4.42,4.38,4.44,4.96
C21orf45,9.54,9.51,9.49,9.49,9.57,9.56,9.6,9.61,9.43,9.65,9.64,9.41,9.32,8.21,9.41,9.42,9.42,9.42,9.44,9.41,8.85,9.1,8.94,8.92,8.96,8.96,9.62,9.57,9.58,8.59,7.3,8.48,9.56,9.66,9.62,9.45,9.37,9.57,9.19,9.71,9.59,9.27,9,8.14,9.05,8.81,9.14,9.56,9.5,7.71
C21orf45,8.1,8.33,8.43,8.18,8.12,7.92,7.89,7.92,8.71,8.22,8.32,8.03,8.14,6.79,8.03,7.85,8.23,8.07,8.12,8.17,7.52,7.56,7.7,7.48,7.16,7.65,8.34,8.17,8.2,7.37,7.26,6.94,8.29,8.19,8.06,8.23,7.92,7.96,8.05,8.07,8.32,7.63,7.68,6.38,7.69,7.22,7.36,8.28,8.44,6.67
C21orf56,6.46,6.03,6.59,6.52,6.74,6.83,5.91,5.75,6.25,6.32,6.3,6.34,6.27,6.14,6.22,6.09,6.42,6.85,6.48,6.19,6.24,6.33,6.07,6.32,6.06,6.4,6.4,6.56,6.4,5.84,7.34,5.35,6.13,6,6.24,6.11,5.92,5.96,6.25,6.54,6.43,6.54,6.86,7.31,6.62,6.3,6.44,6.4,6.46,6.27
C21orf57,8.52,8.39,8.69,8.53,8.57,8.54,8.21,8.07,8.64,8.3,8.17,8.55,8.58,6.72,8.6,8.71,8.87,8.81,9.12,8.89,8.99,8.87,8.92,8.76,8.84,8.72,8.61,8.57,8.71,7.97,6.17,7.71,8.28,8.29,8.33,8.75,8.85,8.91,7.62,8.81,8.59,9.2,9.16,6.49,8.69,8.76,8.63,8.59,8.85,6.85
C21orf57,8.95,8.95,9.08,8.99,9.34,9.1,9.27,9.04,8.99,8.96,8.8,8.95,9,8.31,8.99,9.08,9.15,9.42,9.44,9.39,9.31,9.22,9.17,9.31,9.21,9.31,9.14,9.01,9,9.1,7.41,8.18,8.83,8.88,8.8,9.18,9.33,9.34,8.99,9.23,9.3,9.54,9.7,8.45,9.33,9.27,9.12,9.12,9.04,8.65
C21orf57,9.17,9.17,9.28,9.13,9.32,9.17,9.28,9.34,9.09,9.12,8.99,9.22,9.11,8.53,9.26,9.21,9.26,9.46,9.37,9.55,9.56,9.38,9.19,9.51,9.47,9.38,9.14,9.1,9,8.6,6.62,8.79,8.98,8.92,9,9.4,9.28,9.46,9.14,9.28,9.26,9.75,9.65,8.95,9.24,9.28,9.35,9.19,9.15,8.6
C21orf57,3.53,3.77,4.06,3.6,3.89,4,4.93,3.78,3.62,3.46,3.91,3.66,3.76,4.5,3.5,3.76,3.89,3.53,3.61,3.52,3.77,3.75,3.71,3.54,3.93,3.6,3.8,3.73,3.81,5.28,5.23,5.25,3.76,3.53,3.57,3.61,3.61,3.83,5.23,3.68,4.02,4.16,4.06,5.17,3.86,4.29,3.9,3.72,3.66,4.25
C21orf58,6.41,6.33,6.45,6.67,6.27,6.81,6.63,6.49,6.37,6.6,6.65,6.13,6.14,6.64,6.23,6.02,6.03,6.69,6.51,6.31,6.13,6.04,5.88,5.67,5.79,5.99,6.53,6.25,6.64,6.31,7.37,6.74,6.18,6.17,6.3,6.42,6.42,6.43,5.99,6.16,6.21,6.5,6.49,6.23,6.31,6.61,5.65,6.08,6.11,6.33
C21orf58,4.83,4.42,5,4.97,4.78,4.44,4.55,5.72,4.79,4.65,5,4.37,4.5,3.93,4.61,4.28,4.84,5.08,5.06,4.97,4.19,4.1,4.25,4.28,4.23,4.35,5.04,4.94,4.75,5.19,4.72,4.56,5.16,5.26,5.21,4.96,4.41,5.17,3.89,4.66,5.07,4.6,4.88,3.79,4.32,4.01,4.23,4.43,4.59,4.02
C21orf58,5.32,5.48,5.11,5.53,5.76,5.52,5.24,4.87,5.26,5.31,5.54,5.28,5.38,6.37,4.8,5.5,4.77,5.35,5.5,5.21,4.8,5.12,5.38,5.34,5.17,5.08,5.54,5.2,5.38,5.77,5.17,5.17,5.62,5.43,5.02,5.58,5.52,5.16,6.1,5.48,5.21,5.17,5.22,5.79,5.26,4.89,4.99,5.47,5.21,6.01
C21orf58,4.18,4.35,4.19,4.12,4.12,4.28,4.35,4.42,4.26,4.47,4.22,4.36,4.28,4.37,4.5,4.15,4.04,4.35,4.34,4.32,4.03,4.38,4.71,4.46,4.08,4.41,4.35,4.43,4.86,4.25,5.13,4.1,4.38,4.19,4.56,4.03,4.25,4.25,3.96,4.18,4.08,4.24,4.49,4.13,4.11,4.1,4.17,4.22,4.23,4.84
C21orf58,5.1,5.35,5.69,5.49,5.54,5.82,5.59,5.28,5.15,5.31,5.65,5.11,5.21,6.22,5.42,5.23,4.97,5.34,5.48,5.34,5.13,5.12,5.3,5.12,4.85,5.18,5.3,5.44,5.62,4.75,6.58,5.02,5.11,5.02,5.06,5.14,5.15,5.4,6.31,5.12,5.4,5.36,5.52,6.13,5.41,5.44,5.66,5.34,5.33,5.47
C21orf58,4.04,4.04,4.33,4.21,4.53,4.59,4.2,4.76,3.89,4.31,4.17,4.07,4.03,4.24,4.08,4.28,4.27,4.28,4.54,4.05,4.14,3.93,4.07,4.02,3.84,4.04,4.44,4.23,4.17,4.46,4.61,5.41,4.09,4.33,4.49,4.22,4.67,4.13,4.32,4.56,4.55,4.26,5.17,4.63,4.18,4.25,4.15,3.92,4,4.13
C21orf58,4.78,4.16,4.58,4.66,4.23,4.79,4.28,4.4,4.41,4.44,4.95,4.2,4.05,4.05,4.28,4.37,4.17,4.93,4.58,4.24,4.25,3.92,3.99,4.09,3.89,3.98,4.29,4.59,4.53,5.13,5.09,4.11,4.97,4.95,4.38,4.32,4.47,4.51,4.89,4.47,4.92,3.76,4.23,4.43,4.4,4.68,4.19,4.42,4.46,4.64
C21orf59,8.59,8.67,8.59,8.64,8.52,8.84,8.48,8.61,8.87,8.72,8.54,8.46,8.9,7.77,8.38,8.24,8.6,8.65,8.79,8.9,8.6,8.28,8.57,8.31,8.21,8.27,8.82,8.56,8.87,8.44,7.06,6.03,8.3,8.31,8.21,8.31,8.45,8.36,8.44,8.72,8.76,8.5,8.67,7.05,8.6,8.43,8.51,8.61,8.89,7
C21orf59,9.86,10,9.83,9.85,9.74,9.84,9.99,9.94,9.98,9.96,9.79,9.81,9.89,9.26,9.53,9.47,9.84,9.94,9.99,9.99,9.77,9.72,9.79,9.54,9.46,9.73,9.98,9.81,10.07,9.47,7.83,9.18,9.61,9.56,9.6,9.56,9.65,9.63,9.31,9.86,9.89,9.75,9.84,7.47,9.64,9.75,9.74,9.8,10.02,8.54
C21orf59,5.74,5.01,5.01,4.97,5.37,4.41,4.65,5.93,5.45,5.31,5.02,5.05,5.29,4.93,5.46,5.49,5.2,5.23,5.41,5.62,5.08,5.53,4.61,5.5,5.71,5.21,5.43,5.69,5.18,4.28,6.25,6.08,4.93,5.39,4.76,5.38,5.15,5.43,4.59,5.49,5.03,5.36,5.01,5.59,4.86,4.9,5.94,5.01,5.34,4.53
C21orf59 /// TCP10L,3.55,3.8,3.38,3.58,4.23,3.46,3.85,3.78,3.64,3.56,3.57,3.99,4.33,4.15,3.66,3.5,3.48,3.47,3.82,3.59,4.01,3.64,3.8,3.48,3.35,3.51,3.59,3.55,3.63,5.06,5.14,3.68,3.75,3.64,3.43,3.4,3.65,3.5,3.7,3.35,3.65,3.4,3.96,3.67,3.48,3.67,3.63,3.49,3.62,3.61
C21orf62,3.72,3.78,3.84,3.86,4,3.8,3.95,3.69,3.94,3.66,3.9,3.82,3.69,3.78,3.95,3.82,4.05,4.13,3.72,3.95,3.97,3.85,3.82,3.67,3.82,3.62,3.97,4,4.14,3.99,3.99,4.65,3.82,3.9,3.85,3.86,4.19,3.72,4.31,4.04,3.73,4.15,3.72,3.89,3.77,3.9,3.8,4.06,3.79,3.88
C21orf62,3.87,3.66,3.72,3.81,3.83,3.89,4.12,4.07,3.9,3.88,3.75,3.67,3.79,3.83,3.76,4.03,3.72,3.61,3.72,3.86,3.7,3.94,3.92,3.82,4.06,3.62,3.84,3.9,4.23,3.79,4.19,3.97,3.79,3.88,3.67,3.72,3.77,3.72,4.16,3.73,3.74,4.13,4.79,4.4,3.98,3.84,3.96,3.61,3.9,4.37
C21orf63,5.4,5.49,5.76,5.55,5.81,5.89,6.25,5.44,5.61,5.65,5.74,5.57,5.47,5.19,5.57,5.45,5.67,5.91,5.73,5.46,5.42,5.52,5.51,5.44,5.53,5.47,5.51,5.57,5.71,5.63,5.34,5.11,5.32,5.77,5.69,5.48,5.3,5.43,5.73,5.75,5.59,5.88,5.64,6.41,5.83,5.58,5.62,5.53,5.52,5.32
C21orf63,5.14,5.23,5.11,5.31,4.8,4.98,5.74,5.28,5.09,5.07,5.12,4.99,5.31,4.65,4.85,4.8,5.15,5.28,4.95,5.01,4.64,4.9,4.84,5.01,5.1,5.18,4.93,5.49,4.99,5.45,5.55,5.08,5.39,5.04,5.34,5.47,5.19,5.01,4.78,5.31,5.28,5.42,5.08,4.55,4.79,4.9,4.71,5.14,5.35,4.62
C21orf66,9.51,9.49,9.36,9.37,9,9.1,8.6,9.17,9.45,9.46,9.45,9.52,9.55,7.92,9.37,9.48,9.38,9.08,9.11,9.12,9.11,9.3,9.53,9.17,9.21,9.1,9.25,9.45,9.41,8.29,7.08,8.35,9.34,9.54,9.41,9.36,9.21,9.24,8.05,9.03,9.07,9.34,9.02,8.21,9.13,8.69,9.2,9.24,9.45,7.53
C21orf66,9.31,9.42,9.08,9.2,8.35,8.47,8.39,9.21,9.28,9.48,9.15,9.37,9.36,8.54,9.38,9.31,9.21,8.75,8.99,9.16,9.08,9.22,9.11,9.2,9.19,9.08,9.03,9.27,8.94,8.02,8.1,8.6,9.29,9.5,9.42,9.2,8.72,9.27,8.33,9.04,8.83,8.92,8.72,8.35,8.93,8.68,8.95,9.09,9.02,8.44
C21orf66,5.82,5.85,5.95,6.01,6.34,6.33,5.99,6.27,6.18,5.87,6.12,5.87,5.64,5.94,5.85,5.63,5.76,5.57,5.86,5.75,5.56,5.77,5.78,5.9,5.68,5.58,6.06,5.96,5.8,6.13,6.62,6.71,5.99,6.18,6.23,6.08,6.22,5.88,6.63,5.95,6.25,5.62,5.38,5.55,5.18,6.16,5.87,6.17,6.43,5.36
C21orf66,6.88,6.85,6.72,6.8,6.79,6.8,6.27,6.95,6.98,7.06,6.67,6.86,6.82,6.6,6.82,6.85,6.66,6.28,6.65,6.84,6.5,6.72,6.97,6.89,6.65,6.87,6.95,6.91,6.77,7.3,6.17,5.93,6.87,7.2,7.15,6.98,7.12,6.89,5.67,6.76,6.46,6.59,6.25,5.9,6.78,6.83,6.58,7.06,7.24,6.07
C21orf66,6.65,6.01,5.83,6.05,5.58,5.57,5.81,5.57,6.32,6.28,5.34,5.48,5.57,4.95,6.61,6.42,6.39,6.18,6.14,6.53,6.03,6.19,5.64,6.31,6.63,6.38,5.97,6.57,5.36,5.72,5.22,4.68,7.01,6.44,6.62,6.44,5.74,6.02,4.41,5.44,5.36,5.88,5.5,5.38,6.07,5.51,6.2,5.63,5.86,6.12
C21orf66,7.5,7.28,7.07,7.21,6.47,6.67,6.55,6.96,7.55,7.61,6.95,7.64,7.19,6.41,7.38,7.43,7.3,6.84,7.03,7.43,7.37,7.2,6.98,7.11,7.41,7.36,7.3,7.38,6.97,6.86,4.81,5.43,7.51,7.77,7.55,7.21,7.34,7.39,6.26,6.88,7.11,6.84,6.5,6.27,7.19,6.58,6.84,7.34,7.35,4.98
C21orf66,5.19,5.22,5.19,5.09,5.33,4.44,4.52,4.83,5.44,5.2,4.96,5.53,5.06,6.89,5.3,5.27,5.38,4.62,5.08,5.48,4.99,4.88,5.06,4.94,4.81,5.17,4.94,5.23,4.97,4.33,6.66,5.7,5.41,5.42,5.81,5.49,4.94,5.66,4.62,4.86,4.38,4.28,4.38,5.96,5.49,4.5,4.39,4.55,4.85,5.54
C21orf67,5.45,5.78,5.52,5.62,6.12,5.57,5.11,5.45,5.77,5.64,5.75,5.87,5.81,6.05,5.81,6.09,5.98,6.19,5.73,5.77,5.81,5.87,5.84,6.02,5.73,5.87,5.87,5.55,5.54,4.45,5.33,4.9,5.95,5.82,6.12,5.77,5.73,5.8,5.55,5.77,5.73,6.09,5.8,6.16,5.88,5.43,6,5.72,5.97,5.4
C21orf67,6.49,6.75,6.6,6.82,6.96,6.81,6.26,6.83,6.53,6.35,6.56,6.66,6.57,7.93,6.6,6.73,6.61,6.44,6.45,6.72,6.6,7.03,6.52,6.68,6.65,6.53,6.54,6.87,6.8,7.04,6.69,7.58,6.81,6.38,6.84,6.7,6.42,6.84,6.26,6.74,6.71,6.84,6.81,8.16,6.87,6.75,6.63,6.67,6.46,7.91
C21orf7,4.29,4.29,4.41,4.36,4.52,4.21,4.63,4.28,4.57,4.83,4.55,4.38,4.56,4.78,4.39,4.36,4.46,4.6,4.26,4.56,4.67,4.53,4.45,4.26,4.51,4.34,4.6,4.51,4.39,5.08,6.25,5.03,4.16,4.48,3.93,4.4,4.14,4.15,4.82,4.33,4.71,4.86,4.1,5.55,4.3,4.41,4.26,4.65,4.42,4.7
C21orf7,6.15,5.96,6.45,6.38,6.41,6.11,6.35,6.53,6.12,6.18,6.45,6.18,6,7.02,6.4,6.28,6.36,5.86,6.23,6.37,6.17,5.99,6.26,6.25,6.22,6.32,6.13,6.26,5.99,6.27,6.29,6.67,5.67,6.07,5.98,6.29,5.87,6.25,6.7,6.32,6.57,6.41,6.62,7.67,6.58,6.56,6.46,6.16,6.17,6.49
C21orf7,4.3,4.17,4.33,4.49,4.46,4.85,4.99,4.71,4.37,4.46,4.35,4.25,4.42,5.21,4.6,4.5,4.57,4.71,4.31,4.43,4.55,4.43,4.33,4.67,4.41,4.4,4.43,4.44,4.14,5.98,6.59,4.51,3.98,4.4,4.17,4.28,4.34,4.41,4.9,4.52,4.41,5.15,4.46,6.27,4.56,4.49,4.73,4.6,4.47,4.91
C21orf7,5.16,4.78,5.15,5.17,4.46,4.48,4.44,4.99,5.12,5.47,5.25,5.17,5.03,5.11,5.11,4.98,4.67,4.98,4.93,5.06,4.94,5.16,4.88,4.87,5.05,5,4.84,5.07,4.8,3.72,5.72,5.73,4.79,4.98,5.02,5.38,4.89,4.99,5.64,4.8,4.98,4.9,4.91,4.87,4.79,5.01,5.74,4.47,4.72,5.82
C21orf70 /// LOC729535,8.07,7.86,8.18,8.16,8.33,8.29,7.98,8.28,8,7.93,7.8,7.86,7.9,5.11,8.05,8.07,8.08,8.23,8.09,8.06,8.19,7.76,7.82,8.08,7.98,8.11,8.18,8.04,8.12,8.07,6.39,5.58,8.45,8.28,8.22,8.16,8.51,8.27,8.56,8.18,8.23,8.15,8.04,6.93,8.25,8.22,8.1,8.02,8.21,6.75
C21orf74,3.79,3.75,3.61,4.03,3.73,4.06,4.03,3.7,3.89,3.62,3.96,4.02,3.77,5.25,3.81,3.84,3.86,4.1,3.82,3.89,3.89,3.85,3.7,3.87,3.97,3.9,3.97,4,4.16,4.13,4.86,3.8,3.69,3.43,4.13,3.98,3.91,3.53,3.68,3.83,3.54,3.98,3.85,4.94,3.74,3.78,3.72,3.85,4.07,4.65
C21orf82,4.42,4.43,4.55,4.34,4.78,4.41,4.44,4.56,4.32,4.37,4.56,4.31,4.41,5.8,4.24,4.52,4.25,4.2,4.48,4.43,4.56,4.53,4.81,4.36,4.43,4.36,4.57,4.47,4.54,5.14,4.42,4.86,4.55,4.5,4.57,4.61,4.22,4.43,4.86,4.74,4.22,4.36,4.71,4.97,4.85,4.68,4.55,4.35,4.64,5.51
C21orf84,4.21,4.48,4.47,4.54,4.85,4.6,4.37,4.35,4.65,4.37,4.52,4.63,4.38,5.25,4.7,4.69,4.54,4.48,4.65,4.5,4.44,4.67,4.63,4.61,4.53,4.46,4.86,4.5,4.51,6.58,5.53,6.87,4.51,4.32,4.61,4.42,4.58,4.3,4.86,4.76,4.74,4.85,4.48,6.2,4.35,4.56,4.59,4.34,4.56,5.76
C21orf84,4.38,4.32,4.56,4.13,4.41,4.51,4.94,4.47,4.35,4.29,4.25,4.47,4.09,5.32,4.31,4.4,4.39,4.21,4.39,4.3,4.12,4.38,4.22,4.58,4.85,4.86,4.32,4.39,4.27,4.16,6.14,4.45,4.29,4.07,4.42,4.19,4.65,4.79,4.24,4.21,4.04,4.26,4.36,4.49,4.47,4.62,4.49,4.18,4.28,4.21
C21orf86,5.41,5.8,4.98,5.18,5.4,5.22,4.91,4.89,4.92,5.37,5.51,5.64,5.78,5.89,5,5.5,4.96,4.95,5.11,4.99,5.44,5.6,5.89,5.1,5.04,5.37,5.1,5.45,5.38,4.86,5.29,6.01,5.07,5.36,4.87,4.99,4.63,5.45,5.56,4.96,4.75,5.3,5.07,6.53,4.76,5.44,5.26,5.27,5.07,5.8
C21orf87,4.35,4.24,4.07,4.57,4.53,4.24,4.48,4.14,4.16,4.21,4.88,4.36,4.13,5.41,4.68,4.35,4.03,4.58,3.91,4.13,4,4.15,4.15,4.21,4.39,4.23,4.02,4.65,4.37,4.83,4.98,4.59,4.34,4.44,4.35,4.23,4.21,4.46,4.29,4.3,3.95,4.43,4.24,4.75,3.86,3.78,3.98,4.16,4.16,5.89
C21orf88,3.68,4.12,3.83,3.61,3.82,3.74,3.72,3.64,3.76,3.84,4,3.72,3.79,3.95,3.69,3.77,3.99,3.84,3.71,3.54,3.67,3.89,3.87,3.79,3.84,3.75,3.79,3.63,4.03,3.56,4.02,4,3.87,3.83,3.76,3.81,3.74,3.48,3.94,3.66,3.77,3.49,3.85,4.83,3.84,4.16,3.81,3.46,3.9,4.44
C21orf88,3.99,3.94,4.26,4.17,4.22,4.15,4.69,4.77,3.98,4.09,4.16,4.32,4.03,4.09,4.27,4.43,3.96,3.89,4.04,4.18,4.19,4,4.32,4.1,4.07,3.83,4.15,4.23,4.08,3.77,6.87,4,4.12,3.93,4.2,4.21,4.22,3.87,4.22,4.14,4.12,3.99,3.82,4.98,3.82,4.11,4.06,4.25,4.09,5.77
C21orf89,4.4,4.45,4.54,4.58,4.33,4.62,4.42,4.42,4.44,4.43,4.54,4.5,4.45,4.79,4.89,4.75,4.44,4.73,4.64,4.62,4.6,4.46,4.72,4.5,4.86,4.3,4.6,4.61,4.32,3.92,5.75,6.32,4.41,4.54,4.67,4.4,4.95,4.75,4.49,4.74,4.51,4.63,4.51,4.4,5.04,4.34,5.15,4.39,4.44,4.8
C21orf90,5.61,5.54,5.85,5.59,5.38,5.39,4.97,5.52,5.41,5.44,5.95,5.47,5.34,5.37,5.51,5.44,5.48,5.58,5.65,5.83,5.72,5.48,5.64,5.62,5.6,5.59,5.59,5.77,5.72,5.45,5.8,6.46,5.76,5.5,5.74,5.45,5.79,5.48,5.25,6.01,5.81,5.77,5.27,5.67,5.57,5.38,5.96,5.83,6.03,6.84
C21orf91,6.74,6.48,6.55,6.82,6.58,6.47,6.13,6.72,6.82,6.78,6.53,6.68,6.52,5.71,7.21,6.99,7.16,6.71,6.35,6.77,6.68,6.64,6.67,7.04,7.06,7.03,6.82,6.72,6.12,5.84,4.38,3.83,7.25,7.39,7.31,7.27,7.23,7.3,6.15,7.12,6.98,6.51,6.01,5.24,7.12,6.81,6.54,6.81,6.76,5.71
C21orf91,9.84,10.24,9.75,9.99,9.74,9.98,9.7,10,10.04,10.02,10.26,10,10,10.39,10.42,10.32,10.34,9.81,9.75,9.74,10.03,10.31,10.26,10.06,10.07,10.02,9.89,9.95,9.96,9.6,9.44,10.08,10.19,10.22,10.32,10.34,10.21,10.19,9.8,10.1,10.22,9.89,9.93,10.4,9.62,9.64,9.76,10.07,10.05,9.96
C21orf93,4.3,4.53,4.61,4.61,4.55,4.63,4.47,4.59,4.38,4.59,4.74,4.79,4.43,5.92,4.38,4.63,4.46,4.71,4.55,4.71,4.72,4.59,4.68,4.79,4.67,4.89,4.29,4.67,4.34,5.66,5.13,6.6,4.38,4.67,4.31,4.34,4.44,4.31,4.39,4.55,5.08,4.44,4.8,5.48,5.18,4.44,4.83,4.74,4.61,7.94
C21orf94,4.01,3.95,3.93,3.94,4.17,4.26,4.57,3.97,4,4.06,4.13,3.96,4.1,5.83,3.94,4.44,3.77,4.1,3.9,3.88,4.36,3.98,4.1,3.95,3.85,3.97,4.04,3.94,4.3,5.78,5.46,5.34,3.98,3.74,3.9,3.9,4.23,3.96,4.5,3.93,3.94,3.9,4.26,5.24,3.95,4.13,3.59,4.08,4.15,5.07
C21orf99,3.81,3.91,3.72,3.76,4.21,3.91,5.19,3.86,3.95,3.72,3.86,3.83,3.73,5.13,3.61,3.72,3.65,3.73,3.7,3.77,3.68,3.85,3.9,4.05,3.7,3.77,3.77,3.77,3.89,4.97,4.62,4.76,3.73,3.72,3.78,3.85,3.75,3.73,4.54,3.62,3.82,3.86,4.15,4.1,4,4.18,3.85,3.69,3.75,5.75
C21orf99,4.44,4.94,4.11,4.5,4.95,4.32,5.07,3.93,4.15,4.15,4.42,4.81,5.04,5.67,4.08,4.21,4.04,4.19,4.17,3.96,4.47,4.56,4.54,4.13,4.05,3.97,4.16,4.27,4.67,4.55,6.89,4.47,4.23,4.17,4.27,4.05,3.96,3.85,4.74,3.7,3.81,4.33,4.02,4.67,4.36,5.3,4.23,3.99,4.2,4.61
C22orf13,9.32,9.25,9.5,9.44,9.63,9.61,9.49,9.32,9.38,9.37,9.39,9.03,9.17,7.87,9.07,8.97,9.21,9.24,9.27,9,9.13,9.05,9.2,9.02,9.03,8.95,9.38,9.23,9.48,9.75,7.92,7.81,9.32,9.29,9.22,9.22,9.16,9.24,9.45,9.34,9.41,9.33,9.4,7.92,9.23,9.24,9.31,9.29,9.42,8.25
C22orf13,5.72,5.33,5.76,5.83,5.5,5.21,4.95,5.65,5.99,6.03,5.3,5.67,5.26,4.96,5.76,5.68,5.58,6.07,5.96,6.27,5.74,5.73,5.31,5.82,5.52,5.53,5.53,6.1,5.1,5.07,5.29,4.45,6.07,6.01,5.99,5.42,5.03,5.64,4.85,5.96,5.26,5.53,5.29,7.21,5.5,5.35,5.69,5.82,5.31,5.55
C22orf15,4.11,4.4,3.96,4.02,5.04,4.77,5.13,4.41,4.01,4.17,4.22,4.47,4.17,4.63,4.52,4.35,4.1,4.2,3.96,4.27,4.21,4.22,4.17,4.2,3.92,4.38,4.36,4.31,4.38,5.69,5.09,6.78,4.52,4.25,4.4,4.14,4.54,4.15,5.31,4.33,4.18,4.69,4.73,4.8,4.06,4.47,4.4,4.09,4.31,5.08
C22orf15,4.2,4.14,4.23,4.44,4.45,4.18,5.35,4.1,4.17,4.48,4.22,4.2,4.03,4.76,4.23,4.33,4.03,4.29,4.3,4.27,4.1,4.42,4.37,4.41,4.19,4.23,4.66,4.17,4.6,5.41,4.49,4.56,4.63,4.1,4.53,4.37,4.87,4.25,5.07,4.26,4.03,4.78,4.62,4.37,4.21,4.76,4.13,4.2,4.22,5.35
C22orf15,3.93,4.24,3.95,4.37,3.91,4.11,4.92,4.24,4.01,4.32,4.25,3.87,4.03,5.02,4.01,4,3.92,4.17,4.16,4.18,3.99,3.89,4.03,4.2,3.88,4.25,4.27,4.03,4.14,5.9,5.62,6.44,4.44,4.16,4.47,4.25,4.31,3.82,5.4,4.12,4.08,4.59,4.79,4.92,4.38,4.68,3.93,4.07,4.42,4.97
C22orf15,4.42,4.44,4.74,4.65,4.77,4.71,4.85,4.93,4.64,4.41,4.61,4.6,4.53,5.26,4.53,4.72,4.63,4.69,4.46,4.48,4.76,4.84,4.53,4.52,4.86,4.59,4.88,4.54,4.93,5.92,6.21,5.39,4.47,4.73,4.65,4.42,4.81,4.61,5.45,4.64,4.47,4.65,4.75,6.05,4.51,5.38,4.76,4.74,4.7,5.77
C22orf23,5.07,5.25,5.19,5.17,5.61,5.09,5.56,5.07,5.27,5,5.52,5.13,5.15,6.73,5.67,5.07,5.16,5.57,5.31,5.22,5.5,5.28,5.54,5.33,4.88,5.38,5.39,5.44,5.22,4.5,5.09,5.3,5.74,5.14,5.16,5.18,5.45,5.29,5.91,4.95,5.64,5.18,5.23,5.91,5.23,5.34,4.76,5.34,5.01,5.51
C22orf24,4.52,4.54,4.79,4.3,5.41,4.95,5.28,4.71,4.42,4.64,4.22,4.38,4.33,5.73,4.69,4.52,4.47,4.49,4.54,4.46,4.46,4.68,4.2,4.76,4.71,4.39,4.77,4.5,4.68,4.76,6.98,5.02,4.53,4.4,4.49,4.71,4.87,4.56,4.9,4.7,4.57,4.95,4.72,5.5,4.74,4.63,4.38,4.6,4.48,5.03
C22orf24,4.65,4.76,4.85,4.46,5.25,5.06,6,4.66,4.5,4.85,4.87,4.79,4.5,6.02,4.54,4.8,4.48,4.47,4.54,4.32,4.85,4.92,4.69,4.58,4.24,4.73,4.55,4.74,4.68,5.41,7.95,6.26,4.68,4.61,4.63,4.57,4.19,4.26,4.56,4.05,4.84,4.97,4.85,5.39,4.91,4.57,4.61,4.49,4.5,6.09
C22orf24,4.39,4.13,4.21,4.19,3.88,3.98,3.92,4.2,4.25,3.84,4.27,4.09,4.07,4.93,4.15,4.11,4.17,4.53,4.32,4.12,4.35,4.18,4.03,4.17,4.44,4.45,4.54,4,4.25,4.13,7.12,5.07,4.34,3.91,4.2,4.29,4.35,4.19,4.33,4.14,4.23,4.23,4.06,4.97,3.88,3.89,4.05,4.15,4.32,5.21
C22orf25,4.35,4.14,4.48,4.48,4.43,4.48,3.77,4.21,4.36,4.28,4.21,4.41,4.29,4.37,4.46,4.44,4.48,4.55,4.34,4.67,4.23,4.41,4.22,4.15,4.49,4.21,4.36,4.46,4.51,4.68,6.39,4.56,4.2,4.81,4.18,4.34,4.08,4.46,4.8,4.18,3.91,4.3,4.86,5.86,4.77,3.94,4.47,4.27,4.3,4.24
C22orf25,8.08,8.08,8.2,8.09,8.24,8.28,8.21,8.34,8.06,8.17,8.22,8.16,8.18,7.11,8.02,8.15,8.09,8.3,8.16,8.17,8.09,8.22,8.36,8.35,8.31,8.37,8.43,8.29,8.29,7.74,6.54,7.32,8.05,8.02,8.19,8.17,8.31,8.32,7.97,8.31,8.27,8.32,8.55,7.58,8.24,8.38,8.27,8.16,8.39,6.01
C22orf25,6.68,6.24,6.85,6.62,6.36,6.72,6.26,7.21,6.55,6.89,6.4,6.82,6.22,5.16,6.82,6.64,6.79,6.82,6.82,6.89,6.63,6.75,6.35,7.06,6.93,6.81,6.51,6.91,6.35,5.55,6.49,4.61,6.53,6.87,6.46,6.88,6.11,6.74,4.73,6.64,6.7,6.87,6.58,6.28,6.46,6.24,6.93,6.79,6.59,6.18
C22orf25,6.12,5.63,5.9,5.94,5.71,5.65,5.53,6.25,6.02,5.8,5.68,6.02,5.83,6.27,6.09,6.17,6.01,5.96,6.06,6.11,5.91,6.16,5.66,6.2,6.22,6.04,5.95,5.94,5.48,5.15,5.78,5.93,6.09,6.21,6.26,6.05,5.37,5.92,5.59,6.01,5.78,5.73,5.65,6.7,5.6,5.8,5.85,6.05,5.63,6.65
C22orf25,6.26,5.96,6.56,6.36,5.98,5.78,5.87,6.78,6.21,6.39,6.19,6.4,6.13,6.23,6.46,6.39,6.46,6.31,6.37,6.51,6.25,6.42,5.87,6.5,6.4,6.3,6.39,6.62,6.29,5.35,6.5,7.36,6.16,6.15,6.35,6.05,5.61,6.4,6.19,6.58,6.57,6.18,6.19,5.64,6.46,5.95,6.49,6.37,6.07,7.03
C22orf25,5.07,4.81,5.13,5.33,4.99,5.29,4.97,5.42,5.05,5.66,4.8,5.21,5.04,4.54,5.19,5.11,5.16,5.3,5.3,5.27,5.12,5.08,5.01,5.27,5.4,5.51,5.35,5.43,5.18,4.09,5.4,4.71,5.03,5.1,5.47,5.24,4.84,5.12,4.95,5.14,5.14,4.78,4.78,5.9,5.04,4.67,5.12,5.04,5.08,4.71
C22orf25,6.08,5.49,6,6,5.13,5.69,4.68,6.49,5.68,6.03,5.47,5.85,5.6,5.78,6.08,6.01,5.8,6.13,6.18,6.07,5.67,5.82,5.47,6.31,6.23,6.16,5.83,6.14,5.83,4.19,4.69,4.81,6,6.05,6.06,5.84,6.21,5.95,4.89,6.38,6.15,6.07,5.73,5.29,5.81,5.4,5.78,6.02,5.91,5.7
C22orf26,4.55,4.88,4.7,4.67,5.18,4.36,4.62,4.44,4.42,4.27,4.5,4.63,4.53,4.69,4.71,4.66,4.42,4.65,4.2,4.21,4.49,4.63,4.37,4.22,4.42,4.41,4.52,4.45,4.53,5.04,4.2,6.23,4.2,4.39,4.7,4.5,4.65,4.67,4.79,4.74,4.88,4.79,4.6,4.6,4.24,4.57,4.44,4.96,4.36,5.77
C22orf28,10.41,10.46,10.42,10.45,10.53,10.56,10.45,10.39,10.55,10.45,10.5,10.44,10.51,8.24,10.54,10.36,10.67,10.58,10.55,10.5,10.43,10.23,10.4,10.3,10.29,10.35,10.52,10.42,10.45,10.75,8.67,9.52,10.56,10.56,10.55,10.53,10.53,10.47,10.61,10.6,10.52,10.46,10.58,9.31,10.43,10.38,10.28,10.49,10.52,8.96
C22orf28,8.65,8.07,8.72,8.81,8.23,8.49,8.2,8.73,8.56,8.63,7.91,8.33,8.47,8.32,8.64,8.78,8.63,8.71,8.81,8.86,8.41,8.24,7.8,8.63,8.3,8.54,8.73,8.45,8.15,7.44,6.97,6.57,8.73,8.92,8.8,8.62,8.49,8.74,8.16,8.67,8.5,8.4,8.34,8.5,8.45,8.22,8.33,8.49,8.57,8.54
C22orf28,9.77,9.74,9.71,9.67,9.02,9.38,8.89,9.53,9.83,9.72,9.56,9.74,9.81,7.56,9.76,9.43,9.64,9.74,9.81,9.65,9.55,9.52,9.58,9.37,9.26,9.62,9.66,9.6,9.45,8.69,7.34,8.49,9.86,9.8,9.61,9.59,9.44,9.69,9.27,9.68,9.59,9.66,9.36,7.14,9.37,9.01,9.44,9.76,9.84,7.65
C22orf28,9.3,9.14,9.1,9.17,8.44,8.95,8.53,8.91,9.36,9.22,8.92,9.17,9.42,6.94,9.07,9.02,9.12,9.2,9.3,9.36,9.3,9.03,9.13,8.92,8.72,9.08,9.04,9.09,9.04,8.51,7.41,7.93,8.97,9.26,8.91,9,9.01,9.15,8.92,9.09,9.18,9.14,8.93,8.1,8.63,8.63,8.55,9.23,9.42,6.42
C22orf28,10.39,10.45,10.51,10.43,10.56,10.64,10.41,10.42,10.49,10.44,10.51,10.36,10.51,8.45,10.6,10.43,10.65,10.57,10.52,10.51,10.4,10.27,10.37,10.3,10.18,10.3,10.49,10.39,10.39,10.72,9.05,8.79,10.42,10.4,10.51,10.56,10.59,10.46,10.43,10.54,10.55,10.4,10.57,7.7,10.35,10.3,10.35,10.49,10.56,7.72
C22orf28,10.76,10.75,10.84,10.81,10.87,10.85,10.87,10.81,10.81,10.78,10.78,10.79,10.71,9.08,10.88,10.83,10.85,10.95,10.96,10.89,10.75,10.69,10.67,10.75,10.69,10.64,10.85,10.79,10.88,10.98,7.31,9.77,10.96,10.97,11.03,10.96,10.89,10.9,10.99,10.95,10.9,10.93,10.92,9.44,10.73,10.58,10.77,10.84,10.9,9.36
C22orf29,6.01,5.11,5.48,5.46,5.65,5.04,6.04,5.95,5.44,5.49,5.41,5.45,5.08,4.82,5.29,5.85,5.36,5.69,5.64,5.81,4.96,5.54,5.27,5.51,5.48,5.43,5.76,5.69,5.69,5.49,7.05,5.73,5.62,5.73,5.65,5.92,5.46,5.74,5.6,5.78,5.5,5.67,5.33,5.9,5.43,5.42,5.81,5.75,5.51,6.94
C22orf29,6.76,6.66,6.93,6.79,6.53,7.24,7.35,6.77,6.86,6.56,7.07,6.43,6.47,6.59,6.77,6.76,6.72,6.62,6.95,6.65,6.49,6.34,6.85,6.62,6.64,6.59,6.75,6.74,6.88,6.68,5.93,6.07,6.66,6.53,6.51,6.63,6.81,6.95,6.55,6.72,6.63,6.85,6.66,7.89,6.47,6.57,6.96,6.87,6.86,5.75
C22orf29,7.01,7.1,7.24,7.06,7.21,7.23,6.92,7.11,7.04,7.03,7.22,6.96,6.68,6.85,7.16,7.23,7.18,7.06,7.07,6.83,6.85,6.94,7.05,7.02,7.35,6.67,7.41,7.11,7.32,6.18,5.68,5.52,7.18,7.3,7.53,7.3,6.84,6.95,6.69,7.02,7.36,7.13,6.67,5.92,6.73,6.54,7.12,6.75,7.13,5.63
C22orf29,8.4,8.37,8.42,8.59,8.64,8.71,7.65,8.35,8.46,8.51,8.69,8.53,8.34,8.1,8.78,8.52,8.67,8.73,8.64,8.7,8.27,8.34,8.39,8.55,8.47,8.3,8.63,8.56,8.49,8.17,7.26,8.33,8.25,8.4,8.44,8.68,8.46,8.57,7.59,8.61,8.62,8.53,8.48,7.69,8.25,7.96,8.11,8.31,8.61,9.15
C22orf29,6.43,5.99,6.25,5.98,6.55,6.68,5.65,6.49,6.02,6.01,6.33,6.05,5.88,5.47,6.19,6.22,6.21,6.44,6.07,6.39,6.17,6,6.04,6.1,6.19,6.05,6.11,6.09,6.17,5.31,5.45,6.89,6.2,6.23,6.21,6.46,6.07,6.02,6.59,6.54,6.35,6.12,6.41,6.08,5.98,6.11,6.08,6.19,6.08,5.25
C22orf30,9.81,9.62,9.88,9.78,10.15,10.09,9.86,10.04,9.73,10.04,10.15,9.78,9.67,9.68,9.82,9.91,9.78,9.85,9.86,9.83,10.02,9.92,9.98,9.93,10.03,9.64,9.86,9.87,9.98,9.85,5.62,9.64,9.65,9.71,9.67,9.77,9.93,9.75,9.76,10.04,10.05,10.16,10.26,9.58,9.92,10.04,10.04,9.94,10.01,9.57
C22orf30,3.88,3.76,3.79,3.9,3.83,3.91,3.77,4.43,3.84,3.71,4.1,3.88,4.17,4.34,4.03,3.87,3.64,3.81,4.06,3.91,4.17,3.99,3.86,3.79,3.84,3.64,3.67,4.01,3.85,3.75,4.97,4.49,3.97,4.07,3.75,4.31,4.02,3.93,3.86,4.16,4.06,4.36,3.77,4.29,3.9,4.08,3.96,3.86,3.83,4.03
C22orf30 /// PISD,7.74,7.29,7.66,7.6,7.27,7.62,7.27,8.02,7.42,7.75,7.52,7.51,7.6,6.54,7.85,8.05,7.9,7.37,7.47,7.65,7.52,7.33,7.33,7.8,7.81,7.73,7.81,7.59,7.55,6.23,5.24,6.02,7.95,7.93,7.99,7.88,7.83,7.69,6.88,7.61,7.4,7.57,6.98,6.47,7.43,7.54,7.74,7.48,7.54,6.16
C22orf30 /// PISD,5.99,5.33,5.99,5.43,5.59,5.48,5.1,5.53,5.91,5.79,5.17,5.61,5.49,5.51,5.84,6.12,6.19,6.04,5.77,5.67,5.55,5.82,5.4,6.21,6.24,6.03,5.67,6,5.52,4.57,5.01,5.91,6.01,6.14,6.13,6.11,5.61,5.97,5.58,5.98,5.53,5.4,5.05,5.31,5.44,5.03,5.54,5.61,5.71,6.12
C22orf30 /// PISD,6.08,5.5,6.05,5.8,5.67,5.82,5.49,6.14,5.98,6.12,5.77,5.9,5.67,5.65,6.1,6.01,6.06,6.11,5.73,6.08,5.84,5.66,5.38,5.97,5.95,6.19,6.22,6.19,5.78,5.43,5.65,5.17,6.25,6.25,6.38,6.25,5.79,6.28,5.48,6.02,5.85,5.82,5.14,6.13,6.19,5.54,5.98,5.91,5.72,5.14
C22orf30 /// PISD,8.4,8.36,8.59,8.44,8.83,8.81,9.35,8.71,8.27,8.49,8.47,8.35,8.07,7.57,8.41,8.73,8.46,8.28,8.6,8.44,8.28,8.45,8.58,8.71,8.57,8.54,8.61,8.48,8.66,8.61,7,7.21,8.64,8.74,8.75,8.61,8.81,8.62,8.58,8.48,8.58,8.82,8.61,8.97,8.61,8.52,8.67,8.5,8.61,7.23
C22orf31,4.44,4.52,4.54,4.68,4.15,5,4.72,4.73,4.32,4.43,4.57,4.38,4.38,5.05,4.47,4.51,4.27,4.62,4.29,4.68,4.43,4.37,4.62,4.36,4.49,4.37,4.76,5.03,4.36,4.78,6.53,5.02,4.53,4.57,4.75,4.19,4.44,4.23,4.39,4.6,4.57,4.6,4.61,5.78,4.75,5.13,4.77,4.59,4.54,5.7
C22orf32,7.1,6.88,7.11,7.11,7.07,7.35,7.59,7.54,7.29,6.97,6.94,7.17,6.87,7.23,7.21,7.21,7.05,7.21,7.24,7.17,6.83,7.34,7.21,7.24,7.39,7.34,7.09,7.2,6.95,7.24,7.91,7.23,7.09,6.68,6.97,7.3,7.06,7,7.14,6.99,7.1,7.5,7.12,8.07,7.28,7.21,6.94,7.29,6.84,7.57
C22orf32,10.41,10.26,10.49,10.4,10.3,10.36,10,10.55,10.45,10.48,10.32,10.54,10.47,9.42,10.24,10.26,10.23,10.56,10.72,10.6,10.4,10.4,10.32,10.4,10.44,10.41,10.5,10.49,10.27,10.02,10.06,9.86,9.88,9.91,9.87,10.47,10.2,10.39,10.37,10.59,10.45,10.49,10.43,9.65,10.5,10.32,10.49,10.51,10.38,10.03
C22orf33,3.14,3.39,3.34,3.33,3.38,3.32,3.53,3.24,3.27,3.38,3.4,3.26,3.3,3.54,3.27,3.33,3.15,3.46,3.37,3.32,3.34,3.53,3.28,3.17,3.23,3.31,3.41,3.25,3.41,3.83,5.24,3.39,3.33,3.42,3.28,3.45,3.32,3.15,3.35,3.15,3.18,3.39,3.17,4.14,3.42,3.24,3.42,3.25,3.22,3.61
C22orf34,5.09,5.16,5.57,5.26,5.59,6.03,6.26,5.02,4.96,5.23,5.63,4.84,4.94,4.94,5.42,4.89,5.29,5.33,5.48,5.33,5.22,5,5.72,5.97,5.64,5.53,5.56,5.6,6.11,6.09,4.66,4.71,4.89,4.89,5.4,5.09,5.08,4.75,5.35,5.69,5.54,5.75,5.76,4.55,6.2,6.04,5.64,5.26,4.9,4.88
C22orf36,6.81,6.65,6.9,6.89,7.29,6.94,6.38,7,6.73,6.77,7.11,6.73,6.48,6.43,6.55,6.7,7,6.66,6.91,6.63,6.86,6.72,6.88,7.1,7.04,6.72,7.05,6.47,6.62,5.86,4.93,6.12,7.26,6.87,7,7.22,6.84,7.17,6.93,6.96,6.7,7.62,7.59,6.48,6.74,6.28,6.61,7.26,7.16,7.19
C22orf39 /// HIRA,6.27,6,6.34,6.31,5.99,6.12,5.68,6.63,6.12,6.06,5.95,6.19,6.07,6.32,5.86,6.37,6.17,6.63,6.35,6.52,6,6.2,5.93,6.17,6.32,6.15,6.13,6.02,5.9,6.16,6.36,5.56,6.63,6.32,6.29,6.35,6.58,6.31,5.77,6.23,6.34,5.98,6.48,6.25,5.83,6.58,5.4,6.17,5.82,5.78
C22orf39 /// HIRA,8.22,8.35,8.14,8.11,8.21,8.05,7.96,8.19,8.39,8.16,8.51,8.3,8.31,8.2,8.03,7.98,8.05,8.01,8.2,8.15,7.95,8,8.19,7.69,8,7.85,7.94,8.26,8.09,7.89,7.2,7.89,8.03,8.03,7.93,8.29,8.29,8.05,7.69,8.1,8.47,8.01,8.28,7.56,7.63,7.34,7.63,8.09,8.23,8.04
C22orf39 /// HIRA,5.48,5.46,4.95,5.56,4.97,5.47,4.17,4.93,5.29,5.46,5.53,5.79,5.37,7.51,5.29,5.48,5,5.17,4.93,5.11,5.3,5.62,5.12,5.29,5.34,4.64,5.06,5.51,5.45,3.86,5.31,6.28,5.72,5.69,5.58,4.98,5.16,5.39,4.47,4.79,4.93,4.49,4.77,5.49,4.35,4.85,5.05,5.28,5.29,6.86
C22orf40,6.59,6.56,6.72,6.8,6.71,6.85,6.12,6.79,6.53,6.65,6.35,6.64,6.54,6.14,6.23,6.41,6.31,6.89,6.82,6.93,6.31,6.38,6.37,6.29,6.49,6.56,6.73,6.58,6.57,6.1,6.17,5.65,6.32,6.38,6.22,6.36,6.6,6.68,6.3,6.73,6.67,6.81,6.64,6.53,6.67,6.36,6.61,6.79,6.88,4.94
C22orf40,7.27,6.75,7.41,7.31,7.41,7.38,6.77,7.41,7.4,7.34,7.07,7.22,6.88,6.59,6.99,6.77,6.88,7.34,7.45,7.56,6.88,7.02,7.02,7.18,7.21,6.92,7.07,7.17,7.1,6.7,5.58,6.86,6.94,6.92,6.7,7.08,7.26,7.14,5.97,7.06,7.26,7.47,7.18,5.92,7.02,6.86,7.19,7.16,7.41,5.96
C22orf41,4.66,4.54,4.93,5.03,5.6,4.85,4.77,5.13,4.66,5.09,5.46,4.56,4.59,4.88,4.69,4.78,4.78,4.47,4.69,4.84,4.9,4.63,4.94,4.9,4.94,5.07,5.12,4.68,4.97,4.46,4.33,4.35,4.67,4.49,4.52,5,4.65,4.83,4.86,4.99,4.54,5.4,5.55,5.01,5.14,5.38,5.84,5.18,4.9,5.58
C22orf42,4.54,4.43,4.61,4.57,4.52,4.61,4.75,4.45,4.69,4.69,4.66,4.63,4.61,4.87,4.53,4.63,4.48,4.79,4.72,4.61,4.45,4.65,4.48,4.7,4.55,4.68,4.59,4.92,4.69,5.87,6.18,4.66,4.36,4.63,4.58,4.65,4.87,4.47,4.63,4.22,4.69,5.21,4.58,4.51,4.44,4.6,4.46,4.47,4.98,4.68
C22orf43,4.18,3.77,3.64,3.66,3.4,4.34,3.43,3.79,3.86,3.6,3.92,3.81,3.71,3.84,3.7,3.6,3.55,3.41,3.52,3.42,3.69,3.96,3.79,3.76,3.8,3.93,4.23,3.7,4.21,4.71,5.13,3.96,3.54,3.62,3.78,3.65,3.59,3.64,4.75,3.68,3.74,3.9,3.84,4.76,3.39,3.8,3.52,3.71,3.78,4.64
C22orf43,3.69,3.53,3.66,3.54,3.96,4.02,3.95,3.44,3.38,3.55,3.8,3.73,3.67,4.63,3.66,3.59,3.59,3.81,4.1,3.67,3.59,3.76,3.51,4.03,3.81,3.36,3.68,3.58,3.56,4.33,5.31,3.74,3.71,3.49,3.63,3.56,3.5,3.65,3.63,3.85,4.01,3.49,3.36,4.24,3.59,3.66,3.94,3.45,3.72,4.34
C22orf9,6.23,6.12,6.34,6.35,7.05,6.5,6.2,6.39,6.18,6.4,6.48,6.48,6.3,7.1,6.46,6.53,6.39,6.47,6.46,6.69,6.65,6.53,6.53,6.59,6.48,6.24,6.15,6.74,6.48,5.5,6.1,5.94,6.15,6.18,6.33,6.85,6.82,6.89,6.5,6.79,6.49,6.74,6.38,7.7,6.72,6.62,6.45,6.45,6.56,7.68
C22orf9,6.37,6.26,6.41,6.61,6.44,6.57,6.14,6.84,6.36,6.48,6.61,6.23,6.13,6.18,6.43,6.57,6.47,6.19,6.48,6.58,6.67,6.66,6.79,6.54,6.41,6.32,6.38,6.65,6.58,6.63,4.35,5.91,6.47,6.16,6.21,6.85,6.94,6.83,6.05,6.23,6.53,7.19,6.66,6.74,5.88,6.72,6.27,6.28,7,7.18
C22orf9,7.95,7.87,8.14,8.12,8.39,8.23,8.12,8.13,7.86,7.96,8.14,7.83,7.86,8.18,8.08,8.08,8.17,8.1,8.14,8.09,8.2,8.07,8.2,8.05,8.12,8.04,8.08,8.01,8.29,7.26,7.13,8.24,8.1,8.04,8.11,8.46,8.47,8.45,7.69,8.07,8.17,8.23,8.22,6.55,7.77,7.91,8.19,8.1,8.12,8.33
C22orf9,4.5,4.36,4.63,4.56,4.13,4.27,4.26,4.85,4.45,4.5,4.23,4.17,4.23,4.6,4.65,4.5,4.88,4.7,4.8,4.84,4.79,4.79,4.32,4.21,4.48,4.19,4.66,4.93,4.37,4.8,4.66,3.96,4.2,4.46,4.9,4.87,4.31,4.71,4.28,4.45,4.69,4.35,4.99,4.32,4.24,4.32,4.48,4.65,4.49,5.05
C22orf9,6.82,6.93,7.2,6.95,7.07,6.88,6.52,7.25,7.05,6.89,7.32,7.11,6.88,7.22,7.33,7.34,7.48,7.26,7.14,7.36,7.43,7.16,7.53,7.52,7.09,7.34,7.13,7.29,7.17,5.63,7.44,5.82,6.93,7.07,7.01,7.66,7.62,7.61,7.52,7.38,7.08,7.42,7.57,7.6,6.81,7.34,7.28,7.18,7.14,6.84
C22orf9,4.06,4.05,4.29,3.66,4.49,4.25,5.06,3.97,3.78,4.09,4.22,3.82,4.06,4.48,4.33,4.11,4.07,4.24,4.09,4.47,4.2,3.97,4.07,3.93,4.27,3.85,4.27,4.05,4.08,4.16,5.95,5.77,4.02,4.08,4.32,4.2,3.96,3.95,3.93,4.21,4.19,3.97,4.63,7.71,3.94,3.98,4.03,3.91,4.18,6.28
C2CD2,4.7,4.39,4.07,4.6,4.08,4.59,4.45,4.35,4.28,4.32,4.2,4.4,4.2,6.05,4.14,4.45,4.23,4.21,4.46,4.49,4.28,4.29,4.57,4.59,4.32,4.06,4.28,4.45,4.32,5.06,7.77,5.5,4.27,4.58,4.63,4.16,4.5,4.28,4.78,4.2,4.27,4.29,4.29,7.04,4.28,4.65,4.55,4.14,4.31,7.27
C2CD2,4.18,4.09,3.87,4.62,4.31,4.39,4.34,4.95,4.28,4.14,4.55,4.14,3.98,4.64,4.06,3.73,4.34,4.52,4.37,4.28,4.04,3.99,4.25,4.42,4.4,3.93,4.22,4.54,3.78,4.48,5.61,4.54,4.03,4.27,3.76,4.4,4.09,4.22,3.91,4.48,4.32,4.74,4.11,5.42,5.15,4.95,4.41,4.28,3.94,5.52
C2CD2,3.65,3.83,3.75,4.02,3.75,4.05,3.88,3.66,3.89,3.65,3.72,3.82,3.51,4.17,3.94,3.75,3.85,4.25,3.77,3.71,4.37,3.79,4.06,3.85,4.09,3.63,3.66,3.9,3.99,4.37,6.7,4.26,3.8,3.96,3.86,3.56,3.83,3.91,3.75,3.59,3.68,3.82,4.42,4.41,4.21,3.71,3.75,3.54,3.64,4.24
C2CD2L,8.44,8.52,8.84,8.78,9.15,9.01,9.01,8.74,8.51,8.75,8.94,8.68,8.45,8.46,8.62,8.82,8.64,8.71,8.67,8.57,8.67,8.74,8.85,8.84,8.78,8.57,8.67,8.77,9,7.91,8.2,9.4,8.64,8.64,8.71,8.7,8.54,8.8,8.92,8.97,8.85,8.76,9.05,9.19,8.9,8.83,8.88,8.66,8.78,9.7
C2CD2L,7.61,7.24,7.69,7.75,8.12,7.83,7.54,8.07,7.26,7.27,7.63,7.55,7.2,6.7,7.55,7.81,7.51,7.77,7.7,7.75,7.47,7.69,7.48,7.58,7.74,7.75,7.47,7.7,7.66,7.04,7.35,7.76,7.66,7.68,7.87,7.73,7.71,7.89,7.91,8.01,7.7,7.84,7.5,7.07,7.82,7.71,7.8,7.61,7.63,8.37
C2CD3,5.01,4.81,4.88,5.04,5.04,5.1,5.3,5.4,4.9,5.17,4.84,5.04,5.07,5.66,5.27,5.16,5.1,5.33,5.27,5.28,5.26,5.11,5.05,5.12,5.15,5.33,5.28,5.15,5.16,5.48,5.42,5.68,5.28,5.35,5.2,4.8,5.01,5.25,5.84,5.18,4.98,4.86,4.91,5.18,5.3,5.87,5.35,4.95,5.02,5.56
C2orf15,3.77,3.99,3.98,3.84,3.82,3.82,4.21,4.34,4.44,3.75,4.12,3.77,3.87,4.07,3.65,3.71,3.67,3.88,3.86,4.03,3.72,3.78,4.09,3.57,3.59,3.65,4.15,3.93,3.68,4.02,4.5,4.58,3.83,3.67,3.68,3.65,3.61,3.88,3.74,3.68,3.74,4.17,3.95,3.76,4.9,3.55,4.22,3.79,4.18,3.92
C2orf16,4.24,4.14,4.45,4.53,4.39,4.67,5.6,4.48,4.5,4.34,4.54,4.49,4.26,5.01,4.36,4.37,4.58,4.57,4.75,4.76,4.41,4.49,4.52,4.49,4.26,4.14,4.34,4.63,4.46,5.21,6.32,4.9,4.75,4.36,4.37,4.65,3.94,4.54,5.32,4.28,4.99,4.65,4.7,4.81,4.47,4.98,4.81,4.66,4.48,6.47
C2orf18,8.2,7.87,8.2,8.2,8.79,8.42,7.95,8.17,8.17,8.22,8.32,8.15,8.02,8.2,8.32,8.18,8.5,8.41,8.27,8.14,8.32,8.14,8.17,8.38,8.24,8.24,8.37,8.2,8.43,8.68,7.84,7.75,8.71,8.59,8.61,8.54,8.63,8.37,8.94,8.38,8.3,8.23,8.3,7.87,8.4,8.4,8.14,8.18,8.13,8.12
C2orf18,6.35,5.98,6.43,6.48,6.89,6.08,5.68,6.59,6.27,6.53,6.3,6.45,6.01,5.57,6.57,6.38,6.28,6.59,6.28,6.39,6.64,6.46,6.44,6.83,6.56,6.74,6.41,6.58,6.64,5.24,4.87,7.25,6.53,6.81,6.85,6.71,6.31,6.72,5.47,6.37,6.75,6.53,6.41,5.09,6.81,6.27,6.36,6.33,6.34,6.61
C2orf18,5.82,5.82,6.16,6.12,6.05,6.62,5.84,5.95,6.08,5.99,5.85,6.39,6.01,6.92,6.35,6.41,6.13,6.31,6.17,6.22,5.76,6.1,5.99,6.47,6.1,6.11,6.19,6.2,6.04,5.66,5.87,5.75,6.44,6.32,6.28,6.28,6.48,6.09,6.01,6.21,6.09,6.3,5.89,6.72,6.15,6.57,6.07,6.45,5.89,5.62
C2orf24,9.2,9.06,9.54,9.36,9.77,9.55,9.41,9.59,9.17,9.29,9.41,9.03,9.02,7.76,9.57,9.53,9.62,9.72,9.53,9.36,9.49,9.47,9.5,9.66,9.66,9.59,9.56,9.27,9.48,9.33,8.29,8.92,9.48,9.49,9.63,9.74,9.84,9.64,9.46,9.51,9.54,9.75,9.59,9.17,9.48,9.44,9.62,9.49,9.5,8.87
C2orf24,8.97,8.71,9.13,9.12,9.37,9.41,8.9,9.14,9.05,9.03,9.37,8.97,9.14,9.14,9.32,9.31,9.36,9.18,9.27,9.17,9.24,9.12,9.4,9.3,9.28,9.33,9.17,9.05,9.45,8.68,9.03,8.77,9.25,9.28,9.27,9.3,9.39,9.34,8.71,9.08,9.25,9.39,9.43,9.22,9.26,9.26,9.25,9.21,9.29,9.17
C2orf27A,7.04,6.79,7.09,6.99,7.22,7.05,6.94,7.32,6.95,6.97,6.94,6.68,6.77,6.09,6.54,6.65,6.56,7.07,7.04,6.71,6.71,6.43,6.53,6.4,6.74,6.45,6.93,6.9,6.91,7.71,6.57,7.85,6.4,6.51,6.35,6.7,6.37,6.46,5.52,7.37,6.87,7.32,7.65,7.44,6.61,6.35,6.91,7.04,7.28,5.84
C2orf27A /// C2orf27B,6.71,6.63,7.08,6.91,7.28,7.34,7.38,7.07,6.75,6.86,7.08,6.74,6.7,6.53,6.43,6.38,6.54,6.91,6.9,6.59,6.81,6.48,6.73,6.46,6.38,6.56,7.02,6.64,6.95,6.48,6.19,5.91,6.74,6.35,6.45,6.35,6.69,6.54,6.67,6.96,6.96,7.3,7.14,7.16,6.62,6.18,6.68,6.79,6.83,6.37
C2orf28,10.18,10.24,10.29,10.26,10.35,10.29,9.84,10.09,10.37,10.25,10.18,10.25,10.29,8.26,10.21,10.13,10.27,10.41,10.47,10.27,10.21,10.17,10.29,10.26,10.14,10.16,10.31,10.17,10.28,10.01,6.97,8.43,9.79,9.93,9.81,10.31,10.38,10.28,10.24,10.27,10.27,10.3,10.36,8.34,10.44,10.5,10.27,10.33,10.3,7.84
C2orf29,10.7,10.59,10.72,10.71,10.79,10.63,10.66,10.78,10.71,10.81,10.74,10.71,10.75,9.17,10.63,10.63,10.75,10.62,10.64,10.49,10.81,10.72,10.7,10.68,10.64,10.62,10.73,10.76,10.7,10.61,10.4,9.94,10.47,10.52,10.46,10.55,10.62,10.63,10.62,10.59,10.78,10.71,10.77,9.73,10.9,10.86,10.84,10.81,10.9,10.17
C2orf3,7.29,7.38,7.21,7.19,6.5,7.3,7.54,6.64,7.39,7.57,7.77,7.36,6.87,8.94,7.62,7.6,7.64,7.41,7.63,7.38,7.04,7.3,7.5,7.35,7.46,7.08,7.45,7.46,7.46,6.29,6.01,8.13,6.98,7.44,7.55,7.75,6.68,7.37,6.42,6.99,7.09,7.33,7.41,8.9,7,7.61,7.25,7.51,7.16,8.27
C2orf3,8.26,8.47,8.39,8.24,8.34,7.9,8.12,8.39,8.28,8.38,8.2,8.13,8.24,7.88,8.39,8.38,8.45,8.11,8.35,8.39,8.27,8.06,8.21,8.5,8.3,8.44,8.21,8.35,8.27,7.84,7.45,6.19,8.49,8.47,8.43,8.38,8.09,8.47,7.39,8.23,8.31,8.28,8.22,7.24,8.58,8.57,8.44,8.33,8.28,6.49
C2orf3,8.11,8.28,8.16,8.27,7.76,8.09,7.81,7.69,8.24,8.12,8.41,7.91,7.85,7.21,8.51,8.32,8.47,8.32,8.28,8.41,7.96,8.05,8.09,8.15,8.42,8.12,7.95,8.13,8.13,8.76,5.57,8.33,8.24,8.02,8.35,8.56,8.4,8.45,7.55,7.81,7.96,7.69,7.31,7.49,8,8.05,7.86,8.2,8,6.97
C2orf34,8.11,7.95,8.31,8.25,8.46,8.15,8.5,8.37,8.18,8.29,8.14,8.26,8.1,8.56,7.78,8.19,7.79,8.53,8.44,8.51,7.96,8.07,7.86,7.96,8.2,7.87,8.26,8.22,8.07,6.44,7.16,8.45,7.54,7.67,7.82,7.82,8.21,7.93,7.77,8.52,8.23,8.24,8.06,7.94,7.95,8.26,8,8.31,8.38,9.03
C2orf34,4.56,4.96,4.57,4.47,4.47,4.74,5.2,4.16,4.9,4.56,5.05,5.01,4.83,4.57,4.61,4.69,4.6,4.56,4.53,4.76,4.57,4.4,4.91,4.35,4.34,4.48,4.74,4.6,4.5,3.91,5.34,5.01,4.64,4.48,4.48,4.92,4.35,4.92,4.77,4.47,4.19,4.3,3.96,5.22,4.74,4.82,4.96,4.69,4.69,4.26
C2orf39,4.01,3.81,3.93,4.1,4.44,4.56,4.01,4.27,3.88,3.63,4.05,3.82,3.73,4.73,4.04,3.84,4.03,4.04,4.05,3.8,4.07,4.07,4.14,3.86,4.22,4.06,4.09,3.87,4.2,4.17,4.64,4.64,3.95,3.64,3.99,3.71,4.23,4.01,4.37,4.1,3.71,3.81,4.32,5.28,4.33,3.88,3.82,4.13,3.98,4.45
C2orf40,4.1,4,3.8,4.09,4.35,4.7,4.83,3.83,3.94,4.14,4.22,4.08,4.24,4.72,4.04,3.85,4.02,4.07,3.85,4.01,4.03,4.22,4.01,4.03,3.93,3.99,3.97,3.79,4.54,4.1,5.05,4.54,4.08,4.27,4.02,3.84,4.18,3.9,4.64,3.96,4.07,4.06,4.1,4.87,3.99,4.15,4.12,4.09,4.24,4.09
C2orf42,9.18,9.3,9.24,9.27,9.51,9.25,9.34,9.26,9.2,9.31,9.47,9.25,9.03,8.64,9.26,9.13,9.25,9.26,9.26,9.22,9.38,9.38,9.43,9.31,9.31,9.32,9.2,9.31,9.41,8.47,8.28,8.97,9.01,9.1,9.21,9.26,9.3,9.25,9.28,9.37,9.35,9.18,9.11,9.19,9.35,9.53,9.55,9.27,9.38,8.26
C2orf43,7.66,7.91,7.84,7.79,7.72,7.52,7.53,7.52,7.73,7.73,7.7,7.58,7.38,5.92,7.44,7.32,7.51,7.7,7.92,7.76,7.59,7.54,7.74,7.5,7.76,7.54,7.71,7.69,7.61,7.26,5.66,6.63,7.3,7.26,7.02,7.51,7.08,7.39,6.3,7.62,7.65,7.52,7.3,5.75,8.09,7.82,7.84,7.49,7.62,4.36
C2orf43,4.81,4.01,4.61,4.32,4.11,4.59,3.64,4.42,4.7,4.75,4.02,4.68,4.09,3.65,4.88,5.04,4.8,4.53,4.51,5.01,4.27,4.18,4.09,4.63,5.12,4.82,4.46,4.63,3.84,3.98,4.93,3.55,4.66,4.65,4.73,4.84,3.56,4.91,4.11,4.44,4.29,4.02,3.43,4.01,5.22,4.22,4.54,4.81,4.38,3.54
C2orf43,7.29,6.52,6.81,6.79,6.02,6.37,4.51,6.95,6.91,7.01,6.35,7.26,6.67,6.39,7.16,7.22,7.26,6.82,7.03,7.02,6.88,6.85,6.38,7.16,7.35,7.02,6.77,7.25,6.25,5.48,5.2,5.6,7.31,7.08,7.23,7.11,5.96,7.28,5.72,6.88,6.4,6.11,5.45,4.75,7.03,6,7.22,6.93,6.89,6.79
C2orf43,4.09,3.53,3.83,3.83,3.63,3.75,4.73,3.94,4.02,3.84,3.57,3.98,3.77,3.52,4.26,3.8,4.18,3.51,3.97,4.08,3.77,3.59,3.69,4.02,4.04,3.78,4.21,3.69,3.71,4.17,4.12,3.93,4.36,4.14,3.92,3.78,4.03,4.06,3.77,3.79,3.62,3.51,3.6,3.68,3.75,4.15,4.4,3.89,4.02,3.69
C2orf43,4.33,4.07,4.42,4.19,4.26,4.49,5.92,4.7,4.6,4.49,3.97,4.57,4.14,3.92,4.62,4.51,4.6,4.69,4.36,4.46,4.3,4.2,3.78,4.54,4.73,4.5,4.37,4.48,4.21,5.16,5.39,5.07,5.09,4.67,4.37,4.37,4.22,4.92,4.02,4.42,4.24,4.27,3.99,4.15,4.56,4.21,4.47,4.23,4.38,4.57
C2orf43,6.71,6.22,6.46,6.44,5.92,5.42,6.02,6.75,6.58,6.59,5.76,6.69,6.27,4.64,6.88,6.47,6.48,6.05,6.63,6.82,6.35,6.49,6.03,6.86,6.9,6.48,6.6,6.75,6,4.95,6.44,4.76,6.71,6.33,6.36,6.45,5.91,6.74,5.1,6.34,6.23,5.56,5.28,4.67,6.67,6.05,6.74,6.29,6.13,6.03
C2orf44,8.02,7.95,8.4,8.23,8.19,8.3,8.28,8.06,8.03,7.99,8.36,7.88,7.68,6.35,7.78,7.69,7.78,8.33,8.06,8.05,7.62,7.83,7.94,7.83,7.71,7.91,8.08,8.11,8.4,8.2,5.39,6.79,7.92,7.97,7.86,7.92,7.9,7.97,7.79,8.25,8.25,7.96,7.92,6.29,8.33,8.04,8.18,8.05,8.16,7.14
C2orf47,4.88,4.96,4.88,5.04,4.76,5.29,5.39,5.46,4.89,5.24,5.29,4.88,5.07,5.93,5.04,5.19,5.29,5.23,5.08,5.58,5.53,5.47,4.87,4.83,5.54,5.44,5.18,5.4,4.85,4.61,5.89,6.6,5.33,5.3,5.39,5.04,4.66,5.39,4.53,5.43,5.4,4.79,5.7,4.56,5.53,5.13,5.5,5.35,5.22,5.25
C2orf47,9.79,9.96,9.83,9.82,9.81,9.7,9.72,9.64,10.01,9.8,9.91,9.97,9.99,8.45,9.78,9.88,9.97,10.01,9.93,9.93,9.79,9.91,9.89,9.84,9.9,9.92,9.76,10.01,9.85,9.91,7.54,8.69,9.92,10.03,9.89,9.91,9.85,9.87,9.8,9.93,9.92,9.83,9.75,8.98,9.91,9.9,10.01,9.87,9.88,8.83
C2orf48,4.42,4.82,4.69,4.62,4.57,4.83,5.21,4.26,4.69,4.35,4.5,4.29,4.54,4.83,4.52,4.35,4.88,4.93,4.53,4.64,4.21,4.37,4.29,4.37,4.49,4.63,4.48,4.55,4.73,4.5,4.89,4.47,4.42,4.29,4.25,4.3,4.29,4.59,4.53,4.17,4.28,4.76,4.73,4.48,4.27,4.34,4.2,4.41,4.21,4.82
C2orf48,4.82,5,5.14,5.35,4.84,5.05,6.29,5.41,4.92,4.79,4.96,4.64,4.65,5.78,4.8,5.04,4.84,5.35,5.12,5.05,4.64,4.97,4.75,5.1,4.77,5.26,5.21,5.03,5.17,5.45,6.34,6.04,5.18,5.08,5.25,4.86,5.11,5.11,4.77,4.95,4.89,4.95,5.38,6.48,5.29,5.46,5.02,4.79,4.75,6.39
C2orf49,8.62,8.61,8.6,8.56,8.4,8.58,8.53,8.44,8.63,8.64,8.65,8.62,8.79,7.97,8.66,8.9,8.75,8.82,8.81,8.51,8.88,8.64,8.72,8.76,8.79,8.77,8.53,8.54,8.66,7.99,7.28,4.73,9.04,8.87,8.89,8.72,8.98,8.62,8.37,8.92,8.88,8.55,8.48,7.87,8.77,8.91,8.7,8.85,8.79,6.62
C2orf49,8.73,8.64,8.72,8.71,8.61,8.67,8.54,8.6,8.7,8.81,8.77,8.78,8.61,6.77,8.84,8.77,8.67,8.79,8.87,8.96,8.86,8.82,8.82,8.84,8.84,8.8,8.72,8.75,8.41,8.05,7.43,8,8.28,8.39,8.49,8.76,8.66,8.68,8.45,8.71,8.62,8.65,8.6,6.95,8.75,8.77,8.66,8.58,8.74,7.43
C2orf50,4.17,4.05,4.11,3.71,4.06,3.76,3.71,3.6,3.94,4.06,4.02,3.86,4.3,4.25,4.08,4.11,4.23,3.85,3.98,3.94,3.85,4.22,4.06,4.04,4.12,4.45,4,4.36,4.16,4.34,5.19,4.05,4.27,4.22,3.96,3.88,3.83,3.98,3.64,4.03,3.79,3.88,4.28,5.5,4.13,3.95,4.04,3.92,3.77,3.9
C2orf51,5.28,5.45,5.32,5.41,5.42,5.5,5.03,5.45,5.18,5.08,5.63,5.2,5.25,6.48,5.61,5.69,5.4,5.58,5.68,5.56,5.48,5.65,5.54,5.78,5.83,5.42,4.91,5.67,5.24,5.93,5.79,5.7,5.32,5.39,5.64,5.66,5.37,6.24,5.84,5.45,5.23,5.74,5.59,6.8,5.23,5.7,5.39,5.32,5.18,6.59
C2orf53,4.43,4.54,4.71,4.95,4.54,4.39,4.85,4.45,4.51,4.55,4.47,4.81,4.46,5.29,4.76,4.16,4.51,4.35,4.8,4.52,4.46,4.36,4.29,4.23,4.42,4.42,4.51,4.66,4.58,5.43,5.97,5.3,4.72,4.26,4.83,4.46,4.3,4.45,5.51,4.74,4.42,4.47,4.72,5.12,4.87,4.58,4.12,4.63,4.59,5.32
C2orf54,4.44,4.27,4.53,4.41,4.22,4.19,4.44,4.63,4.07,4.76,4.34,4.52,4.44,4.85,4.32,4.49,3.87,4.47,4.17,4.53,4.2,4.47,4.47,4.17,4.22,4.19,4.37,4.48,4.2,4.36,5.8,6.05,4.32,4.26,4.39,4.67,4.44,4.18,4.11,4.49,4.39,4.78,4.47,4.63,4.21,4.13,4.27,4.22,4.07,5.09
C2orf54,4.45,4.39,4.41,4.35,4.2,5.06,4.42,4.64,4.58,4.39,4.38,4.48,4.51,5.02,4.73,4.62,4.35,4.32,4.47,4.31,4.68,4.35,4.47,4.43,4.4,4.44,4.21,4.45,4.71,4.59,4.1,4.27,4.72,4.68,4.73,4.43,4.56,4.38,4.41,4.15,4.48,4.19,4.99,4.64,4.56,4.31,4.71,4.31,4.32,4.83
C2orf55,4.88,4.66,5.27,4.91,5.06,5.13,5.36,5.57,5.04,5.06,4.94,5.15,5.04,5.01,4.77,4.98,5.09,5.19,5.07,5.06,5.34,5.14,5.13,5.1,5.33,5.24,5.17,5.02,5.01,5.03,6.37,6.26,4.92,4.74,5.47,5.06,5.55,5.23,5.69,5.05,5.24,5.22,5.09,6.91,4.83,5.07,5.05,5.34,5.01,5.53
C2orf55,4.64,5.01,4.94,4.77,5.57,4.78,5.69,5.26,5.14,4.76,5.52,5.13,5.04,7.07,5.05,4.73,4.71,4.98,5.07,4.91,4.77,5.31,5.12,4.7,4.68,4.77,4.65,4.91,4.78,5.43,5.26,6.4,4.8,4.6,5.19,4.65,5.29,4.83,5.08,4.74,4.94,5.28,4.94,6.03,4.88,5.33,4.55,4.92,4.75,6.55
C2orf56,8.33,8.36,8.32,8.51,8.42,8.36,7.79,8.29,8.3,8.4,8.42,8.43,8.25,7.52,8.23,8.2,8.24,8.44,8.42,8.22,8.01,8.26,8.32,8.36,8.36,8.24,8.4,8.37,8.45,7.26,7.74,6.12,8.72,8.52,8.63,8.29,8.34,8.41,7.72,8.49,8.25,8.32,8.29,6.92,8.29,8.36,8.33,8.41,8.35,7.43
C2orf56,5.56,5.91,5.44,5.51,5.25,6.05,5.13,5.31,5.93,5.79,5.58,5.62,5.81,5.06,5.66,5.52,5.36,5.44,5.48,5.86,5.28,5.43,6.1,5.36,5.34,5.29,5.62,5.57,5.87,4.81,6.62,6.51,5.29,5.08,5.09,5.46,5.65,5.77,4.34,5.6,5.38,5.92,5.46,4.87,5.32,5.86,5.27,5.33,6.01,4.23
C2orf56,7.2,6.78,6.99,6.87,6.14,6.33,5.35,6.99,7.14,7.36,6.58,7.12,6.8,4.67,6.89,6.98,6.78,6.82,7.08,7.27,6.94,7,6.53,7.22,7.01,7.14,7.23,7.18,6.53,5.26,6.56,6.46,6.89,6.57,6.52,6.84,6.42,7.3,4.6,6.97,6.86,6.66,6.4,5.56,6.75,6.31,6.65,6.95,6.72,5.47
C2orf57,4.7,4.73,5.06,4.58,4.53,4.18,4.38,4.76,4.6,4.65,4.94,4.53,4.56,5.25,4.68,4.76,4.36,4.98,4.43,4.38,4.87,4.43,4.78,4.57,4.37,4.68,4.43,4.85,4.84,5.7,5.61,5.4,5.05,4.83,4.88,4.39,4.64,4.5,4.47,4.85,4.67,4.36,4.84,4.59,4.57,4.85,4.23,4.52,4.7,4.64
C2orf60,7.41,7.5,7.41,7.38,7.1,6.91,6.86,7.75,7.57,7.55,7.2,7.62,7.51,6.49,7.84,7.73,7.89,7.29,7.26,7.4,7.47,7.62,7.4,7.7,7.92,7.84,7.32,7.43,7.15,6.83,6.32,6,8.18,8.27,8.12,7.88,7.31,7.99,6.3,7.51,7.57,6.91,7.04,5.86,7.47,7.32,7.67,7.71,7.66,5.79
C2orf60,6.05,6.08,6.54,6.56,6.85,6.5,6.27,6.81,6.24,6.57,6.84,6.41,6.44,6.23,6.73,6.65,6.56,6.45,6.43,6.41,5.95,6.44,6.55,6.66,6.87,6.38,6.61,6.18,6.69,6.79,7.41,5.49,6.03,6.47,6,6.51,6.72,6.69,6.69,6.48,6.36,6.88,6.54,7.57,6.32,6.26,6.48,6.57,6.47,7.32
C2orf60,6.44,6.41,6.68,6.91,6.6,6.28,6.42,6.92,6.34,6.59,6.31,6.58,6.42,6.17,6.8,6.92,6.84,6.44,6.23,6.34,6.43,6.67,6.55,6.87,6.83,6.74,6.58,6.78,6.51,4.75,6.15,4.21,6.85,7.19,7.08,6.91,6.76,7.16,6.53,6.45,6.62,6.59,6.59,6.57,6.51,6.71,6.64,6.67,6.53,6.19
C2orf61,3.95,3.82,3.69,3.93,3.84,3.79,3.94,3.76,3.92,3.69,4,3.88,3.75,4.23,3.71,3.55,3.72,3.92,3.68,3.71,4.13,3.83,3.88,3.67,3.69,3.66,3.93,4.04,3.74,3.89,4.68,4.79,4.17,3.74,3.69,3.57,3.66,3.52,3.87,3.68,3.86,3.68,4.45,4.29,3.68,3.98,3.69,3.86,3.85,4.16
C2orf61,3.71,3.79,3.89,3.95,4.22,3.71,3.91,3.8,3.88,3.91,3.63,3.73,3.63,5.89,3.9,4.03,3.98,3.81,3.82,3.79,4.09,3.73,3.93,3.73,4.08,3.68,3.68,3.98,3.78,3.84,4.13,3.85,3.67,3.78,3.69,3.6,3.76,3.83,3.52,3.87,3.8,3.93,3.95,4.88,3.6,3.83,3.65,3.97,3.83,4.62
C2orf61,3.44,3.73,3.48,3.59,3.55,3.98,4.15,3.52,3.44,3.6,3.62,3.46,3.58,4.4,3.64,3.28,3.57,3.43,3.54,3.42,3.6,3.6,3.57,3.43,3.71,3.57,3.69,3.44,3.64,4.73,3.72,4.9,3.48,3.5,3.6,3.43,3.56,3.7,3.77,3.59,3.51,4.01,3.69,4.02,3.69,3.76,3.4,3.65,3.49,4.16
C2orf61,3.36,3.48,3.79,3.52,3.46,3.42,3.44,3.75,3.63,3.35,3.61,3.66,3.61,4.36,3.51,3.5,3.54,3.62,3.58,3.54,3.35,3.64,3.47,3.43,3.76,3.94,3.41,3.39,3.78,4.2,3.68,4.45,3.44,3.7,3.66,3.55,3.64,3.54,3.56,3.38,3.43,3.52,3.48,3.84,3.57,3.32,3.38,3.51,3.58,4.03
C2orf61 /// CALM2,13.07,13.07,13,13.11,13.07,13.1,13.04,13.06,13.09,13,13.12,13.06,13.13,12.73,12.92,13.1,12.98,12.95,12.95,12.91,13.11,13.09,13.04,12.91,12.91,13.04,13.04,13.09,13.13,13.2,11.88,12.3,13.15,13.02,13.02,12.91,13.07,12.92,13.05,12.89,13.02,13.03,13.03,12.34,13.06,13.05,13,13.06,13.15,12.35
C2orf61 /// CALM2,11.04,10.84,10.78,10.93,10.36,10.54,10.8,10.61,11.11,10.94,10.51,10.86,11.31,9.54,10.59,10.85,10.77,10.7,10.71,10.67,10.96,10.78,10.68,10.61,10.57,10.87,10.92,10.8,10.79,10.66,7.88,9.26,11.11,10.95,10.76,10.52,10.77,10.62,10.47,10.48,10.54,10.55,10.55,8.87,10.82,10.83,10.58,10.8,10.85,9.07
C2orf61 /// CALM2,9.21,9.17,9.02,9.22,8.98,8.93,8.96,9,9.29,9.17,9.12,9.32,9.43,8.82,8.92,9.09,8.98,9.08,8.96,9.02,9.12,9.11,8.98,9.07,9,9.16,9.07,9.16,9.05,8.98,8.44,8.75,9.25,9.22,9.22,9,8.84,8.98,9.02,8.86,9.04,9.05,8.87,8.38,9.09,9.07,9.04,9.1,9.16,8.58
C2orf62,4.78,4.93,4.47,4.75,4.64,5.1,4.84,4.69,4.82,4.62,4.89,4.9,4.92,4.61,4.41,4.76,4.59,4.82,4.57,4.75,4.61,4.61,4.76,4.94,4.21,4.35,5.07,5.02,5.02,5.05,4.78,4.34,4.52,4.73,4.56,4.56,4.76,4.65,5.11,4.89,4.76,4.44,4.63,4.38,4.89,4.65,4.77,4.88,4.76,6.62
C2orf62,5.05,5.22,4.95,4.97,5.64,5.04,5.55,5.21,5.08,5.07,5.25,5.23,5.2,6.01,4.99,5.15,5.21,5.29,5.07,5.07,5.43,5.17,4.69,4.86,5.09,4.95,5.37,5.15,5.43,4.67,4.76,6.03,5.13,5.22,5.38,4.97,5.66,4.95,4.81,4.95,5.37,5.46,5.25,5.8,5.3,4.6,5.6,5.11,4.99,6.1
C2orf63,7.83,7.93,7.78,7.98,7.71,7.92,7.39,7.73,7.84,7.98,8.18,7.86,7.74,7.13,8.24,8.27,8.02,7.68,7.7,7.99,8.04,7.92,8.19,8.1,8.15,7.96,7.75,7.94,7.84,7.45,6.5,7.3,7.43,7.67,7.94,8.02,7.72,8.01,7.57,8.2,8.07,8.21,8.11,7.25,7.86,7.91,7.99,8.01,7.96,6.98
C2orf63,4.97,4.8,4.6,4.62,4.53,4.67,4.11,4.22,4.48,4.51,5.37,4.71,4.81,5.5,4.8,5.03,4.92,4.5,4.62,4.64,5.11,4.57,5.38,4.63,4.5,4.8,4.73,4.86,4.76,5.02,6.14,4.37,4.49,4.69,4.39,4.51,4.51,4.36,4.62,4.79,4.64,5.3,4.54,6.2,4.37,4.41,4.64,4.58,4.83,6.1
C2orf64,6.31,5.97,6.12,6.24,6.36,6.23,6.94,6.35,6.27,6.29,6.36,6.24,6.04,6.51,6.18,6.25,6.01,6.52,6.27,6.45,6.27,6.36,5.89,6.11,6.22,6.21,6.02,6.42,6.26,6.24,5.62,6.5,6.01,6.11,5.79,6.18,6.01,6.33,5.57,6.43,6.3,6.39,6.68,6.07,6.22,6.48,6.24,6.31,6.57,6.38
C2orf64,9.76,9.93,9.85,9.76,9.84,9.89,9.45,9.59,9.9,9.79,10,10.01,9.74,9.44,9.77,9.5,9.68,10.15,10.18,10.18,9.74,9.87,10.15,9.68,9.76,9.78,9.98,9.88,9.99,9.65,8.16,9.58,9.28,9.37,9.43,9.87,9.93,9.85,9.51,9.87,10,9.89,9.77,9.04,9.79,9.75,9.84,9.95,10.11,9.03
C2orf65,3.6,4.02,3.88,3.76,3.53,3.47,3.94,3.46,3.84,3.88,3.63,3.99,3.83,4.62,3.57,3.63,3.71,3.78,3.78,3.55,3.88,3.94,3.97,3.3,3.62,3.47,3.61,3.64,4.06,5.34,5.48,4.22,3.66,3.73,3.66,3.64,3.89,3.57,4.32,3.43,3.48,3.71,3.43,4.12,3.9,3.76,3.51,3.54,3.69,3.7
C2orf65,3.94,4.31,3.75,3.75,3.69,4.13,3.69,3.57,3.7,3.72,3.94,3.99,4.19,4.16,3.87,3.58,3.79,3.7,3.69,3.43,3.8,3.88,3.97,3.75,4.01,3.97,3.83,3.52,3.82,5.22,4.12,4.9,3.58,3.8,3.91,3.77,4.19,3.62,4.46,3.7,3.37,3.78,3.67,4.26,3.62,4.3,3.72,3.81,3.64,3.86
C2orf66,5.52,4.87,5.13,5.43,4.78,5.06,5.38,5.38,5.07,5.01,5.12,5.39,5.29,7.44,5.11,5.49,5.25,4.67,4.75,4.88,5.02,5.66,5.27,5.29,5.11,4.46,5.48,5.45,5.18,5.42,8.22,7.07,5.3,5.07,5.55,4.96,5.08,5.04,4.85,5.11,5.14,5.28,5.2,7.18,4.92,4.8,5.18,5.37,4.95,6.85
C2orf67,7.01,7.82,7.15,7.22,7.52,6.82,6.73,6.77,7.07,7.55,7.77,7.27,6.82,10.16,7.62,7.19,7.69,7.77,7.43,7.13,7.18,7.28,6.9,7.1,6.92,6.56,7.3,7.38,7.31,5.61,6.73,8.94,6.98,7.24,7.47,6.89,6.55,7.45,6.28,6.78,6.85,6.32,7.29,9.89,6.88,6.46,6.52,6.89,6.6,10.36
C2orf67,5.54,5.71,5.44,5.26,4.49,5.07,5.37,5.49,5.07,5.56,5.42,5.35,5.46,6.25,4.95,5.13,5.36,5.44,5.21,5.07,5.31,5.38,5.21,5.19,5.02,5.31,5.21,5.19,5.1,5.17,4.73,7.08,4.97,4.89,5.11,5.17,4.66,5.09,5.18,5.34,5.25,5.16,5.66,5.9,4.98,4.72,4.96,5.55,5.16,6.73
C2orf67,5.48,5.71,5.43,5.09,5.87,5.51,5.25,5.83,5.55,5.63,5.64,5.77,5.54,5.9,5.17,5.31,5.12,5.46,5.51,5.31,5.33,5.51,5.27,5.06,5.39,5.49,5.38,5.66,5.47,5.81,6.78,5.93,5.19,5.32,5.13,5.5,5.67,5.16,5.18,5.34,5.13,5.36,5.45,6.07,5.41,5.48,5.19,5.42,5.4,7.03
C2orf68,6.4,6.16,6.05,5.96,6.69,5.99,4.7,6.48,6.17,6.18,6.07,5.97,6.1,5.06,5.54,5.76,5.52,5.82,5.83,6.02,5.73,5.72,6.16,5.88,5.94,5.67,6.08,5.99,5.8,7.02,6.56,6.6,5.2,5.33,5.02,6.24,5.47,5.92,6.05,6.56,6.31,6.39,6.58,5.92,6.12,6.4,6.08,6.38,5.71,4.97
C2orf68,7.37,7.14,7.4,7.47,7.56,7.46,5.99,7.13,7.51,7.31,7.56,7.26,7,6.62,7.38,6.82,7.15,7.52,7.33,7.15,7.21,7.24,7.52,7.38,7.06,7.23,7.45,7.28,7.65,5.72,6.8,6.32,6.64,6.66,6.68,7.45,6.97,7.07,6.87,7.14,7.51,7.87,7.74,6.2,7.24,7.17,7.33,7.15,7.39,6.85
C2orf68,7.52,6.37,7.32,7.23,7.65,7.02,6.66,6.81,7.33,7.06,6.65,7.12,6.78,5.57,7.24,7.14,7.24,7.69,7.35,7.57,7.38,6.83,6.73,7.51,7.55,7.36,7.28,7.27,6.55,5.61,3.72,4.87,7.21,6.68,7.26,7.6,7.19,6.98,6.9,7.32,7.25,6.83,6.84,5.24,7.36,6.79,6.89,7.05,6.5,6.82
C2orf69,9.77,10.25,9.87,9.86,9.78,9.78,9.67,9.75,9.96,9.84,10.16,9.9,9.96,10.08,9.86,9.73,9.84,9.56,9.62,9.78,9.61,9.51,9.75,9.42,9.66,9.7,9.88,9.88,9.92,8.89,7.37,8.76,9.98,9.98,9.81,9.72,9.55,9.74,9.47,9.69,9.74,9.39,9.55,9.45,9.63,9.51,9.48,9.84,9.93,10.07
C2orf69,8.78,9.16,8.65,8.74,8.61,8.72,8.07,8.53,8.95,8.88,9.09,8.85,9.05,7.54,8.63,8.59,8.68,8.41,8.42,8.37,8.48,8.46,8.87,8.12,8.57,8.34,8.79,8.73,9.06,8.91,7.97,7.54,8.66,8.83,8.58,8.45,8.3,8.54,8.2,8.68,8.74,8.81,8.61,7.64,8.38,8.57,8.96,8.91,9.05,8.11
C2orf7,9.28,9.49,9.43,9.32,9.46,9.54,9.29,9.46,9.23,9.25,9.35,9.39,9.15,9,9.15,9.17,9.26,9.27,9.3,9.1,9.29,9.14,9.27,9.27,9.12,9.27,9.46,9.24,9.58,7.92,7.1,8.99,9.37,9.44,9.35,9.28,9.33,9.14,9.92,9.55,9.62,9.2,9.18,7.24,9.62,9.49,9.38,9.46,9.33,7.83
C2orf7 /// CCDC90B,9.45,9.41,9.39,9.28,9.17,8.96,8.35,9.41,9.48,9.43,9.07,9.49,9.38,8.36,9.37,9.19,9.22,9.1,9.26,9.17,9.22,9.29,9.06,9.25,9.24,9.22,9.32,9.52,9.27,7.41,7.06,7.39,9.3,9.51,9.25,9.36,9.1,9.35,9.06,9.43,9.39,8.93,8.78,7.85,9.42,9.18,9.48,9.22,9.22,7.72
C2orf70,4.75,4.89,5.35,5.23,5.53,5.12,5.17,5.02,5.09,5,5.28,4.99,5.09,7.05,5.22,5.64,4.93,5.75,5.27,5.2,5.17,5.19,4.76,5.21,5.15,4.78,5.48,5.17,5.09,5.75,6.74,6.19,5.12,4.98,5.04,5.16,5.13,5.08,6.05,4.72,5.74,5.67,5.27,6.19,5.33,5.17,5,5.25,5.28,5.98
C2orf71,3.7,3.98,3.93,3.89,3.73,4.37,4.13,3.94,4,4,3.9,4.04,3.95,5,3.96,3.74,3.85,3.71,3.81,4.03,3.98,4.13,3.97,3.83,3.83,3.96,3.94,3.86,3.98,4.08,5.84,4.31,3.94,3.85,3.97,3.79,3.98,3.93,4.23,3.93,3.71,3.99,3.68,3.93,3.81,3.67,3.91,3.9,3.83,4.26
C2orf72,5.48,5.44,5.18,5.62,5.47,4.83,5.36,5.27,5.14,5.17,5.61,5.59,5.26,5.32,5.22,5.35,5.3,5.42,5.13,5.26,5.15,5.54,5.5,5.3,5.26,4.98,5.27,5.66,5.44,5.86,6.45,5.26,5.21,5.58,5.53,5.42,5.05,5.36,5.08,5.1,5.29,5.52,5.37,5.62,5.23,5.33,5.49,5.36,5.28,6.67
C2orf72,4.23,4.15,4.34,3.85,4.18,4.34,4.44,4.28,3.98,3.92,4.16,4.25,4.05,4.21,4.26,4.32,4.17,4.02,3.86,4.12,4.16,4.1,4.02,4.08,4.06,3.93,4.15,4.15,4.47,4.17,4.73,5.07,4.3,4.11,3.96,4.06,4.02,3.71,4.18,4.25,3.72,4.49,4.56,3.68,4.49,4.4,3.96,4.19,3.74,3.83
C2orf73,3.84,4.01,3.83,3.77,4.03,3.83,3.76,3.7,3.76,3.85,4.05,3.68,3.71,4.88,3.84,4.04,3.71,3.89,3.58,3.76,3.81,3.71,3.76,3.76,3.71,3.62,4.03,3.84,4,4.01,7.7,4.32,3.81,3.74,3.85,3.94,3.77,3.87,3.8,3.86,3.59,3.57,4.05,4.54,3.62,4.29,3.8,3.72,4.01,4.07
C2orf73,3.66,3.74,3.46,3.68,3.62,3.54,4.51,3.65,3.58,3.77,3.84,3.64,3.94,5.6,3.46,3.88,3.72,3.94,3.86,3.54,3.98,3.77,4.01,3.58,3.7,3.71,4.27,3.67,3.86,4.65,5.57,5.6,3.74,3.74,3.62,3.51,3.74,3.51,5.26,3.52,3.75,3.72,3.94,4.43,3.58,4.06,3.54,3.54,3.9,4.58
C2orf73,3.45,3.65,3.64,3.67,3.76,3.64,3.98,4.22,3.46,3.58,3.55,3.53,3.63,3.97,3.51,3.65,3.63,3.59,3.94,3.49,3.65,3.4,3.66,3.59,3.77,3.48,3.48,3.43,3.63,4.09,3.74,3.85,3.68,3.74,3.49,3.58,3.72,3.7,3.77,3.62,3.95,3.92,3.43,3.97,3.52,3.47,3.82,3.55,3.56,4.37
C2orf74,8.81,8.97,8.77,8.75,8.76,8.77,8.54,8.65,8.95,8.96,8.82,8.8,9.12,7.85,9.14,9.08,9.26,8.99,9.06,9.09,9.16,8.96,8.92,9.09,9.07,9.32,8.76,8.72,9.16,8.4,6.66,7.38,8.8,8.94,8.94,9.18,9.32,9.28,8.47,8.95,8.99,9,8.81,6.84,9,8.92,8.98,8.95,9.28,6.21
C2orf76,8.83,8.86,8.84,8.94,8.74,8.88,8.69,8.65,8.92,8.89,8.8,9.04,9.14,6.96,8.64,8.64,8.85,8.74,8.93,8.62,9.02,8.76,8.67,8.64,8.64,8.83,8.94,8.89,8.96,8.41,7.34,6.26,8.82,8.69,8.46,8.7,8.7,8.53,8.65,8.9,8.74,8.62,8.67,7.1,9.16,8.9,8.82,8.88,9.06,6.04
C2orf77,4.29,4.49,4.26,4.62,4.12,4.91,4.55,4.39,4.83,4.48,4.34,4.47,4.6,4.94,4.71,4.44,4.3,4.49,4.23,4.22,4.32,4.53,4.2,4.46,4.33,4.41,4.46,4.47,4.35,4.5,5.64,5.08,4.12,4.16,4.22,4.36,4.38,4.09,4.52,4.8,4.52,4.17,4.48,5.27,4.02,4.32,4.64,4.28,4.39,4.7
C2orf78,6.29,6.26,6.57,6.28,6.38,6.36,6.16,5.78,6.26,6.29,5.85,6.32,6.31,5.25,5.83,5.85,6.37,6.26,6.45,6.36,6.75,6.77,7.05,6.73,6.83,7.3,6.14,5.93,6.22,5.17,4.35,6.6,6.95,6.73,6.65,6.1,5.96,6.04,6.6,5.8,6.06,5.68,5.4,6.01,6.15,6,5.32,6.63,6.37,5.58
C2orf79,10.72,10.93,10.88,10.88,10.96,11.13,10.91,10.96,10.89,10.83,10.99,10.85,10.99,9.87,10.62,10.56,10.8,10.66,10.81,10.65,10.86,10.73,10.85,10.74,10.89,10.79,10.94,10.8,10.98,10.83,10.32,9.19,10.37,10.47,10.26,10.81,10.8,10.68,10.88,10.98,11.01,10.96,10.99,9.69,11.14,11.03,11.18,10.91,10.93,10.43
C2orf80,3.82,3.7,3.65,3.68,3.65,3.5,3.63,3.87,3.74,3.78,3.8,3.66,3.71,4.17,3.55,3.49,3.71,3.63,3.65,3.78,3.85,3.59,3.8,3.62,3.76,3.58,3.57,3.47,3.62,3.71,5.17,4.21,3.57,3.55,3.46,3.75,3.57,3.48,4.16,3.45,3.67,3.48,3.53,5.08,3.4,3.49,3.63,3.54,3.58,4.2
C2orf81,6,5.92,6.15,6.11,7.28,6.75,6.02,6.6,6.25,5.96,6.31,6.14,6,6.7,6.27,6.27,6.46,6.51,6.56,6.46,6.17,6,6,6.07,6.27,5.92,6.39,6.43,6.35,7.28,5.95,6.78,5.97,5.96,5.96,6.47,6.5,6.17,6.1,6.84,6.73,6.52,6.83,7.95,6.22,6.58,6.61,6.62,6.67,7.03
C2orf82,5.03,4.5,5.21,4.91,5.94,5.31,6.07,5.11,4.7,4.84,5.38,4.88,4.73,4.96,5.35,5,4.94,4.74,5.12,5.23,5.07,5.23,5.33,5.46,5.67,5.45,5.24,5.03,5.16,6.23,5.72,5.44,5.17,5.02,5.2,5.19,5.08,5.19,6.4,5.34,5.2,5.39,5.33,5.69,4.99,5.44,5.29,4.94,5.13,4.82
C2orf83,3.23,3.33,3.28,3.36,3.4,3.38,4.72,3.46,3.25,3.37,3.33,3.38,3.25,4.13,3.22,3.3,3.39,3.43,3.45,3.26,3.29,3.41,3.27,3.23,3.6,3.1,3.35,3.34,3.32,4.24,3.77,4.34,3.32,3.53,3.31,3.23,3.96,3.52,4.46,3.23,3.25,3.52,3.34,5.04,3.28,3.41,3.76,3.41,3.37,3.88
C2orf84,3.92,3.69,3.84,3.99,3.65,3.61,3.82,3.75,3.66,3.82,3.85,3.68,3.87,3.93,3.63,3.98,3.72,4.07,3.77,3.68,3.93,3.76,3.81,3.47,3.61,3.85,4.23,3.93,3.62,4.87,3.95,4.64,3.79,3.78,3.81,3.58,3.81,3.84,4.7,3.79,3.48,3.84,3.91,4.69,3.86,3.65,3.65,3.87,3.54,5.55
C2orf84,4.17,4.35,4,4.16,4.55,4.52,4.57,4.27,4.17,4.03,4.37,4.43,4.25,4.66,4.12,4.37,3.89,4.6,4.35,4.15,4.15,4.26,4.15,3.97,4.18,4.26,4.57,4.19,4.12,5.58,4.11,4.72,4.05,4.13,3.96,4.32,4.02,3.93,4.52,4.37,4.49,4.25,4.37,5.03,4.04,3.95,4.67,4.16,4.09,5.3
C2orf85,4.78,4.79,4.82,5.07,4.87,4.99,5.01,5.26,4.77,4.87,4.82,5.14,4.87,5.54,5.21,4.94,4.95,5.1,5.16,4.78,4.91,5.17,4.9,4.97,5.17,5.04,5.02,5.05,4.96,4.92,6.69,5.34,5.03,4.81,5.15,5.18,4.87,5.06,5.71,4.77,5.04,5.07,4.91,5.21,4.77,5.03,4.97,5.08,5.08,5.83
C2orf86,5.19,5.2,5.3,5.05,4.58,4.63,4.75,4.66,5.28,5.13,5.6,5.23,5.43,4.47,4.65,4.73,5.06,5.02,5.08,5,4.84,5.11,5.15,4.95,4.82,4.85,4.99,4.89,5.15,4.93,3.91,5.35,4.88,4.96,4.94,5.04,4.98,4.6,4.75,5.29,5.3,4.58,4.97,4.6,4.82,4.83,4.5,5.56,5.61,4.93
C2orf86,6.75,6.77,6.84,6.89,6.98,6.37,6.46,6.86,6.88,6.9,7.06,6.66,6.65,6.38,6.62,6.57,6.31,6.75,7.03,7.03,6.56,6.78,7.01,6.94,6.77,6.96,6.73,6.91,6.97,6.27,5.22,5.41,6.36,6.66,6.29,6.49,6.24,6.65,5.99,7.3,7.31,6.33,6.84,7.27,6.54,6,6.59,7.14,7.45,6.32
C2orf88,3.85,4.13,3.77,3.83,4.07,3.8,4.6,3.83,3.77,3.74,4.15,3.93,3.7,5.02,3.92,4.32,3.85,3.87,3.72,3.86,3.72,3.99,3.87,3.6,3.64,3.78,3.72,3.82,3.74,5.88,4.1,4.76,3.98,4.02,3.5,4.06,3.63,3.71,4.45,4.32,3.77,3.77,3.92,4.44,3.46,3.87,3.88,3.56,3.69,6.02
C2orf88,4.85,5.05,4.9,4.79,5.35,5.13,5.08,4.96,4.82,5,5.26,4.9,5.15,6.23,4.67,4.83,4.79,4.82,4.73,4.83,4.86,5.02,4.88,4.82,4.58,4.68,4.8,4.81,4.88,5.07,6.97,5.63,4.79,4.93,4.78,4.85,4.98,4.57,4.62,4.64,4.83,4.79,5.32,7.61,4.48,4.83,4.73,4.8,4.68,5.74
C3,3.62,3.7,3.98,3.74,3.97,3.76,5.48,3.58,3.77,3.81,3.78,3.67,3.68,4.41,3.63,3.97,3.73,3.87,3.78,3.57,3.91,3.78,3.71,4.16,3.7,3.9,3.64,3.73,3.94,3.95,4.58,5.77,3.82,3.53,3.69,3.63,3.86,3.59,4.42,3.44,3.74,3.88,3.66,4.61,3.96,3.71,3.81,3.65,3.91,3.97
C3AR1,4.59,4.84,4.39,4.86,4.44,4.51,5.14,4.33,4.46,4.38,4.84,4.72,4.55,5,4.43,4.4,4.34,4.47,4.53,4.49,4.43,4.92,4.65,4.89,4.34,4.07,4.41,4.72,4.52,4.13,6.27,5.16,4.54,4.38,4.49,4.12,4.39,4.33,4.74,4.73,4.59,4.16,4.53,4.94,4.4,4.63,3.89,4.19,4.64,5.93
C3orf1,10.3,10.26,10.41,10.31,10.47,10.35,10.41,10.4,10.33,10.44,10.19,10.28,10.38,9.78,10.2,10.2,10.21,10.48,10.57,10.33,10.4,10.44,10.23,10.24,10.24,10.3,10.38,10.31,10.43,10.39,8.83,9.32,10.27,10.25,10.24,10.25,10.35,10.31,10.35,10.43,10.37,10.36,10.43,10.42,10.48,10.55,10.53,10.41,10.43,9.52
C3orf10,10.35,10.29,10.31,10.37,10.06,10.18,9.92,10.08,10.5,10.29,10.14,10.53,10.62,8.11,10.39,10.24,10.37,10.36,10.46,10.28,10.47,10.41,10.53,10.34,10.47,10.41,10.24,10.32,10.19,10.06,8.44,8.34,9.93,9.99,9.96,10.38,10.28,10.37,9.79,10.04,10.19,10.27,10.3,8.91,10.49,10.26,10.28,10.38,10.39,7.72
C3orf14,10.26,10.41,10.27,10.25,10.18,10.27,9.88,10.03,10.27,10.31,10.46,10.3,10.2,9.61,9.96,9.87,10.15,10.15,10.33,10.35,10.18,9.95,10.11,10.02,9.96,10.19,10.26,10.3,10.38,10.11,9.33,9.89,9.89,9.94,9.99,10.02,9.89,10.05,10.24,10.22,10.14,10.12,10.16,9.84,10.54,10.42,10.43,10.19,10.35,9.75
C3orf15,4.06,4.02,3.96,3.8,4.44,4.24,4.9,4.47,3.68,4.03,4.06,3.93,3.79,5.08,4.2,4.57,3.89,3.99,3.95,4.21,4.03,3.98,4.03,3.98,4,4.09,4.05,4.14,4.29,4.65,4.77,5.43,3.95,4.16,4.31,3.68,3.84,4.25,5.61,4.12,4.08,4.26,3.83,4.21,3.92,4.21,3.93,3.88,3.96,4.3
C3orf16,3.22,3.45,3.89,3.5,3.3,3.28,3.95,3.42,3.29,3.22,3.37,3.24,3.41,3.94,3.32,3.24,3.26,3.6,3.31,3.41,3.36,3.47,3.43,3.36,3.31,3.31,3.58,3.43,3.42,4.16,3.94,4.33,3.33,3.19,3.28,3.21,3.72,3.22,4.1,3.23,3.29,3.62,3.6,3.55,3.31,3.41,3.28,3.26,3.45,4.02
C3orf16,3.48,3.86,3.53,3.73,3.67,3.48,4.81,3.58,3.53,3.34,3.75,3.51,3.63,3.55,3.45,3.36,3.62,3.72,3.34,3.39,3.59,3.8,3.72,3.37,3.41,3.47,3.48,3.62,3.5,4.29,5.96,4.96,3.52,3.38,3.49,3.38,3.71,3.75,4.85,3.37,3.29,3.24,3.85,3.61,3.34,3.4,3.52,3.59,3.67,3.68
C3orf16,4.23,4.38,3.76,3.96,4.12,3.57,3.76,3.73,4.25,4.05,4.48,4.25,4.45,5.11,4.01,4.2,4,3.99,3.84,3.72,4.23,4.26,4.31,3.82,3.93,4.23,4.35,4.19,3.93,4.67,5.09,4.63,4.1,3.92,3.96,4.24,3.77,3.88,4.76,3.94,3.76,4.12,4.04,4.4,3.66,3.94,3.98,4.07,4.37,4.77
C3orf17,9.15,9.15,9.04,9.06,8.49,8.53,8.4,9.26,9.16,9.26,8.81,9.34,9.25,6.89,9.04,8.64,8.93,8.66,8.75,8.81,9.4,9.15,8.9,8.88,9.06,9.13,8.96,9.09,8.68,7.65,5.34,6.37,8.75,8.86,8.77,8.95,8.72,9.02,8.06,9.04,8.85,9.02,8.99,6.59,9,8.87,9.09,9.03,9.04,5.41
C3orf17,9.2,9.12,9,9.09,8.71,8.4,8.36,9.01,9.3,9.22,8.75,9.25,9.25,5.97,8.97,8.68,9.04,8.62,8.67,8.73,9.28,9.2,9.05,9.06,9.09,9.16,8.9,8.99,8.84,7.88,7.29,7.22,8.68,8.82,8.73,8.83,8.57,8.87,8.07,8.9,8.92,9.02,9.09,6.68,9.14,8.89,8.96,9.07,9.14,5.42
C3orf17,9.27,9.19,9.15,9.13,8.44,8.47,8.53,9.24,9.26,9.35,8.86,9.23,9.35,6.92,8.89,8.84,8.99,8.64,8.75,8.9,9.44,9.29,8.96,8.98,8.99,9.03,9.07,9.11,8.81,7.22,5.61,7.45,8.82,8.84,8.75,8.91,8.23,9.06,7.53,9.1,8.66,8.99,8.98,6.28,8.95,8.53,9.09,9.06,9.17,5.84
C3orf17,8.25,8.15,8.11,8.25,7.68,7.69,8.14,8.11,8.35,8.29,7.58,8.3,8.3,5.19,8.18,7.99,8.13,7.82,7.99,8.08,8.37,8.16,7.83,8.19,8.09,8.21,8.1,8.08,7.61,6.33,5.49,5.04,7.98,8.1,7.98,8.05,7.66,8,7.47,8.08,8.12,7.81,7.88,5.88,8.11,8.01,8.18,8.07,8.27,6.62
C3orf17,8.85,8.19,8.38,8.54,7.83,7.94,8.33,8.36,8.65,8.66,7.97,8.69,8.52,7.11,8.56,8.28,8.37,8.4,8.18,8.32,8.57,8.62,8.14,8.64,8.6,8.73,8.34,8.62,8.01,7.73,6.82,7.5,8.4,8.33,8.38,8.37,8.21,8.44,7.65,8.31,8.26,8.24,8.46,7.41,8.52,8.44,8.43,8.5,8.31,7.56
C3orf17,6.9,6.44,6.94,6.54,7.41,6.88,5.46,6.99,6.52,6.82,6.94,6.58,6.42,5.88,6.76,6.38,6.56,6.88,6.73,6.94,6.7,6.83,6.62,6.53,6.74,6.7,6.87,6.77,6.81,5.62,6.01,6.9,5.84,6.4,6.09,6.73,6.54,6.58,6.23,6.93,6.94,6.92,7.12,5.57,7.46,6.7,6.82,6.82,6.86,7
C3orf17,9.7,9.71,9.65,9.82,9.7,9.57,8.98,9.63,9.74,9.77,9.66,9.87,9.9,8.76,9.6,9.55,9.63,9.43,9.4,9.31,9.78,9.82,9.89,9.56,9.73,9.72,9.54,9.66,9.73,9.26,8.98,8.34,9.53,9.53,9.41,9.46,9.52,9.63,9.53,9.46,9.63,9.84,9.81,8.88,9.78,9.72,9.88,9.75,9.83,8.69
C3orf18,6.18,5.91,6.3,6.23,6.35,6.38,6.32,6.65,6.01,6.07,6.3,6.08,6.21,5.57,5.9,6.32,6.1,6.19,5.87,6.13,6.32,6.07,6.4,6.33,6.13,6.18,6.49,6.07,6,5.06,5.52,4.55,6.15,6.29,6.12,6.08,6.15,6.31,6.05,6.22,6.31,6.41,6.62,5.56,6.44,6.43,6.3,6.05,6.36,6
C3orf19,6.32,6.04,6.38,6.11,5.98,6.61,5.38,6.69,6.48,6.47,6.16,6.18,6,4.73,7.54,7.35,7.51,6.24,6.36,6.51,6.67,6.47,6.33,6.85,7.04,7.03,6.62,6.16,6.45,4.73,6.91,5.66,7.59,7.51,7.62,6.97,7.19,7.05,5.38,6.19,6.27,6.59,6.71,5.69,6.16,6.34,6.77,6.39,5.94,5.04
C3orf19,8.21,8.33,8.35,8.27,8.36,8.38,8.35,8.45,8.2,8.24,8.45,8.27,8.14,8.79,9.07,9.02,9.02,8.34,8.32,8.31,8.46,8.41,8.38,8.88,8.78,8.91,8.27,8.25,8.38,8.08,8.35,9.01,9.08,9.08,9.12,9,9.04,8.85,8.77,8.32,8.47,8.39,8.53,8.89,8.51,8.52,8.47,8.3,8.32,9.3
C3orf20,4.52,5.37,4.26,4.57,4.38,4.75,4.4,4.08,4.7,4.73,4.85,4.48,5.06,5.11,4.36,4.5,4.43,4.38,4.34,4.6,4.46,5.09,4.91,4.24,4.24,4.27,4.6,4.75,5.37,4.5,5.22,4.76,4.29,4.78,4.34,4.44,4.56,4.43,4.55,4.39,4.12,4.87,4.93,4.27,3.91,4.35,4.58,4.45,4.95,4.27
C3orf21,8.28,8.4,8.36,8.25,8.23,8.37,8.33,8.7,8.41,8.49,8.38,8.16,8.02,6.66,8.12,8.14,8.01,8.2,8.28,8.17,8.12,8.29,8.39,8.03,8.07,8.11,8.38,8.4,8.43,8.73,7.22,7.66,7.93,7.83,7.84,8.3,8.24,7.87,8.23,8.38,8.28,8.73,8.56,6.34,8.26,8.3,8.39,8.22,8.46,8.03
C3orf21,6.45,6.17,6.68,6.23,6.28,5.79,5.9,6.76,6.25,6.37,6.21,6.16,6.33,6.81,6.5,6.69,6.55,6.45,6.7,6.6,6.37,6.51,6.18,6.64,6.52,6.8,6.79,6.38,6.49,5.89,5.99,7.19,6.32,6.46,6.47,6.52,6.87,6.42,5.53,6.72,6.55,6.82,6.46,6.31,6.57,7.18,6.22,6.41,6.61,6.16
C3orf22,3.93,3.89,3.79,4,3.87,4.89,4.13,4.37,3.83,3.8,3.95,3.9,4.14,4.59,4.02,4,4.03,3.95,3.89,3.92,4.25,3.98,3.96,3.83,3.96,4.02,3.96,3.76,4.13,5,5.94,5.63,3.8,4.27,3.89,3.76,3.94,3.94,6.26,3.88,3.95,4.2,4.1,4.17,3.78,4.11,3.97,3.85,3.82,4.34
C3orf23,7.89,7.79,8.05,8.12,8.14,8.16,6.92,7.97,8.1,8.06,8.08,8.21,8.09,6.34,8.64,8.53,8.68,8.58,8.5,8.56,8.45,8.38,8.3,8.67,8.38,8.46,8.1,8.1,8.04,7.54,6.43,6.73,8.53,8.68,8.53,8.66,8.57,8.69,8.07,8.46,8.38,8.04,8.11,6.33,8.21,8.17,8.24,8.45,8.4,7.26
C3orf23,7.82,7.85,7.97,7.83,7.21,7.29,7.14,7.6,7.79,8.01,7.5,8.22,8.04,6,7.92,7.74,7.97,7.65,7.72,7.75,8.09,8.21,8.14,8,7.87,8.04,7.85,7.85,7.53,5.39,6.34,6.47,7.25,7.67,7.66,7.94,7.56,7.82,7.98,7.99,7.8,7.74,7.64,6.48,7.81,7.37,7.76,8.03,7.79,5.87
C3orf23,7.98,8.52,8.06,8.05,7.95,7.92,7.43,7.86,8.01,8.11,8.26,8.32,8.47,7.51,8.28,8.1,8.19,7.85,7.97,8.15,8.42,8.41,8.62,8.35,8.42,8.4,8.23,8.08,8.19,7.48,8.37,7.66,7.67,7.81,7.82,8.22,7.9,8.06,7.89,8.24,8.29,7.95,8.15,6.52,7.96,8.17,8.18,8.26,8.19,8.03
C3orf23,6.82,6.28,6.6,6.47,5.56,6,5.8,6.26,6.77,6.7,6.54,6.68,6.58,5.22,6.61,6.45,6.78,6.29,6.03,6.54,6.79,6.73,6.75,6.97,6.62,6.93,6.62,6.57,6.26,3.82,3.64,5,6.34,6.65,6.51,6.52,6.23,6.54,6.26,6.42,6.45,5.69,6.29,4.17,6.1,5.75,6.1,6.4,6.24,5.39
C3orf24,4.78,4.75,4.57,4.7,4.46,5.39,4.98,4.5,4.55,4.75,4.71,4.63,4.52,4.76,4.56,4.61,4.61,4.77,4.62,4.66,4.61,5.06,4.68,4.91,4.58,4.34,4.86,4.65,4.85,4.37,4.63,5.36,4.61,4.58,4.6,4.65,4.39,4.29,4.7,4.54,4.49,4.72,4.7,5.21,4.83,4.83,4.71,4.41,4.71,5.88
C3orf25,5.18,5.43,5.25,5.13,4.95,6.1,5.4,5.77,5.29,5.05,5.66,5.58,5.39,6.11,5.16,5.29,5.19,5.22,5.04,5.46,5.25,5.23,5.34,5.27,5.04,5.18,5.23,5.56,5.42,5.37,4.96,5.2,5.09,4.96,5.46,5.45,5.4,5.22,5.73,5.56,5.65,5.72,5.98,5.26,5.64,4.73,5.62,5.29,5.28,6.6
C3orf26,9.49,9.51,9.62,9.65,9.7,9.61,9.12,9.3,9.66,9.63,9.6,9.41,9.62,7.02,9.4,9.32,9.42,9.71,9.66,9.61,9.08,9.03,8.92,9.17,9.15,9.22,9.7,9.62,9.66,9.8,7.73,8.29,9.42,9.45,9.4,9.53,9.59,9.57,9.62,9.57,9.5,8.83,9.08,7.68,9.47,9.45,9.39,9.56,9.54,7.17
C3orf27,4.96,5.13,4.93,4.94,4.68,5.04,4.98,5.24,4.88,4.97,5.41,5.14,5.04,5.17,4.86,4.94,4.9,5.05,5.02,4.82,4.96,5.28,5.12,5.06,4.86,4.89,4.83,5.08,5.14,4.54,6.25,4.9,5.07,4.89,5.07,4.73,4.64,4.9,5.2,5.03,4.75,5.24,5.02,6.57,5.01,5.09,5.23,4.9,4.93,6.05
C3orf30,3.98,3.85,3.93,3.86,3.88,3.82,5.17,3.68,3.86,3.74,3.88,3.87,3.93,5.99,3.67,3.86,3.87,3.98,3.89,3.85,3.85,3.75,3.72,3.84,3.6,3.78,3.8,3.93,3.94,5.32,5.2,5.04,3.73,3.8,3.85,3.6,4.07,3.68,4.21,3.62,3.79,3.67,4.1,5.49,3.98,4.6,3.9,3.69,3.87,5.1
C3orf31,8.23,8.13,8.28,8.21,8.38,8.19,7.78,8.26,8.21,8.34,8.17,8.14,8.26,7.16,8.23,8.2,8.36,8.84,8.78,8.74,8.33,7.96,7.97,8.15,8,8.24,8.46,8.23,8.23,7.74,6.58,6.54,8.14,8.23,8.03,8.13,8.23,8.29,7.89,8.26,8.39,8.01,8.03,6.98,8.35,8.25,8.2,8.26,8.38,6.39
C3orf31,7.83,7.53,7.46,7.54,6.96,7.23,6.56,7.58,7.8,7.84,7.24,7.6,7.59,5.26,7.65,7.67,7.84,7.98,8.2,8.38,7.47,7.47,7.29,7.39,7.58,7.64,7.49,7.68,7.42,6.65,6.65,5.49,7.22,7.46,7.32,7.64,7.32,7.63,6.81,7.92,7.35,7.18,7.04,5.56,7.69,7.24,7.5,7.75,7.73,6.65
C3orf31,6.37,6.37,6.59,6.47,6.25,6.33,6.37,6.14,7.03,6.62,6.69,6.49,6.49,3.68,6.66,6.34,6.67,7.18,7.38,7.05,6.47,6.32,6.4,6.49,6.2,6.5,6.54,6.47,6.49,4.61,5.45,3.92,6.3,6.43,6.42,6.6,6.6,6.5,6.54,6.67,6.52,6.18,6.47,4.49,6.71,6.34,6.37,6.55,6.83,4.57
C3orf31,4.6,4.26,4.36,4.6,3.99,4.03,4.11,3.85,4.47,4.2,4.19,4.55,4.29,5.02,4.67,4.17,4.4,4.31,4.56,4.6,4.26,4.39,4.28,4.67,4.35,4.29,4.11,4.58,4,4.02,4.48,6.05,4.1,4.13,4.56,4.37,3.78,4.34,3.74,4.53,4.35,4.53,4.34,5.36,4.64,4.45,4.54,4.3,4.43,6.42
C3orf32,4.5,4.63,4.35,4.53,4.44,4.62,4.66,4.78,4.66,4.49,5.03,4.75,4.57,4.76,4.45,4.73,4.57,4.51,4.79,4.53,4.47,4.58,4.86,4.47,4.58,4.65,4.8,4.92,4.7,4.24,4.94,4.36,4.45,4.61,4.81,4.85,4.71,4.72,4.35,4.42,4.62,4.56,4.49,4.71,4.5,4.39,4.95,4.63,4.25,5.46
C3orf32,5.25,5.07,5.34,5.4,5.53,5.24,6.64,5.27,5.27,4.96,5.19,5.25,5.09,5.79,5.55,4.99,4.96,5.07,4.95,4.8,4.85,5.22,5.22,5.17,4.76,4.97,4.97,5.26,5.05,4.71,4.63,4.78,4.72,4.97,5.13,5.06,4.68,5.01,4.68,4.99,5.19,5.38,4.82,6.53,4.74,5.5,5.28,5,5.05,5.62
C3orf33,4.31,4.86,4.2,4.25,4.09,4.42,4.67,4.15,4.61,4.43,4.9,4.37,4.74,6.8,4.54,4.71,4.23,4.18,4.31,4.4,4.22,4.6,4.95,4.04,4.24,4.21,4.37,4.63,4.38,6.94,5.28,5.11,4.27,4.34,4.34,4.36,4.03,4.44,3.88,4.88,4.1,4.24,3.91,5.33,4.18,4.03,4.49,4.53,4.37,5.69
C3orf33,4.53,4.72,4.34,4.47,4.31,4.59,4.31,4.51,4.37,4.36,4.49,4.42,4.64,4.8,4.3,4.46,4.66,4.41,4.31,4.42,4.32,4.55,4.53,4.41,4.44,4.05,4.54,4.44,4.41,5.71,8.61,6.51,4.71,4.66,4.4,4.81,4.36,4.27,4.66,4.06,4.71,4.41,4.43,6.43,4.21,4.44,4.65,4.19,4.35,4.42
C3orf34,7.22,6.68,7.19,6.76,6.74,6.79,6.61,6.74,6.95,7.23,6.43,7.17,6.89,5.59,7.01,6.88,6.99,7.19,7.29,7.13,7.38,7.18,6.83,6.91,6.8,6.96,6.94,7.36,6.51,5.94,6.76,6.14,7.06,7.05,6.81,7.08,6.9,7.16,5.73,6.86,6.86,6.87,6.59,4.96,6.81,6.56,6.94,6.55,6.9,6.12
C3orf34,7.7,7.88,7.78,7.75,7.77,7.91,7.29,7.73,7.76,7.66,7.86,7.6,7.61,7.45,7.67,7.5,7.93,7.94,7.93,8.03,7.79,7.78,7.93,7.52,7.47,7.71,7.72,7.54,7.83,6.38,4.89,5.37,7.52,7.57,7.6,7.73,7.68,7.8,7.09,7.68,7.64,7.97,7.74,5.39,7.38,7.92,7.52,7.56,7.89,6.46
C3orf35,3.71,3.77,3.86,3.87,3.87,4.32,5.51,4.08,3.72,3.92,4.09,4.01,4,4.17,3.9,3.62,3.71,3.85,3.94,3.91,3.74,4.2,4.17,4.09,3.98,3.71,3.8,3.72,3.8,6.31,5.28,4.89,3.87,3.82,3.88,3.98,4.08,3.94,4.99,3.92,3.73,4.15,3.76,5.52,4.16,3.78,4.15,3.89,4.01,5.74
C3orf35,4.37,3.79,3.9,3.97,3.93,4.48,3.75,3.73,4.02,3.73,3.84,4.02,3.64,5.21,3.91,4.01,4.01,4.14,3.9,4,3.86,4.08,4.14,3.83,4.1,3.57,3.9,3.87,3.76,3.96,4.64,4.63,3.9,3.8,3.99,4.06,4.25,3.81,4.06,3.78,3.89,3.83,3.83,3.74,4.25,3.89,4.34,3.77,4.01,4.69
C3orf35,3.81,3.79,3.66,3.68,3.99,3.51,4.39,3.69,3.69,3.78,3.8,3.81,3.79,4.13,3.82,3.8,3.98,3.8,3.7,3.58,3.89,3.8,3.77,3.64,3.51,3.62,3.77,3.65,4.1,4.41,5.2,4.13,4.07,3.9,3.91,3.48,3.92,3.55,4.58,3.63,3.72,3.84,3.8,4.62,3.67,3.67,3.62,3.62,3.83,4.06
C3orf36,3.88,3.54,3.72,3.97,4.17,3.92,5.06,3.67,3.51,3.74,3.92,3.9,3.41,4.6,3.77,3.48,3.61,3.76,3.78,3.61,3.59,3.8,3.65,3.61,3.75,3.81,3.61,3.62,3.81,3.73,4.24,4.77,3.66,3.76,4.01,3.68,3.94,3.64,4.69,3.76,3.88,3.58,4.03,5.28,3.8,3.5,3.44,3.68,3.58,4.58
C3orf37,8.93,8.81,9.03,8.9,9.17,9.02,8.77,8.98,9.02,9,8.87,8.99,8.75,8.27,8.75,8.6,8.78,9.01,9,8.84,8.84,8.86,8.98,8.8,8.71,8.66,8.91,9.05,9.09,8.86,8.05,7.33,9,8.82,8.89,8.66,8.86,8.8,8.7,9.09,9.05,8.83,8.9,7.57,8.8,8.94,8.98,9.08,9.08,7.67
C3orf37,4.9,5.38,5.43,5.63,5.68,5.39,5.5,5.43,5.45,5.4,5.19,5.4,5.16,5.88,5.12,5.28,5.59,5.8,5.74,5.54,5.62,4.94,5.75,5.79,5.3,5.59,5.49,5.41,5.13,5.33,4.97,4.86,5.57,5.35,5.16,5.67,5.53,5.69,5.84,5.94,5.77,6.09,5.7,4.75,5.7,5.25,5.53,5.19,5.66,5.67
C3orf38,8.35,8.43,8.21,8.28,8.07,8.12,8.07,8.1,8.54,8.34,8.25,8.5,8.52,6.96,8.44,8.3,8.48,8.18,8.16,8.42,8.83,8.63,8.85,8.55,8.62,8.81,8.15,8.38,8.37,7.24,4.88,5.65,8.56,8.51,8.4,8.45,8.13,8.42,8.08,8.57,8.41,8.05,8.08,6.99,8.46,8.29,8.52,8.42,8.77,6.71
C3orf38,9.44,9.23,9.36,9.22,8.97,8.8,8.97,9.25,9.46,9.42,8.95,9.46,9.47,6.68,9.6,9.54,9.54,9.17,9.32,9.54,9.78,9.71,9.51,9.69,9.73,9.83,9.17,9.37,9.07,7.58,5.54,8.09,9.54,9.5,9.49,9.44,9.01,9.4,8.69,9.6,9.41,8.7,8.79,6.48,9.45,9.38,9.51,9.45,9.37,7.94
C3orf38,8.53,8.83,8.44,8.4,8.23,8.22,7.13,8.11,8.83,8.55,8.74,8.73,8.74,7.79,8.78,8.61,8.89,8.56,8.44,8.35,8.99,8.98,9.06,8.78,8.86,8.93,8.39,8.39,8.48,7.99,5.27,6.37,8.67,8.85,8.73,8.66,8.63,8.49,8.02,8.61,8.68,8.29,8.36,7.02,8.7,8.52,8.57,8.76,9.05,6.74
C3orf38,9.85,9.87,9.66,9.7,9.43,9.62,9.43,9.55,9.9,9.82,9.7,9.93,10,9.01,9.94,9.92,10,9.78,9.76,9.75,10.26,10.16,10.13,10.16,10.15,10.21,9.69,9.73,9.7,7.82,7.17,7.6,9.98,10.01,9.98,9.78,9.66,9.81,9.52,9.96,9.89,9.45,9.63,8.86,9.87,9.81,9.86,9.84,9.98,8.41
C3orf39,5.04,4.96,5.42,5.37,5.37,5.61,4.81,5.55,4.91,5.19,5.18,4.96,5.19,5.28,4.93,5.13,5.09,5.33,5.02,5.1,5.23,4.83,4.9,4.81,4.74,5.11,5.36,5.28,5.52,6.17,4.07,4.87,4.89,5.39,5.15,4.97,5.88,5.2,5.85,5.44,5.46,5.13,5.39,4.52,5.28,5.03,5.54,5.06,5.34,4.98
C3orf42,4.07,4.15,3.85,4.23,4.43,4.62,3.56,4.44,3.92,4,4.24,3.99,4.04,5.03,4.12,4.57,3.92,4.33,3.98,4.21,3.89,4.35,3.97,4.23,4.16,4.15,4.08,4.31,4.04,5.47,6.31,4.02,3.65,3.94,4.39,4.18,4.03,4.08,4.23,3.79,3.79,4.27,4.21,4.98,4.1,4.31,4.29,3.98,4.06,3.82
C3orf43,3.79,3.8,3.73,3.75,3.8,3.82,3.96,3.76,3.82,3.8,4.06,3.63,3.67,4.55,3.83,3.8,3.66,3.73,3.6,3.51,3.7,3.61,3.62,3.79,3.75,3.68,3.86,3.69,3.67,4.64,4.62,4.98,3.76,4.04,3.66,3.63,3.74,3.51,4.1,3.72,3.79,3.66,4.03,4.23,4.09,3.65,3.68,3.61,3.73,3.82
C3orf44,4.37,4.97,4.52,4.17,4.71,4.05,6.11,4.19,4.36,4.42,4.8,4.41,4.43,5.06,4.14,4.33,3.91,4.61,4.4,4.34,4.16,4.49,4.58,4.24,4.38,4.36,4.54,4.32,4.49,4.87,6.4,4.72,4.29,4.44,4.09,4.3,4.11,4.31,4.58,4.19,4.32,4.15,4.39,5.74,4.42,4.51,4.08,4.23,4.1,4.35
C3orf45,4.3,4.23,4.49,4.5,4.73,4.46,4.38,4.73,4.77,4.3,4.38,4.69,4.32,4.41,4.62,4.09,4.41,4.47,4.55,4.26,4.06,4.3,4.56,4.32,4.51,4.39,4.4,4.47,4.35,4.9,5.72,4.82,4.3,4.4,4.14,4.18,4.56,4.34,4.7,4.59,4.59,4.74,4.7,5.49,4.41,4.35,4.58,4.51,4.51,4.83
C3orf45,6.05,5.93,6.7,5.99,7.14,6.22,5.88,6.11,6,5.85,6.08,5.85,5.9,8.79,5.96,5.74,5.72,6.06,5.81,6.03,5.98,5.74,5.82,5.79,5.6,5.86,6.45,6.03,6.34,6.7,7.88,8.06,5.68,6.04,5.81,5.68,5.65,5.86,5.62,5.86,6.13,5.84,6.58,7.38,6.57,6.54,5.89,6.05,5.91,6.11
C3orf46,3.61,3.51,3.94,3.69,3.7,3.58,3.54,3.51,4.03,3.57,3.61,3.65,3.57,3.51,3.95,3.83,3.36,3.74,3.59,3.54,3.61,3.89,3.61,3.49,3.7,3.72,3.72,3.78,3.61,4.56,5.27,4.07,3.66,3.65,3.96,3.62,4.56,3.72,4.18,3.82,3.59,3.5,3.82,4.02,3.73,3.54,4.18,4.01,3.95,5.5
C3orf47,3.94,4.02,4.03,4.16,4.17,4.07,3.96,4.49,4.29,4.21,4.12,4.04,4.18,4.64,3.75,3.87,4.04,3.92,3.7,3.93,4.31,4.1,4.2,4.12,3.94,4.29,3.95,4.13,4.41,5.83,4.03,5.07,3.97,4.21,3.96,3.93,3.73,4.23,3.69,4.47,4.35,4.75,4.43,4.51,4.43,4.09,3.97,4.02,4.12,5.35
C3orf51,5.34,5.66,4.91,5.07,4.84,4.85,5.56,5.01,5.11,5.13,5.03,5.2,5.45,5.73,4.81,5.17,5.21,5.2,4.91,4.92,5.3,5.37,5.34,4.79,4.76,4.91,5.08,5.27,5.24,5.4,7,6.45,4.86,4.94,5.22,4.69,5.11,4.68,4.18,4.81,4.66,4.76,4.89,4.92,4.61,4.51,4.88,4.73,4.87,6.02
C3orf52,3.57,3.62,3.47,3.58,3.58,3.43,3.83,3.67,3.55,3.67,3.58,3.54,3.52,3.91,3.52,3.71,3.81,3.48,3.9,3.55,3.48,3.7,3.74,3.7,3.63,3.67,3.6,3.65,3.71,3.85,4.41,4.96,3.65,3.52,3.7,3.72,3.92,3.49,4.19,3.4,3.41,3.5,3.41,4.57,3.98,3.49,3.78,3.68,3.41,3.73
C3orf52,4.71,4.76,4.8,5.17,4.62,4.9,5.25,4.75,5.06,4.93,5.26,4.99,4.79,5.61,4.87,4.78,4.77,4.73,4.85,4.86,4.96,5.1,4.7,4.78,4.88,4.7,4.88,4.98,5.21,4.31,5.99,6.03,4.55,4.67,4.75,4.9,4.48,4.69,5.04,4.79,4.71,4.74,4.46,4.74,4.69,4.81,4.67,4.98,4.85,6.67
C3orf52,4.81,5,4.98,5.05,5.26,5.34,4.69,4.77,5.02,4.86,5.3,4.79,5.03,6.65,4.87,5.08,4.79,4.85,5.09,4.93,4.68,5.07,4.91,4.99,4.99,5.12,5.09,5.13,4.95,6.13,4.9,5.08,4.54,5.05,4.92,5.01,4.92,5.14,4.67,4.85,5,5.11,5.35,6.04,5.08,4.32,5.21,4.86,5.02,6.29
C3orf54,5.78,5.46,5.97,5.75,6.13,6.44,5.24,6.58,5.92,6.01,6.04,6.2,5.81,4.32,7.32,7.3,7.01,6.17,6.22,6.13,6.98,7.03,6.95,7.44,7.41,7.2,5.98,5.76,6.23,5.56,6.5,4.75,7.84,8.2,8.18,8.05,7.93,7.68,6.38,6,6.01,5.57,6.04,6.66,5.47,5.27,6.17,6.33,6.15,6.4
C3orf55,4.03,3.74,3.59,3.66,4.08,3.85,3.38,4.08,3.99,3.75,3.9,3.91,4.22,3.89,3.54,3.53,3.61,3.52,4.1,3.56,3.83,3.98,3.74,3.8,3.85,3.7,3.68,3.89,3.58,3.43,4.28,4.12,3.54,4.14,3.79,3.63,3.74,3.73,4.11,3.65,3.86,3.55,3.41,3.87,3.96,3.54,3.82,3.58,3.79,3.94
C3orf55,4.22,4.41,4.17,4.1,4.07,4.33,5,4.3,4.4,4.13,4.56,4.35,4.32,5.38,4.02,4.33,3.96,4,4.24,4.25,4.28,4.57,4.14,3.98,4.27,4.34,4.4,4.63,4.09,4.09,5.83,4.55,4.35,4.07,4.21,4.33,4.7,4.07,5,4.14,4.27,4.43,4.07,4.88,4.49,4.16,4.14,4.19,4.27,5.08
C3orf56,3.69,3.89,3.57,3.61,3.77,3.68,4.67,3.44,3.84,3.81,3.97,3.7,3.8,4.09,3.89,3.96,3.52,3.83,3.78,3.65,3.79,3.69,3.66,3.76,3.54,3.83,3.83,3.87,3.89,4.09,5.19,4.73,4.02,4.14,3.91,3.5,3.74,3.78,4.23,3.54,3.6,3.62,3.94,4.83,3.71,4.15,4.12,3.65,3.56,4.58
C3orf57,3.58,3.84,3.53,3.42,3.52,3.72,3.57,3.46,3.56,3.59,3.63,3.65,3.71,3.73,3.41,3.47,3.42,3.92,3.27,3.34,3.61,3.78,3.39,3.33,3.22,3.38,3.39,3.49,3.41,3.66,4.47,3.58,3.31,3.44,3.43,3.6,3.31,3.57,3.3,3.34,3.3,3.7,3.57,3.83,3.48,3.33,3.61,3,3.49,3.47
C3orf57,4.71,4.6,4.34,4.57,5.03,4.96,5.74,4.7,4.78,4.75,4.78,4.74,4.8,5.1,4.73,4.54,4.62,4.93,4.64,4.56,4.69,4.65,4.75,4.85,4.74,4.52,5.21,4.74,5.06,5.71,6.01,5.93,4.4,4.51,4.54,4.56,4.96,4.43,5.1,5.06,4.8,5,5.04,4.72,5.28,5.43,5.19,4.62,4.66,6.09
C3orf58,4.37,4.23,4.03,4.4,4.16,4.55,4.23,4.61,4.52,4.23,4.45,4.44,4.35,4.44,4.55,4.24,4.5,4.85,4.33,4.43,4.2,4.37,4.5,4.58,4.5,4.85,4.34,4.59,4.3,4.7,4.34,6.53,4.32,4.45,4.62,4.31,3.98,4.11,3.93,4.44,4.61,4.35,4.47,4.92,4.39,4.71,4.21,4.36,4.57,5.82
C3orf58,6.71,6.19,6.41,6.44,5.05,4.91,4.39,6.2,6.87,6.72,5.46,6.72,6.22,5.31,6.97,6.98,6.86,6.32,6.5,6.86,6.1,6.3,5.47,6.74,6.75,6.54,6.1,6.67,5.23,4.55,5.41,5.16,6.94,7.09,6.84,6.83,5.93,6.68,5.69,6.32,5.83,4.72,5.28,6.48,5.45,5.08,6.15,6.37,5.83,6.38
C3orf58,6.93,7.15,7.1,7.11,6.67,6.78,6.66,6.89,7.21,7.21,7.23,6.9,7.04,6.55,7.26,6.99,7.17,6.82,6.94,6.98,6.86,6.91,7.12,7,7.27,7.01,7.04,7.05,6.86,6.78,5.54,6.69,7.16,7.33,7.23,7.37,7.37,7.31,6.52,7.14,7.08,6.62,6.41,5.77,6.83,6.41,6.86,7.24,7.3,6
C3orf59,7.03,6.83,6.77,7.02,6.2,6.28,6.75,7.03,6.85,7.06,6.49,6.9,7.01,7.04,6.98,6.57,6.84,7.11,6.98,7.24,6.93,6.76,6.41,6.65,6.91,6.94,6.67,7.11,6.75,7,6.87,7,6.91,6.77,7,6.84,6.57,7.05,5.7,6.79,6.59,6.47,6.31,7.09,6.58,6.28,6.79,6.88,6.75,7.2
C3orf59,6.86,6.84,7.1,6.79,7.2,6.89,5.73,6.7,6.88,7.08,7.02,6.77,6.45,5.54,6.87,6.83,6.79,7.13,7.1,7.11,6.79,6.72,7.02,6.87,6.78,6.73,7,7.11,6.8,5.24,5.71,5.63,6.79,6.93,7.24,7.06,6.84,6.96,5.97,6.88,6.82,7.3,6.51,6.45,6.43,6.62,7,6.83,6.78,6.21
C3orf62,7.86,7.7,7.72,7.55,7.64,7.73,7.57,7.53,7.73,7.8,7.94,7.82,7.72,7.23,8.03,7.77,7.97,7.62,7.74,7.5,8.23,8.08,8.13,7.86,8.11,8.04,7.69,7.66,7.78,6.88,6.39,5.2,7.77,7.69,7.74,7.81,7.69,7.79,6.93,7.64,8.04,7.99,7.78,6.02,7.54,7.62,7.62,7.6,7.73,6.97
C3orf62,4.15,4.44,4.36,4.1,4.23,4.23,4.85,4.27,4.52,4.26,4.53,4.49,4.43,4.8,4.27,4.1,4.56,4.26,4.33,4.48,4.43,4.37,4.41,4.54,4.57,4.27,4.41,4.12,4.47,3.95,3.89,4.45,4.22,4.2,3.99,4.36,4.48,4.61,4.29,4.3,4.33,4.23,4.6,3.9,4.33,4.24,4.15,4.51,4.41,4.02
C3orf62 /// USP4,4.64,4.48,4.93,4.8,5.03,5.02,5.41,4.82,4.8,4.68,4.46,4.75,4.82,5.63,4.84,5.32,4.74,4.71,4.8,4.62,4.84,5,4.66,5.14,4.76,4.99,4.51,4.76,4.86,5.7,4.92,5.94,4.75,4.7,4.99,4.76,4.92,4.92,5.55,4.68,4.8,4.86,4.88,6.94,4.86,4.51,4.87,4.63,4.74,4.9
C3orf63,7.61,7.39,7.32,7.48,7.25,7.14,6.89,7.27,7.64,8,7.38,7.4,7.14,7.69,7.22,6.97,7.06,7.95,7.94,7.95,6.83,7.21,6.75,7.14,7.26,6.77,7.48,7.66,7.19,5.35,7.41,5.41,6.59,6.63,6.51,7.02,6.39,7,6.45,7.27,7.31,7.33,7.19,7.52,7.22,7.22,7.53,7.58,7.34,7.48
C3orf63,10.65,10.85,10.61,10.74,10.43,10.51,10.39,10.57,10.65,10.7,10.97,10.58,10.7,10.18,10.48,10.52,10.43,10.52,10.51,10.6,10.62,10.73,10.93,10.52,10.62,10.51,10.63,10.64,10.66,10.29,6.79,9.54,10.13,10.31,10.2,10.5,10.27,10.49,10.32,10.7,10.66,10.6,10.57,10.14,10.76,10.63,10.79,10.66,10.76,9.8
C3orf63,7.02,7.26,6.98,6.98,6.82,6.95,6.47,6.83,7.1,7.13,6.99,6.93,6.89,7.25,6.69,6.72,6.72,7.34,7.32,7.4,6.59,6.7,6.84,6.6,6.5,6.46,6.7,7.16,7.05,6.79,6.43,6.61,6.02,6.2,6.34,6.74,6.53,6.67,6.42,6.94,6.88,6.95,7,5.83,6.61,6.5,6.92,6.88,6.95,6.52
C3orf64,5.31,5.17,5.55,5.03,4.92,4.89,4.77,5.36,5.39,5.23,5.07,5.49,5.21,6,5.32,5.13,5.11,5.42,5.25,5.37,4.98,5.08,4.83,5.17,4.99,5.13,4.97,5.27,4.87,5.05,4.79,4.62,5.41,5.35,5.29,5.05,4.67,5.13,5.35,5.31,5.07,4.46,4.92,5.74,4.8,5.3,5.2,5.54,5.11,5.32
C3orf64,6.02,6.37,6.22,6.32,5.88,5.89,6.91,6.25,6.65,5.98,6.42,6.17,6.24,5.02,5.94,5.95,6.16,5.97,6.22,5.87,5.75,5.91,6.31,5.7,5.7,5.95,6.11,5.87,6.42,7.32,4.19,4.16,5.65,5.94,5.79,6.11,5.91,5.99,6.19,6.29,6.11,6.1,6.23,5.05,5.67,4.88,6.06,6,6.65,5.13
C3orf67,3.96,3.91,3.78,4.05,3.62,3.94,4.44,3.75,3.77,3.76,3.6,4.05,3.89,3.97,4,4,4.09,4.03,3.79,4.27,3.9,3.8,3.86,3.9,4.1,3.94,3.53,3.7,3.92,4.08,5.4,4.12,3.8,3.77,3.83,4.24,3.7,3.93,3.89,4.31,3.79,3.88,3.71,3.62,4,3.63,3.82,3.73,3.95,4.69
C3orf67,4.18,4.34,4.01,3.96,3.86,3.89,4.55,3.74,4.19,4.05,4.22,4.12,4.21,4.15,4.01,4.05,3.91,4.38,3.87,4.11,4.35,4.31,4.22,3.98,3.93,3.98,4.45,4.08,4.13,4.23,5.4,5.38,4.27,4.09,3.98,4.19,4.24,4.22,4.92,3.8,3.76,4.37,3.86,4.54,4.17,5.14,4,3.83,4.22,4.07
C3orf67,4.07,3.82,4.53,4.2,4.15,4.27,5.26,4.33,4.23,4.21,4.46,4.07,4.17,4.18,4.21,3.83,3.62,4.81,3.86,3.98,3.87,4.19,4.37,3.97,3.78,4.34,3.87,4.45,4.58,5.27,3.64,4.44,3.84,4.04,4.21,3.94,3.82,3.97,4.72,4.21,3.99,4.17,4.52,5.07,4.33,3.99,4.22,4.03,4.11,5.74
C3orf70,3.69,3.78,3.84,3.89,3.79,3.84,3.53,3.97,3.74,3.87,4.08,3.72,3.54,4,3.64,3.59,3.59,3.71,3.65,3.65,3.78,3.79,3.69,3.72,4.02,3.98,3.61,4.02,3.72,4.08,4.48,3.97,3.81,3.87,3.97,4.08,3.79,3.83,4.14,4.39,3.97,3.83,4.21,4.6,3.96,4.45,3.79,3.77,3.54,5.35
C3orf70,3.91,3.84,3.61,3.75,3.55,3.58,4.02,3.65,3.56,3.59,3.92,3.8,4.08,4.1,3.61,3.9,3.95,3.65,3.81,3.63,3.94,4.01,4.11,3.92,3.66,3.56,3.54,3.8,3.74,5.32,5.13,5.6,3.91,3.58,3.77,3.63,4.15,3.42,4.33,3.79,3.42,3.67,3.84,6.04,3.47,3.63,3.85,3.76,3.68,4.61
C3orf70,3.79,3.83,3.68,3.88,3.82,3.88,4.37,3.79,3.69,3.7,3.68,3.79,3.99,3.83,3.77,3.78,3.71,3.85,3.61,3.69,3.71,3.98,3.98,3.87,3.59,3.71,3.93,3.81,3.72,5.69,4.45,4.94,3.92,3.74,3.8,3.69,3.69,3.62,4.11,3.73,3.66,3.82,3.97,4.21,3.56,3.73,3.63,3.79,3.77,3.96
C3orf71,5.8,5.73,6.1,5.75,5.64,6.22,4.85,5.63,5.95,5.95,5.86,5.77,5.64,4.85,6.28,6.21,6.6,5.81,5.78,6.11,5.64,5.74,6.2,6.39,6.06,6.54,5.9,6.08,5.77,6.6,5.3,5.16,6.37,6.44,6.39,6.13,6.63,6.53,4.95,5.67,5.85,6.53,6.15,5.36,6.17,5.77,6.07,6.03,5.63,5.13
C3orf72,3.64,3.73,3.6,3.76,4.01,4.02,3.86,3.79,3.7,3.66,3.52,3.94,3.63,6.66,3.74,3.78,3.76,3.6,4.06,4.02,3.7,3.77,3.62,3.85,3.77,3.88,3.81,3.52,3.64,4.14,4.76,4.56,3.92,3.59,3.78,3.65,3.58,3.88,4.11,3.48,3.81,4.06,3.62,4.26,3.72,3.68,3.86,3.78,3.49,5.52
C3orf72,3.95,4.16,3.89,3.92,3.87,3.86,4.02,4.14,3.88,3.87,4.05,3.87,4.01,3.51,3.73,3.74,3.61,3.8,3.58,3.81,4.19,4.03,3.99,3.62,3.66,3.9,3.64,3.89,3.78,4.35,4.63,7.43,3.78,3.62,3.68,3.84,3.96,3.68,4.44,4.02,3.8,3.96,3.99,4.49,3.8,3.91,4.3,3.87,3.71,4.34
C3orf75,8.92,8.71,8.88,8.9,9.25,9.36,8.93,9.12,8.91,8.77,8.95,8.84,8.88,8.23,8.69,8.9,8.76,9,9,9.14,8.69,8.49,8.46,8.49,8.6,8.68,8.96,8.98,9.13,8.8,7.98,8.96,9.12,9.15,8.98,9.04,9,9,8.21,8.83,9.03,8.88,8.95,7.92,8.79,9.12,8.84,8.82,9.08,7.83
C3orf77,3.73,3.56,3.55,3.75,3.84,3.93,4.32,3.39,3.62,3.59,3.64,3.66,3.58,4.4,3.64,3.6,3.57,3.48,3.63,3.46,3.66,3.7,3.64,3.55,3.6,3.56,3.77,3.53,3.8,4.28,3.84,4.44,3.61,3.82,3.77,3.56,3.48,3.43,3.9,3.47,3.77,3.52,3.85,5.3,3.69,3.79,3.74,3.72,3.68,4.04
C4A /// C4B /// LOC100292046 /// LOC100294156,5.94,6.1,6.04,6.3,6.22,5.68,5.28,6.21,6.19,5.94,5.76,6.16,5.99,4.72,5.93,6.04,6.3,6.29,5.86,5.97,6.22,6.22,6.48,6.35,5.95,6.15,5.8,6.18,6.35,5.88,5.26,6.07,5.93,6.05,6.19,6.38,5.81,6.28,5.9,6.26,6.14,6.58,6.49,5.25,6.75,6.39,6.29,6.41,6.04,4.8
C4A /// C4B /// LOC100292046 /// LOC100294156,3.76,3.85,3.84,3.81,3.98,3.95,4.16,4.06,3.8,3.86,3.69,3.71,3.7,4.28,3.73,3.96,3.76,3.86,3.79,3.78,3.67,3.82,3.87,4,3.94,4.02,4.14,3.97,3.85,4.17,5.44,5.1,4,3.95,3.94,3.89,3.93,3.88,3.84,4.32,3.88,3.8,3.95,4.65,4.41,3.95,4.1,4.08,3.91,5.01
C4A /// C4B /// LOC100292046 /// LOC100294156,5.37,5.33,5.4,5.43,4.84,5.45,4.78,5.75,5.42,5.36,5.49,5.75,5.44,4.36,5.21,5.49,5.45,5.22,4.97,4.9,5.34,5.66,5.74,5.64,5.31,5.8,5.06,5.52,5.09,5.11,4.97,4.23,5.06,5.19,5.25,5.41,5.14,5.54,4.76,5.12,5.44,5.53,5.23,3.82,5.46,5.75,5.46,5.03,5.59,4.95
C4BPA,3.44,3.42,3.46,3.34,3.87,3.5,3.81,3.43,3.43,3.49,3.44,3.39,3.28,3.79,3.46,3.52,3.33,3.45,3.5,3.44,3.43,3.35,3.45,3.5,3.38,3.48,3.44,3.45,3.66,4.11,4.22,3.47,3.3,3.56,3.62,3.44,3.46,3.52,3.52,3.36,3.61,3.51,3.86,3.6,3.5,3.53,3.69,3.4,3.42,3.64
C4BPA,4.11,4.47,4.16,4.12,4.22,4.25,4.34,4.12,3.98,4,3.97,4.28,4.04,4.48,4.17,4.06,4.19,4.1,4.03,4.08,4.27,4.32,4.04,3.87,4.11,4.03,4.13,4.24,4.11,3.91,5.75,5.26,4.21,4.35,4.15,4.03,4.2,4.01,3.92,4.04,4.02,3.94,4.06,5.52,3.84,4.24,4.29,4.11,3.93,4.33
C4BPB,4.16,4.66,4.19,4.04,4.39,4.5,4.23,4.16,4.19,4.42,4.21,4.36,4.21,4.85,3.98,4.39,4.02,3.97,4.18,3.98,4.07,4.52,4.26,3.95,4.25,4.12,4.38,4.21,4.82,4.23,5.79,4.6,4.25,4.39,4.29,4.08,4.47,4.05,4.68,4.19,4.24,4.27,4.84,5.24,4.17,4.64,4.02,4.16,4.49,4.79
C4BPB,6.03,5.8,6.02,6.16,6.23,5.74,6.13,6.49,6.19,6.35,6.38,6.32,6.24,8.33,6.17,6.4,6.19,6.44,6.26,6.04,6.12,6.45,6.02,6.11,6.26,6.17,6.04,6.37,6.2,6.44,7.54,8.25,5.99,6.07,6.38,6.25,5.88,5.99,5.7,6.44,5.89,6.35,6.35,7.92,5.77,5.92,6.68,6.27,5.96,8.69
C4BPB,6.44,6.36,6.34,6.75,6.32,6.59,6.29,6.74,6.4,6.4,6.48,6.6,6.25,8.82,6.64,6.84,6.31,6.41,6.24,6.58,6.53,6.64,6.43,6.4,6.65,6.44,6.21,6.71,6.52,5.93,7.68,9.24,6.31,6.26,6.22,6.52,6.41,6.37,6.26,6.46,6.37,6.54,6.57,9.1,6.71,6.86,6.49,6.55,6.29,9.06
C4orf11,3.85,3.98,4.12,4.24,4.03,4.76,3.96,3.96,3.88,3.74,3.82,4,4.05,5.02,4.25,4.13,3.73,4.04,3.78,3.96,4.05,4.09,3.96,4.01,4.03,4.03,3.81,3.82,4.12,4.71,4.1,5.04,3.9,3.87,4.09,3.92,3.96,3.94,4.17,3.79,3.91,3.92,4.32,3.98,3.83,4.15,4.5,4.3,4.2,5.08
C4orf12,3.66,3.92,3.69,3.99,4.49,4.46,4.18,4.09,3.86,3.91,4.2,3.77,3.66,6.5,3.65,3.91,3.72,3.67,3.78,3.72,3.85,4.06,3.8,3.87,4.15,3.71,3.9,4.25,3.93,4.66,5.7,6.3,3.99,3.76,3.67,4.09,4.09,3.89,4.3,4.12,3.9,3.89,4.31,7.3,3.75,4.09,4.24,3.93,3.71,6.35
C4orf14,9.67,9.72,9.79,9.77,9.95,9.79,9.79,9.56,9.71,9.73,9.76,9.73,9.8,8.5,9.63,9.68,9.65,9.73,9.7,9.63,9.86,9.88,9.94,9.86,9.73,9.72,9.76,9.66,9.75,10.05,7.13,7.86,9.57,9.62,9.56,9.67,9.9,9.73,9.8,9.81,9.84,10.29,10.4,8.92,9.56,9.52,9.56,9.74,9.83,7.39
C4orf16,8.2,8.24,8.03,8.2,7.68,7.96,7.29,7.98,8.35,8.29,8.08,8.4,8.74,7.9,8.01,8.04,8.05,7.71,7.99,8.1,8.17,8.25,8.4,7.99,8.07,7.95,8.03,8.23,8.08,7.84,6.32,7.5,7.8,7.94,7.88,7.89,7.42,7.94,7.6,7.95,8.06,8.09,7.87,7.7,7.85,7.76,8.17,8.26,8.42,7.74
C4orf16,10.16,10.57,10,10.11,10.1,9.9,9.46,9.84,10.48,10.04,10.37,10.26,10.59,10.07,10.15,9.83,10.1,9.98,10,9.99,10.26,10.19,10.63,9.92,10.04,10.09,10.1,10.06,10.42,9.87,9.21,9.59,10.08,10.04,9.88,9.84,9.72,9.85,9.73,9.99,10.02,10.18,10.17,10.39,9.94,9.84,9.95,10.25,10.44,9.96
C4orf17,3.84,3.62,3.71,3.8,3.68,4.27,3.84,3.46,3.59,3.61,3.7,3.97,3.77,4.44,3.8,3.7,3.66,3.93,3.5,3.51,3.85,3.72,3.51,3.55,3.43,3.69,3.94,3.65,3.66,4.35,5.51,4.07,3.58,3.52,3.51,3.52,3.83,3.52,4.28,3.44,3.77,3.83,3.91,3.77,3.72,3.68,3.53,3.82,3.83,3.89
C4orf18,3.63,3.68,3.65,3.78,3.6,3.56,3.42,3.66,3.73,3.69,3.73,3.71,3.77,4.17,3.47,3.69,3.73,3.68,3.58,3.73,3.46,3.81,3.65,3.48,3.43,3.65,3.47,3.61,3.42,3.52,3.52,4.25,3.71,3.74,3.75,3.65,3.9,3.53,3.43,3.39,3.52,3.83,3.79,3.5,3.47,3.5,3.4,3.52,3.81,3.6
C4orf18,3.77,4.19,4.08,3.93,4.16,4.07,4.49,3.67,3.91,4.01,4.18,3.73,3.85,4.37,3.81,3.86,4.11,4.27,4.03,3.64,3.93,3.78,3.91,3.82,3.59,3.89,4.13,3.8,4.58,4.96,4.75,4.81,3.94,3.84,4.15,4.03,4.08,3.89,4.33,3.68,3.61,4.06,4.01,4.24,3.89,4.15,3.74,4.15,3.82,4.59
C4orf18,3.49,3.65,3.85,3.78,3.88,3.85,4.28,3.35,3.53,3.39,3.7,3.59,3.77,4.79,3.53,3.62,3.39,3.92,3.53,3.42,3.54,3.54,3.54,3.61,3.65,3.91,3.65,3.7,3.73,4.69,5.14,4.05,3.83,3.53,3.47,3.62,3.72,3.56,3.78,3.63,3.37,3.79,3.79,4.08,3.67,3.83,3.52,3.48,3.57,4.48
C4orf18,3.75,3.86,3.35,3.72,3.77,4.15,3.95,3.74,3.75,3.74,4.09,3.74,4,4.52,3.73,3.68,3.72,3.95,3.84,3.77,4.04,3.84,4.01,3.59,3.54,3.81,3.64,3.57,3.72,4.4,5.21,4.63,3.81,3.74,3.63,3.7,4.14,3.53,4.27,3.5,3.66,3.95,3.75,5.12,3.91,3.9,3.4,3.78,3.56,5.06
C4orf18,3.58,3.62,3.73,3.65,3.9,3.49,4.01,3.58,3.61,3.62,3.65,3.61,3.66,3.99,4.05,3.79,3.51,3.66,3.52,3.58,3.43,3.58,3.72,3.7,3.59,3.9,3.89,3.6,3.73,4.69,4.92,4.16,3.87,3.73,3.83,3.47,3.99,3.84,4.26,3.4,3.75,3.54,4.01,3.71,4.08,3.41,3.69,3.67,3.54,4.36
C4orf19,3.86,3.91,3.9,3.83,3.82,4.57,3.8,3.66,4.22,3.67,4.02,3.95,3.96,6.44,3.84,4.09,3.81,3.86,3.94,3.95,4.19,3.98,3.77,3.88,3.83,3.72,3.9,3.97,3.85,4,5.09,4,3.9,3.86,3.79,3.63,3.8,3.76,4.14,4.14,3.98,3.82,4.12,5.17,3.98,4,3.74,3.83,3.89,4.92
C4orf19,3.75,3.53,3.73,3.65,3.68,3.8,3.87,3.79,3.55,3.53,3.67,3.7,3.67,5.22,3.65,3.81,3.65,3.55,3.57,3.65,3.41,3.81,3.46,3.79,3.61,3.6,3.61,3.62,3.72,4.01,6.38,5.03,3.63,3.52,3.65,3.74,3.41,3.47,4.77,3.55,3.66,3.68,3.5,5.1,3.4,3.92,3.78,3.66,3.66,4.88
C4orf19,3.38,3.54,3.43,3.41,3.67,3.57,4.04,3.44,3.34,3.38,3.55,3.35,3.42,3.81,3.47,3.36,3.52,3.58,3.46,3.44,3.46,3.49,3.56,3.59,3.5,3.37,3.81,3.52,3.55,5.52,5.51,5.57,3.36,3.75,3.5,3.45,3.4,3.42,4.51,3.49,3.6,3.8,4.29,3.66,3.56,3.5,3.57,3.59,3.49,4.45
C4orf21,4.65,5.05,4.33,4.31,4.37,4.5,4.73,4.1,4.56,4.42,4.41,4.72,4.3,4.49,4.52,4.25,4.23,4.23,4.26,4.73,4.22,4.3,4.31,4.04,4.41,4.5,4.16,4.68,4.47,3.63,4.96,4.89,4.79,4.6,4.79,4.6,4.06,4.25,4.5,3.93,4.33,4.15,4.25,3.93,4.42,4.31,4.01,4.15,4.13,5.49
C4orf21,4.31,3.93,4.19,4.03,3.74,4.09,4.55,4.12,4.2,3.92,3.91,4.07,3.95,4.57,4,4.12,4.44,3.96,4.17,3.9,4.01,4.1,3.88,4.14,3.9,3.82,3.82,4.35,3.6,4.18,5.21,4.94,4.17,4.42,5,3.94,3.87,4.01,3.9,4.02,3.71,4.01,4.66,4.17,3.89,4.1,3.85,4.22,4,3.74
C4orf21,3.64,3.53,3.54,3.59,3.79,3.61,4.61,3.92,3.64,3.59,3.87,3.44,3.5,3.85,3.57,3.68,4.08,3.56,3.6,3.6,3.55,3.44,3.38,3.51,3.59,3.73,3.53,3.55,3.59,5.84,3.85,3.81,3.71,3.73,4.06,3.81,3.84,3.83,4.27,4.19,3.87,3.6,3.45,4.15,3.88,3.77,3.59,3.94,3.39,4.09
C4orf21,3.91,4.07,3.86,3.71,4.24,4.3,4,3.42,3.62,3.69,3.67,3.96,3.8,4.47,3.58,3.63,3.71,3.76,3.64,3.54,3.96,3.62,3.73,3.75,3.44,4.04,3.81,3.66,4.14,4.57,4.58,4.71,4.24,3.85,3.53,3.61,4.13,3.6,4.35,3.66,3.62,3.93,4.69,4.64,3.7,3.88,3.82,3.92,3.6,5.76
C4orf21,7.24,7.38,7.39,7.24,6.83,6.77,6.66,7.44,7.38,7.3,7.53,7.04,7.08,6.91,7.29,7.24,7.44,6.97,7.05,6.98,6.56,6.61,7.02,6.76,6.61,6.94,7.33,7,7.38,6.39,5.99,5.95,7.64,7.65,7.53,7.24,7.37,7.28,6.75,6.8,7.35,7.01,6.49,6.49,6.66,6.61,6.86,6.73,7.03,7.45
C4orf22,3.74,3.98,4.25,3.68,3.76,3.98,4.67,3.75,4,3.78,3.86,4.09,3.96,4.7,3.94,3.69,3.59,3.9,4.02,3.88,3.7,3.79,3.88,3.89,3.84,3.62,3.84,3.7,4.1,4.94,4.77,4.26,3.91,3.8,3.67,3.55,3.98,3.52,4.47,3.65,3.77,3.97,4.06,4,4.1,4.02,3.41,3.69,3.48,4.29
C4orf23,5.03,4.95,5.27,5.3,5.07,4.82,4.61,5.66,5.21,5.18,4.89,4.98,4.91,4.38,5.25,4.87,5.25,5.11,5.18,5.09,5.33,5.17,5.2,5.25,5.26,5.35,5.34,5.21,5.1,4.64,5.46,5.57,5.63,5.5,5.62,5.27,5.06,5.17,4.76,5.46,5.12,5.14,5,5.28,4.95,4.5,4.8,4.95,5.66,5.19
C4orf23,6.36,6.26,6.49,6.61,6.95,6.35,6.8,6.85,6.38,6.3,6.64,6.27,6.51,6.62,6.31,6.64,6.71,6.24,6.37,6.35,5.93,6.36,6.56,6.65,6.5,6.74,6.52,6.51,6.48,5.92,5.86,5.46,6.59,6.76,6.86,6.66,6.71,6.86,7.13,6.73,6.71,6.27,6.7,5.72,6.67,6.31,6.54,6.57,6.68,4.87
C4orf26,3.59,3.82,4.16,3.96,4.23,3.84,5.03,3.73,3.56,3.56,3.81,3.83,3.75,4.39,3.73,3.9,3.72,3.83,3.74,3.91,3.8,3.69,3.59,3.54,3.72,3.94,3.48,3.52,3.98,4.87,5.44,4.29,3.63,3.62,3.88,3.99,4.26,3.56,3.99,4.16,4.01,4.02,3.72,5.46,3.67,3.94,4.17,3.68,3.59,5.59
C4orf26,3.27,3.44,3.26,3.4,3.56,3.27,3.83,3.5,3.24,3.47,3.39,3.35,3.47,3.61,3.51,3.53,3.44,3.53,3.27,3.29,3.12,3.49,3.4,3.42,3.24,3.42,3.32,3.44,3.39,4.06,4.66,4.8,3.35,3.55,3.7,3.28,3.69,3.35,4.25,3.44,3.42,3.44,3.8,4.64,3.4,3.28,3.39,3.89,3.39,5.32
C4orf27,10.22,10.15,10.4,10.33,10.38,10.42,10.51,10.23,10.22,10.31,10.18,10.16,10.08,9.46,9.98,9.99,9.84,10.75,10.61,10.7,9.96,9.86,9.59,9.92,9.88,9.91,10.4,10.22,10.21,10.61,9.46,9.44,10.02,9.81,9.95,10.06,10.3,10.12,10.08,10.25,10.21,10.3,10.27,9.41,10.46,10.47,10.21,10.27,10.24,9.37
C4orf27 /// LOC389705,9.52,9.55,9.63,9.57,9.57,9.56,9.21,9.37,9.85,9.62,9.66,9.56,9.56,7.6,9.37,9.26,9.39,9.86,9.77,9.85,9.27,9.2,9.24,9.27,9.3,9.24,9.56,9.64,9.5,9.52,9.23,7.81,9.09,9.28,9.22,9.4,9.23,9.38,9.04,9.53,9.59,9.52,9.38,8.68,9.51,9.51,9.55,9.59,9.44,7.39
C4orf29,6.64,6.71,6.39,6.4,6.23,6.64,4.6,6.34,6.64,6.67,6.76,6.46,6.06,5.58,6.64,6.61,6.45,5.97,6.37,6.52,6.28,6.62,6.91,6.59,6.73,6.39,6.69,6.6,6.62,6.46,5.92,5.08,5.61,5.89,6.4,6.57,6.71,6.07,5.12,6.3,6.42,6.51,6.31,7.29,6.33,6.94,6.76,6.17,6.31,4.75
C4orf29,7.58,7.45,7.02,7.11,6.27,6.59,6.76,7.29,7.45,7.47,7.16,7.36,7.31,6.19,7.45,7.18,7.22,6.85,7.14,7.18,7.61,7.58,7.19,7.34,7.45,7.31,7.23,7.3,7.09,6.42,6.26,4.91,7.51,7.37,7.29,7.19,6.79,7.2,6.58,7.24,6.86,6.73,6.63,6.05,6.99,6.55,7.26,7.24,7.11,6.08
C4orf3,11.4,11.41,11.41,11.41,11.31,11.35,11.08,11.26,11.51,11.48,11.24,11.45,11.52,10.59,11.16,11.05,11.37,11.21,11.26,11.38,11.82,11.61,11.58,11.5,11.39,11.59,11.47,11.38,11.48,10.97,10.52,10.36,10.97,10.8,10.73,11.11,11.13,11.25,11.26,11.36,11.39,11.33,11.36,10.32,11.69,11.6,11.58,11.42,11.56,9.68
C4orf3,3.92,4.08,3.94,4.27,4.03,4.32,4.33,4.43,3.89,4.01,3.94,4.14,3.99,4.75,4.17,4.12,4.09,4.03,4,4.1,3.91,4.22,4.15,4.27,4.03,4.13,4.33,3.95,3.97,4.66,4.91,4.23,3.93,4.14,4.26,4.18,4.46,4.18,4.72,3.99,3.92,4.14,4.38,4.54,3.86,4.19,3.75,4.11,4,5.5
C4orf3,8.62,8.57,8.76,8.73,8.33,8.53,9,8.78,8.84,8.92,8.19,8.64,8.57,7.8,8.7,8.71,8.62,8.78,8.7,8.81,9,8.98,8.63,8.91,8.98,9.09,8.71,8.83,8.39,7.77,7.05,8.02,8.19,8.24,8.3,8.56,8.56,8.69,7.78,8.64,8.58,8.92,8.84,7.42,9.4,9.41,9.39,8.69,8.53,7.35
C4orf3,8.9,8.57,9.02,8.72,8.41,8.71,8.83,8.97,8.89,9.13,8.71,8.85,8.83,7.9,8.96,8.92,8.94,8.89,8.86,8.97,9.09,9.19,8.8,9.15,9.18,9.2,8.85,8.96,8.84,7.68,7.67,7.66,8.29,8.22,8.09,8.74,8.65,8.8,8.24,8.83,8.8,9.17,9.2,7.33,9.75,9.55,9.64,8.77,8.72,7.44
C4orf3,4.83,4.61,4.53,4.86,4.24,4.47,5.06,4.56,4.71,4.85,4.7,4.78,4.82,6.69,4.69,4.27,4.61,4.77,4.41,4.52,4.76,5.02,4.73,4.86,4.31,4.41,4.42,4.8,4.77,6.13,4.7,5.12,4.47,4.79,5.12,4.65,4.7,4.66,5.47,4.91,4.59,4.52,4.88,7.17,4.42,4.27,4.08,4.61,4.45,5.61
C4orf31,3.85,3.84,4.06,3.71,4.03,3.82,3.92,4.18,3.77,3.88,4.04,4.03,3.75,4.34,3.62,3.94,3.99,3.78,3.78,3.83,3.87,4,3.92,3.69,3.84,3.99,3.6,4.25,3.84,4.34,4.73,5.13,3.5,3.61,3.84,3.99,4.13,3.94,4.19,3.88,3.74,3.71,4.34,5.31,3.92,3.71,3.85,3.93,3.8,3.83
C4orf32,9.74,9.88,9.74,9.69,9.73,9.86,9.35,9.65,9.78,9.72,9.86,9.79,9.94,8.95,9.94,9.88,9.96,9.55,9.51,9.74,9.9,10,9.96,9.93,9.94,10.03,9.72,9.88,9.82,9.71,7.21,9.02,10.02,9.94,9.94,9.95,9.93,10.02,9.99,9.63,9.65,9.61,9.5,8.89,9.77,9.7,9.79,9.81,9.9,9.48
C4orf33,7.97,8.21,7.89,7.99,7.83,7.75,6.92,7.89,8.13,7.99,8.03,8.08,7.91,7.56,8.24,8.18,8.31,7.78,7.94,7.99,8.07,8,8.13,8.07,8.05,8.2,7.98,7.92,7.83,7.56,6.13,7.56,8.4,8.57,8.43,8.29,8.19,8.36,7.66,8.14,8.03,7.65,7.63,7.15,8.15,8.04,8.06,8.08,7.92,7.72
C4orf34,7.7,7.2,7.65,7.76,7.16,6.99,6.78,7.41,7.96,7.7,7.64,7.92,7.54,8,7.75,7.85,7.7,8.02,7.94,7.99,7.34,8.09,7.85,7.58,7.75,7.74,7.38,7.71,7.42,6.86,8.85,6.58,7.32,7.64,7.66,7.85,7.38,7.62,7.44,7.7,7.53,7.7,7.53,6.31,7.27,6.93,7.4,7.73,7.55,8.16
C4orf34,7.63,7.53,7.67,7.64,7.23,7.49,6.73,7.45,7.89,7.8,7.63,7.98,7.89,7.78,7.92,7.76,7.56,8.01,8.09,8.1,7.61,7.76,7.88,7.7,8.02,7.61,7.53,7.79,7.23,7,5.91,6.29,7.12,7.34,7.54,7.99,7.75,7.89,6.66,7.89,7.79,7.56,7.32,6.93,6.93,6.79,7.12,7.67,7.69,6.98
C4orf35,3.79,3.88,4.03,3.86,3.92,4.09,5.01,3.77,3.95,3.9,4.02,4.1,3.73,4.39,3.9,4,3.9,3.95,3.75,4.13,3.77,3.9,3.82,3.66,4.43,3.98,3.6,3.71,3.81,5.6,6.36,4.57,3.8,3.62,3.91,4.27,3.87,3.74,4.11,3.95,3.9,3.97,3.89,5.69,3.77,4.28,3.93,3.8,3.83,5.43
C4orf36,3.57,3.61,3.46,3.6,3.6,3.83,4.43,3.48,3.55,3.66,3.55,3.61,3.55,4.48,3.53,3.56,3.63,3.54,3.61,3.47,3.68,3.61,3.64,3.63,3.46,3.41,3.52,3.75,3.84,4.03,4.13,4.11,3.68,3.68,3.68,3.47,3.5,3.62,3.69,3.54,3.41,3.61,3.35,5.26,3.71,3.69,3.66,3.56,3.61,6.08
C4orf37,4.39,4.41,4.5,4.28,5.01,4.45,4.34,4.19,4.23,4.25,4.55,4.37,4.15,6.36,4.43,4.44,4.3,4.33,3.98,4.26,4.47,4.43,4.49,4.15,4.37,4.52,4.29,4.62,4.47,4.59,6.46,6.47,4.12,4.57,4.59,4.29,4.71,3.92,4.82,4.21,4.2,4.7,4.63,5.86,4.12,4.73,4.48,4.51,4.37,5.26
C4orf38,6.39,6.14,6.28,5.75,6.02,7.12,6.02,6.48,6.37,6.15,6.56,6.34,6.08,5.74,6.41,6.11,6.32,5.64,5.92,5.9,6.31,6.34,7.08,6.95,6.55,6.41,6.02,6.09,6.18,6.93,6.02,6.25,6.74,6.65,6.5,6.73,6.5,5.95,6.53,6.6,6.4,6.26,6.68,5.74,6.45,7.11,6.57,6.21,6.49,5.74
C4orf39,4.21,4.25,4,3.99,4.15,4.29,4.41,3.9,3.98,4.04,3.99,4.11,4.3,4.92,4.37,4.55,4.29,3.99,4.13,4.14,4.08,4,4.19,4.04,4.01,3.98,3.83,4.1,4.18,5.5,4.59,5.06,4.33,4.27,4.18,4.15,4.17,3.83,4.82,4.04,3.79,3.98,4.19,5.82,4.16,4.17,4.47,3.78,4.21,4.98
C4orf40,3.75,4.13,3.52,3.64,4.2,3.65,4.05,3.63,3.69,3.9,3.66,3.86,4.06,4.69,3.6,3.96,3.54,3.62,3.69,3.58,3.72,3.99,4.59,3.57,3.54,3.66,3.84,3.62,3.91,4.12,5.43,4.67,3.64,3.59,3.51,3.52,3.69,3.6,3.66,3.5,3.83,3.54,3.51,5.5,3.58,3.85,3.67,3.47,3.48,4.3
C4orf40,3.43,3.39,3.24,3.31,3.71,3.35,4.42,3.18,3.23,3.42,3.45,3.51,3.46,3.59,3.29,3.47,3.38,3.37,3.49,3.16,3.37,3.36,3.38,3.22,3.31,3.33,3.26,3.24,3.43,5.9,4.81,4.45,3.36,3.57,3.28,3.43,3.66,3.19,3.69,3.33,3.15,3.34,3.5,4.17,3.45,3.35,3.47,3.18,3.23,3.8
C4orf41,7.2,6.79,7.01,6.99,6.75,6.37,6.64,6.86,7.01,7.13,6.33,7.07,7.17,6.06,7.1,7.1,6.98,6.96,6.98,7.18,7.25,7.04,6.68,7.03,6.79,6.96,6.91,7.13,6.57,5.59,6.49,5.05,7.32,7.3,7.28,6.81,6.77,7.11,6.28,6.58,7.04,6.16,6.36,7,6.81,6.02,6.82,7.06,6.97,5.45
C4orf41,9.12,9.35,9.16,9.1,9.12,9.19,8.75,9.18,9.06,9.28,9.32,9.04,9.35,8.59,9.33,9.3,9.28,9.11,9.17,9.21,9.35,9.2,9.42,9.18,9.13,9.26,9.11,9.1,9.22,9.13,8.36,8.87,9.12,9.28,9.27,9.28,9.29,9.04,9.11,9.24,9.24,9.17,9.06,8.88,9.16,9.22,8.94,9.18,9.11,8.38
C4orf41,8.38,8.37,8.37,8.43,8.26,8.25,8.44,8.46,8.24,8.42,8.12,8.25,8.38,6.89,8.44,8.42,8.32,8.41,8.26,8.4,8.51,8.51,8.27,8.35,8.39,8.48,8.19,8.43,8.41,7.29,5.76,6.83,8.49,8.73,8.48,8.18,8.41,8.43,7.7,8.32,8.22,8.15,8.04,6.93,8.3,8.4,8.27,8.35,8.37,7.16
C4orf42,6.7,6.43,7.13,6.73,6.83,6.87,6.89,6.93,6.68,6.99,6.6,6.4,6.49,5.86,6.62,6.67,6.47,6.72,6.65,6.62,6.68,6.6,6.24,6.53,6.37,6.51,6.8,6.62,6.79,6.35,6.04,5.4,6.57,6.38,6.64,6.79,6.79,6.63,6.85,6.8,6.86,7.01,7.11,5.97,7.15,7.27,7.06,6.59,6.86,6.36
C4orf42,4.57,4.28,4.61,4.57,4.38,3.96,4.65,4.38,4.9,4.73,4.49,4.34,4.21,4.58,4.79,4.39,4.5,4.77,4.32,4.58,4.53,4.43,4.1,4.31,4.54,4.45,4.09,4.32,4.11,4.88,4.94,5.65,4.65,5.01,4.43,4.83,4.75,4.05,4.72,4.6,4.63,4.65,4.76,5.33,4.72,4.35,4.64,4.42,4.16,4.4
C4orf43,6.49,6.1,6.53,6.35,6.4,6.37,6.08,6.53,6.54,6.44,5.96,5.94,6.27,5.21,6.09,6.13,6.24,6.63,6.6,6.79,5.96,5.83,5.48,5.86,5.8,5.99,6.68,6.42,6.33,5.37,4.84,4.91,6.01,6.43,6.52,6.34,6.23,6.38,6.47,6.77,6.43,5.84,5.78,4.65,6.48,6.46,6.51,6.52,6.66,4.6
C4orf43,6.1,6.41,6.09,6.18,5.72,5.73,5.59,5.79,6.7,6.21,6.02,6.26,6.13,5.87,6.1,6.11,6.04,6.35,5.98,6.28,5.55,5.8,5.98,5.84,5.8,5.78,6.26,6.22,6.53,6.54,4.37,6.45,5.91,6.22,6.05,6.13,5.77,6.26,5.48,5.97,6.01,5.85,5.61,5.38,6.01,5.85,6.04,6.6,6.6,5.36
C4orf43,3.55,4.12,3.72,4.12,4.45,3.66,4.68,3.85,3.85,3.88,3.94,3.95,3.91,4.3,3.78,4.14,4.02,3.85,4.09,3.87,3.79,3.82,4.08,3.87,3.57,3.8,3.81,3.95,3.64,4.72,5.42,5.06,3.8,3.69,3.82,3.85,3.6,3.87,4.69,3.93,3.64,3.71,3.83,5.01,3.86,3.74,4.19,3.64,3.74,4.5
C4orf44,4.05,4.1,3.75,3.95,3.82,4.1,4.49,3.87,4.1,3.89,3.95,4.24,4.23,3.8,4.05,4.35,3.89,4.15,3.99,4.08,4.11,4.22,4.07,3.83,3.83,3.85,4.2,4.04,3.91,4.04,4.06,4.3,4.18,4.08,3.88,3.75,4.01,3.93,3.76,3.79,4.07,3.9,3.75,3.62,3.84,3.79,4.03,3.8,3.84,4.17
C4orf44,4.36,4.44,4.51,4.42,5.31,4.63,4.44,4.81,4.49,4.45,4.65,4.86,4.49,4.92,4.8,4.57,4.65,4.44,4.39,4.47,4.91,4.66,4.48,4.62,4.73,4.98,4.43,4.49,4.62,4.74,4.95,4.84,4.93,4.64,4.69,5,5.07,4.52,5.52,4.19,4.28,5.02,4.94,5.96,4.43,4.78,4.82,4.59,4.77,3.99
C4orf45,3.72,3.6,3.59,3.97,3.51,3.76,4.47,3.44,3.46,3.79,3.59,3.89,3.81,3.63,3.79,3.55,3.4,3.6,3.71,3.59,3.67,3.62,3.76,3.51,3.52,3.4,3.64,3.56,3.52,4.32,4.15,4.39,3.76,3.79,3.5,3.41,3.82,3.54,3.76,3.4,3.72,3.55,3.5,3.83,3.56,3.6,3.6,3.39,3.52,4.35
C4orf46,8.83,9.02,8.62,8.74,8.5,8.35,7.64,8.47,8.98,8.94,8.82,8.69,8.79,8.51,8.41,8.29,8.41,8.5,8.57,8.77,8,7.95,8.19,7.86,8.13,7.96,8.72,8.73,8.56,7.78,6.85,7.8,8.2,8.35,8.33,8.3,8.23,8.31,8.04,8.44,8.55,8.08,8.09,8.86,8.14,8.04,8.23,8.51,8.62,7.89
C4orf46,8.86,9.19,8.95,9.06,8.95,9.02,8.35,8.82,9.16,8.99,9.26,8.79,8.67,8.05,8.54,8.56,8.59,8.82,8.89,8.95,8.07,8.13,8.32,8.11,7.93,7.97,8.91,8.99,9.1,8.71,5.8,7.13,8.65,8.58,8.64,8.75,8.47,8.53,8.7,8.8,8.77,8.57,8.85,6.4,8.63,8.47,8.76,8.73,8.91,7.66
C4orf46 /// TOMM7,12.66,12.7,12.74,12.7,12.87,12.85,12.9,12.76,12.66,12.73,12.71,12.69,12.73,11.94,12.61,12.69,12.66,12.71,12.69,12.61,12.82,12.74,12.7,12.68,12.7,12.8,12.84,12.72,12.87,13.02,11.22,12.14,12.63,12.52,12.53,12.64,12.81,12.74,13.01,12.82,12.89,12.97,13.01,12.07,12.86,12.86,12.8,12.75,12.75,11.93
C4orf47,5.46,5.67,5.84,5.6,5.65,5.29,5.47,5.36,5.66,5.85,5.73,5.62,5.62,6.1,5.81,6.12,6.17,5.15,5.14,5.43,5.9,5.75,5.72,6.24,6.1,6.22,5.66,5.77,5.62,5.44,5.73,5.43,5.94,5.69,5.76,6.05,5.81,5.97,5.81,6.11,5.54,5.3,5.12,5.85,6,5.54,5.8,5.81,5.43,5.98
C4orf48,10.18,10.3,10.45,10.16,10.76,10.56,10.16,10.37,10.25,10.24,10.12,10.31,10.22,8.55,10.2,10.16,10.37,10.48,10.57,10.44,10.33,10.03,10.32,10.42,10.42,10.34,10.46,10.24,10.46,10.26,8.13,9.04,10.22,10.1,10.2,10.32,10.37,10.31,10.61,10.47,10.44,10.24,10.51,9.48,10.73,10.59,10.56,10.33,10.09,7.59
C4orf49,4.6,4.54,4.84,4.57,4.81,4.82,4.09,4.64,4.47,4.58,4.54,4.73,4.62,4.51,4.79,4.91,4.75,4.75,4.84,5.04,4.54,4.55,4.57,4.85,5.09,4.61,4.76,4.64,4.57,4.45,5.64,6.9,4.68,4.52,4.57,4.89,5.24,4.85,5.05,5.11,4.68,4.97,4.45,5.45,4.83,5.09,5.15,4.95,4.7,5.13
C4orf50,3.75,3.87,3.72,3.8,4.16,3.99,5.18,3.73,3.86,3.84,4.08,3.99,3.91,4.68,3.95,3.71,3.68,3.94,3.77,3.68,4.14,3.92,3.81,3.73,3.86,3.82,3.89,3.83,4.03,4.39,5.68,5.51,3.85,3.92,3.85,3.68,3.89,3.58,5.41,3.68,3.95,3.84,3.91,4.5,3.99,4.27,4.18,3.66,3.86,4.64
C4orf50,5.16,5.33,5.18,5.2,6.09,5.73,5.79,5.21,5.34,5.19,5.69,5.62,5.2,6.26,5.37,4.97,5.02,5.13,5.35,5.53,4.9,5.66,5.35,5.01,5.61,5.31,5.13,5.32,5.44,5.03,6.94,6.92,5.06,5.19,5.31,5.08,5.05,5.05,5.42,5.41,5.49,5.75,5.28,5.33,4.94,5.35,5.63,5.16,5.16,5.27
C4orf6,4.12,3.89,4.17,3.92,5.24,4.25,4.43,4.6,4.06,3.95,4.32,4.27,4,4.74,4.2,4.02,4.49,4.11,4.26,4.21,4.04,4.19,4.16,4.21,4.08,4.09,4.23,4.4,4.2,5.26,5.1,6.09,3.95,4.03,4.21,4.29,3.84,4.19,4.44,4.41,4.46,4.65,4.08,4.51,4.03,4.61,4.52,4.58,4.04,6.25
C4orf7,3.38,3.55,3.44,3.54,3.93,3.68,3.53,3.59,3.6,3.67,3.56,3.74,3.58,4.93,3.87,3.84,3.66,3.51,3.43,3.67,3.48,3.73,3.64,3.71,3.83,3.64,3.51,3.56,3.74,3.73,4.94,4.99,3.39,3.55,3.66,3.84,4.03,3.36,3.7,4.14,3.51,3.98,4.23,5.45,3.78,3.7,3.58,3.65,3.73,6.18
C4orf8,9.82,9.89,9.88,9.87,10.13,10.12,9.95,10.1,9.73,9.94,10.06,9.84,9.63,9.5,10.12,10.08,10.08,9.75,9.81,9.96,9.84,10,9.98,10.23,10.17,10.02,9.87,9.92,9.9,10.1,8.99,10.08,10.06,10.22,10.29,10.29,10.26,10.19,9.78,10.08,9.93,10.38,10.27,10.21,9.9,10.06,10.16,9.85,9.94,9.46
C4orf8,4.41,3.99,4.3,4.07,3.86,4.09,3.93,3.87,4.08,4.01,4.04,3.97,3.75,3.32,3.98,4.24,4.43,3.95,4.32,4.77,4.22,3.88,3.71,4.78,4.41,4.54,4.06,4.24,3.82,3.44,4.38,5.84,4.41,4.58,4.27,4.33,4.27,4.09,3.68,4.39,4.32,4.43,3.78,3.36,4.55,3.67,4.37,3.8,3.82,3.74
C4orf8,6.96,6.81,6.86,6.8,7.26,7.4,7.78,6.9,6.69,6.84,6.85,6.14,6.43,7.53,7.02,7.18,7.11,6.9,6.86,6.93,7.26,6.88,6.89,7.06,7.16,7.09,6.96,6.67,7.01,6.82,6.63,6.49,7.24,6.97,7.03,6.96,7.16,6.89,6.92,7.17,6.97,7.22,6.94,6.51,7.13,7.1,6.73,6.5,6.63,6.87
C4orf8,7.56,7.32,7.57,7.52,7.58,7.26,7.45,7.64,7.21,7.44,7.51,7.16,7.45,5.54,7.76,7.63,7.63,7.14,7.56,7.23,7.51,7.54,7.49,7.93,7.83,7.82,7.62,7.47,7.41,6.32,6.89,6.46,7.85,7.87,7.62,7.59,8.12,7.69,7.38,7.65,7.88,7.86,8.13,6.83,7.79,8.1,7.7,7.37,7.46,5.23
C4orf8,6.84,6.52,6.92,6.62,6.99,6.9,6.75,7.02,6.76,6.94,6.8,6.17,6.4,6.57,7.32,7.24,6.96,6.72,6.86,6.86,6.94,6.75,6.65,7.14,7.23,7.12,6.83,6.64,6.94,4.89,6.27,4.91,7.35,7.24,7.2,7.23,7.67,6.94,6.63,6.95,7.17,7.41,6.9,5.41,6.96,6.99,6.85,6.87,6.44,5.51
C4orf8,3.4,3.65,3.39,3.24,3.31,3.66,3.35,3.26,3.39,3.67,3.46,3.51,3.7,3.49,3.27,3.54,3.38,3.48,3.3,3.22,3.75,3.31,3.58,3.16,3.33,3.15,3.27,3.42,3.43,3.49,3.42,3.3,3.53,3.54,3.47,3.21,3.29,3.4,3.86,3.21,3.2,3.44,3.27,3.48,3.44,3.39,3.52,3.2,3.51,3.43
C5,5.48,5.2,5.22,5.58,5.18,5.44,4.37,4.81,5.36,5.46,4.97,5.08,4.85,4.3,5.23,4.74,4.81,5.74,5.42,5.89,4.83,4.85,4.48,4.86,5.42,4.61,5.43,5.47,5.41,4.9,4.68,5.21,5.07,5.06,5.39,5.46,4.98,4.87,4.78,5.25,5.22,5.94,5.47,4.39,5.11,4.81,5.43,5.19,5.17,3.91
C5AR1,4.18,4.7,4.18,4.38,4.32,4.43,4.55,4.53,4.18,4.42,4.42,4.52,4.51,4.82,4.16,4.32,4.03,4.41,4.44,4.72,4.38,4.44,4.58,4.39,4.64,4.16,4.43,4.26,4.52,4.87,4.77,4.71,4.35,4.23,4.21,4.28,4.45,4.3,4.46,4.27,4.76,4.49,4.35,5.01,4.3,4.68,4.18,4.89,4.71,5.12
C5AR1,4.84,4.78,4.83,4.87,4.7,4.47,4.69,4.84,4.99,4.83,5.23,4.95,4.79,7.29,5.05,4.72,4.97,4.97,4.86,4.88,4.68,5.12,4.97,4.78,4.48,4.31,4.6,5.14,4.54,3.96,6.97,6.33,4.63,4.7,4.94,4.94,4.67,4.61,4.7,4.68,4.64,4.71,4.72,7.21,4.42,4.33,5.08,4.84,4.76,6.76
C5orf13,5.44,5.9,5.79,5.56,5.48,5.62,6.14,6.02,5.88,5.83,5.99,5.93,5.86,7.35,5.73,5.95,5.7,5.82,5.85,5.7,5.85,5.91,5.79,5.84,5.84,5.35,5.62,5.79,5.48,5.53,6.12,6.99,5.63,5.51,6.03,5.95,6.11,5.94,5.17,5.55,5.55,5.9,5.77,7.52,5.71,5.13,6,5.7,5.72,7.4
C5orf13,9.58,9.42,9.8,9.79,9.75,9.46,9.64,9.74,9.68,9.74,9.63,9.57,9.64,8.5,9,9.11,8.88,9.77,9.83,9.75,8.84,9.02,8.96,9.03,8.93,8.99,9.69,9.58,9.45,9.19,6.03,8.5,8.81,8.73,8.79,9.25,9,9.18,8.85,9.44,9.42,9.83,9.77,7.72,9.64,9.68,9.74,9.47,9.42,7.96
C5orf13,7.02,6.31,7.01,6.77,6.18,5.97,4.64,6.51,6.79,7.07,6.07,6.62,6.41,4.51,5.97,5.66,5.98,6.56,7.12,7.05,5.54,5.53,5.26,6.06,5.82,6.01,6.76,6.83,5.76,5.11,4.97,5.37,5.53,5.96,5.79,5.69,5.89,6.21,5.33,6.51,6.32,5.95,6.38,5.31,6.28,5.96,6.52,6.53,6.2,4.43
C5orf13,8.77,8.55,8.82,8.99,8.39,8.42,8.99,8.88,8.81,8.91,8.4,8.74,8.81,8.04,8.27,8.38,8.01,8.85,8.7,8.86,8.23,8.31,8.01,8.28,8.16,8.35,8.63,9.05,8.45,6.32,7.64,8.11,7.99,8.22,8.37,8.19,8.31,8.37,8.48,8.61,8.42,8.82,8.81,8.33,8.94,8.78,8.77,8.72,8.44,8.69
C5orf13,7.8,7.23,7.77,7.76,7.32,7.19,7.62,7.78,7.83,8.02,7.31,7.66,7.38,6.96,7.21,6.97,7.08,7.87,7.87,7.91,7.01,7.07,6.58,6.97,7.15,7.12,7.63,7.64,6.95,6.64,6.75,4.82,6.76,7.1,7.1,7.24,6.49,7.22,7.18,7.44,7.46,7.52,7.52,7.48,7.73,7.43,7.9,7.64,7.31,6.62
C5orf15,9.75,9.98,9.81,9.75,9.9,9.84,9.52,9.6,9.85,9.84,9.91,9.79,10.1,9.41,9.83,9.78,10.03,9.62,9.69,9.68,10.26,10.15,10.36,9.99,10.13,10.24,9.73,9.77,9.86,9.75,5.84,8.99,9.61,9.69,9.65,9.65,9.85,9.7,10.17,9.82,9.99,9.85,10.03,9.41,9.97,9.97,9.89,9.89,9.95,8.5
C5orf15,9.02,8.61,8.69,8.66,7.75,7.67,7.54,8.58,8.75,8.9,7.82,9.06,8.94,6.65,8.91,8.89,8.93,8.64,8.61,8.76,9.09,9.07,8.68,9.19,9.09,9.21,8.58,8.83,7.87,6.24,6.87,8.7,8.76,8.88,8.65,8.53,8.13,8.91,8.03,8.83,8.51,8.1,8.01,5.62,8.7,8.32,8.87,8.82,8.52,6.23
C5orf17,3.65,3.56,3.44,3.48,4.14,3.39,4.65,3.96,3.73,3.56,3.59,3.48,3.5,3.95,3.4,3.64,3.48,3.53,3.59,3.54,3.66,3.64,3.4,3.63,3.33,4.04,3.69,3.5,3.64,3.81,3.99,4.65,3.55,3.51,3.79,3.57,3.36,3.53,4.15,3.56,3.37,3.39,4.35,4.43,3.55,3.63,3.4,3.58,3.56,4.24
C5orf17,3.51,3.51,3.63,3.41,3.58,3.42,4.06,3.57,3.53,3.76,3.76,3.57,3.69,3.93,3.52,3.57,3.6,3.64,3.74,3.65,3.54,3.56,3.4,3.62,3.59,3.72,3.75,3.76,4,4.49,4.06,4.51,3.72,3.47,3.5,3.49,3.51,3.54,4.05,3.74,3.58,3.46,3.68,3.67,3.58,3.72,3.67,3.39,3.61,4.84
C5orf17,3.53,3.62,3.97,3.55,3.5,3.8,4.04,3.92,3.81,3.67,3.71,3.74,3.67,3.97,3.43,3.78,3.66,3.63,3.85,3.79,3.49,3.79,3.72,3.7,3.67,3.82,3.76,3.73,3.81,4.66,4.09,4.36,3.96,3.57,3.75,3.63,3.87,3.65,3.78,3.54,3.53,3.6,3.8,4.63,3.63,3.48,3.94,3.77,3.9,3.96
C5orf20,4.7,4.65,4.85,4.94,5,4.75,4.84,4.69,4.67,4.89,4.81,4.92,4.8,5.46,4.81,4.89,4.61,4.88,4.65,4.59,5.18,5.3,5.15,4.67,4.79,4.89,5.07,5,5.01,5.54,6.77,5.8,4.95,4.72,4.93,4.85,4.72,4.87,4.41,4.65,4.67,4.72,4.61,5.67,4.6,4.73,5,4.84,4.8,5.93
C5orf20,4.2,4.5,4.36,4.16,4.34,4.38,4.34,4.93,4.34,4.21,4.17,4.29,4.34,5.34,4.26,4.54,4.26,4.39,4.25,4.03,4.32,4.3,4.48,4.3,4.08,4.27,4.28,4.32,4.27,4.34,6.51,4.81,4.41,4.24,4.44,3.93,4.34,4.42,4.33,4.44,4.47,4.16,4.53,5.36,3.95,4.29,4.06,4.15,4.12,5.42
C5orf22,8.41,7.59,8.1,8.19,6.74,7.08,7.16,7.85,8.39,8.28,6.89,8.44,8.16,6.67,8.59,8.41,8.37,8.09,8.14,8.54,8.31,7.92,7.22,8.59,8.4,8.52,8.11,8.17,7.1,4.9,5.45,4.9,8.53,8.64,8.67,8.31,7.58,8.54,6.76,7.95,7.37,6.88,6.66,5.48,7.76,7.2,7.83,8.18,7.86,5.82
C5orf22,6.53,5.46,6.51,6.12,4.81,5.36,4.98,6.12,6.8,6.46,5.38,6.17,5.81,5.34,6.52,6.66,6.69,6.35,6.47,6.44,6.16,6.26,5.68,6.64,6.83,6.89,6.13,6.23,5.65,4.64,5.18,7.69,6.59,6.7,6.71,6.75,5.79,7,5.34,6.17,5.94,5.35,5.51,5.91,6.2,5.88,6.49,6.71,6.26,7.63
C5orf22,9.54,9.58,9.55,9.54,9.33,9.41,9.03,9.44,9.67,9.63,9.52,9.69,9.69,8.67,9.7,9.6,9.65,9.57,9.6,9.62,9.62,9.61,9.73,9.59,9.75,9.71,9.48,9.67,9.44,9.36,7.54,7.6,9.75,9.71,9.81,9.73,9.63,9.57,8.94,9.47,9.46,9.45,9.39,8.11,9.49,9.25,9.44,9.65,9.61,7.38
C5orf23,5.22,5.47,4.91,5.13,5.07,4.87,4.92,5.26,5.17,5.09,5.21,5.26,5.24,6.2,5.17,4.8,5,4.86,5.13,5.08,5.23,5.03,5.4,4.94,5.31,4.82,5.44,5.1,5.23,5.54,4.91,5.65,4.69,5.04,5,5.15,5.44,5.31,5.37,5.54,5.16,5.01,5.31,6.16,5.01,5.91,5.23,4.9,4.85,6.03
C5orf24,6.6,6.86,6.38,6.17,5.83,6.54,6.5,6.3,6.68,6.68,6.96,6.38,6.66,6.03,6.53,6.76,6.58,6.17,6.35,6.6,6.59,6.33,7.09,6.23,6.49,6.42,6.33,6.36,6.87,6.1,5.91,4.33,6.2,6.17,6.35,6.48,6.33,6.2,6.26,6.23,6.36,6.89,6.62,4.96,6.24,6.4,6.46,6.39,6.59,6.28
C5orf24,9.92,10.19,9.9,10.04,9.88,9.89,9.5,9.97,10.02,10,10.22,9.92,10.02,9.83,9.93,9.83,9.83,9.74,9.89,9.91,9.71,9.84,10.02,9.91,9.86,9.84,9.83,9.95,10.1,9.99,9.12,9.8,9.69,9.9,9.78,9.84,9.66,9.83,9.31,9.74,9.87,10.11,9.93,10,9.69,9.49,9.9,9.99,10.05,9.52
C5orf24,5.55,5.21,5.23,5.23,5.21,5.14,5.09,4.5,5.46,5.62,4.76,4.86,5.29,5.42,5.08,4.7,4.87,4.94,4.78,5.24,4.94,4.85,5.05,5.04,5.18,5.42,5.34,5.03,5.2,4.52,4.23,3.96,5.18,5.35,4.94,4.87,5.21,4.94,4.76,5.1,4.91,4.68,5.13,4.6,4.97,4.36,4.77,5.28,5.42,4.61
C5orf24,7.52,7.3,7.45,7.39,7.34,7.52,7.07,7.51,7.45,7.36,7.55,7.47,7.36,6.96,7.32,6.98,7.26,7.48,7.07,7.4,7.36,7.39,7.5,7.2,7.32,7.27,7.35,7.6,7.49,5.01,6.17,6.77,7.27,7.4,7.36,7.49,7.38,7.33,6.57,7.4,7.71,7.34,7.52,6.34,7.31,7.28,7.23,7.37,7.52,6.72
C5orf25,6.82,7.36,7.16,7.09,7.13,6.73,6.63,6.79,7.02,6.92,7.2,6.67,6.76,7.14,7.03,7.05,6.96,7.09,7.07,7.19,6.2,6.11,6.85,6.71,6.54,6.65,7.1,6.96,6.99,6.71,6.1,5.36,7.02,7.39,7.45,7.15,6.82,7.04,6.61,7.06,6.78,7.26,7.25,6.78,7,7.12,7.03,7.12,7.24,5.57
C5orf25,5.01,4.69,4.76,4.68,5.15,4.04,4.22,4.83,5.54,5.06,4.97,4.91,4.96,6.62,4.61,4.72,5.21,5.12,4.88,4.78,4.44,5.04,4.84,4.86,4.56,4.57,4.77,5.16,4.73,4.87,6.28,6.31,5.06,5.26,5.22,4.66,4.44,4.85,3.95,5.01,4.54,4.99,4.94,6.32,5.23,4.48,4.82,4.85,4.83,6.71
C5orf25,4.89,4.3,4.69,4.98,4.92,4.84,4.25,4.67,4.75,5.06,4.84,4.54,4.58,5.33,4.94,4.8,4.45,4.64,4.61,4.89,5.02,4.65,4.64,4.73,4.63,4.4,5.25,4.75,4.58,5.76,5.4,6.25,4.58,4.59,4.77,4.63,4.72,4.58,4.81,5.03,4.73,4.89,4.46,6.46,5.84,4.84,5.06,4.64,4.7,5.16
C5orf25 /// LOC202181,3.99,3.53,3.81,3.72,3.81,3.53,3.86,4.97,3.76,3.83,3.83,3.82,3.55,5.07,3.89,3.98,3.93,4.02,3.81,3.86,3.76,3.62,3.45,4.17,3.73,3.94,3.98,3.84,3.61,4.77,5.62,4.31,3.97,3.79,3.94,4.02,3.81,3.7,4.08,3.77,3.64,4.15,4.45,3.93,3.8,4.01,4.2,3.74,3.7,3.94
C5orf26,9.75,9.63,9.85,9.94,9.8,9.82,9.76,9.93,9.83,9.89,9.59,9.96,9.96,7.37,10.63,10.72,10.61,9.71,9.5,9.58,10.36,10.36,10.11,10.55,10.7,10.61,9.99,9.98,9.78,9.76,7.88,7.72,10.9,10.94,11.02,10.85,10.83,10.86,9.88,9.85,9.94,11.01,10.8,8.22,10.03,9.92,9.9,10.06,9.82,8.49
C5orf27,3.89,3.93,4,4.11,3.94,3.85,4.7,3.95,3.96,3.89,3.74,4,4,5.02,3.97,4.21,3.78,3.82,3.75,3.82,3.98,3.86,3.64,4.17,3.72,3.83,3.9,3.98,4.1,4.39,6.51,5.69,4.02,3.77,3.84,3.9,4.15,3.88,4.19,4.04,4.09,3.89,4.03,5.16,4.06,4.16,4.48,4.02,3.87,4.31
C5orf28,6.38,6.58,6.08,6.42,5.67,5.76,5.59,5.96,6.37,6.45,6.71,6.41,6.33,5.84,6.24,5.82,6.28,6.34,6.19,6.36,6.48,6.48,6.59,6.05,6.23,6.21,6.11,6.26,6.29,5.6,5.7,6.16,5.93,6.06,5.9,6.32,5.79,6.39,5.85,6.44,6.16,6.31,6.15,5.96,5.9,5.97,6.39,6.34,6.6,5.9
C5orf28,7.16,7.4,6.95,6.99,6.48,6.78,6.56,6.92,7.44,7.11,7.31,7.13,7.3,6.77,7.02,6.9,7.01,6.79,6.8,7.11,7.14,7.2,7.59,6.96,6.9,7.07,7.01,7.02,7.09,5.19,7.49,5.12,6.2,6.56,6.31,6.61,6.79,6.87,5.96,6.88,7.07,6.87,6.77,7.21,6.54,6.34,6.88,7.08,7.42,4.93
C5orf28,8.47,8.29,8.18,8.36,7.57,8.01,7.84,8.42,8.3,8.52,8.14,8.4,8.23,7.01,8.12,8.15,8.35,8.06,8.15,8.46,8.41,8.22,8.02,8.16,8.28,8.34,8.14,8.45,8.09,6.35,6.52,6.76,7.88,7.73,7.67,8.01,7.76,8.31,7.49,8.31,8.23,7.93,7.49,7.95,8.06,7.47,8.14,8.49,8.4,7.04
C5orf28,6.51,6.55,6.35,6.59,5.96,6.34,5.87,6.19,6.52,6.83,6.6,6.54,6.44,6.91,6.46,5.92,6.35,6.53,6.4,6.49,6.23,6.59,6.52,6.44,6.53,6.22,6.41,6.41,6.52,6.03,5.04,6.53,6.14,6.25,5.94,6.15,5.81,6.28,5.59,6.58,6.03,6.45,6.22,6.27,6.11,6.16,5.95,6.28,6.65,5.97
C5orf30,7.54,7.7,7.55,7.81,7.18,7.61,7.43,7.5,7.78,7.81,7.81,7.66,7.46,8.1,6.81,6.68,6.81,7.6,7.53,7.38,7.14,7.27,7.44,7.07,7.14,6.98,7.73,7.53,7.6,5.88,6.61,6.64,6.91,6.71,6.93,6.97,6.5,6.74,6.72,7.69,7.25,6.69,7.07,7.18,7.6,7.35,7.12,7.27,7.47,6.17
C5orf32,12.94,13.23,13.08,13.01,13.28,13.14,13.05,13.06,12.98,13.07,13.22,13.06,12.94,13.39,13.25,13.21,13.28,13.08,13.06,13.1,13.26,13.21,13.26,13.38,13.37,13.28,13.11,13.03,13.08,12.94,13.06,13.23,13.25,13.23,13.29,13.22,13.21,13.17,13.21,13.26,13.11,13.09,13.16,13.4,13.38,13.33,13.34,13.13,13.06,13.4
C5orf32,11.05,11.15,11.07,10.97,11.1,11.12,11.04,10.67,11.21,10.93,10.9,10.93,11.37,10.32,11.14,11.16,11.29,10.88,10.97,10.87,11.33,11.12,11.44,11.18,11.16,11.4,11.12,10.81,11.34,11.1,10.42,10.32,11.19,11.12,11.06,11.01,11.3,11,11.14,10.93,11.15,11.1,11.15,10.64,11.4,11.46,11.19,11.09,11.29,10.52
C5orf33,6.35,6.7,6.62,6.5,6.19,6.44,6.01,6.02,6.67,6.44,6.68,6.53,6.6,7.13,6.43,6.26,6.76,6.47,6.66,6.54,6.49,6.37,6.63,6.39,6.34,6.18,6.5,6.33,6.38,5.44,5.77,5.92,6.37,6.56,6.24,6.55,6.39,6.66,5.85,6.24,6.07,5.99,6.13,6.3,6.79,6.38,6.41,6.49,6.42,7.36
C5orf33,6.76,6.71,6.65,7.17,6.67,6.86,5.73,6.74,7.11,6.98,6.64,6.76,6.47,6.58,6.84,7.14,7.12,6.89,7.09,7.1,6.67,6.67,6.83,6.93,6.98,6.82,6.57,6.97,6.71,6.03,7.08,6.85,6.84,6.8,6.91,6.95,6.48,7,6.16,6.83,6.94,6.66,6.35,6.24,7,6.94,7.17,6.81,6.57,7
C5orf33,3.62,3.38,3.37,3.53,3.29,3.45,3.89,3.33,3.36,3.41,3.38,3.43,3.43,3.51,3.33,3.34,3.42,3.58,3.29,3.5,3.5,3.36,3.34,3.49,3.26,3.32,3.41,3.39,3.48,3.78,3.96,3.68,3.59,3.44,3.36,3.32,3.3,3.5,3.66,3.41,3.67,3.44,3.41,3.51,3.56,3.48,3.73,3.42,3.44,3.44
C5orf33,4.15,4.29,4.16,4.28,3.99,4.29,4.08,3.89,4.14,4.13,4.43,4.16,4.39,4.13,4.29,4.35,4.07,4.19,4.04,4.12,4.23,4.16,4.25,4.09,4.06,4.2,4.27,4.42,3.96,3.58,4.07,3.95,4.35,3.94,4.02,4.3,4.01,4.02,4.05,4,3.96,4.12,3.89,3.78,3.99,4.3,4.26,4.21,4.2,4.44
C5orf33,3.97,4.2,3.71,3.76,3.78,3.54,3.96,4.1,3.7,4.09,3.63,3.82,3.8,4.29,3.63,3.91,3.83,3.81,3.83,3.89,3.79,3.78,4.06,3.88,3.7,3.91,4.19,4.09,4.04,4.14,4.64,4.56,3.8,3.76,3.68,3.68,3.7,3.91,3.9,3.63,3.62,3.64,3.66,4.02,4.3,3.87,3.86,3.61,3.98,4.25
C5orf33,6.85,6.8,6.78,7.1,6.84,6.2,6,6.94,6.84,6.99,6.74,6.77,6.61,7.7,7.01,6.97,6.82,6.82,6.75,6.96,6.72,6.9,6.64,6.79,6.87,6.78,6.83,6.88,6.72,4.52,5.91,7.38,6.46,6.93,6.94,6.93,6.65,6.89,6.68,6.84,6.84,6.97,6.74,7.42,7.09,6.91,7.13,7.03,6.67,8.53
C5orf34,8.34,8.94,8.64,8.44,8.43,8.44,8.72,8.79,8.41,8.55,8.5,8.44,8.32,8.41,9.18,9.17,9.19,8.37,8.52,8.7,8.5,8.22,8.65,8.79,8.8,8.6,8.55,8.42,8.68,7.55,5.9,7.5,9.6,9.63,9.69,9.06,9.14,9.1,7.69,8.72,8.57,8.35,8.42,7.81,8.53,8.29,8.23,8.4,8.39,7.85
C5orf34,5.84,5.57,5.62,5.36,5.32,5.29,5.69,5.65,5.49,5.47,5.5,5.71,5.46,5.4,6.19,5.79,6.15,5.36,5.88,5.58,5.61,5.7,5.31,5.72,5.71,5.76,5.51,5.59,5.61,5.95,5.97,5.36,6.44,6.4,6.66,5.87,5.76,6.13,5.95,5.66,5.86,5.31,5.18,5.24,5.45,5.27,5.65,5.4,5.72,5.27
C5orf35,6.75,6.82,6.88,6.61,6.62,6.83,6.14,6.51,7.11,6.75,6.87,6.83,6.51,6.06,6.74,6.34,6.72,6.43,6.84,6.44,6.17,6.41,6.5,6.51,6.58,6.18,6.87,6.73,6.65,5.87,6.07,6.55,6.19,6.58,6.85,6.68,6.45,7,6.01,6.74,6.74,6.43,6.36,6.39,6.44,6.31,6.88,6.7,6.67,6.42
C5orf36,4.88,5.32,4.49,4.9,4.58,4.79,5,4.67,5.02,4.72,5.72,4.87,4.51,5.81,5.11,4.79,4.88,4.8,4.62,5.1,5.06,5.03,5.36,5.08,5.1,4.48,4.67,4.88,4.9,6.94,7.15,5.83,4.74,5.04,4.99,4.63,4.49,4.84,5.21,4.72,4.86,5.05,5.4,5.6,4.8,4.78,4.7,4.8,4.98,4.69
C5orf36,4.93,5.24,5.2,5.37,4.75,4.97,4.21,4.79,4.97,5.57,5.49,5.03,5.05,8.42,4.99,5.02,5.29,5.11,5.4,5.13,4.96,5.22,4.99,4.83,4.98,4.72,5.61,5.37,5.07,4.86,5.97,5.46,4.55,4.56,4.56,4.65,4.62,5.09,4.64,4.99,4.96,4.96,5.92,8.31,4.19,4.68,4.49,4.99,4.95,7.79
C5orf37,7.37,7.48,7.62,7.87,7.7,7.53,6.13,7.34,7.66,7.59,7.49,7.35,7.3,5.68,7.63,7.67,7.72,7.44,7.66,7.48,7.31,7.31,7.45,7.55,7.73,7.51,7.68,7.68,7.46,6.65,6.19,6.51,8.15,8.39,8.2,7.72,7.34,7.64,7.37,7.7,7.45,7.36,7.71,6.52,7.74,7.68,7.66,7.82,7.57,7.44
C5orf38,3.82,3.57,3.63,3.85,3.75,3.63,3.95,3.73,3.58,3.6,3.93,3.71,3.63,4.86,3.96,3.93,3.72,3.99,3.97,3.97,3.83,3.73,3.86,3.63,3.71,3.71,3.79,3.68,3.67,3.46,3.87,3.66,3.78,3.95,4.09,4.03,3.79,3.83,4.04,4.11,3.66,3.75,3.62,4.55,3.63,4.19,4.18,3.79,4.07,4.1
C5orf38,6.55,6.55,6.64,6.6,7.04,6.6,6.39,6.91,6.71,6.65,6.87,6.77,6.64,7.6,6.52,6.72,6.8,6.9,6.65,6.67,6.69,6.78,6.88,6.65,6.56,6.66,6.59,6.67,6.93,6.23,6.67,6.52,6.68,6.46,6.58,6.38,6.61,6.51,7.01,6.69,6.43,6.82,6.72,7.76,6.88,6.72,6.7,6.79,6.62,6.97
C5orf39,7.21,7.19,7.49,7.39,7.4,7.49,7.18,7.16,7.38,7.22,7.23,7.27,7.42,7.12,7.59,7.71,7.83,7.69,7.56,7.81,7.25,6.88,7.11,7.44,7.46,7.12,7.22,7.23,7.11,6.38,6.26,6.8,7.41,7.52,7.68,7.89,8.24,7.99,6.43,7.5,7.1,7.65,7.6,7.11,7.25,7.38,7.26,7.01,7.24,6.82
C5orf4,4.75,5.04,4.36,4.84,4.67,4.74,4.21,4.74,4.8,4.83,4.95,4.86,4.94,5.36,4.57,4.77,5.04,4.48,4.73,4.86,4.9,4.94,4.93,4.57,5.22,4.74,4.61,4.74,4.81,5.13,5.92,4.93,4.73,4.35,4.87,4.74,3.97,4.9,5.03,4.26,4.51,5.07,4.57,4.76,4.67,4.76,4.52,4.59,4.79,4.69
C5orf4,4.17,4.28,3.94,4.22,4.65,4.03,5.32,4.18,4.32,4.11,4.37,4.2,4.22,4.31,4.27,4.57,4.21,4.53,4.06,4.01,4.17,3.98,4.16,4.33,4.25,3.95,4.24,4.12,4.33,5.45,6.61,5.78,3.89,3.98,4.14,4.25,4.23,4.44,4.67,3.83,3.9,4.19,4.1,4.52,4.23,4.11,3.79,4.21,4.01,4.52
C5orf4,4.06,4.06,4.19,4.21,4.14,4.5,4.56,4.52,4.11,4.14,4.05,4.25,4.06,4.79,5.08,5.12,4.98,4.21,4.21,4.24,4.28,4.23,4.36,4.86,4.81,4.81,4,4.34,4.31,3.9,5.5,4.61,4.21,4.81,4.7,4.87,4.07,4.79,3.19,4.04,3.95,4.04,4.09,6.04,4.01,4.13,4.38,4.26,4.23,5.77
C5orf4,4.22,3.98,3.91,3.84,4.05,4.13,3.89,3.77,3.91,3.85,4.02,3.96,3.93,4.88,3.81,4.32,4.02,4.34,4.02,4.1,4.06,4.06,4.06,4.09,3.92,3.9,3.97,4.02,3.85,4.14,6.18,6.41,3.87,4.04,4.17,4.09,4.15,4.04,3.87,4.14,4.24,4.11,4.7,4.78,3.97,4.31,4.37,4.08,4.3,5.61
C5orf40,8.26,7.53,8.39,8.23,7.82,7.23,7.31,8.07,8.13,8.3,7.3,7.62,7.33,5.01,7.15,7.29,7.11,7.91,7.97,8.07,7.48,7.63,7.02,7.62,7.59,7.71,8.2,8.25,7.49,6.25,8.29,7.52,7.14,7.19,7.12,7.13,7.16,7.48,7.59,8.16,8.01,7.97,7.98,7.52,7.88,7.42,7.86,8.52,8.02,6.73
C5orf40,9.31,9.16,9.27,9.22,9.19,9.03,9.28,9.34,9.21,9.39,9.18,8.77,8.61,8.2,8.07,8.04,8.34,9,8.99,8.97,8.71,8.62,8.49,8.64,8.76,8.79,9.3,9.42,9.1,8.49,8.42,9.15,8.35,8.34,8.34,8.59,8.35,8.48,9.09,9.26,9.21,9.49,9.53,8.58,8.95,8.72,8.9,9.45,9.28,8.76
C5orf41,6.05,6.51,6.16,6,6.17,6.02,6.02,6.13,6.33,6.32,6.53,6.03,6.28,5.08,6.57,6.54,6.48,6.12,5.98,6.3,6.96,6.92,6.94,6.49,6.56,6.52,6.33,6.02,6.69,6.26,5.97,4.26,6.12,6.21,5.68,6.41,5.97,6.3,6.09,6.67,6.56,7.48,7.48,6.34,6.11,6.12,6.3,6.39,6.55,4.77
C5orf41,6.29,6.47,5.83,5.77,5.78,6.04,5.88,6.13,6.23,6.13,6.53,5.94,5.81,5.79,6.34,6.73,6.72,5.95,6.03,6.27,6.78,6.73,7.13,6.62,6.8,6.8,6.14,6.18,6.63,6.71,5.75,6,5.92,5.82,6.1,6.39,6.02,5.9,6.38,6.61,6.29,7.55,7.1,6.94,6.17,6.78,6.43,6.16,6.31,5.81
C5orf41,6.86,7.18,6.57,6.63,6.59,6.95,6.4,6.78,7.19,6.95,7.48,6.68,6.78,5.9,7.45,7.6,7.52,6.74,7.01,6.79,7.67,7.78,8.27,7.75,7.83,7.81,6.88,7.06,7.32,7.18,4.42,6.01,6.94,6.65,7.05,7.31,6.62,6.8,6.37,7.51,7.21,8.33,8.2,6.47,7.09,7.27,7.14,6.96,7.08,5.78
C5orf41,4.65,4.5,4.74,4.69,3.77,4.26,4.31,4.17,4.45,4.66,4.56,4.61,4.65,4.42,4.93,4.88,4.62,4.37,4.41,4.42,4.89,4.83,4.72,5.43,5.03,5.38,4.25,4.4,4.55,4.92,4.53,5.04,4.82,4.92,4.72,4.78,4.02,4.53,4.31,4.37,4.59,4.86,4.64,4.91,4.31,4.19,4.42,4.54,4.6,4.81
C5orf41,5.29,5.31,5.28,4.96,5.14,4.62,5.11,4.81,5.26,5.44,4.87,5.07,5.49,5.77,5.61,5.43,5.72,5.17,5.06,5.45,5.44,5.37,4.99,5.56,5.51,6.24,5.23,5.44,5.15,4.8,4.99,5.16,5.36,5.08,5.15,4.65,5.3,4.9,4.45,5.03,4.8,5.4,5.55,5.13,5.25,4.64,4.77,5.05,5.04,5.83
C5orf41,6.2,6.4,6.04,5.91,5.83,6,6.62,6.02,6.23,6.29,6.28,6.26,6.11,5.3,6.84,6.78,6.92,6.1,6.23,6.27,7,7,6.83,6.97,7.02,6.92,6.12,6.37,6.23,5.22,5.29,4.9,6.2,6.17,6.19,6.53,5.85,6.33,5.41,6.99,6.4,7.42,7.24,4.4,6.37,6.11,6.43,6.39,6.61,4.99
C5orf41,5.93,6.02,6.04,6.24,5.98,5.4,5.92,5.46,6.25,6.13,6.66,6.41,6.17,6.71,6.65,6.75,6.74,6.25,6.36,6.24,6.55,6.66,6.86,6.37,7.01,6.7,5.84,6.23,5.74,6.03,4.71,5.88,5.91,5.99,6.2,6.74,6.12,6.14,6.33,6.77,6.38,7.27,6.99,6.59,5.91,5.82,6.58,6.32,6.49,6.92
C5orf42,4.44,4.49,4.42,4.6,4.47,4.95,4.64,4.51,4.54,4.56,4.73,4.49,4.47,5.11,4.64,4.44,4.32,4.3,4.25,4.61,4.56,4.68,4.65,4.64,4.65,4.44,4.56,4.46,4.46,4.62,4.55,5.2,5.12,5.05,5.26,4.44,4.71,4.44,3.95,4.39,4.61,4.44,4.53,4.78,4.15,4.39,4.34,4.46,4.62,5.21
C5orf42,4.86,4.7,4.51,4.74,5.03,5.22,5.68,4.73,4.76,4.86,4.47,4.87,4.64,4.98,4.85,4.47,4.68,4.9,4.62,4.72,4.55,4.81,4.72,5.21,4.88,4.98,4.63,4.52,4.63,5.44,6.9,6.83,5.17,4.98,5.3,4.78,5.51,4.92,4.86,4.47,4.5,5.11,4.87,5.18,4.93,4.75,5.17,4.6,4.9,5.91
C5orf42,5.87,5.71,5.99,5.92,6.39,6.41,5.2,6.08,6.04,6.01,6.07,5.78,5.58,5.18,6.4,5.71,6.38,5.86,5.98,6.05,5.94,5.97,6.16,6.44,6.25,6.34,5.82,6.03,5.88,5.16,4.74,5.57,7.1,7.27,6.95,6.48,6.51,6.86,5.8,5.92,6.31,6.31,6.4,4.66,6.15,6.33,5.97,6.19,5.92,5.23
C5orf43,9.71,9.76,9.5,9.55,8.88,9.02,8.29,9.2,9.81,9.73,9.29,9.65,9.85,8.31,9.39,9.34,9.46,9.49,9.5,9.7,9.23,9.3,9.3,9.06,9.14,9.5,9.46,9.45,9.56,8.14,5.54,7.08,9.39,9.32,9.24,9.31,9.19,9.43,8.23,9.3,9.27,9.17,8.81,7.37,9.42,9.12,9.33,9.63,9.82,6.83
C5orf43,4.99,5.32,4.63,5.12,4.62,4.67,3.8,4.62,5.18,4.89,4.84,4.93,5.02,6.61,5.03,4.43,4.98,4.99,5.08,5.58,4.84,5.43,5.46,5.03,4.59,4.84,5.27,5.14,4.7,5.7,6.05,6.46,4.78,4.92,4.7,4.73,4.43,4.5,4.31,5.46,4.75,5.04,5.11,5.25,5.41,4.33,5.07,4.99,5.16,6.11
C5orf43,9.65,8.97,9.33,9.27,8.43,8.47,8.88,9,9.54,9.4,8.53,9.53,9.47,7.06,9.31,9.37,9.25,9.39,9.44,9.71,9.02,8.85,8.35,9.14,9.17,9.38,9.18,9.34,8.82,7.28,7.59,7.9,9.27,9.31,9.33,9.22,8.82,9.41,7.99,9.19,8.82,8.74,8.43,6.67,9.07,8.95,9.22,9.27,9.1,6.94
C5orf44,5.12,5.7,5.21,5.33,4.41,4.8,4.34,4.79,5.76,5.19,5.47,5.27,5.55,5.2,5.45,5.02,5.44,5.22,5.35,5.41,5.44,5.33,6.11,5.12,5.42,5.28,5.21,5.16,5.42,4.7,4.2,4.76,4.93,4.88,4.89,5.31,4.92,5.2,4.06,4.83,5.18,4.91,5.09,6.03,4.58,5.22,4.58,5.65,5.97,4.41
C5orf44,8.41,8.35,8.49,8.42,8.33,8.4,8.03,8.03,8.54,8.51,8.53,8.37,8.33,6.9,8.33,8.1,8.41,8.33,8.49,8.45,8.47,8.4,8.56,8.4,8.33,8.38,8.43,8.47,8.39,7.91,6.5,7.64,8.27,8.28,8.33,8.45,8.12,8.43,7.91,8.16,8.34,8.34,8.25,7.05,8.34,8.11,8.4,8.41,8.47,6.39
C5orf44,5.09,5.71,4.92,5.31,4.28,4.96,4.11,4.81,5.55,5.22,5.28,5.08,5.15,5.73,5.59,5.21,5.89,5.12,5.18,5.4,5.28,5.01,5.98,4.8,5.34,5.58,4.83,5.19,5.48,4.84,5.82,4.33,4.12,4.97,5.04,5.44,5.11,5.4,3.42,5,5.07,5.4,4.94,4.56,4.73,4.77,4.67,5.38,5.35,4.14
C5orf45,6.64,6.93,6.88,6.88,7.08,6.82,6.98,6.93,6.58,6.94,6.88,6.53,6.57,7.45,6.73,6.95,7.12,7.02,6.74,6.91,6.86,6.71,6.97,6.91,6.63,6.7,6.65,6.64,7.14,7.09,5.98,7.4,6.65,6.85,6.79,6.72,6.88,6.77,6.7,7.19,7.08,7.03,7.14,6.95,6.91,6.69,6.67,7.02,7.2,6.49
C5orf45,5.15,5.27,5.18,5.15,5.48,5.28,5.13,5.37,5.08,5.3,5.59,5.14,5.35,8.06,5.13,5.1,5.04,5.26,4.97,5.05,5.25,5.21,5.29,5.09,5.42,5.04,4.86,5.01,5.28,5.27,6.74,7.17,5.08,5.26,5.46,5.1,4.93,5.1,5.81,4.79,5.43,5.5,5.47,5.82,5.22,5.02,5.22,5.13,5.03,5.62
C5orf45,9.78,10.03,10.03,9.71,10.32,10.16,10.16,9.71,9.54,9.88,10.04,9.62,9.73,12.54,10.15,10.12,10.47,10.31,10.09,9.82,10.32,10.05,9.93,10.09,10.05,9.82,9.89,9.83,10.24,9.06,11.22,11.61,10.15,10.21,10.46,9.42,9.91,10.19,10.34,9.93,9.82,9.84,10.76,12.92,9.81,9.55,9.6,9.83,9.52,12.76
C5orf46,4.06,3.99,3.92,4.44,4.12,3.91,4.14,3.9,4.03,3.97,4.33,4.07,4.06,4.2,4.11,4.04,4.07,4.27,4.12,4.3,3.87,4.03,3.98,4.35,4.38,4.24,4,4.28,3.89,5.3,4.65,4.12,4.45,4.04,4.11,4.31,3.76,4.02,3.76,4.29,3.95,4.02,4.16,5.23,3.97,3.96,4,3.98,4.14,4.51
C5orf47,3.53,3.73,3.22,3.29,3.22,3.2,3.29,3.29,3.66,3.5,3.62,3.5,3.85,3.47,3.31,3.21,3.4,3.45,3.26,3.39,3.29,3.4,3.42,3.27,3.4,3.45,3.5,3.34,3.65,3.46,3.4,4.76,3.41,3.32,3.54,3.2,3.32,3.18,3.79,3.18,3.22,3.35,3.3,3.62,3.29,3.14,3.14,3.33,3.31,5.06
C5orf48,3.53,3.68,3.65,3.84,3.41,3.52,3.53,3.6,3.76,3.69,3.65,3.61,4.19,5.15,3.62,3.78,3.63,3.56,3.57,3.78,3.64,3.78,3.55,3.79,3.69,3.59,3.91,3.8,3.8,4.33,4.12,4.64,3.62,3.65,3.51,3.91,3.4,3.67,3.69,3.78,3.46,3.93,3.78,3.8,3.72,3.7,3.35,3.63,3.68,3.75
C5orf49,4.78,5.54,4.88,5.08,5.31,5.39,5.55,4.58,4.66,5.07,4.9,4.65,4.87,6.08,4.93,4.61,4.69,4.75,5.04,5.1,4.92,5.06,5.3,5.3,4.98,5.01,5.19,4.72,5.3,5.75,5.25,7.32,4.69,4.53,4.82,4.77,5.38,5.19,5.18,5.05,5.15,4.97,5.32,5.24,5.13,5.44,5.27,4.96,5.13,6.07
C5orf49,4.04,4.18,4.12,4.13,4.12,4.1,4.52,4.68,4.31,4.1,4.11,4.2,4.31,4.25,4.42,4.8,4.2,4.38,4.06,4.18,4.3,4.48,4.2,4.24,4.38,4.45,4.08,4.08,3.97,4.13,4.04,5.29,4.55,4.08,4.65,4.51,4.35,4.58,4.6,4.35,4.2,4.37,3.98,4.52,4.36,4.41,4.23,4.14,4.06,4.75
C5orf51,9.27,9.35,9.39,9.4,9.64,9.36,8.75,9.26,9.3,9.29,9.62,9.46,9.4,8.68,9.61,9.65,9.58,9.4,9.39,9.45,9.49,9.49,9.67,9.62,9.63,9.52,9.37,9.37,9.51,9.61,9,8.83,9.45,9.6,9.66,9.58,9.59,9.58,9.45,9.43,9.41,9.6,9.52,8.7,9.51,9.41,9.55,9.4,9.54,8.95
C5orf51,6.75,5.54,6.68,6.37,5.09,5.9,5.37,6.52,6.52,6.75,5.99,6.74,6.42,7.01,7.26,7.29,6.78,6.81,6.7,7.37,6.57,6.59,5.7,7.18,6.99,6.88,6.66,6.76,5.23,5.03,6.39,6.13,7.01,7.04,7.12,6.88,5.67,6.69,5.17,6.34,6.06,6.01,5.37,7.49,5.7,6.27,6.76,6.65,5.86,6.72
C5orf52,3.59,3.55,3.75,3.6,3.56,3.43,3.76,3.82,3.48,3.42,3.44,3.44,3.46,4.15,3.54,3.87,3.58,3.68,3.58,3.62,3.78,3.7,3.64,3.99,3.39,3.55,3.56,3.52,3.93,3.96,5.47,4.21,3.47,3.63,3.56,3.64,3.95,3.54,4.21,3.45,3.52,3.68,3.65,3.94,3.57,4.12,3.65,3.58,3.41,4.28
C5orf53,7.54,7.63,7.41,7.7,7.56,7.88,7.29,7.72,7.45,7.4,7.67,7.33,7.39,6.64,7.58,7.52,7.59,7.52,7.65,7.83,7.39,7.64,7.83,7.74,7.73,7.69,7.6,7.5,7.35,7.21,5.4,7.03,7.2,7.27,7.05,7.57,7.67,7.6,7.12,7.9,7.37,7.81,7.81,8.23,7.05,7.44,6.97,7.59,7.46,6.59
C5orf54,5.54,5.82,5.54,5.59,5.49,5.15,4.96,5.47,5.38,5.64,5.83,5.72,5.26,5.07,5.81,5.5,5.46,5.77,5.88,5.71,5.72,5.14,5.34,5.23,5.08,5.19,5.34,5.45,5.25,5.8,5.1,4.66,5.16,5.42,5.56,5.43,4.96,5.71,5.26,5.78,5.17,5.76,5.11,6.08,5.47,5.31,5.69,5.1,5.35,4.32
C5orf55,7.27,7.11,7.34,7.35,7.48,7.83,7.12,7.4,7.35,7.62,7.56,7.25,7.25,7.91,7.34,7.43,7.28,7.44,7.68,7.55,7.16,7.22,7.36,7.44,7.45,7.47,7.67,7.44,7.34,6.48,7.29,7,7.1,7,7.26,7.55,7.67,7.57,7.2,7.68,7.59,7.45,7.67,6.68,7.79,7.84,7.84,7.39,7.26,7.38
C5orf56,6.68,6.84,7.08,6.88,6.9,7.05,7.39,7,6.89,6.64,6.99,6.87,6.74,6.47,6.66,6.99,6.98,6.94,6.88,6.87,6.66,6.82,6.93,6.86,6.92,6.84,7.21,6.89,6.76,6.37,6.49,6.8,7.05,6.83,6.76,7.1,6.99,7.18,7.18,6.73,7.41,7.14,7.1,7.76,7.08,7.21,6.7,7.26,6.69,7.87
C5orf56,5.15,5.11,5.29,5.44,6.1,5.55,5.65,5.02,5.26,5.21,5.69,5.27,5.12,6.33,5.36,5.24,5.09,5.28,5.12,4.93,5.5,5.52,5.41,5.09,5.44,5.02,5.07,5.17,5.02,5.79,6.62,5.53,5.1,5.15,5.11,4.81,5.31,5.51,5.82,5.02,5.45,5.63,5.45,6.26,5.37,5.13,5.11,5.06,5.14,7.22
C5orf56,3.64,3.6,3.8,3.63,3.55,3.86,4.25,3.41,3.61,3.64,3.62,3.55,3.63,4.84,3.59,3.51,3.59,3.53,3.51,3.53,3.51,3.45,3.44,3.46,3.44,3.46,3.51,3.46,3.47,4.2,5.53,5.07,3.86,3.78,3.49,3.79,4.12,3.59,5.02,3.54,3.79,3.77,3.61,4.96,3.78,4.09,3.85,3.65,3.56,4.02
C6,3.73,3.64,3.39,3.44,3.76,3.51,4.33,3.48,3.64,3.69,3.98,3.56,3.58,4.36,3.45,3.52,3.57,3.48,3.49,3.78,3.53,3.66,3.57,3.59,3.42,3.34,3.49,3.79,3.92,4.21,5.66,4.7,3.8,3.65,3.54,3.64,4.14,3.5,5.12,3.69,3.37,3.48,3.47,5.3,4.17,3.91,3.54,3.67,3.47,4.48
C6orf1,7.18,7,7.28,7.08,7.41,7.38,7.25,7.35,7.03,7.06,7.15,7.01,6.76,6.08,7.34,7.27,7.29,7.38,7.42,7.26,6.94,7.1,7.08,7.25,7.29,7.22,7.21,6.98,7.35,5.29,5.05,5.83,7.34,7.38,7.43,7.28,7.58,7.43,7.1,7.32,7.44,6.92,7.2,6.91,6.78,7.4,7.15,6.98,7.08,7.02
C6orf10,4.02,3.99,3.71,3.98,3.88,3.61,3.91,3.75,3.77,3.81,3.96,3.83,3.88,5.36,3.75,3.63,3.82,3.78,3.76,3.72,4.34,4.04,4.02,3.72,3.81,3.53,3.9,3.65,3.91,5.23,5.92,4.82,3.83,3.74,3.94,3.83,3.71,3.75,4.31,3.84,3.62,3.56,3.8,6.64,3.58,3.9,3.7,3.78,3.9,4.09
C6orf103,3.73,3.54,3.63,3.6,3.68,3.72,4.2,3.74,3.75,3.75,3.56,3.74,3.78,4.26,3.56,3.66,3.64,3.59,3.61,3.54,3.68,3.94,3.76,3.52,3.77,3.58,3.93,3.77,3.91,4.44,6.62,4.38,3.61,3.8,3.69,3.53,3.86,3.54,4.16,3.9,3.63,3.91,3.92,3.85,3.86,3.6,3.58,3.72,3.98,4.29
C6orf105,4.49,4.46,4.49,4.43,4.54,4.86,4.49,4.19,4.23,4.15,4.76,4.39,4.17,5.92,4.81,4.1,4.57,4.45,4.49,4.41,3.98,4.54,4.52,4.6,4.76,4.33,4.49,4.53,4.3,4.33,6.96,6.4,4.59,4.69,4.66,4.48,4.71,4.24,5.47,4.58,4.66,4.8,4.37,6.31,4.53,4.62,4.99,4.57,4.43,7.15
C6orf105,4.84,5.06,4.92,4.95,4.72,4.8,5.13,5.5,5.02,4.94,5.22,5.28,4.91,6.49,4.8,4.76,4.7,4.58,4.92,4.92,5.15,5.49,5.34,4.95,4.94,4.66,4.83,5.15,5.23,4.28,5.55,4.91,5.12,4.92,5.19,4.85,4.53,4.69,4.68,4.97,4.86,4.68,5.19,7.4,4.7,5.04,5.19,4.93,5.08,5.83
C6orf106,5.11,5.03,5.22,5.31,5.37,4.73,4.84,5.6,5.05,5.46,4.53,5.04,4.95,5.32,4.99,5.14,5.33,5.12,5.37,5.74,5.14,5.13,5.12,5.31,5.23,5.11,5.18,5.23,5.24,4.06,6.5,5.09,5.52,5.39,5.4,5.05,5.14,5.4,5.53,5.46,5.54,5.08,4.94,4.79,5.2,5.44,5.34,5.44,5.01,5.35
C6orf106,5.48,5.08,5.03,5.51,5.16,4.95,5.31,6.14,5.08,5.4,5.52,4.93,5.12,5.14,5.47,5.72,5.25,6.13,5.56,5.57,5.81,5.53,5,5.76,5.15,5.63,5.68,5.84,5.54,4.49,5.02,5.72,5.66,5.58,5.67,5.23,5.83,5.61,5.29,6.14,6.04,5.37,5.77,5.53,5.76,5.49,5.62,5.7,5.67,5.85
C6orf106,5.5,4.75,5.79,5.45,5.23,5.97,6.6,5.56,5.34,5.17,5.01,5.36,5.21,4.98,5.65,5.42,5.73,5.53,5.46,5.48,5.29,5.45,5.22,5.58,5.38,5.56,5.52,5.93,5.13,4.2,5.33,4.79,5.81,5.52,5.47,5.37,5.7,5.65,5.64,5.63,5.9,4.64,4.92,4.89,5.41,5.4,5.93,5.53,5.51,5.49
C6orf106,7.03,6.75,6.88,7.07,6.96,6.51,5.81,7.2,6.84,6.92,6.9,6.99,6.96,5.69,7.05,6.96,7.1,6.96,6.95,7.06,6.72,6.9,6.8,6.85,7.25,6.98,7.02,7.02,6.83,5.83,5.71,5.06,7.33,7.35,7.26,7.03,6.75,7.05,6.94,7.25,7.15,6.68,6.5,6.17,7.3,7.1,7.18,7.07,6.79,5.27
C6orf106,8.02,8.04,8.01,7.84,8.28,8.18,8.08,8.01,7.91,7.9,8.09,7.89,7.94,5.38,7.96,7.85,7.91,7.96,8.09,7.74,7.75,7.68,8.08,7.8,7.84,7.87,8.03,7.82,8.12,8.36,5.38,6.13,7.98,7.86,7.71,8.01,8.02,7.91,7.71,8.12,8.31,7.89,7.95,5.18,7.89,8.03,7.65,8.1,8.3,5.62
C6orf108,10.46,10.39,10.61,10.52,10.75,10.72,10.44,10.6,10.47,10.47,10.4,10.37,10.36,9.45,10.25,10.27,10.3,10.64,10.52,10.59,10.24,10.18,10.08,10.05,10.05,10.08,10.63,10.57,10.57,10.46,9.74,9.89,10.03,10.06,10.2,10.33,10.43,10.36,10.58,10.47,10.4,10.4,10.45,9.57,10.11,9.94,10.02,10.39,10.34,9.41
C6orf114,4.4,4.19,3.83,4.13,3.88,4.07,4.05,4.21,4.18,4.02,4.61,4.24,4.28,4.38,4.16,4.44,4.09,4.18,3.86,4.04,4.48,4.26,4.39,3.79,4.18,3.72,3.81,4.06,4,4.25,4.62,4.9,4.83,4.54,4.15,4.1,4,4.05,4.93,3.9,3.89,3.83,4.37,4.69,3.98,3.73,3.88,3.84,3.99,4.63
C6orf115,10.31,10.24,10.31,10.38,10.12,10.2,10.05,10.06,10.37,10.32,10.39,10.42,10.66,10.02,10.03,10.12,9.94,10.41,10.36,10.19,10.11,10.18,10.15,9.83,10.01,9.98,10.22,10.32,10.35,10.11,8.85,9.81,9.92,9.96,9.8,9.86,10.02,9.94,10.14,10.13,10.24,10.23,10.22,9.24,10.26,10.38,10.23,10.37,10.51,8.88
C6orf118,3.95,4.29,3.85,3.96,3.96,3.92,3.83,3.89,4.29,4.15,4.3,4.12,4.85,4.58,3.84,3.72,3.82,3.74,4.03,4.05,4.02,4.11,4.23,3.58,3.86,4,3.93,3.84,4.17,4.34,4.43,3.93,3.9,3.92,3.77,3.82,3.89,3.54,4.47,3.94,3.8,3.81,4.12,3.97,3.88,3.73,3.93,3.72,3.84,3.8
C6orf118,4,3.84,3.67,4,3.75,3.69,3.74,3.81,3.71,4.03,4.01,3.94,3.71,4.34,3.81,4.02,3.59,3.75,3.82,3.73,3.93,3.92,4.11,3.86,3.67,4.15,3.9,3.89,3.82,3.83,4.59,4.12,3.89,3.93,3.82,3.69,3.63,3.65,3.9,3.82,3.76,3.7,3.79,4.57,4.01,3.73,3.79,3.72,3.98,3.88
C6orf120,7.86,7.49,7.49,7.59,7.39,7.11,7.29,7.39,7.95,7.79,7.35,7.73,7.67,6.21,7.78,7.53,7.7,7.63,8.06,7.82,7.44,7.7,7.47,7.59,7.6,7.82,7.57,7.67,7.32,6.53,7.01,6.22,7.64,7.65,7.48,7.61,7.01,7.75,7.08,7.8,7.67,7.3,7.12,6.08,8.18,7.52,7.74,7.7,7.77,7.65
C6orf120,5.36,5.69,5.5,5.3,4.86,5.18,5.45,5.48,5.47,5.57,4.94,5.27,5.29,5.45,5.35,5.01,5.12,5.48,5.67,5.67,5.21,5.08,5.3,5.17,5.38,4.97,5.26,5.3,5.12,4.72,5.32,6.62,4.88,4.91,4.84,5.29,5.06,4.84,4.51,5.39,5.27,5.03,5.1,4.75,5.34,4.76,4.98,5.34,5.61,4.98
C6orf120,8.31,8.66,8.2,8.23,8.07,8,7.68,8.04,8.53,8.38,8.65,8.33,8.42,7.36,8.4,8.28,8.49,8.3,8.4,8.3,8.47,8.44,8.69,8.36,8.4,8.4,8.25,8.34,8.42,7.81,5.67,8.32,8.21,8.25,8.18,8.23,8.08,8.3,8.3,8.46,8.44,8.11,8.05,7.61,8.32,8.38,8.6,8.47,8.56,7.81
C6orf120,7.23,6.89,7.07,6.91,6.77,6.98,5.15,7.06,7.16,7.29,6.85,7.31,7.3,6.55,7.28,7.13,7.07,7.23,7.15,7.03,7.12,7.05,6.93,7.29,6.95,7.14,7.18,7.14,6.91,5.85,5.06,5.93,7.06,6.91,6.72,7,6.74,7.05,6.52,7.49,7.13,6.95,6.61,6.48,7.31,6.79,7.22,7.25,7.2,6.32
C6orf120,6.87,7.32,6.95,6.77,6.85,6.8,6.02,6.65,6.92,6.88,7.19,6.9,6.82,7.68,6.74,6.63,6.87,6.92,7.17,7.39,6.54,6.65,6.99,6.8,6.94,6.77,6.62,6.76,7.1,7.82,6.54,8.47,6.26,6.29,6.22,6.67,6.6,6.68,6.79,6.8,6.82,6.52,6.67,7.06,6.71,6.86,6.87,6.73,6.81,6.74
C6orf123,3.66,3.91,3.73,3.76,4.06,3.46,3.85,3.56,3.98,3.81,3.8,3.66,3.73,4.7,4,3.91,3.72,3.78,3.68,3.71,3.89,4.02,3.66,3.75,3.65,3.55,3.69,3.6,3.83,4.24,3.96,4.31,3.39,3.84,3.8,3.74,3.85,3.57,4.78,3.53,3.35,3.77,4.17,5.38,3.7,3.99,3.41,3.84,3.65,4.5
C6orf124,4.75,4.96,5.12,4.94,4.68,4.96,5.04,4.87,5.16,4.84,5.23,5.27,5.09,5.09,4.74,4.91,4.89,5.11,5.03,4.93,4.92,5.1,5.07,5.09,4.9,5.54,4.94,5.09,4.98,5.27,4.96,5.26,4.95,4.8,4.82,4.96,4.85,4.86,4.43,5.4,5.26,5.1,5.04,5.24,4.83,5.4,5.35,4.99,5.09,5.35
C6orf124,4.57,4.26,4.16,4.22,5.16,4.2,4.13,4.26,4.44,4.27,4.71,4.14,4.17,4.83,4.59,4.43,4.4,4.31,4.46,4.92,4.5,4.38,4.22,4.18,4.05,4.2,3.75,4.42,4.39,5.28,5.25,4.83,4.39,4.62,4.47,4.22,4.4,3.86,4.19,4.28,4.07,4.64,4.45,5.13,4.24,4.4,4.32,4.12,4.25,5.69
C6orf125,10.92,10.98,11.1,10.93,11.39,11.21,11.07,11.12,10.87,10.91,11.07,10.82,10.84,10.62,10.83,10.78,10.9,11.23,11.15,11.12,10.75,10.53,10.65,10.65,10.65,10.68,11.18,10.91,11.14,10.98,10.27,10.76,10.72,10.78,10.8,10.98,11.23,10.94,11.05,11.22,11.12,10.7,10.93,10.33,11.06,11.05,10.98,10.91,10.97,9.76
C6orf125,9.91,10.09,10.03,9.8,9.95,9.81,9.18,9.89,9.9,9.85,9.74,9.75,9.99,9.27,9.76,9.59,9.8,10.04,10.18,9.92,9.51,9.26,9.61,9.26,9.44,9.46,9.94,9.72,9.97,9.79,8.23,9.63,9.46,9.42,9.46,9.82,9.65,9.7,9.45,9.88,9.87,9.31,9.5,8.42,9.74,9.73,9.75,9.76,9.87,8.28
C6orf125,5.39,5.19,5.63,5.27,5.24,5.6,4.85,5.35,5.23,5.09,5.14,5.18,4.93,5.21,5.17,5.16,5.37,5.31,5.49,5.3,5.12,5.19,5.25,5.4,5.29,5.69,5.24,5.55,5.63,5.65,5.64,4.92,5.21,4.92,5.43,5.45,5.67,5.79,4.73,5.76,5.27,5.21,5.68,5.19,5.4,5.28,5.21,5.46,5.47,5.88
C6orf125,4.85,5.13,4.73,4.71,5.02,4.16,4.34,4.78,4.91,4.57,5.33,5.06,4.77,5.49,4.99,5.53,4.71,4.95,4.52,4.7,4.86,5.25,5.12,4.63,5.07,4.39,5.19,5.16,4.6,4.81,5.18,5.94,4.42,4.5,4.86,4.76,4.48,4.99,4.7,4.38,5,4.69,5.4,6.6,4.43,4.09,5.59,4.69,4.96,5.73
C6orf125,6.35,6.33,6.41,6.56,7.15,6.57,6.36,6.59,6.18,6.47,6.37,6.27,6,6.71,6.69,6.77,6.4,6.57,6.46,6.43,6.08,6.25,6.48,6.25,6.45,6.25,6.5,6.6,6.26,6.28,7.09,5.57,6.01,6.33,6.45,6.3,6.22,6.27,5.61,6.54,6.43,6.73,6.55,7.45,6.46,7.07,6.91,6.39,6.08,7.56
C6orf125,5.85,6.14,5.27,5.66,5.97,5.48,4.93,5.25,5.83,5.69,6.44,5.82,6.29,6.52,5.81,5.66,5.91,6.15,5.84,5.57,5.29,5.7,5.84,5.56,5.78,5.34,5.84,5.95,5.88,5,4.85,5.63,6.1,5.76,5.87,5.91,5.47,5.56,4.44,5.37,5.91,5.63,5.35,6.01,5.83,4.93,5.22,5.55,5.76,6.25
C6orf125,6.82,6.45,6.46,6.52,6.4,6.69,6.84,6.31,6.38,6.54,7.33,6.41,6.46,8.58,6.69,6.75,6.23,6.56,6.54,6.51,6.36,6.8,6.43,6.5,6.15,6.02,6.43,6.65,7.07,5.92,7.83,7,6.99,6.82,6.25,6.37,6.62,6.42,6.6,6.26,6.61,6.64,7.23,8.49,6.64,6.47,6.8,6.17,6.3,7.05
C6orf126,4.08,4.01,4.26,4.41,5.23,4.4,4.18,4.17,4.1,4.23,4.09,4.4,4.04,4.73,4.6,4.48,4.59,4.47,4.35,4.27,4.16,4.38,4.26,4.55,4.28,4.37,4.09,4.49,4.73,4.24,5.8,6.09,4.09,4.34,4.25,4.4,4.38,4.2,4.82,4.34,4.22,4.67,4.4,3.95,4.72,5.88,4.6,4.6,4.1,5.2
C6orf127,3.66,3.75,3.43,3.73,3.6,3.52,4.29,3.61,3.56,3.79,3.79,3.7,3.75,3.7,3.67,3.92,3.91,3.74,3.76,3.52,3.48,3.69,3.62,3.54,3.57,3.67,3.53,3.54,3.7,5.03,4.45,4.87,3.54,3.83,3.95,3.62,3.57,3.62,4.8,3.44,3.72,3.52,3.56,4.52,4.06,3.83,3.52,3.58,3.59,4.7
C6orf129,10.35,10.51,10.52,10.4,10.51,10.47,10.53,10.35,10.43,10.39,10.21,10.38,10.45,8.94,10.09,10.03,10.04,10.88,10.88,10.8,10.14,10.06,10.13,10.19,9.99,10.17,10.31,10.21,10.44,10.69,8.36,8,9.95,9.83,9.79,10.34,10.22,10.26,10.73,10.66,10.62,10.45,10.59,8.15,10.59,10.46,10.4,10.38,10.42,7.34
C6orf130,11.1,10.98,11.1,11.19,11.02,11,10.68,11.05,11.27,11.26,11.12,11.25,11.13,10.48,11.2,11.08,11.17,11.36,11.43,11.34,11.18,11.22,11.09,11.12,11.16,11.12,11.12,11.23,11.05,10.69,8.08,10.4,11.11,11.1,11.2,11.25,11.11,11.26,10.72,11.18,11.18,11.31,11.18,10.26,11.14,11.11,11.15,11.22,11.14,10.62
C6orf134,4.87,5,5.16,4.81,5.27,5.19,4.65,5.64,4.95,5.02,5.18,5.22,5.01,5.01,5.25,5.43,5.23,5.12,5.46,5.33,5.18,5.21,5.7,5.63,5.65,5.47,5.06,5.07,5.59,5.12,5.95,4.7,4.67,5.25,5.34,5.65,5.3,5.58,4.74,4.98,5.58,5.91,5.81,5.28,5.17,5.22,5.52,5.38,5.58,4.98
C6orf134,6.78,6.52,7.06,7.03,6.75,7.28,7.31,7.49,6.88,6.88,6.71,7,6.83,4.67,6.84,7.29,7.04,6.93,6.96,7.07,7.11,7.01,7.34,7.33,7.19,7.15,7.04,6.97,7,7.3,4.49,7.16,7.16,7.19,6.76,6.98,7.37,7.45,6.94,6.93,7.16,7.21,7.54,4.52,7.08,7.26,7,7.02,7.28,5.38
C6orf134,6.58,6.34,6.49,6.46,6.33,6.4,6.31,6.41,6.44,6.64,7.15,6.5,6.59,5.47,6.41,6.34,6.57,5.85,6.37,6.29,6.57,6.53,7.04,6.69,6.48,6.38,6.51,6.71,7.08,6.52,7.57,6.44,6.11,6.48,5.65,6.22,6.33,6.25,5.01,6.69,6.41,6.91,6.76,5.41,6.42,6.25,5.71,6.6,6.83,4.89
C6orf134,6.89,6.59,6.85,6.64,6.86,6.84,6.92,7.35,6.7,6.77,6.77,6.73,6.59,4.16,6.61,6.97,7,6.64,6.95,6.84,7.23,6.97,7.02,6.86,6.79,6.94,6.77,6.87,6.85,6.14,6.29,4.46,7.31,6.98,6.97,6.65,7.17,7.03,6.49,7.2,6.71,6.85,7.1,4.16,6.63,6.85,6.3,6.67,6.86,5.4
C6orf134,4.21,4.05,4.23,3.98,4.25,4.4,4.31,4.23,4.23,3.92,4.24,4.23,4.27,4.86,4.07,4.34,3.85,3.88,3.98,4.08,4.23,4.28,4.28,4.14,4.14,3.84,4.27,4.37,4,6.99,5.71,3.87,4.17,4.24,3.95,3.97,4.05,4.09,4.78,4.08,3.97,4.06,3.75,5.56,4.23,3.95,3.78,3.97,4.22,4.16
C6orf134,8.43,8.55,8.45,8.38,8.89,8.61,8.44,8.59,8.35,8.45,8.51,8.42,8.53,6.93,8.47,8.52,8.55,8.55,8.25,8.34,8.83,8.63,8.63,8.74,8.62,8.86,8.47,8.33,8.62,8.78,8.67,6.01,8.53,8.67,8.31,8.58,8.13,8.6,8.08,8.57,8.43,8.82,8.85,6.52,8.3,8.35,8.33,8.57,8.59,7.24
C6orf136,9.14,9.09,9.11,9.14,9.37,9.42,9.51,9.23,8.88,8.98,9.3,8.86,8.73,8.87,8.81,8.86,8.81,9.08,9.16,9.11,8.95,8.72,8.83,8.88,8.74,8.83,9.25,9.12,9.38,9.6,8.81,10.18,8.84,8.88,8.88,9.03,9.13,9.05,8.98,9.19,9.09,9.18,9.22,9.17,9.25,9.09,9.15,9,9.1,9.03
C6orf138,3.5,3.52,3.53,3.64,4.11,3.63,3.66,3.85,3.47,3.85,3.63,3.85,3.85,3.62,3.66,3.6,3.53,3.57,3.64,3.68,3.81,3.83,3.7,3.6,3.75,3.54,3.49,3.62,3.95,3.47,4.55,4.12,3.62,3.58,3.65,3.65,3.7,3.54,3.99,3.28,3.48,3.69,3.94,4.13,3.44,3.58,4.08,3.7,3.8,3.38
C6orf138,3.88,3.74,3.86,3.58,3.97,3.35,4.16,3.44,3.59,3.69,3.66,3.81,3.87,4.25,3.48,3.5,3.73,3.7,3.84,3.43,4.09,3.71,3.8,3.54,3.54,3.5,3.57,3.62,3.76,4.6,5.53,5.25,3.87,3.7,3.55,3.68,3.64,3.39,4.11,3.53,3.46,3.55,3.54,4.11,3.33,3.45,3.74,3.59,3.51,4.85
C6orf140,5.37,4.81,4.67,4.85,4.86,4.71,5.47,5.12,4.9,5.1,5.38,5.01,4.88,5.4,4.89,5,4.88,4.82,4.91,5.01,5.59,4.77,4.94,4.64,4.8,4.7,5.11,5.03,4.97,5.84,4.91,5.99,4.99,4.95,4.94,4.93,4.85,4.98,5.65,4.68,4.96,5.01,4.7,5.18,5.12,5.01,4.84,4.9,4.94,6.2
C6orf141,3.57,3.66,3.4,3.53,3.63,3.63,3.87,3.37,3.42,3.46,3.56,3.57,3.79,3.66,3.46,3.56,3.4,3.43,3.46,3.58,3.72,3.38,3.36,3.36,3.53,3.68,3.62,3.67,3.67,3.86,4.24,4.59,3.75,3.39,3.61,3.37,3.79,3.45,3.43,3.36,3.68,3.57,3.42,3.59,3.48,3.64,3.44,3.56,3.62,3.53
C6orf141,3.75,3.63,3.75,3.8,4.01,3.59,3.59,3.78,3.81,3.89,3.85,3.61,3.73,5.24,3.69,3.64,3.64,3.64,3.8,3.88,3.63,3.72,3.78,3.54,3.94,3.59,3.73,3.99,3.67,4.13,5.58,6.46,3.83,3.6,3.7,3.77,3.53,3.73,4.21,3.59,3.5,3.5,4.21,4.49,3.81,3.57,3.9,3.89,3.71,5.77
C6orf141,5.06,4.84,4.76,5.25,4.89,4.74,4.16,5.11,4.78,4.8,5.39,5.45,4.94,5.66,4.94,5.09,4.68,5.01,4.74,4.92,4.93,5.25,4.97,4.8,4.8,4.89,4.94,5,4.77,4.59,4.89,7.08,4.81,4.79,4.91,4.96,4.65,4.8,5.37,4.65,4.94,4.84,4.74,5.88,4.91,4.63,5.24,5.02,4.57,6.1
C6orf142,5.85,6.01,5.98,6.1,5.9,5.97,6.83,6.33,6.03,5.96,6.03,6.15,5.88,7.59,5.83,6.01,5.97,5.76,5.91,5.93,5.88,6.19,5.88,5.94,5.93,5.47,6.11,5.86,5.98,7.09,7.92,7.62,6,5.93,6.11,5.74,5.68,5.99,6.26,5.76,5.82,5.92,6.1,6.72,5.93,6.47,5.93,6,5.79,6.94
C6orf142,3.8,3.71,3.59,3.53,3.9,3.68,4.26,3.53,3.76,3.48,3.73,3.78,3.59,4.03,3.64,3.62,3.75,3.47,3.58,3.54,3.57,3.67,3.68,3.53,3.65,3.61,3.78,3.56,4.09,4.55,6.43,4.18,3.62,3.8,3.97,3.67,3.64,3.47,5.55,3.49,3.97,3.63,3.94,4.06,3.66,3.86,4.02,3.73,3.65,4.09
C6orf142,4.19,4.55,4.17,4.31,4.72,3.99,3.98,4.1,4.32,4.27,4.57,4.57,4.52,4.97,4.19,4.46,4.26,4.36,4.33,4.26,4.29,4.64,4.48,3.92,4.11,4.22,4.4,4.47,4.71,4.03,4.54,4.96,4.15,4.12,4.16,3.91,4.1,4.23,4.29,4.32,4.14,4.02,4.57,4.74,4.14,4.14,4.04,4.24,4.32,4.31
C6orf142 /// KIFC3,3.99,3.78,3.46,3.51,3.53,3.6,3.89,3.28,3.71,3.75,3.73,3.73,3.72,4.15,3.6,4.05,3.77,4.04,3.62,3.67,3.77,3.88,3.64,3.47,3.75,3.35,3.43,3.63,3.61,5.09,5.55,3.69,3.69,3.77,3.65,3.63,3.32,3.5,3.56,3.46,3.49,3.66,3.39,3.77,3.47,3.44,3.31,3.7,3.57,3.72
C6orf145,6.32,7.09,6.3,6.23,6.66,6.35,7.59,5.76,6.47,6.54,6.57,6.8,6.92,8.2,6.48,6.39,6.09,6.14,6.28,6.01,6.6,6.69,6.66,6.01,6.36,5.93,6.07,6.29,6.48,6.82,6.91,7.2,6.47,6.21,6.2,6.36,6.34,6.03,6.18,5.86,5.98,6.22,6.61,6.96,5.87,5.87,5.84,5.84,6.12,7.09
C6orf146,4.34,4.06,3.8,4.19,3.93,4.27,4.49,3.91,4.12,3.96,4.12,4.22,4.19,5.58,4.08,4.01,4.52,4.04,4,3.97,4.25,4.19,4.22,3.82,4.34,3.72,4.21,4.37,4.09,4,4.2,5.26,4.1,4.12,4.21,4.11,3.97,3.95,3.98,3.68,4.08,3.93,3.91,6.19,4.21,4,4.06,4.09,4.03,5.06
C6orf15,4.05,3.99,4.07,4.51,5.31,4.38,3.5,4.18,4.08,3.91,4.24,4.02,4.06,6.09,3.93,3.8,4.05,4.37,3.77,4.29,4.08,4.1,3.95,3.93,4.12,4.07,4.1,4.4,4.31,4.68,5.16,4.51,4,4.24,4.21,4.13,4.18,4.5,5.06,4.49,3.94,4.09,4.73,6.56,4.68,4.1,3.86,4.54,4.33,5.36
C6orf150,6.09,5.96,6.23,6.1,6.11,6.06,6.51,5.78,6.2,6.23,5.95,5.94,5.86,5.65,6.2,5.78,5.92,6.28,6.19,5.87,5.73,5.69,5.38,5.82,5.85,5.88,5.92,6.17,5.96,5.9,6.38,5.71,6.35,6.34,6.32,6.17,5.97,5.78,5.5,5.96,5.81,5.76,5.82,5.56,6.18,6.12,6.3,5.97,6,5.56
C6orf150,7.3,7,7.23,7.33,7.37,7.28,7.08,7.24,7.29,7.06,7.15,7.04,6.78,7.11,7.01,7.02,7.17,7.42,7.47,7.58,6.39,6.49,6.81,7.27,6.88,6.82,7.53,7.32,7.12,4.84,5.21,7.43,7.47,7.45,7.57,7.3,6.61,6.94,7.27,7.04,6.83,6.64,6.95,5.72,7.51,7.15,7.19,6.94,6.8,7.27
C6orf153,10.31,10.09,10.33,10.31,10.47,10.38,10.23,10.22,10.28,10.23,10.19,10.2,10.18,7.97,10.28,10.35,10.44,10.43,10.41,10.32,10.23,10.11,10.11,10.35,10.23,10.27,10.35,10.29,10.26,10.5,8.46,8.67,10.56,10.5,10.54,10.39,10.42,10.39,10.3,10.18,10.3,10.08,10.18,8.6,10.26,10.18,10.2,10.26,10.2,7.4
C6orf154,4.44,4.55,4.59,4.58,4.49,4.12,4.51,4.15,4.64,4.31,4.78,4.58,4.71,5.3,4.26,5.1,4.3,4.62,4.26,4.06,5.17,4.49,4.56,4.43,4.19,4.38,4.7,4.43,4.55,5.64,6.79,5.68,4.51,4.87,4.76,4.8,4.33,4.42,5.01,4.23,4.69,4.52,4.51,4.6,4.6,4.48,4.13,4.33,4.61,4.66
C6orf155,4.13,4.32,4.51,4.32,4.52,4.21,4.74,4.34,4.26,4.16,4.39,4.39,4.69,4.85,4.32,4.53,4.44,4.59,4.25,4.14,4.51,4.57,4.64,4.06,4.26,4.38,4.4,4.45,4.41,5.83,5.22,6.36,4.34,4.49,4.32,4.24,4.35,4.17,4.21,4.38,4.14,4.26,4.21,6.35,4.24,4.23,4.34,4.3,4.49,4.18
C6orf162,8.07,7.8,7.86,7.72,7.97,7.86,6.74,7.71,8.01,8.08,7.9,8.01,7.85,7.45,8.05,7.75,7.97,8.18,8.38,8.36,7.87,7.86,7.84,8.18,7.95,7.78,7.99,8,7.81,7.5,6.69,7.11,7.71,7.84,7.64,8,8.02,7.96,7.96,7.84,8.1,7.81,7.71,6.42,7.86,7.53,7.91,8.11,7.75,5.64
C6orf162,5.8,5.69,5.89,5.83,6.31,6.08,5.38,5.79,5.87,5.69,5.78,5.63,5.54,6.79,5.71,6.03,5.93,5.59,5.86,5.85,5.61,5.72,5.51,5.71,5.7,5.37,5.84,5.6,5.38,5.95,5.96,4.92,5.68,5.62,5.84,5.81,5.39,5.99,5.44,5.98,5.72,5.84,5.67,6.51,5.57,6.08,5.34,5.84,5.83,6.66
C6orf162,5.08,5.14,5.3,5.39,5.23,5.71,5.11,5.03,5.29,5.22,5.33,5.14,5.36,3.99,5.27,5.22,5.16,5.23,5.46,5.24,5.3,5.13,5.24,5.24,5.03,5.29,5.26,5.46,5.12,5.64,4.66,4.99,4.86,4.82,5.26,5.17,5.21,5.13,6.42,5.41,5.34,4.88,5.23,4.68,5.68,5.57,5.08,5.46,5.13,4.94
C6orf165,3.74,3.8,3.6,3.74,3.63,3.46,3.68,3.88,3.58,3.77,3.91,3.55,3.48,3.79,3.82,3.77,3.78,3.67,3.62,3.8,3.58,3.91,3.71,3.66,3.94,3.9,3.71,3.82,3.74,3.76,4.14,5.67,3.6,3.73,3.71,3.78,3.8,3.65,4.46,4.05,3.81,4.26,3.84,4.25,4.08,3.73,3.57,3.62,3.56,6.19
C6orf165,3.74,3.83,3.89,3.91,4.1,3.81,3.47,3.9,3.86,3.89,4.09,3.9,3.9,5.29,4.34,4.26,3.97,4.01,3.88,4.02,3.66,3.87,3.89,4.16,4.11,3.71,3.75,3.97,4.07,4.21,4.55,5.4,3.88,3.77,3.86,3.84,4.16,3.93,3.62,3.82,4.09,4.11,3.85,5,3.84,4.29,4.07,3.75,3.96,5.55
C6orf167,8.69,8.92,8.72,8.86,8.88,8.53,8.55,8.73,8.8,8.7,8.96,8.46,8.44,8.58,8.75,8.7,8.77,8.92,8.86,8.92,8.05,8.01,8.12,8.41,8.22,8.31,8.67,8.87,8.64,8.72,8.19,7.94,8.63,8.61,8.6,8.63,8.51,8.53,7.55,8.54,8.28,8.48,8.52,8.32,8.51,8.31,8.51,8.42,8.4,9.49
C6orf167,7.94,8.34,8.07,8,7.94,7.81,7.33,7.89,7.99,8.03,8.31,7.9,7.89,7.27,7.93,7.7,7.83,7.99,7.94,7.99,7.2,7.51,7.35,7.41,7.24,7.45,7.95,7.95,8.03,7.46,6.7,5.06,8.04,8.24,8.33,7.76,7.71,7.92,7.75,7.98,7.92,7.75,7.81,7.31,7.37,7.45,7.69,7.82,8.04,6.82
C6orf168,4.57,4.87,4.76,4.67,4.43,4.36,5.22,4.43,4.75,4.52,4.54,4.72,4.74,5.34,4.39,4.38,4.23,4.18,4.42,4.39,4.46,4.61,4.83,4.53,4.3,4.11,4.37,4.72,4.87,4.58,5.62,5.07,4.26,4.54,4.42,4.62,4.42,4.55,4.68,4.43,4.07,4.33,4.62,5.73,4.53,5.41,4.32,4.64,4.84,4.4
C6orf168,7.39,7.22,7.7,7.43,7.29,7.26,7.08,7.01,7.4,7.24,7.37,7.34,7.34,5.19,6.78,6.91,6.85,7.23,7.29,7.12,6.88,7.12,7.01,6.74,6.83,6.53,7.46,7.62,7.21,6.53,7.28,6.54,7.24,7.35,7.41,7.47,7.27,7.46,6.04,7.1,7.07,7.41,7.13,5.48,7.4,7.1,7.3,7.22,7.31,6.47
C6orf170,5.81,6.22,5.59,5.69,5.76,5.64,5.79,5.65,5.72,5.84,6.07,5.81,5.65,6.88,5.46,5.51,5.52,5.27,5.61,5.79,5.65,5.94,6.2,5.94,5.98,5.73,5.62,5.7,5.62,4.92,6.36,7.08,5.13,5.31,5.16,5.59,5.84,5.63,5.5,5.83,5.84,5.71,5.56,7.21,5.77,6.08,5.81,5.78,5.6,6.31
C6orf173,11.1,11.08,11.14,11.23,11.14,11.14,11.23,11.06,11.3,11.28,11.19,11.11,11.05,10.09,11.58,11.61,11.57,11.44,11.47,11.42,10.72,10.75,10.7,11.15,10.98,11.15,11.16,11.06,11.19,10.57,9.79,10.4,11.69,11.75,11.66,11.61,11.53,11.6,11.21,11.31,11.28,10.71,10.63,9.71,10.95,10.95,10.9,11.33,11.18,10.39
C6orf174 /// KIAA0408,4.28,4.54,4.47,4.67,4.36,4.65,4.46,4.26,4.51,4.34,4.39,4.32,4.75,5.18,4.35,4.2,4.14,4.2,4.36,4.05,4.38,4.41,4.66,4.22,4.27,4.11,4.41,4.33,4.45,4.69,4.5,4.7,4.2,4.31,4.11,4.2,4.56,4.11,4.38,4.24,4.5,4.35,4.29,4.07,4.89,4.79,4.3,4.65,4.31,4.15
C6orf174 /// KIAA0408,3.6,3.74,3.78,3.87,3.7,3.88,4.2,3.85,3.54,3.76,3.76,3.63,3.61,4.26,3.66,3.59,3.47,3.47,3.71,3.73,3.88,3.47,3.64,3.74,3.5,3.59,4.04,3.7,3.69,4.18,4.54,4.46,3.6,3.61,3.54,3.63,3.45,3.57,3.71,4,3.48,3.45,3.46,4.71,4.2,3.69,3.74,3.61,3.65,4.62
C6orf174 /// KIAA0408,6.85,7.07,7.17,6.92,7.15,6.61,6.5,7.17,6.95,7.15,7.05,6.97,6.6,6.24,7,6.99,7.19,7.19,7.17,7.21,7,6.73,6.94,6.98,6.86,7.02,6.98,7.25,7.01,7.04,5.4,5.92,6.99,6.86,6.84,7.13,7.08,7.14,6.73,7.29,7.29,7.34,7.54,6.99,7.85,7.96,7.78,7.23,7.33,5.14
C6orf176,4.57,4.55,4.4,4.4,4.45,4.37,4.52,4.26,4.55,4.36,4.8,4.32,4.33,4.55,4.44,4.34,4.35,4.7,4.32,4.51,4.62,4.44,4.85,4.71,4.22,4.49,4.62,4.55,4.49,4.19,5.29,4.98,4.54,4.51,5.17,4.42,4.35,4.35,4.83,4.48,4.3,4.7,4.17,5.82,4.77,4.54,4.79,4.53,4.64,4.71
C6orf176,4.17,4.44,4.42,4.39,4.47,4.9,4.28,4.02,4.31,4.62,4.72,4.69,4.43,6.79,4.22,4.28,4.37,4.36,4.35,4.22,4.87,4.66,4.66,4.22,4.19,4.28,4.55,4.63,4.51,5.23,6.75,5.92,4.3,4.43,4.49,4.19,4.57,4.25,5.2,4.32,4.22,4.85,4.34,4.51,4.55,4.49,4.2,4.42,4.49,5.07
C6orf182,6.77,6.98,6.76,6.71,6.7,6.56,7.21,6.71,7.03,6.82,7.31,6.93,6.8,6.75,6.94,6.51,6.96,6.86,7.1,7.01,6.32,6.24,6.75,6.67,6.75,6.61,6.87,7.02,6.9,6.48,6.86,7.18,7.23,7.06,6.84,6.96,6.79,6.85,6.48,6.86,6.85,6.65,6.51,6.81,6.93,6.46,6.63,7.07,7,7.25
C6orf182,6.7,6.9,6.81,6.74,6.48,6.75,6.58,6.14,6.73,6.72,6.85,6.8,6.73,5.8,6.9,6.91,6.79,6.55,6.67,6.73,6.27,6.64,6.33,6.85,6.72,6.66,6.76,6.75,6.72,6.36,6.17,5.63,7.14,7.24,6.99,6.81,6.73,6.77,6.24,6.77,6.56,6.08,6.2,5.92,6.3,5.99,6.06,6.72,7.03,5.62
C6orf182,5.11,4.95,5.04,5.38,5.58,5.82,4.91,5.01,5.01,4.99,5.27,4.92,5,4.91,5.08,5.3,4.97,5.48,5.34,5.49,4.93,4.97,5.12,4.94,5.2,5.16,5.21,4.98,5.27,5.41,4.61,5.54,4.9,5.18,5.01,5.65,4.92,5.43,4.67,5.21,5.62,4.67,5.12,5.29,4.85,5.21,5.42,4.97,5.43,5.89
C6orf184,3.96,3.88,4.12,3.86,4.11,3.97,4.91,4.49,3.96,4.01,3.98,4,3.83,4.39,3.97,3.78,3.63,3.87,3.81,3.95,4.1,4,3.89,3.95,3.96,4.12,3.86,3.79,4.1,5.06,6.03,5.39,4.16,3.76,3.77,3.9,3.82,3.88,4.22,4.11,4.18,3.91,3.97,5.81,4.22,3.99,4.14,3.66,4.25,4.58
C6orf186,3.99,4.12,4.03,3.8,4.29,3.99,4.07,3.83,4.09,4.25,3.9,4.09,4.05,4.03,3.77,3.85,4.05,4.21,3.82,4,4.09,4.14,4.19,4.09,3.81,4.3,3.9,4.04,4.4,3.86,4.39,5.58,4.06,4.02,3.98,3.75,4.13,4.02,4.63,3.9,3.87,3.84,4.07,4.6,4.07,4.26,3.98,4.02,4.2,4.82
C6orf191,4.22,4.31,4.62,4.26,4.42,4.3,4.53,4.88,4.39,4.77,4.73,4.43,4.47,5.4,4.26,4.16,4.37,4.45,4.17,4.66,4.3,4.68,4.15,4.44,4.23,4.14,4.47,4.67,4.24,5.56,4.46,4.26,4.25,4.54,4.62,4.39,4.14,4.34,4.33,4.43,4.5,4.62,4.53,4.97,4.18,4.16,3.93,4.22,4.5,5.73
C6orf192,3.67,3.49,3.73,3.73,3.39,3.6,3.47,3.66,3.8,3.89,3.74,3.82,3.77,3.98,3.63,3.61,3.58,3.94,3.74,3.78,3.56,3.94,3.72,3.67,3.82,3.88,3.86,3.93,3.98,3.53,4.21,3.6,3.53,3.57,3.92,3.69,3.68,3.89,3.3,3.82,3.91,3.63,3.77,4.27,3.79,3.64,4.41,3.69,3.8,3.55
C6orf192,5.32,5.41,5.75,5.73,5.85,5.3,5.46,4.61,5.49,5.54,5.63,5.1,5.5,7.5,5.29,5.67,5.19,5.13,5.41,5.25,5.4,5.49,5.63,5.08,5.29,5.37,5.29,5.6,5.57,5.34,5.84,5.74,5.1,5.07,5.36,5.1,5.4,5.14,5.69,5.11,4.87,5.22,5.08,6.96,5.61,5.19,5.68,5.51,5.52,6.43
C6orf192,4.8,4.66,4.96,4.82,5.15,4.46,4.17,5.01,4.83,4.95,5.4,4.68,4.43,5.44,4.8,4.7,4.86,4.79,5.03,4.54,4.51,4.79,4.87,4.86,5.13,4.82,4.52,4.72,4.63,4.36,6.64,6.57,4.53,4.67,4.76,4.8,4.34,4.72,4.08,4.52,4.68,4.86,4.3,5.44,4.71,4.45,4.38,5.3,4.42,6.38
C6orf195,3.87,3.75,4.39,4.02,3.97,3.6,4.13,4.15,3.9,4.11,4.12,3.89,3.77,4.56,4.03,4.07,3.9,4.42,4.07,4.08,3.85,4.03,3.9,4.08,4.23,3.91,4.22,4.12,4.08,5.25,6.61,5.91,3.79,3.9,3.85,3.71,4.22,4.06,4.89,3.88,4.09,4.3,4.45,4.74,4.25,4.33,4.45,3.88,3.69,5.47
C6orf201,3.88,3.74,3.42,3.83,4.13,3.74,3.83,3.84,3.63,3.72,3.59,3.65,3.76,5.5,3.95,3.45,4,3.32,3.34,3.59,3.52,3.56,3.45,3.58,3.48,3.79,3.47,3.5,3.75,3.89,6.29,4.01,3.72,4.01,3.69,3.61,3.84,3.85,3.56,3.51,3.6,3.48,3.46,5.15,3.26,3.54,3.77,3.58,3.46,4.24
C6orf201,3.7,3.58,3.96,3.45,3.99,3.72,3.44,3.83,3.54,3.62,3.54,3.64,3.71,4.46,4.52,3.56,3.93,4,3.76,3.68,3.72,3.44,3.5,3.8,3.89,3.65,3.79,3.7,3.82,4.19,4.51,4.67,3.52,3.62,3.44,3.47,3.49,3.88,4.17,3.84,3.68,3.82,3.74,5.24,3.49,3.72,3.59,3.56,3.66,4.77
C6orf203,8.86,8.68,8.82,8.75,8.83,8.76,8.31,8.73,8.82,8.9,8.87,8.8,8.94,7.76,8.72,8.59,8.84,9,8.92,8.92,8.78,8.82,8.84,8.69,8.72,8.68,8.81,8.74,8.75,8.41,7.53,7.37,8.5,8.57,8.52,8.73,8.64,8.76,8.73,8.89,8.83,8.52,8.42,7.02,8.8,8.77,8.9,8.93,8.92,7.4
C6orf204,4.68,4.21,4.29,4.39,4.29,4.36,5.64,4.45,4.28,4.54,4.86,4.09,4.09,3.91,4.92,4.93,5.15,3.96,4.14,4.4,4.83,4.84,4.93,4.89,4.99,4.57,4.43,4.65,4.62,3.84,4.33,3.87,5.25,4.98,5.28,5.31,5.4,4.74,3.89,4.14,4.6,4.58,4.55,4.45,5,4.72,4.4,4.19,4.41,3.94
C6orf204,4.75,4.5,4.47,4.29,4.59,4.38,5.21,4.17,4.27,4.5,4.95,4.68,4.92,4.66,4.62,4.59,4.74,4.59,4.2,4.53,4.87,4.93,4.93,4.58,4.41,4.91,4.37,4.35,4.48,5.05,5.36,5.86,5.06,5.48,4.97,4.45,5.27,4.65,4.6,4.49,4.38,4.63,4.22,5.37,4.34,4.54,4.27,4.33,4.31,4.62
C6orf204,5.34,5.53,5.25,5.63,5.19,4.55,5.51,4.99,5.45,5.46,5.3,5.4,5.31,4.91,6.03,6.41,5.56,5.51,5.33,5.6,5.68,5.98,5.69,6.28,5.93,6.02,4.99,5.68,5.29,5.12,6.05,5.07,6.57,6.57,6.97,6.34,5.36,6.02,6.04,5.37,5.61,5.13,5.03,5.03,5.39,5.5,5.14,5.42,5.75,5.2
C6orf204,5.2,5.16,4.97,5.04,5.04,5.07,5.2,5.08,5.09,5,4.96,4.98,5.22,5.7,5.41,5.75,5.81,4.89,5.1,4.99,5.17,5.14,5.34,5.31,5.48,5.87,4.93,5.35,5.35,6.01,5.94,5.97,5.66,6.12,5.73,5.97,5.67,5.68,5.62,4.99,5.52,5.23,5.01,6.07,4.92,5.28,5.46,5.25,5.21,5.46
C6orf204,8.81,9.08,8.78,8.74,8.55,9,8.85,8.53,8.71,8.85,9.3,9.11,8.93,8.71,9.25,9.6,9.35,8.58,8.68,8.42,9.14,9.2,9.49,9.39,9.39,9.44,8.49,8.81,8.9,8.32,5.22,7.71,9.78,9.66,9.65,9.36,9.47,9.23,8.76,9.07,9.08,8.97,8.61,8.95,8.7,8.89,8.84,8.86,8.73,8.53
C6orf204,3.47,3.54,3.44,3.59,3.75,4.01,5.31,3.54,3.78,3.67,3.69,3.53,3.51,3.73,3.96,3.71,3.91,3.48,3.51,3.39,3.49,3.44,3.68,4.02,3.6,3.88,3.56,3.56,3.4,4.23,3.64,3.65,3.69,3.55,3.77,3.66,3.68,3.79,4.04,3.72,3.4,3.86,3.83,5.49,3.67,3.81,3.49,3.78,3.45,4.94
C6orf211,8.39,8.74,8.2,8.4,7.74,7.88,7.09,7.78,8.72,8.19,8.59,8.4,8.61,7.03,8.16,8,8.3,8.28,8.35,8.43,8.28,8.26,8.63,8.1,8.04,8.37,8.25,8.28,8.45,8.15,5.98,5.92,8.01,7.96,8.12,7.97,7.86,7.97,7.28,8.25,8.13,7.85,7.88,7.87,8.04,7.77,7.98,8.42,8.31,7.23
C6orf211,8.57,8.24,8.38,8.57,8.06,7.84,7.86,8.16,8.53,8.55,7.95,8.62,8.38,7.24,8.6,8.32,8.38,8.58,8.7,8.72,8.45,8.45,7.99,8.58,8.42,8.42,8.36,8.45,7.76,6.74,7.37,5.45,8.54,8.59,8.46,8.36,8.13,8.48,8.01,8.14,8.18,7.93,7.79,6.65,8.2,8.07,8.2,8.45,8.21,6.01
C6orf218,4.02,4.26,3.99,4.22,4.12,3.92,4.78,3.62,4.02,4.06,4.15,4.1,4.19,6.61,3.95,4.28,4.12,4.19,4.35,4.24,4.14,4.2,4.39,3.83,4.6,4.03,3.91,4.15,4.11,6.23,4.65,5.83,3.99,4.1,3.99,4.3,3.77,4.23,4.57,3.98,3.89,3.97,3.97,4.33,4.14,4.2,4.77,4.2,3.92,5.12
C6orf221,3.62,3.75,3.68,3.62,3.87,4.04,4.13,4.12,3.72,3.72,3.93,3.65,3.88,3.8,3.68,3.64,3.47,3.52,3.73,3.8,3.67,3.81,3.77,3.71,4.1,3.77,3.74,3.65,4.04,4.19,5.79,4.39,3.67,3.6,3.56,3.77,3.68,3.63,3.69,3.65,4.02,3.71,3.6,4.81,3.58,4.01,4.08,4.02,3.71,3.5
C6orf222,4.14,4.67,4.03,4.59,4.52,4.21,4.94,5,4.31,4.38,4.35,4.23,4.2,4.91,4.54,4.67,4.33,4.02,4.14,4.19,4.57,4.46,4.26,4.26,4.35,4.07,4.32,4.45,4.29,3.98,5.67,5.21,4.35,4.47,4.44,4.24,4.16,3.99,5.29,4.12,4.11,4,4.22,4.26,4.06,4.56,4.42,3.94,4.26,4.92
C6orf222,3.96,3.7,3.87,4,3.89,3.58,4.51,3.99,3.79,3.9,3.83,3.72,3.79,4.91,4.1,3.91,3.88,3.81,3.62,3.77,4.17,4.03,3.7,3.7,4.01,3.76,3.99,3.75,4.23,5.28,3.92,4.45,4.01,4.15,4.13,3.95,4.22,3.79,4,3.91,3.93,4.03,3.94,3.67,4.19,3.82,3.81,4.02,3.87,4.13
C6orf223,5.59,5.35,5.63,5.74,5.94,5.92,5.46,5.97,5.47,5.59,5.65,5.47,5.32,5.98,5.38,5.57,5.26,5.7,5.6,5.57,5.32,5.58,5.57,5.43,5.58,5.36,5.77,5.86,5.59,5.98,7.93,5.61,5.5,5.52,5.32,5.47,5.19,5.59,5.24,5.77,5.63,5.72,5.3,7.5,5.48,5.75,5.47,5.45,5.55,7.08
C6orf223,5.24,5.13,5.38,5.38,5.95,5.65,4.97,5.23,5.42,5.07,5.39,5.17,5.13,7.05,5.43,5.29,5.14,5.31,5.29,5.44,5.24,5.45,5.37,5.33,5.49,5.3,5.21,5.44,5.35,5.07,7.25,6.94,5.22,4.93,5.41,5.14,5.41,5.28,5.18,5.53,5.33,5.59,5.79,5.47,5.56,5.64,5.37,5.45,5.52,6.73
C6orf225,6.56,6.58,6.94,6.47,6.89,6.65,6.14,6.65,6.79,6.77,6.68,6.86,6.46,4.3,6.57,6.82,7.04,7.14,7.34,7.09,6.46,6.77,6.8,7.07,6.96,6.79,6.76,6.86,6.77,6.05,6.54,5.7,6.67,6.65,6.59,6.88,6.76,7.06,6.88,7.15,6.92,6.61,6.17,4.4,7.32,7.21,7.23,7.03,6.67,4.08
C6orf225,8.88,9.13,8.98,9.01,9.35,8.99,8.39,8.8,9.1,8.83,9.25,9.15,9.18,7.87,9.34,9.29,9.31,9.33,9.42,9.41,9.31,9.12,9.48,9.06,9.27,9.15,9.17,9.04,9.35,8.64,7.23,6.98,8.85,8.89,8.8,9.38,9.25,9.26,8.15,9.42,9.24,9.08,9.13,8.65,9.81,9.61,9.58,9.33,9.27,8.34
C6orf225,3.69,3.7,3.87,3.58,4.61,3.54,5.78,3.92,3.69,3.96,3.72,3.59,3.98,4.5,3.69,3.71,3.88,3.85,3.82,3.92,4.07,3.83,3.64,3.73,3.97,3.65,3.84,3.61,3.75,6.05,4.39,4.71,3.56,3.63,3.8,3.79,4.13,3.8,4.12,3.75,3.76,4.07,4,4.07,4.32,4.18,4.11,3.84,4.34,4.27
C6orf226,7.22,7.31,7.51,7.52,7.67,7.5,7.75,7.43,7.48,7.61,7.34,7.44,7.07,6.96,7.83,7.85,7.68,7.94,8.22,7.78,7.56,7.67,7.72,7.98,8.06,7.8,7.38,7.38,7.36,6.57,6.22,7.02,7.2,7.29,7.45,7.99,7.64,7.92,7.1,7.38,7.31,7.58,7.77,7.05,7.81,7.53,7.4,7.51,7.43,6.83
C6orf227,5.09,4.85,4.79,5.11,4.79,5.15,5.3,4.73,5.02,4.78,5.06,5.13,4.76,5.1,4.65,4.82,4.76,4.93,4.56,4.81,4.91,4.95,4.94,4.76,4.93,4.91,4.94,4.9,4.58,5.31,5.84,4.64,4.5,4.84,5.31,4.69,4.85,4.62,5.81,4.7,4.96,5.19,5.07,5.76,5,5.02,4.97,4.88,4.78,4.76
C6orf25,4.27,4.27,4.31,4.48,4.73,4.25,4.14,4.9,3.97,4.67,4.79,4.2,4.34,5.99,4.32,4.55,4.48,4.28,4.33,4.41,4.2,4.47,4.16,4.64,4.5,4.6,4.58,4.44,4.17,4.23,5.36,5.2,3.95,4.1,4.35,4.19,4.11,4.49,4.55,4.57,4.08,4.21,4.27,5.42,4.33,4.6,4.64,4.57,4.43,5.81
C6orf25,4.08,4.09,4.13,4.25,3.78,4.03,4.61,3.8,3.82,4.1,4.33,4.17,4.08,5.05,4.03,4.03,4.15,4.37,4.02,4.04,3.74,4.07,4.16,4.1,4.33,4.08,4.04,4.04,4.27,4.15,5.01,5.75,3.74,4.05,4.41,4.17,3.73,3.83,4.36,3.8,4.15,4.21,3.85,4.12,4.15,4.33,4.07,4.31,4.14,4.09
C6orf26 /// MSH5,7.81,7.38,8.01,7.96,7.85,7.81,7.79,8.03,7.69,7.96,7.86,7.68,7.28,6.8,7.53,7.87,7.66,7.74,7.76,7.93,7.05,7.46,7.59,7.53,7.43,7.3,7.98,7.76,7.68,7.35,7.39,7.9,7.35,7.8,7.59,7.84,7.86,7.92,6.99,7.95,7.95,8.21,8.08,6.04,7.57,7.68,7.74,7.77,7.97,6.12
C6orf26 /// MSH5,7.65,7.57,7.87,7.99,7.86,7.96,7.17,8.01,7.65,7.98,8.06,7.69,7.56,6.77,7.73,7.94,7.65,7.78,7.91,7.91,7.43,7.41,7.53,7.5,7.36,7.2,7.77,8.01,7.77,7.35,7.5,7.57,7.49,7.79,7.94,7.88,7.91,7.97,7.17,8.07,7.91,8.29,8.11,6.63,7.47,7.49,7.75,7.75,8.18,7.49
C6orf26 /// MSH5,7.37,7.04,7.47,7.55,7.51,7.62,7.25,7.98,7.14,7.45,7.49,6.91,6.82,7.55,7.12,7.34,7.11,7.27,7.51,7.47,7.03,6.89,7.04,7.09,7.29,7.02,7.3,7.18,7.31,7.1,6.33,6.82,7.15,7.13,7.37,7.44,7.39,7.48,6.21,7.72,7.53,8.04,7.9,6.76,7.5,7.45,7.15,7.17,7.38,7.18
C6orf26 /// MSH5,8.83,9.06,9.03,9.06,9.27,9.42,9.32,9.02,8.86,8.94,9.29,8.79,8.67,8.98,8.76,8.67,8.7,8.98,8.88,9.04,8.13,8.18,8.48,8.23,8.31,8.34,8.93,8.98,9.43,9.78,8.31,9.15,8.23,8.35,8.36,8.73,8.85,8.79,8.68,9.06,9.07,9.44,9.47,9.3,8.83,8.96,8.62,8.95,9.09,8.07
C6orf27,4.17,4.22,4.46,4.55,4.54,4.31,4.9,4.69,4.16,4.37,4.55,4.42,4.11,4.85,4.15,4.34,4.09,4.09,4.28,4.56,4.17,4.48,4.38,4.35,4.66,4.23,4.49,4.5,4.44,3.68,5.59,4.81,4.32,4.11,4.34,4.33,3.98,4.61,4.11,4.19,4.18,4.48,4.42,4.89,4.26,4.56,4.29,4.39,3.92,5.99
C6orf27,3.81,4.2,3.96,3.73,3.64,4.05,3.58,3.97,3.81,3.92,4.04,4.27,4.13,4.74,3.82,3.76,3.54,3.9,3.84,3.94,4,4.04,3.98,3.69,4.33,3.7,3.92,3.85,3.99,3.91,5.15,4.87,3.96,3.89,4.04,3.75,3.79,3.86,3.87,3.86,3.84,4.19,3.88,4.87,3.93,3.81,4.12,3.9,3.94,4.02
C6orf35,5.83,5.61,6.35,5.55,5.57,5.37,5.13,5.66,5.52,5.91,6.04,5.78,5.44,6.01,6.23,6.22,6.17,6.1,6.26,5.75,5.72,5.87,5.9,6.32,6.27,5.74,5.58,5.94,5.44,4.83,6.08,5.73,5.8,5.73,5.57,6.15,6.58,6.07,5.18,5.82,6.41,5.56,5.99,6.28,5.82,5.77,5.96,5.77,5.56,6.82
C6orf35,5.72,5.93,5.85,5.93,5.94,5.8,5.72,5.77,5.9,5.67,6.22,5.68,5.42,5.69,5.91,5.42,5.98,5.44,5.76,5.76,5.65,5.54,5.92,6.11,6.08,5.49,5.83,5.73,6.05,5.17,5.62,6.16,5.6,5.19,5.52,5.71,5.71,5.51,5.17,6.01,6.21,6.01,6.56,6.22,5.53,5.32,5.89,5.48,5.47,6.96
C6orf35,8.28,8.19,8.41,8.35,8.29,8.3,7.83,8.15,8.32,8.37,8.12,8.25,8.28,6.56,8,8.01,8.33,8.08,8.33,8.08,8.33,8.11,8.09,8.1,7.96,8.33,8,8.23,8.27,7.85,8.1,7.79,7.88,7.77,7.63,7.89,8.04,8.1,8.71,8.01,8.46,8.06,8.27,7.15,8.18,8.35,8.03,8.24,8.37,7.53
C6orf35,8.01,8.02,8.34,8.2,8.46,8.09,7.34,8.44,8.24,8.33,8.15,8.42,8.03,7.53,8.46,8.49,8.5,8.4,8.21,8.33,8.24,8.45,8.12,8.62,8.7,8.56,8.29,8.29,8.03,8.42,5.55,7.68,7.88,8.09,8.07,8.58,8.38,8.48,7.32,8.45,8.38,8.46,8.32,8.13,8.31,7.88,8.41,8.39,8.28,8.16
C6orf35,4.16,4.32,4.18,4.54,4.41,4.07,4.81,4.32,4.3,4.74,4.38,4.4,4.17,4.4,4.26,4.33,4.32,4.84,4.53,4.22,4.41,4.37,4.17,4.53,4.33,4.32,4.25,4.79,4.3,4.51,3.74,5.55,4.35,4.41,4.47,4.3,4.23,4.63,4.15,4.75,4.2,4.77,4.58,5.53,4.47,4.29,4.86,4.43,4.62,6.23
C6orf47,7.24,7,7.29,7.19,7.07,7.71,7.27,7.14,7.18,7.22,7.09,7.19,6.94,6.08,7.32,7.26,7.35,7.39,7.49,7.24,7.13,7.02,6.95,7.32,7.32,7.16,7.44,6.91,7.32,6.69,6.27,6.23,7.4,7.43,7.22,7.48,7.08,7.2,6.69,7.62,7.49,7.51,7.66,4.98,7.04,7.24,7.14,7.41,7.42,7.31
C6orf48,11.77,11.71,11.85,11.77,11.75,11.7,11.61,11.86,11.77,11.84,11.77,11.92,11.82,11.04,12.63,12.77,12.62,11.54,11.62,11.46,12.08,12.13,11.96,12.51,12.54,12.52,11.75,11.74,11.82,11.64,10.54,11.06,12.8,12.84,12.74,12.7,12.66,12.81,11.75,11.88,11.78,12.47,12.41,11.63,11.73,11.76,11.83,11.85,11.83,10.82
C6orf48,11.5,11.52,11.56,11.5,11.37,11.45,11.37,11.46,11.53,11.61,11.48,11.64,11.56,9.94,12.37,12.51,12.38,11.23,11.31,11.21,11.83,11.76,11.66,12.2,12.27,12.33,11.44,11.49,11.55,11.5,9.39,9.49,12.44,12.54,12.5,12.41,12.31,12.48,11.21,11.5,11.55,12.33,12.25,10.91,11.45,11.59,11.46,11.57,11.55,10.49
C6orf48 /// SNORD48,7.72,7.72,7.9,7.95,7.61,7.47,6.7,7.65,7.85,7.91,7.78,7.74,7.43,5.93,7.46,6.69,7.42,7.56,7.37,7.48,7.25,7.44,7.46,7.47,7.46,7.53,7.86,8.12,7.9,7.42,5.65,5.19,6.63,7.24,7.01,7.31,7.12,7.44,6.54,7.88,7.65,7.72,7.51,6.33,8.09,7.52,7.83,7.86,7.8,6.22
C6orf52,6.74,6.92,7.1,6.93,7.18,7.25,6.55,7.11,6.48,6.77,6.98,6.87,6.82,6.3,7.41,7.27,7.42,7.27,7.18,7.14,7.27,6.78,6.97,7.43,7.29,7.26,6.87,6.79,7.08,5.04,5.53,5.93,6.73,7.08,6.93,7.29,7.47,7.22,7.66,7.42,7.19,7.22,7.49,6.47,7.94,7.83,7.45,7.04,7.1,5.85
C6orf54,5.11,4.9,5.16,4.78,5.5,5.22,5.05,5.51,5.25,5.31,5.2,4.84,4.84,5.02,5.22,5.5,5.39,5.21,5.28,5.19,5.15,4.85,4.94,5.52,5.65,5.03,4.94,5.35,4.8,5.94,4.77,3.77,4.65,4.89,4.93,5.25,4.55,5.13,3.99,5.41,5.51,5.44,5.81,6.06,4.56,5.79,5.57,5.45,5.29,5.78
C6orf54,3.72,3.61,3.74,4.14,3.89,3.86,4.27,4.63,3.72,3.87,3.81,3.69,3.59,4.26,3.98,4.12,4.04,3.8,3.76,3.65,3.44,3.76,3.71,3.98,3.73,4,4.06,3.8,3.82,5.3,6.5,6.44,3.85,3.43,3.72,3.64,4.34,3.96,4.89,3.74,3.82,3.92,4.07,4.88,3.69,3.62,4.08,4.21,4.1,4.09
C6orf54,5.37,5.1,5.27,5.33,5.37,5.59,6.16,5.27,5.23,5.08,5.25,5.29,5.31,5.77,5.05,5.13,5.26,5.18,5.3,5.09,5.06,5.54,5.31,5.06,5.39,4.96,5.09,5.33,5.43,5.83,5.72,4.97,5.33,5.13,5.41,5,4.89,5.53,5.72,4.98,5.29,5.12,5.8,5.02,5.03,4.86,5.35,5.28,5.28,7.2
C6orf54,4.28,4.42,4.13,4.43,4.25,4.5,5.6,4.54,4.36,4.3,4.42,4.28,4.3,4.23,4.79,4.54,4.59,4.39,4.34,4.34,4.7,4.53,4.4,4.31,4.37,4.7,4.62,4.2,4.38,4.36,6.29,4.52,4.34,4.48,4.33,4.31,3.96,4.36,4.74,4.44,4.17,4.43,4.82,4.25,4.36,4.9,4.63,4.39,4.36,3.99
C6orf57,7.79,7.79,8.07,7.88,7.89,8.42,7.4,7.79,7.9,7.89,7.72,7.73,7.74,7.52,8.32,8.03,8.25,8,8.09,8.03,8.19,8.02,7.8,8.35,8.36,8.29,8.04,7.87,7.67,7.36,7.12,7.67,7.96,7.72,8.24,8.33,8.15,8.08,8.1,8,8.07,7.26,7.37,7.58,7.94,7.62,7.54,7.89,7.64,6.19
C6orf57,6.17,6.23,6.56,6.26,6.67,6.61,6.49,6.19,6.15,6.19,6.52,6.32,6.29,6.16,6.75,6.32,6.7,6.57,6.41,6.33,6.49,6.65,6.49,6.4,6.52,6.71,6.65,6.57,6.3,6.36,7.17,7.58,6.47,6.42,6.37,6.97,6.86,6.55,6.34,6.13,6.32,6.6,6.67,7.26,6.57,6.6,6.27,6.44,6.28,7.56
C6orf58,4.85,4.57,4.65,4.74,4.93,4.75,4.21,4.35,4.83,4.67,4.81,4.66,4.27,4.2,4.85,4.7,5.08,5.56,5.78,5.42,4.41,4.36,4.22,4.86,4.14,4.7,5.2,4.89,5.13,4.52,4.25,4.66,4.49,4.64,4.61,4.89,4.84,4.94,5.88,4.32,5.07,4.52,4.42,4.62,6.17,5.8,5.87,4.52,5.04,4.16
C6orf62,11.2,11.23,10.99,11.16,10.88,10.97,10.68,10.95,11.24,11.07,11.13,11.2,11.51,10.39,10.89,11.02,10.98,10.85,10.77,10.67,11.45,11.44,11.61,11.01,10.95,11.17,11.08,10.99,11.23,10.83,8.65,10.05,11.01,11.04,10.97,10.84,10.94,10.93,10.6,10.91,11.18,11.16,11,10.39,10.98,11.01,11.09,11.16,11.42,10.23
C6orf62,10.77,10.63,10.52,10.55,9.99,9.98,10.05,10.32,10.58,10.62,9.9,10.65,10.89,9.27,10.33,10.45,10.6,10.26,10.22,10.39,11.02,10.74,10.45,10.48,10.41,10.66,10.45,10.42,10.12,8.5,7.31,7.56,10.66,10.52,10.5,10.09,10.14,10.43,9.94,10.42,10.27,10.01,10.14,7.3,10.7,10.17,10.46,10.53,10.48,10.05
C6orf62,11.71,11.5,11.56,11.54,11.04,10.91,11.28,11.46,11.62,11.72,11.06,11.71,11.72,10.66,11.56,11.55,11.63,11.29,11.28,11.25,11.87,11.79,11.46,11.6,11.63,11.68,11.49,11.6,11.07,9.51,8.96,8.64,11.61,11.64,11.64,11.37,11,11.49,11.21,11.44,11.3,11.02,11.07,9.86,11.56,11.28,11.53,11.61,11.39,11.42
C6orf64,7.73,7.37,7.78,7.79,7.97,7.97,7.88,7.9,7.72,7.9,7.9,7.73,7.43,7.64,7.51,7.49,7.44,7.76,7.87,7.53,7.49,7.85,7.62,7.66,7.99,7.54,7.85,7.76,7.7,6.44,8.03,6.62,7.35,7.41,7.4,7.33,7.35,7.49,8.1,8.14,8.09,7.87,8.17,7.36,8.1,7.79,7.82,7.65,7.85,6.54
C6orf64,5.67,5.61,5.54,5.82,6.01,5.61,5.65,5.69,5.71,5.83,5.75,5.71,5.72,5.18,5.5,5.54,5.43,6.07,5.9,5.63,4.98,5.55,6.03,5.52,5.64,5.51,5.47,5.95,5.77,5.1,5.74,4.87,4.97,5.27,5.43,5.63,5.24,5.7,5.37,6.01,5.74,6.16,5.76,5.61,5.84,6.1,6.09,5.91,5.53,5.73
C6orf64,8.06,7.9,7.94,7.89,8.29,8.11,7.3,8.17,8.1,8.08,8.13,8.08,7.8,6.89,7.72,7.77,7.63,7.99,7.89,7.86,7.75,8.04,7.92,7.98,7.95,7.86,8.02,7.83,7.97,7.68,6.75,8.16,7.57,7.77,7.79,7.61,7.51,7.75,7.5,8.23,8.19,8.05,7.98,6.84,8.12,8.07,8.3,8.07,8.21,6.76
C6orf70,7.03,7.07,7.41,7.3,7.42,7.3,7.38,7.36,7.03,7.47,7.32,7.24,7,6.31,7.02,7.08,7.08,7.44,7.58,7.46,7.05,7.18,7.1,7.28,7.18,7.27,7.19,7.34,7.33,7.54,6.32,8.13,6.84,7.05,6.83,7,7.16,7.2,5.6,7.61,7.44,7.59,7.39,6.84,7.88,7.71,7.7,7.46,7.47,6.27
C6orf72,8.83,8.73,8.66,8.62,8.37,8.61,8.23,8.73,8.74,8.66,8.28,8.57,8.59,6.94,8.78,8.85,8.72,8.86,8.79,8.75,8.62,8.63,8.43,8.73,8.48,8.81,8.55,8.6,8.33,8.41,7.23,6.85,8.96,8.86,8.81,8.67,8.92,8.75,9.05,8.72,8.68,8.95,8.99,8.51,8.63,8.83,8.57,8.53,8.41,7.52
C6orf72,8.74,8.53,8.53,8.5,8.34,8.18,7.94,8.64,8.8,8.71,8.35,8.55,8.51,7.19,8.67,8.76,8.61,8.48,8.69,8.57,8.58,8.66,8.39,8.63,8.56,8.8,8.58,8.62,8.41,6.75,7,6.54,8.74,8.5,8.67,8.8,8.39,8.63,8.38,8.58,8.47,8.96,8.6,7.11,8.44,8.37,8.51,8.49,8.38,6.4
C6orf72,3.57,3.61,3.82,3.56,4.3,4.42,3.9,3.78,3.69,4.2,3.73,3.77,3.66,4.3,3.88,4.28,4.06,4.01,3.84,3.88,3.78,4.11,3.77,4.48,3.98,4.1,3.88,3.81,3.89,4.85,4.95,4.47,3.8,3.91,3.89,3.88,4.15,4.27,5.49,3.67,4.12,3.95,3.74,4.88,4.21,4.5,3.82,3.64,3.64,6.43
C6orf81,4.29,4.07,4.24,4.19,4.23,4.37,4.6,4.68,4.37,4.14,4.5,4.21,4.16,4.69,4.11,4.4,4.37,4.6,4.91,4.51,4.1,4.16,3.92,4.24,4.01,4.25,4.57,4.3,4.61,4.12,5.31,5.37,4.18,4.41,4.49,4.38,4.07,4.67,4.1,4.56,4.75,4.85,4.36,5.15,4.41,4.44,4.17,4.39,4.12,5.21
C6orf89,6.39,6.04,6.69,6.48,7.07,6.4,5.86,6.09,6.36,6.48,6.34,6.28,6.23,4.94,6.57,6.47,6.53,6.9,6.61,6.69,6.3,6.4,6.47,6.75,6.68,6.78,6.6,6.57,6.54,6.32,6.88,6.1,6.49,6.79,6.3,6.73,6.29,6.93,6.1,6.71,6.74,6.57,6.9,4.73,6.61,6.36,6.66,6.48,6.79,5.57
C6orf89,9.29,9.16,9.43,9.46,9.79,9.44,9.37,9.55,9.29,9.49,9.5,9.39,9.29,9.28,9.67,9.66,9.53,9.56,9.51,9.45,9.51,9.58,9.49,9.57,9.53,9.46,9.53,9.53,9.4,9.05,7.68,9.49,9.52,9.66,9.66,9.74,9.66,9.77,9.7,9.73,9.69,9.53,9.65,9.29,9.42,9.48,9.52,9.52,9.63,8.98
C6orf89,8.31,8.43,8.28,8.39,8.42,8.4,8.66,8.22,8.32,8.43,8.63,8.38,8.33,8.87,8.3,8.42,8.35,8.66,8.52,8.61,8.23,8.44,8.77,8.4,8.41,8.26,8.45,8.27,8.65,7.99,8.61,9.2,7.88,7.83,8.03,8.31,8.42,8.53,8.08,8.41,8.55,8.67,8.82,8.99,8.24,8.56,8.47,8.48,8.78,7.88
C6orf89,8.2,8.11,8.09,8.14,8.24,8.05,8.39,7.93,8.13,8.33,8.17,7.78,7.96,7.21,8.2,8.33,8.28,8.32,8.31,8.45,8.45,8.25,8.1,8.28,8.37,8.15,8.27,8.15,8.22,7.8,7.34,7.41,7.82,7.75,7.82,8.34,8.01,7.95,8.56,8.27,8.08,8.45,8.43,7.6,8.53,8.4,8.23,8.15,8.2,7.96
C6orf89,7.9,7.53,7.79,7.84,7.61,7.89,7.43,7.5,7.93,7.81,7.67,7.7,7.76,5.95,7.75,7.94,8.01,7.92,7.95,7.79,7.82,7.66,7.6,7.76,7.75,7.75,7.82,7.79,7.93,8.08,6.49,7.69,7.94,7.94,7.95,8,7.81,7.96,7.89,7.98,7.91,7.67,7.66,6.78,8.07,7.68,7.68,7.75,8.05,5.94
C6orf89,6.96,6.43,7,6.96,6.42,6.84,5.84,6.95,6.87,7.03,6.88,6.96,6.88,6.48,7.03,7.02,7.24,7.12,7.18,7.06,7,7.07,6.81,7.25,7.44,7.01,6.84,7.18,6.89,6.63,5.95,6.16,6.95,7.05,7.31,7.24,7.27,7.28,6.32,7.17,7.28,7,6.87,6.55,7,6.47,6.97,7.17,6.76,6.52
C6orf94,3.99,4.11,4.31,4.04,4.29,3.97,4.21,3.91,3.85,4,4.18,3.91,3.81,4.84,3.92,3.93,3.83,3.99,3.93,3.78,4.29,3.68,4.04,3.87,3.75,3.76,3.96,4.23,3.92,4.31,4.54,4.79,3.9,3.77,3.85,3.71,4.18,3.78,3.96,3.65,3.73,3.91,3.62,5.61,3.87,4.45,3.71,4.02,3.77,5.14
C6orf97,4.84,5.23,4.35,5.16,4.57,4.58,4.33,5.45,4.7,4.63,4.77,5.15,5.16,4.96,4.46,4.7,4.6,4.86,4.81,4.48,4.99,5.06,4.73,4.72,4.74,4.44,4.7,4.87,4.97,4.43,5.64,4.54,4.57,4.95,4.83,4.53,4.55,4.75,4.15,4.42,4.24,4.5,4.83,4.3,4.75,4.02,4.86,4.61,4.65,5.29
C6orf97,3.34,3.37,3.35,3.37,3.94,3.65,4.56,3.58,3.3,3.3,3.37,3.36,3.3,6.45,3.54,3.42,3.42,3.43,3.32,3.28,3.38,3.29,3.42,3.42,3.31,3.52,3.59,3.25,3.56,4.37,6.72,4.15,3.45,3.45,3.65,3.28,3.93,3.35,5.78,3.29,3.44,3.44,3.45,4.67,3.44,3.39,3.42,3.17,3.43,4.79
C7,3.97,3.94,3.8,3.82,3.88,4.12,4.06,4.19,3.72,3.81,3.81,3.82,3.71,3.75,3.77,3.95,3.75,4,3.99,3.89,3.92,3.81,3.96,3.88,4.04,4.01,3.89,3.88,4,4.24,4.88,4.81,4.03,3.85,4.06,4.08,3.82,3.7,5.26,3.92,4.1,4.05,4.37,3.95,4.01,4.98,3.76,3.9,4.2,3.78
C7,3.95,3.71,3.62,3.64,4.24,3.98,4.33,3.94,3.72,3.75,3.78,3.87,3.84,4.49,3.81,3.77,3.7,3.71,3.69,3.82,3.79,3.74,3.73,3.81,3.82,3.61,3.83,3.96,3.94,4.05,5.93,4.18,3.79,3.56,3.74,3.6,3.6,3.73,4.63,3.7,3.92,3.56,3.65,5.23,3.7,3.7,4.46,3.53,3.86,4.42
C7,3.84,3.83,3.61,3.9,4.21,3.42,4.08,3.77,3.79,3.83,3.83,3.82,3.88,3.77,3.77,3.73,3.67,4.01,3.89,3.75,3.92,4.19,3.8,3.88,3.69,3.63,3.61,3.92,4.02,4.25,4.71,4.02,3.63,3.92,3.91,3.59,3.94,3.81,3.49,3.66,3.99,3.7,4.22,4.27,3.64,3.67,3.85,3.88,3.62,4.2
C7,3.8,3.64,3.6,3.56,3.89,3.79,4.51,3.68,3.64,3.48,3.71,3.69,3.62,4.03,3.76,3.63,3.77,4.04,3.38,3.32,3.86,3.67,4.07,3.58,3.65,3.41,3.85,3.77,3.71,4.79,5.97,4.65,3.68,3.8,3.93,3.56,3.89,3.58,3.79,3.58,3.57,3.7,3.81,4.41,3.81,3.68,3.54,3.73,3.86,3.89
C7,4.3,4.23,4.16,3.98,4.63,4.14,4.49,4.08,4.32,4.36,4.27,4.34,4.27,4.29,4.15,4.18,4.5,4.22,4.32,4.03,4.31,4.27,4.22,4.18,4.29,4.38,4.32,4.19,4.13,4.56,6.49,4.36,4.16,4.16,4.46,4.05,4.11,4.42,4.2,4.14,3.99,4.3,4.03,6.69,4.34,4.23,4.07,4.32,4.02,4.87
C7orf10,4.15,4.35,3.92,4.15,4.99,4.47,4.69,4.78,4.09,3.96,4.12,4.29,4.12,5.07,4.32,4.17,4.14,4.2,4.03,3.99,4.23,4.18,4.23,4.55,3.94,4.29,4.2,4.59,4.06,4.48,5.66,4.41,4.17,4.5,4.46,4.19,4.05,4.04,4.17,4.54,4.15,4.15,4.3,5.23,4.51,4.29,4.43,4.39,4.37,4.78
C7orf10,4.92,5.35,5.18,4.96,5.12,4.68,5.18,5.44,5.17,4.97,5.33,5.14,5.07,4.45,5.58,5.35,5.76,4.96,5.26,5.04,5.62,5.42,5.25,5.7,5.51,5.26,5.13,5.2,5.08,5.45,7.24,5.65,4.69,5.24,4.92,5.81,5,5.37,4.6,5.23,5.01,5.58,5.16,5.56,5.37,4.73,5.32,5.19,5.19,5.63
C7orf10,4.64,5.11,5,5.07,4.74,5.3,4.66,4.38,4.87,5.12,5.32,5.12,5.34,5.76,4.79,4.6,4.63,4.79,4.72,4.96,4.98,5.02,5.01,5.08,5.29,4.51,4.79,4.8,4.74,4.77,5.3,4.47,4.81,4.86,5,4.59,4.59,4.9,5.06,4.39,4.62,4.69,4.7,5.6,4.71,5.25,4.67,4.91,4.75,4.61
C7orf10,4.32,4.15,3.91,4,3.98,4.35,4.33,4.36,4.02,4.15,4.25,4.15,4.22,4.17,4.11,4.3,4.14,3.98,4.74,4.23,4.18,4.24,4.43,4.32,4.15,4.23,3.97,4.15,4.22,4.86,4.58,4.02,3.77,4.4,4.15,4.11,4.2,4.23,5.21,4.25,4.55,3.81,3.86,3.82,3.87,3.9,3.98,4.26,4.07,4.18
C7orf11,9.89,10.07,9.83,9.87,9.85,10.02,9.69,9.83,9.99,9.89,9.87,9.89,9.98,8.03,9.74,9.79,9.85,10.38,10.35,10.27,9.94,9.7,9.91,9.63,9.69,9.8,9.9,9.84,9.9,9.68,7.32,9.49,9.65,9.56,9.59,9.76,9.95,9.8,9.64,9.87,9.93,9.87,9.83,8.28,9.97,10.06,9.88,9.87,9.87,7.78
C7orf11,10.1,10.46,10.01,9.95,9.9,10,9.64,9.52,10.29,10.02,10.33,10.22,10.48,10.14,9.95,9.8,10.15,10.36,10.43,10.32,10.12,10.02,10.39,9.75,9.82,9.94,10,10.05,10.55,9.88,8.64,9.47,9.64,9.69,9.65,10.01,9.97,9.95,9.82,9.92,9.99,10.03,9.97,10.09,10.1,10.02,10.04,10.03,10.33,9.59
C7orf11,9.97,10.24,9.94,9.9,9.84,9.97,9.55,9.73,10.18,9.93,10.15,10.11,10.18,10.12,9.91,9.92,10.09,10.41,10.32,10.43,9.99,9.91,10.31,9.82,9.78,9.9,9.99,9.96,10.15,9.61,7.91,9.37,9.67,9.7,9.69,9.95,10,9.92,9.58,9.9,9.97,9.91,9.96,9.78,10.09,10.05,9.99,9.93,10.1,9.03
C7orf13,7.69,7.71,7.68,7.61,7.97,7.43,7.19,7.89,7.64,7.67,7.78,7.91,7.62,6.32,7.81,7.69,7.69,7.82,7.84,7.98,7.68,7.92,7.96,7.86,8,7.83,7.65,7.66,7.66,5.43,5.86,7.84,7.28,7.42,7.65,7.88,7.67,7.78,7.05,7.77,7.76,8.13,8.1,7.18,8.26,8.34,8.33,7.76,7.7,6.8
C7orf13,7.35,6.98,7.42,7.54,7.71,7.61,7.23,7.46,7.29,7.3,7.48,7.42,7.13,6.57,7.37,7.06,7.44,7.37,7.38,7.79,7.35,7.41,7.34,7.57,7.48,7.48,7.31,7.44,7.27,5.45,5.67,5.87,7.3,7.04,7.24,7.32,7.47,7.48,7.1,7.64,7.26,7.47,7.59,5.34,7.73,7.33,7.83,7.56,7.25,6.93
C7orf16,4.75,4.73,4.75,4.72,5.22,4.65,5.54,4.86,4.68,4.91,4.93,4.64,4.78,5.97,4.83,5.11,4.77,4.67,4.65,5.24,4.92,4.81,4.83,4.77,4.92,4.72,5.26,4.79,4.77,4.94,5.83,4.98,4.69,4.82,5.24,4.72,4.96,5.01,4.87,4.76,4.86,4.56,4.64,5.62,4.96,4.84,4.68,4.82,4.85,5.81
C7orf16,5.19,5.41,5.05,5.39,5.34,5.32,5.2,5.01,5.3,5.23,5.7,5.48,5.16,7.52,5.25,5.05,5.21,5.49,5.61,5.51,5.3,5.28,5.47,5.41,5.05,4.98,4.96,5.58,5.3,5.47,7.68,6.57,5.03,5.08,5.09,5.34,5.44,5.15,5.63,5.17,5.3,5.46,5.31,6.42,5.19,5.59,5.59,5.39,5.37,7.04
C7orf16,3.87,3.98,4.1,3.88,3.97,3.9,4.19,3.88,3.69,3.98,4.22,3.79,3.82,5.02,3.99,4.03,4.03,3.92,3.73,3.98,4.06,3.95,3.92,3.83,3.97,3.8,3.98,3.81,4.14,4.86,7.45,4.57,3.84,4.08,3.91,3.86,4.19,4.01,3.9,3.96,3.94,4.05,3.94,4.49,3.99,4.05,3.87,3.85,3.74,4.97
C7orf20,8.48,8.32,8.63,8.42,8.57,8.61,8.23,8.76,8.32,8.44,8.52,8.45,8.32,8.51,8.55,8.5,8.64,8.38,8.38,8.34,8.68,8.63,8.65,8.69,8.66,8.6,8.39,8.53,8.48,8.72,7.56,7.94,8.34,8.46,8.22,8.63,8.44,8.71,7.68,8.76,8.77,8.74,8.85,7.53,8.63,8.86,8.79,8.49,8.6,8.46
C7orf20,9.1,8.98,9.35,9.19,9.52,9.41,8.65,9.35,9.09,9.21,8.95,9.17,9.03,7.66,9.11,9.12,9.09,9.32,9.26,9.29,9.01,8.98,9.13,9.25,9.09,9.09,9.36,9.14,9.18,8.28,7.76,9.24,8.83,9.03,8.99,9.1,9.1,9.11,8.88,9.37,9.36,9.34,9.06,8.34,9.38,9.16,9.41,9.2,9.23,8.14
C7orf20,9.31,9.12,9.55,9.47,9.69,9.56,9.28,9.68,9.41,9.38,9.46,9.42,9.16,9.75,9.33,9.31,9.3,9.44,9.6,9.69,9.33,9.26,9.33,9.54,9.4,9.57,9.46,9.59,9.43,8.62,8.79,9.74,9.17,9.29,9.25,9.45,9.2,9.48,9.47,9.55,9.45,9.37,9.35,9.85,9.64,9.31,9.66,9.51,9.4,9.51
C7orf20,5.67,5.54,5.6,6.15,6.09,5.82,5.59,6.09,5.62,5.81,5.92,5.87,5.37,6.74,5.69,6.2,5.76,5.81,5.74,6,5.48,6.08,5.76,5.67,5.67,5.41,5.64,6.02,5.93,6.77,6.16,6.31,5.73,5.79,6.02,6.12,5.69,5.79,5.66,5.89,6.09,6.2,5.91,6.19,5.96,6.01,5.8,5.8,5.7,7.25
C7orf20,3.41,3.84,3.91,3.78,3.89,4.03,4.3,3.71,3.68,3.81,3.7,3.91,3.62,4.87,3.78,4.04,3.67,3.82,3.75,3.93,4.03,3.89,3.9,3.75,4.03,3.79,3.54,3.74,4.14,4.43,6.5,4.69,3.78,3.9,3.78,3.79,4.48,3.9,3.99,3.96,3.82,3.95,3.86,4.57,4.29,4.29,3.82,3.77,3.73,4.54
C7orf20,4.32,4.25,4.26,4.37,4.4,4.5,3.71,4.46,4.31,4.29,4.6,4.4,4.5,4.73,4.35,4.6,4.39,4.54,4.2,4.24,4.42,4.36,4.38,4.32,4.4,3.92,4.4,4.11,4.57,4.25,3.86,5.27,4.28,4.66,4.62,4.08,4.54,4.2,4.78,4.02,4.33,4.39,4.56,5.47,4.05,4.48,4.11,4.32,4.31,4.99
C7orf20 /// UNC84A,10.03,10.42,10.03,10.07,9.75,9.87,9.88,9.85,10.13,10.1,10.35,10.06,10.35,9.17,9.96,10.04,9.91,9.68,9.68,9.8,10.15,10.29,10.33,9.87,9.87,10.05,10.01,10.07,10.27,10.56,8.57,9.54,9.9,9.98,9.81,9.85,9.64,9.77,9.03,10.01,10.09,10.44,10.26,9.43,9.82,9.95,9.89,10.05,10.39,9.16
C7orf20 /// UNC84A,7.09,6.79,6.81,6.76,6.32,6.18,6.69,6.59,6.96,6.99,6.26,6.89,6.82,6.87,6.83,6.91,6.83,6.42,6.65,6.78,6.88,6.68,6.68,6.91,6.95,6.87,6.82,6.88,6.65,5.81,4.88,4.53,6.88,6.86,6.89,6.65,6.55,6.87,6.46,6.79,6.69,6.39,6.34,5.92,6.32,6.11,6.9,6.89,6.73,6.12
C7orf20 /// UNC84A,4.28,3.92,4.44,4.15,4.37,4.17,4.32,4.17,4.45,4.14,4.33,4.19,3.96,4.29,4.3,4.27,4.14,4.3,4.29,4.41,4.01,4.13,4.06,4.19,4.37,3.78,4.06,4.28,4.56,5.02,5.88,4.23,4.07,4.47,4.56,3.82,4.61,4.38,4.69,4.05,4.5,4.43,4.55,4.06,4,4,4.02,4.24,4.18,4.77
C7orf20 /// UNC84A,4.55,4.43,4.77,4.81,4.61,4.61,4.73,4.59,4.59,4.5,4.55,4.56,4.52,5.56,4.69,4.83,4.65,4.41,4.63,4.5,4.58,4.6,4.58,4.54,4.67,5.22,4.44,4.6,4.56,4.09,5.01,5.46,4.65,4.9,4.82,4.54,4.89,4.52,4.86,4.63,4.53,4.56,4.64,5.29,4.42,4.19,4.51,4.46,4.5,5.92
C7orf23,9.16,9.34,9.16,9.11,8.91,8.94,9.28,8.97,9.29,9.18,9.13,9.18,9.23,8.11,8.78,8.72,8.88,9.11,9.17,9.14,8.69,8.62,8.65,8.47,8.48,8.6,9.03,9.09,9.05,8.82,6.78,7.62,9.04,8.95,8.91,9.03,9,9.11,8.85,9.06,9.07,8.56,8.97,9.26,8.83,9.04,8.64,8.86,8.96,7.04
C7orf25 /// PSMA2,6.12,5.93,6.09,6.08,5.9,5.61,6.12,5.96,6.3,6.05,6.17,6.06,6.22,5.63,5.9,6.01,6.04,5.95,5.75,6.07,6.16,5.85,5.86,6.14,5.89,6.09,5.9,6,6.01,6.05,4.77,5.89,5.91,6.1,5.87,6.02,6.19,6.09,5.03,6.36,5.99,6.12,5.89,5.56,6.2,6.31,5.93,6.19,6.32,4.81
C7orf25 /// PSMA2,7.29,7,7.22,7.41,7.13,6.75,7.32,7.41,7.4,7.37,7.2,7.22,7.17,7.71,7.23,7.24,7.19,6.84,6.87,7.18,7.07,7.42,7.18,7.32,7.24,7.26,7.46,7.19,7.38,7.46,7.57,8.37,7.14,7.13,7.26,7.1,7.26,7.4,7.37,7.43,7.62,7.35,7.11,7.39,7.15,7.36,7.49,7.28,7.32,8.03
C7orf26,8.49,8.57,8.78,8.65,8.97,8.89,8.77,8.72,8.61,8.62,8.8,8.64,8.49,8.36,8.56,8.55,8.47,8.69,8.65,8.41,8.6,8.58,8.73,8.59,8.64,8.34,8.75,8.72,8.89,9.08,7.11,8.88,8.69,8.64,8.72,8.75,8.86,8.73,9.12,8.95,8.76,8.87,8.77,8.08,8.71,8.58,8.69,8.66,8.82,8.37
C7orf27,6.92,7.01,7.23,6.62,7,7.05,6.29,7.22,6.86,6.93,7.27,6.84,6.51,6.52,6.86,6.8,6.8,6.98,7.06,7.08,6.58,6.73,6.91,7.03,6.88,6.74,7.12,7.12,7.12,5.58,5.18,6.44,6.75,6.86,6.84,7.11,6.92,6.92,6.51,7.04,6.68,7.19,7.13,6.62,6.81,6.18,6.91,6.92,7.08,5.06
C7orf27,7.42,7.46,7.58,7.49,7.43,7.65,6.97,7.05,7.23,7.5,7.66,7.13,6.99,7.17,7.11,7.17,7.11,7.54,7.43,7.51,7.13,6.93,7.57,7.2,7.35,7.09,7.52,7.18,7.62,7.17,6.14,6.2,7.2,7.31,7.21,7.42,7.22,7.3,6.1,7.47,7.45,7.46,7.77,4.97,6.79,6.92,6.97,7.23,7.58,6.18
C7orf28A /// C7orf28B /// LOC100133775,10.79,10.84,10.75,10.82,10.76,10.74,10.62,10.49,10.97,10.73,10.83,10.67,10.91,10.24,10.65,10.56,10.75,10.8,10.87,10.81,10.83,10.68,11.01,10.55,10.52,10.77,10.79,10.77,10.77,10.96,8.6,8.71,10.69,10.6,10.48,10.57,10.75,10.57,10.78,10.65,10.83,10.69,10.76,9.92,10.91,10.72,10.63,10.86,10.76,9.23
C7orf29,5.59,6.06,5.75,5.88,6.3,5.53,5.52,5.45,5.46,5.75,6.06,5.61,5.43,6.5,5.56,4.8,5.39,5.38,5.49,5.53,5.45,5.45,5.92,5.3,5.51,5.06,5.86,5.91,5.82,6.45,5.47,6.77,4.96,5,5.05,5.51,5.6,5.07,5.45,5.67,5.65,5.57,5.88,5.21,5.34,5.65,5.8,5.9,5.79,4.5
C7orf30,10.9,10.94,10.94,10.94,10.86,10.98,10.67,10.81,10.98,10.93,10.92,10.95,10.88,9.34,10.71,10.52,10.64,10.84,11,10.84,10.65,10.63,10.75,10.57,10.65,10.66,10.92,10.93,10.91,10.73,9.76,9.72,10.51,10.42,10.48,10.59,10.62,10.56,10.88,10.89,10.91,10.83,10.73,9.71,11.09,10.92,11,10.87,10.84,9.7
C7orf31,3.45,3.62,3.77,3.49,3.55,3.44,4.1,3.73,3.54,3.51,3.58,3.68,3.62,4.34,3.45,3.62,3.5,3.37,3.56,3.65,3.61,3.86,3.85,3.66,3.56,3.86,3.5,3.56,3.72,4.98,5.01,4.43,3.68,3.53,3.72,3.49,3.65,3.54,3.63,3.42,3.7,3.79,3.63,4.99,3.64,3.49,3.64,3.58,3.58,4.16
C7orf31,4.5,4.56,4.77,4.95,4.69,4.27,5.03,3.93,4.76,4.86,4.81,4.72,4.81,5.78,4.36,4.31,4.55,4.78,4.57,4.76,4.87,4.9,5.02,4.6,4.72,4.66,4.7,4.59,4.74,5.03,5.07,5.31,4.27,4.52,4.47,4.59,4.58,4.5,4.56,4.64,4.71,4.74,4.51,4.65,4.72,4.43,4.48,4.71,4.69,4.99
C7orf33,4.34,4.4,4.22,4.75,4.03,4.87,4.82,4.25,4.49,4.43,4.84,4.38,4.4,3.99,4.27,4.61,4.46,4.4,4.55,4.31,4.54,4.51,4.42,4.3,4.53,4.54,4.57,4.42,4.61,5.6,6.16,7.04,4.48,4.71,4.26,4.48,4.6,4.53,6.07,4.52,4.34,4.88,4.39,5.76,4.69,4.58,4.2,4.54,4.4,4.23
C7orf34,4.31,4.59,4.54,4.59,4.31,4.69,4.79,5.02,4.34,4.47,4.35,4.34,4.45,5.36,4.53,4.34,4.46,4.71,4.46,4.4,4.48,4.32,4.22,4.38,4.26,4.64,4.22,4.47,4.59,4.91,6.5,5.7,4.44,4.37,4.35,4.31,4.52,4.62,4.66,4.17,4.32,4.41,4.9,5.51,4.93,4.12,4.47,4.6,4.41,5.77
C7orf34,4.16,4.18,4.4,4.18,4.4,4.32,4.49,4.29,4.17,4.14,4.53,4.25,4.05,5.59,4.24,4.53,4.19,4.33,4.08,4.24,3.92,4.18,4.13,4.37,4.47,4.14,4.39,4.53,4.15,4.44,5.1,4.61,4.45,4.15,4.5,4.18,4.27,4.3,4.09,4.13,4.05,4.12,4.26,5.36,4.06,4.14,4.19,4.41,4.36,6.21
C7orf36,6.1,6.28,6.21,5.98,5.94,6.33,6.07,6.05,6.24,6.34,6.3,6.06,6.27,5.11,6.26,5.81,6.23,6.49,6.52,6.36,6.11,6.09,6.36,5.88,5.8,5.98,6.22,6.1,6.02,5.38,6.93,4.94,5.9,5.87,5.66,6.2,5.85,5.96,6.22,6.46,6.14,5.98,6.18,5.11,6.61,6.16,6.24,6.14,6.26,4.25
C7orf38,7.14,6.98,7.11,7.11,7.38,6.93,6.92,6.77,7.31,7.22,7.01,7.16,7.15,5.44,7.42,7.14,7.23,7.31,7.46,7.41,7.22,7.19,7.35,7.42,7.36,7.39,6.87,6.94,6.8,6.54,6.26,6.59,7.22,7.08,7.09,7.27,6.74,7.33,6.35,7.36,7.17,6.77,6.83,7.68,7.04,7.39,7.21,7.22,7.14,6.29
C7orf40 /// SNORA9,4.22,3.84,4.17,4.14,3.82,3.77,3.95,4.22,4.13,3.8,3.92,3.9,3.99,3.81,4.84,4.28,4.36,4.03,3.97,3.96,3.97,3.78,4.12,4.25,4.19,3.81,4.08,4.2,3.72,3.73,3.85,3.83,4.04,3.97,3.93,4.56,3.66,4.61,3.99,4.23,4.15,4.06,3.54,3.44,4.66,4.42,4.49,4.27,3.73,3.74
C7orf41,8.95,8.86,9.12,8.97,8.86,8.92,8.99,9.1,8.94,9.03,9.02,8.95,8.94,9.26,9.36,9.48,9.46,9.16,9.14,9.05,9.34,9.41,9.29,9.38,9.6,9.42,8.98,8.91,8.9,9.64,10.07,9.05,8.82,9,8.99,9.74,9.58,9.7,8.65,8.98,8.88,9.72,9.79,9.73,9.17,9.07,9.14,9.09,9.12,9.57
C7orf41,4.26,4.16,4.3,4.07,4.59,4.59,4.4,4.01,4.3,4.23,4.49,4.05,4.32,5.18,4.88,4.92,4.5,4.63,4.56,4.69,4.69,4.56,4.44,5.02,4.92,5.35,4.57,4.3,4.36,5.17,5.44,6.18,4.62,4.2,4.49,5.14,5.23,4.86,4.73,4.46,3.98,4.58,4.5,4.7,4.61,4.09,4.52,4.35,4.06,4.55
C7orf41,10.68,10.82,10.78,10.8,10.68,10.75,10.51,10.76,10.84,10.84,10.82,10.83,10.58,10.1,11.23,11.08,11.25,10.73,10.77,10.69,11.33,11.31,11.26,11.36,11.35,11.32,10.82,10.86,10.5,10.26,9.95,10.45,10.83,10.84,10.91,11.36,11.26,11.24,10.45,11,10.86,11.1,11.08,10.3,10.99,10.59,10.95,10.84,10.57,10.15
C7orf41,4.71,4.67,4.68,4.71,5.08,4.75,5.58,4.52,4.62,4.72,4.74,4.83,4.87,5.11,5.16,4.96,4.67,4.49,4.67,4.69,4.74,4.73,4.9,4.8,4.58,4.65,4.63,4.65,4.76,5.08,4.94,4.91,4.91,4.79,4.48,5.21,5.07,4.96,4.99,4.51,4.36,4.72,4.71,4.91,4.83,4.45,4.59,4.87,4.69,4.79
C7orf42,10.31,10.26,10.39,10.38,10.29,10.29,10.15,10.21,10.27,10.3,10.24,10.35,10.27,10.08,10.22,10.13,10.21,10.23,10.22,10.03,10.28,10.26,10.22,10.25,10.19,10.24,10.42,10.37,10.24,10.06,9.57,10.26,10.3,10.36,10.37,10.29,10.3,10.32,10.39,10.42,10.5,10.23,10.13,10.5,10.21,10.06,10.18,10.44,10.33,10.08
C7orf42,8.89,8.73,8.91,8.95,9.07,8.99,8.78,9.02,8.83,8.86,8.86,8.86,8.82,8.56,8.63,8.73,8.83,8.85,8.96,8.92,8.89,8.92,8.76,8.85,8.74,8.82,8.96,8.71,9.05,8.17,8.22,9.22,8.59,8.57,8.52,8.99,9.06,9,8.62,8.76,8.82,9.11,9.27,7.86,9,9.11,9.36,8.91,8.86,8.61
C7orf43,8.16,8.06,8.36,8.35,8.58,8.54,8.5,8.31,8.19,8.15,8.29,8.3,8.14,8.39,8.37,8.25,8.22,8.32,8.31,8.12,8.31,8.49,8.47,8.5,8.59,8.39,8.28,8.32,8.53,8.5,6.29,8.61,8.46,8.37,8.63,8.31,8.49,8.27,8.09,8.46,8.38,8.57,8.44,8.35,8.48,8.55,8.49,8.4,8.35,8.57
C7orf43,6.13,5.59,6.58,6.03,6.19,5.81,5.35,6.23,5.73,6.03,5.67,5.82,5.91,5.22,6.28,6.26,6.04,6.35,5.95,6.01,6.16,6.07,5.95,6.36,6.26,6.31,6.12,5.74,6,6.2,6.92,5.8,6.11,6.14,6.15,6.25,6.37,6.05,7.15,6.39,5.97,6.17,6.31,5.43,6.2,6.03,6.2,5.79,5.97,5.23
C7orf44,10.38,10.38,10.37,10.32,9.99,10.19,9.93,10.2,10.49,10.44,10.22,10.4,10.43,7.17,10.08,10.12,10.07,10.15,10.24,10.22,10.15,10.05,9.86,9.8,9.84,9.98,10.33,10.3,10.29,10.24,9.31,7.6,9.75,9.82,9.71,10.11,10.16,10.17,9.83,10.24,10.36,10.27,10.14,6.19,10.34,10.14,10.15,10.32,10.26,6.63
C7orf44,4.02,4.2,4.13,4.39,3.98,3.82,4.47,4.55,4.26,4.75,4.34,4.12,4.35,5.04,4.58,3.88,4.53,4.26,4.13,4.39,4.37,3.91,4.19,4.18,4.1,4.09,4.58,4.19,4.32,4.24,4.32,6.63,3.97,4.63,4.33,4.36,4.05,4.2,3.85,4.87,4.2,4.43,4.51,5.76,3.94,4.06,4.26,4.42,3.93,5.21
C7orf44 /// CNN2,10.2,9.96,10.38,10.27,10.23,10.35,10.3,10.35,10.16,10.18,10.04,10.17,10.25,9.94,10.05,10.08,10.29,10.16,10.19,10.2,10.28,10.26,10.23,10.18,10.22,10.21,10.34,10.2,10.27,10.1,9.87,10.26,10.01,10.01,10,10.43,10.56,10.51,10.09,10.14,10.18,10.27,10.33,9.88,10.39,10.57,10.29,10.29,10.52,9.95
C7orf45,3.58,3.62,3.4,3.52,3.47,3.69,4.08,3.3,3.5,3.37,3.79,3.39,3.59,6.01,3.53,3.54,3.54,3.85,3.49,3.36,3.39,3.42,3.5,3.62,3.4,3.36,3.65,3.7,3.42,3.98,5.52,4.12,3.59,3.79,3.51,3.73,3.3,3.56,4,3.54,3.6,3.91,3.44,4.52,3.59,3.37,3.36,3.4,3.75,5.07
C7orf46,3.34,3.48,3.77,3.82,4.18,4,4.56,3.58,3.32,3.51,3.31,3.43,3.34,5.82,3.74,3.61,3.6,3.81,3.42,3.42,3.41,3.34,3.35,3.7,3.62,3.64,3.37,3.53,3.47,4.8,7.09,4.87,3.88,3.66,3.49,3.71,4.27,3.36,6.3,3.43,4.24,3.98,3.64,6.13,3.65,4.27,3.43,3.46,3.38,4.59
C7orf46,3.45,3.61,3.65,3.44,3.6,4.06,4.74,3.7,3.54,3.79,3.53,3.49,3.31,4.77,3.59,3.47,3.48,3.64,3.59,3.51,3.5,3.44,3.51,3.86,3.69,3.78,3.85,3.77,3.77,5.05,7.65,6.04,3.64,3.78,3.89,3.58,4.12,3.6,5.04,3.77,3.61,3.52,3.54,6.2,3.7,3.96,3.71,3.34,3.74,4.21
C7orf46,3.85,3.4,3.59,3.39,3.74,3.68,4.78,3.8,3.4,3.41,3.61,3.53,3.51,4.51,3.59,3.93,3.49,3.4,3.44,3.53,3.53,3.72,3.39,3.7,3.86,4.07,3.69,3.81,3.57,4.53,6.13,5.06,3.39,3.32,3.57,3.65,3.78,3.56,5.46,3.87,4.11,3.84,3.66,5.23,3.43,3.86,3.7,3.49,3.41,4.56
C7orf47,9.69,9.77,9.75,9.62,9.93,9.84,9.77,9.69,9.63,9.64,9.67,9.7,9.66,9.19,9.58,9.58,9.53,9.88,9.9,9.84,9.64,9.57,9.67,9.52,9.5,9.59,9.64,9.62,9.84,9.56,9.08,9.44,9.41,9.51,9.63,9.67,9.73,9.65,9.59,9.84,9.92,9.93,9.97,9.47,9.69,9.82,9.83,9.78,9.83,8.66
C7orf49,8.59,8.44,8.48,8.45,8.43,8.59,8.01,8.23,8.58,8.43,8.55,8.43,8.34,7.04,8.55,8.48,8.47,8.2,8.14,8.05,8.4,8.18,8.46,8.26,8.42,8.25,8.41,8.42,8.49,7.8,7.61,6.25,8.76,8.89,8.84,8.73,8.92,8.69,7.49,8.33,8.46,8.54,8.43,6.85,8.37,8.37,8.44,8.24,8.39,6.43
C7orf50,9.6,9.45,9.74,9.66,9.77,9.76,9.32,9.64,9.69,9.67,9.45,9.72,9.56,8.66,9.95,9.71,9.99,10.03,10.06,10.1,9.66,9.58,9.68,9.99,9.99,9.95,9.65,9.68,9.53,9.85,9.18,9.36,9.58,9.7,9.6,10.1,10,10.12,9.44,9.88,9.73,9.82,9.86,8.6,9.58,9.24,9.66,9.76,9.8,8.88
C7orf51,4.72,4.12,4.17,4.38,4.29,3.86,4.26,4.22,4.49,4.47,4.25,4.59,4.58,4.81,4.23,4.19,4.11,4.37,4.19,4.41,4.6,4.62,4.59,4.04,4.41,4.25,4.46,4.36,4.35,3.7,4.46,4.22,4.41,4.43,4.29,4.16,4.28,4.02,3.98,4.19,4.2,4.41,4.31,5.17,4.11,4.19,4.31,4.27,4.25,4.23
C7orf52,4.45,4.88,4.37,4.76,4.39,4.95,4.47,4.03,4.82,4.64,4.38,4.5,4.73,5.15,4.6,4.59,4.55,4.53,4.29,4.22,4.44,4.51,4.65,4.44,4.25,4.22,4.19,4.49,4.52,4.74,5.02,4.16,4.56,4.54,4.42,4.27,4.18,4.32,4.32,4.27,4.22,4.3,4.35,5.28,4.33,4.04,4.29,4.27,3.96,5.94
C7orf52,3.39,3.42,3.27,3.38,3.37,3.51,3.88,3.25,3.49,3.42,3.4,3.28,3.46,3.77,3.51,3.41,3.24,3.36,3.47,3.31,3.58,3.52,3.39,3.32,3.45,3.43,3.28,3.61,3.48,3.61,6.21,3.91,3.58,3.19,3.26,3.31,3.61,3.33,3.65,3.26,3.54,3.35,3.36,3.81,3.34,3.48,3.49,3.56,3.61,3.51
C7orf52,5.85,5.74,5.69,5.92,6.07,6.12,6.15,6.02,5.7,5.56,5.85,5.82,5.52,5.72,5.98,6.14,5.79,6.1,5.85,5.79,5.74,6.03,5.79,5.86,5.62,5.77,5.8,6.06,5.62,4.94,5.99,6.65,5.88,5.76,5.88,5.54,5.75,5.83,5.99,5.89,5.75,6.05,5.82,6.38,5.66,5.96,6.03,5.89,5.74,6.61
C7orf53,6.11,5.9,5.73,6.09,5.58,5.87,6.29,5.96,5.96,6.02,6.21,6.39,5.88,5.08,5.89,6.11,5.77,5.21,5.52,5.57,5.98,5.89,5.98,6.04,5.93,5.92,5.86,5.93,6.16,5.97,5.7,4.8,5.73,6.01,5.73,5.86,5.44,6.06,6.27,6.29,6.27,6.24,6.09,6.4,5.91,6.55,6.26,6.2,6.04,5.31
C7orf54,7.99,8.05,7.78,7.93,8.06,8.51,8.29,8.18,7.79,7.82,8.19,7.71,7.42,7.29,7.39,7.58,7.46,7.5,7.57,7.74,7.58,7.98,8.01,7.95,7.7,7.64,8.18,7.83,8.2,7.64,7.7,6.05,7.22,7.41,7.15,7.71,7.51,7.5,7.31,8.09,8.28,7.96,8.31,7.23,8.03,8.15,8.12,7.87,8.05,7.17
C7orf55,4.05,4.4,4.26,4.31,4.39,4.16,4.22,4.26,4.58,4.41,4.27,4.43,4.37,4.32,4.1,4.28,4.57,4.01,4.64,4.1,4.14,4.58,4.67,4.22,3.96,3.91,4.21,4.44,4.35,4.14,4.94,4.21,3.84,4.13,4.13,4.26,4.57,4.12,4.44,4.4,4.78,4.18,4.1,4.37,3.72,4.37,4.04,4.46,4.29,4.08
C7orf55,4.79,4.86,4.67,5.15,4.98,5.09,4.94,4.8,5.14,4.98,5.16,4.79,5.07,5.54,4.89,4.61,4.63,4.81,4.74,4.89,5.24,4.69,5.23,4.92,4.52,4.82,4.71,5.06,4.92,5.03,5.66,6.24,4.93,4.66,4.83,5.13,4.81,4.72,4.39,4.69,4.77,5,4.45,4.28,5.27,4.99,4.65,5.31,5.22,5.38
C7orf55 /// LUC7L2,9.33,9.33,9.45,9.17,9.62,9.48,9.25,9.43,9.21,9.43,9.31,9.45,9.22,8.08,9.21,9.26,9.33,9.65,9.79,9.64,9.24,9.15,9.09,9.19,9.25,9.1,9.48,9.27,9.4,8.43,6.99,9.64,8.88,9.05,9.05,9.33,9.37,9.35,9.53,9.37,9.35,9.28,9.42,8.62,9.28,9.16,9.15,9.44,9.33,8.02
C7orf57,3.41,3.31,3.31,3.19,3.46,3.35,3.91,3.33,3.42,3.33,3.39,3.47,3.31,3.58,3.27,3.27,3.18,3.42,3.27,3.46,3.52,3.27,3.45,3.29,3.2,3.4,3.34,3.3,3.37,4.17,5.59,4.7,3.58,3.43,3.25,3.42,3.42,3.24,3.9,3.38,3.22,3.42,3.33,3.82,3.24,3.76,3.22,3.22,3.34,3.5
C7orf58,4.05,4.08,4.12,4,3.86,4.03,3.88,3.74,3.92,4.03,4.42,4.06,4.2,5.21,3.68,3.93,4,3.74,3.92,3.91,3.82,3.96,4.17,3.92,3.84,4.13,3.98,3.92,3.99,3.79,5.28,4.59,3.93,3.87,3.89,3.7,4.08,3.68,3.98,3.74,3.87,3.8,3.97,4.49,4.22,4.36,3.98,3.88,4.26,5
C7orf58,4.38,4.57,4.33,4.61,4.22,3.98,4.48,4.4,4.23,4.07,4.8,4.6,4.42,5.24,3.99,4.38,4.17,4.29,4.27,4.36,4.84,4.35,4.52,4.47,4.38,4.38,4.16,4.62,4.82,4.12,4.15,4.36,4.47,4.43,4.36,4.07,4.32,4.64,4.42,3.91,4.19,4.58,4.73,5.15,4.28,4.21,4.05,4.35,4.36,4.47
C7orf58,3.94,4.34,4.05,3.82,4.12,4.51,4.56,3.69,3.8,4.16,4.07,4.05,4.27,4.8,4.21,4.19,4.26,4.4,3.97,4.19,4.28,4.08,4.16,3.94,3.69,3.94,4.11,3.99,4.47,5.22,5.94,5.81,4.47,4.06,3.96,4.06,3.92,3.94,4.07,3.86,3.92,3.68,4.22,5.04,4.34,3.96,3.88,4,4.22,4.81
C7orf58,3.81,3.92,4,3.75,4.17,3.99,4.23,3.94,3.86,3.88,4.34,3.99,4.05,5.04,4.12,3.95,4.12,3.84,4.03,4.06,4.16,4.17,3.89,4.15,4.12,3.84,3.74,3.9,4.18,4.37,5.42,6.23,3.91,4.09,4.03,3.83,4.41,4.08,4.71,3.94,4.15,4.14,4.05,5.35,4.3,4.4,4.18,4.18,3.99,4.97
C7orf58,3.97,3.68,3.74,3.66,3.49,3.74,3.82,3.72,3.9,3.58,3.64,3.73,3.58,3.81,3.71,3.97,3.69,3.71,3.84,3.4,3.7,3.66,3.66,3.67,3.48,3.53,3.5,3.91,3.67,4.77,3.89,3.99,3.91,3.81,3.53,3.65,3.73,3.53,5.65,3.66,3.76,4.12,3.69,4.15,3.6,3.5,3.86,3.74,3.76,4.76
C7orf59,10.6,10.54,10.8,10.67,11,10.83,10.65,10.82,10.7,10.68,10.64,10.63,10.67,9.91,10.74,10.8,10.7,10.97,10.95,10.84,10.86,10.74,10.73,10.87,10.78,10.77,10.83,10.73,10.69,10.93,9.84,10.5,10.4,10.36,10.45,10.76,10.76,10.77,10.43,10.9,10.88,10.77,10.8,9.45,10.72,10.76,10.73,10.76,10.73,10.12
C7orf60,8.42,8.69,8.48,8.55,8.23,8.02,7.49,8.2,8.41,8.48,8.66,8.5,8.21,7.13,8.41,8.2,8.35,8.05,8.12,8.32,8.71,8.7,8.96,8.57,8.48,8.37,8.37,8.57,8.45,6.26,5.56,6.41,8.37,8.43,8.33,8.25,8.23,8.37,7.11,8.38,8.29,8.27,8.15,6.8,8.25,8.05,8.07,8.37,8.6,7.17
C7orf60,4.98,4.48,4.83,4.61,4.57,4.24,3.69,4.71,5.06,4.96,4.44,4.86,4.8,4.34,5.24,4.68,4.96,4.72,4.23,4.64,4.75,4.78,4.6,5.02,4.94,4.72,4.62,4.95,4.48,4.94,6.04,4.83,4.96,4.8,4.74,4.86,4.38,4.69,4.56,4.51,4.21,4.08,4.11,4.93,4.59,4.69,4.55,5.11,4.73,5.27
C7orf61,6.61,6.71,6.8,6.95,6.78,7.08,6.61,6.7,6.66,6.69,6.75,6.85,6.95,7.03,6.58,6.34,6.5,6.44,6.67,6.41,6.95,6.96,6.74,6.57,7,6.87,6.96,6.64,6.8,5.88,5.37,5.43,6.01,6.15,6.39,6.57,6.58,6.75,6.08,7.3,7.06,6.69,6.73,7.07,6.6,6.64,5.95,7.09,7.18,7.36
C7orf62,4.47,4.38,4.74,4.57,5.47,5.05,4.67,4.71,4.41,4.51,4.49,4.62,4.33,7.12,4.61,4.43,4.49,4.73,4.51,4.48,4.32,4.89,4.52,4.27,4.64,4.5,4.49,4.73,4.76,4.58,8.91,6.33,4.47,4.53,4.47,4.32,4.66,4.39,4.58,4.25,4.4,4.75,4.62,5.97,4.54,5.01,4.53,4.47,4.52,6.8
C7orf62,4.24,4.08,4.09,4.41,4.21,4.25,4.58,4.46,4.17,4.07,4.24,4.41,3.81,5.3,3.95,4.35,4.13,4.09,4.07,4.18,3.84,4,4.24,4.18,4,3.89,4.22,4.35,4.15,4.99,5.1,4.26,4.21,3.8,3.93,4.31,4.01,4.07,4.43,4.18,4.44,4.44,4.59,5.58,4.46,4.24,3.96,4.39,4.05,4.56
C7orf63,3.7,3.66,3.93,3.86,4.48,4.36,4.66,4.32,3.87,3.99,4.02,3.71,3.77,5.06,3.96,3.74,3.85,3.61,3.69,3.75,3.98,3.98,3.82,3.8,3.96,3.99,3.58,3.81,4.28,4.49,6.32,4.81,3.74,3.72,3.72,4.01,4.09,4.07,5.66,4.04,3.98,4.32,4.12,5.92,4.14,4.47,4.07,3.78,3.93,4.05
C7orf63,3.7,4.35,3.86,3.99,3.98,4.04,4.01,3.81,4.05,3.94,4.07,4.14,4.26,4.48,3.78,4.06,3.86,3.8,3.8,3.65,4.04,3.9,4.05,3.65,3.79,3.8,3.77,3.89,4.24,4.99,3.92,4.45,4.03,3.96,3.81,3.72,3.77,3.84,4.72,3.9,3.78,4.02,3.77,5.23,4.24,4.18,3.7,3.77,3.98,4.57
C7orf63,3.71,3.57,3.79,3.87,4.26,3.59,4.48,3.74,3.82,3.86,3.96,3.69,3.58,4.38,3.74,3.64,3.8,3.85,3.71,3.84,3.57,3.74,3.89,3.56,3.83,4.05,4,3.93,3.72,4.01,4.24,4.85,3.65,3.91,3.91,3.99,3.8,3.54,3.71,4.13,3.56,3.88,3.67,5.03,3.77,3.99,4.25,3.57,3.76,5.3
C7orf64,7.18,7.22,7.22,7.11,6.7,6.29,5.01,6.71,7.5,7.24,7.03,7.47,7.51,5.71,7.48,7.21,7.63,7.09,7,7.11,7.25,7.4,7.23,7.37,7.28,7.54,7.18,7.25,7.13,6.3,5.92,6.33,6.92,7.28,7.22,7.25,6.86,7.38,4.28,7.21,7.5,7.08,7.06,5.88,7.25,7.01,7.28,7.55,7.75,6.07
C7orf64,6.99,6.58,6.81,6.75,6.03,6.37,6.66,6.4,6.9,6.93,6.41,6.98,6.94,5.59,6.78,6.6,7.31,6.73,6.76,6.68,6.88,6.75,6.61,7.02,6.93,7.1,6.82,6.78,6.29,5.71,4.66,5.18,6.91,7.16,6.77,6.87,6.38,6.97,5.62,6.63,6.71,6.15,6.42,5.02,6.77,6.55,6.44,6.74,6.92,5.01
C7orf64,6.52,5.66,6.49,6.48,5.25,5.22,5.22,6.25,6.67,6.7,5.67,6.17,6.26,4.86,6.94,6.59,6.77,6.42,6.38,6.26,6.61,6.32,5.68,6.89,6.76,6.78,6.52,6.48,5.28,4.98,5.13,4.29,6.54,6.83,6.73,6.85,6.44,7.14,6.9,6.4,6.56,6.04,5.5,4.56,6.48,5.67,6.46,6.73,6.39,5.26
C7orf64,4.04,4.09,3.92,4.14,3.95,3.97,6.18,3.9,3.99,4.25,4.1,4.07,4.04,5.67,4.23,3.89,4.18,4.05,4.09,4.05,4.61,4.23,4.09,4.07,4.02,3.68,3.86,4.04,4.3,4.59,4.94,4.06,4.39,3.97,4.41,3.98,4.09,4.35,4.45,3.96,3.9,3.86,3.89,5.82,4.3,3.95,4.18,3.63,3.93,4.96
C7orf65,3.69,3.69,3.96,4.07,4.58,4.2,4.32,4.34,3.98,3.98,4.35,4.03,3.83,5.38,4.15,4.03,4.25,4.35,4.44,3.95,4.19,4.14,4.09,4.04,4.44,4.28,4.19,4.51,3.96,4.14,4.91,4.6,4.1,4.16,4.29,4.05,4.15,4.33,4,4.19,4.09,4.32,4.19,4.59,4.11,3.91,4.16,4.39,3.99,6.22
C7orf66,3.92,3.92,3.97,3.95,4,3.94,4.22,3.84,4.09,3.9,3.96,3.8,3.86,4.51,4,3.96,3.99,4,4.16,3.79,3.91,3.85,3.91,3.84,3.9,3.88,4.07,3.83,4.24,4.14,4.97,4.66,3.91,4.27,4.51,4,3.98,3.82,4.24,3.97,4.02,3.85,4.16,5.74,3.94,3.88,3.95,3.94,3.87,4.58
C7orf68,9.12,9.18,9.37,9.22,8.9,9.17,9.72,8.96,9.23,9.28,9,8.66,8.69,7.38,8.34,8.58,8.6,8.56,8.55,8.63,8.72,8.71,8.53,8.51,8.49,8.58,9.09,9.04,9.08,8.13,7.74,6.75,8.61,8.38,8.67,8.52,8.3,8.39,8.49,8.9,8.98,9,8.89,7.04,9.22,9.09,8.95,8.68,8.5,6.87
C7orf68,8.99,8.98,9.51,9.49,9.38,9.07,8.25,9.11,9.45,9.18,9.1,9.08,8.73,8.5,8.67,8.42,8.67,8.85,8.69,8.69,8.52,8.64,8.63,8.81,8.65,8.61,9.29,9.18,9.01,9.13,7.72,8.62,8.9,8.84,9.04,8.93,8.77,8.82,8.64,9.27,9.06,9.04,8.89,8.27,9.22,9.26,8.88,8.91,8.99,8.06
C7orf69,4.62,4.84,4.82,5.07,5.15,5.39,5.31,5.09,4.55,4.67,4.72,4.76,4.64,5.79,4.75,5,4.64,4.91,4.64,4.42,4.59,4.87,4.85,4.65,4.36,4.72,4.77,4.66,4.95,5.24,6.09,7.27,4.99,5.09,4.95,4.6,5.01,4.63,5.34,5.22,4.89,4.93,4.84,5.12,4.91,4.79,4.73,4.8,4.93,5.01
C7orf70,7.78,7.6,7.79,7.7,7.13,7.57,6.34,7.28,7.83,7.73,7.7,7.89,7.83,5.39,7.94,7.53,7.79,7.69,7.92,7.92,7.69,7.73,7.79,7.68,7.86,7.83,7.7,7.82,7.6,7.06,5.86,5.42,7.63,8.03,7.88,7.83,7.44,7.71,6.69,7.76,7.71,7.59,7.48,6.25,7.8,7.58,7.3,7.97,7.97,6.5
C7orf70,8.04,7.42,7.98,7.99,7.42,6.86,7.56,7.99,8.02,8.09,7.12,7.92,7.96,6.94,8.05,7.97,8,8.18,8.15,8.06,8.02,8.06,7.55,8.27,8.36,8.08,7.89,8.08,7.21,6.87,4.96,6.59,7.98,8.38,8.33,8.14,7.48,7.74,7.42,8.12,8.13,7.66,7.53,7.46,8.11,7.7,8,7.88,7.86,7.45
C8A,5.37,5.56,5.25,5.54,6.02,5.19,6.04,5.21,5.29,5.38,5.42,5.19,5.23,5.57,5.33,5.22,5.23,5.14,5.1,5.12,5.47,5.28,5.47,5.34,5.5,5.06,5.47,5.26,5.31,5.64,6.89,5.37,5.35,5.26,5.23,5.27,5.18,5.38,5.29,5.38,5.39,5.3,5.33,6,5.78,5.94,5.64,5.23,5.44,5.4
C8B,4.07,4.28,3.95,4.11,3.91,3.97,4.35,3.99,3.8,3.89,4.12,4.09,4.24,4.08,4.15,4.03,3.88,4.08,3.86,4,4.21,4.06,3.88,3.95,3.82,3.83,3.75,3.93,4.04,5.07,5.14,4.27,4.16,4.12,4.21,3.71,3.91,3.89,4.97,3.79,3.64,4.21,3.87,4.13,3.68,3.72,3.62,3.88,3.99,4.27
C8G,4.92,4.6,4.94,5,5.3,4.75,3.99,4.62,4.89,4.95,4.98,4.84,4.82,4.57,5,5.27,4.83,4.78,4.91,4.93,4.95,5.14,5.08,4.9,5.37,4.59,5.06,5.29,4.74,4.84,5.06,4.49,4.62,4.99,4.75,4.98,4.9,4.93,4.48,4.59,5.06,4.96,5.04,4.46,4.81,5.13,4.67,4.72,4.98,4.04
C8orf15,4.71,4.09,4.06,4.07,4.3,4.44,4.58,4.02,4.19,4.42,4.31,4.11,4.34,5.35,4.02,4.24,4.45,4.3,4.1,4.21,4.56,4.15,4.25,4.37,4.52,4.46,4.33,4.34,4.36,4.95,5.43,4.42,4.14,4.29,4.2,3.89,4.06,4.34,3.88,4.14,4.12,4.06,4.24,5.86,4.36,4.72,4.43,3.83,4.24,5.37
C8orf16,5.24,5,5.5,5.73,6,5.17,4.66,5.29,5.47,5.12,5.77,5.2,5.02,6.28,5.5,5.66,5.45,5.14,5.16,5.26,5.31,6.07,5.64,5.92,5.94,5.12,5.07,5.67,5.46,4.31,5.79,5.29,5.2,5.16,5.29,5.53,5.44,5.13,4.8,5.36,5.2,5.3,5.64,4.83,6.33,5.94,6.31,5.65,5.16,6.29
C8orf17,3.95,3.8,3.89,4.18,4.11,4.08,4.29,4.04,4.04,3.86,3.94,3.97,4,4.42,4.16,4.29,4.29,4.37,4.12,4.37,3.88,3.94,4.01,4.02,3.81,4.08,3.74,4.16,4.17,4.12,4.18,6.24,3.96,3.97,3.78,3.92,4.08,4.27,3.94,3.94,4.52,3.8,4.17,4.09,3.77,3.94,4.01,3.76,3.68,4.92
C8orf22,3.77,3.89,3.78,3.78,3.94,4.08,4.85,3.91,3.79,3.61,3.74,3.7,4.07,5.32,3.6,3.61,3.52,3.73,3.58,3.56,3.92,3.87,3.72,3.56,3.9,3.88,3.89,3.56,3.92,3.89,4.48,3.68,3.87,3.8,3.67,3.7,3.77,3.44,3.75,3.55,3.63,3.7,3.62,3.55,3.33,4.14,3.8,3.75,3.73,3.58
C8orf30A /// C8orf30B,7.73,7.61,7.99,7.96,8.15,8.01,7.98,7.74,7.75,7.73,7.92,7.77,7.68,6.21,7.87,7.81,7.78,8.21,8,8,7.47,7.7,7.71,7.91,7.85,7.75,7.89,7.92,7.98,7.63,8.25,7.43,7.68,7.74,7.79,7.87,7.98,7.94,8.38,7.89,8.03,7.89,7.9,7.06,7.97,8,7.84,8,7.82,7.35
C8orf31,5.75,5.89,6.08,5.96,5.76,6.02,5.56,6.01,5.86,6.07,6.18,5.94,6.05,5.25,5.81,5.62,5.82,6.03,6.11,6.48,5.8,6.06,6.29,6.41,6.19,6.09,5.87,5.92,6.05,5.34,4.86,6.24,5.66,5.68,5.56,5.86,5.76,5.84,6.09,6.49,6.28,6.41,6,5.4,6.05,6.63,6.18,6.4,6.43,5.18
C8orf31,5.43,5.33,5.79,5.84,5.64,5.7,5.9,6.15,5.73,5.77,5.98,6.02,5.57,5.21,5.85,6.03,5.74,5.64,5.86,5.67,6.26,5.77,5.95,6.05,5.78,6.02,5.89,5.6,5.51,5.5,4.63,6.24,6.1,6.5,5.91,5.9,6.2,6.23,5.97,5.68,6.2,5.58,5.75,5.04,5.67,5.48,5.77,5.71,6.05,4.09
C8orf33,9.23,9.3,9.32,9.29,9.51,9.3,9.4,9.53,9.32,9.3,9.32,9.29,9.21,8,9.28,9.27,9.33,9.4,9.31,9.36,9.08,8.98,9.1,9.28,9.09,9.25,9.33,9.26,9.39,9.45,8.1,7.86,9.19,9.25,9.17,9.36,9.39,9.49,9.43,9.58,9.28,9.19,9.41,8.87,9.5,9.37,9.57,9.47,9.5,7.96
C8orf33,9.33,9.39,9.5,9.43,9.71,9.41,9.55,9.65,9.44,9.5,9.43,9.35,9.23,8.02,9.4,9.45,9.5,9.35,9.44,9.45,9.23,9.26,9.25,9.37,9.4,9.39,9.45,9.33,9.52,9.51,6.69,9.26,9.44,9.44,9.47,9.55,9.48,9.61,9.33,9.6,9.53,9.45,9.6,8.79,9.56,9.58,9.59,9.58,9.61,8.63
C8orf33,9.23,9.24,9.25,9.2,9.33,9.22,8.87,9.28,9.22,9.3,9.28,9.12,9,8.35,9.26,9.3,9.31,9.12,9.14,9.22,8.98,9.18,9.09,9.28,9.25,9.22,9.33,9.37,9.13,8.39,7.9,8.56,9.47,9.45,9.48,9.44,9.22,9.44,9.26,9.38,9.28,9.06,8.94,8.22,9.37,9.29,9.28,9.39,9.4,8.27
C8orf34,3.75,3.89,3.66,3.83,4.33,3.92,3.81,3.94,3.72,3.88,4.1,4.01,4.04,5.67,3.89,4.17,3.6,3.95,3.91,3.94,4.26,3.82,3.99,3.84,3.77,3.84,4.05,4.27,3.88,4.26,5.61,5.95,3.78,3.76,3.86,3.83,4.55,4.1,4.18,4.03,3.66,3.86,4.03,5.68,4.18,4.02,3.93,3.82,3.9,5.89
C8orf34,4.31,4.38,4.24,4.59,4.73,4.03,5,4.4,4.46,4.2,4.51,4.39,4.77,5.43,4.67,4.53,4.61,4.51,4.43,4.3,4.52,4.53,4.57,4.29,4.51,4.22,4.35,4.54,4.77,4.75,5.77,5.01,4.4,4.24,4.87,4.42,4.4,4.4,4.31,4.24,4.2,4.47,4.27,5.54,4.73,4.63,4.05,4.63,4.75,6.24
C8orf34,5.87,6.02,5.96,6.25,6.5,6.18,6.26,6.47,5.96,5.85,6.63,6.26,5.87,8.87,6.11,6.32,6.4,6.23,6.05,5.98,6.02,6.31,6.17,6.2,6.09,5.66,6.12,6.35,6.17,5.94,7.63,7.17,5.77,5.91,6.44,6.1,6.01,6.25,6.35,6.27,6.41,6.43,5.88,8.43,6.01,6.12,6.51,6.14,6,8.57
C8orf34,4.61,4.64,4.57,4.78,5.09,4.96,4.72,4.73,4.69,4.57,4.85,4.73,4.47,6.05,4.73,4.65,4.66,4.99,4.72,4.81,4.71,4.93,4.59,4.96,5.16,4.53,4.73,4.7,4.81,5.92,7.29,5.7,5.06,4.69,4.75,4.78,4.69,4.9,5.55,4.67,4.69,4.69,5.35,6.55,4.71,5.54,5.11,4.85,4.64,7.01
C8orf34,3.93,3.9,3.44,3.76,3.68,3.43,4.38,3.78,3.81,3.8,3.83,3.92,4.08,4.95,3.79,3.63,4.05,3.77,3.69,3.78,3.81,3.9,3.85,3.8,3.9,3.76,3.46,3.8,3.84,3.79,4.54,3.75,3.81,3.73,4,4.02,3.59,3.67,3.6,3.63,3.72,4,3.95,4.41,3.54,3.64,3.55,3.66,3.5,5.83
C8orf37,4.77,4.49,4.21,4.33,4.36,3.99,4.18,4.32,4.62,4.25,4.6,4.59,4.64,4.89,4.28,4.3,4.44,4.27,4.28,4.22,4.33,4.4,4.38,4.4,4.37,4.59,4.34,4.28,4.58,4.42,5.02,4.24,4.46,4.39,4.3,4.15,4.53,4.39,4.51,4.03,4.2,3.94,4.4,3.92,4.31,4.05,4.49,4.33,4.17,3.92
C8orf38,8.71,8.72,8.66,8.66,8.77,8.45,7.85,8.51,8.99,8.76,8.79,8.8,8.78,7.89,8.72,8.61,8.72,8.7,8.64,8.6,8.58,8.63,8.71,8.56,8.6,8.7,8.74,8.82,8.73,8.48,6.31,7.6,8.59,8.64,8.52,8.65,8.46,8.62,8.23,8.72,8.79,8.42,8.47,7.32,8.91,8.68,8.7,8.76,8.72,7.3
C8orf38,5.05,4.78,5.06,4.79,4.96,4.74,5.09,4.96,4.99,4.96,4.99,4.94,4.62,4.51,4.85,5.23,5.15,5.1,4.75,5.08,4.83,4.69,4.92,5.12,5.07,4.88,4.72,4.93,4.67,4.84,4.81,5.7,4.89,4.7,4.83,5.25,5.14,4.93,4.11,4.91,4.9,5.37,4.67,4.88,5.31,5.12,5.12,5.23,4.99,4.28
C8orf38,9.02,9.25,9.19,9.1,9.21,9.17,8.48,9.12,9.22,9.25,9.34,9.1,8.93,6.24,9.12,9.07,9.19,8.97,9.09,9.22,9.01,9.02,8.98,9.11,9.05,9.01,9.28,9.28,9.09,8.8,6.84,6.27,9.01,9.02,9.17,9.18,9.18,9.19,8.47,9.28,9.11,8.84,8.97,7.16,9.48,9.22,9.38,9.23,9.06,7.02
C8orf38,4.95,4.8,4.93,4.92,4.94,4.77,5.96,4.9,5.19,5.18,5.33,4.69,5.06,6.63,4.79,5.17,4.65,5.06,4.86,5.08,5.28,4.78,4.85,4.76,4.71,5.04,4.72,5.27,4.81,5.89,6.38,6.06,4.91,4.9,5.04,4.96,4.97,4.82,4.92,4.99,5.09,4.92,4.94,5.46,5.4,5.28,5.31,4.86,4.64,6.84
C8orf4,3.58,3.6,3.54,3.43,4.05,3.51,3.66,3.37,3.92,3.59,3.6,3.58,3.7,3.72,3.59,3.59,3.42,3.76,3.47,3.43,3.73,3.45,3.76,3.47,3.56,3.59,3.53,3.67,3.59,4.84,7.41,3.99,3.46,3.42,3.55,3.48,3.82,3.41,3.76,3.48,3.38,3.47,3.55,4.08,3.38,3.64,3.31,3.49,3.56,3.86
C8orf40,10.21,10.4,10.36,10.37,10.13,10.26,9.96,10.11,10.35,10.34,10.26,10.34,10.23,8.84,10.09,10.06,10.26,10.34,10.37,10.52,9.97,9.96,10.01,10.09,10.01,10.15,10.37,10.31,10.26,10.21,7.97,9.23,9.86,9.99,9.99,10.2,10.21,10.2,10.25,10.34,10.45,10.18,10.25,8.61,10.62,10.41,10.42,10.29,10.3,8.7
C8orf41,8.28,7.99,8.14,8.26,8.17,8.12,8.06,7.95,8.25,8.36,8.06,7.98,7.91,6.86,7.99,8.03,8.23,8.59,8.45,8.5,8.17,7.88,7.92,7.95,8.01,8.01,8.33,8.22,7.99,7.93,7.42,7.65,8.31,8.24,8.22,8.14,8.05,8.14,8.12,8.11,8.2,8.04,7.92,6.99,8.26,8.03,8.18,8.19,8.17,6.55
C8orf41,8.55,8.48,8.62,8.73,8.76,8.77,8.26,8.74,8.64,8.73,8.71,8.57,8.46,4.21,8.58,8.56,8.64,9.11,9.1,9.08,8.47,8.36,8.55,8.66,8.55,8.63,8.8,8.77,8.54,7.85,5.72,5.15,8.62,8.75,8.83,8.68,8.61,8.77,8.83,8.93,8.78,8.75,8.56,4.58,8.82,8.56,8.88,8.68,8.68,6.31
C8orf41,8.99,9.03,9.02,8.97,9.01,8.9,8.03,8.74,8.99,8.99,8.89,8.91,8.8,8.51,8.81,8.97,8.86,9.42,9.38,9.38,9,8.87,8.83,8.84,8.72,8.68,9.13,8.99,8.99,8.45,7.48,8.48,8.91,9.06,9.1,8.85,8.71,8.88,8.49,9.08,9.09,8.97,9,7.65,9.02,8.85,8.96,9.11,9.08,8.52
C8orf41,8.03,8.12,8.02,8.05,8.18,7.96,8.11,7.36,8.14,8.08,8.41,7.72,7.74,10.01,7.98,8,8.2,8.38,8.17,8.3,7.97,7.61,7.98,7.88,7.95,7.57,7.98,8.04,8.25,7.26,7.02,9.1,7.89,7.74,8.02,7.73,7.64,7.96,7.84,7.96,7.78,7.72,8.07,9,8.01,7.99,7.87,7.94,7.97,9.9
C8orf42,4.62,4.31,4.29,4.6,4.27,4.31,4.27,3.89,4.31,4.33,4.5,4.32,4.4,5.06,4.55,4.26,4.4,4.53,4.32,4.22,4.88,4.64,4.45,4.02,4.59,4.25,4.23,4.24,4.53,4.14,4.97,4.56,4.45,4.39,4.58,4.53,4.29,4.24,3.89,4.23,4.42,4.53,4.48,5.86,4.36,4.09,4.38,4.36,4.38,5.16
C8orf42,4.49,4.56,4.76,4.66,4.84,4.96,4.89,4.58,4.47,4.46,4.72,4.59,4.52,5.22,4.63,4.7,4.77,4.75,4.41,4.7,4.57,4.73,4.51,4.59,4.59,4.58,4.46,4.74,4.84,5.72,4.54,4.69,4.63,4.49,4.62,4.49,4.79,4.46,4.99,4.46,4.62,4.81,4.61,5.2,4.53,4.7,4.59,4.44,4.71,5.54
C8orf42,4.2,4.46,4.31,4.39,4.25,4.46,4.98,4.42,4.4,4.66,4.37,4.6,4.39,5.53,4.52,4.47,4.41,4.22,4.17,4.5,4.31,4.44,4.44,4.42,4.5,4.25,4.13,4.71,4.21,4.29,4.92,5.05,4.54,4.24,4.54,4.41,4.74,4.4,3.64,4.15,4.36,4.96,4.39,5.66,4.24,4.45,4.33,4.54,4.28,5.21
C8orf44,5.02,5.1,5.3,5.17,5.12,4.86,5.62,5.22,5.09,5.01,5.15,5.16,5.15,5.26,5.12,5.17,4.93,4.77,5,5.59,5.19,5.26,5.54,5.26,5.66,5.58,5.29,5.24,5.39,5.2,5.25,5.06,4.91,4.98,4.8,5.2,5.35,4.83,5.62,5.31,5.2,5.68,5.44,5.08,5.19,4.99,4.86,4.93,5.14,4.94
C8orf44,5.97,5.79,6.15,6.03,6.55,6.67,6.14,6.03,5.94,5.97,5.85,5.75,5.79,5.69,6.02,6.45,5.95,6.13,6.17,6.25,6.2,6.27,6.16,6.02,6.36,5.87,6.04,6.1,5.91,4.92,5.57,6.37,5.57,5.57,5.81,6.32,5.88,5.87,5.93,5.91,5.93,6.53,6.61,5.85,5.99,6.47,5.81,5.95,5.79,6.27
C8orf44 /// SGK3,4.69,4.79,4.69,4.53,4.28,4.12,4.05,4.14,4.66,4.64,4.63,4.4,4.35,4.58,4.21,4.17,4.03,4.08,4.37,4.22,4.43,4.19,4.59,4.14,4.1,4.16,4.49,4.78,4.45,4.32,4.17,4.23,4.3,3.95,4.17,4.15,4.12,4.06,4.27,4.18,4.21,4.03,4.26,4.48,4.19,4,4.06,4.19,4.63,4.41
C8orf44 /// SGK3,5.3,5.12,5.29,5.37,5.14,4.97,5.08,5.59,5.33,5.47,5.52,5.03,5.22,5.88,5.05,5.26,5.15,5.31,5.19,5.14,5.37,5.21,5.27,5.13,5.6,5.03,5.11,5.69,5.32,5.65,6.66,6.98,5.28,5.31,5.27,5.13,5.09,5.22,4.44,5.56,5.53,5.55,5.4,6.29,5.32,5.31,5.62,5.51,5.4,6
C8orf45,3.7,3.75,3.7,3.72,4.19,3.98,3.98,3.57,3.79,3.68,3.82,4,3.94,4.29,3.85,3.81,3.81,3.91,3.65,3.71,3.68,3.85,3.61,3.48,3.57,3.6,3.68,3.71,3.73,5.2,7.36,5.84,3.92,3.67,3.44,3.5,3.68,3.57,3.94,3.57,3.8,3.93,3.77,4.2,3.51,3.68,3.47,3.64,3.56,4.04
C8orf45,4.52,4.62,3.93,4.08,4.48,4.2,4.59,3.98,4.23,4.26,4.12,4.21,4.49,4.25,4.07,4.33,4.16,4.09,3.92,4,4.35,4.22,4.19,4.03,3.75,3.99,4.45,3.93,3.99,4.64,5.12,4.45,4.3,3.96,3.98,3.78,4.2,3.9,4.42,3.76,4.05,3.88,3.96,5.68,4.16,3.94,3.92,3.99,3.98,3.85
C8orf45,3.83,4.03,4.2,3.61,3.72,3.86,4.55,3.77,4.04,3.75,4,3.85,3.86,5.46,4.14,3.89,4.41,3.66,3.79,3.82,3.7,3.91,3.96,3.89,4.19,3.87,4.06,3.94,3.7,5.37,4.53,4.29,3.93,4.01,3.92,3.91,3.71,4.18,3.96,3.89,3.9,3.98,3.68,4.39,4.39,3.76,3.78,3.88,3.89,4.85
C8orf46,4.31,4.23,3.76,3.78,4.36,4.7,4.2,4.34,3.95,3.81,3.95,4.15,4.14,3.89,3.91,4.18,4.03,3.87,4.13,3.76,4.01,4.17,3.93,3.97,4.08,4.03,4.12,3.84,3.93,4.11,4.77,5.59,4.15,4.03,3.97,3.79,4.3,3.96,4.71,4.21,3.73,4.02,4.23,4.46,4.29,4.33,4.04,3.83,4.07,4.37
C8orf46,3.78,3.73,3.72,3.63,3.88,4.05,4.39,3.88,3.73,3.66,3.66,3.61,3.71,5.13,3.58,3.77,3.78,3.76,3.57,3.77,3.68,3.84,3.67,3.76,3.58,3.7,3.74,3.97,3.79,4.37,5.05,6.17,3.86,3.65,3.88,3.67,3.65,3.58,4.31,3.6,3.71,3.81,4.03,4.7,3.89,3.95,3.74,3.75,3.58,5.76
C8orf46,3.6,4.34,3.57,3.69,3.41,3.84,3.48,3.48,3.65,3.73,4,3.86,3.98,4.02,3.94,3.53,3.52,3.64,3.5,3.6,3.84,3.5,3.86,3.54,3.45,3.39,3.69,3.72,3.68,4.62,4.38,4.71,3.48,3.97,3.54,3.41,3.74,3.56,3.51,3.33,3.42,3.85,3.37,4.63,3.32,3.29,3.64,3.57,3.44,4.89
C8orf47,3.71,3.55,3.71,3.85,3.68,3.97,3.86,3.59,3.81,3.63,3.62,3.59,3.56,4.16,3.68,3.47,3.59,3.57,3.54,3.56,3.71,3.72,3.6,3.88,3.76,3.77,3.53,3.75,3.54,5.41,4.22,4.33,3.69,3.41,3.63,3.74,3.75,3.9,4.69,3.71,4.02,3.71,3.96,4.16,3.69,3.67,3.68,3.58,3.65,4.52
C8orf48,3.73,3.64,3.77,3.81,4.19,3.88,3.35,3.96,3.8,3.81,3.73,3.68,3.49,6.36,3.76,3.82,3.7,4.01,3.93,3.52,3.6,3.77,3.72,3.81,3.66,3.73,3.64,3.74,3.76,3.44,3.45,4.7,3.63,3.61,3.78,3.73,4.44,3.51,3.48,3.62,3.44,3.74,3.76,4.16,3.67,3.57,3.97,3.76,3.9,4.19
C8orf49,4.75,4.58,4.71,4.41,5.27,5.25,5.27,4.93,4.53,4.68,4.51,4.79,4.21,5.14,4.86,5.02,4.88,4.88,4.84,5.03,4.55,4.85,4.38,5.19,4.82,4.78,4.6,5.02,5.06,4.47,5.67,4.89,4.8,4.88,4.86,5.22,5.07,5.22,4.73,4.96,5.1,4.61,4.92,5.2,4.57,5.15,5.24,4.9,5,5.62
C8orf54,4.18,4.04,4.28,3.98,3.77,4.23,5.07,4.4,3.98,3.87,4.3,4.31,4.18,4.64,4.09,4.91,4.04,3.88,4.17,4.27,3.94,4.13,3.95,4.13,4.15,4.03,4.45,4.02,3.93,3.6,5.15,5.49,4.32,3.95,4.09,4.3,4.18,4.08,4.8,4.02,3.98,4.28,4.09,4.61,3.97,4.94,4.63,3.87,4,6.26
C8orf55,5.43,4.91,5.34,5.51,5.92,5.59,5.84,5.78,5.02,5.26,5.17,5.18,5,5.16,5.36,5.51,5.12,5.25,5.5,5.39,4.9,5.08,4.9,5.35,5.26,5.2,5.45,5.19,5.14,5.23,5.25,5.75,5.39,5.23,5.13,5.2,5.42,5.44,5.55,5.45,5.41,5.59,5.66,5.35,5.62,5.62,5.82,5.48,5.24,5.65
C8orf55,5.65,5.09,5.78,5.72,5.98,5.81,4.71,6.01,5.4,5.65,5.11,5.53,5.48,5.3,5.28,5.56,5.34,5.98,5.76,5.88,5.26,5.39,5.08,5.68,5.68,5.63,5.71,5.72,5.2,4.95,5.5,6.67,5.48,5.64,5.49,5.68,5.55,5.88,3.98,5.68,5.95,5.9,5.58,6.16,5.85,5.88,5.79,5.38,5.43,5.79
C8orf55,7.3,7.12,7.7,7.41,7.75,7.91,7.05,7.19,7.27,7.31,7.62,7.05,7.04,6.65,7.07,6.88,7.27,7.54,7.38,7.19,6.95,6.71,6.86,7.14,6.81,7.07,7.63,7.19,7.16,7.62,6.75,6.33,7.52,7.15,7.38,7.15,7.32,7.3,7.81,7.46,7.47,7.46,7.65,7.3,7.53,7.92,7.64,7.32,7.34,7.5
C8orf58 /// PDLIM2,6.51,6.38,6.89,6.74,6.81,6.92,6.74,6.83,6.66,6.7,6.74,6.76,6.48,5.73,6.59,6.72,6.74,6.92,6.75,6.71,6.47,6.88,6.95,6.77,6.93,6.82,6.95,6.78,6.98,4.7,4.46,6.46,6.72,6.87,6.8,6.98,6.83,6.7,6.29,7.04,6.87,6.82,6.93,6.76,6.83,6.67,6.77,6.98,7.24,5.64
C8orf58 /// PDLIM2,4.94,4.78,5.15,5.41,4.87,5.23,6.12,5.28,5.1,5.23,4.96,5.15,5.11,5.35,5.1,4.99,5.11,5.31,5.17,5.04,5.33,5.46,5.03,4.9,5.61,5.27,5.14,4.95,5.2,4.91,5.1,5.18,5.65,5.16,5.1,5.14,5.56,4.78,5.24,4.99,5,5.21,5.27,4.58,4.74,5.26,4.96,4.97,5.01,4.87
C8orf58 /// PDLIM2,6.51,6.22,6.53,6.71,6.64,6.88,6.71,6.91,6.59,6.54,6.29,6.58,6.55,6.82,6.53,6.79,6.39,6.64,6.68,6.51,6.64,6.67,6.63,6.4,6.88,6.58,6.78,6.3,6.17,6.83,7.8,6.86,6.58,6.55,6.55,6.4,6.67,6.26,5.86,6.67,6.69,7,6.56,7.43,6.58,6.84,6.52,6.75,6.53,6.25
C8orf59,6.73,7.26,7.01,6.94,7.32,6.75,7.19,6.74,6.72,7.08,7.34,6.8,6.35,9.14,6.46,6.31,6.69,7.21,7.09,7.01,6.32,6.63,6.46,6.31,6.61,6.06,6.74,7.04,6.98,6.34,5.53,8,5.85,6.12,6.38,6.26,6.05,6.57,6.4,6.64,6.65,6.52,7.25,8.93,6.9,6.51,6.59,7.06,6.79,9.13
C8orf59,9.13,9.17,9.14,9.12,8.95,9.05,8.4,8.81,9.14,9.18,9.13,9.18,9.21,7.4,8.98,8.89,8.95,9.36,9.52,9.43,9.15,9.05,9.18,8.97,9.03,9.19,9.18,9.17,9.05,7.72,5.54,8.08,8.67,8.68,8.63,9,8.93,9,9.05,9.44,9.42,9.3,9.13,7.33,9.61,9.6,9.57,9.39,9.4,7.32
C8orf59,9.15,9.48,9.27,9.29,9.15,9.42,9.06,9.18,9.47,9.15,9.34,9.24,9.27,8.33,9.04,9.15,9.08,9.4,9.56,9.45,9.23,9.11,9.33,9.27,9.22,9.08,9.35,9.1,9.32,9.4,7.79,8.18,8.92,8.86,8.66,9.13,9.39,9.16,9.28,9.36,9.28,9.45,9.26,7.77,9.69,9.15,9.72,9.4,9.34,7.63
C8orf73,5.91,6.23,6.39,6.1,6.44,6.59,6.38,6.66,5.68,6.2,6.37,5.86,5.78,5.31,5.83,6,5.89,5.94,5.98,5.3,5.9,5.91,6.17,6.1,5.86,5.87,6.09,5.81,6.29,6.27,5,4.83,5.91,6,5.42,5.96,5.87,5.88,5.27,6.29,6.1,6.31,6.23,4.99,5.75,5.85,5.71,6.3,6.57,6.36
C8orf74,3.74,3.8,3.69,3.81,3.94,4.06,4.87,3.61,3.65,3.71,3.7,3.85,3.84,3.93,3.54,3.58,3.49,3.78,3.45,3.61,3.81,3.73,3.61,3.62,3.59,3.89,3.63,3.67,4,4.38,5.93,5.62,3.8,3.9,3.53,3.47,3.73,3.7,3.81,3.57,3.61,3.56,4.16,5.89,3.97,3.79,3.85,3.58,3.63,3.81
C8orf76,8.6,9.02,8.65,8.66,8.89,8.86,8.56,8.17,8.93,8.78,9.13,8.83,8.9,8.36,8.72,8.52,8.7,8.71,8.73,8.61,8.64,8.68,9.01,8.51,8.46,8.55,8.71,8.7,9.04,8.62,5.37,8.06,8.74,8.7,8.7,8.66,8.45,8.57,7.45,8.68,8.8,8.63,8.58,7.76,8.38,8.56,8.58,8.65,8.92,7.57
C8orf76,6.8,6.76,6.89,6.77,6.96,6.98,5.66,6.64,7.02,7.18,7.04,6.61,6.95,7.12,6.74,6.59,6.71,6.63,6.88,6.95,6.77,6.7,6.81,6.68,6.93,6.78,7.22,6.85,7.22,7.15,7.03,9.12,6.67,6.75,6.74,6.77,6.66,6.98,6.49,7.13,7.06,6.82,6.83,6.15,6.7,6.78,6.75,7.07,7.03,6.77
C8orf76,7.58,7.55,7.66,7.63,7.82,7.68,7.53,7.9,7.8,7.35,8.1,7.54,7.51,6.39,7.51,7.52,7.49,7.66,7.71,7.63,7.43,7.43,7.46,7.42,7.47,7.39,7.52,7.56,7.86,7.06,6.97,7.03,7.3,7.59,7.36,7.28,7.47,7.4,8.1,7.7,7.83,7.82,7.56,7.57,7.6,7.83,7.56,7.66,7.4,6.64
C8orf79,3.68,3.71,3.5,4.17,3.57,3.61,4.28,3.71,3.7,3.72,3.96,3.78,3.75,3.97,3.68,3.62,3.65,3.6,3.83,3.71,3.7,3.66,3.71,3.5,3.55,3.5,3.7,3.7,3.77,4.65,4.66,6.31,4.17,3.88,3.68,3.49,3.7,3.96,4.54,3.56,3.98,4.05,4.08,4.67,3.45,4.63,3.7,3.74,3.51,4.59
C8orf79,3.98,4.24,4.1,4.37,4.35,3.97,4.5,4.09,3.92,4.12,3.96,4.21,4.12,4.97,4.22,4.11,4.02,3.99,4.08,4.18,4.2,4.1,4.2,4.36,4.42,4.24,4.3,4.32,4.46,5.41,5.39,4.53,4.16,3.8,4.25,4.1,4.51,4.12,5.01,4.29,4.24,4.02,4.25,4.68,4.48,4.58,4.06,4.08,3.94,4.07
C8orf79,4.76,4.89,4.77,4.63,4.87,4.68,4.93,4.65,4.64,4.48,4.89,5.6,5.01,5.79,4.63,4.87,4.56,4.8,4.65,4.87,4.97,4.82,5.01,5.05,4.39,4.43,4.65,4.96,4.97,5.3,4.26,6.65,4.67,4.5,4.62,4.3,4.3,4.23,4.9,4.96,4.3,4.86,4.79,4.39,4.35,4.64,4.6,4.26,4.37,5.87
C8orf80,3.61,3.68,3.67,3.52,3.76,3.89,5.87,3.49,3.57,3.62,3.56,3.57,3.59,4.91,3.37,3.57,3.59,3.81,3.7,3.73,3.93,3.61,3.6,3.85,3.4,4.2,3.7,3.62,3.7,5.3,5.42,5.65,3.62,3.63,3.5,3.71,3.58,3.57,5.28,3.83,3.32,3.32,3.71,3.75,3.85,4.12,3.69,3.36,3.5,4.83
C8orf82,7.76,7.62,7.92,7.97,8,7.88,7.96,7.73,7.7,7.76,8.16,7.81,7.6,7.4,7.35,7.29,7.44,7.56,7.75,7.39,7.21,7.45,7.71,7.47,7.64,7.56,7.91,7.66,8.08,7.05,6.04,6.78,7.55,7.25,7.51,7.51,7.5,7.63,7.86,8.16,7.94,7.95,7.83,6.6,8.03,8.15,8.12,7.62,7.97,6.89
C8orf83,6.43,6.61,6.6,6.47,6.62,6.78,5.99,6.34,6.61,6.63,6.69,6.69,6.58,7.24,6.58,6.44,6.85,6.79,7.05,6.81,6.68,6.69,6.78,6.69,6.71,6.83,6.65,6.61,6.24,6.55,5.91,7.3,6.43,6.21,6.33,6.7,6.59,6.84,6.28,6.15,6.47,6.33,6.68,6.99,7.01,6.81,6.86,6.71,6.78,7.05
C8orf83,8.09,8.13,8.07,8.23,8.02,7.84,7.51,8.06,8.05,8.26,8.23,8.39,8.07,7.79,8.15,8.29,8.11,7.94,7.89,8.17,8.32,8.17,8.36,8.37,8.43,8.44,7.92,8.25,8.08,7.68,6.37,7.44,7.79,7.9,7.96,8.37,7.88,8.36,7.86,8.2,7.71,8.03,7.88,7.84,8.18,8.2,8.31,8.28,7.97,8.46
C8orf84,3.47,3.45,3.43,3.56,3.62,3.62,3.34,3.56,3.37,3.33,3.4,3.41,3.63,4.37,3.51,3.58,3.72,3.64,3.39,3.51,3.37,3.54,3.46,3.4,3.42,3.44,3.51,3.31,3.36,3.68,4.43,3.8,3.47,3.48,3.35,3.49,3.57,3.42,3.69,3.56,3.77,3.3,3.58,4.14,3.34,3.55,3.63,3.51,3.43,4.31
C8orf84,5.8,6.05,5.56,6.06,5.62,5.47,6.76,5.67,5.77,6.17,5.94,6.25,5.69,6.61,5.64,5.85,5.97,5.68,5.98,5.95,5.97,6.4,5.97,5.5,5.72,5.39,5.91,6.14,6.45,5.76,7.16,7.43,5.83,5.87,6.08,5.39,5.77,5.78,5.98,5.87,5.68,5.68,6.05,7.14,5.41,6.07,6.03,5.9,5.64,5.98
C8orf84,3.77,3.64,3.58,3.55,4.05,3.74,4.41,4,3.83,3.56,3.84,3.68,3.86,4.31,3.4,3.74,3.57,3.7,3.68,3.6,3.9,3.78,3.99,3.66,3.76,3.57,3.7,3.68,4.44,5.37,5.96,4.27,3.81,3.5,4.01,3.61,3.62,3.49,4.42,3.77,3.81,3.98,3.72,5.15,3.61,4.16,3.74,3.83,3.81,5.43
C8orf85,5.29,5.35,5.79,5.46,4.66,5.2,5.41,5.35,5.57,5.29,5.59,5.3,5.41,6.05,5.41,5.51,5.6,5.77,5.92,5.74,5.14,5.53,5.19,5.74,5.44,4.87,5.32,5.65,5.08,4.88,5.18,6.12,4.86,5.06,5.86,5.5,4.77,5.24,4.89,4.92,5.06,5.7,5.43,6.73,5.15,5.8,5.84,5.16,5.44,5.8
C8orf85,4.1,4.31,4.29,4.13,4.29,4.35,3.84,4.09,4.34,4.51,3.82,3.96,4.23,4.61,4.46,4.25,3.95,4.5,4.59,4.5,4.39,4.21,4.18,4.31,3.96,4.48,4.08,4.09,4.4,5.36,7.49,4.66,4.45,4.02,4.15,4.23,5.39,4.24,4.16,4.73,4.08,4.05,4.49,5.24,4.13,4.34,4.82,4.23,4.42,4.96
C8orf86,4.79,4.17,4.49,4.47,3.99,4.47,3.81,4.19,4.44,4.35,4.21,4.55,4.3,4.34,4.32,4.02,4.22,4.26,4.17,4.17,4.53,4.21,4.17,3.96,4,4.12,4.46,4.34,3.99,5.3,4.74,5.53,4.68,4.38,4.49,4.18,4.27,3.96,4.95,4.04,4.63,4.95,4.2,4.4,3.58,3.53,4.63,4.15,3.76,4.31
C8orf86,3.29,3.25,3.28,3.79,4.16,3.6,3.77,3.47,3.42,3.43,3.52,3.37,3.4,4.43,3.38,3.61,3.7,3.35,3.42,3.33,3.4,3.86,3.45,3.3,3.54,3.28,3.32,3.35,3.16,3.96,4.92,5.25,3.31,3.62,3.44,3.61,3.57,3.58,3.92,3.21,3.67,3.5,3.51,4.59,3.53,3.58,4.17,3.21,3.36,4.03
C8orf86,3.57,3.47,3.34,3.41,3.43,3.97,3.73,3.76,3.63,3.58,3.59,3.8,3.41,3.33,3.75,3.68,3.34,3.39,3.38,3.4,3.66,3.58,3.43,3.34,3.54,3.48,3.54,3.33,3.54,4.15,4.64,3.53,3.28,3.79,3.44,3.33,3.37,3.27,3.79,3.32,3.35,3.8,3.35,5.08,3.61,3.49,3.67,3.42,3.44,4.55
C8ORFK29,6.54,6.47,6.7,6.94,6.6,7.21,6.82,6.66,6.38,6.7,6.53,6.58,6.54,5.44,6.33,6.45,6.45,6.54,6.52,6.35,6.64,6.3,6.62,6.68,6.62,6.9,6.28,6.72,6.79,6.86,5.82,5.57,6.51,6.38,6.38,6.41,6.19,6.66,5.62,6.76,6.49,6.89,7.16,6.15,6.98,6.94,6.74,6.6,6.41,5.8
C9,3.87,4.04,3.68,3.94,3.7,4.07,3.97,3.48,3.97,4.13,4.14,3.91,4.09,4.07,3.74,4.07,3.65,3.74,4.06,3.68,4.02,3.97,3.89,3.97,3.76,3.97,3.59,3.97,3.79,4.53,5.59,4.35,3.92,3.77,3.87,3.53,4.01,3.68,4.08,3.57,3.55,4.27,3.91,4.56,3.77,3.74,3.82,4,3.96,4
C9,4.59,4.66,4.41,4.99,4.58,4.35,4.91,4.19,4.87,4.54,4.93,4.76,4.79,7.13,4.27,4.58,4.64,4.34,4.45,4.89,4.73,4.86,4.56,4.27,4.64,4.59,4.82,4.62,5.23,4.43,5.98,6.44,4.62,4.66,4.71,4.46,4.15,4.78,4.99,4.21,4.67,4.52,4.81,5.48,4.49,4.12,4.78,4.83,4.34,6.64
C9orf100,6.61,6.41,6.74,6.63,6.6,6.69,5.68,6.81,6.58,6.64,6.76,6.34,5.98,5.34,5.39,5.7,5.78,6.89,6.63,6.86,4.73,5,5.07,5.3,5.44,4.75,6.44,6.59,6.48,5.91,5.47,6.18,6.06,6.73,6.63,5.78,5.83,5.99,5.76,6.7,6.86,6.45,6.71,5.6,5.75,5.18,5.04,6.49,6.55,6.14
C9orf100,4.85,4.6,5.17,5.34,4.71,5.7,4.08,4.95,5.22,5.25,5.32,5.01,4.61,4.99,4.78,4.86,4.72,5.13,5.19,5.28,4.33,4.74,4.61,4.61,4.72,4.65,5.21,5.23,5.09,4.73,5.2,6.72,4.64,4.65,4.89,4.87,4.68,5.18,6.58,4.83,5.56,5.03,5.02,5.68,4.64,4.79,5,4.9,5.12,5.45
C9orf100,4.81,4.71,5.23,4.66,4.48,4.63,3.72,5.03,4.81,4.98,4.54,4.42,4.29,3.58,4.39,4.25,4.44,4.85,5.36,5.08,3.76,4.26,4.09,3.74,3.76,3.92,4.72,5.04,4.82,4.28,4.8,4.76,4.55,4.86,4.68,4.54,4.57,4.55,4.07,5.2,5.22,4.64,4.49,5.12,4.15,4.42,4.33,4.99,4.61,4.6
C9orf102,4.63,5.08,4.42,4.87,4.47,4.04,4.63,4.13,4.99,4.89,4.86,5.01,5.25,5.29,4.35,4.21,4.49,4.48,4.25,4.37,4.9,5.09,5.06,4.56,4.03,4.45,4.52,4.64,4.87,5.47,5.74,4.84,4.46,4.7,4.61,4.37,4.83,4.33,4.98,4.38,4.23,4.42,4.42,5.16,4.3,4.31,4.12,4.39,4.44,5.13
C9orf102,4.04,3.88,3.78,3.81,3.58,4.68,3.93,3.95,4.09,3.94,3.67,4.08,3.81,3.52,3.93,3.92,4.22,4.01,4.03,3.7,3.82,4.34,3.94,4.07,4.01,3.89,4.14,3.63,4.02,4.13,4.29,5.72,3.9,3.88,3.93,3.82,3.94,3.93,4.68,4.45,4.19,3.56,3.58,3.98,3.76,4.04,4.07,3.67,3.69,5.89
C9orf102,3.87,3.61,3.98,3.79,4.15,3.94,3.53,3.7,4.07,3.7,3.59,3.58,3.58,4.25,4.01,3.77,3.87,3.78,3.81,3.9,3.53,3.92,3.76,4.57,4.08,4.17,4.27,3.9,3.87,3.97,4.41,3.8,3.71,3.51,3.69,4.14,3.63,3.65,3.53,4.28,4.39,3.59,3.63,3.97,4,3.68,4.1,3.74,3.44,4.07
C9orf102,4.38,4.75,4.23,4.08,3.72,4.71,3.95,4.22,4.31,4.19,4.39,4.3,4.35,5.76,4.55,4.31,4.24,4.29,4.47,4.13,4.34,4.34,4.76,4.54,4.58,4.8,4.32,4.71,4.31,3.99,3.94,3.95,3.98,4.25,4.16,4.35,4.05,4.15,3.89,4.46,4.3,4.25,3.8,3.79,4.32,3.83,4.58,4.05,3.85,4.15
C9orf102,6.8,6.88,6.67,6.84,7.51,7.36,7.04,7.24,6.58,6.62,7.06,6.81,6.6,6.74,6.99,6.93,6.99,6.55,6.87,6.76,6.61,6.68,7.19,7.29,6.87,7.09,6.7,6.61,6.69,6.74,6.23,6.02,7.02,6.64,6.95,6.84,7.04,6.84,6.75,7.02,7.4,6.96,6.86,6.94,7.42,7.45,7.33,6.91,6.99,6.53
C9orf103,5.9,6.15,6.04,5.93,6.06,6.26,6.25,6.36,6.33,6.36,6.55,6.02,6.18,6.36,6.48,6.23,6.45,6.62,6.47,6.53,6.8,6.55,6.79,6.51,6.35,6.5,6.25,6.09,6.26,5.29,4.52,4.74,6.5,6.21,6.31,6.59,6.67,6.56,5.52,6.25,6.36,6.26,6.48,5.27,6.52,6.27,6.17,6.39,6.3,4.83
C9orf106,4.42,4.34,4.13,4.24,4.34,4.37,4,4.41,4.15,4.26,3.98,4.39,4.29,4.26,4.12,4.53,3.93,4.25,4.31,3.89,4.01,4.15,4.09,4.09,4.07,4.08,3.8,3.99,3.99,4.03,5.63,4.26,3.98,4.34,4.52,3.87,3.78,4.08,4.18,4.43,3.89,4.15,3.97,3.95,4.13,4.06,4.11,4.18,3.95,3.87
C9orf109 /// C9orf110,5.76,5.77,6.07,5.74,6.09,6.47,6.02,6.2,5.78,5.54,5.5,5.81,5.67,6.27,5.54,5.74,5.96,5.92,6.2,5.86,5.8,5.87,5.89,6.06,5.78,6.05,5.84,6.06,5.87,7.12,6.43,6.78,5.59,5.74,5.96,5.7,5.85,6.15,7.27,6.17,5.8,5.99,5.95,7.23,6.22,6.11,5.6,5.92,5.65,7.7
C9orf11,3.72,3.74,3.35,3.39,3.94,3.66,3.63,3.9,3.59,3.64,3.57,3.62,3.54,4.55,3.71,3.57,3.47,3.49,3.76,3.56,3.83,3.68,3.85,3.86,3.4,3.45,3.58,3.75,3.64,5.24,4.22,4.78,3.53,3.66,3.58,3.75,3.89,3.71,3.88,3.59,3.73,3.64,3.74,4.41,4,4.32,4.09,3.58,3.62,5.41
C9orf11,4.05,3.71,3.71,3.71,3.53,4.03,4.23,3.3,3.8,3.69,3.81,3.85,3.77,4.09,3.88,4.24,3.76,3.92,3.67,3.61,3.72,3.61,3.92,3.77,3.93,3.57,3.64,3.77,3.86,4.31,5.29,4.87,3.87,3.69,4.21,3.68,3.82,3.61,4.11,3.71,3.76,3.61,3.93,4.08,3.66,3.64,4.09,3.52,3.76,4.01
C9orf114,8.24,8.02,8.39,8.22,8.42,8.4,7.35,8.31,8.21,8.09,8.03,8.13,7.8,7.94,7.85,8.17,8.21,8.19,8.3,8.3,7.83,7.6,7.75,7.99,7.92,7.89,8.34,8.07,8.28,8.02,7.12,8.23,8.19,8.06,8.31,8.03,8.15,8.21,7.97,8.39,8.31,8.01,8.19,8.6,8.17,8.07,8.26,8.15,8.01,8.23
C9orf114,4.24,4.39,4.26,4.42,4.7,4.23,5.23,4.18,4.27,4.01,4.18,4.24,4.32,4.69,4.16,4.07,4.31,4.2,3.9,3.9,4.42,4.18,4.01,3.93,3.89,4.07,4.51,4.36,4.21,5.18,4.56,4.79,4.27,4.29,3.99,4.13,3.93,4.19,4.23,3.92,4,4.43,4.36,3.64,4.04,4.91,3.93,4.21,3.91,4.44
C9orf116,5.74,5.63,6.16,5.84,6.26,5.8,5.67,6,5.69,5.73,5.81,5.72,5.78,5.66,5.66,5.53,5.94,5.6,5.84,5.52,5.69,5.76,5.79,5.84,5.73,5.46,6.1,5.97,5.87,5.93,6.45,6,5.86,6.17,5.89,5.89,5.48,5.86,5.29,5.86,5.91,5.9,6.05,5.61,6.7,5.85,6.4,6.24,5.67,5.29
C9orf117,3.74,3.75,3.58,3.87,4.5,4.11,4.04,4.13,3.62,3.75,4.19,3.68,3.67,6.56,4.01,3.92,4.51,3.92,3.82,3.94,3.98,3.91,3.93,3.97,3.93,3.67,3.81,4.07,3.97,4.51,5.93,4.76,4.05,4.08,4.15,3.86,3.9,4.22,3.52,4.05,3.94,3.69,4.66,6.9,3.98,3.87,3.98,4.15,3.86,6.62
C9orf117,3.72,3.81,4.19,3.77,4.39,3.84,3.88,4.04,3.9,4.12,4.08,3.83,3.78,4.48,4.21,3.67,3.65,4.16,3.99,4.26,3.89,3.94,3.87,4.34,3.85,4.05,3.62,4.22,3.85,4.24,3.81,4.61,3.62,4.09,4.2,4.02,3.71,3.92,3.4,3.66,3.75,3.74,3.97,3.4,3.98,3.75,3.91,3.93,3.73,4.45
C9orf119,9.66,9.7,9.79,9.66,9.98,9.83,9.63,9.67,9.64,9.58,9.74,9.74,9.84,8.3,9.59,9.76,9.65,9.8,9.86,9.64,10.04,9.79,9.91,9.79,9.8,9.94,9.71,9.49,9.83,9.87,6.57,7.62,9.91,9.84,9.73,9.78,9.77,9.74,10.42,9.99,10.12,9.86,9.75,8.38,9.91,9.78,9.61,9.89,9.9,6.97
C9orf123,3.56,3.51,3.35,3.48,3.49,3.87,3.61,3.88,3.65,3.52,3.46,3.48,3.57,3.69,3.86,3.46,3.61,3.47,3.57,3.4,3.4,3.5,3.5,3.54,3.56,3.66,3.65,3.4,3.56,3.65,5.29,3.85,3.43,3.43,3.63,3.82,3.43,3.76,4.44,3.46,3.52,3.37,3.55,3.85,3.8,3.53,3.59,3.49,3.54,3.47
C9orf123,10.65,10.74,10.76,10.78,10.85,10.76,10.52,10.78,10.77,10.78,10.51,10.74,10.72,8.56,10.44,10.51,10.49,11.08,11.14,10.98,10.7,10.64,10.55,10.5,10.48,10.45,10.93,10.75,10.73,10.01,7.55,9.06,10.07,10.09,10.23,10.64,10.69,10.53,10.42,10.88,10.85,10.86,10.81,8.64,11.1,10.99,11.02,10.64,10.69,8.22
C9orf123,5.37,5.27,5.61,5.5,5.37,5.77,6.15,5.38,5.6,5.41,5.7,5.56,5.55,6.61,5.55,5.57,5.16,5.84,5.76,5.37,5.2,5.57,5.72,5.18,5.5,5.31,5.48,5.23,5.26,5.67,5.29,6.28,5.22,5.65,5.23,5.39,5.2,5.29,5.62,5.4,5.57,5.67,5.6,5.44,5.33,5.6,5.29,5.79,5.53,5.72
C9orf123,10.32,10.39,10.49,10.38,10.54,10.42,9.97,10.42,10.31,10.44,10.25,10.39,10.34,7.65,10.1,10,10.16,10.67,10.77,10.62,10.35,10.22,10.19,10.04,10.12,10.02,10.44,10.32,10.37,9.88,6.77,7.06,9.74,9.82,9.83,10.26,10.23,10.32,10.07,10.47,10.43,10.46,10.45,7.58,10.71,10.6,10.7,10.38,10.31,6.97
C9orf123,5.11,5.15,4.84,4.86,4.82,5.06,4.91,5.07,5.18,4.75,4.93,5.12,5.1,5.97,5.1,5.24,5.08,5.36,5.15,5.3,4.94,5,4.76,5.44,4.81,4.91,5.16,5.09,4.88,4.61,4.98,4.94,4.67,4.55,4.98,5.15,4.85,4.74,5.35,4.9,5.29,5.58,4.48,6.56,5.25,5.4,5.51,4.63,5.15,6.11
C9orf125,3.93,3.89,4.13,4.03,4.32,4.04,4.5,4.3,4.21,4.18,4.26,4.07,4.18,5.11,4.42,4.33,4.04,4.02,4.15,4.12,4.31,4.21,4.19,3.98,4.07,3.77,4.22,4.24,4.45,4.36,4.63,4.28,4.17,4.11,4.09,4.12,4.24,4.03,5.36,4.45,4.19,4.47,4.49,4.71,4.14,4.53,4.28,4.47,4.25,4.81
C9orf128,4.16,4.31,4.3,4.43,5.01,4.55,4.95,4.22,4.2,4.3,4.47,4.36,4.37,5.71,4.54,4.4,4.39,4.69,4.46,4.4,4.53,4.44,4.24,4.5,4.39,4.38,4.44,4.41,4.49,5.42,5.18,4.57,4.54,4.45,4.54,4.29,4.29,4.06,6.1,3.98,4.67,4.47,4.28,5.64,4.69,4.47,4.51,4.23,4.38,5.69
C9orf128,3.95,4.08,4.35,3.94,4.44,4.2,4.22,4.07,3.8,4.12,4.3,4.22,3.92,4.38,4.09,4.17,3.93,3.75,4.36,4.24,3.83,4.06,4.11,4.19,4.12,3.97,4.04,4.06,4.06,4,4.17,4.11,4.1,4.08,4.04,4.14,4.03,3.89,4.81,3.95,3.96,3.83,4.06,4.11,3.81,4.16,4.13,3.88,3.83,4.65
C9orf129,4,3.75,3.76,3.89,4.06,3.73,3.6,3.71,3.55,3.9,4.08,3.8,3.73,4.08,3.89,4.01,3.61,3.72,4.03,3.79,3.66,3.84,3.69,3.78,4.2,3.68,3.98,4.05,3.91,4.59,6.09,4.56,3.8,3.87,4.04,3.62,4.01,4.18,3.9,3.9,3.94,3.98,4.15,5.14,3.75,3.86,3.82,3.9,3.8,4.32
C9orf130,4.86,5.34,4.41,4.7,5.16,4.71,5.24,4.32,5.04,4.74,5.14,4.97,5.58,4.66,4.42,4.41,4.51,4.59,4.72,4.49,5.28,5.07,5.14,4.89,4.69,4.69,4.81,4.87,5.15,5.94,5.45,4.28,5.01,4.81,4.75,4.75,4.92,4.65,6.06,4.33,4.13,5.07,4.91,5.11,4.71,5.32,4.54,4.81,4.8,5.94
C9orf131,3.91,3.95,4.29,3.91,4.12,4.01,4.99,3.87,3.92,3.92,3.88,3.89,3.75,3.89,4.19,4.04,3.91,4.23,3.9,4.02,4.07,4.03,3.93,4.54,4.37,4.3,4.31,4.13,4.38,5.75,4.32,6.19,4.01,4.34,4.4,3.8,4.23,4.08,4.41,4.24,3.99,4,4.27,5.61,3.86,4.25,4.49,3.88,4.08,5.19
C9orf135,4.14,4.34,4.05,4.34,4.06,4.14,4.35,4.07,4.09,4.26,4.14,4.17,4.31,4.53,4.09,4.04,4.02,3.96,4.23,3.86,4.1,4.09,4.14,3.82,3.78,3.8,4.1,4.26,4.47,4.44,6.83,5.32,4.21,4.43,4.1,3.97,4.13,3.99,5.24,4.01,4.11,4.12,4.2,4.73,4.06,4.34,3.85,3.86,3.96,4.84
C9orf139 /// LOC100291055,3.9,4.06,4.5,3.98,3.88,4.32,4.58,4.11,3.82,4,4.29,3.9,4.01,4.52,4.14,4.04,4.05,4.32,3.84,4.16,4.26,4.12,3.81,3.81,3.97,4.05,4.2,4.31,4.04,3.79,3.89,5.2,3.69,3.63,3.7,3.8,3.97,3.83,4.41,3.93,3.94,4.08,4.43,4.73,3.7,4.29,3.95,4.02,4.09,4.31
C9orf139 /// LOC100291055,4.65,4.52,4.63,4.77,5.13,4.93,5.4,4.64,4.67,4.62,4.77,4.73,4.68,5.57,4.72,4.81,4.67,4.9,5.05,4.8,4.55,4.79,4.7,4.8,4.62,4.65,4.62,4.65,5.09,4.76,7.12,5.03,4.51,4.67,4.56,4.68,4.78,4.81,6.16,4.52,4.74,5.14,4.97,5.47,4.63,5.12,4.84,4.74,4.72,5.5
C9orf140,8.16,7.91,8.14,7.86,8.4,8.68,8.23,8.56,7.88,7.79,8.18,7.41,7.57,6.07,6.74,6.72,6.96,7.76,7.83,7.56,6.16,6.39,6.84,6.49,6.77,6.42,8.13,7.66,8.45,8.94,5.7,6.41,7.19,6.98,7.24,6.83,7.22,6.88,8.93,8.44,8.61,8.31,8.05,4.87,6.96,7.26,7.32,8.16,8.74,6.78
C9orf140 /// LOC729983,8.2,8.27,8.29,8.1,8.75,8.63,8.84,8.68,8,8.05,8.33,7.72,7.73,7.32,7.43,7.39,7.39,7.99,8.09,7.99,7.12,6.98,7.25,6.99,6.83,7.02,8.53,8.05,8.59,9.36,8.11,6.97,7.42,7.49,7.46,7.36,7.78,7.32,8.75,8.72,8.88,8.59,8.41,7.88,7.65,7.72,7.52,8.41,8.77,7.16
C9orf142,9.2,9.18,9.29,9.31,9.62,9.46,9.38,9.55,9.2,9.23,9.29,9.07,9.11,7.28,9.55,9.63,9.47,9.38,9.3,9.33,9.11,8.91,8.92,9.36,9.32,9.34,9.39,9.17,9.55,9.3,7.06,7.55,9.84,9.95,9.9,9.78,10.01,9.87,9.63,9.38,9.39,9.49,9.58,7.95,9.25,9.32,9.23,9.23,9.32,7.8
C9orf142,9.17,9.24,9.48,9.29,9.76,9.56,9.63,9.43,9.19,9.25,9.41,9.1,9.22,9.26,9.54,9.61,9.61,9.37,9.43,9.17,9.14,8.96,8.98,9.28,9.37,9.39,9.45,9.32,9.56,9.76,8.28,9.01,9.8,9.86,9.83,9.66,9.91,9.88,9.56,9.34,9.27,9.43,9.59,8.79,9.27,9.37,9.32,9.29,9.42,9
C9orf144 /// C9orf144B,4.14,4.17,4.28,4.03,4.28,3.97,4.33,3.62,4.14,4.08,4.22,4.01,4.32,4.87,3.88,4.04,3.94,3.99,3.8,3.83,4.38,3.9,4.03,3.71,3.73,3.98,4.02,4.13,4.49,4.56,5.66,3.83,4.17,4.48,4.25,3.66,4.18,3.88,4.21,3.8,3.76,3.98,4.06,4.23,4.2,3.67,3.99,3.93,3.98,4.92
C9orf144B,4.53,4.73,4.87,4.97,5.03,4.84,5.22,4.73,4.57,4.75,4.67,4.83,4.76,5.57,4.81,4.82,4.77,5.24,5.1,4.73,4.85,4.75,4.57,4.67,4.87,4.27,4.88,4.78,4.82,4.9,5.21,5.78,4.86,5.04,4.82,4.57,4.77,4.59,5.06,5.01,4.54,5.19,4.68,5.57,4.82,4.65,4.68,4.58,4.75,4.67
C9orf144B,3.98,3.87,3.75,3.74,3.65,3.8,4.84,3.83,4.01,3.77,3.91,3.9,3.96,4.7,3.7,4.04,3.69,3.79,3.61,3.74,4.19,3.8,3.86,3.67,3.71,3.57,4.21,3.8,3.76,4,5.03,4.2,3.99,3.81,3.87,3.69,3.7,3.58,4.93,3.7,3.57,3.79,3.8,4.46,3.83,3.68,3.69,3.54,3.76,5.59
C9orf150,4.75,4.75,4.78,4.83,4.94,4.62,6.1,5.06,4.91,4.68,5.2,4.92,4.72,7.94,4.72,4.76,4.94,5.09,4.81,5.17,4.81,4.83,4.81,4.91,5.23,4.62,4.85,5.2,5.47,6.48,9.03,7.38,5.24,5.19,4.8,4.58,4.99,4.92,5.73,5.05,5.25,4.66,5.51,8.38,6.03,5.5,4.82,4.88,4.97,8.01
C9orf150,3.99,3.92,3.97,4.09,4.07,4.54,4.23,3.78,3.94,4.12,3.99,3.9,4.02,4.43,3.67,3.96,3.75,3.98,3.91,3.9,3.87,3.93,4.05,3.66,3.78,3.92,3.92,4,4.17,5.79,7.8,4.08,3.79,3.83,3.73,3.84,4.67,3.79,4.55,3.92,4.13,3.74,3.97,4.66,3.9,4.18,3.97,3.84,3.85,4.58
C9orf152,4.02,4.1,4.08,4.13,4.64,4.31,4.73,4.2,4.05,3.84,4.17,4.47,3.92,5.2,4.03,4.17,4.09,4.22,4.38,4.25,4.05,4.12,4.27,4.13,4.13,3.96,3.91,4.12,4.53,4.54,5.02,5.17,4.47,4.28,4.22,4.05,4.29,3.98,4.36,4.33,4.25,4.36,4.23,5.61,4.42,4.69,4.46,4.15,4.1,5.18
C9orf152,4.55,4.98,4.25,4.46,4.64,4.46,4.33,4.22,4.48,4.45,4.98,4.88,4.76,4.69,4.61,4.51,4.5,4.4,4.39,4.5,4.41,4.87,4.85,4.36,4.32,4.78,4.52,4.43,4.85,4.56,5.55,4.48,4.38,4.95,4.59,4.36,4.75,4.78,4.44,4.7,4.4,4.77,5.17,4,4.5,4.51,4.38,4.4,4.5,4.72
C9orf153,3.75,3.87,3.98,3.79,3.71,3.78,3.66,3.62,3.53,3.65,3.61,3.74,3.64,3.94,3.55,3.59,3.66,4.08,3.74,3.71,3.69,3.69,3.7,3.56,3.82,3.48,3.78,3.65,3.65,4.37,5.48,4.86,4.05,3.76,3.59,3.58,3.88,3.59,5.35,3.61,3.81,3.84,3.78,3.83,3.63,3.67,3.58,3.98,3.54,3.94
C9orf153,4.05,4.5,3.7,3.84,3.76,3.93,5.74,3.84,3.86,3.93,4.23,4.4,4.24,3.88,3.77,3.74,3.64,3.78,3.74,3.95,4.3,4.04,4.13,3.91,3.96,3.68,4.19,3.81,3.95,5.56,5.44,5.11,3.83,4.02,3.99,3.56,3.68,3.55,5.32,4.2,3.64,3.78,4.2,4.63,3.89,3.63,3.94,4.24,4.05,3.68
C9orf156,7.22,6.97,7.38,7.23,7.36,7.57,6.35,7.36,7.17,7.27,7.2,7.16,7.24,6.6,7.38,7.43,7.38,7.46,7.41,7.41,7.19,7.25,7.14,7.35,7.33,7.39,7.36,7.28,7.46,7.09,5.69,7.47,7.42,7.41,7.54,7.46,7.43,7.42,7.52,7.37,7.42,7.47,7.39,5.74,7.39,7.68,7.51,7.41,7.44,7.61
C9orf156,3.7,4,3.92,3.84,3.62,3.54,3.64,3.78,4.05,3.68,3.74,4.04,4.05,4.66,3.69,3.74,3.69,3.64,3.9,3.51,3.8,3.96,4,3.57,3.7,3.71,3.75,3.54,4.14,4.6,6.09,4.05,3.82,3.7,3.82,3.6,3.58,3.47,3.82,3.54,3.81,3.69,3.78,4.71,3.38,3.74,3.46,3.96,3.6,5.28
C9orf16,10.35,10.31,10.5,10.39,10.61,10.39,10.29,10.47,10.35,10.27,10,10.43,10.29,7.98,10.2,10.04,10.31,10.8,10.7,10.56,10.4,10.34,10.15,10.33,10.33,10.37,10.49,10.29,10.38,10.15,7.25,8.46,10.23,10.14,10.22,10.41,10.56,10.45,10.69,10.62,10.52,10.3,10.48,8.2,10.58,10.52,10.32,10.4,10.31,7.42
C9orf163,4.87,4.52,4.62,4.82,4.72,4.48,4.74,5.11,4.48,4.62,4.96,4.77,4.63,5.3,4.63,4.73,4.15,4.53,4.83,4.63,4.97,4.75,4.54,4.44,4.38,4.47,4.9,4.65,5.13,4.53,4.38,4.75,4.52,4.39,4.82,4.88,4.93,4.65,4.89,4.52,4.89,4.67,4.94,5.68,4.58,4.81,4.4,4.5,4.87,4.3
C9orf163,6.3,6.12,5.87,6.45,6.18,6.41,5.52,6.74,6.02,6.39,6.31,6.33,6.16,8.46,6.05,6.41,6.19,6.4,6.53,6.34,6.07,6.38,5.96,6.11,6.27,6.12,5.92,6.43,6.21,5.68,6.71,7.31,6.17,6.26,6.51,6.24,6.3,6.12,5.66,6.13,6.32,6.47,6.21,8.11,6.63,5.84,6.02,6.32,6.21,8.8
C9orf167,7.09,7.04,7.26,7.19,7.51,7.17,6.63,7.39,7.17,7.08,7.34,7.3,7.14,6.89,7.33,6.97,7.25,7.47,7.35,7.29,7.49,7.11,7.37,7.39,7.34,7.24,7.14,7,7.44,7.28,5.64,7.12,6.98,7.17,7.06,7.17,7.35,7.15,6.93,7.31,7.06,7.65,7.81,6.56,7.04,6.79,6.84,7.18,7.39,6.29
C9orf169,6.77,6.53,6.9,6.85,6.3,6.48,6.94,6.46,6.66,6.51,6.64,6.88,6.52,6.99,7.18,7.34,7.13,6.72,6.8,6.86,6.84,7.04,6.76,7.44,7.35,7.08,6.81,6.63,6.76,6.6,7.27,7.57,7.42,6.92,7.09,7.11,6.86,7.45,6.4,6.57,6.92,6.68,7.17,7.27,6.82,6.52,6.67,6.73,6.56,7.57
C9orf170,3.92,4.26,3.87,4.05,4.12,4.08,4.34,3.93,3.98,3.85,4.18,4.22,4.39,5.05,4.17,3.93,4.05,3.78,3.92,3.82,3.93,4.06,4.09,3.98,4.05,3.71,4.22,3.76,4.11,4.02,5.93,4.87,4.04,4.21,4.02,3.8,3.76,3.85,4.15,3.84,4.23,4.02,3.77,4.61,3.85,4.46,4.21,3.83,4.07,4.44
C9orf170,3.69,4.16,4.22,3.94,4.05,4.07,4.23,4.15,3.76,3.84,3.84,3.89,3.88,5.18,3.83,3.93,3.89,3.88,3.99,4.17,4.03,3.88,3.91,4.14,3.71,4.05,4.34,3.98,4.23,4.16,6.43,6.42,4.31,4.12,4.35,3.81,4.58,3.92,4.58,4.04,3.83,3.95,3.77,4.45,4.24,4.82,4.32,3.95,3.78,4.81
C9orf171,4.09,4.22,3.85,4.5,3.82,4.18,4.13,3.94,3.89,4.12,4.44,4.2,4.16,5.02,3.93,3.99,3.89,4.44,3.97,4.08,4.01,4.11,4.28,3.84,3.86,3.84,4.16,4.11,3.92,3.95,5.29,4.58,4.41,4.05,4.06,4,4.06,4,4.45,4.06,3.99,4.03,3.85,5.37,3.97,3.91,3.83,4.02,3.92,4.93
C9orf21,8.88,8.91,8.9,8.87,8.73,8.8,8.74,8.98,8.89,8.95,8.72,8.88,8.74,6.14,8.48,8.4,8.48,8.6,8.69,8.75,8.8,8.78,8.81,8.75,8.69,8.82,8.85,8.86,8.76,8.27,7.1,6.92,8.42,8.6,8.46,8.72,8.28,8.71,8.8,8.89,8.83,9.12,8.98,6.44,8.72,8.57,8.64,8.88,8.75,7.5
C9orf23,10.18,10.22,10.39,10.3,10.48,10.56,10.35,10.34,10.31,10.3,10.39,10.35,10.21,9.3,10.57,10.51,10.58,10.58,10.53,10.48,10.63,10.65,10.72,10.52,10.59,10.46,10.3,10.35,10.34,9.95,9.18,7.33,10.42,10.48,10.48,10.75,10.63,10.7,10.3,10.54,10.42,10.74,10.71,10,10.35,10.45,10.41,10.4,10.28,8.99
C9orf24,4.12,4.09,4.22,4.17,4.43,4.4,5.54,4.3,4.17,4.19,4.17,4.15,4.35,5.61,4.2,4.35,4.21,4.19,3.92,4.19,4.27,4.23,4.01,4.04,4.36,4.32,4.31,4.15,4.18,4.88,6.35,4.59,4.21,4.21,4,4.04,4.14,4.03,5.17,4.27,3.91,4.22,4.45,4.75,4.09,4.29,4.37,4.12,4.59,5.06
C9orf25,6.73,6.35,6.57,6.55,6.81,6.87,6.91,6.71,6.24,6.76,6.75,6.6,6.23,7.5,6.84,6.86,6.5,6.39,6.25,6.21,7,6.83,7.1,6.89,7.01,6.89,6.39,6.48,6.56,6.29,6.05,7.35,6.61,7.05,6.81,6.83,6.78,6.75,6.19,6.54,6.7,6.85,7.27,6.51,6.48,6.35,6.72,6.67,6.82,7.23
C9orf25,4.95,5.46,4.75,5.28,4.81,4.35,5.76,5.37,5.26,5.08,5.04,4.82,5.2,4.73,5,4.82,5.3,5.4,4.82,4.78,5.49,5.48,5.42,4.82,5.12,4.96,4.72,4.97,4.98,5.57,5.35,5.46,5.27,5.11,4.99,5.04,5.34,4.68,4.42,4.8,4.94,5.32,4.98,4.97,5.07,5.19,4.89,4.8,4.9,4.42
C9orf27,3.46,3.53,3.32,3.66,3.56,3.27,3.47,3.52,3.47,3.43,3.56,3.56,3.6,3.65,3.49,3.38,3.57,3.33,3.5,3.46,3.55,3.52,3.56,3.32,3.34,3.27,3.71,3.65,3.36,4.05,4.3,5.3,3.32,3.6,3.49,3.37,3.42,3.5,3.88,3.48,3.64,3.6,3.88,3.76,3.5,3.75,3.71,3.34,3.52,4.01
C9orf29,3.57,3.83,3.86,3.85,4.19,3.48,4.48,3.92,3.74,3.73,3.88,3.74,3.73,3.97,3.6,3.59,3.92,3.53,3.76,3.57,3.74,3.74,3.77,3.72,3.89,4.03,3.79,3.79,3.83,3.96,4.1,4.08,3.74,3.49,3.88,3.66,3.6,3.63,4.89,3.8,4.3,3.95,4.42,3.85,3.73,3.77,3.69,3.86,3.64,4.11
C9orf3,10.9,10.99,10.87,10.91,11.03,11.14,11.14,10.81,10.82,10.82,11.07,10.88,10.91,10.69,10.5,10.48,10.51,11,10.95,10.81,11.08,10.91,11.1,10.63,10.62,10.7,10.99,10.86,11.02,10.74,9.8,10.72,10.19,10.28,10.13,10.64,10.95,10.8,11,10.96,11.07,10.69,10.54,10.09,10.91,10.85,10.65,11.01,10.96,9.73
C9orf3,8.89,8.73,8.82,8.75,8.51,8.63,8.06,8.76,8.88,8.83,8.54,8.74,8.74,6.3,8.38,8.3,8.6,8.94,9.16,9.1,8.81,8.6,8.76,8.63,8.5,8.64,8.71,8.73,8.77,6.98,5.96,5.81,8.03,8.05,7.93,8.71,8.54,8.71,8.31,8.72,8.95,8.15,7.8,5.79,8.65,8.45,8.4,8.95,8.83,6.34
C9orf3,5.9,5.17,5.7,5.81,5.31,5.94,5.99,5.96,5.83,5.89,5.54,5.79,5.23,6.37,5.87,6.04,5.52,6.1,5.32,6.04,5.75,6.03,5.96,5.78,5.99,5.87,5.81,5.78,5.74,6.43,6.93,4.62,5.79,5.55,5.66,5.69,5.89,6.34,5.79,6.15,5.56,5.99,5.78,5.06,5.55,5.79,5.63,5.59,5.37,6.03
C9orf3,4.81,4.8,5.37,4.73,5.27,4.42,4.46,5.43,4.49,4.96,4.69,4.87,4.58,4.83,4.76,4.85,4.46,4.69,4.62,4.84,5.07,4.79,4.77,4.87,5.05,5.18,4.82,4.92,4.77,5.76,5.08,3.97,4.6,4.6,4.52,4.83,4.68,5.6,4.46,5.17,5,4.73,5.17,5.8,5.05,4.02,4.86,5.21,5.25,4.46
C9orf3,8.01,7.54,7.96,7.88,7.75,8.62,8.55,7.94,7.99,8.11,7.8,7.83,7.7,7.09,7.96,7.78,7.66,7.88,7.94,7.93,8.34,8.31,7.87,8.43,8.26,8.2,7.99,8.05,8.16,6.37,5.87,4.74,7.59,7.34,7.56,8.32,7.95,7.99,7.53,8.09,8.08,8.43,8.03,7.03,8.14,7.93,8.13,7.83,7.77,5.39
C9orf30,7.52,7.49,7.65,7.4,7.5,7.08,7.18,7.61,7.46,7.49,7.46,7.32,7.32,7.81,7.24,7.22,7.4,7.18,7.44,7.39,7.09,6.88,6.82,7.21,7.09,7.14,7.5,7.59,7.41,6.76,5.88,6.81,7.32,7.42,7.39,7.3,7.46,7.27,7.57,7.43,7.41,7.28,7.63,7.16,7.8,7.31,7.84,7.33,7.28,6.62
C9orf31,4.43,3.85,4.03,4.24,4.57,4.45,4.84,3.96,3.93,3.97,4.19,4.28,4.08,4.43,4.53,3.96,4.2,4.25,4.29,4.17,4.36,4.11,3.93,4.3,4.41,3.9,4.5,4.17,4.05,4.95,4.54,5.11,4.22,4.12,4.21,3.99,4.1,3.98,3.9,4.11,4.02,4.34,4.4,5.76,4.09,4.76,4.2,4.28,4.32,4.16
C9orf37,7.09,7.03,7.26,7.17,7.57,7.5,7.84,7.47,7.2,7.09,6.99,6.98,6.88,6.12,6.82,7.07,7,7.32,7.47,7.32,6.91,6.81,7.09,7.02,6.96,7.12,7.34,7.26,7.35,6.12,5.76,5.97,6.83,6.82,6.99,7.21,7.21,7.4,5.89,7.26,7.18,7.36,7.51,6.77,7.2,7,7.2,7.38,7.29,6.45
C9orf38,5.13,4.74,4.75,4.73,3.67,3.87,4.63,4.62,4.89,5.05,4.36,4.84,4.84,4.26,4.45,4.8,4.81,4.31,4.36,5.33,5.05,4.55,4.52,4.44,4.12,4.48,4.71,4.9,4.67,5.35,4.91,4.22,4.67,5.02,4.04,4.41,4.16,3.99,4.34,4.26,4.27,4.87,4.41,4.6,5.14,4.33,4.68,4.36,4.26,4.53
C9orf4,4.09,4.24,4.44,4.4,4.17,4.12,4.2,4.05,4.35,4.05,4.46,4.34,4.11,6.04,4.39,4.46,4.29,4.51,4,4.38,4.28,4.44,4.19,4.74,4.99,4.37,4.18,4.56,4.51,4.67,4.41,6.49,4.07,4.28,4.36,4.22,4.09,4.38,4.54,4.51,4.33,4.66,4.32,7.68,4.64,4.7,4.46,4.34,4.09,4.92
C9orf40,7.6,7.39,7.35,7.51,7.49,7.37,6.59,7.22,7.74,7.59,7.58,7.39,7.09,5.21,7.41,7.31,7.42,7.51,7.71,7.74,6.37,6.56,6.36,6.86,6.77,6.81,7.54,7.67,7.29,6.12,5.72,4.53,7.13,7.66,7.37,7.48,7.39,7.47,6.17,7.25,7.44,6.73,6.77,6.9,6.99,6.93,7.32,7.33,7.24,5.49
C9orf40,9.2,9.08,9.21,9.24,9.24,9.08,9.2,8.94,9.28,9.29,9.1,9.02,8.94,8.65,8.87,8.82,8.98,9.49,9.53,9.61,8.17,8.17,7.88,8.31,8.14,8.28,9.22,9.39,9.26,8.57,6.38,8.42,8.99,9.05,8.9,8.99,8.96,9.09,7.91,8.97,9.13,8.6,8.76,8.54,8.53,8.75,8.8,9.2,9.05,8.4
C9orf41,4.6,4.07,4.45,4.49,4.99,4.13,3.68,4.5,4.62,4.29,4.29,4.53,4.52,4.39,4.69,4.55,4.7,4.41,4.67,4.91,4.2,4.32,4.15,4.3,4.61,4.43,4.3,4.36,3.98,4.42,6.63,5.45,4.53,4.28,4.44,4.53,4.12,4.76,4.83,4.42,4.02,4,4.46,4.93,4.47,4.47,4.47,4.79,4.7,5.06
C9orf41,4.71,4.44,4.59,4.79,4.31,4.26,3.99,4.14,4.61,4.91,4.42,4.48,4.66,4.7,4.61,4.82,4.63,4.4,4.72,4.81,4.18,4.21,4.25,4.45,4.45,4.29,4.44,4.79,4.07,4.8,4.74,5.04,4.29,4.68,4.53,4.47,4.15,4.62,3.64,4.21,4.39,4.14,4.27,4.43,4.34,4.19,5.06,4.71,4.39,4.27
C9orf41,6.63,7.21,6.64,7,6.38,6.83,7.37,6.55,6.94,6.75,7.03,6.9,7.06,6.23,6.55,6.88,6.63,6.52,6.6,6.3,6.75,6.27,6.85,6.27,6.48,6.68,7.05,6.24,6.97,7.56,6.78,7.26,6.57,6.42,6.26,6.37,6.25,6.36,6.69,6.52,6.43,6.64,6.54,7.3,6.37,6.59,6.65,6.88,7.14,6.24
C9orf43,4.17,4.49,4.12,4.12,4.08,4.23,4.31,4.27,4.31,4.46,4.17,4.5,4.31,3.8,4.17,4.52,4.13,4.17,4.27,4.18,4.51,4.58,4.33,4.54,4.22,4.14,4.63,4.5,4.49,3.74,3.67,4.95,4.19,4.49,4.29,3.95,4.23,4.39,4.27,4.44,4.2,4.38,4.72,4.38,4.91,4.5,4.62,4.41,4.43,4.24
C9orf45,5.23,5.03,5.51,5.53,5.8,6.16,5.32,5.32,5.11,5.36,5.42,5.22,4.87,4.73,5.3,4.99,5.18,5.47,4.95,5.08,4.93,5.23,5.41,5.12,5.51,5.08,5.49,5.45,4.96,5.51,5.48,6.77,4.67,4.87,4.85,5.14,5.08,4.7,4.74,5.38,5.69,5.62,5.28,5.31,5.64,6.05,5.5,5.23,5.11,4.71
C9orf46,10.75,10.8,10.85,10.75,10.57,10.69,10.35,10.69,10.83,10.92,10.74,10.88,10.83,9.87,10.6,10.7,10.64,10.92,10.97,10.93,10.72,10.8,10.66,10.63,10.68,10.73,10.81,10.93,10.7,10.7,8.77,10.54,10.41,10.49,10.44,10.72,10.62,10.75,10.67,11.01,10.98,11.04,10.87,10.45,10.84,10.7,10.8,10.91,10.79,9.81
C9orf47,3.48,3.76,3.58,3.92,3.6,3.54,3.32,3.77,3.74,3.57,3.69,3.8,3.68,4.47,3.73,4.16,3.52,3.77,3.47,3.7,3.61,3.84,3.6,3.72,3.68,3.65,3.51,4.04,3.99,4.31,4.02,4.14,3.62,3.83,3.83,3.92,3.43,3.67,4.52,3.66,3.2,3.48,3.47,4.26,3.4,3.53,3.57,3.69,3.53,4.66
C9orf47,3.45,3.48,3.43,3.74,3.6,3.95,4.54,3.82,3.48,3.5,3.59,3.52,3.33,3.68,3.56,3.53,3.72,3.76,3.35,3.8,3.65,3.58,3.46,3.56,3.48,3.52,3.63,3.61,3.94,5.09,5.27,4.6,3.45,3.56,3.49,3.61,4.1,3.39,3.95,3.47,3.29,3.67,3.65,3.88,3.75,3.78,3.44,3.51,3.48,3.61
C9orf5,9.21,8.92,9.26,9.19,9.43,9.07,8.74,9.33,9.06,9.13,8.87,8.95,8.88,8.19,9.25,9.37,9.29,8.95,9.01,8.99,9.18,9.23,9.03,9.25,9.27,9.21,9.06,9.29,8.89,8.51,7.46,8.8,9.21,9.32,9.32,9.38,9.16,9.43,9,9.37,9.22,8.7,8.96,8.81,9.28,8.94,9.26,9.11,9.05,8.17
C9orf5,7.7,7.61,7.54,7.77,7.55,7.43,6.68,7.58,7.78,7.83,7.79,7.74,7.7,5.4,7.92,7.61,7.87,7.64,7.49,7.57,7.54,7.62,7.81,7.64,7.74,7.64,7.29,7.92,7.74,7.84,4.33,5.75,7.09,7.44,7.26,7.75,7.55,7.79,6.08,7.54,7.25,7.61,7.54,5.83,7.51,7.47,7.49,7.62,7.85,6.14
C9orf5,10.1,10.27,9.95,10.04,10.12,10.2,10.15,9.8,10.21,9.95,10.35,9.99,10.1,10.04,10.29,10.19,10.36,9.83,10.01,9.9,10.01,10.09,10.42,10.15,10.15,10.13,9.98,10.13,10.22,10.29,9.74,10.11,9.9,9.82,9.79,10.23,10.24,10.04,9.99,9.94,10.15,9.97,10.08,10.03,10.06,10.04,10.03,10.11,10.22,9.58
C9orf5,10.1,10.23,10.09,10.1,10.25,10.19,9.73,10.19,10.06,10.18,10.41,10.07,10.03,8.61,10.23,10.32,10.3,9.86,10.02,10.11,10.21,10.19,10.29,10.04,10.18,10.16,10.12,10.21,10.32,10.57,9.19,10.01,9.98,10.07,9.93,10.36,10.22,10.3,9.93,10.19,10.17,10.42,10.27,9.5,10.11,10.16,10.29,10.12,10.33,8.89
C9orf5,8.41,8.4,8.43,8.41,8.61,8.73,7.78,8.93,8.48,8.52,7.61,8.21,7.92,5.77,8.82,8.71,8.88,8.53,8.69,8.69,8.58,8.31,7.9,8.79,8.9,8.74,8.64,8.4,7.4,7.01,5.81,4.42,8.51,8.26,8.56,8.84,8.44,8.6,6.7,8.9,8.58,7.84,7.47,5.57,8.76,7.79,8.63,8.41,7.62,6.77
C9orf50,3.89,3.87,3.97,4.01,3.99,3.96,3.61,3.7,3.82,3.83,4.13,3.74,3.76,4.6,3.9,4.05,3.72,3.88,3.72,3.76,4.11,3.81,3.95,3.99,3.71,3.85,3.89,3.86,3.91,3.84,3.78,4.03,3.9,3.67,4.2,3.66,3.98,3.75,4.98,3.88,3.95,4.05,3.88,3.91,3.77,3.87,3.84,3.58,3.72,4.79
C9orf53,3.74,4.13,3.8,3.77,3.9,4.12,4.1,4.14,4.09,4.14,3.72,3.95,3.86,4.32,4.03,4.14,3.95,4.06,4.05,4.06,3.9,3.95,3.85,4.04,3.99,3.95,4.17,3.85,4.28,4.5,4.1,3.89,4.33,4.09,3.91,3.76,4.04,3.77,4.11,4.23,3.89,4,3.75,4.24,3.72,3.84,3.75,3.89,3.98,4.96
C9orf57,3.38,3.43,3.49,3.71,3.52,3.73,3.74,3.42,3.35,3.26,3.46,3.53,3.51,3.85,3.57,3.32,3.49,3.51,3.45,3.34,3.48,3.35,3.32,3.32,3.34,3.39,3.68,3.44,3.54,3.88,4.14,4.46,3.49,3.36,3.41,3.37,3.75,3.28,5.3,3.31,3.58,3.66,3.53,4.41,3.55,3.74,3.53,3.61,3.49,3.95
C9orf57,3.74,3.95,3.68,3.7,4,4.03,4.28,3.79,3.7,3.69,4.22,3.87,3.77,5.34,3.65,3.75,3.73,3.78,3.76,3.86,3.92,3.88,3.83,3.64,3.61,3.75,3.7,3.75,4.34,6.05,6.61,4.56,3.87,3.86,3.78,3.82,4.05,3.72,4.37,3.89,3.83,3.87,3.62,5.09,3.82,3.88,3.64,3.82,3.74,5.1
C9orf57,4.44,4.27,3.94,4.14,3.84,4.12,4.9,3.97,4.06,3.97,4.16,4.15,4.4,5.23,3.99,4.03,4.01,3.99,3.65,3.7,4.59,3.99,4.07,3.96,3.87,3.95,4,4.22,4.37,6.03,4.28,5.04,4.04,4.17,4.11,3.96,4.19,3.62,4.01,4.3,4.02,4.18,3.9,4.32,3.61,3.76,4.04,4.14,4.08,4.07
C9orf6,9.89,9.74,9.85,9.9,9.97,9.83,9.54,9.85,9.92,9.8,9.91,9.97,9.83,9.43,9.88,9.96,9.99,10.02,9.92,9.87,9.92,9.94,9.95,9.9,9.85,9.94,9.83,9.84,9.85,9.02,7.36,8.89,9.85,9.84,9.91,9.99,9.85,10.01,9.78,9.86,9.94,9.7,9.79,9.78,9.94,9.75,9.8,10.08,9.96,8.65
C9orf62,3.67,3.99,4.27,4.23,4.17,4.36,3.64,3.86,3.94,4.09,4.22,3.85,4.14,5.06,4.23,4.26,4.19,4.15,3.92,3.88,3.81,4.33,3.99,3.84,4.19,3.94,4.09,4.02,4.33,5.02,4.03,5.15,4.1,4.04,4.19,3.98,4.08,4.05,4.25,4.31,3.93,3.98,4.33,5.02,3.81,3.88,4.18,4.32,3.94,6.44
C9orf64,8.68,8.9,8.69,8.75,8.51,8.5,8.21,8.55,8.82,8.8,8.8,8.79,8.86,7.88,8.71,8.62,8.86,8.99,8.98,8.91,8.69,8.69,8.55,8.58,8.69,8.76,8.6,8.83,8.65,8.14,7.38,8.4,8.73,8.61,8.7,8.82,8.6,8.88,8.45,8.63,8.58,8.54,8.5,7.64,8.56,8.46,8.71,8.76,8.72,8
C9orf64,7.52,7.18,7.25,7.47,6.39,6.81,6.96,7.44,7.68,7.69,6.97,7.5,7.39,7.15,7.49,7.4,7.36,7.63,7.77,7.89,7.11,7.4,6.69,7.31,7.44,7.52,7.36,7.69,6.62,5.94,6.77,6.61,7.5,7.28,7.27,7.55,7.08,7.69,6.76,6.99,7.2,7.12,6.5,5.63,7.16,6.87,7.33,7.26,7.08,6.67
C9orf66,4.03,3.99,4.06,4.19,3.71,4.01,4.26,3.96,4.14,4.19,4.26,4.36,4.15,5.18,4.47,4.04,4.01,4.13,4.02,3.89,4.06,4.05,4.12,4.44,3.79,4.21,4.03,4.12,4.5,4.24,4.45,5.36,4.24,4.31,4.33,4.02,4.37,4,4.78,3.83,3.88,3.97,4.05,5.57,4.22,4.09,3.9,3.88,4.11,5.57
C9orf66,4.06,3.97,3.74,3.67,3.56,3.45,3.7,4.09,3.98,3.82,3.55,3.75,3.75,4.83,3.92,3.94,3.87,4.16,3.91,3.76,3.95,3.94,3.76,3.92,3.84,3.41,3.79,3.91,3.91,3.99,3.75,3.73,3.9,4.1,4.04,3.9,4.03,3.92,3.87,3.78,3.81,3.78,3.77,3.59,3.78,3.86,3.48,3.75,3.62,3.33
C9orf68,3.29,3.9,3.65,4.02,3.76,3.25,3.66,3.62,3.79,3.6,3.72,3.7,3.6,4.8,3.66,3.87,3.48,3.67,3.71,4.04,3.59,3.78,3.9,3.48,3.77,3.76,3.48,3.73,3.65,3.8,3.72,4.75,3.65,3.71,3.9,3.84,3.47,3.99,3.77,3.58,3.8,3.62,3.44,4.3,3.41,3.72,3.67,3.48,3.5,4.47
C9orf68,4.1,4.27,4.45,4.38,4.4,4.31,4.55,4.44,4.29,4.35,4.79,4.03,4.06,5.11,4.41,4.1,4.38,4.24,4.27,4.71,4.21,4.32,4.34,4.66,4.46,4.92,4.28,4.29,4.46,4.5,4.11,4.71,3.91,4.61,4.27,4.15,4.1,4.39,3.92,4.5,4.27,4.51,4.19,5.44,4.2,5.06,4.51,4.61,4.47,4.58
C9orf69,9.96,10.01,10.14,9.94,10.2,10.24,9.84,10.04,9.92,9.98,10.1,9.94,9.92,9.83,10.11,10.05,10.18,10,9.92,9.87,10.1,10.05,10.27,10.13,10.1,10.14,10.06,9.97,10.06,10.07,9.71,10.16,9.96,9.87,9.94,10.02,10.16,10.09,10,10.15,10.08,10.26,10.35,10.09,10.06,10.01,10.04,10.08,10.31,10.1
C9orf7,5.83,5.58,6.26,5.67,5.75,5.54,6.8,6.02,5.72,5.92,5.87,5.68,5.71,6.05,6.25,6.05,5.98,5.86,5.73,6.35,5.9,6.22,5.87,6.24,5.7,6.11,5.85,6.09,6.22,5,5.34,5.49,5.8,5.67,6.07,6.28,5.37,6.03,6.11,6.39,5.93,6.21,6.21,6.34,5.93,6.38,6.01,5.87,5.77,7.18
C9orf7,4.29,4.74,4.22,4.5,4.73,4.34,5.46,4.61,4.42,4.57,4.56,4.85,4.73,5.04,4.5,4.79,4.59,4.21,4.55,4.57,4.56,4.61,4.35,4.7,4.44,4.57,4.52,4.54,4.61,5.37,4.63,4.65,4.8,4.64,4.45,4.44,4.4,4.47,5.68,4.34,4.53,4.39,4.22,5.43,4.48,4.81,4.46,4.42,4.61,5.77
C9orf7,3.71,3.73,4.04,3.97,3.86,4.07,3.89,3.68,3.74,3.71,3.73,3.76,3.77,4.18,4.25,3.71,3.76,3.9,3.78,3.87,3.98,3.81,3.89,3.79,4.12,4.07,3.72,3.84,3.65,3.88,5.48,4.57,3.88,3.78,4.04,3.83,3.89,4.04,4.12,3.76,3.88,3.81,4.34,4.63,3.71,3.88,4.18,3.87,3.87,6.03
C9orf7,4.44,4.53,4.71,4.5,4.72,5.06,4.76,4.62,4.52,4.52,4.37,4.64,4.31,4.97,4.68,4.88,4.45,4.8,4.45,4.88,4.75,4.36,4.39,4.41,4.49,4.67,4.91,4.72,4.96,3.9,5.06,5.02,4.22,4.37,4.32,4.61,4.32,4.56,4.51,4.82,4.53,4.7,4.88,4.77,4.65,4.74,5.64,4.42,4.46,5.43
C9orf7,5.23,5.25,5.77,5.53,5.76,5.27,4.94,5.69,5.37,5.48,5.53,5.49,5.2,6.5,5.38,5.78,5.6,5.36,5.64,5.33,5.47,5.76,5.28,5.71,5.57,5.52,5.36,5.39,5.31,4.91,4.88,7.04,5.27,5.41,5.52,5.48,5.38,5.49,5.89,5.22,5.57,5.48,5.44,6.88,5.26,5.7,5.48,5.52,5.29,5.97
C9orf71,4.48,4.77,4.35,4.76,4.56,4.56,4.67,4.44,4.49,4.36,4.73,4.65,4.82,5.83,4.44,4.6,4.59,4.26,4.42,4.29,4.63,4.66,4.72,4.38,4.45,4.32,4.33,4.57,4.75,5.86,4.91,7.07,4.38,4.56,4.55,4.38,4.97,4.08,5.22,4.4,4.7,4.67,4.31,5.67,4.68,4.37,4.67,4.53,4.49,6.18
C9orf72,7.74,7.94,7.8,7.89,7.39,7.54,7.64,7.52,7.85,8,8.12,7.86,7.67,7.7,7.53,7.6,7.73,7.72,7.71,8,7.75,7.68,7.61,7.8,7.88,7.53,7.86,7.92,7.63,6.95,6.87,7.76,7.25,7.42,7.46,7.54,7.1,7.37,7.79,7.95,7.68,7.96,7.9,8.19,7.95,7.82,8.23,7.9,7.78,7.82
C9orf72,7.75,7.96,7.82,7.86,7.6,7.59,7.45,7.58,7.91,7.96,7.98,7.83,7.54,7.86,7.53,7.49,7.4,7.63,7.88,7.86,7.43,7.72,8.06,7.78,7.71,7.73,7.65,7.87,7.71,7.47,6.87,5.31,6.63,6.89,7.19,7.45,6.9,7.43,7.18,7.99,7.91,8.08,8.01,8.13,7.84,8.05,8.25,7.97,7.96,7.12
C9orf72,4.38,4.65,4.35,4.62,4.42,4.33,3.82,4.24,4.86,4.57,4.99,4.91,4.64,5.43,4.5,3.97,4.41,4.36,4.43,4.76,4.57,4.74,4.67,4.64,4.56,4.48,4.55,5.15,4.66,4.69,4.42,5.5,4.28,4.08,4.28,4.59,3.7,4.46,3.99,4.33,4.11,4.42,4.3,4.23,5.25,4.5,4.37,4.14,4.54,5.63
C9orf72,6.44,5.29,5.75,5.97,5.12,5.27,5.23,6,5.91,6.17,5.39,5.84,5.85,5.91,5.85,5.67,5.67,5.98,6.06,6.57,5.71,5.57,5.39,5.92,6.12,5.41,6,6.07,5.3,5.51,4.68,5.67,5.39,5.58,5.74,5.7,5.43,5.97,4.75,5.8,5.55,5.28,5.22,4.9,6.1,5.69,6.32,5.53,5.89,6.14
C9orf75,6.44,6.34,6.63,6.5,6.86,6.68,6.53,6.5,6.38,6.38,6.42,6.56,6.3,6.03,6.5,6.42,6.54,6.51,6.47,6.42,6.54,6.45,6.65,6.61,6.51,6.42,6.45,6.56,6.62,6.05,5.67,5.99,6.42,6.77,6.68,6.56,6.79,6.53,6.55,6.82,6.67,6.96,6.92,5.61,6.29,6.3,6.06,6.33,6.57,5.4
C9orf78,10.5,10.5,10.48,10.49,10.59,10.65,10.34,10.42,10.46,10.43,10.56,10.43,10.58,10.52,10.45,10.42,10.45,10.61,10.5,10.49,10.46,10.29,10.58,10.35,10.4,10.49,10.45,10.39,10.52,9.64,8.47,10.42,10.4,10.43,10.41,10.38,10.44,10.36,10.63,10.53,10.71,10.34,10.39,10.46,10.41,10.42,10.25,10.54,10.6,10.19
C9orf79,3.69,3.82,3.48,3.67,3.71,3.84,3.58,3.74,3.68,3.59,3.66,3.56,3.66,4.83,3.27,3.66,3.5,3.92,3.8,3.43,3.88,3.49,3.71,3.93,3.42,3.83,3.75,3.82,3.7,4,3.43,4.02,3.59,3.65,3.7,3.49,3.86,3.84,3.67,4.16,4.17,3.76,4.17,3.86,3.54,3.88,4.15,3.87,4.12,3.79
C9orf80,9.37,9.51,8.98,9.07,8.73,8.98,8.82,9.01,9.48,9.33,9.16,9.28,9.31,7.61,9.26,9.13,9.25,9.26,9.33,9.53,9.24,9.15,9.19,8.99,8.94,9.21,9.23,9.14,9.04,7.97,7.96,6.66,9.2,9.05,9.06,9.14,8.98,9.04,8.78,9.36,9.21,8.83,8.59,8.73,8.95,8.71,8.94,9.23,9.18,7.48
C9orf82,8.33,8.75,8.06,8.27,7.79,7.96,7.8,7.52,8.54,8.26,8.31,8.33,8.58,7.8,7.99,7.87,8.16,7.84,7.88,8,8.22,8.19,8.48,7.96,8.11,8.12,8,8.11,8.24,6.83,5.79,7.12,7.91,7.98,7.99,7.83,7.99,7.9,7.68,7.91,8.01,7.53,7.95,6.89,7.96,7.79,7.89,7.98,8.37,6.42
C9orf82,9.18,9.35,8.86,9.09,8.53,8.44,7.91,8.82,9.43,9.24,9.06,9.34,9.42,7.33,9.05,8.95,9.09,8.62,8.74,9.01,9.23,9.17,9.07,8.94,8.97,9.03,8.88,9.08,8.71,7.45,5.88,6.6,8.91,9.1,9.03,8.96,8.48,8.88,8.47,8.79,8.87,8.35,8.26,6.71,8.88,8.49,9.02,9.06,9.01,6.13
C9orf84,3.39,3.37,3.44,3.65,3.72,3.81,3.81,3.43,3.45,3.57,3.51,3.39,3.33,4.87,3.45,3.39,3.6,3.64,3.59,3.57,3.44,3.55,3.4,3.66,3.68,3.54,3.38,3.43,3.58,3.52,5.45,3.83,3.45,3.32,3.47,3.55,3.54,3.62,3.36,3.46,3.54,3.67,3.74,5.93,3.59,3.79,3.65,3.28,3.24,4.56
C9orf84,4.11,4.68,3.73,4.21,3.68,3.81,4.12,3.37,3.93,3.9,4.3,4.21,4.18,4.66,3.87,4.12,3.72,3.68,3.98,3.7,3.96,4.1,4.23,3.77,3.7,3.63,3.82,3.96,3.9,4.59,5.13,3.83,4.06,3.92,3.83,3.83,3.57,3.94,4.28,3.48,4.03,3.77,3.8,4.34,3.7,3.55,4.14,3.67,3.61,4.42
C9orf84,3.83,3.99,3.77,3.85,4.19,4.12,4.04,3.63,3.95,3.96,4.07,3.58,3.79,8.05,3.77,4.43,3.91,3.82,3.6,4.15,4.06,3.83,3.83,3.73,3.72,3.7,3.7,3.91,4.05,4.16,7.75,6.02,3.71,3.71,4.12,3.72,3.92,3.7,4.26,4.09,3.85,4.61,5.04,6.49,4.54,3.85,3.86,3.81,3.82,5.67
C9orf85,8.65,8.9,8.79,8.57,8.71,8.74,8.68,8.75,8.75,8.7,8.99,8.86,8.64,9.48,9.26,9.22,9.24,8.68,8.89,8.73,8.89,8.92,9.18,9.18,9.25,9.14,8.61,8.65,8.59,8.4,8.71,8.95,8.85,8.93,9.01,9.37,9.11,9.19,8.25,8.85,8.77,8.98,8.81,8.88,9.05,9.07,9.12,8.85,8.8,9.29
C9orf86,9.52,9.54,9.88,9.6,10.18,10.05,9.84,9.69,9.42,9.56,9.82,9.25,9.25,7.14,9.29,9.37,9.36,9.83,9.8,9.6,9.17,9.07,9.34,9.31,9.13,9.04,9.69,9.49,9.86,9.76,6.79,9.63,8.95,8.94,9.05,9.36,9.59,9.41,10.05,9.75,9.75,10.15,9.92,8.62,9.4,9.64,9.2,9.62,9.72,7.86
C9orf86,8.98,8.84,9.19,9.06,9.45,9.36,9.6,9.45,8.95,9.01,9.2,8.92,8.86,7.8,8.91,8.93,8.88,9.19,9.28,9.05,8.9,8.84,8.95,8.95,8.89,8.62,9.19,9.19,9.38,9.28,8.79,8.88,8.59,8.66,8.67,9,8.89,8.96,9.25,9.4,9.36,9.56,9.45,8.94,8.92,9.01,9.13,9.17,9.27,9.1
C9orf86,6.8,6.15,6.48,6.47,5.3,5.67,5.93,6.56,6.44,6.42,6.17,6.25,6.06,5.35,6.6,6.64,6.37,6.52,6.29,6.71,6.21,6.21,5.94,6.41,6.58,6.57,6.33,6.65,6.16,6.13,7.12,7,6.42,6.41,5.97,6.35,6.69,6.37,6.11,6.47,6.07,5.87,6.08,5.66,6.17,5.83,5.81,6.39,5.72,5.41
C9orf86,8.08,8.04,8.37,7.89,8.1,8.54,8.51,8.07,7.93,7.97,8.28,7.63,7.5,8.07,7.92,8.04,7.87,8.2,8.29,8.22,7.7,7.68,7.87,7.91,7.89,7.64,8.29,8.06,8.42,8.56,7.88,7.82,7.79,7.42,7.69,7.98,7.95,7.59,8.12,8.36,8.19,8.53,8.44,7.35,7.76,7.89,7.98,7.71,7.92,8.03
C9orf89,8.29,8.27,8.46,8.29,8.41,8.26,8.06,8.49,8.27,8.28,8.09,8.31,8.18,7.39,8.41,8.42,8.35,8.19,8.2,8.22,8.28,8.27,8.4,8.32,8.26,8.31,8.23,8.34,8.33,6.73,5.37,6.2,8.45,8.54,8.48,8.44,8.35,8.62,8.2,8.46,8.49,8.27,8.36,6.83,8.09,8,8.19,8.36,8.3,6.58
C9orf9,6.44,6.19,6.8,6.35,7.01,6.62,6.62,6.73,6.18,6.28,5.93,6.48,6.38,7.4,6.87,6.78,6.88,7.19,6.93,7.09,6.8,6.58,6.75,6.89,6.97,7.02,6.56,6.36,7.02,6.56,5.94,8,6.53,6.49,6.51,6.8,7.01,6.99,6.9,6.99,6.81,6.83,7.11,6.02,7.21,7.06,6.99,6.88,6.84,5.36
C9orf9,7.4,7.54,7.59,7.74,8,8.1,7.48,8.02,7.81,7.93,8.01,7.88,7.75,7.74,8.28,8.16,8.16,8.35,8.24,8.17,8.12,8.21,8.26,8.47,8.27,8.16,7.96,7.86,7.97,8.43,5.84,8.24,7.71,7.98,7.74,8.46,8.39,8.23,8.03,8.04,7.81,8.45,8.49,8.55,8.38,7.99,8.41,8.01,8.06,8.85
C9orf91,6.42,6.13,6.63,6.62,6.18,6.58,6.2,6.66,6.48,6.65,6.55,5.99,5.87,6.93,6.72,6.67,6.8,6.57,6.53,6.59,6.02,6.35,6.09,6.67,6.42,6.47,6.73,6.51,6.75,6.81,5.84,6.56,7.01,6.82,7.02,6.86,6.65,6.91,6.84,6.46,6.53,6.7,6.68,7.25,6.19,6.46,6.48,6.36,6.62,5.99
C9orf91,4.12,4.08,4.48,3.88,3.62,3.72,4.72,4.01,4.26,4.16,3.95,3.89,3.63,5.07,4.24,4,4.15,3.67,4.14,4.12,3.57,4.01,3.59,3.97,4.29,4.32,3.93,3.8,4.05,5.27,5.92,4.97,4.08,4.33,4.63,4.15,4.45,4.24,4.81,3.88,3.96,3.88,3.54,5.57,3.91,4.03,4.56,4.11,4.03,5.28
C9orf91,4.67,4.58,4.59,4.73,4.74,4.4,6.24,4.85,4.44,4.67,4.65,4.76,4.45,4.4,4.86,4.56,4.77,4.51,4.43,4.51,4.62,4.64,4.34,4.65,4.53,4.9,4.72,4.35,4.53,5.86,4.92,5.38,4.9,4.98,4.68,5.15,4.99,4.67,4.77,4.36,4.47,4.71,4.34,6.26,4.43,4.61,4.43,4.48,4.83,4.86
C9orf91,4.91,4.81,4.86,5.1,4.77,4.64,4.82,5.08,4.96,4.87,4.86,4.93,4.79,5.04,4.93,4.96,5.27,4.78,4.61,4.66,5.13,5.03,4.77,5.18,4.88,4.85,4.68,4.83,4.59,4.73,6.46,5.44,4.9,5.25,5.22,4.86,4.45,5.01,4.3,4.95,4.99,4.53,4.52,5.65,5.4,4.42,5.07,4.68,5.08,4.58
C9orf91,6.79,6.51,6.9,6.9,6.96,6.56,6.39,6.84,6.61,6.82,6.88,6.41,6.06,5.9,7.04,7.06,6.98,6.5,6.85,6.7,6.22,6.43,6.57,6.79,6.86,6.66,6.95,6.75,6.73,6.79,5.88,5.6,6.98,7.41,7.12,7.26,6.93,7.25,6.86,6.77,6.8,7.07,6.86,6.95,6.43,7.31,7.03,6.91,6.73,5.92
C9orf93,4.22,3.9,3.98,4.14,3.89,3.95,4.26,3.97,4.16,3.78,4.21,3.95,4.07,3.44,3.81,3.65,3.97,3.97,3.96,3.84,3.87,3.75,3.89,3.79,3.84,4.11,3.81,4.04,3.85,4.82,4.54,4.61,3.84,3.8,4.02,3.76,3.69,3.97,3.74,3.99,4.09,4,3.86,4.02,4.03,4.14,3.8,4.17,3.96,3.83
C9orf93,3.48,3.25,3.36,3.73,3.41,3.75,3.53,3.37,3.41,3.53,3.48,3.42,3.4,3.55,3.38,3.48,3.36,3.64,3.46,3.46,3.34,3.41,3.2,3.22,3.26,3.09,3.49,3.55,3.18,3.46,4.9,4.97,3.85,3.53,3.42,3.37,3.41,3.48,3.31,3.42,3.32,3.25,3.58,3.84,3.65,3.33,3.6,3.54,3.39,4.54
C9orf95,6.6,6.17,6.4,6.44,6.49,6.45,5.58,6.32,6.73,6.57,6.2,6.66,6.46,6.49,6.75,6.67,6.59,6.84,7.04,7,6.76,6.61,6.64,6.56,6.55,6.75,6.56,6.52,6.4,5.41,4.8,5.94,6.49,6.46,6.57,6.64,6.38,6.93,5.89,6.59,6.52,6.66,6.58,5.86,7.09,6.72,6.77,6.79,6.64,4.75
C9orf96,4.17,4.37,4.18,4.12,4.41,4.11,4.75,3.88,4.21,4.26,4.58,4.67,4.18,5.72,4.31,4.29,4.35,4.23,4.18,4.1,4.34,4.34,4.43,4.27,4.23,4.12,4.32,4.18,4.41,4.7,4.49,4.8,4.24,4.4,4.06,4.21,4.38,4.06,4.86,4.17,3.94,4.4,4.35,5.88,4.29,3.89,4.2,4.51,4.23,4.39
C9orf96,4.93,4.82,4.93,4.69,4.57,4.76,4.62,4.51,4.51,4.76,5.06,4.9,4.55,5.91,4.71,5.04,4.59,4.91,4.59,4.66,4.68,5.27,4.59,4.32,4.78,4.41,4.58,5.07,4.42,4.98,6.69,4.65,4.85,4.66,5.07,5,4.32,4.43,5.09,4.28,4.45,5.08,4.5,6.3,5.04,4.73,4.5,4.97,5.06,6.98
C9orf98,4.05,4.05,4.36,4.42,4.93,4.22,3.53,4.48,4.03,4.11,4.15,4.11,3.96,4.81,4.44,4.45,4.62,4.75,4.06,4.45,4.34,4.25,4.17,5.11,4.57,4.34,4.24,4.32,3.88,4.92,6.66,5.57,4.24,4.43,4.77,4.68,4.66,4.51,4.33,4.07,4.46,4.18,4.2,4.83,4.12,3.85,4.48,4.41,4.39,3.56
CA1,3.93,3.82,3.77,3.87,3.94,3.87,3.84,3.92,4.01,3.98,4.07,3.96,3.82,4.12,3.78,3.97,3.93,4.03,4.15,3.97,4.18,4.02,4.05,3.77,3.81,4,4.26,3.94,4.11,4.12,5.09,3.93,3.86,4.04,3.8,3.87,3.9,3.95,4.26,3.87,3.86,3.76,4,4.8,3.73,3.83,3.94,3.99,4.02,4.38
CA1,4.22,3.97,4.43,4.13,4.26,4.25,4.66,4.55,4.26,4.03,4.37,4.17,3.95,4.25,4.39,4.23,4.2,4.33,4.2,3.92,4.01,4.22,4.13,4.34,4.48,4.27,3.95,4.43,4.23,4.9,7.35,5.75,3.76,3.89,4.12,4.05,4.24,4.05,5.63,4.28,4.25,4.15,4.01,5.35,4.31,4.47,4.51,4.22,3.98,6.03
CA1,3.56,3.69,3.39,3.53,3.48,3.35,4.49,3.58,3.5,3.53,4.41,3.86,3.99,3.8,3.61,3.78,3.65,3.58,3.55,3.49,3.57,3.53,3.64,3.62,3.54,3.71,3.55,3.54,3.59,3.89,4.45,4.88,3.95,3.8,3.68,3.41,3.45,3.51,4.81,3.66,3.86,3.74,3.84,4.44,3.69,3.48,3.48,3.49,3.8,3.78
CA10,3.97,3.76,4,4.05,3.95,3.78,4.74,3.85,3.93,4.26,3.67,3.9,3.94,4.5,4.07,4.01,3.92,4.08,4.27,4.14,3.96,4.2,3.94,3.97,3.78,3.89,3.84,4.21,3.85,4.69,4.13,3.75,4.23,3.92,3.98,4.02,3.69,4.03,4.82,3.76,3.88,4.15,3.86,4.23,4.06,4.04,3.96,3.9,3.89,4.71
CA10,3.77,3.82,3.56,3.79,3.57,3.75,3.73,3.71,3.81,3.77,3.76,3.85,3.74,4.17,3.83,4.11,3.72,3.9,3.61,3.66,3.71,4.07,3.89,3.66,3.43,3.48,3.69,3.8,3.78,3.9,3.46,3.78,3.8,3.89,3.81,3.65,3.95,3.72,3.64,3.66,3.58,3.83,3.6,3.95,3.58,3.53,3.69,3.59,3.63,3.42
CA10,4.56,4.2,4,4.04,4.04,4,4.4,3.88,4.56,3.9,4.05,4.2,4.39,4.69,3.98,3.95,3.9,4.15,3.74,3.96,4,3.93,4.15,4.09,3.66,3.81,3.93,3.92,4.41,4.39,4.35,4.56,4.01,4.26,4.2,4.12,4,3.83,4.59,3.69,3.68,4.04,4,4.44,3.82,3.74,3.77,3.54,3.97,3.91
CA11,5.82,5.82,5.89,5.97,5.58,5.45,5.15,6.08,5.88,5.58,5.69,5.78,5.66,6.18,5.27,5.58,5.69,5.87,5.62,5.78,5.47,5.43,5.42,5.47,5.44,5.43,6.03,5.84,5.63,4.48,6.72,6.21,5.4,5.43,5.38,5.65,5.17,5.78,5.66,5.58,5.93,5.46,5.73,6.46,6.41,6.31,6.74,6.08,5.68,6.1
CA12,4.29,4.5,4.76,4.19,4.69,4.09,3.97,4.38,4.36,4.48,4.31,4.48,4.44,4.97,4.42,4.19,4.21,4.46,4.36,4.35,4.57,4.75,4.36,4.07,4.15,4.38,4.45,4.5,4.03,4.04,5.13,3.92,4.26,4.16,4.44,4.31,3.84,4.08,3.9,4.75,4.43,4.3,4.67,6.91,4.04,4,4.06,4.64,4.62,4.82
CA12,4.14,4.26,4.1,4.22,4.08,4.12,4.38,4.42,3.95,3.91,4,4.2,3.88,5.03,4.13,3.93,4.26,4.13,3.8,4.16,4.53,4.13,4.22,4.21,4.17,3.74,4.16,4.13,4.34,4.89,5.96,6.27,4.02,4.2,4.16,4.45,3.88,4.16,4.41,3.63,4,3.9,4.03,6.46,4.11,4.55,4.13,4.44,3.87,6.88
CA12,4.18,4.28,4.56,4.23,4.42,4.02,4.12,3.9,4.04,4.25,4.52,4.51,4.29,5.61,4.44,4.23,4.01,3.95,4.19,3.82,4.6,4.53,4.23,4.13,4.45,4.18,4.03,4.09,4.16,5.35,5.44,5.96,4.25,4.36,4.21,3.99,4.2,4.35,4.79,4.41,4.27,4.25,4.68,5.77,4.4,4.66,4.37,4.51,4.17,5.41
CA12,3.97,4.11,4.32,4.23,3.93,4.86,4.33,3.87,4.05,4.24,4.61,4.33,4.11,6.38,4.2,4.09,4.01,3.99,3.94,3.85,4.08,3.94,4.14,4.02,4.08,4.18,4.36,4.17,4.05,5.56,6.97,4.7,4.11,4.18,4.32,4.06,3.93,4.16,4.67,3.98,3.99,4.23,4.05,5.06,4.08,4.42,4.14,4.22,4.55,5.86
CA12,4.1,4.89,4.5,4.35,5.09,4.04,4.69,4.47,4.15,4.37,4.48,4.29,4.43,5.8,4.42,4.17,4.74,4.39,4.19,4.32,4.42,4.73,4.75,4.14,4.3,4.22,4.24,4.29,4.28,5.61,5.3,6.09,4.66,4.5,4.49,4.42,5.15,4.32,4.6,4.08,4.34,4.29,4.54,5.42,4.22,5.2,4.94,4.47,4.1,4.36
CA13,5.03,5.05,5.05,5.14,5.18,4.79,4.76,4.82,5.25,5.08,5.33,5.18,4.76,5.75,4.7,4.54,4.91,5.1,4.99,4.84,4.92,5.09,5.24,4.9,4.53,4.85,4.95,5.26,5.27,5.31,4.81,6.33,4.38,4.74,4.65,4.87,4.85,4.62,5.39,4.87,5.62,4.59,4.97,6.14,5.11,4.89,5.69,5.13,5.38,4.44
CA13,3.74,3.51,3.38,3.82,3.69,3.54,3.77,3.72,3.49,3.44,3.64,3.69,3.5,3.57,3.46,3.67,3.61,3.79,3.54,3.43,3.63,3.47,3.64,3.32,3.59,3.43,3.72,3.73,3.26,4.13,4.56,5.95,3.82,3.79,3.39,3.54,3.51,3.36,5.3,3.69,3.62,3.74,3.42,4.24,3.62,3.48,3.76,3.65,3.65,3.67
CA13,4.26,3.86,4.4,3.93,4.01,3.64,5.08,3.81,3.94,4.11,3.64,4.1,3.82,3.83,3.83,3.92,3.88,3.92,4.14,3.88,4,3.83,4.03,4.08,4.16,3.8,4.27,4.18,3.77,4.11,4.92,6.37,3.84,4.06,3.98,3.84,4.24,3.77,3.93,3.69,3.82,4,3.79,3.69,4.52,4.55,4.32,3.92,4.03,4.18
CA14,3.58,3.58,3.49,3.51,3.71,3.63,3.64,3.7,3.57,3.63,3.8,3.6,3.61,3.6,3.75,3.5,3.55,3.54,3.51,3.46,3.57,3.53,3.78,3.54,3.6,3.66,3.71,3.54,3.8,4.51,5.02,5.26,3.72,3.69,3.56,3.43,3.88,3.55,3.71,3.55,3.62,3.47,3.68,3.74,3.59,3.69,3.56,3.44,3.46,4.55
CA14,4.43,4.22,4.29,4.43,4.41,4.49,4.64,4.41,4.36,4.26,4.33,4.37,4.25,4.66,4.42,4.64,4.42,4.44,4.51,4.34,4.7,4.27,4.12,4.41,4.19,4.34,4.34,4.35,4.37,5.24,4.44,5.95,4.37,4.2,4.29,4.33,4.98,4.36,4.31,4.71,4.37,4.41,4.83,4.87,4.44,4.51,4.3,4.33,4.32,6.07
CA14,3.53,3.52,3.86,3.68,3.58,4.02,3.92,3.77,3.66,3.95,4.32,3.64,3.76,5.11,3.84,3.79,3.71,3.73,3.61,3.8,3.7,3.99,3.63,3.71,3.68,3.57,3.58,4.11,3.62,4.57,5.87,4.69,3.73,3.8,3.56,3.55,4.14,3.72,3.97,3.72,3.7,3.58,3.84,6.87,4.32,3.77,4.01,3.84,3.51,4.37
CA2,9.47,9.73,9.68,9.54,9.11,9.28,8.91,9.28,9.73,9.59,9.43,9.33,9.49,7.74,8.55,8.37,8.63,9.23,9.27,9.23,8.62,8.47,8.62,8.43,8.28,8.38,9.47,9.43,9.4,9.08,8.23,6.94,9.73,9.76,9.68,8.75,8.59,8.55,8.8,9.19,9.24,9.17,9.13,8.15,8.46,8.19,8.34,9.43,9.39,8.18
CA3,3.99,4.17,3.75,3.7,4.12,3.64,3.88,3.91,3.97,3.89,4.3,3.91,4.02,4.22,3.84,3.75,3.84,3.97,3.97,3.76,3.74,4.02,4.15,3.74,3.91,3.85,3.87,4.01,3.9,4.46,3.7,4.24,4.14,3.78,3.68,3.84,3.7,3.65,4.28,3.94,3.79,3.71,4.24,4.63,3.79,3.69,3.73,3.74,4.06,4.85
CA3,4,4.26,4.02,3.74,4.12,3.99,4.62,3.9,4.15,4.23,4.07,4.29,4.53,4.23,3.89,3.82,4.09,4.17,3.82,4.04,4.24,3.84,4.24,4.19,3.95,3.8,4.05,4.03,3.89,4.64,4.55,4.69,4.16,4.1,4.06,3.77,4.43,4.08,5.06,3.66,4.01,4.5,4.42,3.9,3.83,4.14,4.2,3.87,4.37,4.4
CA3,4.02,3.95,4.04,4.08,4.18,3.95,4.06,3.64,3.95,3.93,3.92,3.99,3.99,3.96,3.91,3.76,3.93,3.9,4.16,3.97,4.11,3.78,3.85,3.97,4.07,3.73,4.09,3.88,4.14,4.08,5.88,6.09,4.07,3.97,4.21,4,3.85,3.64,4.05,3.94,4,3.81,4.17,5.19,3.95,4.1,4.18,4.01,3.99,4.4
CA4,4.38,4.27,4.13,4.2,4.16,4.59,4.52,4.11,4.11,4.22,4.1,3.93,4.22,4.53,4.29,4.3,4.05,4.28,4.1,4.16,4.06,4.11,4.12,4,4.26,4.12,4.46,4.08,4.08,4.16,5.19,5.07,4.25,4.01,4.01,4.24,4.1,4.19,5.28,4.34,4.59,3.92,4.34,4.07,3.99,4.8,3.95,4.24,4.02,5.37
CA5A,3.8,4.01,3.38,3.91,3.92,3.56,3.87,3.6,3.52,3.49,3.78,3.87,3.84,4.45,3.53,3.72,3.53,3.71,3.78,3.66,3.98,3.7,3.94,3.76,3.45,3.4,3.72,3.45,3.74,4.29,3.89,4.44,3.58,3.72,3.7,3.41,3.68,3.42,3.68,3.64,3.62,3.65,3.75,3.84,3.6,3.53,3.58,3.64,3.75,4.17
CA5A,4.22,4.29,4.07,4.18,4.49,4.18,4.36,4.56,4.25,4.29,4.63,4.51,4.21,5.3,4.45,4.07,4.16,4.32,4.26,4.19,4.33,4.04,4.39,3.95,4,4.21,4.14,4.04,4.56,4.35,4.55,6.35,4.28,4.31,4.25,4.03,4.22,3.89,4.12,4.23,4.46,4.28,4.18,4.62,4.28,4.17,4.13,4.2,4.19,5.61
CA5B,4.13,3.92,3.91,4.07,4.25,4.22,4.61,4.2,4.05,3.96,4.44,4.1,4.09,4.66,4.04,3.98,3.9,3.79,4.2,4.21,3.96,4.04,4.29,3.96,3.91,3.98,4.03,4.18,4.4,4.19,4.77,5.02,4.39,3.87,3.93,3.79,3.82,3.89,4.13,4.68,4.43,4.17,4.16,5.96,3.84,4.5,4.2,4.21,3.99,3.88
CA5B,4.43,4.3,4.4,4.68,4.54,4.5,4.42,4.32,4.65,4.36,4.45,4.69,4.6,4.59,4.49,4.24,4.6,4.42,4.99,4.34,4.11,4.36,4.56,4.8,4.45,4.63,4.28,4.59,4.31,5.45,4.94,4.67,4.18,4.22,4.29,4.24,4.18,4.49,4.14,4.24,4.79,4.07,4.44,4.03,4.65,4.78,5.3,4.54,4.23,4.27
CA6,4.49,4.35,4.22,4.38,4.38,4.84,4.41,4.32,4.45,4.43,4.65,4.23,4.37,5.67,4.45,4.35,4.43,4.44,4.18,4.25,4.58,4.36,4.49,4.41,4.44,4.17,4.3,4.54,4.59,4.7,4.4,6.73,4.11,4.38,4.45,4.58,4.49,4.28,5.09,4.49,4.5,4.66,4.29,5.88,4.69,4.67,4.39,4.53,4.3,6.19
CA6,3.87,3.82,3.72,3.59,3.94,3.92,4.13,4.27,3.75,3.76,3.81,3.78,3.93,4.21,3.9,3.76,3.68,4.09,3.63,3.81,4.04,3.74,3.72,3.96,3.82,3.94,3.87,4.08,4.02,4.21,4.13,3.73,3.75,3.84,3.97,4.05,3.64,3.86,3.82,3.92,3.85,3.56,3.87,4.13,3.87,4.5,3.79,3.85,3.91,4.2
CA6,3.56,3.52,3.41,3.51,3.72,3.47,5.1,3.43,3.49,3.63,3.56,3.49,3.51,3.99,3.56,3.43,3.48,3.67,3.64,3.34,3.42,3.49,3.58,3.3,3.4,3.44,3.36,3.52,3.45,4.15,5.99,3.62,3.54,3.83,3.54,3.42,3.35,3.48,3.89,3.55,3.4,3.59,3.46,4.07,3.42,3.51,3.85,3.36,3.63,3.49
CA6,3.28,3.38,3.21,3.34,3.64,3.42,4.03,3.33,3.28,3.38,3.38,3.41,3.52,4.57,3.27,3.29,3.17,3.28,3.2,3.65,3.43,3.44,3.39,3.5,3.33,3.29,3.19,3.54,3.27,4.36,6.3,4.16,3.41,3.25,3.21,3.3,3.46,3.33,4.58,3.19,3.25,3.47,3.52,3.67,3.99,3.3,3.41,3.53,3.34,3.7
CA6,3.76,3.94,3.72,4.16,4.15,3.72,4.51,3.9,3.9,3.66,4.26,3.83,3.94,5.61,3.71,3.7,3.75,3.87,3.85,3.51,3.62,3.64,3.59,3.65,3.88,4.38,3.8,3.7,3.78,4.79,4.61,4.29,3.73,3.72,3.81,3.6,3.74,3.89,4.2,3.84,3.74,4.22,3.63,5.26,3.8,3.81,3.74,3.66,3.77,5.47
CA6,4.14,4.04,3.82,4.02,3.83,3.9,3.94,4.11,3.89,4.01,4.11,4.01,4.36,4.93,3.97,3.88,3.99,3.83,3.76,3.78,4.03,4.09,3.99,3.79,3.96,4.12,3.91,3.77,3.9,4.38,4.38,5.2,3.89,3.95,3.8,3.71,3.8,3.73,3.79,3.83,3.83,3.95,3.93,4,3.81,3.89,4.13,3.69,4.04,4.24
CA6,3.76,3.74,4.21,4.03,4.42,4.21,3.92,3.51,4.15,3.95,3.97,4.06,3.92,4.96,4.18,3.93,4.15,4.06,4.3,3.65,3.92,4.26,3.62,4.05,4.2,3.88,3.8,4.12,3.86,4.37,5,5.18,3.92,4.07,3.83,3.76,4.28,4.14,3.8,3.9,3.99,3.69,3.93,5.09,3.89,3.74,3.74,4.01,3.91,5.25
CA6,4.37,5.23,4.62,4.62,4.4,4.27,4.85,4.58,4.66,4.63,4.67,4.93,5.06,5.58,4.57,4.9,4.73,4.5,4.98,4.8,4.53,4.71,4.58,4.57,4.71,4.7,4.48,4.76,4.65,4.13,6.79,3.77,4.69,4.74,4.81,4.6,4.61,4.72,4.52,4.49,4.74,4.46,4.81,5.49,4.15,4.78,4.63,4.52,4.65,5.63
CA7,4,4.03,3.98,4.15,4.08,4.22,4.24,4.07,3.95,3.86,4.08,4.09,4.06,4.56,3.75,4.08,3.95,3.94,3.94,3.93,3.83,3.97,4.16,4,4.17,4.1,4.27,4.17,3.99,3.96,6.55,5.03,3.84,4.2,4.04,3.83,3.7,4.2,3.76,4.33,3.92,4.36,3.88,4.72,4.03,4.13,4.23,3.9,3.98,5.45
CA8,3.52,3.63,3.73,3.65,3.49,3.56,3.43,4.1,3.65,3.67,3.68,3.59,3.58,3.67,3.61,3.77,3.55,3.54,3.62,3.61,3.69,3.66,3.71,3.58,3.46,3.78,3.47,3.51,3.71,4.43,3.8,4.58,3.71,3.66,3.62,3.49,3.51,3.58,4.07,3.36,3.45,3.73,3.49,4.44,3.54,3.53,3.28,3.48,3.44,3.93
CA8,3.6,3.6,3.59,3.5,3.86,3.45,3.47,4.09,3.58,3.73,3.68,3.82,3.61,3.68,3.44,3.62,3.62,3.8,3.57,4.03,3.78,3.79,3.63,3.37,3.49,3.78,3.5,3.45,3.4,3.38,4.2,3.64,3.75,3.69,3.54,3.64,3.71,3.7,3.69,3.72,3.37,3.48,3.69,4.67,3.71,3.4,3.76,3.51,3.69,3.8
CA9,3.98,4.42,3.91,4.38,4.11,4.25,5.05,4.23,4.3,4.5,4.6,4.63,4.56,5.24,3.92,4.21,4.21,4.01,4.27,4.3,4.34,4.77,4.36,4.01,3.92,4.23,4.5,4.52,4.35,4.97,6.02,4.41,4,4.1,4.23,3.73,4.54,4.52,4.48,4.01,4.56,4,4.36,5.71,5.08,4.39,4.49,4.53,4.36,5.13
CA9,3.78,3.96,3.94,4.04,4.23,3.86,4.64,3.94,3.84,3.96,4.07,3.85,3.9,4.16,3.95,4.03,3.82,3.95,3.86,3.9,4.37,4.08,3.69,3.94,3.96,3.84,3.89,3.88,3.97,3.8,4.67,4.11,4.07,3.89,3.99,3.76,3.63,3.86,4.43,3.88,4.02,4.01,3.8,4.25,3.96,3.92,4.2,3.89,3.94,5.21
CA9,4.22,4.04,4.12,4.15,4.13,4.24,4.39,4.17,4.21,4.12,4.29,4.21,4.01,4.78,4.04,4.21,4.27,4.05,3.9,3.92,4.03,4.22,3.89,3.97,4.08,3.89,4.02,4.24,4.26,4.4,4.83,4.6,4.11,4.26,4.07,4.15,4.01,4.43,4.24,3.98,4.21,4.17,4.19,4.41,4.17,4.24,4.46,3.97,4.44,4.89
CAB39,10.27,10.22,10.27,10.44,10.33,10.38,10,10.22,10.27,10.34,10.42,10.36,10.23,9.08,10.56,10.52,10.54,10.63,10.55,10.53,10.52,10.5,10.44,10.48,10.51,10.51,10.3,10.36,10.29,10.48,8.2,9.65,10.51,10.43,10.47,10.51,10.58,10.59,10.33,10.44,10.43,10.31,10.19,9.08,10.54,10.52,10.45,10.42,10.34,9.46
CAB39,6.13,5.19,5.54,5.54,4.82,4.92,5.53,5.36,5.83,5.72,4.76,5.59,5.62,6.73,6.2,5.78,6.05,5.47,5.67,5.94,5.27,5.5,5.12,5.68,5.33,5.65,5.36,5.21,4.78,5.03,5.13,5.64,6.08,5.98,5.98,5.78,5.25,6.08,5.25,5.85,5.43,4.44,4.73,4.81,5.53,5.23,5.18,5.74,5.68,4.68
CAB39,7.69,6.84,7.57,7.62,6.33,6.9,5.83,7.58,7.52,7.52,6.53,7.66,7.33,5.25,7.97,7.89,7.86,7.93,7.82,8,7.51,7.46,6.94,7.82,7.72,7.73,7.36,7.68,6.68,4.65,6.44,5.37,7.94,7.82,8.16,7.91,7.5,8.18,6.3,7.43,7.4,6.15,6.02,5.39,7.85,6.93,7.6,7.73,7.34,6.11
CAB39L,5.16,5.11,5.54,5.38,5.11,5.61,6.2,5.63,5.16,5.15,5.22,5.44,5.2,5.46,5.34,5.41,5.37,5.59,5.6,5.43,5.56,5.41,5.34,5.18,5.71,5.48,5.29,5.58,5.29,4.91,4.95,7.07,5.26,5.08,5.45,5.46,5.43,5.36,5.01,5.54,5.35,5.33,5.31,5.56,5.3,5.88,5.65,5.61,5.27,6.44
CAB39L,6.64,6.56,6.63,6.52,6.5,6.77,6.37,6.68,6.61,6.57,6.82,6.68,6.58,5.85,6.79,6.49,6.73,6.98,7.04,6.95,6.78,7.18,7.22,7.23,7.32,7.16,6.64,6.64,6.7,5.72,6.41,6.48,5.93,6.18,6.39,6.89,6.52,6.87,6.22,6.6,6.95,6.3,6.64,8.05,7.16,7.23,7.19,6.76,6.74,6.79
CAB39L,7.67,7.56,8.12,7.89,7.91,7.82,6.76,8.19,7.9,7.93,7.85,7.9,7.68,5.96,7.85,7.62,7.88,7.74,7.78,7.91,7.82,8.04,8.04,8.2,8.25,8.28,7.6,8.01,7.75,4.81,6.42,6.21,7.41,7.68,7.63,8.13,7.73,7.95,7.8,8.22,8,7.66,7.59,6.79,8.29,8.03,8.23,7.95,7.84,7.79
CABC1,8.39,8.48,8.52,8.59,8.6,8.51,8.53,8.66,8.4,8.56,8.4,8.61,8.45,7.42,9.3,9.06,9.15,8.6,8.67,8.67,9.12,8.91,9.02,9.14,9.15,9.18,8.63,8.43,8.64,9.08,6.98,8.15,9.01,9.16,8.93,9.27,9.27,9.33,8.46,8.57,8.46,8.73,8.69,6.78,8.6,8.37,8.62,8.63,8.7,8.16
CABC1,4.44,4.01,4.04,4.21,4.26,4.03,4.42,4.54,4.38,4.19,4.05,4.14,4.19,4.17,4.67,4.11,4.21,4.52,4.08,4.35,4.24,4.56,4.17,4.6,4.21,4.6,4.62,4.32,4.27,3.9,4.75,4.49,4.63,4.33,4.62,4.22,4.1,4.3,4.28,3.95,4.66,4.05,3.83,4.91,4.08,4,4.25,4.38,4.17,5.15
CABC1,5.92,5.35,6.3,5.51,5.73,6.12,5.14,6.03,5.96,5.94,5.22,5.62,5.8,5.06,6.79,6.66,6.64,6.39,6.41,6.55,6.51,6.26,6.09,6.74,6.69,6.51,6.01,5.93,5.53,5.19,5.06,5.62,6.76,6.56,6.5,6.79,6.8,7.07,4.93,6.37,5.79,6.53,6.05,4.31,6.49,6.01,6.03,6.24,6.37,4.98
CABIN1,8.17,8.39,8.66,8.45,8.94,9,9.52,8.85,8.21,8.33,8.75,8.16,8.11,9.17,8.43,8.35,8.14,8.45,8.6,8.37,8.37,8.3,8.69,8.15,8.57,8.3,8.69,8.28,8.86,9.41,9.05,9.51,7.94,8.1,8.08,8.33,8.62,8.42,8.68,8.71,8.65,8.86,8.84,8.77,8.24,8.68,8.28,8.49,8.95,9.51
CABIN1,6.06,5.4,5.94,5.81,6.63,6.62,6.91,6.06,5.88,6.04,6.15,5.17,5.01,5.21,6.07,6.28,6.39,6.39,6.22,6.2,6.03,6.04,6.14,6.45,6.1,6.46,6.33,6.09,6.39,6.1,7.69,7.19,6.15,5.53,6.07,6.58,6.63,5.9,5.33,6.4,6.29,6.24,6.4,4.66,5.84,6.43,6.44,5.82,5.6,6.18
CABLES1,5.15,4.65,4.81,4.88,5.76,5.09,4.04,4.59,4.9,4.8,5.47,4.76,4.7,6.7,5.03,4.8,4.78,5.29,5.47,5.02,4.65,5.03,5.02,4.84,5.28,4.94,4.89,5.07,4.91,6.63,5.32,5.61,4.6,4.91,5.16,5.17,4.58,5.02,4.79,5,5.01,5.23,5.21,6.47,5.2,5.44,4.92,5.38,4.76,6.32
CABLES1,3.87,3.65,3.98,3.88,4.49,3.9,4.17,4.07,3.96,3.99,4.01,3.9,3.72,4.98,4.34,4.05,4.31,4.01,3.8,4.01,3.99,3.99,4.04,3.77,3.97,4.13,4.24,4.11,3.83,4.55,4.4,4.72,4.07,4.14,4.06,4.09,3.55,4.64,4.02,4.32,3.8,4.34,4.51,4.37,3.7,3.76,4.26,3.87,4.04,6.01
CABLES1,3.91,3.83,4.3,4.12,4.02,3.94,3.86,3.78,3.8,3.82,4.14,3.71,3.73,4.61,3.89,3.56,3.98,3.71,3.87,4.24,3.85,3.89,4.04,3.75,4.38,4,3.51,4.04,4.13,4.41,4.35,6.23,3.93,3.94,4.08,3.97,3.72,4.16,3.76,4.23,4.24,4.79,4.28,3.92,4.32,4.09,4.34,4.61,3.91,5.13
CABLES1,4.78,4.83,5.18,4.94,5.42,5.53,4.98,5.22,5,5.06,5.07,5.11,4.96,5.11,5.11,5.52,5.29,5.26,5.02,5.17,4.83,5.5,4.99,5,4.99,4.66,5.31,5.4,4.98,5.07,4.42,4.85,5.63,5.48,5.28,4.96,5.68,5.16,4.37,4.81,5.17,5.55,5.32,5.03,5.36,5.16,5.07,5.32,5.22,5.1
CABLES1,3.6,3.58,3.72,3.73,4.38,4.07,4.16,3.88,3.62,3.63,3.64,3.4,3.43,4.23,3.68,3.74,3.67,3.71,3.69,3.65,3.58,3.82,3.6,3.7,3.56,3.47,3.59,3.81,3.97,4.22,5.37,4.89,3.73,3.61,4.07,3.71,3.91,3.63,4.42,3.93,3.76,3.76,3.85,4.83,3.84,4.43,4.05,3.57,3.65,4.18
CABLES2,8.43,8.57,8.6,8.55,8.87,8.76,8.43,8.76,8.47,8.54,8.67,8.31,8.27,6.97,8.46,8.36,8.47,8.53,8.5,8.47,8.45,8.56,8.66,8.52,8.59,8.54,8.6,8.47,8.63,8.41,6.25,7.92,8.47,8.43,8.49,8.45,8.52,8.51,8.48,8.74,8.82,8.76,8.69,8.17,8.61,8.29,8.46,8.37,8.49,7.36
CABP1,3.72,3.98,3.91,3.84,4.22,3.68,4.51,4.06,3.9,3.64,3.68,3.85,4.01,5,3.83,3.6,3.63,3.58,3.84,3.82,4.21,3.65,3.92,3.99,3.88,3.65,3.92,3.82,3.82,4.36,3.88,3.86,4.07,3.81,3.91,3.72,3.79,3.65,3.64,3.49,4.09,3.66,3.69,3.66,3.85,4.06,3.6,3.62,3.62,4.28
CABP2,3.68,3.95,3.51,3.81,3.67,3.95,4.13,3.87,3.75,3.7,3.76,3.9,3.83,3.8,3.55,3.62,3.73,4.08,3.92,3.63,3.87,3.75,3.74,3.57,3.88,3.6,3.84,3.92,3.73,3.87,3.5,3.93,4.07,4.01,3.68,3.86,4.14,3.57,4.49,3.93,3.65,4.1,3.86,3.95,3.78,4.2,4.01,4.08,3.87,4.28
CABP4,5.36,5.59,5.47,6.16,5.34,5.52,6.33,5.5,5.52,5.36,5.94,5.6,5.59,6.2,5.57,5.83,5.57,5.6,5.49,5.49,5.61,5.89,5.81,5.47,5.52,5.26,5.88,5.62,6.63,5.81,5.11,4.58,6.18,6.21,5.71,5.23,5.82,5.4,5.47,5.48,5.87,5.69,5.59,6.31,5.37,5.73,5.98,5.47,5.29,6.13
CABP5,4.64,4.79,4.61,4.91,5.06,4.74,5.56,4.69,4.56,4.98,4.82,4.89,4.75,4.61,4.58,4.69,4.54,4.77,4.64,4.42,4.73,4.71,4.89,4.09,4.47,4.36,4.85,4.63,5.16,4.6,5.37,5.77,4.86,4.68,4.75,4.72,4.66,4.38,4.42,4.59,4.6,4.65,5.23,5.35,4.67,4.62,4.4,4.56,4.6,5.84
CABP7,4.5,4.58,4.42,4.47,4.15,5.53,5.45,4.83,4.74,4.42,4.56,4.72,4.79,4.39,4.74,4.34,4.57,4.68,4.48,4.59,4.45,4.67,4.41,5.22,5.13,4.44,4.51,4.5,4.48,5.24,4.67,6.06,4.93,4.52,4.65,4.25,4.74,4.76,4.72,4.53,4.66,4.8,4.51,4.48,4.41,4.52,4.06,4.45,4.63,6.37
CABYR,4.3,4.08,4.36,4.2,4.46,4.32,4.46,4.42,4.09,4.21,4.3,4.44,4.09,4.18,4.56,4.34,4.07,4.09,4.57,4.21,4.34,4.23,3.92,4.36,4.25,3.92,4.42,4.14,4.18,4.09,5.6,5.31,4.24,4.11,4.22,4.07,3.69,4.3,4.99,4.3,4.42,4.65,4.62,4.69,3.9,4.63,4.26,4.1,4.37,4.45
CACHD1,7.44,7.61,7.59,7.32,7.56,7.55,7.41,7.21,7.3,7.49,7.86,7.52,7.3,7.49,7.31,7.23,7.47,7.2,7.41,7.06,7.3,7.25,7.53,7.25,7.31,7.5,7.56,7.45,7.63,6.51,7.29,6.5,7.77,7.96,7.9,7.5,7.83,7.49,6.94,7.56,7.42,7.57,7.44,8.14,7.43,7.74,7.65,7.61,7.72,6.8
CACHD1,6.37,6.32,6.38,6.23,6.43,5.92,6.36,6.01,6.24,6.17,6.13,6.25,6.53,6.58,5.75,6.14,6.09,6.27,6.49,5.98,6.45,6.14,6.23,6.12,5.91,6.07,6.41,6.23,6.19,6.38,6.2,5.27,6.55,6.5,6.46,6.2,6.13,6.07,6.33,6.27,6.13,6.15,6.18,6.86,6.11,6.25,5.86,6.1,6.22,6.57
CACNA1A,5.24,5.57,5.12,5.53,5.92,6.18,6.3,6.31,5.29,5.29,5.89,5.25,5.25,7.09,5.98,5.45,6.2,5.64,5.3,5.39,5.68,5.78,5.96,6.17,6.03,6.14,5.38,5.28,5.76,6.19,6.9,6.58,5.24,5.53,5.27,5.81,5.6,5.2,5.66,6.16,5.89,6.76,6.98,6.07,6.42,6.51,6.37,6.06,5.96,5.64
CACNA1A,3.71,3.65,4.17,3.87,3.95,4.4,4.05,4.51,3.75,3.91,3.96,3.98,3.42,4.29,4.13,4.11,3.97,4.19,4.06,3.81,3.68,4.12,4.05,4.15,4.92,4.28,3.59,4.18,3.82,4.59,5.74,4.56,3.65,3.65,4.16,4.09,3.73,4.35,3.88,4.16,4.14,5.01,4.74,5.07,4.33,3.69,4.22,4.09,4.16,3.59
CACNA1A,4.46,4.09,4.05,4.38,4.27,4.22,4.36,4.25,4.13,4.2,4.33,4.11,4.02,4.84,4.05,4.33,4.38,3.91,4.37,4.04,4.16,4.03,4.16,4.48,4.43,4.5,4.31,4.13,4.43,5.23,5.61,4.4,4.41,4.46,4.23,4.03,4.22,4.05,4.63,4.28,3.98,4.21,5.03,5.01,4.43,4.22,4.33,4.15,4.17,5.38
CACNA1B,6.19,6.25,6.21,6.38,6.22,6.48,6.78,6.53,6.08,6.23,6.63,6.59,6.4,5.77,6.48,6.55,6.41,5.92,6.03,5.87,7,6.97,7.32,7.13,7.25,6.78,5.99,6.4,6.5,5.5,4.36,6.39,6.76,6.66,6.5,6.9,6.94,6.5,6.11,6.33,6.73,7.68,7.13,6.21,6.73,7.32,6.8,6.31,6.4,5.35
CACNA1B,5.97,5.73,5.83,6.17,6.72,6.49,5.24,6.32,5.66,6.04,5.98,5.84,5.54,4.79,6.09,6.1,6.06,5.56,5.91,5.89,6.32,6.32,6.47,6.31,7.02,6.48,5.93,6.08,6.07,6.61,6.82,5.28,6.31,6.43,6.1,6.58,6.43,6.28,6.93,6.33,6.46,6.64,6.97,6.05,6.57,6.57,6.78,5.88,5.99,5.38
CACNA1C,4.8,4.69,5.22,4.9,5,4.89,5.11,4.78,4.76,4.6,4.7,4.96,4.72,5.62,4.67,4.75,4.53,4.99,4.8,4.7,4.84,4.66,4.86,4.76,4.85,4.57,4.64,4.68,4.81,4.84,5.43,6.54,4.87,4.89,4.55,4.94,4.64,4.62,4.73,4.88,4.85,4.92,4.86,5.95,4.95,4.88,4.7,4.62,4.88,5.98
CACNA1C,4.14,3.99,3.8,3.93,4.42,4.1,4.22,4.18,3.73,3.97,4.28,4.23,3.86,4.87,3.94,4.21,4.02,3.86,4.13,3.87,3.96,4.11,4.09,3.93,4.01,3.86,3.98,4.14,3.9,4.17,6.37,4.98,4.04,4.15,3.93,4.01,4.44,4.02,4.65,3.66,4,4.02,3.88,4.93,3.73,3.81,3.95,4.17,3.71,4.88
CACNA1C,3.62,3.88,3.83,3.64,3.87,3.7,5.17,3.6,3.74,3.63,3.89,3.66,3.65,4.3,3.74,4,3.59,3.87,4.13,4.14,3.76,3.97,3.68,4.22,3.77,3.96,3.74,3.91,3.71,5.91,4.94,4.91,3.92,3.72,3.62,3.64,3.57,4.04,5,3.81,3.91,3.8,4,4.08,3.55,3.98,3.93,3.53,3.67,3.91
CACNA1C,4.11,4.45,4.44,4.39,4.57,4.54,5.25,4.18,4.09,4.32,4.61,4.27,4.37,5.09,4.4,4.14,4.21,4.35,4.39,4.43,4.55,4.32,4.42,4.15,4.15,4.07,4.21,4.4,4.43,4.91,5.02,5.46,4.36,4.14,4.21,4.62,4.18,4.21,5.18,4.77,4.12,4.68,4.81,6.46,4.65,4.59,4.39,4.67,4.22,4.44
CACNA1C,4.01,3.93,4.03,4.18,4.5,3.94,3.77,4.28,3.93,3.98,4.06,4.06,4.13,4.79,4.21,4.02,3.82,4.03,3.91,4.07,3.94,4.28,4.11,4.02,4.19,4.03,3.93,3.93,4.24,6.75,4.5,4.6,4.21,4.16,3.95,4.01,4.55,3.95,4.32,3.9,4.08,4.18,4.43,4.87,4.51,4.56,4.12,3.89,3.86,4.62
CACNA1C,3.61,3.7,3.98,4.08,3.76,3.93,4.19,3.85,3.76,3.98,3.98,4.17,3.75,5.01,3.89,3.82,3.62,4.11,3.77,4.03,3.59,3.8,3.65,3.99,3.75,3.97,3.91,3.88,3.96,4.05,5.61,5.46,3.86,3.54,4.27,4.03,3.83,4,5.08,3.72,3.88,4.22,4.06,5.56,3.79,5.08,3.96,3.74,3.75,4.32
CACNA1C,4.03,4.61,3.82,4.01,4.36,4.06,4.18,4.34,4.2,4.32,4.28,4.34,4.3,5.36,4.22,4.07,4.22,4.17,3.89,3.89,4.19,4.32,4.08,4.22,4.08,3.96,4.01,4.24,4.17,5.02,4.76,4.39,4.25,4.51,4.23,4.13,4.13,4.04,4.03,4.16,4.22,4.49,3.98,5.33,4.17,4.64,4.15,3.97,3.96,5
CACNA1C,3.87,3.9,3.88,3.9,3.82,4.02,4.12,3.75,3.88,3.78,4.16,3.94,4.07,4.39,4.02,4.23,3.77,3.91,3.74,3.75,3.89,4.26,4.08,3.82,3.78,3.59,4.14,3.99,3.87,4.18,5.52,5.74,3.76,3.75,4.03,4.03,3.8,3.85,4.13,3.86,3.76,4.1,4.02,3.75,3.81,3.98,3.92,3.86,3.95,3.74
CACNA1D,7.7,7.68,7.74,7.74,7.51,7.45,7.94,8.06,7.66,7.77,7.9,7.52,7.48,5.57,7.18,6.99,7.26,7.15,7.24,7.52,7.24,7.2,7.6,7.46,7.57,7.39,7.46,7.63,7.83,8.21,6.43,6.1,7.26,7.02,6.98,7.72,7.72,7.61,7.01,7.52,7.6,7.84,7.97,6.72,8.19,8.03,8.21,7.78,7.88,6.51
CACNA1D,6.37,6.81,6.99,6.78,6.37,6.77,6.2,7.06,6.55,6.81,6.63,6.49,6.17,5.46,5.99,6.11,6.11,6.33,6.46,6.66,6.27,6.52,6.39,6.61,6.68,6.68,6.7,6.75,6.56,6.97,5.45,7.22,6.04,6.43,6.24,6.75,6.36,6.78,7.11,7.04,6.36,7.35,7.16,5.15,7.63,7.83,7.66,7.02,7.09,4.91
CACNA1D,4.81,4.41,4.95,4.32,4.6,4.39,4.18,5.39,4.51,4.94,4.44,5.04,4.68,4.42,4.46,5.35,4.53,4.9,4.63,5.3,4.93,4.45,4.41,4.44,5.1,4.99,5.1,4.61,4.48,4.42,4.02,4.44,4.96,4.36,4.68,4.82,4.73,5.22,4.3,4.91,5.2,5.1,5.35,4.22,5.18,5.32,4.84,5.26,4.89,4.73
CACNA1D,4.04,4.05,4.03,4.06,3.86,3.94,3.85,4.09,4.02,3.94,3.82,3.97,3.9,4.17,4.01,3.94,4.2,3.85,3.79,3.97,4.05,3.95,4.13,4.55,4.05,3.76,3.69,3.97,3.81,4.51,4.62,3.91,4.04,4.07,3.89,3.91,3.62,4.27,3.68,4.13,3.79,3.9,4.21,4.1,4.1,4,4.29,4.09,3.99,3.92
CACNA1E,4.37,4.54,4.12,3.95,4.99,4.73,5.16,4.43,4.18,4.2,4.28,4.25,4.88,4.65,4.17,4.32,4.21,4.28,4.14,4.15,4.73,4.69,4.58,4.33,4.31,4.05,4.13,4.36,4.3,5.42,4.05,5.65,4.2,4.44,4.33,3.91,4.08,4.19,4.71,4.24,4.38,3.89,3.96,4.64,4.43,4.33,4.47,3.87,4.12,5.41
CACNA1E,4.21,4.21,4.09,4.51,4.21,4.36,5.82,4.47,4.26,4.21,4.23,4.2,4.52,4.65,4.08,4.13,4.18,4.2,4.39,3.85,4.29,4.36,4.36,4.44,4.22,4.12,4.45,4.26,4.31,5.79,7.42,4.77,4.35,4.32,4.14,4.01,4.09,4.42,3.94,4.34,4.32,4.24,4.39,5.61,4.22,4.92,4.24,4.43,4.13,4.39
CACNA1E,3.82,3.97,3.59,3.99,3.95,4.16,4.36,3.76,4.02,4.06,4.26,4.22,4.17,4.4,4.13,3.94,3.9,4,4.07,4.1,3.57,4.12,3.81,4,3.83,3.79,4.08,4.16,4.47,3.74,7.01,6.58,3.78,3.76,3.89,3.73,4.19,3.92,3.99,3.87,3.75,3.73,3.95,6.79,4.22,3.95,3.96,4.09,3.64,6.33
CACNA1F,4.51,4.71,4.51,4.76,4.74,5.05,4.87,4.93,4.51,4.44,4.56,4.71,4.45,6.51,4.41,4.49,4.48,4.82,4.66,4.56,4.52,4.71,4.63,4.4,4.6,4.31,4.35,4.64,5.2,5.74,6.31,6.11,4.71,4.59,4.55,4.49,4.57,4.69,4.91,4.8,4.23,4.67,4.53,6.59,4.42,4.66,5.26,4.58,4.41,5.55
CACNA1G,4.25,4.31,4.18,4.17,4.93,4.36,4.7,4.68,4.23,4.43,4.23,4.34,4.33,5.29,4.25,4.07,4.36,4.21,4.33,4.26,4.68,4.22,4.42,4.39,4.09,4.28,4.5,4.25,4.5,4.72,4.88,4.78,4.43,4.6,4.24,4.21,4.28,4.16,4.07,4.43,4.38,4.5,4.91,4.98,4.4,5.12,4.18,4.18,4.36,4.91
CACNA1G,4.27,4.28,4.34,4.36,4.66,4,4.44,4.26,4.29,4.2,4.23,4.29,4.09,4.83,4.18,4.17,4.49,4.36,4.2,3.93,4.14,4.05,4.22,4.19,4.46,3.92,4.2,4.08,4.4,6.55,5.61,4.28,4.03,4.28,4.3,4.15,3.86,4.3,4.99,4.01,4.33,4.14,4.71,4.77,4.09,4.54,4.25,4.27,4.05,4.72
CACNA1G,4.34,4.15,4.25,4.45,4.54,4.64,4.99,4.18,4.4,4.31,4.58,4.49,4.32,5.34,4.3,4.46,4.2,4.51,4.4,4.57,4.3,4.59,4.44,4.4,4.18,4.28,4.32,4.53,4.8,4.85,5.26,4.56,4.77,4.61,4.51,4.42,4.47,4.43,5.41,4.35,4.68,4.77,4.55,4.64,4.52,4.37,4.34,4.3,4.57,4.87
CACNA1H,5.26,5.48,5.52,5.6,6.04,5.81,5.49,6.13,5.21,5.45,5.94,5.63,5.17,6.03,5.63,5.39,5.45,5.41,5.58,5.49,5.47,5.51,5.35,5.41,5.62,5.42,5.27,5.42,5.78,5.44,5.99,5.7,5.31,5.26,5.41,5.62,5.8,5.24,5.24,5.81,5.43,5.56,5.38,7.71,5.64,5.92,5.83,5.55,6.07,7.12
CACNA1I,4.57,4.65,4.42,4.55,3.94,4.39,4.74,4.3,4.6,4.54,4.63,4.58,4.6,4.4,4.5,4.71,4.38,4.47,4.48,4.25,4.7,4.59,4.47,4.5,5.09,4.26,4.73,4.64,4.36,4.54,6.58,5.08,4.49,4.42,4.79,4.34,4.44,4.3,4.75,4.33,4.47,4.21,4.63,4.66,4.93,4.47,4.7,4.31,4.32,5.42
CACNA1I,4.86,4.46,5,4.83,5.29,4.77,5.72,4.95,4.64,4.86,5,4.59,4.88,7.12,5.01,5.06,4.77,4.69,4.99,4.61,4.94,5.05,4.9,4.67,4.76,4.81,5.13,4.89,5.02,4.81,6.33,6.9,4.83,4.65,4.69,4.72,4.89,5.15,4.27,5.09,4.9,4.95,4.74,5.82,4.7,5.46,4.5,5.15,4.75,6.27
CACNA1I,4.37,4.43,4.58,4.43,4.57,4.51,4.39,5.21,4.43,4.65,4.29,4.18,4.35,4.63,4.6,5.1,4.66,4.97,4.96,4.81,4.94,4.56,4.16,4.9,4.77,4.63,4.76,4.39,4.78,5.57,5.59,5.08,4.33,4.59,4.96,4.33,4.69,4.76,5.03,4.85,5.01,4.85,4.92,4.9,4.91,4.56,4.88,4.78,4.55,4.66
CACNA1S,3.73,4.05,3.43,3.65,3.87,3.97,3.74,4.03,3.74,3.74,3.73,4,3.79,4.5,3.51,3.66,3.91,3.56,3.64,3.9,3.94,3.58,3.81,3.72,3.62,3.42,3.75,3.61,3.66,4.39,4.46,4.06,4.15,3.79,3.74,3.71,3.59,3.52,4.7,3.62,3.63,3.45,3.83,4.4,3.63,3.55,3.83,3.76,3.75,3.75
CACNA2D1,6.51,6.14,6.25,6.41,5.98,6.1,6.25,6.15,6.43,6.78,6.1,6.73,6.33,6.27,6.4,6.26,6.18,6.15,6.21,6.06,6.76,6.57,6.2,6.92,6.24,6.75,6.38,6.55,6.12,5.02,5.69,6.02,6.58,6.28,6.52,6.4,5.85,6.34,7.11,6.21,5.99,6.14,5.93,4.95,6.56,6.06,6.71,6.15,6.03,6.91
CACNA2D2,4.67,4.6,4.74,4.81,4.61,4.6,5.05,4.7,4.53,4.57,5.04,4.61,4.54,5.3,4.73,4.6,4.64,4.59,4.39,4.52,4.26,4.5,4.81,4.62,4.91,4.65,4.69,4.86,4.8,5.08,5.3,4.94,4.83,4.76,4.57,4.47,4.09,4.75,4.4,4.7,4.59,4.96,4.61,6.69,4.31,4.6,4.46,4.46,4.83,5.58
CACNA2D2,5.18,5.23,5.34,5.65,5.58,5.22,5.29,5.15,5.19,5.24,5.46,5.44,5.37,7.26,5.32,5.26,5.1,5.22,5.48,5.24,5.05,5.62,5.23,5.38,5.18,5.28,5.45,5.39,5.57,5.37,5.95,5.98,5.06,5.21,5.46,5.32,5.16,5.15,5.28,5.48,5.3,5.29,5.22,6.61,5.35,5.5,5.47,5.54,5.25,7.41
CACNA2D3,4.83,5.12,4.74,4.62,4.89,4.53,4.06,4.7,4.67,4.72,5.07,5.16,5.13,5.79,4.66,4.73,4.49,4.62,4.56,4.5,4.95,4.81,5.03,4.76,4.63,4.33,4.66,4.77,4.83,5.9,4.69,5.54,4.61,4.76,4.76,4.55,4.22,4.23,4.81,4.07,4.22,4.5,4.88,4.97,4.4,3.91,4.52,4.48,4.73,4.93
CACNA2D3,4.04,4.27,4.06,4.05,4.14,3.61,4.34,3.76,3.97,4.3,4.16,4.21,4.15,4.52,3.95,4.03,4.09,4.41,3.96,4,4.23,3.98,4.12,3.96,4.12,3.94,3.87,4.07,4.26,4.96,5.63,4.96,4.26,4.21,3.9,4.19,4.7,3.83,4.88,3.91,3.75,4.15,4.08,4.97,3.79,3.99,3.99,3.85,4.02,3.91
CACNA2D4,4.06,3.66,4.11,4.35,5.02,4.17,5.06,4.46,4.02,4.12,3.8,3.98,3.88,4.63,3.88,4.06,3.9,4.07,3.86,4.11,4.02,4.08,3.95,3.69,4.29,4.1,4.41,4.33,4.13,4.59,5.55,4.11,4.06,3.83,4.24,4.35,4.26,4.18,4.31,4.46,4.21,4.53,4.2,4.49,4.37,4.14,4.63,4.25,4.21,4.3
CACNA2D4,4.24,4.28,4.73,4.43,4.65,4.7,4.53,4.53,4.19,4.38,4.55,4.39,4.28,5.52,4.49,4.29,4.69,4.15,4.26,4.4,4.46,4.28,4.42,4.42,4.33,4.13,4.7,4.13,4.29,4.35,5.31,4.82,4.54,4.66,4.47,4.18,4.32,4.46,4.52,4.12,4.4,4.96,4.49,4.93,4.5,4.42,4.4,4.47,4.4,5.07
CACNA2D4,4.22,4.19,4.31,4.19,4.03,4.16,4.23,4.72,4,4.08,4.02,4.03,4.09,5.47,4.11,4.25,3.86,4.03,4.05,4.14,4.01,4.56,4.25,4.05,4.11,3.95,4.16,4.13,4.1,4.11,4.64,4.87,4.16,4.23,4.09,3.98,4.15,4.06,3.96,4.08,4.24,4.35,4.43,5.78,4.05,3.99,3.95,3.99,4.32,5.17
CACNA2D4,5.7,5.8,5.86,5.8,6.24,5.92,5.29,5.74,5.61,5.6,6.01,5.85,5.8,6.19,5.78,5.55,5.74,5.66,5.79,5.69,6.04,5.89,5.82,5.84,5.69,5.77,5.55,5.66,5.76,5.65,6.14,7.18,6,5.9,5.75,5.79,5.87,6.12,6.47,6.1,5.64,5.56,5.97,6.11,5.45,5.59,5.91,5.6,5.82,7.64
CACNA2D4,4.45,3.92,4.33,4.22,5.1,4.97,4.61,4.5,4.29,4.37,4.23,4.35,4.11,4.61,4.34,4.25,4.23,4.49,4.14,4.17,4.38,4.28,4.23,4.5,4.31,4.47,4.29,4.28,4.45,5.25,5.39,5.25,4.54,4.38,4.5,4.57,4.39,4.5,4.38,4.55,4.53,4.97,4.45,4.66,4.74,4.54,4.45,4.51,4.16,5.04
CACNA2D4,5.26,5.78,5.7,5.66,5.02,6.32,4.61,5.81,5.83,5.89,5.8,5.5,5.21,5.5,5.68,5.6,5.45,5.47,5.7,5.78,5.33,5.53,5.72,5.6,5.17,5.87,5.59,5.51,5.64,5.51,5.14,6.51,5.82,5.72,5.8,5.63,5.73,5.84,4.77,5.35,5.14,5.88,5.99,5.39,5.55,5.3,5.19,5.46,5.47,5.12
CACNB1,4.93,4.84,5.2,4.83,5.51,5.7,5.75,5.31,5.02,4.86,4.93,4.9,4.71,6.85,4.99,5.01,4.98,5.14,4.98,4.96,4.93,4.93,5.14,5.26,4.64,4.81,5.23,5.16,5.29,5.11,6.43,5.13,5.45,4.98,5.27,4.8,4.98,4.52,6.52,5.27,5.15,5.27,5.73,5.51,5.69,5.13,5.08,4.95,4.93,6.89
CACNB1,6.43,6.6,6.62,6.77,7.1,6.79,6.34,6.65,6.34,6.57,6.93,6.6,6.62,8.06,6.73,6.73,6.68,6.53,6.42,6.36,6.89,6.56,6.93,6.82,6.65,6.67,6.58,6.76,7.06,6.48,7,7.88,7.06,6.9,7.02,6.77,6.7,6.81,6.59,6.58,6.51,6.7,7,8.56,6.9,7.15,6.74,6.79,6.74,8.25
CACNB1,4.24,4.19,4.18,4.62,4.47,4.11,4.26,4.39,4.44,4.42,4.36,4.3,4.27,4.86,4.33,4.51,4.27,4.6,4.13,4.25,4.3,4.8,4.29,3.95,4.51,4.39,4.34,4.22,4.38,4.97,4.48,5.2,4.3,4.34,4.28,4.28,4.64,4.28,4.3,4.17,4.22,4.33,4.38,4.91,4.12,4.32,4.46,4.06,4.31,4.06
CACNB1,4.38,4.57,4.63,4.5,4.77,4.4,4.62,4.99,4.58,4.56,4.39,4.54,4.59,3.97,4.29,4.6,4.76,4.6,4.42,4.39,4.43,4.48,4.38,4.52,4.73,4.61,4.71,4.73,4.64,3.99,4.25,4.59,4.68,4.94,4.78,4.33,4.45,4.97,4.03,4.8,4.27,4.33,4.57,4.28,4.62,4.61,4.43,4.62,4.45,4.4
CACNB2,3.45,3.24,3.55,3.85,3.84,3.3,3.57,3.37,3.63,3.6,3.46,3.26,3.36,4.11,3.66,3.46,3.83,3.83,3.5,3.34,3.72,3.48,3.46,3.52,3.53,3.34,3.6,3.44,3.5,4.03,4.27,4.87,3.5,3.46,3.48,3.7,3.69,3.97,4.72,3.53,3.7,3.62,3.82,4.39,3.66,3.37,3.35,3.61,3.51,4.66
CACNB2,3.45,3.54,3.28,3.62,3.69,3.19,3.49,3.37,3.41,3.49,3.52,3.33,3.44,3.67,3.24,3.38,3.56,3.44,3.43,3.31,3.25,3.31,3.41,3.54,3.54,3.5,3.4,3.44,3.42,4.11,5.64,3.98,3.51,3.43,3.39,3.47,3.76,3.44,3.95,3.23,3.24,3.55,3.73,4.4,3.37,3.82,3.31,3.77,3.24,3.66
CACNB2,5.64,5.87,5.33,5.76,5.84,5.46,5.81,4.83,5.06,5.84,6.13,5.27,4.79,8.95,5.79,5.19,5.75,4.92,5.41,5.69,5.3,5.69,5.34,5.32,5.58,4.78,5.36,5.53,6.1,4.09,6.47,7.46,5.12,5.31,5.3,5.48,4.86,5.19,6.31,5.6,5.2,5.27,6.33,8.86,5.57,5.14,4.9,5.47,5.05,9.32
CACNB2,3.89,3.86,3.67,3.75,3.7,3.72,3.69,3.55,3.73,3.73,3.75,3.89,4.21,4.39,3.96,3.81,3.68,3.74,3.41,3.55,3.77,3.96,3.88,3.49,3.43,3.41,3.64,4.02,3.72,4.4,6.04,6.05,3.86,3.76,3.46,3.44,3.58,3.58,4.13,3.67,3.48,3.47,3.68,4.25,3.74,3.97,3.56,3.6,3.61,6.46
CACNB2,4.37,4.16,4.45,4.27,4.3,4.25,4.16,4.62,3.99,4,4.21,4.25,3.9,5.25,4.27,4.11,4.09,4.17,4.09,4.22,4.1,4.23,4.13,4.25,3.86,4.3,4.28,4.23,4.16,5.05,4.94,5.57,4.87,4.31,3.73,4.47,4.94,4.28,5.27,3.9,4.04,3.95,4.67,5.42,4.17,4.4,4.37,4.07,4.23,4.7
CACNB2,4.73,4.94,4.62,4.88,4.87,4.3,4.55,4.91,4.61,4.63,5.02,4.52,4.41,5.14,4.45,4.69,4.34,4.72,4.49,4.48,5.32,4.65,4.63,4.93,4.63,4.3,4.5,4.56,4.68,4.34,4.39,5.83,4.55,4.56,4.84,4.52,4.2,4.84,4.16,4.68,4.55,4.88,5.02,4.56,4.41,4.62,5.2,4.59,4.53,5.52
CACNB2,4.38,4.73,4.91,4.55,4.57,4.56,4.66,4.62,4.3,4.74,4.8,4.61,4.55,5.9,4.67,4.82,4.61,4.66,4.48,4.7,4.64,4.63,4.45,4.5,4.67,4.59,4.61,4.55,4.87,4.59,4.77,4.45,4.42,4.38,4.58,4.43,4.53,4.38,4.58,4.62,4.79,4.58,5.27,5.42,4.67,4.98,4.62,4.58,4.71,5.16
CACNB2,4.37,4.38,4.47,4.6,4.94,4.87,5.12,4.84,4.34,4.54,4.74,4.43,4.29,6.82,4.61,4.28,4.4,4.42,4.54,4.58,4.47,4.54,4.5,4.57,4.69,4.25,4.6,4.42,4.4,5.65,5.33,4.64,4.46,4.81,4.47,4.27,4.68,4.33,5.01,4.56,4.71,4.6,4.34,4.69,4.53,4.57,4.41,4.38,4.65,5.07
CACNB2,4.16,4.44,4.15,4.13,4.61,4.2,4.11,3.81,4.19,4.18,4.4,4.29,4.44,5.2,4.17,4.57,4.34,3.79,4.16,4.05,4.08,4.12,4.29,4.06,4.2,3.91,4.31,4.27,4.2,5.02,5.01,4.91,4.18,4.05,4,4.25,4.05,4.14,4.02,4.24,4.13,3.95,4.01,5.53,4.8,4.28,3.99,4.09,4.05,6.29
CACNB3,4.45,4.08,4.45,4.38,4.31,4.32,4.11,4.75,4.02,4.06,4.02,4.06,4.1,3.96,4.02,4.13,4.21,4.45,4.45,4.12,4.12,4.28,3.98,4.24,4.51,3.97,4.09,4.06,4.19,4.68,6.52,4.27,4.18,4.46,4.22,4.35,4.34,3.83,3.9,4.23,3.87,4.52,4.46,4.61,4.92,3.86,4.22,3.93,4.26,4.53
CACNB3,4.59,4.87,4.57,4.82,4.83,4.68,4.98,4.75,4.6,4.62,4.72,4.74,4.88,5.2,4.65,4.76,4.32,4.69,4.79,4.56,5.06,4.83,4.75,4.85,4.58,4.78,4.81,5.08,5.11,4.94,6.26,5.06,5,4.77,4.5,4.8,4.5,4.41,5.13,4.83,4.69,4.98,5.17,5.34,4.62,5.41,5.04,4.39,4.63,6.6
CACNB3,5.13,5.06,5.19,5.41,5.25,4.78,5.24,5.19,5.26,5.37,5.19,5.25,5.01,5.92,5.09,4.83,5.16,5.18,5.36,5.48,5.18,5.11,5.04,4.87,4.99,5.05,5.49,5.27,4.75,4.48,6.35,5.46,5.15,5.09,5.31,5.22,4.52,5.36,5.22,4.93,4.82,5.52,4.92,6.31,5.25,4.93,5.12,5.22,4.95,5.37
CACNB4,4.44,4.52,4.52,4.33,4.13,4.32,4.01,4.4,4.78,4.49,4.56,4.63,4.52,4.88,4.49,4.46,4.31,4.52,4.72,4.33,4.36,4.59,4.44,4.36,4.61,4.41,4.32,4.49,4.74,4.38,4.4,4.55,4.35,4.56,4.26,4.33,4.37,4.33,4.33,4.36,4.2,4.32,4.63,5.51,4.59,4.5,4.09,4.35,4.4,4.81
CACNB4,3.74,3.61,3.75,3.85,3.64,3.5,4.11,3.66,3.67,3.61,3.79,3.72,3.56,3.61,3.54,3.5,3.72,3.53,3.7,3.58,3.77,3.82,3.66,3.6,3.7,3.45,3.36,3.63,3.52,4.05,4.16,3.8,3.87,3.7,3.63,3.75,3.66,3.47,3.69,3.37,3.39,3.52,3.75,4.92,3.6,3.69,3.83,3.61,3.66,3.99
CACNB4,3.74,3.75,3.47,3.66,3.55,3.93,3.78,3.58,3.53,3.66,4.17,3.81,3.76,4.91,3.87,3.57,3.6,3.51,3.59,3.59,4.12,3.82,3.71,3.69,3.49,3.63,3.85,3.75,3.67,6.66,5.99,4.9,3.8,3.45,3.73,3.6,4.05,3.87,4.25,3.46,3.71,3.87,3.45,4.1,3.41,3.71,4.04,3.77,3.73,4.53
CACNB4,3.53,3.54,3.65,3.63,3.73,3.64,3.95,3.64,3.69,3.38,3.66,3.59,3.57,3.93,3.69,3.67,3.63,3.4,3.7,3.7,3.83,3.55,3.59,3.61,3.64,4.08,3.71,3.53,3.53,4.41,4.53,3.79,3.44,3.55,3.7,3.69,3.64,3.58,5.62,3.66,3.6,3.55,3.6,5.8,4.53,3.58,3.73,3.45,3.86,4.28
CACNG1,5.35,5.08,5.13,5.31,4.97,5.24,4.54,4.99,5.29,5.1,5.56,5.16,5.32,6.53,5.35,5.45,5.54,5.25,5.25,5.04,5.18,5.77,5.6,5.38,5.16,5.04,5.03,5.33,5.74,4.82,6.78,6.29,5.22,5.36,5.33,5.09,4.85,5.27,5.08,5.12,5.19,5.49,5.27,7.5,4.98,5.2,5.36,5.18,5.06,6.62
CACNG2,3.44,3.31,3.56,3.3,3.6,3.58,4.65,4.06,3.44,3.56,3.47,3.43,3.37,4.35,3.4,3.48,3.5,3.65,3.42,3.54,3.49,3.4,3.5,3.78,3.48,3.34,3.68,3.49,3.62,5.12,5.57,3.72,3.47,3.59,3.55,3.45,3.59,3.52,3.95,3.42,3.94,3.4,3.57,3.68,3.51,3.65,3.77,3.72,3.71,4.63
CACNG3,4.75,4.75,4.7,4.97,4.86,4.83,4.85,4.42,4.69,5.15,4.7,4.66,4.73,5.88,4.81,4.86,4.79,4.77,4.75,4.73,4.54,4.78,4.98,5.17,4.73,4.85,4.6,4.71,4.79,5.33,5.35,4.96,4.44,4.63,4.64,4.67,4.47,4.83,4.94,4.64,4.9,4.65,4.7,5.84,4.8,4.82,4.73,4.62,4.88,5.5
CACNG4,4.51,4.59,4.36,4.23,4.58,4.54,4.46,4.49,4.28,4.48,4.4,4.66,4.65,5.2,4.4,4.33,4.17,4.03,4.02,4.33,4.32,4.46,4.54,4.52,4.11,4.19,4.17,4.4,4.37,5.15,4.11,4.68,4.09,4.64,4.3,4.32,4.69,4.02,4.56,4.33,3.92,4.13,4.56,4.61,4.28,4.26,4.18,4.46,4.24,5.43
CACNG5,5.1,5.19,5.07,5.24,5.33,5.11,4.85,5.06,5.02,5.08,5.47,5.22,5.27,6.88,5,5.03,5.06,4.98,4.83,4.93,5.54,5.23,5.19,4.98,4.93,4.84,4.93,5.26,5.02,7.07,5.98,6.72,4.9,4.83,5.28,4.55,5.61,4.97,4.22,4.81,4.73,5.11,4.87,5.67,5,5.13,4.98,4.9,4.73,5.91
CACNG6,5.45,5.05,5.37,5.61,5.4,6.04,5.52,5.36,5.31,5.15,5.61,5.27,5.3,5.87,5.31,5.43,5.18,5.25,5.35,5.46,5.46,5.49,5.39,5.26,5.44,5.25,5.56,5.38,5.29,5.24,7.47,5.46,5.36,5.31,5.29,5.28,4.97,5.55,5.51,5.49,5.55,5.38,5.75,6.75,4.88,5.69,5.13,5.33,5.17,6.64
CACNG6,4.21,3.94,4.21,4,4.47,4.02,4.98,3.9,3.96,4.19,4.19,3.96,4.12,4.96,4.09,4.17,4.02,4.36,4.11,4.03,4.09,4.03,4.05,4.09,3.93,3.88,3.96,4.13,4.07,5.06,5.34,3.99,3.71,4.08,4.08,3.86,4,3.74,4.37,3.97,4.18,4.05,4.62,4.76,4.32,3.85,4.36,4.27,3.92,4.09
CACNG7,6.21,5.93,6.15,6.31,6.3,5.92,6.55,6.58,6.23,6.16,6.28,6.3,6.25,6.89,6.37,6.54,6.35,6.09,6.38,6.32,6.56,6.28,6.17,6.2,6.39,6.14,6.06,6.44,6.25,6.53,6.94,7.15,6.3,6.24,6.3,6.44,6.08,6.13,6.33,6.18,6.12,6.44,6.66,7.32,6.38,6.2,6.47,6.41,6.37,7.26
CACNG7,3.61,3.86,3.66,4.02,4.37,3.64,3.71,3.54,3.81,3.82,3.74,3.8,3.64,5.89,3.57,3.65,3.6,3.97,3.85,3.86,3.75,3.81,3.98,3.64,3.6,3.91,3.8,3.97,3.51,3.7,4.37,5.2,3.87,3.55,3.87,3.59,3.93,3.83,4.49,3.75,3.9,3.7,3.98,4.59,4.11,4.25,3.87,3.74,3.55,4.44
CACNG8,6.19,6.14,6.02,6.27,6.36,6.39,6.83,6.2,6.1,6.07,6.22,6.15,6.16,6.08,6.01,6.36,6.13,6.35,6.19,6.22,6.4,6.11,6.27,6.17,6.28,6.32,6.02,6.09,6.37,6.52,6.34,5.84,6.18,6.15,6.05,6.08,6.69,5.92,7.88,6.2,6.32,6.33,6.25,6.02,6.44,6.57,6.54,6.22,6.07,6.46
CACYBP,8.48,8.52,8.28,8.25,8.44,8.55,8.32,8.25,8.79,8.4,8.55,8.16,8.47,7.47,7.76,7.8,7.97,8.5,8.52,8.53,7.99,7.84,8.08,7.57,7.76,7.93,8.51,8.29,8.85,8.44,6.79,7.38,8.04,7.68,7.59,7.76,7.92,7.94,8.35,8.28,8.38,8.1,8.2,7.26,8.57,8.48,8.38,8.34,8.68,6.69
CACYBP,11.61,11.75,11.65,11.67,11.69,11.75,11.45,11.72,11.67,11.6,11.8,11.62,11.66,11.19,11.34,11.25,11.34,11.86,11.79,11.84,11.22,11.22,11.28,11.14,11.14,11.15,11.7,11.71,11.85,11.62,11.21,11.41,11.28,11.28,11.22,11.33,11.21,11.28,11.46,11.62,11.66,11.4,11.38,11.29,11.6,11.61,11.64,11.72,11.58,11.24
CACYBP,5.92,5.87,5.75,5.83,6.06,5.68,6.03,5.57,5.99,5.88,5.87,5.66,5.68,6.56,5.58,5.52,5.74,5.97,5.85,5.73,5.85,5.53,5.83,5.59,5.89,5.53,5.71,5.46,5.62,5.92,5.48,5.81,5.21,5.06,5.4,6.08,5.29,5.59,6.01,5.85,6.03,5.78,5.93,6.94,5.74,5.57,5.76,5.83,5.8,6.88
CACYBP,3.94,3.93,3.92,3.86,4.41,3.86,4.51,3.98,4.04,4.02,4.17,3.78,3.95,4.62,4.07,3.86,3.86,4.16,3.93,4.28,3.9,3.89,3.96,3.76,3.88,3.79,4.01,3.78,4.08,4.66,5.38,4.53,3.57,3.62,3.89,4,3.93,3.93,4.21,3.73,4.37,3.69,3.88,5.52,3.71,4.18,4.16,3.91,3.76,4.81
CACYBP,4.1,4.06,4.38,4.28,3.99,4.19,3.9,3.76,4.18,3.88,4.06,4.07,3.94,4.8,4.13,4.36,4.25,4.08,4.68,4.22,3.75,4.21,4.15,4.33,4.85,4.28,4,4.28,4.26,5.88,5.41,6.6,3.98,4.1,3.93,4,5.32,4.25,4.08,4.32,4.81,4.49,4.3,4.76,4.57,3.87,3.81,3.99,3.78,6.26
CAD,10.13,10.33,10.36,10.18,10.56,10.49,10.25,10.31,10.04,10.21,10.42,9.89,9.91,8.82,9.76,9.92,9.8,10.36,10.36,10.25,9.61,9.61,9.8,9.52,9.51,9.48,10.34,10.07,10.61,10.45,9.13,9.93,9.61,9.68,9.54,9.89,10.13,9.88,10.1,10.16,10.22,10.34,10.32,8.64,9.97,10.1,9.99,10,10.42,8.34
CADM1,10.68,10.43,10.31,10.16,9.74,10.13,10.56,10.3,10.47,10.5,10.19,10.13,10.2,8.73,10.16,10.08,9.98,10.34,10.41,10.56,10.57,10.53,10.26,10.38,10.35,10.53,10.3,10.3,10.17,8.8,7.7,8.11,10.33,9.95,10.12,10.23,10.19,9.88,9.81,10.23,10.26,10.49,10.39,8.39,10.25,10.21,10.33,9.99,9.86,8.23
CADM1,11.1,11.28,11.04,11.2,11.04,10.96,10.58,11.14,11.11,11.12,11.24,11.2,11.43,11.5,10.75,10.74,10.67,11.02,11.12,11.15,11.24,11.32,11.34,11.04,11.09,11,11.01,11.11,11.26,11.09,10.64,11.54,10.65,10.81,10.79,11.02,11.03,11.05,10.85,10.98,10.95,11.26,11.2,11.44,10.97,10.93,10.97,11.21,11.41,11.06
CADM1,9.64,9.08,9.36,9.31,8.33,8.77,9.17,9.48,9.49,9.56,8.63,9.39,9.19,7.98,9.25,9.22,9.08,9.47,9.44,9.64,9.7,9.59,9.1,9.47,9.53,9.57,9.36,9.4,8.36,6.82,7.4,5.99,9.07,9.03,9.21,9.34,8.87,9.29,8.27,9.18,9.1,8.67,8.94,6.76,9.09,8.98,9.36,9.24,8.76,8.37
CADM1,8.86,8.98,8.61,8.62,8.2,8.63,8.35,8.43,9.1,8.91,8.67,8.57,8.86,8.48,8.39,8.41,8.39,8.71,8.61,8.68,9.04,8.87,9.05,8.44,8.51,8.76,8.74,8.57,8.58,8.3,7.4,7.82,7.96,8.15,8.3,8.48,8.42,8.13,8.27,8.46,8.57,8.67,8.72,7.45,8.44,8.62,8.58,8.62,8.58,8.54
CADM1,10.62,10.82,10.57,10.53,10.51,10.66,10.82,10.74,10.91,10.7,10.83,10.61,10.68,10.84,10.53,10.56,10.36,10.64,10.61,10.66,10.98,10.82,11.07,10.58,10.69,10.8,10.78,10.59,10.66,10.69,10.37,10.5,10.31,10.27,10.3,10.65,10.59,10.29,10.61,10.68,10.64,10.89,10.89,9.98,10.5,10.74,10.73,10.56,10.51,10.47
CADM1 /// LOC100132764,5.4,5.37,5.26,5.06,5.09,4.91,4.57,4.63,4.79,5.26,5.38,5.43,5.09,5.05,4.53,4.38,4.53,4.67,4.66,4.87,5.07,4.83,5.28,4.89,4.4,4.84,4.65,5.27,5.55,6.33,4.7,4.51,4.9,4.63,5,4.8,4.41,4.99,4.32,5.19,4.73,5.35,4.88,4.38,4.24,4.25,4.34,4.9,5.32,5.25
CADM2,3.47,3.68,3.49,3.63,3.76,3.65,4.98,3.79,3.65,3.56,3.7,3.68,3.67,3.82,3.58,3.68,3.55,4.12,3.55,3.69,3.84,3.65,3.64,3.57,3.67,3.72,3.51,3.64,3.78,3.7,5.12,4.8,3.69,3.56,3.63,3.69,3.63,3.55,3.98,3.68,3.59,3.54,3.38,3.83,3.56,3.77,3.4,3.67,3.77,4.66
CADM2,3.34,3.64,3.56,3.8,3.5,3.5,3.65,3.72,3.56,3.46,3.7,3.81,3.78,4.33,3.76,3.54,3.7,3.84,3.46,3.59,3.73,4.01,3.54,3.68,3.61,3.68,3.47,3.72,3.49,4.86,4.51,4.36,3.59,3.69,3.58,3.5,3.51,3.64,4.16,3.82,3.46,3.55,3.46,4.46,3.53,3.34,3.5,3.38,3.69,3.81
CADM2,3.39,3.62,3.65,3.44,3.69,3.48,4.14,3.47,3.5,3.55,3.63,3.37,3.65,4.22,3.36,3.53,3.39,3.6,3.45,3.53,3.54,3.53,3.61,3.58,3.55,3.51,3.98,3.62,3.6,4.38,5.3,5.05,3.69,3.75,3.53,3.56,3.83,3.58,4.61,3.86,3.41,3.79,3.52,4.47,3.72,3.78,3.55,3.47,3.6,3.91
CADM3,3.67,3.83,3.87,3.99,3.88,4.63,5.25,4.5,3.61,3.78,3.81,3.86,3.81,3.92,3.76,3.75,3.82,3.73,3.61,3.97,3.85,3.71,3.79,3.86,3.85,3.92,3.89,3.72,3.76,4.24,5.94,4.79,3.55,3.49,3.85,4.01,3.95,4.11,5.01,3.96,3.68,3.98,4.25,4.24,3.6,3.65,3.63,3.53,3.71,4.77
CADM3,4.34,4.19,4.01,3.99,4.04,3.99,4.83,3.91,3.91,3.97,4.23,3.94,3.92,4.7,3.93,4.79,4.02,4.16,4.2,4.32,4.13,4.15,4.03,3.99,4.03,4.21,4.21,3.99,4.16,4.17,3.79,4.54,3.88,4.44,4.07,3.98,3.95,4.35,4.62,3.88,3.83,4.21,4,4.7,3.87,4.47,4.15,3.97,3.79,3.84
CADM3,4.89,4.91,4.96,4.98,5.07,5.14,6.14,5.24,4.73,4.69,4.97,4.9,4.71,6.62,4.8,5.18,4.81,4.67,5.1,4.96,5.24,5.26,5.08,5.12,4.86,4.98,4.74,5.03,4.62,4.54,6.51,5.26,4.89,4.85,5.01,4.65,4.85,5.02,4.81,4.7,5.1,5.29,5.33,5.11,4.78,5.11,4.81,4.84,4.83,6.31
CADM4,4.31,4.2,4.2,4.24,4.45,3.85,4.27,4.46,4,4.17,4.63,4.42,4.29,5.73,4.13,4.33,4.09,4.06,3.95,4.08,4.25,4.43,4.45,4.15,4.44,4.2,4.31,4.32,4.45,4.22,4.84,5.54,4.28,4.05,4.14,4.12,3.97,4.16,4.66,4.21,4.1,4.17,3.91,5.56,4.02,4,4.55,3.97,4.27,6.49
CADPS,3.96,3.83,3.95,4,3.84,4.05,4.65,3.74,3.87,4.16,4.33,4.03,3.69,4.09,4.18,4.21,3.69,4.05,3.69,4.07,4.18,4.08,4.06,4.18,3.95,3.84,3.71,3.9,4.03,5.43,5.15,5.62,3.79,3.89,4.21,3.81,4.22,3.83,4.02,3.85,4,4.16,3.87,4.77,4.21,4.64,3.72,3.96,3.88,3.9
CADPS,3.53,3.73,3.54,3.55,3.59,3.58,3.9,3.64,3.61,3.41,3.55,3.42,3.51,4.84,3.43,3.44,3.46,3.46,3.75,3.49,3.54,3.52,3.68,3.46,3.35,3.57,3.4,3.63,3.54,4.91,3.79,4.12,3.55,3.32,3.43,3.72,3.43,3.35,3.43,3.53,3.32,3.46,3.53,4,3.49,3.54,3.38,3.66,3.52,4.53
CADPS,3.47,3.44,3.55,3.47,3.62,3.5,3.62,3.54,3.19,3.42,3.58,3.54,3.28,3.96,3.41,3.33,3.47,3.43,3.39,3.4,3.5,3.46,3.44,3.42,3.25,3.31,3.54,3.5,3.35,3.53,3.82,3.83,3.41,3.34,3.53,3.28,3.57,3.21,4.38,3.35,3.39,3.31,3.54,3.55,3.45,3.5,3.41,3.37,3.43,4.5
CADPS2,4.45,4.35,4.47,4.61,4.68,4.57,5.08,4.17,4.39,4.57,4.53,4.6,4.59,6.62,4.38,4.37,4.23,4.55,4.28,4.15,4.6,4.58,4.5,4.57,4.39,4.45,4.45,4.24,4.43,5.24,5.59,5.79,4.49,4.26,4.37,4.3,4.38,4.27,6.05,4.2,4.71,4.43,4.83,4.68,4.19,4.62,4.47,4.6,4.24,5.02
CADPS2,5.17,5.32,5.49,5.62,5.17,5.43,4.93,5.07,5.39,5.41,5.53,5.08,5.37,5.77,5.43,5.03,5.04,5.17,5.26,5.03,5.39,5.4,5.29,5.05,5.5,5.18,5.53,5.32,5.65,4.76,7.19,6.8,5.47,4.98,4.89,5.14,5.21,5,6,5.48,5.39,5.09,4.98,6.35,5,4.96,5.17,5.18,5.57,5.05
CADPS2,5.54,5.52,5.78,5.73,6.05,5.69,4.9,6.01,5.55,5.85,5.88,5.27,5.6,5.89,5.25,5.34,5.57,5.46,5.53,5.64,5.34,5.69,5.79,5.41,5.67,5.27,5.68,5.93,5.73,5.25,6.13,6.29,5.12,5.56,5.41,5.67,5.41,5.42,5.33,5.71,5.5,5.75,5.55,5.09,5.79,5.24,5.92,5.63,5.38,6.44
CAGE1,3.61,3.76,4.18,3.66,4.02,3.6,4.06,3.64,3.74,3.67,3.83,3.56,3.55,4.09,3.67,3.69,3.54,3.67,3.77,3.77,3.76,3.6,3.85,3.87,3.75,3.75,3.67,3.85,3.85,4.36,4.88,3.91,3.84,3.76,3.94,3.75,4.02,3.57,3.94,3.5,3.62,3.72,3.58,4.45,4.13,3.61,3.82,3.71,3.62,4.01
CALB1,3.71,3.82,3.45,3.58,3.39,3.42,4.22,3.39,3.53,3.55,3.54,3.81,3.71,3.68,3.61,3.59,3.45,3.4,3.68,3.35,3.76,3.71,3.74,3.43,3.38,3.46,3.57,3.51,3.46,4.15,5.38,4.1,3.57,3.7,3.63,3.37,3.94,3.49,4.39,3.39,3.58,3.55,3.63,3.86,3.47,3.56,3.65,3.56,3.76,3.85
CALB1,4.16,4.22,4.2,4.26,4.07,4.09,4.07,3.93,4.44,4.06,4.65,4.4,4.26,4.38,4.14,4.16,4.37,4.33,4.32,4.03,4.06,4.2,4.49,4.05,4.31,4.09,4.2,4.33,4.08,4.5,7.09,5.89,4.13,4.27,4.01,4.15,4.34,3.91,4.22,3.95,4.17,4.09,4.06,4.8,4.16,4.23,3.96,4.25,4.08,5.44
CALB2,3.96,3.9,3.94,4,3.89,4.46,4.26,4.26,3.98,4.14,4.07,4.24,3.97,4.96,4.57,4.66,4.34,4.28,4.06,4.11,4.11,4.19,4.3,4.43,4.73,4.55,3.86,4.3,3.97,4.38,7.44,4.76,4.16,4.11,4.06,4.13,4.48,4.17,4.76,3.91,3.92,4.64,3.97,4.83,4.3,4.37,4.41,4.08,3.94,5.31
CALCA,3.58,3.4,3.54,3.66,3.58,3.9,3.69,3.79,3.28,3.48,3.41,3.35,3.45,4.2,3.57,3.58,3.52,3.38,3.47,3.35,3.31,3.5,3.47,3.62,3.59,3.22,3.52,3.21,3.44,4.31,4.1,3.76,3.48,3.55,3.55,3.56,3.74,3.7,4.2,3.31,3.8,3.75,3.9,4.42,3.39,3.67,3.42,3.57,3.73,4.02
CALCA,3.48,3.79,3.34,3.54,3.6,4.06,4.42,3.43,3.65,3.72,3.75,3.77,3.92,4.76,3.55,3.86,3.6,3.49,3.57,3.63,3.7,3.59,3.71,3.66,3.82,3.52,3.64,3.75,3.79,3.65,5.47,5.22,3.75,3.69,3.99,3.58,3.54,3.54,5.17,3.35,3.56,3.68,4.03,4.16,3.67,3.75,3.65,3.56,3.55,5.34
CALCA,4.05,3.87,3.99,3.83,4.05,3.87,4.57,3.75,4.06,3.76,4.21,4.06,4.04,4.85,3.99,4.25,3.91,4.08,3.86,3.98,3.93,3.92,4.08,4,3.97,3.98,3.97,3.91,3.89,4.44,5.07,4.51,4.71,4.06,3.85,4.08,3.89,4.12,4.56,4.21,3.77,4.15,3.89,4.18,4.24,4.17,4.19,3.98,4.06,4.25
CALCB,4.88,5.13,5.01,5.32,5.36,5.02,5.41,5.35,5.01,5.08,5.28,5.04,5.07,5.38,4.73,5.15,5.13,5.02,4.92,4.93,4.93,5.19,5.16,4.97,4.99,4.85,4.87,5.07,5.03,5.26,5.44,5.95,5.23,4.85,5.07,5.2,5.1,5.1,5.99,5.14,5.09,5.53,5.42,6.69,5.02,5.19,5.18,5.19,4.99,6.36
CALCB,4.04,3.87,4.21,3.75,4.49,4.19,5.81,3.78,3.66,3.95,3.92,3.78,3.91,4.53,3.79,3.79,3.62,4.11,3.89,3.67,3.94,3.96,3.89,3.74,3.58,3.79,4.09,3.8,3.89,3.99,5.22,4.8,3.97,4.09,3.74,3.73,3.82,3.7,4,3.99,3.99,3.67,4.09,4.25,3.72,4.19,4.23,3.63,3.9,4.89
CALCB,3.65,3.88,4.22,3.66,3.49,3.69,4.38,3.76,3.81,3.75,3.92,3.68,3.99,3.91,3.56,3.46,3.59,3.61,3.63,3.56,3.85,3.82,3.81,3.89,3.78,3.63,3.62,3.55,3.53,4.13,6.25,5.73,3.65,4.09,3.75,3.71,3.82,3.53,3.68,3.64,3.48,4.14,4.24,4.27,3.78,3.81,3.51,3.77,3.71,5.46
CALCOCO1,9.25,9.22,9.53,9.4,9.57,9.53,9.64,9.51,9.12,9.35,9.64,9.47,9.36,9.55,9.62,9.74,9.49,9.54,9.44,9.4,10.03,10.11,10.09,9.94,10.11,9.71,9.38,9.41,9.62,9.42,9.76,10.1,9.12,9.13,9.19,9.82,9.66,9.75,9.43,9.64,9.44,10.2,9.95,10.27,9.35,9.78,9.72,9.57,9.6,10.03
CALCOCO1,5.65,5.21,5.63,5.4,5.75,5.82,5.43,5.86,5.38,5.55,5.31,5.83,5.55,5.33,6.04,6.08,5.97,5.84,5.89,6.2,6.13,6.22,6.07,6.5,6.49,6.37,5.91,5.65,5.08,5.92,5.83,6.35,5.52,5.62,5.16,6.1,5.37,6.52,5,6.11,6.12,5.91,5.76,5.02,5.6,5.65,5.89,5.88,5.73,4.75
CALCOCO1,4.75,4.19,4.47,4.53,4.25,4.38,4.25,4.27,4.25,4.69,4.16,4.38,4.34,5.63,4.41,4.12,4.86,4.33,4.48,4.53,4.7,4.57,4.36,4.66,4.61,4.91,4.43,4.41,4.15,6.09,4.3,4.56,4.56,4.4,4.25,4.25,4.72,5.19,4.95,4.26,4.22,4.55,4.75,5.06,4.5,4.74,4.39,4.26,4.52,4.44
CALCOCO1,5.17,4.77,5.04,4.94,5.12,5.25,5.5,5.07,5.06,4.84,4.61,4.9,5.18,5.13,5.01,4.87,5.1,5.48,4.87,4.95,5.16,5.28,5.12,5.26,5.29,5.46,4.71,5.06,5.3,5.19,4.8,5.21,4.91,4.44,4.96,4.98,5.76,4.92,5.33,5.19,4.79,5.43,5.58,5.69,5.19,5.54,4.5,4.86,4.91,6
CALCOCO1,4.77,4.75,4.62,4.36,4.36,4.23,5.07,5,4.38,4.3,4.4,4.63,4.57,5.06,4.54,5.1,4.6,4.59,4.18,4.42,4.66,4.75,4.48,4.36,4.5,4.65,4.58,4.48,4.19,4.92,4.86,5.44,4.65,4.35,4.24,4.43,4.34,4.87,4.91,4.67,4.68,4.79,4.72,5.09,4.18,4.19,4.64,4.45,4.71,4.18
CALCOCO1,4.87,4.53,4.88,4.64,4.95,4.6,5.75,4.64,4.88,4.86,4.86,5.01,4.48,5.57,4.91,4.82,4.79,5.11,4.88,5.26,5.26,5.09,4.86,5.45,5.13,5.74,4.84,5,4.7,5.19,5.02,6.4,4.93,4.56,4.65,5.01,4.8,4.73,5.07,4.91,4.56,4.93,5.05,5.16,4.32,4.45,4.59,4.84,4.45,4.86
CALCOCO2,7.91,7.99,7.74,7.91,7.74,7.57,7.43,7.63,7.96,7.87,8.04,7.93,8.2,7.66,8.01,7.75,8.09,7.98,7.91,7.88,7.97,8.08,8.28,7.9,7.86,8.05,7.74,7.85,8.07,7.69,6.31,5.24,7.74,7.9,7.73,8.09,7.94,8,6.98,7.78,7.91,7.91,7.95,7.73,7.83,7.6,7.7,7.9,8.05,6.86
CALCOCO2,6.11,5.91,6.71,6.42,6.81,6.79,6.22,6.27,6.44,6.22,6.77,6.33,5.71,6.64,6.52,6.53,6.6,6.87,6.75,6.52,5.66,6.36,6.3,6.62,6.59,6.35,6.35,6.21,5.7,7.16,7.56,6.18,5.98,6.14,6.25,6.61,6.38,6.48,6.9,6.82,6.62,6.55,6.46,6.63,6.17,6.72,6.02,6.46,6.33,7.49
CALCOCO2,8.26,8.06,8.09,8.2,7.93,7.87,7.86,8.43,8.13,8.25,7.82,8.41,8.22,7.38,8.49,8.37,8.42,8.4,8.21,8.44,8.39,8.44,8.08,8.33,8.29,8.42,8.4,8.32,7.86,6.15,6.83,6.42,8.2,8.46,8.36,8.46,8.29,8.49,7.08,8.4,8.23,8.27,8.16,6.1,8.14,7.75,8.02,8.29,8.26,7.26
CALCOCO2,7.05,6.8,6.71,6.91,6.56,6.64,5.99,6.74,7.09,7.09,6.65,7.41,7.1,4.4,7.19,7.27,7.24,7.1,6.97,7.05,7.13,6.98,6.95,7.15,7.27,7.29,6.79,7.13,6.37,6.38,6.73,6.45,7.3,6.95,7.04,7.13,6.79,7.35,6.57,7.09,6.78,7.07,6.56,5.16,7.03,6.49,6.83,7.12,7.04,4.99
CALCOCO2,7.45,6.95,7.52,7.42,7.3,7.18,6.99,7.45,7.39,7.53,6.79,7.45,7.3,6.04,7.63,7.32,7.77,7.32,7.56,7.45,7.61,7.22,7.36,7.24,7.49,7.79,7.55,7.14,6.96,6.6,6.52,6.06,7.45,7.38,7.29,7.62,7.26,7.74,6.59,7.37,7.16,7.14,7.16,7.68,7,7.45,7.04,7.35,7.53,5.56
CALCR,3.51,3.6,3.44,3.46,3.61,3.32,4.21,3.25,3.42,3.44,3.52,3.28,3.49,5.48,3.32,3.57,3.39,3.62,3.55,3.43,3.48,3.43,3.37,3.42,3.38,3.36,3.48,3.33,3.56,5.45,4.95,4.18,3.45,3.75,3.49,3.26,3.29,3.74,3.9,3.39,3.53,3.53,4.04,3.73,3.67,3.33,3.37,3.21,3.57,3.65
CALCR,4.83,5.21,4.61,4.35,4.37,4.38,4.14,4.44,4.56,4.87,5.03,4.63,4.87,5.23,4.56,4.45,4.4,4.59,4.1,4.31,4.89,4.61,4.58,4.16,4.64,4.44,4.8,4.56,4.73,4.49,5.5,5.77,4.59,4.61,4.66,4.31,4.45,4.17,4.23,4.13,4.07,4.69,4.26,6.85,4.03,3.96,4.34,4.06,4.45,4.17
CALCRL,4.57,4.62,4.75,4.83,4.26,4.97,4.42,4.44,5.04,4.98,4.84,4.61,4.57,4.49,4.83,4.89,4.85,4.53,4.57,5.15,5,5.15,5.32,4.85,4.96,4.88,4.63,4.92,4.66,5.09,6.47,4.53,4.99,5.04,5.1,5.14,4.23,4.51,5.94,4.67,4.65,4.87,4.9,5.95,4.81,4.48,4.59,4.83,4.82,4.61
CALCRL,3.99,4.39,4.03,3.94,3.9,3.96,3.98,3.9,4.11,4,4.07,4.43,4.21,4.69,4.05,4.05,4.22,4.09,3.96,4.18,3.82,4.23,4.5,4,4.01,3.95,3.98,4.15,4.21,3.92,6.06,4.71,4.12,3.82,3.92,4.14,4.07,4.1,4.02,3.77,4.3,4,4.39,4.81,4.04,4.38,4.06,4.42,4.09,5.81
CALCRL,4.58,4.5,4.79,4.83,4.54,4.34,4.87,4.85,4.63,4.7,4.48,4.67,4.52,6.15,4.45,4.69,4.41,4.88,4.56,4.85,4.64,5.08,4.76,5.09,5.09,4.63,4.27,4.41,4.8,4.05,5.98,5.67,4.97,4.98,4.98,4.91,5.16,5.01,5.63,4.56,4.42,4.69,5.07,4.63,5.13,4.97,4.86,4.84,4.61,5.55
CALCRL,4.22,4.48,4.44,4.3,4.12,4.16,4.09,4.24,4.55,4.21,4.22,4.51,4.34,4.55,4.53,4.65,3.85,4.45,4.46,4.24,4.41,4.5,4.48,4.63,4.36,4.67,4.48,4.36,4.4,4.28,5.39,5.04,4.25,4.55,4.36,4.45,4.64,3.88,4.22,3.94,4.04,4.16,4.04,5.51,4.01,4.97,4.17,4.22,4.22,4.99
CALD1,5.37,5.1,5.19,5.59,4.45,4.48,5.13,5.27,5.1,5.28,4.68,5.41,5.47,4.5,5.55,5.3,5.2,5.14,5.06,5.49,4.72,4.89,4.67,5.17,5.18,5.86,5.11,4.66,4.63,4.37,4.3,5.09,5.22,5,4.95,5.69,4.58,5.64,4.38,4.46,4.79,4.98,4.94,4.78,5.27,4.91,5.39,5.31,5.22,4.27
CALD1,4.41,3.93,4.15,3.81,3.83,3.69,4.77,3.96,4.22,4.4,3.99,3.84,4.13,4.34,4.1,4.08,4.12,3.99,3.71,4.54,4.41,4,4,4.05,4.22,4.21,4.6,4.36,4.14,4.62,3.79,3.72,4.18,4.2,4.03,4.01,4.07,4.32,4.49,4.01,4.43,4.28,4.76,5.56,4.08,4.15,4.48,4.32,4.41,4.68
CALD1,5.07,4.95,4.62,4.79,4.2,4.46,4.84,4.03,5.03,5.03,4.74,5.25,5.19,4.24,4.76,5.02,4.76,4.45,4.86,5,4.26,4.88,4.97,4.78,4.96,4.61,4.82,4.62,4.31,5.51,4.87,4.65,4.53,4.84,4.5,5,4.54,4.88,4.9,4.45,4.68,4.79,5.02,3.98,4.81,5.02,4.94,4.85,4.67,4.2
CALD1,4.26,4.43,4.42,4.29,3.8,3.91,4.34,4.01,4.35,4.46,4.26,4.29,4.58,4.61,4.46,3.98,4.39,4.57,4.33,4.54,3.98,4.37,4.29,4.13,4.69,4.21,4.37,4.2,4.61,4.26,5.99,4.08,4.31,4,4.45,4.18,4.32,4.41,5.18,4.22,4.39,4.44,3.78,4.41,4.37,4.24,4.4,4.34,4.18,5.42
CALD1,3.71,3.89,4.01,3.77,3.97,4.3,3.64,4.04,4.2,3.93,3.88,3.78,3.73,3.95,4.06,3.87,4.02,4.14,3.9,3.78,3.7,3.99,3.78,4.13,4.18,4.57,4.11,3.7,3.76,3.75,5.88,3.94,4.08,3.67,3.91,4.32,4.04,4.14,4.39,4.08,4,3.96,4.22,3.61,4.48,3.7,4.06,3.91,4.01,3.82
CALD1,7.11,7.11,7.04,7.33,6.94,6.76,6.94,7.29,6.94,7.08,7.26,7.16,7.21,6.67,7.17,7.25,6.83,7.41,7.41,7.42,6.91,7.11,6.88,7.11,7.24,7.32,6.72,6.73,6.66,7.38,7.92,5.92,6.87,6.98,6.98,7.54,7.67,7.5,6.05,6.76,6.97,7.61,7.4,6.67,7.56,7.19,7.77,7.2,7.3,7.19
CALD1,5.03,4.78,5.09,4.88,4.18,5.09,5.95,4.5,4.65,4.86,4.57,4.59,5.16,6.35,4.51,4.67,5.28,5.16,4.71,5.02,4.55,5.11,4.9,5.19,5.03,5.06,4.84,4.73,5.1,4.66,7.25,6.6,4.66,4.53,5.1,5.18,5.42,4.94,4.79,4.76,4.83,4.89,4.57,6.5,5.62,5.75,4.92,4.82,4.59,5.26
CALD1,4.91,4.59,4.76,4.82,4.31,4.59,4.28,4.42,4.94,4.64,4.29,4.84,4.69,5.08,4.74,4.73,4.81,4.93,4.77,4.57,5.1,4.45,4.28,4.7,4.76,4.57,4.88,4.57,4.63,5.09,6.05,5.33,4.72,4.59,4.9,5.04,4.98,4.62,4.29,4.58,4.65,4.85,4.88,4.52,5.05,5.02,4.91,4.85,5.03,5.44
CALD1,3.96,3.87,3.97,4.18,4.01,4.45,5.7,4.36,4,3.9,3.66,3.96,4,4.51,4.47,4.18,4,4.05,4.71,4.44,4.12,4.02,3.83,4.35,4.12,4.37,3.74,3.87,4.11,4.53,4.3,5.33,4.17,4.05,4.43,4.61,4.37,4.41,4.43,4.95,4.19,4.15,4.37,4.88,4.36,4.69,4.14,4.37,4.19,4.61
CALD1,5.14,4.76,4.78,5.02,5.08,5.87,4.83,5.1,4.89,5.02,4.78,5.09,4.99,6.7,5.4,5.55,5.04,5.14,4.87,4.88,5.17,4.92,4.95,5.05,5.2,4.97,4.79,5.08,4.79,5.24,4.71,6.33,5.18,5.2,5.15,4.94,4.89,4.95,4.64,5.37,5.47,5.29,5.22,5.03,5.18,5.2,4.7,4.78,5.21,6.76
CALHM1,4.13,3.92,4.21,4.09,4.42,4.02,5.66,4.19,4.39,4.03,4.43,4.05,3.94,6.1,4.11,4.16,4.07,4.02,4.23,4.17,4.13,4.28,4.23,4,4.47,3.96,4.12,4.02,4.29,3.82,5.1,4.74,4.06,4.27,4.13,3.84,4.3,4.16,3.95,3.8,4.29,4.15,4.5,4.89,4.08,3.92,4.05,3.86,4.39,5.44
CALHM2,4.72,4.89,4.72,4.65,4.69,4.59,4.67,4.99,4.95,4.83,4.78,4.75,4.97,5.16,4.69,4.81,4.61,4.82,4.7,4.83,4.93,4.77,4.84,4.79,5.07,5.18,4.68,4.9,4.85,5.15,5.21,4.85,4.68,4.76,4.73,4.6,4.59,4.87,4.86,4.74,4.77,4.74,4.49,4.98,4.65,4.89,5.07,4.74,4.6,4.78
CALHM3,4.57,4.63,4.85,4.65,5.12,4.32,5.18,4.76,4.69,4.46,4.72,4.51,4.63,4.7,4.21,4.45,4.62,4.52,4.63,4.26,4.75,4.79,4.75,4.36,4.34,4.57,4.63,4.67,4.68,4.78,6.31,5.6,4.86,4.38,4.55,4.66,5.16,4.54,5.78,5.02,4.61,4.47,4.85,5.23,4.31,5.13,4.59,4.62,4.36,5.36
CALM1,11.21,11.18,11.28,11.28,11.31,11.24,11.24,11.33,11.17,11.34,11.35,11.38,11.33,10.7,11.29,11.25,11.3,11.22,11.27,11.23,11.29,11.31,11.21,11.35,11.42,11.32,11.28,11.29,11.18,11.33,9.63,10.94,11.19,11.25,11.25,11.26,11.15,11.18,11.23,11.33,11.21,11.21,11.17,10.72,11.35,11.36,11.44,11.32,11.35,10.95
CALM1,12.82,12.75,12.78,12.78,12.71,12.9,13.2,12.86,12.77,12.75,12.74,12.76,12.82,12.29,12.72,12.84,12.69,12.72,12.72,12.75,12.79,12.8,12.74,12.83,12.74,12.85,12.83,12.78,12.92,12.68,12.08,11.76,12.91,12.86,12.86,12.74,12.75,12.7,12.86,12.75,12.8,12.7,12.64,11.86,12.84,12.88,12.84,12.74,12.79,11.74
CALM1,11.7,11.67,11.67,11.61,11.55,11.64,11.58,11.41,11.74,11.68,11.63,11.68,11.76,11.29,11.58,11.62,11.64,11.63,11.62,11.51,11.55,11.56,11.66,11.54,11.58,11.63,11.57,11.52,11.61,11.47,10.04,10.36,11.65,11.58,11.61,11.52,11.56,11.59,11.68,11.55,11.64,11.28,11.3,10.79,11.65,11.75,11.6,11.58,11.62,11.09
CALM1,11.87,11.83,11.69,11.61,11.34,11.59,11.87,11.7,11.86,11.86,11.6,11.68,11.9,11.37,11.42,11.62,11.63,11.48,11.64,11.46,11.82,11.59,11.71,11.48,11.53,11.76,11.78,11.59,11.9,11.55,10.45,11.03,11.81,11.71,11.53,11.34,11.62,11.44,11.72,11.61,11.75,11.47,11.59,10.6,11.86,11.93,11.58,11.69,11.89,10.08
CALM3,6.7,6.36,6.64,6.76,6.63,5.95,5.64,6.75,6.66,6.53,6.02,6.61,6.28,5.95,6.74,7.03,6.7,7.01,6.88,7.07,6.94,6.27,6.33,6.85,6.81,6.65,6.88,6.76,6.27,6.14,6.35,6.66,6.67,6.63,6.66,6.96,6.46,7.02,6.17,6.63,6.47,6.01,6.5,6.92,6.43,6.98,7.28,6.69,6.37,6.01
CALM3,8.14,8.04,8.29,8.18,8.27,8.17,7.78,8.09,8.12,8.24,7.72,8.08,7.78,8.06,8.25,8.05,8.37,8.23,8.4,8.39,8.23,8.02,7.87,8.24,8.4,8.36,8.27,8.28,7.95,7.95,6.41,8.14,8.12,7.94,8.08,8.32,7.91,8.16,7.5,8.29,8.15,7.94,7.77,8.07,8.35,8.34,8.13,8.12,7.98,8.07
CALM3,8.81,8.49,9.07,8.92,9.35,9.15,9.06,9.05,8.85,8.87,8.71,8.72,8.47,9.13,9.06,8.98,9.05,9.41,9.26,9.3,8.87,8.75,8.54,8.98,9.15,8.91,8.97,8.98,8.69,9.23,9.17,9.53,8.82,8.72,8.85,8.93,9.02,9.23,9.08,9.02,9.1,8.88,9,9.6,8.94,8.97,9,8.94,8.75,8.98
CALM3,9.58,9.52,9.7,9.61,9.53,9.53,9.48,9.31,9.62,9.57,9.44,9.52,9.5,8.48,9.5,9.43,9.62,9.48,9.51,9.41,9.67,9.58,9.54,9.69,9.61,9.64,9.55,9.55,9.44,8.82,8.41,8.68,9.51,9.48,9.48,9.57,9.53,9.59,9.38,9.65,9.57,9.49,9.54,8.68,9.84,9.69,9.66,9.49,9.53,8.17
CALML3,4.46,4.35,4.18,4.66,5.23,4.69,4.72,4.78,4.38,4.65,4.63,4.5,4.6,4.89,4.25,4.54,4.5,4.41,4.33,4.41,4.46,4.41,4.52,4.26,4.38,4.27,4.53,4.47,4.49,4.92,5.71,5.18,4.44,4.32,4.5,4.2,4.25,4.62,4.89,4.43,4.2,4.53,4.77,5.15,4.78,4.48,4.83,4.43,4.23,4.87
CALML3,4.32,4.82,4.26,4.41,4.99,4.14,4.33,4.33,4.16,4.66,4.41,4.66,4.62,4.89,4.33,4.13,4.61,4.36,4.54,4.25,4.67,4.34,4.44,4.45,4.39,4.36,4.46,4.28,4.38,4.73,4.39,4.91,5.04,4.58,4.74,4.48,5.19,4.27,4.5,4.52,4.3,4.48,4.86,4.22,4.3,5.35,4.3,4.24,4.62,5.93
CALML4,7.2,7.17,7.43,7.52,7.07,7.46,7.13,7.4,7.14,7.31,7.57,6.83,6.73,6.71,6.49,6.75,6.72,6.62,7,7.01,6.29,6.18,6.51,6.61,6.23,6.42,7.46,7.19,7.43,6.41,5.29,5.77,6.17,6.55,6.34,6.95,6.68,6.73,6.29,7.17,7.1,7.31,7.44,6.76,7.3,7.03,7.12,6.97,7.64,6.39
CALML4,4.24,4.23,4.42,4.31,4.71,4.29,3.95,4.15,4.16,4.48,4.28,4.22,3.94,7.14,4.34,4.17,4.65,4.46,4.46,4.25,4.46,4.11,4.07,4.34,4.23,4.13,4.41,4.26,4.03,4.63,6.34,5.78,4.07,4.25,4.29,4.26,4.05,4.52,4.96,4.11,3.94,4.2,4.61,7.02,4.3,3.98,4.08,4.35,4.13,8.08
CALML4,5.13,5.22,4.77,5.29,5.23,5.38,4.97,4.95,4.94,4.94,5.1,4.9,4.88,7.67,5.29,5.24,5.03,5.46,5.21,5.23,4.99,5.04,5.02,4.66,4.99,4.94,5.05,5.09,5.28,5.44,5.46,5.65,4.82,4.95,5.19,4.77,4.85,4.89,5.19,4.97,5.05,5.03,5.75,8.53,4.89,5.34,5.02,4.86,4.88,7.44
CALML4,6.8,7.16,7.06,7.2,7.25,6.41,6.16,6.56,6.89,6.97,7.32,6.8,6.47,9.65,7.09,6.64,7.35,7.19,7.22,7.03,6.67,6.61,6.68,6.82,6.83,6.53,6.85,7.09,6.98,6.64,7.59,8.24,6.5,6.51,6.73,6.69,6.42,6.65,6.22,6.71,6.28,6.28,6.89,9.48,6.7,6.35,6.8,6.8,6.56,10.21
CALML5,3.75,3.95,3.92,4.01,3.98,3.64,4.46,4.02,4.06,3.7,4.12,4.07,3.76,4.51,3.46,4.05,3.8,3.69,3.89,3.83,4.15,3.88,4.15,3.86,3.87,3.67,4.02,3.76,3.66,5.06,4.92,3.94,3.97,4.02,4.05,4.05,4.2,4.28,4.91,4.07,3.76,4.47,4.12,4.03,3.81,3.94,3.92,3.66,3.76,4.38
CALML6,5.84,5.64,5.8,6.09,6.12,5.89,6.73,6,5.72,5.68,6.01,5.84,5.74,6.81,6.47,6.84,6.63,5.96,5.87,5.63,7.06,6.79,7.05,7.2,7.1,7.01,5.91,6.01,6.11,5.14,4.8,5.1,6.95,6.85,6.78,7.1,7.48,7.09,6.88,5.57,6.1,5.92,5.84,5.62,5.32,5.52,5.5,5.56,6.12,6.66
CALN1,4.02,3.95,4.17,4.15,4.2,4.41,4.85,3.91,4.17,4.04,4.13,4.03,4.01,5.32,4.22,4.31,3.94,4.03,4.24,4.24,4.26,4.4,4.04,4.4,4.05,4.26,4.12,4.24,4.18,4.94,6.41,4.25,4.02,4.27,4.21,3.99,3.96,3.96,4.97,3.93,3.94,4.22,4.2,4.54,3.79,4.33,3.99,3.94,4.22,4.35
CALN1,3.81,3.84,3.91,3.97,4.03,3.67,3.72,3.83,3.74,4.02,3.8,3.68,3.74,5.49,3.66,3.73,3.76,3.59,3.95,3.74,3.74,3.68,3.92,4.02,3.69,3.76,3.84,3.68,3.9,4.71,5,4.06,3.71,3.71,3.82,4.03,3.68,3.88,4.64,3.78,3.67,4.08,4.14,6.41,3.42,3.96,3.76,3.72,3.77,4.21
CALN1,3.57,3.43,3.47,3.34,3.42,3.73,3.57,3.79,3.52,3.41,3.57,3.39,3.51,3.71,3.39,3.4,3.32,3.25,3.5,3.55,3.56,3.33,3.46,3.5,3.38,3.46,3.29,3.43,3.51,4.32,4.25,4.14,3.41,3.39,3.35,3.48,3.55,3.6,4.57,3.64,3.65,3.31,3.26,3.97,3.43,3.72,3.41,3.52,3.42,3.78
CALR,8.2,7.43,8.19,8.04,7.47,7.48,6.08,7.68,8.08,8.14,6.84,7.83,7.63,5.06,8.16,7.65,8.04,8.39,8.17,8.5,7.94,7.67,7.16,8.25,8.03,8.1,7.86,7.96,6.91,5.21,6.83,5.48,8.19,7.96,8.11,7.46,7.56,7.95,7.09,7.83,7.72,6.53,6.96,6.95,7.96,7.16,7.37,7.73,7.31,5.09
CALR,8.2,7.71,8.41,8.36,8.52,8.36,8.44,8.55,8.35,8.25,7.6,8.13,8.28,7.06,8.15,8.13,8.21,8.65,8.37,8.41,8.05,8.08,7.73,8.28,8.28,8.28,8.4,8.52,7.84,8.08,7.28,7.7,8.49,8.08,8.31,8.17,8.11,8.31,7.62,8.48,8.42,7.78,7.78,7.59,8.1,8,8.34,8.33,8.12,8.27
CALR3,4.21,4.29,4.27,4.22,4.34,4.28,4.59,4.49,4.23,4.15,4.42,4.3,4.03,4.38,3.93,4.32,4.05,4.22,4.17,4.06,4.49,4.05,4.33,4.2,4.54,4.14,4.15,4.41,4.29,4.21,4.84,5.64,4.52,4.12,4.23,4.12,4.24,4.19,6.22,3.9,4.22,4.42,4.61,5.06,4.22,4.4,4.47,4.12,4.59,4.66
CALU,10.47,10.3,10.43,10.16,10.39,10.74,10.72,10.64,10.31,10.29,10.35,10.17,10.21,8.77,10.26,10.42,10.26,10.27,10.21,10.01,10.46,10.29,10.41,10.13,10.2,10.23,10.48,10.37,10.7,10.78,9.38,8.84,10.26,10.14,10.08,10.15,10.42,9.95,10.44,10.43,10.57,10.52,10.38,8.52,10.31,10.68,10.59,10.19,10.54,7.75
CALU,10.15,10.14,10.09,10.09,10.41,10.24,10.21,10.31,10.1,10.21,10.07,10.09,10.17,8.9,9.95,10.03,10.05,10.07,10.05,9.98,10.18,10.07,10.03,10.03,9.96,10,10.16,10.09,10.36,10.25,6.79,9.32,9.79,9.97,9.97,9.97,10.05,9.92,10.29,10.25,10.21,9.91,9.98,8.64,10.28,10.31,10.08,10.09,10.2,8.79
CALU,8.09,7.11,7.69,7.74,7.43,7.26,7.09,7.57,7.87,7.85,6.79,7.8,7.67,6.02,7.69,7.37,7.7,7.54,7.54,7.79,7.68,7.42,7.01,7.66,7.48,7.82,7.97,7.82,7.31,5.97,5.12,5.8,7.81,7.62,7.46,7.61,7.36,7.55,7.5,7.63,7.65,6.97,6.69,4.63,7.62,7.28,7.69,7.73,7.62,6.79
CALY,4.35,4.41,4.29,4.65,4.75,4.67,4.51,4.57,4.62,4.54,4.5,4.52,4.26,4.7,4.43,4.2,4.34,4.59,4.42,4.59,4.59,4.28,4.32,4.19,4.27,4.54,4.07,4.4,4.61,4.42,4.81,4.28,4.63,4.16,4.73,4.11,4.69,4.8,5.08,4.45,4.73,4.75,4.02,4.35,5.12,4.46,4.58,4.42,4.12,5.72
CAMK1,6.79,6.78,7.16,6.71,7.05,6.95,6.62,7.49,6.68,7.11,6.84,6.99,6.49,6.02,7.23,7.19,7.26,7.17,7.1,7.22,7.11,7.09,6.94,7.15,7.08,6.79,6.95,6.83,6.96,4.96,4.79,6.97,6.78,7.06,6.88,7.19,7.28,7.53,6.91,7.11,6.98,6.91,6.99,5.86,6.5,6.43,6.36,6.83,6.72,6.47
CAMK1D,6.26,6.65,6.23,6.21,6.53,6.69,6.4,6.55,6.09,6.18,6.34,6.27,6.47,6.21,5.93,5.93,6.23,6.32,6.28,6.18,6.29,6.16,6.45,6.45,6.1,6.1,6.21,6.38,6.1,6.87,5.94,5.18,6.24,6.34,6.26,6.2,6.14,5.89,6.37,6.01,6.38,6.71,6.51,6.78,5.76,6.48,5.78,5.94,5.89,5.97
CAMK1D,7.21,6.99,7.02,6.88,7.12,7.34,7.15,7.49,6.92,7.15,6.91,6.82,6.75,5.08,6.73,6.83,6.57,6.98,7.24,7.19,6.75,6.83,6.93,7,7.04,6.99,7.15,6.96,6.97,6.49,5.42,7.1,6.97,6.88,6.75,7,7.25,6.65,6.52,7.25,7.01,7.35,7.64,5.08,7.72,7.83,7.3,7.1,6.77,6.52
CAMK1D,8.66,8.53,8.52,8.58,8.42,8.73,8.64,8.18,8.56,8.54,8.5,8.53,8.36,8.63,8.26,8.18,8.36,8.51,8.66,8.77,8.24,8.43,8.49,8.65,8.53,8.54,8.75,8.79,8.59,8.2,9.45,8.36,8.43,8.07,8.31,8.7,8.32,8.46,8.67,8.35,8.52,8.76,9.08,8.83,8.88,8.54,8.89,8.65,8.42,8.1
CAMK1G,3.58,3.47,3.66,3.46,3.72,3.72,3.6,3.96,3.49,3.69,3.56,3.63,3.63,4.34,3.71,3.94,3.6,3.63,3.78,3.84,3.71,3.56,3.57,4.12,3.48,3.85,3.46,4,3.72,4.81,5.72,4.83,3.5,3.74,3.85,3.61,3.38,3.86,4.03,3.62,4.27,3.66,4.26,4.34,3.92,3.46,3.69,3.77,3.63,4.88
CAMK1G,5.07,5.21,5.34,5.24,5.25,5.42,5.3,5.6,5.04,5.12,5.14,5.18,5.41,5.51,5.29,5.35,5.02,5.08,5.16,5.48,5.11,5.44,5.22,5.13,5.25,4.97,5.07,5.34,5.19,5.83,7.35,6.74,5.14,5.05,5.24,5.07,5.37,5.04,5.74,5.13,5.35,5.37,5.49,6.26,5.1,5.61,5.2,5.36,5.15,6.18
CAMK2A,4.15,4,4.38,4.18,4.35,4.42,4.43,4.17,4.14,4.32,4.43,4.28,4.12,5.84,4.24,4.43,4.23,4.45,4.25,4.05,4.1,4.42,4.22,4.04,4.38,4.39,4.33,4.1,4.18,4.11,4.49,5.64,4.14,4.15,4.45,4.3,4.35,4.29,4.01,4.42,4.1,4.36,4.1,5.72,4.23,4.7,4.41,4.37,4.18,5.77
CAMK2A,4.68,4.77,4.85,4.79,4.99,5.23,5.37,4.99,4.65,4.75,4.86,4.8,4.6,6.22,4.49,4.89,4.55,4.98,4.99,4.96,4.97,5.25,5.08,4.7,4.89,4.85,4.7,5.12,4.9,4.72,6.66,5.42,4.73,4.71,4.86,4.61,5.25,4.76,5.32,4.74,5.04,5.14,4.73,5.9,4.86,4.94,5.17,5,4.66,4.92
CAMK2B,4.95,5.04,4.98,5.03,4.88,5.31,5.14,5.66,4.94,4.89,5.35,4.93,4.78,5.08,5.27,5.27,4.95,4.77,4.74,5.19,5.22,5.45,5.21,5.36,4.96,5.21,5.24,5.39,5.43,5.7,5.05,5.95,5,5.35,5.13,5.38,5.41,5.3,4.5,4.83,5.43,4.91,5.1,5.63,5.13,5.19,5.33,5.15,5.11,4.85
CAMK2B,4.23,4.16,4.11,4.08,4.66,4.16,3.68,4.37,4.12,4.48,4.08,4.19,4.23,4.53,4.09,4.32,4.32,4.09,4.11,4.24,4.82,4.26,4.22,4.58,4.08,4.21,4.33,4.48,4.19,4.59,4.45,4.76,4.5,4.38,4.4,4.23,5.01,3.99,4.44,4.11,4.51,4.1,4.63,4.25,4.24,4.57,4.64,4.38,4.2,4.64
CAMK2B,5.21,5.04,5.56,5.32,5.96,5.9,5.64,5.58,5.17,5.2,5.26,5.17,4.97,6.82,5.18,5.8,5.43,5.35,5.43,5.37,5.46,5.21,5.19,5.83,5.7,5.36,5.53,5.27,5.35,5.09,6.53,7.48,5.42,5.41,5.82,5.62,5.39,5.65,5.44,5.8,5.67,5.79,5.56,6.56,5.15,5.7,6,5.66,5.31,6.99
CAMK2B,5.95,6.11,6.27,6.19,6.47,6.53,6.84,6.22,6.05,6.21,6.5,5.82,5.73,6.5,6.36,6.15,6.35,6.21,6.27,6.01,6.34,6.28,6.22,6.25,6.13,6.41,6.62,6.29,6.18,4.62,5.99,8.19,6.36,6.46,6.27,6.5,6.58,6.63,5.44,6.17,6.03,6.5,6.34,6.59,6.45,6.26,6.32,6.09,6.44,6.96
CAMK2B,3.82,4.29,4.99,4.4,4.65,4.55,4.92,4.84,4.2,4.15,4.53,4.18,4.17,4.34,4.26,4.51,4.3,3.84,4.19,4.2,4.12,4.41,4.39,4.31,4.47,4.34,4.44,4.35,4.28,6.11,5.58,5.48,4.21,4.74,4.41,4.33,4.2,4.68,3.54,4.6,4.59,4.37,4.34,4.26,4.08,4.79,4.22,4.4,4.46,4.28
CAMK2D,6.53,6.86,6.86,6.67,7.01,6.67,6.49,6.97,6.81,6.77,6.97,6.73,6.49,6.98,5.98,6.05,6.38,6.99,7.15,7.06,6.49,6.74,6.8,6.46,6.24,6.3,6.43,7.09,6.96,6.38,6.4,6.38,6.21,6.2,6.22,6.73,6.14,6.14,5.47,6.84,6.78,6.49,6.38,7.38,7.08,7.15,7.26,6.63,6.76,6.89
CAMK2D,8.24,8.21,8.15,8.29,8.16,8.01,8.07,7.99,8.39,8.32,8.29,8.23,8.01,6.79,8.1,8.11,8.14,8.57,8.39,8.48,8.53,8.55,8.56,8.42,8.23,8.27,8.2,8.55,8.29,7.52,6.72,8,8.35,8.23,8.29,8.04,7.77,7.86,8.29,8.31,8.5,8.42,8.41,7.27,8.41,8.48,8.69,8.15,8.21,6.59
CAMK2D,7.03,6.89,6.54,6.86,6.95,6.91,6.28,7.06,6.89,6.87,6.47,6.64,6.69,6.24,6.67,6.39,6.53,7.23,7.04,7.24,7.07,7,7.08,6.9,6.89,7.31,7.02,6.94,6.82,6.13,4.79,6.1,7.58,7.37,7.08,7.04,6.54,6.85,5.95,7.23,6.97,6.62,6.3,5.87,7.03,6.95,6.98,6.92,6.98,5.74
CAMK2D,6.36,5.84,6,6.05,5.54,5.67,6.02,5.34,6.01,5.79,5.73,5.84,5.71,5.8,6.1,5.74,6.08,6.45,6.33,6.25,6.32,6.25,6.37,6.12,6.54,6.41,5.88,6.3,5.89,4.63,5.46,6.15,5.82,6.05,6.22,6.36,5.44,5.67,5.38,6.31,6.4,5.74,5.28,5.02,5.99,5.95,6.51,5.74,6.11,5.55
CAMK2G,6.18,6.39,6.46,6.07,5.92,6.19,5.99,5.9,5.95,6.14,6.11,6.24,6.42,5.82,6.41,5.75,6.49,6.28,5.91,5.71,6.38,6.3,6.45,6.54,6.23,6.3,5.85,6.15,6.51,6,7.85,5.48,6.4,6.43,5.96,6.35,6.01,6.51,5.85,6.1,5.37,6.15,5.89,5.14,6.56,6.4,6.55,6.32,6.43,6.27
CAMK2G,5.2,5.45,5.41,5.32,5.89,5.53,5.11,5.95,4.81,5.31,4.95,5.07,4.99,5.32,5.46,5.14,5.48,4.92,5.13,5.45,5.39,5.05,5.43,5.48,5.72,5.64,5.34,5.25,5.44,5.66,4.5,6.01,5.34,5.38,4.91,5.84,4.91,5.72,4.72,5.9,5.59,5.84,5.42,5.97,6.09,5.31,5.15,5.37,5.47,6.29
CAMK2G,6.15,6.44,5.93,6.28,5.67,6.24,6.43,6.01,5.93,6.18,6.25,6.49,5.82,5.21,6.36,6.06,6.45,5.77,6.04,6.15,6.43,6.4,6.4,6.17,6.07,6.32,6.13,6.05,6.39,4.38,4.18,5.65,6.22,6.15,6.1,6.44,6.05,6.09,5.75,6.23,6.17,6.18,6.09,5.09,6.59,6.67,6.43,6.27,6.43,4.4
CAMK2G,6.38,6.35,6.37,6.47,6.37,6.55,6.53,6.61,6.23,6.48,6.4,6.42,6.07,6.19,6.8,6.57,6.55,6.08,6.22,6.41,6.39,6.39,6.26,6.45,6.81,6.39,6.39,6.41,6.44,6.4,5.78,7.34,6.44,6.45,6.53,6.73,6.71,6.71,6,6.43,6.42,6.78,6.4,5.28,6.66,6.76,6.97,6.35,6.41,7.14
CAMK2G,5.17,5.22,5.03,5,5.12,4.87,5.72,6.21,5.09,5.47,4.85,5.31,5.08,5.8,5.41,5.55,5.17,5.18,5.45,5.18,5.14,5.44,4.82,5.51,5.21,5.28,4.95,5.12,5.37,5.26,7.66,5.03,5.22,5.27,5.49,5.39,5.61,5.3,6.82,5.34,5,5.41,5.42,5.73,5.14,5.22,5.45,4.9,5.31,5.64
CAMK2G,4.47,4.52,4.32,4.11,4.06,4.09,5.3,3.95,4.35,4.32,3.95,4.07,4.55,4.2,4.41,4.06,4.54,4.17,4.28,4.21,4.44,4.29,4.35,4.47,4.17,4.33,4.57,4.19,4.14,4.39,3.97,4.15,4.44,4.25,3.97,4.62,3.71,4.46,4.24,3.94,4.7,3.7,3.89,3.37,4.66,3.81,4.31,4.53,4.67,3.7
CAMK2G,5.55,5.38,5.77,5.56,6.11,6.16,5.62,5.48,5.53,5.32,5.73,5.57,5.43,6.64,5.74,5.35,5.45,5.7,5.69,5.35,5.27,5.74,5.58,5.33,5.74,5.48,5.64,5.93,6.02,5.78,8.83,6.75,5.48,5.45,5.66,5.42,5.78,5.4,6,5.71,5.77,6.01,5.78,5.78,5.76,5.92,6.03,5.61,5.58,6.06
CAMK2N1,6.4,6.05,6.57,6.62,6.54,7.08,7.41,6.87,6.28,6.61,6.5,6.16,6.14,6.95,6.48,6.56,6.17,6.73,6.31,6.63,6.21,6.59,6.24,6.52,6.43,6.45,6.47,6.34,6.52,6.04,6.32,6.45,6.67,6.67,6.87,6.52,6.47,6.2,6.7,6.61,6.81,7.12,6.86,6.47,6.73,6.69,6.72,6.48,6.5,6.15
CAMK2N1,9.02,9.19,9.26,9.34,9.43,9.27,8.55,9.1,9.24,9.2,9.38,9,8.83,8.04,9.3,9.04,9.28,9.08,9.27,9.38,8.8,8.97,8.91,9.03,9.03,8.84,9.16,9.15,9.11,9.15,5.55,7.22,9.66,9.72,9.76,9.16,9.01,9.12,8.92,9.31,9.21,9.72,9.78,9.69,9.48,9.59,9.49,9.1,9.02,8.76
CAMK2N2,6.31,6.18,6.59,6.5,6.29,6.58,6.01,6.52,6.28,6.49,6.59,6.32,6.11,6.6,5.7,6.08,6.08,6.46,6.57,6.38,5.89,5.93,6.19,6.16,6.61,6.1,6.24,6.61,6.57,6.86,5.33,7.37,5.67,5.93,5.9,6.25,6.07,6.07,6.51,6.51,6.19,6.85,6.63,6.11,7.14,6.76,6.88,6.6,6.4,6
CAMK2N2,4.98,4.77,4.74,4.92,5.01,5.28,4.52,4.94,4.99,5.38,5.08,4.89,4.69,5.25,5.22,5.16,4.86,4.76,4.91,5.16,4.65,5.05,4.88,4.77,5.25,4.82,4.8,4.82,4.59,5.2,5.55,6.36,4.85,4.9,4.92,4.98,4.71,4.82,4.34,4.69,4.8,5.11,5.07,5.44,4.78,5.11,4.68,4.88,4.79,7.36
CAMK4,5.47,5.62,5.51,5.69,6.15,5.16,5.31,5.42,5.66,5.53,5.24,5.19,5.16,6.42,5.34,5.47,5.21,5.67,5.14,5.63,5.54,5.43,5.3,5.08,5.43,5.41,5.69,5.51,5.34,6.69,8.48,5.62,5.92,5.5,5.57,5.36,5.71,5.61,6.62,6,5.45,5.64,5.75,5.06,5.33,5.61,5.02,5.24,5.54,6.87
CAMKK1,6.21,6.09,6.45,6.5,6.63,6.46,6.43,6.01,6.27,6.02,6.39,6.31,5.73,7.17,6.01,6.13,5.68,6.25,6.2,6.03,5.5,5.9,5.91,5.89,6.06,5.86,6.15,6.41,6.37,5.45,5.99,6.21,6.06,5.77,5.76,6.24,5.48,5.9,5.31,6.24,6.54,6.51,6.57,5.39,6.26,6.26,6.57,6.16,6.36,6.61
CAMKK1,4.47,4.42,4.32,4.37,4.39,4.51,4.12,4.69,4.52,4.57,4.73,4.56,4.52,5.38,4.39,4.64,4.31,4.62,4.83,4.59,4.12,4.73,4.29,4.42,4.81,4.73,4.54,4.99,4.47,5.81,5.45,5.56,4.42,4.4,4.43,4.57,4.35,4.53,4.51,4.5,4.79,4.9,4.71,5.23,4.22,4.62,4.38,4.44,4.57,6.68
CAMKK2,7.73,7.66,7.86,7.36,7.57,8.01,7.5,7.84,7.61,7.67,7.55,7.19,7,5.21,7.6,7.46,7.66,7.89,7.93,7.9,7.45,7.37,7.58,7.88,7.51,7.69,7.91,7.56,7.7,7.11,5.95,6.15,7.45,7.09,7.27,7.77,7.71,7.15,7.4,7.9,8.03,7.6,7.54,5.8,7.75,7.7,7.72,7.36,7.13,5.55
CAMKK2,9.2,9.26,9.45,9.34,9.56,9.48,9.12,9.51,9.15,9.29,9.48,9.28,9.12,9.13,9.12,9.22,9,9.32,9.32,9.22,9.06,9.11,9.2,9.33,9.21,9.11,9.47,9.31,9.37,9.76,8.72,9.79,8.92,9.06,8.97,9.17,9.14,9.12,9.46,9.54,9.33,9.44,9.47,9.37,9.22,9.06,9.21,9.26,9.28,8.38
CAMKK2,4.82,4.41,4.45,4.66,4.78,4.27,4.78,4.43,4.72,4.46,4.7,4.43,4.66,5.29,4.54,4.45,4.39,4.86,4.59,4.59,4.62,4.79,4.75,4.57,4.85,4.5,4.65,4.6,4.69,6.31,5,4.95,4.18,4.36,4.51,4.47,4.56,4.57,4.84,4.86,4.68,4.68,4.75,5.84,4.71,4.64,4.6,4.85,4.72,4.82
CAMKK2,9.67,9.77,9.71,9.5,9.76,10.06,9.93,9.73,9.64,9.56,9.81,9.33,9.08,9.26,9.73,9.65,9.6,9.77,9.74,9.84,9.65,9.53,9.65,9.88,9.83,9.54,9.78,9.55,9.78,8.91,9.12,9.01,9.56,9.17,9.59,9.67,9.43,9.12,9.77,9.79,9.83,9.73,9.76,8.3,9.63,9.64,9.72,9.33,9.01,9
CAMKV,5,5.06,5.19,5.12,5.01,5.71,5.57,5.35,5.02,5.09,5.25,5.19,5.01,6.28,4.75,4.84,5.12,5.15,4.97,5.15,5.27,5.39,5,5.06,4.85,4.87,5.29,5.27,5.15,5.4,6.85,6.44,5.47,5,5.39,5.38,5.12,5.3,5.85,5.25,5.37,5.49,5.32,5.63,5.21,5.3,5.13,5.22,5.19,7.19
CAMKV,4.15,4.49,4.53,4.46,4.45,4.62,3.73,5.07,4.37,4.28,4.59,4.43,4.4,6.09,4.68,4.73,4.35,4.53,4.42,4.46,4.64,4.51,4.45,4.25,4.74,4.35,4.34,4.36,4.61,4.51,6.8,5.21,4.26,4.38,4.64,4.55,4.48,4.49,4.21,4.68,4.27,4.49,5.16,5.4,5.28,4.98,4.72,4.59,4.45,5.86
CAMKV,4.37,4.3,4.64,4.38,4.74,5.3,4.84,4.34,4.43,4.54,4.36,4.17,4.34,6.15,4.43,4.47,4.31,4.64,4.27,4.61,4.46,4.49,4.24,4.26,4.49,4.49,4.62,4.41,4.79,4.67,5.39,5.86,4.4,4.26,4.36,4.2,4.65,4.2,4.35,4.87,4.25,4.55,4.75,5.35,4.69,4.61,4.36,4.33,4.54,4.75
CAMKV,3.96,3.97,3.89,3.8,3.94,3.97,5.46,3.8,3.84,3.85,3.98,3.75,3.87,4.47,3.84,3.86,3.85,3.83,3.82,3.75,4.31,4.07,4.01,3.66,4.04,3.85,3.89,4.17,3.86,3.69,5.66,5.2,3.96,3.92,4.03,4.02,4.13,3.96,5.35,3.8,3.87,3.9,4.65,4.5,3.83,4.24,4.19,3.84,3.82,5.76
CAMKV,5.2,5.43,5.19,5.46,5.51,5.1,4.62,6.06,5.19,5.42,5.14,5.49,5.34,6.97,5.28,5.21,5.52,5.31,5.41,5.64,5.28,5.64,5.35,5.35,5.6,5.4,5.45,5.68,5.15,4.66,4.53,5.83,5.44,5.27,5.32,5.41,5.49,5.38,5.78,5.49,5.54,5.29,5.7,6.82,5.51,4.67,6.13,5.48,5.27,7.02
CAMKV,4.03,3.96,3.8,3.72,4.36,3.71,4.11,3.63,3.64,4.11,3.9,3.96,3.88,3.89,3.76,3.74,3.83,4.24,3.77,3.8,4,3.86,3.71,3.93,3.73,3.93,3.69,3.94,3.83,4.34,3.81,4.97,3.69,3.88,3.93,3.87,3.84,3.9,5.11,3.73,3.83,3.93,3.78,3.9,3.77,3.83,4.09,4.05,3.91,4.11
CAMLG,9.97,9.92,9.71,9.63,9.73,10.09,10.01,9.49,9.89,9.9,9.95,9.58,10.02,8.8,9.82,9.78,9.83,9.49,9.62,9.48,10.06,9.95,10.26,9.77,9.8,9.92,9.92,9.84,10.11,9.37,7.63,7.94,9.53,9.39,9.49,9.72,9.76,9.5,9.95,9.66,9.92,10.53,10.44,8.97,9.92,9.95,9.79,9.82,9.98,8.68
CAMLG,4.64,4.77,4.71,4.58,4.94,4.63,4.86,4.43,4.83,4.87,4.61,4.98,4.91,5.49,4.64,4.49,4.63,4.62,4.58,4.54,4.82,4.69,4.73,4.52,4.62,4.48,4.91,4.72,4.66,5.03,5,5.49,4.7,4.76,4.67,4.65,4.88,4.63,4.78,4.64,4.63,4.61,4.72,4.98,4.63,4.64,4.5,4.8,4.91,4.53
CAMP,4.56,4.6,4.78,4.76,5.46,4.94,4.8,4.59,4.53,4.45,4.68,4.67,4.72,5.42,4.88,4.55,4.59,4.95,4.75,4.91,4.56,4.89,4.72,4.77,4.77,4.45,4.5,4.7,4.94,5,5.26,4.77,4.71,4.47,4.57,4.52,4.52,4.6,4.79,4.79,4.69,5,5.16,5.1,4.98,4.33,4.92,4.8,4.36,5.84
CAMSAP1,7.85,7.89,7.88,7.83,8.14,7.89,7.24,7.97,7.92,7.99,8.13,8.01,7.74,7.44,7.75,7.82,7.81,7.85,7.93,8.1,7.75,7.62,7.74,7.81,7.78,7.7,7.98,7.88,7.67,6.23,7.79,8.22,7.07,7.18,7.13,7.86,7.79,7.61,6.85,8,7.84,8.21,8.42,8.11,8.32,8.17,8.14,8.1,7.92,7.19
CAMSAP1,8.85,8.88,8.96,8.87,9.14,8.78,8.75,9.02,8.82,8.96,8.59,8.85,8.86,8.33,8.83,8.71,8.64,8.89,8.69,8.66,8.78,8.78,8.64,8.75,8.93,8.76,8.84,8.9,8.91,8,7.57,8.61,8.62,8.57,8.62,8.69,8.7,8.78,8.8,9.05,9.03,9,8.95,9.19,8.92,8.9,9.09,8.99,9.19,8.44
CAMSAP1,9.27,9.35,9.28,9.35,9.1,9.37,9.04,9.28,9.31,9.32,9.53,9.43,9.27,8.1,9.18,9.06,9.36,9.21,9.27,9.21,9.15,9.11,9.37,9.2,9.37,9.2,9.39,9.39,9.44,9.42,6.73,8.15,9.04,9.02,9.15,9.13,9.24,9.15,9.18,9.45,9.57,9.41,9.48,8.38,9.31,9.42,9.31,9.4,9.53,8.11
CAMSAP1,3.72,3.69,3.98,3.83,4.25,4.33,4.82,3.74,3.87,3.78,4.19,3.93,3.87,5.56,3.91,4.1,3.86,4.13,3.6,3.91,4.05,3.98,3.96,4.05,3.84,3.93,4.07,4.1,3.99,4.27,5.6,6.08,3.9,3.82,3.9,3.86,4.08,3.87,4.65,4.11,4.05,3.85,4.4,5.64,4.03,4.32,4.33,4.09,3.85,5.34
CAMSAP1L1,6.56,6.43,6.13,6.29,6.17,5.42,4.87,6.03,6.37,6.41,6.03,6.43,5.93,5.72,6.35,6.47,6.26,6.05,5.94,6.42,5.83,6.49,6.57,6.39,6.34,6.44,6.02,6.33,6.26,4.23,4.62,4.7,5.97,6.35,6.11,6.13,6.28,6.13,5.72,6.41,6.5,5.86,5.25,5.44,6.42,6.83,6.7,6.42,6.36,5.97
CAMSAP1L1,5.63,5.37,5.55,5.61,5.58,5.64,5.97,6.09,5.68,5.84,5.81,5.7,5.54,5.21,5.95,5.77,5.71,5.75,5.63,5.64,5.92,5.92,6.03,6.23,6.09,6.21,5.74,6.11,5.55,5.57,6.54,4.63,5.84,6.02,6.11,6,6.16,6.18,6.45,6.31,6.02,5.8,5.72,4.64,6.07,6.08,6.08,5.68,5.85,6.02
CAMSAP1L1,7.73,7.98,7.76,7.81,8,7.9,6.86,7.65,7.73,7.75,8.23,7.76,7.51,7.47,7.93,7.82,8.05,7.62,7.66,7.8,7.73,7.96,8.13,8.05,8.1,7.8,7.79,7.82,7.8,6.96,8.29,6.85,7.93,8.05,7.9,7.87,7.56,7.75,7.68,7.82,7.97,7.83,7.8,8.04,8.02,7.9,8.06,7.81,7.85,6.87
CAMTA1,5.38,5.47,5.51,5.18,4.82,5.18,4.39,4.71,5.21,5.25,5.39,5.4,5.18,5.73,5.12,5.65,5.39,4.95,5.53,5.19,4.9,5.26,5.44,5.32,5.34,5.7,4.92,5.16,5.48,5.86,5.79,5.94,5.29,5.5,5.64,5.24,4.95,5.11,5.85,5.57,5.25,6.09,5.47,6.69,5.74,6.19,5.84,5.17,4.81,6.81
CAMTA1,4.14,4.28,4.3,4.31,4.02,4.25,4.12,4.58,4.28,4.16,4.58,4.08,4.01,4.05,4.07,4.11,4.48,4.07,4,4.05,3.9,4.05,4.13,4.49,3.94,4.15,4.25,4.18,4.5,4.52,3.77,3.57,4.19,4.43,4.3,4.26,4.4,4.18,4.09,3.93,4.29,4.13,4.02,4.07,4.32,4.15,4.37,4.18,4.2,3.67
CAMTA1,10.75,10.76,10.77,10.7,10.58,10.52,10.37,10.66,10.82,10.87,10.47,10.88,10.96,9.14,10.7,10.57,10.75,10.66,10.77,10.81,10.94,10.74,10.68,10.72,10.75,10.83,10.78,10.7,10.65,10.51,8.61,9.2,10.53,10.52,10.48,10.72,10.78,10.85,10.44,10.84,10.82,10.59,10.74,8.5,11,10.9,10.73,10.69,10.68,8.26
CAMTA1,4.07,4.21,3.82,3.79,3.88,4.24,3.68,3.68,4.35,4.22,4.42,4.12,3.87,3.82,3.95,4.08,4.28,3.96,3.86,3.86,3.77,4.09,3.87,4.39,4.16,4,3.85,4.1,4.45,3.81,4.02,3.53,4.19,4.12,4.02,4.16,4.08,3.93,3.64,3.79,3.82,4.19,3.91,4.37,4.27,3.93,5.05,3.72,3.87,4.15
CAMTA1,4.32,4.23,4.11,4.32,4.9,4.6,5.75,4.15,4.27,4.37,4.24,4.48,4.21,5.03,4.22,4.48,4.35,4.44,4.35,4.32,4.11,4.33,4.18,4.32,4.43,4.33,4.48,4.5,4.53,4.79,7.07,6.42,4.65,4.13,4.25,3.96,4.34,4.48,4.81,4.21,4.98,4.28,4.73,4.24,4.31,4.46,4.36,4.36,4.4,5.62
CAMTA1,10.61,10.8,10.56,10.6,10.43,10.6,10.13,10.23,10.76,10.64,10.86,10.81,11.11,10.21,10.5,10.5,10.67,10.6,10.65,10.56,10.72,10.69,11.11,10.65,10.63,10.74,10.62,10.62,10.79,10.91,8.34,8.89,10.33,10.31,10.3,10.62,10.61,10.71,10.42,10.57,10.78,10.6,10.54,10.41,10.71,10.75,10.63,10.69,10.83,8.48
CAMTA1,10.76,10.65,10.62,10.63,10.66,10.65,10.86,10.72,10.56,10.66,10.62,10.74,11.1,10.04,10.64,10.62,10.65,10.58,10.67,10.59,10.92,10.86,10.68,10.68,10.61,10.85,10.75,10.62,10.82,10.97,8.55,9.46,10.54,10.55,10.33,10.58,10.87,10.71,10.86,10.79,10.72,10.68,10.7,9.97,10.82,10.91,10.82,10.65,10.65,10.16
CAMTA2,8.18,7.91,8.32,8.42,8.47,8.65,8.32,8.42,8.17,8.27,8.44,8.07,7.94,8.14,8.65,8.6,8.62,8.2,8.11,8.12,8.3,8.37,8.66,8.77,8.66,8.67,8.33,8.39,8.39,7.26,7.12,7.99,8.1,8.25,8.18,8.87,8.84,8.84,7.87,8.5,8.59,8.52,8.35,7.82,8.37,8.6,8.3,8.41,8.35,8.37
CAMTA2,4.08,4.09,4.13,3.99,4.26,4.08,4.74,3.84,4.19,4.12,4.18,4.02,4.18,5.87,4.19,4.33,4.07,4.39,4.06,4.03,4.08,4.2,4.07,4.18,4.16,4.12,4.07,4.33,4.45,4.65,6.25,5.39,4.01,3.92,4.15,4.21,4.29,4.05,4.98,4.36,3.9,4.18,4.17,5.89,4.56,4.44,4.27,4.07,3.99,5.22
CAND1,9.42,9.64,9.33,9.45,9.32,9.48,9.43,9.34,9.54,9.4,9.46,9.43,9.67,9.29,9.35,9.36,9.33,9.53,9.46,9.34,9.42,9.4,9.38,9.17,9.28,9.32,9.36,9.57,9.51,9.36,8.27,8.99,9.35,9.28,9.26,9.23,9.26,9.19,9.35,9.2,9.36,9.3,9.41,9.33,9.4,9.39,9.42,9.42,9.44,9.33
CAND1,8.95,9.11,8.79,8.9,8.75,8.62,7.57,8.71,9.06,8.97,9.13,8.93,9.06,8.65,8.83,8.64,8.85,8.91,8.88,8.85,8.76,8.81,8.98,8.54,8.56,8.69,8.87,8.83,8.84,8.68,6.5,7.89,8.73,8.77,8.5,8.63,8.93,8.7,8.15,8.67,8.64,8.6,8.79,8.28,8.82,8.6,8.74,8.79,8.77,7.64
CAND1,9.31,9.33,9.21,9.24,8.91,8.99,8.8,8.88,9.48,9.19,9.36,9.18,9.34,6.67,9.01,8.93,9.16,9.16,9.31,9.2,9.02,8.89,9.19,8.79,8.81,8.89,9.19,9.28,9.24,8.74,7.9,6.34,9.03,9.11,9.01,8.95,8.96,8.91,8.66,8.92,8.95,8.85,8.6,7.02,9.03,8.98,9.06,9.1,9.3,7.44
CAND2,3.31,3.58,3.7,3.68,3.73,3.6,4.22,3.66,3.64,3.61,3.66,3.4,3.48,3.86,3.68,3.56,3.54,3.67,3.8,3.42,3.42,3.66,3.51,3.59,3.81,3.4,3.5,3.64,3.67,4.79,4.49,3.91,3.5,3.27,3.35,3.82,3.92,3.58,3.81,3.54,3.71,3.69,3.65,5.51,3.8,3.58,3.7,3.36,3.61,3.84
CAND2,4.01,4.02,3.93,4.13,4.24,4.35,4.2,4.4,3.93,3.95,4.1,3.89,4.06,5.31,4.04,4.02,4.15,4.18,4.29,3.87,3.95,3.94,3.97,4.32,4.08,4.52,4.39,4.14,3.86,5.25,5,4.45,4.17,4.25,4,3.98,4.18,4.09,4.31,4.64,4.16,4.69,4.1,5.12,4.36,4.28,4.32,4.12,4.29,5.01
CAND2,4.3,4.15,4.38,4.27,4.42,4.47,4.77,4.68,4.18,4.26,4.29,4.4,4.22,5.45,4.17,4.44,4.18,4.31,4.54,4.23,4.43,4.16,4.23,4.19,4.26,4.24,4.56,4.35,4.41,4.68,5.31,4.79,4.47,4.38,4.52,4.25,4.04,4.38,4.97,4.42,4.28,4.4,4.4,5.59,4.46,4.45,4.41,4.3,4.11,5.08
CANT1,9.66,9.69,9.71,9.65,9.95,9.92,9.93,9.76,9.65,9.69,9.84,9.74,9.39,8.13,9.71,9.68,9.68,9.61,9.42,9.38,9.69,9.75,9.97,9.7,9.75,9.58,9.67,9.63,9.7,9.91,8,9.53,9.76,9.86,9.83,9.82,9.79,9.76,9.77,9.96,9.95,9.91,10,8.9,9.44,9.52,9.66,9.78,9.88,8.87
CANT1,5.06,4.83,5.4,5.24,5.31,5.02,4.92,5.5,4.98,5.14,4.7,5.09,4.96,4.65,5.31,5.17,5.34,5.01,5.23,5.2,4.89,5.05,4.73,5.4,5.52,5.41,4.82,5.36,4.77,4.16,5.04,4.72,5.59,5.33,5.5,5.08,5.14,5.49,5.11,5.57,5.27,5.12,4.81,5.1,4.89,5.16,4.89,5.42,5.16,5.32
CANX,11.1,10.92,10.86,10.97,10.57,10.52,10.26,10.82,10.99,11.03,10.5,10.95,11.08,9.64,10.72,10.65,10.74,10.82,10.93,11.02,10.81,10.66,10.46,10.6,10.65,10.71,10.86,10.93,10.65,10.03,10.02,8.36,10.62,10.56,10.59,10.53,10.4,10.55,10.44,10.71,10.69,10.38,10.39,8.8,10.63,10.58,10.77,10.88,10.78,9.3
CANX,10.93,10.64,10.74,10.86,10.49,10.47,10.49,10.83,10.95,11.02,10.39,10.91,10.84,9.48,10.68,10.63,10.68,10.84,10.83,10.81,10.67,10.72,10.24,10.61,10.63,10.61,10.84,10.99,10.4,9.98,7.32,9.57,10.5,10.59,10.59,10.52,10.33,10.57,10.48,10.69,10.62,10.21,10.26,9.62,10.59,10.44,10.75,10.76,10.67,9.21
CANX,10.54,9.92,10.28,10.28,9.77,9.7,10.26,9.99,10.56,10.34,9.48,10.21,10.31,7,10.07,9.92,10.03,10.34,10.25,10.3,10.24,9.86,9.26,9.98,9.94,10.14,10.27,10.15,9.69,9.44,5.3,6.36,10.2,9.92,10.01,9.77,9.78,9.97,9.81,9.81,9.95,9.23,9.62,6.54,10.11,9.84,9.96,10.22,9.93,7.15
CANX,10.12,9.74,9.8,9.99,9.47,9.51,8.97,9.57,10.25,9.99,9.55,10.08,10.12,8.37,9.72,9.52,9.77,9.77,9.85,9.87,9.66,9.57,9.56,9.55,9.58,9.89,9.68,9.87,9.54,9.17,7.04,8.27,9.68,9.55,9.47,9.47,9.26,9.65,9.07,9.64,9.49,9.12,9.18,8.68,9.72,9.41,9.53,9.97,9.79,8.8
CANX,12.6,12.66,12.5,12.68,12.66,12.49,12.3,12.51,12.69,12.61,12.6,12.65,12.63,11.82,12.46,12.36,12.46,12.62,12.59,12.7,12.47,12.47,12.55,12.43,12.43,12.46,12.57,12.62,12.52,12.37,12.03,11.77,12.28,12.35,12.38,12.32,12.32,12.43,12.21,12.47,12.48,12.4,12.46,11.91,12.43,12.45,12.5,12.59,12.65,11.79
CANX,9.29,9.57,9.5,9.53,9.81,9.53,9.25,9.48,9.47,9.42,9.71,9.46,9.32,9.31,9.04,8.87,9.04,9.44,9.36,9.45,9.25,9.38,9.3,9.2,9.05,9.1,9.43,9.43,9.56,8.89,9.06,9.08,8.88,8.91,8.97,9.22,8.94,8.83,9.51,9.33,9.42,9.02,8.85,8.72,9.37,9.16,9.38,9.49,9.38,9.54
CANX,13.1,13.2,13.15,13.16,13.3,13.19,13.1,13.18,13.15,13.15,13.21,13.15,13.15,13.09,13.02,12.97,12.98,13.25,13.18,13.17,13.09,13.02,13,12.95,12.93,12.99,13.19,13.21,13.2,13.21,12.96,12.57,12.95,12.98,12.99,12.96,13.02,12.9,13.09,13.08,13.1,13.08,13.12,12.99,13.12,13.11,13.12,13.15,13.15,12.96
CANX,10.5,9.72,10.17,10.31,9.83,9.61,9.99,10.17,10.34,10.32,9.42,10.34,10.14,9.01,10.14,10.11,10.15,10.28,10.3,10.46,9.97,9.73,9.26,10.12,10.08,10.09,10.16,10.27,9.46,8.62,8.12,8.27,10.02,9.99,9.95,9.97,9.51,10.14,9.36,9.91,9.72,9.47,9.43,8.87,10.11,9.62,9.87,10.13,9.76,9.65
CANX,12.94,12.89,12.93,12.96,12.99,12.9,12.77,12.89,12.93,12.93,12.91,12.98,12.93,12.3,12.87,12.75,12.82,13.04,12.99,13.02,12.8,12.87,12.79,12.83,12.77,12.75,12.94,12.98,12.94,12.83,11.91,12.52,12.67,12.71,12.81,12.79,12.72,12.77,12.84,12.86,12.85,12.75,12.79,12.59,12.88,12.78,12.89,12.9,12.89,12.4
CAP1,11.01,11.19,10.83,10.89,10.62,10.85,10.84,10.72,11.06,11.06,10.95,11.02,11.15,9.75,10.77,10.74,10.82,11.01,11.01,11.01,11.09,11.08,11.03,10.87,10.83,10.94,10.88,10.87,11.07,10.73,8.02,9.36,10.72,10.68,10.6,10.66,10.7,10.67,10.59,10.78,10.9,10.86,10.95,9.6,11.04,11.02,11.01,10.9,11.08,8.39
CAP1,11.1,11,10.92,10.88,10.45,10.78,11.21,10.98,11.09,11.07,10.52,11.02,11.24,9.08,10.83,10.88,10.84,11.15,11.04,11.07,11.24,10.98,10.91,10.86,10.89,11.07,10.96,10.92,10.89,10.29,8.24,7.2,10.88,10.75,10.69,10.66,10.68,10.72,10.56,10.76,10.81,10.89,10.75,7.4,11.07,11.04,11.14,10.91,10.99,7.53
CAP2,3.27,3.21,3.26,3.22,3.29,3.3,3.49,3.28,3.33,3.22,3.2,3.1,3.18,3.97,3.24,3.34,3.24,3.31,3.14,3.3,3.28,3.37,3.17,3.48,3.42,3.34,3.31,3.13,3.27,3.69,3.56,4.37,3.4,3.37,3.32,3.16,3.58,3.35,3.74,3.25,3.64,3.42,3.23,4.55,3.23,3.35,3.42,3.13,3.16,3.61
CAP2,3.42,3.86,3.39,3.4,3.61,3.88,3.75,3.48,3.4,3.35,3.47,3.49,3.55,3.42,3.25,3.16,3.35,4.02,3.3,3.22,3.5,3.46,3.45,3.34,3.45,3.43,3.32,3.45,3.59,4.72,4.39,4.13,3.47,3.44,3.31,3.6,3.76,3.49,3.6,3.48,3.53,3.43,3.65,3.91,3.53,4.13,3.6,3.38,3.46,3.42
CAP2,3.95,3.89,3.92,3.69,3.73,3.81,4.15,3.51,3.81,3.71,3.93,4.03,3.96,4.05,3.64,4.08,3.92,3.89,3.86,3.53,3.91,3.82,3.71,3.59,3.59,3.69,3.7,4.02,3.94,4.17,4.11,5.26,3.92,4.18,3.72,3.45,3.77,3.59,4.31,3.8,3.73,3.87,3.78,4.33,3.69,3.85,3.66,3.71,3.85,3.67
CAP2,3.58,3.51,3.48,3.55,3.64,3.8,3.63,3.47,3.4,3.38,3.56,3.45,3.37,4.41,3.63,3.46,3.59,3.44,3.59,3.48,3.44,3.44,3.37,3.44,3.58,3.59,3.47,3.35,3.42,4.24,4.22,4.46,3.62,3.34,3.55,3.8,3.71,3.63,4.77,3.47,3.8,3.6,3.55,5.17,3.79,3.88,3.49,3.39,3.37,4.15
CAP2,3.11,3.25,3.26,3.26,3.44,3.61,3.83,3.21,3.19,3.48,3.19,3.27,3.28,4.17,3.32,3.32,3.27,3.22,3.35,3.28,3.28,3.5,3.35,3.58,3.55,3.19,3.36,3.12,3.33,3.62,5.69,4.42,3.2,3.36,3.44,3.35,3.73,3.34,3.61,3.32,3.3,3.29,3.3,4.33,3.26,3.79,3.11,3.28,3.4,4.24
CAP2,3.31,3.08,3,3.12,3.26,3.02,3.97,3.23,3.11,2.93,2.91,3.1,3.07,3.69,3.05,3.13,3.23,3.09,2.99,3.19,3.19,2.99,2.98,3.25,3.09,3.13,3.05,3.11,3.16,4.16,4.94,3.8,3.08,3.25,3.09,3.07,3.7,3.23,3.71,3.24,3.29,3.29,3.18,3.29,3.21,3.47,3.12,3.32,3.13,3.55
CAP2,3.57,3.81,3.72,3.49,3.52,3.45,3.92,3.94,3.62,3.58,3.6,3.64,3.56,4.44,3.61,3.38,3.4,3.61,3.37,3.51,3.57,3.62,3.57,3.69,3.34,3.39,3.53,3.64,3.8,4.87,5.85,4.77,3.83,3.53,3.44,3.41,3.44,3.56,4.47,3.36,3.4,3.76,3.55,4.17,3.96,3.79,3.49,3.45,3.53,4.88
CAPG,5.89,5.52,6.08,5.99,6.51,6.4,6,6.44,5.88,6.14,5.93,5.83,5.79,4.68,6.43,6.31,6.74,6.28,6.54,6.39,6.38,6.33,6.22,6.78,6.64,6.65,5.97,5.85,5.8,5.74,5.55,5.53,6.27,6.31,6.27,6.64,6.97,6.69,4.72,6.45,6.37,6.14,6.34,6.26,6.64,6.22,6.54,6.31,5.96,4.63
CAPG,6.02,5.87,6.22,5.79,6.58,6.55,5.98,6.3,5.83,6.07,5.88,6.2,5.91,4.62,6.68,6.54,6.76,6.4,6.65,6.58,6.56,6.29,6.52,6.83,6.37,6.79,6.37,6.2,6.46,7.11,5.34,5.98,6.61,6.38,6.39,6.8,6.13,6.8,6.47,6.27,6.36,6.49,6.43,5.5,6.64,6.7,6.53,6.42,6.63,4.88
CAPG,6.9,6.51,6.96,6.69,7.61,7.19,5.85,7.19,6.91,6.96,7.13,6.89,6.69,5.83,7.48,7.34,7.48,7.15,7.35,6.95,7.42,7.34,7.55,7.71,7.3,7.34,6.93,7.02,7.1,5.53,6.76,6.31,7.1,7,7.21,7.52,7.61,7.64,6.79,6.77,7.38,7.33,6.99,5.96,7.7,7.08,7.34,7.06,7.24,5.7
CAPG,7.76,7.33,7.74,7.45,8.17,8.1,7.31,7.66,7.6,7.52,7.74,7.6,7.48,7.72,7.87,8.1,8.1,7.75,7.99,7.9,8.03,8.12,7.99,8.09,8.06,7.89,7.84,7.62,7.7,7.79,5.91,7.14,8.02,7.75,7.92,8.22,8.06,8.11,7.95,7.78,7.81,7.83,7.92,7.32,8.06,7.99,8.03,8.01,7.68,6.87
CAPN1,7.56,7.34,7.91,7.66,7.58,7.76,7.14,7.85,7.6,7.67,7.57,7.63,7.5,6.77,7.43,7.75,7.61,8.17,8.01,8.04,7.66,7.9,7.84,7.92,7.88,7.99,7.69,7.76,7.44,6.99,5.83,6.49,7.68,7.66,7.54,7.67,7.65,7.76,6.88,7.69,7.83,7.82,7.81,6.3,7.33,7.18,7.76,7.71,7.64,7.45
CAPN1,7.46,7.21,7.88,7.7,7.86,7.67,7.58,7.82,7.58,7.57,7.78,7.55,7.49,7.11,7.6,7.63,7.56,8.07,8.1,7.66,7.9,7.62,7.82,7.97,7.8,7.78,7.66,7.6,7.71,6.42,7.71,5.59,7.73,7.39,7.5,7.69,7.61,7.84,7.37,7.82,7.83,7.85,8.23,6.27,7.6,7.69,7.72,7.78,7.85,7.03
CAPN10,7.81,7.84,7.9,7.68,8.08,8.22,7.36,7.9,7.62,7.9,8.13,7.75,7.65,7.45,7.68,8.09,7.74,7.9,7.65,7.7,8,8.05,8.05,8.11,7.96,7.85,7.83,7.85,8.23,6.96,7.73,7.85,7.8,7.9,7.65,7.7,7.91,7.97,7.51,7.96,7.83,8.37,8.19,7.74,7.61,8.07,7.93,7.86,8.04,7.75
CAPN10,4.78,4.62,4.66,4.69,5.33,5.05,4.66,5.02,4.68,4.67,5.06,4.75,4.61,7.06,5.02,4.81,4.99,4.69,5.13,4.72,4.94,4.97,4.76,4.78,4.98,4.77,4.69,4.86,4.94,5.22,7.66,6.1,4.77,4.78,4.71,4.62,4.71,5.05,5.49,4.6,4.72,4.89,5.05,7.1,4.97,4.35,5.14,4.77,4.74,6.18
CAPN10,4.3,4.29,4.44,4.26,3.95,3.93,3.71,4.13,4.25,4.3,4.01,4.36,4.56,4.08,4.1,4.18,4.22,4.3,4.01,4.07,4.42,4.17,4.24,4.42,4.01,4.26,4.39,4.05,3.96,3.95,4.33,3.88,4.33,4.25,4.09,3.83,3.68,4.13,3.5,3.82,4.72,4.68,4.48,3.71,4.32,3.44,3.86,4.39,4.18,3.7
CAPN10,4.02,4.09,4.38,4.18,4.61,4.09,4.1,4.09,4.16,3.95,4.15,4.19,3.99,4.35,4.16,4.12,4.02,4.06,4.18,4.17,4.09,4.29,3.98,4.31,4.6,4.35,3.95,4.16,4.01,3.94,4.12,5.92,4.52,4.12,4.02,4.36,4.17,4.49,4.12,4.39,4.56,4.37,4.75,4.1,4.51,3.98,4.41,4.27,4.28,5.11
CAPN10,7.58,7.83,7.95,7.65,8.18,8.11,7.29,7.64,7.46,7.68,7.94,7.67,7.68,8.97,7.74,7.77,7.77,7.55,7.51,7.68,7.8,7.44,7.73,7.81,7.66,8.09,7.71,7.49,8.09,7.8,8.7,8.59,7.54,7.77,7.54,7.51,7.84,7.62,5.61,7.8,7.76,8.01,8.19,8.37,7.53,8,7.6,7.74,7.8,8.4
CAPN10,7.04,7.12,6.96,7.07,7.19,7.06,7.39,7.19,6.86,7.34,7.05,6.98,6.93,7.73,7.01,7.41,6.97,6.9,7.11,7.05,7.19,6.99,6.98,7.19,7.39,7.36,7.26,7.18,7.29,6.92,6.73,7.05,6.9,7.33,7.13,7.23,7.18,7.32,7.64,7.3,7.4,7.05,7.36,7.28,6.85,7.06,7.12,6.99,7.33,7.15
CAPN10 /// GPR35,4.78,5.12,4.6,4.53,4.38,4.79,4.81,4.09,4.8,4.83,4.59,4.79,4.69,5.71,4.51,4.59,4.74,4.6,4.54,4.42,4.53,4.84,4.74,4.64,4.88,4.43,4.57,4.54,4.89,4.93,6.84,5.87,4.36,4.63,4.74,4.31,4.77,4.55,4.58,4.58,4.28,5.21,4.51,5.65,4.71,4.34,4.52,4.76,5,5.72
CAPN11,4.55,4.6,4.72,4.49,5.61,4.44,5.16,4.9,4.58,4.56,4.49,4.69,4.44,5.71,4.38,4.85,4.53,4.39,4.52,4.31,4.51,4.74,4.67,4.75,4.5,4.28,4.66,4.74,4.34,5.02,5.14,4.73,4.42,4.34,4.63,4.61,4.66,4.36,4.09,4.43,4.37,4.58,4.44,6.46,4.21,4.49,4.73,4.7,4.52,6.87
CAPN11,4.79,4.69,4.65,4.56,4.48,4.57,4.73,4.46,4.37,4.51,4.39,4.52,4.4,4.59,4.47,4.63,4.62,4.23,4.19,4.56,4.5,4.53,4.55,4.51,4.77,4.42,4.48,4.41,4.41,4.25,5.07,5.35,4.38,4.38,4.46,4.56,4.56,4.72,4.71,4.6,4.28,4.11,4.55,4.59,4.29,4.71,4.49,4.5,4.39,5.03
CAPN12,3.95,3.99,4.21,4.12,4.01,4.32,4.39,3.98,4.04,4.07,4.36,4.14,4,5.54,4.3,4.47,4.3,4.26,4.23,4.3,4.24,4.08,4.19,4.32,4.14,4.31,3.98,4.21,4.27,4.32,5.07,4.91,4.19,4.49,4.24,4.56,4.23,4.35,4.67,4.47,4.28,4.42,4.44,4.66,4.17,4.23,4.37,4.18,4.1,5.06
CAPN13,4.2,4.08,4.3,4.43,4.33,4.44,4.71,4.41,4.19,4.07,4.16,4.1,4.27,4.68,3.94,4.4,4.08,4.42,4.15,4.06,4.35,4.5,3.91,4.34,3.86,4.14,4.08,4.09,4.21,5.68,4.44,3.98,4.35,4.28,4.27,4.25,4.34,3.97,3.99,4.33,4.28,4.59,4.12,4.13,4.37,4.23,4.12,4.07,3.99,4.88
CAPN14,4.77,4.97,4.86,4.5,4.66,4.5,4.46,4.47,4.61,4.79,4.74,5.14,5.05,4.34,4.53,4.39,4.37,4.52,4.56,4.57,4.89,5,4.68,4.57,4.59,4.62,4.63,4.56,4.7,4.54,5.71,5.21,4.92,4.53,4.83,4.41,4.73,4.28,4.17,4.47,5.03,4.73,4.73,6.15,4.29,4.27,4.24,4.38,4.45,4.52
CAPN14,3.55,3.66,3.7,3.74,3.49,3.37,3.72,3.74,4.01,3.78,3.7,3.49,3.56,3.97,3.62,3.84,3.69,3.63,3.47,3.78,3.57,3.54,3.72,3.57,3.97,3.45,4.03,3.63,3.54,3.51,3.98,4.63,3.89,3.67,3.48,3.43,3.53,3.71,3.88,3.69,3.57,3.71,3.73,3.62,3.99,4.31,3.93,3.59,3.87,5.03
CAPN2,5.78,5.56,5.55,5.62,5.06,5.06,5.21,5.61,5.71,5.77,5.14,5.94,5.99,3.54,6.38,5.92,6.29,5.7,5.92,5.99,6.31,6.07,6.03,6.45,6.37,6.53,5.51,5.46,5.14,4.61,3.55,3.27,6.05,6.28,6.07,6.36,6.03,6.61,5.22,5.47,5.24,5.34,4.92,2.79,5.33,5.18,5.35,5.8,5.47,4.05
CAPN2,9.43,9.28,9.19,9.34,8.86,8.68,9.16,9.13,9.35,9.45,9.04,9.7,9.72,7.57,10.09,10,9.94,9.45,9.45,9.57,9.92,10.11,9.8,9.87,10.04,10.06,9.16,9.37,8.88,8.28,6.02,7.3,9.8,9.92,9.74,9.99,9.69,10.05,8.61,9.1,9.09,9.12,8.98,8.4,9.16,8.8,9.09,9.48,9.26,7.96
CAPN2,5.85,6.06,6.02,5.86,6.15,5.96,5.6,5.99,6.05,5.92,6.28,6.15,6.11,6.41,6.74,6.47,6.79,5.84,6.02,6.13,6.46,6.65,6.88,6.82,6.77,6.6,5.78,5.85,6.02,5.91,5.74,7.3,6.15,6.48,6.31,6.81,6.71,6.86,5.96,5.92,5.97,6.27,6.37,6.97,5.81,5.45,5.62,6.04,6.22,6.8
CAPN2,10.79,11.09,10.87,10.86,10.8,10.75,10.79,10.77,10.89,10.91,10.95,11.11,11,9.32,11.53,11.39,11.54,11.04,11.08,11.1,11.44,11.39,11.49,11.55,11.51,11.48,10.86,10.79,10.73,11.09,5.26,8.91,11.35,11.38,11.37,11.52,11.53,11.55,10.52,10.82,10.88,10.85,10.93,8.98,10.73,10.68,10.69,11.01,10.87,8.61
CAPN2,7.09,6.6,6.97,6.98,6.16,6.39,5.77,7.06,7.16,7.2,5.94,7.35,7.29,4.54,7.85,7.71,7.74,7.09,7.22,7.11,7.67,7.73,7.22,7.78,7.6,7.85,6.81,6.99,6.24,6.01,4.71,6.18,7.57,7.82,7.4,7.73,7.49,7.91,7.04,6.79,6.36,6.54,6.67,4.71,6.7,6.22,6.39,7.16,7.02,5.17
CAPN3,6.02,6.07,6.46,6.38,6.49,6.52,6.49,6.38,6.1,6.13,6.53,6.38,6.05,5.48,6.56,6.44,6.57,6.44,6.42,6.77,6.42,6.76,6.94,6.52,7.34,6.41,6.51,6.49,6.16,5.85,5.43,6.41,5.96,5.95,6.07,6.39,6.66,6.73,6.15,6.47,6.54,6.87,6.95,6.09,6.45,7.17,6.73,6.5,6.47,6.19
CAPN3,4.51,4.89,4.54,4.31,4.46,4.55,4.53,4.71,4.65,4.58,4.76,4.6,4.74,5.88,4.33,4.38,3.95,4.61,4.75,4.64,4.66,4.8,4.41,4.24,4.31,4.99,4.51,4.48,4.84,4.24,4.23,5.03,4.43,4.52,4.16,4.29,4.34,4.33,4.8,4.09,4.31,4.52,4.54,4.92,4.86,4.58,4.27,4.72,4.45,5.21
CAPN3,6.51,6.44,6.5,6.76,6.9,6.88,6.37,7.17,6.58,6.27,6.78,6.4,6.55,5.64,6.99,6.45,6.87,6.64,7.15,6.95,6.98,7.05,7.27,7.14,7.41,7.07,7.17,6.71,6.69,6.47,7.74,5.88,5.83,6.04,6.24,6.86,7.09,6.81,7.4,7.13,7.06,7.45,7.03,5.49,7.19,7.37,7.32,7.11,6.93,6.39
CAPN3 /// GANC,4.47,4,4.51,4.38,4.36,4.05,3.93,4.67,4.59,4.22,4.38,4.54,4.16,4.81,4.33,4.04,4.42,4.66,4.46,4.85,4.12,4.7,4.58,4.09,4.68,4.5,4.62,4.63,4.3,4.67,4.53,4.61,4.39,4.19,4.15,4.64,4.09,4.63,4.17,4.51,4.63,3.91,3.91,4.66,4.67,4.76,4.08,4.45,4.23,5.45
CAPN5,5.38,6.15,5.45,5.81,5.23,5.07,5.59,5.31,5.47,5.38,5.81,5.75,5.72,6.95,5.64,5.54,5.94,4.95,5.48,5.44,6.1,5.9,6.12,5.45,5.11,5.39,5.56,5.57,5.86,4.75,5.27,7.78,5.75,5.79,5.65,5.07,5.84,5.46,6.71,6.11,5.84,5.86,5.96,7.27,5.98,5.94,5.75,5.4,5.89,6.33
CAPN5,5.65,5.49,5.59,5.71,5.66,5.5,5.91,5.75,5.53,5.58,5.9,5.77,5.42,6.19,5.88,5.77,5.75,5.67,5.49,5.38,5.87,5.65,6.04,5.73,6.21,6,5.56,5.76,5.78,5.83,4.84,5.95,5.66,5.92,5.76,5.86,5.71,5.82,5.57,6.06,6.22,6.29,6.07,6.1,5.91,4.9,5.29,5.94,5.53,6.81
CAPN6,3.48,3.69,3.56,3.66,3.46,3.77,3.52,3.28,3.54,3.6,3.81,3.76,3.99,4.22,3.61,3.49,3.5,3.37,3.4,3.57,3.43,3.83,3.55,3.51,3.43,3.37,3.46,3.54,3.7,3.63,4.13,4.22,3.41,3.49,3.31,3.49,3.22,3.78,3.64,3.52,3.51,3.32,3.54,4.59,3.43,3.42,3.49,3.59,3.43,5.15
CAPN6,4.35,4.45,4.45,4.58,4.43,4.49,4.35,4.51,4.34,4.13,4.66,4.61,4.18,5.65,4.42,4.58,4.33,4.25,4.35,4.55,4.11,4.61,4.3,4.5,4.43,4.14,4.26,4.43,4.18,4.68,5.93,6.46,4.34,4.29,4.46,4.19,4.46,4.34,4.64,4.6,4.39,4.34,4.19,5.48,4.27,4.63,4.72,4.45,4.18,5.78
CAPN7,6.59,6.3,6.37,6.46,5.23,5.64,5.53,6.19,6.51,6.67,5.7,6.33,6.41,6.39,6.78,6.64,6.7,6.3,6.38,6.66,6.37,6.42,5.92,6.68,6.58,6.94,6.29,6.51,5.5,5.35,6.18,6.12,6.51,6.84,6.75,6.59,5.97,6.67,4.48,6.27,5.87,5.44,5.41,5.33,6.29,5.63,6.48,6.76,6.38,6.47
CAPN7,7.89,7.78,7.72,7.85,7.41,7.06,7.4,7.68,8.07,7.89,7.33,7.92,7.89,6.66,7.94,7.91,7.87,7.42,7.58,7.81,7.72,7.71,7.48,7.83,7.83,7.9,7.5,7.78,6.97,6.76,5.73,5.67,8.13,8.01,8.08,7.74,7.62,7.92,7.21,7.74,7.6,6.9,6.71,5.8,7.6,7.25,7.54,7.78,7.66,6.7
CAPN7,6.26,6.32,5.86,6.31,5.84,5.74,5.88,5.57,6.35,6.2,6.29,6.21,5.95,5.14,6.22,6.18,6.62,6.05,6.2,6.15,6.04,6.06,6.62,6.43,6.16,6.01,5.92,6.1,5.85,5.66,5.69,4.52,6,5.94,5.86,6.31,6.02,6.4,5.91,6.16,6.11,6.02,5.82,5.89,6.05,5.62,6.09,6.23,6.21,5.7
CAPN7,8.9,9.18,8.62,8.97,8.74,8.62,8.12,8.65,9.15,9.07,8.78,9.1,9.16,9.14,9.06,8.99,9.15,8.77,8.92,8.94,8.96,8.82,8.79,8.61,9.01,9.17,8.79,8.8,8.68,6.88,6.28,8.48,9.18,9.31,9.07,8.89,8.88,8.95,8.49,8.87,8.84,8.43,8.51,7.66,8.53,8.17,8.55,8.98,8.96,7.96
CAPN8,3.89,3.83,3.85,3.82,4.14,3.84,4.59,4.23,3.74,3.97,4.11,4.01,3.75,5.25,3.75,3.74,3.87,4.14,3.91,3.87,4.06,3.88,4.01,4.14,4.1,3.86,3.74,3.93,3.98,4.67,5.97,5.55,3.88,3.77,4.04,4.04,4.06,4.26,4.65,4.01,3.96,4.09,4.06,4.79,4.43,3.9,4.36,3.97,3.82,3.97
CAPN9,4.31,3.96,3.87,3.89,3.83,4.4,4.43,4.35,3.97,4.3,3.88,4.09,3.95,5.58,3.96,4.78,3.99,4.25,4.23,4.16,4,4.44,4.08,4.25,4.16,4.03,3.93,4.13,3.78,4.38,4.88,6.02,4.09,4.29,4.22,4.34,4.52,3.66,5.38,4.37,4.21,4.17,4.94,5.04,4.01,4.01,4.12,4.03,4.11,5.34
CAPNS1,11.77,11.56,11.89,11.83,11.84,11.93,11.81,11.94,11.75,11.74,11.52,11.81,11.79,11.02,11.72,11.76,11.84,11.91,11.91,11.91,11.98,11.96,11.9,12.1,12.06,12.01,11.89,11.78,11.68,11.34,10.87,11.18,11.73,11.72,11.75,11.82,11.95,11.99,11.82,11.96,11.87,11.84,11.79,11.14,11.99,12,11.97,11.9,11.85,11.43
CAPNS1,10.88,10.51,10.77,10.77,10.27,10.55,10.75,10.71,10.83,10.69,10.28,10.73,10.93,9.04,10.57,10.57,10.71,10.71,10.72,10.7,11.05,10.78,10.73,10.88,10.88,11.08,10.67,10.64,10.45,10.32,8.59,9.02,10.72,10.64,10.54,10.66,10.56,10.72,10.46,10.65,10.73,10.44,10.56,8.43,10.79,10.69,10.72,10.73,10.72,8.52
CAPNS1,11.36,11.24,11.45,11.42,11.5,11.46,11.42,11.48,11.44,11.42,11.23,11.5,11.55,10.29,11.29,11.37,11.42,11.47,11.49,11.3,11.65,11.63,11.59,11.65,11.65,11.66,11.54,11.41,11.34,11.16,8.44,10.44,11.39,11.3,11.33,11.48,11.59,11.55,11.41,11.53,11.5,11.43,11.39,10.09,11.59,11.6,11.57,11.53,11.49,10.36
CAPNS2,5.49,5.33,5.46,5.37,5.72,5.49,5.49,5.35,5.46,5.58,5.45,5.49,5.59,5.75,5.54,5.38,5.41,5.44,5.47,5.44,5.75,5.73,5.42,5.52,5.75,5.38,5.53,5.47,5.47,5.3,4.7,4.97,5.34,5.27,5.32,5.28,5.43,5.22,5.15,5.54,5.42,5.6,5.5,5.48,5.43,5.67,5.76,5.61,5.65,5.95
CAPRIN1,4.27,4.06,4.37,4.21,4.22,4.08,3.91,4.24,4.5,4.1,4.08,4.17,3.94,4.55,4.23,4.36,3.92,4.22,4.07,4.46,4.33,4.33,3.82,4.4,4.04,4.08,3.81,4.27,4.06,3.24,4.36,4.33,4.23,4.21,3.93,4.05,3.61,4.3,3.8,4.27,4.16,3.75,4.14,4.64,3.94,3.78,4.14,4.24,4.03,4.81
CAPRIN1,6.02,6.24,6,6.01,5.35,5.39,5.26,5.46,6.22,6.04,6.01,6.13,6.2,5.79,5.86,5.8,5.89,5.91,6,6.28,5.55,5.94,5.92,5.9,5.89,5.78,5.65,6.08,5.59,5.63,4.53,6.7,5.76,5.66,5.37,5.78,5.48,5.9,5.36,5.44,5.83,5.45,5.3,5.67,5.23,5.38,5.73,5.9,6.07,5.98
CAPRIN1,7.44,7.75,7.44,7.58,7.4,7.63,6.24,7.31,7.7,7.44,7.68,7.53,7.39,7.82,7.33,7.32,7.18,7.49,7.67,7.57,7.25,7.41,7.57,7.13,7.35,7.31,7.46,7.66,7.7,5.85,6.82,6.8,7.02,7.16,7.11,7.14,7.36,7.5,6.39,7.46,7.35,7.4,7.47,7.32,7.21,7.13,7.25,7.53,7.77,6.82
CAPRIN1,9.52,9.09,9.23,9.33,8.56,8.53,9,9.11,9.5,9.42,8.4,9.48,9.53,7.76,9.23,9.24,9.25,9.43,9.42,9.48,9.24,9.02,8.69,9.15,9.08,9.21,9.24,9.19,8.68,7.61,7.87,7.97,9.53,9.43,9.34,9.11,9.03,9.19,8.81,9.05,8.97,8.62,8.56,7.07,9.13,8.72,9.14,9.26,8.91,8.03
CAPRIN1,6.89,6.97,6.81,7.01,6.89,6.21,6.08,6.93,7,6.95,7.17,6.68,6.64,6.27,6.89,6.51,6.97,6.83,6.8,7.13,6.67,6.87,7,6.98,6.9,6.78,6.85,7.05,6.93,5.76,6.65,5.83,6.74,6.85,6.66,7.16,6.56,6.93,6.95,6.95,6.95,6.59,6.91,7.04,6.88,6.74,7.22,7.09,6.97,6.14
CAPRIN1,6.53,6.15,6.62,6.83,6.28,6.06,4.92,6.84,6.66,6.69,6.04,6.36,6.4,6.23,6.57,6.57,6.52,6.21,6.74,6.66,6.04,6.39,6.42,6.71,6.66,6.48,6.46,6.81,6.29,4.92,6.08,5.62,5.94,6.13,6.22,6.5,6.23,6.56,4.91,6.38,6.55,6.25,6.11,4.61,6.71,6.64,6.82,6.59,6.41,6.81
CAPRIN1,11.52,11.48,11.33,11.42,11.06,11.16,11.17,11.29,11.48,11.55,11.36,11.48,11.54,10.37,11.39,11.44,11.38,11.48,11.46,11.49,11.33,11.43,11.28,11.3,11.28,11.32,11.36,11.5,11.31,10.92,8.44,10.05,11.44,11.48,11.44,11.27,11.11,11.32,10.98,11.22,11.31,11.25,11.2,10.13,11.28,11.19,11.43,11.37,11.39,10.17
CAPRIN1,11.26,11.24,11.21,11.3,11.26,11.26,11,10.98,11.32,11.16,11.39,11.26,11.29,10.15,11.12,11.1,11.18,11.34,11.39,11.44,11,11.18,11.31,10.95,11.07,11.08,11.17,11.24,11.33,11.19,8.74,10.29,11.04,10.99,10.99,11.05,11.1,10.96,10.91,11.2,11.18,11.26,11.14,9.66,11.19,11.29,11.14,11.29,11.28,9.8
CAPRIN1,9.68,9.24,9.29,9.45,8.88,8.83,8.62,9.41,9.57,9.46,8.76,9.6,9.65,7.44,9.36,9.39,9.4,9.48,9.51,9.67,9.3,9.24,8.68,9.28,9.26,9.45,9.39,9.31,8.74,8.35,8.11,8.14,9.52,9.46,9.5,9.21,9.05,9.32,8.61,9.32,9.02,8.63,8.64,7.04,9.19,9.02,9.21,9.34,9.3,7.81
CAPRIN2,6.16,5.69,5.94,5.89,5.39,5.8,6.2,6.49,5.93,6.22,5.66,5.82,5.86,6.78,5.96,5.96,5.69,5.74,5.71,6.06,6.15,6.23,5.6,6.16,5.92,6.14,6.01,5.94,5.95,6.58,6.34,5.25,6.16,6.24,6.29,6.12,5.78,6.26,5.49,6.2,5.82,6.24,6.17,5.09,6.34,5.91,6.3,6.02,5.86,5.95
CAPRIN2,8.6,8.93,8.79,8.71,8.29,8.54,8.95,8.67,8.72,8.92,9.26,9.01,8.82,9.15,8.78,8.81,8.77,8.49,8.69,8.69,8.74,9.03,9.25,8.95,9.03,8.75,8.64,8.78,9.09,8.3,6.98,7.79,8.53,8.84,8.76,8.89,8.71,8.87,8.33,8.92,8.76,9.44,9.2,9.71,8.88,9.01,9.19,8.78,8.98,8.37
CAPRIN2,4.74,4.93,4.82,4.74,3.88,4.24,4.57,4.21,4.62,4.65,4.81,4.69,4.64,4.32,4.43,4.44,4.49,4.65,4.91,4.78,4.63,4.61,4.45,4.49,4.58,4.59,4.43,4.6,4.63,5.02,4.17,4.91,4.56,4.91,4.93,4.3,4.73,4.54,4.87,4.38,4.54,4.81,4.44,4.31,4.69,5.04,4.48,4.37,4.62,4.52
CAPS,4.07,3.84,3.99,3.9,3.82,3.98,3.88,4.19,3.87,4.18,4.1,4.04,3.94,3.95,3.97,3.95,3.87,4.18,3.87,4.09,4,4.02,4.13,3.91,4,4.19,4.09,4.11,4.01,5.11,4.1,5.36,3.61,4.01,4.44,3.94,4.03,3.66,4.26,3.98,4.17,4.66,4.33,5.17,3.97,4.2,3.87,3.87,3.94,4.76
CAPS,4.25,4.25,4.14,4.16,4.63,5.03,4.01,4.55,4.11,4.18,4.67,4.41,4.28,4.72,4.45,4.21,4.47,4.21,4.67,4.03,4.57,4.36,4.53,4.39,4.39,4.45,4.01,4.38,4.06,3.05,4.41,4.44,4.18,4.23,4.12,4.68,4.68,4.26,4.36,4.35,4.16,4.84,5.22,4.3,3.81,4.09,4.21,4.28,4.66,4.16
CAPS2,3.44,3.39,3.61,3.45,3.38,3.57,3.95,3.61,3.6,3.6,3.48,3.58,3.62,3.65,3.45,3.47,3.48,3.48,3.51,3.26,3.67,3.51,3.72,3.55,3.48,3.59,3.38,3.41,3.59,4.17,4.64,4.68,3.27,3.29,3.55,3.58,3.62,3.67,4.09,3.46,3.62,3.49,3.37,4.77,3.51,3.7,3.41,3.41,3.46,4.19
CAPS2,3.55,3.65,3.6,3.64,3.79,3.85,3.88,3.6,3.47,3.47,3.62,3.7,3.53,4,3.69,3.99,3.72,3.52,3.79,3.76,3.72,3.63,3.6,3.42,3.81,3.43,3.56,3.8,3.74,5.42,4.24,4.97,3.66,3.89,3.55,3.61,3.75,3.65,3.6,3.54,3.69,3.74,3.72,3.8,3.72,3.84,3.81,3.71,3.81,4.69
CAPS2,3.74,3.84,3.82,3.51,3.68,3.41,3.78,3.28,3.57,3.71,3.88,3.78,3.89,3.92,3.56,3.84,3.63,3.39,3.63,3.67,3.81,3.86,3.79,3.66,3.84,3.35,3.59,3.63,3.66,4.02,4.21,3.88,3.82,3.57,3.52,3.88,3.58,3.61,4.15,3.55,3.44,3.8,3.95,4.37,3.57,3.78,3.71,3.65,3.82,3.8
CAPS2,3.63,3.63,3.53,3.65,3.53,3.67,4.04,3.34,3.61,3.69,3.83,3.57,3.6,4.19,3.31,3.72,3.58,3.59,3.61,3.88,3.65,3.86,3.69,3.87,3.65,3.44,3.63,3.53,3.59,5.8,5.38,5.08,3.59,3.75,3.46,3.47,4.2,3.43,3.62,3.24,3.39,3.46,3.41,3.9,3.77,3.49,4.01,3.4,3.79,4.41
CAPSL,3.48,3.55,3.74,3.68,3.74,3.65,3.87,3.65,3.68,3.6,3.61,3.59,3.68,3.93,3.59,3.63,3.56,4.02,3.56,3.3,3.99,3.35,3.38,3.87,3.45,3.74,3.76,3.67,3.84,4.05,5.49,4.89,3.72,3.74,3.54,3.61,3.6,3.57,4.48,3.66,3.63,3.59,3.75,5.38,4.1,3.83,3.47,3.64,3.57,4.45
CAPZA1,12.63,12.56,12.61,12.61,12.68,12.67,12.51,12.44,12.73,12.49,12.74,12.58,12.74,13.03,12.49,12.55,12.65,12.59,12.58,12.4,12.73,12.61,12.78,12.44,12.47,12.64,12.59,12.52,12.73,12.74,12.37,12.45,12.56,12.43,12.39,12.48,12.6,12.35,12.49,12.48,12.56,12.54,12.63,12.81,12.69,12.57,12.44,12.6,12.65,12.89
CAPZA1,12.8,12.79,12.79,12.83,12.8,12.83,12.7,12.6,12.82,12.75,12.89,12.78,12.84,13.19,12.77,12.76,12.79,12.84,12.73,12.62,12.84,12.87,12.88,12.72,12.73,12.77,12.82,12.8,12.85,12.84,12.69,12.73,12.74,12.65,12.66,12.7,12.8,12.57,12.74,12.69,12.83,12.74,12.81,13.04,12.84,12.74,12.71,12.78,12.79,13
CAPZA1,9.07,8.29,8.8,8.83,7.81,8.07,7.2,8.23,9.23,8.85,7.27,8.97,8.97,7.26,9,8.73,8.95,9.02,9.03,8.9,8.53,8.68,8.25,8.96,8.87,9.06,8.72,8.78,7.55,4.56,6.68,6.6,8.82,8.57,8.63,8.71,8.17,8.77,7.42,8.56,8.41,7.68,7.4,7.16,8.67,8.04,8.57,8.73,8.45,7.06
CAPZA1,10.64,10.01,10.35,10.42,9.49,9.42,9.59,9.91,10.69,10.41,9.19,10.51,10.38,8.69,10.62,10.25,10.48,10.56,10.56,10.62,10.46,10.31,9.84,10.58,10.51,10.55,10.2,10.45,9.18,6.43,8.11,6.06,10.44,10.16,10.32,10.47,9.84,10.33,9.1,10.22,9.95,9.25,9.25,7.57,10.24,9.5,10.08,10.35,9.92,9.72
CAPZA2,10.33,10.4,10.29,10.3,10.26,10.22,10,10.09,10.33,10.34,10.36,10.39,10.3,9.89,10.21,10,10.23,10.44,10.47,10.46,10.21,10.26,10.45,10.26,10.24,10.19,10.29,10.29,10.44,10.14,8.64,9.81,9.95,9.97,9.98,10.11,9.94,10.2,10.06,10.49,10.27,10.19,10.1,9.72,10.38,10.11,10.41,10.33,10.39,9.83
CAPZA2,10.62,10.54,10.33,10.37,9.7,9.7,10,10.13,10.65,10.59,9.85,10.61,10.79,9.09,10.25,10.22,10.37,10.38,10.57,10.53,10.56,10.48,10.1,10.21,10.23,10.39,10.33,10.44,9.93,9.79,8.1,8.11,10.07,10.04,9.94,10.04,9.8,10.23,9.73,10.21,10.14,9.97,9.83,7.73,10.35,10.01,10.33,10.44,10.41,7.59
CAPZA2,8.83,8.89,8.7,8.76,8.5,8.38,8.09,8.77,8.97,9.18,8.83,9.02,9.71,8.94,8.74,8.72,8.82,8.81,8.74,8.9,9.02,8.94,8.91,8.68,8.76,8.79,8.81,8.98,8.75,7.92,8.09,8.1,8.46,8.51,8.34,8.71,8.27,8.6,8.44,8.65,8.73,8.64,8.41,8.32,8.77,8.57,8.97,8.85,8.85,8.02
CAPZA2,10.29,10.22,10.13,10.16,9.99,9.91,9.78,10.1,10.33,10.2,10.21,10.37,10.34,10.43,10.11,10.13,10.07,10.24,10.22,10.25,10.27,10.36,10.22,10.12,10.3,10.17,10.17,10.34,10.12,9.72,9.54,9.85,9.89,9.97,9.97,10.01,9.9,10.02,9.89,10.04,10.06,10,9.94,10.14,10.25,10.06,10.35,10.26,10.28,9.97
CAPZA2,9.94,10.01,9.61,9.81,9.37,9.31,9.2,9.53,10.05,9.99,9.73,10.02,10.08,9.17,9.71,9.61,9.68,9.81,9.92,9.99,9.85,9.91,9.71,9.69,9.82,9.82,9.77,9.97,9.58,9.04,8.14,8.71,9.47,9.46,9.33,9.64,9.48,9.63,9.2,9.8,9.67,9.54,9.08,8.18,9.87,9.55,9.95,9.87,9.84,8.81
CAPZA3,3.73,3.57,3.6,3.64,4.1,3.87,3.93,3.72,3.76,3.73,3.58,3.6,3.59,3.89,3.51,3.84,3.72,3.59,3.79,3.52,3.72,3.66,3.55,3.83,3.51,3.61,3.52,3.67,3.42,3.88,4.23,5.22,3.55,3.48,3.82,3.67,3.75,3.51,4.67,3.62,3.58,3.46,4.36,4.4,3.69,3.99,3.52,3.68,3.55,4.92
CAPZB,10.5,10.26,10.54,10.56,10.13,10.28,10.42,10.49,10.49,10.61,9.86,10.52,10.54,8.5,10.25,10.33,10.29,10.65,10.68,10.75,10.57,10.4,10.03,10.42,10.37,10.55,10.62,10.46,10.12,10.04,6.78,9.34,10.35,10.33,10.25,10.24,10.37,10.4,10.08,10.44,10.38,10.38,10.34,8.67,10.64,10.59,10.58,10.44,10.31,8.34
CARD10,3.77,3.71,3.74,4.11,3.87,4.02,4.53,3.95,3.98,3.8,4.13,3.97,3.89,4.69,4.01,4.17,3.9,4.01,3.98,4.23,4.1,3.95,4.14,4.27,4.42,3.9,4.01,3.86,4.11,4.17,4.54,3.96,3.72,3.75,4.01,3.98,4.09,3.86,4.69,3.97,4.06,3.77,4.16,4.25,4.85,3.98,4.26,4.04,3.75,5.48
CARD10,4.42,3.84,4.16,4.19,3.93,4.47,4.52,4.48,4.15,3.9,4.14,4.11,4.04,4.78,4.07,4.27,3.98,4.06,4.24,3.82,3.69,4.04,4.06,4.16,4.02,3.92,4.2,4.02,3.96,4.74,5.04,4.5,4.42,3.95,4.4,4.19,3.92,4.13,4.42,4.41,4.58,4.16,4.01,3.86,4.21,4.13,4.42,4.48,3.95,4.06
CARD10,4.58,4.49,4.22,4.41,4.96,4.58,4.31,4.84,4.17,4.32,4.59,4.63,4.58,5.14,4.45,4.63,4.42,4.83,4.16,4.33,4.71,4.74,4.66,4.68,4.64,4.48,4.72,4.73,4.64,5.46,4.66,5.14,4.77,4.84,4.62,4.41,4.27,4.59,4.2,4.64,4.59,4.72,4.45,5.14,4.53,4.65,4.96,4.49,4.6,6.23
CARD11,5.39,5.47,5.57,5.6,5.62,5.59,5.67,5.77,5.57,5.48,5.39,5.41,5.73,5.57,5.69,5.7,5.5,5.94,5.49,5.81,5.71,5.56,5.62,5.69,5.53,5.57,5.52,5.47,6.03,5.29,6.78,5.49,5.46,5.36,5.6,5.35,5.66,5.68,6.47,5.68,5.37,5.99,5.79,5.7,5.67,5.78,5.74,5.51,5.97,5.91
CARD14,4.47,4.69,4.36,4.32,4.44,4.55,5.82,4.4,4.62,4.84,4.86,4.64,4.56,5.08,4.27,4.18,4.56,4.39,4.56,4.77,4.44,4.59,4.12,4.67,4.34,4.48,4.55,4.43,4.71,5.39,5.54,5.33,4.67,4.35,4.81,4.53,4.46,4.5,4.35,4.83,4.46,4.92,4.79,5.18,4.52,4.66,4.5,4.51,4.82,5.44
CARD14,3.94,3.31,3.31,3.65,3.51,3.37,3.58,3.39,3.49,3.54,3.17,3.6,3.52,3.3,3.46,3.57,3.35,3.48,3.66,3.46,3.42,3.45,3.69,3.15,3.52,3.52,3.55,3.44,3.24,3.17,4.72,3.71,3.49,3.19,3.45,3.29,3.36,3.69,3.77,3.57,3.37,3.87,3.82,3.89,3.21,3.24,3.56,3.39,3.51,4
CARD14,3.89,3.84,3.87,3.95,4.18,4.2,4.5,3.79,4.03,3.78,3.92,3.88,4.1,4.18,3.66,3.87,3.54,3.99,3.78,3.71,3.71,3.95,4.01,3.93,3.9,3.64,4.07,3.92,4.17,4.41,4.5,3.99,3.98,3.94,3.95,3.66,3.79,3.65,3.94,3.82,3.96,3.83,3.66,4.47,3.74,4.54,4.13,4.08,4,4.51
CARD16,3.69,3.84,4.21,4.05,3.75,3.9,4.36,3.55,4.04,3.9,3.86,3.85,3.76,4.89,3.91,4.04,4.36,4.26,4.62,4.19,3.69,3.75,3.73,4.24,4.05,3.81,4.11,4.04,3.72,4.29,4.2,3.99,3.99,3.94,3.73,4.35,4.34,4.65,3.8,4.18,3.94,4.09,4.04,3.85,5.32,4.84,5.05,4.37,4.19,4.32
CARD16,3.74,3.67,3.22,3.58,3.32,3.14,3.4,3.23,3.4,3.46,3.49,3.58,3.89,3.49,3.55,3.38,3.21,3.52,3.46,3.23,3.47,3.54,3.6,3.38,3.18,3.3,3.56,3.39,3.61,3.26,3.68,3.41,3.25,3.44,3.29,3.21,3.2,3.46,3.62,3.27,3.32,3.39,3.29,3.45,3.44,3.55,3.35,3.57,3.53,3.67
CARD16 /// CASP1,6.09,5.78,6.14,6.17,5.91,6.53,6.94,6.37,6.27,6.47,6.53,6.43,6.32,6.65,6.93,7.16,6.92,6.82,7.05,7.17,6.3,6.35,5.84,6.67,7.05,6.6,6,6.21,6.12,5.76,5.58,6.52,6.29,6.74,6.62,7.24,6.89,7.36,6.6,6.98,6.57,6.62,6.9,7.3,8.05,7.65,8.18,6.81,6.21,6.65
CARD17,4.57,4.91,4.99,4.29,4.92,4.95,4.36,4.54,4.39,4.7,4.56,4.68,4.4,5.11,4.75,4.57,4.96,4.33,4.38,4.59,4.96,4.64,4.6,4.47,4.57,4.87,4.64,4.53,4.59,4.36,4.43,5.2,4.66,4.81,4.48,4.79,4.55,4.45,4.91,5,4.66,4.44,4.29,4.6,4.73,4.92,4.65,4.29,4.41,5.45
CARD17,3.91,3.68,3.59,3.63,4,3.87,4.11,3.62,3.59,3.67,3.56,3.6,3.62,3.79,3.48,3.59,3.55,3.65,3.43,3.63,3.84,3.75,3.6,3.46,3.54,3.59,3.59,3.62,3.63,4.12,5.9,4.11,3.79,3.6,3.62,3.59,3.56,3.54,4.33,3.66,3.61,3.79,3.64,4.39,3.67,3.8,3.46,3.75,3.54,4.17
CARD17,4.87,4.69,5.07,5.1,4.88,5.1,5.46,4.98,4.97,4.94,5.22,5.11,5.06,5.93,5.06,5.33,4.98,5.12,5.17,5.06,5.09,5.24,5.11,5.17,5.14,5.07,5.08,5.1,5.28,5.76,6.04,5.27,5.02,4.81,4.91,4.92,4.91,4.74,5.82,5.22,4.89,4.91,5.16,7.26,5.48,5.33,4.78,4.85,4.93,5.51
CARD17,3.86,4.3,3.8,4.08,4.63,3.83,4.59,4.41,3.88,3.85,4.11,4.01,3.95,4.82,3.93,4.14,4.13,4,4.12,3.79,4.17,4.12,4.02,4.08,4.2,3.88,3.73,4.06,4.15,4.29,5.13,5.8,4.42,4.14,4.13,4.05,4.51,3.86,4.19,4,4.04,4.2,4.32,3.85,4.15,4.15,4.16,4.21,3.97,4.41
CARD18,5.49,5.68,5.49,5.54,5.78,5.27,6.46,5.16,5.42,5.58,5.75,5.29,5.47,5.45,5.16,5.69,5.88,5.31,5.22,5.33,5.56,5.43,5.61,5.11,5.54,5.47,5.1,5.29,5.38,5.59,5.95,5.13,4.88,5.14,5.57,5.17,5.7,5.27,5.54,5.33,5.31,5.17,5.5,6.68,5.28,5.06,5.14,5.36,5.33,5.77
CARD6,4.05,4.05,4.17,4.15,4.13,3.93,4.51,4.23,3.81,3.89,3.98,4.04,4.09,6.29,4.33,3.95,4.04,4.15,4.14,4.05,4.17,4.17,4.42,4.06,4.15,3.91,4.14,3.94,4.34,4.5,5.83,4.45,4.09,4.12,4.11,4.41,4.23,4.08,4.9,4.17,4.31,4.03,4.4,7.1,4.19,4.73,4.19,3.85,3.92,4.65
CARD6,3.86,3.97,4.12,4.14,3.95,4.17,4.38,3.87,3.98,3.97,3.94,4.03,4.06,7.47,3.82,4.05,3.97,3.88,4.26,3.94,3.72,4.17,4.02,3.95,4.2,3.97,4.01,4.02,3.94,4.65,6.76,4.53,3.92,4.1,3.98,4.04,4.24,4.02,6.12,3.81,4.19,4.38,4.12,4.96,4.04,4.55,4.3,3.91,3.77,6.38
CARD6,3.32,3.59,3.89,3.46,3.57,3.68,3.7,3.51,3.43,3.45,3.51,3.37,3.42,3.92,3.49,3.36,3.47,3.53,3.54,3.48,3.45,3.46,3.73,3.47,3.41,3.55,3.33,3.44,3.45,4.56,4.34,4.39,3.52,3.56,3.52,3.56,3.72,3.72,3.62,3.56,3.5,3.52,3.46,3.6,3.57,3.64,3.47,3.42,3.42,3.86
CARD8,9.89,10.08,9.74,9.91,9.67,9.61,9.12,9.96,10.01,9.96,10.09,10.01,9.91,10.11,10.02,9.9,10.02,9.85,9.89,10.12,9.87,9.98,10.04,9.8,9.97,9.72,9.61,10.03,9.82,9.2,8.53,9.09,9.44,9.72,9.56,9.95,9.75,9.93,9.25,9.74,9.72,10.04,9.76,10.34,9.65,9.68,9.93,9.96,10.1,9.63
CARD8,8.92,9.02,8.97,9.07,9.13,8.97,8.24,8.91,9.01,9.11,9.3,8.92,8.93,9.57,9.15,8.99,9.26,9.23,9.19,9.41,9.04,9.06,9.03,9.05,9.04,8.95,9.23,9.17,9.07,8.11,8.29,9.59,8.66,8.75,8.85,9.17,9.02,9.15,8.52,9.18,9.05,9.07,9.25,9.78,9.13,8.97,9.09,9.06,8.97,10.06
CARD8,8.91,8.82,8.59,8.75,8.35,8.07,8.12,8.61,8.8,8.96,8.51,8.82,8.97,8.37,8.78,8.63,8.86,8.64,8.67,8.88,8.6,8.75,8.6,8.68,8.68,8.65,8.46,8.86,8.6,7.67,6.63,6.75,8.32,8.45,8.52,8.74,8.6,8.83,8.06,8.36,8.46,8.54,8.49,7.79,8.63,8.67,8.83,8.64,8.67,8.72
CARD8,8.23,8.27,8.19,8.19,7.78,8.03,7.41,8.22,8.29,8.28,8.28,8.22,8.27,8.04,8.16,7.93,8.31,8.21,8.34,8.45,8.27,8.17,8.19,7.95,7.96,8.07,8.12,8.25,8.39,6.61,7.18,6.28,7.83,7.83,7.64,8.03,8.05,8.23,7.51,8.02,8.15,7.77,7.74,7.43,8.06,7.76,8.33,8.22,8.42,6.94
CARD8,7.61,7.33,7.1,7.42,6.44,6.79,5.57,7.13,7.35,7.49,7.11,7.44,7.22,5.12,7.37,7.09,7.41,7.37,7.27,7.52,7.46,7.27,6.96,7.15,7.1,7.27,7.08,7.3,6.98,4.23,4.08,4.7,6.88,7.11,6.94,7.2,6.74,7.28,6.12,7.25,7.22,6.74,6.51,5.92,7,6.63,7.1,7.3,7.36,5.28
CARD8,6.58,6.03,6.27,6.22,5.75,6.06,6.74,6.55,6.2,6.5,6.13,6.3,5.95,5.81,6.45,6.43,6.35,6.8,6.44,6.83,6.44,6.02,6.06,6.51,6.45,6.3,6.26,6.5,6.14,5.15,6.51,6.94,6.32,6.18,6.31,6.26,6.18,6.69,4.92,6.67,6.4,6.05,5.52,5.95,6.3,6.89,6.32,6.22,6.39,5.9
CARD8,6.22,5.96,5.97,6.24,5.52,5.9,6.06,5.93,6.41,6.16,6,6.05,6.4,4.74,6.26,6.28,6.28,5.95,6.42,6.23,6.44,6.02,6.31,5.43,5.94,6.32,6.14,5.96,6.3,5.7,6.95,5.74,5.63,5.55,5.65,5.92,6.02,6.1,4.93,6.06,6.19,5.83,6.04,4.33,5.98,5.84,6.11,6.41,6.42,4.9
CARD8,6.77,6.76,6.63,6.17,6.37,6.44,4.56,5.94,6.74,6.31,6.46,6.24,6.47,6.37,6.18,6.11,6.79,6.9,6.7,6.74,6.56,6.22,6.57,6.45,6.08,6.38,6.78,6.32,6.66,6.2,5.09,6.47,6.47,6.66,6.57,6.68,6.9,6.64,4.28,6.3,6.86,6.09,6.41,5.35,6.89,6.58,6.6,6.5,6.73,4.43
CARD8,4.3,4.31,4.39,4.16,4.15,4.04,4.31,4.01,4.48,4.55,4.32,4.31,4.44,4.53,3.95,4.37,4.42,4.53,4.37,4.34,4.83,4.52,4.29,4.16,4.39,4.12,4.27,4.42,4.37,3.95,5.14,5.98,4.82,4.36,4.22,4.26,4.47,4.4,4.82,4.63,4.74,4.37,4.39,4.36,4.18,4.07,4.37,4.41,4.21,5.91
CARD8,7.09,6.61,6.87,6.82,7.44,6.12,7.06,6.38,7.01,6.87,7.08,6.66,6.88,4.64,6.71,6.7,7.04,7.27,7.29,7.42,6.98,6.65,6.81,6.66,6.48,6.62,6.78,6.9,7.08,6.53,5.49,4.3,6.9,6.84,6.55,6.93,6.69,6.96,5.58,7.21,7.27,6.41,6.78,4.82,6.89,6.78,6.83,6.77,7.13,4.81
CARD9,6.16,6.15,6.1,6.26,6.64,6.28,6.14,6.13,6.2,6.5,6.37,5.96,5.88,6.8,5.88,5.65,5.88,5.96,6.48,6.31,6.29,5.96,6.75,6.62,6.04,6.09,6.17,6.05,6.29,5.88,7.73,7.06,5.72,5.73,6.15,6.16,6.01,6.1,5.97,6.28,6.56,7,6.74,7.24,6.39,6.43,6.37,6.12,6.5,6.92
CARD9,4.11,4.03,3.78,3.98,3.8,3.82,4.22,4,3.95,4.12,3.95,4.06,4.02,4.6,4.24,4.45,4.42,4.15,4.2,4.22,4.24,4.06,4.09,4.27,3.8,3.96,4.28,3.95,4.08,5.1,4.06,3.91,4.3,4.05,4.22,4.08,4.02,4.31,4.12,3.84,4.03,4.39,4.04,4.39,3.48,4.36,4.02,3.86,4.01,5.07
CARD9,4.38,4.46,4.69,4.25,4.23,4.66,4.98,4.73,4.27,4.45,4.5,4.43,4.38,4.92,4.37,4.63,4.26,4.51,4.18,4.67,4.65,4.7,4.24,4.19,4.32,4.19,4.79,4.33,4.36,4.02,5.39,4.92,4.42,4.66,4.04,4.53,5.21,4.52,4.32,4.78,4.56,4.92,4.4,5.42,4.35,4.11,4.57,4.5,4.54,4.74
CARHSP1,10.47,10.38,10.5,10.5,10.56,10.55,10.55,10.58,10.42,10.35,10.31,10.23,10.23,9.11,10.12,10.15,10.16,10.82,10.79,10.77,9.91,9.73,9.72,9.87,9.87,9.96,10.56,10.36,10.46,10.43,7.92,9.51,10.47,10.45,10.55,10.35,10.44,10.4,10.43,10.42,10.27,10.29,10.34,9.52,10.3,10.24,10.07,10.21,10.02,8.28
CARHSP1,7.79,7.44,7.88,7.89,8.06,7.94,7.93,8,7.74,7.71,7.76,7.62,7.45,7.03,7.62,7.67,7.64,8.27,8.27,8.14,7.38,7.29,6.91,7.57,7.62,7.39,8.08,7.85,7.78,8.23,5.87,7.29,7.54,7.59,7.62,7.88,7.75,7.87,6.83,7.66,7.66,7.85,7.82,7.41,7.65,7.64,7.79,7.59,7.57,7.79
CARKD,11.11,11.14,11.1,11.14,11.17,11.16,10.85,10.94,11.25,11.1,11.31,11.14,11.29,10.81,11.19,11.16,11.11,11.03,11.08,11.05,11.27,11.22,11.57,11.2,11.19,11.15,11.05,11.05,11.3,11.45,9.83,10.66,11.15,11.12,11.17,11.22,11.15,11.21,11.17,11.02,11.16,11.41,11.37,10.58,11.29,11.26,11.27,11.14,11.26,9.29
CARKD,8.82,8.38,8.68,8.74,8.13,8.31,7.86,8.65,8.75,8.73,8,8.85,8.83,7.18,8.77,8.79,8.72,8.82,8.76,8.8,8.53,8.78,8.53,8.87,8.97,8.95,8.61,8.88,8.32,6.16,4.38,6.33,8.89,8.8,8.82,8.95,8.47,8.85,7.71,8.51,8.47,8.82,8.51,6.27,8.75,8.92,8.74,8.78,8.51,7.19
CARKD,5.98,4.94,5.45,5.41,4.7,4.83,5.23,5.25,5.44,5.62,5.14,5.42,5.58,5.58,5.48,5.41,5.48,5.83,5.45,5.85,5.42,5.63,5.49,5.82,5.66,5.28,5.15,5.69,5.03,4.83,5.25,5.22,5.4,5.43,5.32,5.34,5.57,5.55,3.69,5.3,5.26,5.17,5.32,5.9,5.46,6.16,5.37,5.64,5.25,5.76
CARM1,11.96,11.95,12.03,11.92,11.99,12.05,12.24,12.26,11.84,12.06,12.12,12.02,11.95,12.32,11.85,11.86,11.72,11.71,11.8,11.67,11.94,11.97,11.96,11.93,11.89,11.86,12.02,11.92,12.21,12.4,12.53,12.51,11.71,11.86,11.8,11.79,11.83,11.82,11.84,12.04,12.01,12.47,12.36,12.18,11.94,12.14,12.17,11.95,12.24,12.22
CARS,9.27,9.28,9.35,9.33,9.56,9.65,9.33,9.45,9.21,9.28,9.17,9.21,9.35,8.2,9.46,9.52,9.54,9.35,9.41,9.29,9.58,9.47,9.59,9.56,9.35,9.63,9.4,9.23,9.42,9.72,6.26,5.68,9.54,9.46,9.32,9.56,9.74,9.55,9.25,9.34,9.39,9.29,9.5,6.16,9.17,9.22,9.17,9.38,9.54,7.99
CARS,8.59,8.63,8.77,8.72,8.94,8.94,8.88,8.76,8.66,8.53,8.56,8.56,8.86,5.3,8.69,8.79,8.8,8.72,8.67,8.58,9.05,8.68,8.98,8.84,8.73,8.85,8.76,8.38,8.86,9.19,7.14,7.33,8.76,8.75,8.65,8.9,9.29,8.9,8.39,8.7,8.72,8.79,8.94,5.94,8.58,8.75,8.31,8.7,9.11,6.63
CARS,8.84,8.92,9.08,8.88,9.09,9.21,9.23,9.02,8.82,8.89,8.91,8.81,9.05,7.67,9.16,9.14,9.24,9.04,9.15,9.05,9.48,9.06,9.17,9.17,9.13,9.25,9.09,8.85,9.12,8.88,4.02,6.74,9.19,9.02,8.99,9.18,9.42,9.17,8.56,9,8.97,9.03,9.12,7.36,8.99,8.91,8.93,8.81,9.32,5.89
CARS2,9.3,9.39,9.37,9.44,9.25,9.7,9.43,9.24,9.29,9.39,9.26,9.22,9.34,8.07,9.05,9.16,9.38,9.55,9.58,9.44,9.2,8.93,9.33,9.29,9.14,9.27,9.47,9.13,9.4,9.18,8.1,9,9.21,9.08,9.09,9.08,9.24,9.36,9.45,9.36,9.41,9.41,9.51,7.97,9.23,9.38,9.22,9.28,9.42,8.39
CARS2,6.06,5.96,6.32,6.03,5.79,6.42,5.98,6.53,6.43,6.45,6.32,6.16,6.32,4.53,6.44,6.14,6.46,5.97,5.99,6.21,6,5.96,6.36,6.69,6.8,6.75,6.41,5.84,6.39,5.9,5.95,5.88,6.44,6.48,6.54,6.64,6.3,6.66,6.39,6.38,6.46,6.01,5.81,6.57,5.9,5.8,5.88,6.71,6.61,4.09
CARS2,7.6,7.41,7.49,7.59,7.14,7.27,6.66,7.65,7.47,7.62,7.67,7.42,7.28,5.87,7.47,7.34,7.59,7.43,7.51,7.8,7.36,7.21,7.26,7.54,7.5,7.5,7.47,7.49,7.24,6.8,6.63,7.38,7.47,7.44,7.53,7.43,7.37,7.57,6.84,7.55,7.47,7.51,7.13,7.76,7.45,6.94,7.36,7.49,7.55,7.45
CARTPT,3.73,3.89,3.73,3.79,4.35,4.15,4.78,3.84,3.85,3.94,4.29,3.78,4.03,4.29,3.82,3.73,3.79,3.96,3.92,3.64,4.27,4.18,3.87,3.78,4.17,3.96,3.93,3.87,4.13,5.43,3.81,4.56,3.9,3.57,3.64,3.8,4.14,3.73,5.16,3.77,3.81,3.82,3.78,4.24,4.15,3.8,3.61,4.17,3.7,4.49
CASC1,3.83,3.7,3.76,4.02,4.42,3.99,3.97,3.75,4.23,3.97,4.04,3.92,3.89,5.77,4.01,3.93,4.02,4.08,3.9,4.1,3.89,3.94,3.85,4.07,4.1,3.98,4.1,3.81,3.94,4.59,6.16,4.71,3.59,3.6,4,4.02,4.54,3.93,4.87,4.14,3.86,4.12,4,4.74,4.3,3.84,3.96,3.98,4.01,5.83
CASC1,3.54,3.6,3.58,3.56,3.88,3.94,4.28,3.88,3.63,3.62,3.67,3.7,3.49,3.94,3.79,3.66,3.77,3.62,3.79,3.5,3.56,3.68,3.7,3.51,3.74,4.09,3.56,3.75,3.86,4.68,4.05,6.23,3.63,3.53,3.79,3.61,4.09,3.42,4.27,3.81,3.85,3.81,3.85,4.43,3.85,3.97,4.28,3.47,3.87,4.12
CASC1,3.98,4.03,4.07,4.25,3.78,4.27,3.85,3.74,4.07,3.9,4.19,3.97,3.99,4.97,4.26,3.97,4.01,4.03,4.07,4.19,4.02,4.12,4.17,4.08,4.19,4.06,4.32,3.91,4.05,5.06,4.86,4.95,4.04,4.28,4.2,3.97,4.15,3.93,4.19,3.92,4.13,4.35,4.16,5.33,3.91,4.12,4.09,3.99,4.04,5.25
CASC1,3.88,4,3.88,3.69,3.82,4.2,3.66,3.61,3.83,3.81,3.71,3.83,3.82,4.87,3.98,3.81,3.81,3.59,3.78,3.6,3.7,3.69,3.7,3.61,3.93,3.76,3.65,3.71,4.4,3.82,4.46,3.98,3.6,3.65,3.79,3.54,3.89,3.71,4.03,3.85,3.77,3.95,3.88,4.79,3.54,3.74,3.61,3.76,3.79,4.2
CASC1,4.26,4.42,4.12,4.32,5.24,4.47,5.78,4.34,4.21,4.43,4.34,4.3,4.19,4.7,4.45,4.58,4.36,4.24,4.35,4.3,4.07,4.44,4.56,4.54,4.42,4.35,4.4,4.23,4.22,4.94,5.79,4.64,4.13,4.46,4.32,4.18,4.67,4.22,4.61,4.22,4.57,4.37,4.32,6.76,4.03,4.79,4.23,4.29,4.17,5.85
CASC1,3.96,3.94,3.89,3.92,3.99,4.36,4.55,3.91,3.85,3.95,4.06,3.9,3.9,4.39,3.98,4.01,4.05,3.8,4.07,3.81,3.9,3.76,4.01,3.83,4.08,3.98,3.9,3.92,4,4.75,6.77,4.52,3.77,3.94,3.89,4.05,4.92,4.09,4.36,3.98,4.19,4.03,4.28,6.13,4.05,3.98,3.93,4.03,3.95,5
CASC2,4.57,4.47,4.56,4.54,4.46,4.39,5.02,4.59,4.43,4.58,4.53,4.36,4.42,5.25,4.27,4.32,4.42,4.73,4.6,4.59,4.43,4.33,4.38,4.45,4.3,4.79,4.57,4.64,4.49,5.76,4.67,5.33,4.39,4.54,4.59,4.6,4.52,4.5,4.91,4.6,4.44,4.39,5.2,6.51,4.57,4.66,4.39,4.76,4.64,4.98
CASC3,9.38,9.39,9.48,9.45,9.66,9.55,9.73,9.62,9.35,9.35,9.55,9.25,9.4,8.19,9.67,9.63,9.63,9.66,9.5,9.49,9.62,9.63,9.56,9.58,9.6,9.69,9.49,9.34,9.59,9.15,6.81,7.43,9.24,9.33,9.45,9.61,9.68,9.57,9.9,9.61,9.62,9.81,9.85,7.92,9.5,9.62,9.45,9.51,9.65,8
CASC3,7.97,7.33,7.79,7.53,7.41,7.42,6.7,7.91,7.79,7.99,7.43,7.77,7.6,6.04,8.18,8.29,8.21,8.1,8.05,8.08,7.77,8.12,7.29,8.13,8.13,8.29,7.53,8.23,7.51,5.66,4.98,6.29,7.96,8.11,7.82,8.12,7.6,7.99,6.8,7.65,7.61,7.99,7.67,5.46,7.62,7.43,7.85,8.06,7.52,6
CASC3,6.1,4.87,6.05,5.4,5.56,5.66,5.54,5.59,5.74,5.95,5.31,5.73,5.33,5.12,6.19,6.06,6.18,6.11,6.34,6.24,5.6,5.65,5.22,6.36,6.14,6.15,5.85,6.08,5.25,4.87,5.76,5.52,5.97,5.78,5.92,5.89,5.85,6.12,4.6,6.08,5.63,5.41,5.77,4.76,5.68,5.82,5.58,6.09,5.61,5.43
CASC4,8.29,8.45,8.36,8.28,7.71,7.8,7.62,7.91,8.34,8.3,7.69,8.34,8.56,7.82,7.92,7.59,8.02,8.14,8.2,8.22,8.15,7.9,8.19,8.04,7.81,8.24,8.13,8.15,8.07,7.99,7.45,7.16,7.61,7.89,7.77,7.95,7.62,7.94,7.77,8.04,8.11,8.19,8.42,7.92,7.81,7.68,7.94,8.23,8.33,7
CASC4,7.5,7.71,7.59,7.52,7.43,7.28,6.55,7.3,7.84,7.63,7.25,7.35,7.85,7.37,7.23,7.34,7.36,7.32,7.54,7.51,7.45,7.42,7.51,7.13,7.32,7.45,7.46,7.46,7.36,6.69,5.3,6.81,6.95,6.96,6.94,7.21,7.2,7.21,6.77,7.49,7.38,7.52,7.63,7.06,7.07,6.81,6.92,7.51,7.57,6.02
CASC4,5.24,4.58,4.94,5.01,4.94,4.62,4.34,4.37,4.95,5,4.55,4.78,4.92,4.42,5.03,5.05,4.9,5,5.13,5.22,4.66,4.5,4.41,4.92,4.8,4.82,4.76,4.94,4.32,4.51,6.99,5.04,5.01,4.71,4.88,4.77,4.47,5.01,4.85,4.79,4.54,4.61,4.86,4.39,4.82,4.32,4.5,5.16,4.38,5.01
CASC4,5.18,4.75,5.02,5.14,4.57,4.75,4.78,4.88,5.07,5.22,4.63,4.9,4.93,4.34,5.13,4.87,4.82,4.87,5.1,5.43,5.06,4.75,4.56,5.12,4.96,5.14,4.74,4.9,4.2,4.76,5.94,5.99,4.69,4.83,4.76,4.69,4.51,5.35,4.73,5.45,4.66,4.88,4.68,4.44,5.12,4.89,4.55,5.18,5.13,6.08
CASC4,5.61,5.32,5.38,5.64,4.85,4.74,5.13,5.25,5.34,5.26,5.08,5.53,5.26,4.88,5.46,4.96,5.35,5.58,5.32,5.66,5.46,5.14,4.92,5.15,5.51,5.21,5.12,5.49,5.09,4.84,6.37,5.41,5.54,5.1,4.99,5.3,4.97,5.53,5.38,5.18,4.71,4.78,5.45,4.99,4.92,4.84,5.1,5.32,5.17,5.75
CASC4,6.23,5.74,6.18,5.88,6.77,6.5,6.59,6.44,6.3,6.24,6.72,5.86,5.73,5.65,6.09,6.6,6.19,6.02,6.18,6.05,6.46,6.62,6.6,6.16,6.16,5.78,6.6,5.98,6.63,5.79,5.09,6.54,5.74,6.15,5.85,6.62,6.83,6.04,7.82,6.45,6.44,7.17,6.96,4.73,6.35,6.73,6.57,6.21,6.41,5.19
CASC5,7.79,7.59,7.84,7.8,7.94,7.5,7.71,7.62,7.63,7.73,7.73,7.65,7.44,7.92,7.63,7.79,7.75,7.46,7.45,7.45,6.65,6.5,6.67,7.14,7.1,6.91,7.56,7.73,7.54,6.94,6.5,7,9.12,9.19,9.25,7.69,7.55,7.8,7.63,7.79,7.98,6.99,6.94,6.36,6.94,6.81,7.02,7.73,7.51,6.74
CASC5,6.77,6.45,6.31,6,6.54,5.85,6.44,5.99,6.3,6.04,6.23,5.78,5.63,5.67,6.85,6.44,6.5,6.5,6.47,6.95,5.55,5.52,5.89,6.05,5.81,5.86,6.36,6.08,6.22,5.26,5.7,5.53,7.11,6.59,7.02,6.73,6.46,5.86,6.41,6.19,6.29,5.74,5.31,5.03,5.55,5.29,5.58,6.05,5.43,6.45
CASC5,10.34,10.58,10.27,10.37,10.24,10.27,10.33,10.53,10.2,10.42,10.76,10.37,10.28,10.12,10.28,10.41,10.24,10.11,10.18,10.28,9.1,9.38,9.47,9.69,9.86,9.57,10.34,10.28,10.4,9.78,9.44,10.22,10.51,10.7,10.66,10.4,10.12,10.32,10,10.52,10.38,10.05,9.93,10.17,9.34,9.29,9.51,10.39,10.4,10.49
CASC5,4.39,4.46,3.88,4.06,3.87,4.06,3.86,4.45,4.3,4.18,4.25,4.2,4.28,5.3,4.22,4.32,3.91,3.97,3.89,4.61,4.44,4.12,4.08,4.05,3.79,3.99,3.9,4.33,3.75,4.19,3.85,4,4.38,4.02,4.82,4.01,4.09,4.01,3.69,4.11,3.83,4.04,3.66,4.15,4.2,3.55,3.67,4.07,4.27,4.21
CASD1,7.26,7.14,7.22,7.44,6.64,6.92,6.34,7.39,7.1,7.43,6.89,7.4,7.27,5.68,7.28,7.37,7.14,7.39,6.98,7.23,7.51,7.67,7.38,7.44,7.47,7.31,6.95,7.15,6.58,4.54,5.95,6.85,7.33,7.19,7.11,7.27,6.41,7.12,4.8,7.18,6.97,6.01,6.09,5.69,7.11,5.9,7.29,7.17,6.95,6.32
CASD1,7.84,8.4,7.9,8.03,7.34,7.71,6.61,7.63,7.95,7.99,8.31,8.18,7.87,7.22,8.02,7.75,7.76,7.5,7.75,7.66,8.18,8.49,8.71,7.71,7.96,7.77,7.56,7.99,8.08,7.32,7.49,7.87,7.83,7.89,7.75,7.94,7.6,7.77,6.54,7.45,7.67,7.96,7.84,7.24,7.84,7.84,7.69,7.63,7.83,5.79
CASK,7.1,7.33,7.11,7.47,7.25,7.33,6.31,7.04,7.39,7.22,7.82,7.42,7.59,6.04,7.06,6.57,7.17,7.28,7.35,7.23,6.76,7.23,7.62,7.22,7.07,7.08,7.2,7.13,7.43,6.55,6.9,5.84,6.93,6.83,6.76,7.25,7.45,7.11,5.88,7.36,7.19,7.19,7.19,5.01,7.22,7.02,7.07,7.36,7.16,5.62
CASK,9.38,9.39,9.29,9.28,9.23,9.36,8.8,9.18,9.36,9.37,9.64,9.51,9.43,9.2,9.24,9.19,9.09,9.19,9.2,9.2,9.36,9.48,9.62,9.48,9.52,9.46,9.26,9.25,9.39,9.27,7.63,9.6,9.12,9.19,9.2,9.42,9.24,9.37,9.18,9.37,9.57,9.33,9.34,8.88,9.49,9.53,9.66,9.49,9.4,8.52
CASK,7.91,7.56,7.69,7.7,7.39,7.28,7.95,7.73,7.68,7.81,7.41,7.93,7.75,6.84,7.65,7.48,7.49,7.71,7.68,7.87,7.96,7.77,7.27,7.85,7.9,7.86,7.72,7.73,7.01,7.14,5.05,7.49,7.93,7.84,7.41,7.88,7.72,7.77,7.46,7.61,7.65,7.17,7.43,6.28,7.89,7.73,7.82,7.7,7.65,6.47
CASK,8.23,8.17,8.14,8.05,7.89,7.78,7.73,8.15,8.09,8.23,7.94,8.23,8.58,6.69,7.92,7.9,7.96,8.22,8.06,8.31,8.16,8.06,8.03,8.21,8.16,8.41,8.17,8.02,7.86,7.54,6.28,6.88,8.11,8.11,8.02,8.47,8.23,8.2,8.5,8.28,7.91,7.88,7.97,7.17,8.29,8.26,8.17,8.27,8.3,6.65
CASKIN1,5.57,5.52,5.72,5.68,6.25,5.76,5.1,6.43,5.33,5.6,6.18,5.45,5.33,8.22,5.9,5.73,5.98,6.08,5.82,5.9,5.34,5.63,5.45,6.1,5.24,5.62,6.05,6.03,5.93,4.22,8.27,9.02,5.18,5.45,5.47,5.59,5.79,5.73,5.03,5.96,5.94,5.8,6.24,9.08,5.75,5.7,5.18,6.03,5.69,9.02
CASKIN2,6.39,6.66,6.67,6.57,6.92,7.24,6.88,6.76,6.51,6.59,7.38,6.69,6.31,7.65,6.59,6.42,6.71,6.87,6.83,6.55,6.78,6.74,7.02,6.84,6.67,6.52,6.72,6.72,7.37,7.03,6.69,7.23,6.53,6.37,6.47,6.68,6.77,6.49,6.85,6.75,6.75,6.9,6.99,6.07,6.43,6.76,6.46,6.94,6.72,7.69
CASKIN2,4.36,4.42,4.34,4.54,4.64,4.94,5.19,4.41,4.45,4.3,4.42,4.53,4.6,4.86,4.27,4.33,4.32,4.56,4.25,4.33,4.47,4.57,4.41,4.58,4.28,4.36,4.91,4.29,4.56,4.76,6.2,5.47,4.49,4.36,4.29,4.11,4.53,4.3,4.91,4.28,4.43,4.5,4.64,4.88,4.75,4.85,4.39,4.41,4.82,5.32
CASKIN2,4.85,5.24,5.14,4.75,4.82,4.61,4.76,4.88,5.04,4.77,4.92,4.92,5.24,4.78,4.68,4.86,4.66,5.17,4.95,4.85,4.98,4.82,5.27,4.62,4.68,4.73,4.89,5.04,5.04,5.14,4.61,6.05,4.8,4.93,4.69,4.65,4.63,4.37,4.5,5.23,5.35,5.18,5.01,6.52,4.32,5.03,4.96,4.79,4.75,4.97
CASP1,4.9,4.82,4.2,4.29,4.11,4.11,4.61,4.07,4.16,4.84,4.85,4.69,4.69,5.38,4.9,4.8,5.04,4.71,4.6,4.3,4.74,4.76,5.09,4.74,4.37,4.5,4.17,4.72,4.7,4.99,5.54,4.31,4.76,4.96,5.03,4.86,4.52,4.99,5.91,4.76,4.04,4.54,4.61,4.62,4.52,5.14,5,4.38,4.67,4.61
CASP1,4.26,4.39,4.35,4.58,4.86,4.61,4.59,3.95,4.3,4.6,4.74,4.61,4.52,4.75,4.48,4.54,4.63,4.57,4.48,4.38,4.26,4.48,4.56,4.5,4.47,4.47,4.43,4.51,4.36,5.98,5.53,5.1,4.58,4.56,4.95,4.55,4.7,4.65,4.18,4.36,4.6,4.62,4.36,5.97,4.33,4.67,4.47,4.63,4.66,4.82
CASP1,3.47,3.51,3.38,3.84,3.64,3.31,4.51,3.57,3.61,3.65,3.77,3.53,3.56,4.06,3.37,3.51,3.57,3.56,3.68,3.59,3.45,3.49,3.56,3.56,3.46,3.46,3.6,3.67,3.82,4.15,4.23,4.76,3.72,3.7,3.57,3.51,3.47,3.58,3.74,3.39,3.47,3.49,3.5,4.89,3.75,3.63,3.37,3.49,3.57,3.72
CASP1,4.5,4.18,4.19,4.36,4.72,4.32,4.65,4.14,4.24,4.39,4.53,4.46,4.33,4.71,4.76,4.48,4.63,4.46,4.48,4.34,4.28,4.7,4.47,4.75,4.7,4.67,4.68,4.11,4.49,6.14,6.19,6.01,4.58,4.83,4.66,4.83,4.51,4.58,4.7,4.2,4.37,4.28,4.34,4.51,4.47,4.66,4.87,4.64,4.2,4.65
CASP1,3.33,3.49,3.16,3.48,3.36,3.48,3.44,3.52,3.4,3.3,3.42,3.59,3.6,3.84,3.53,3.22,3.6,3.6,3.18,3.26,3.44,3.56,3.32,3.27,3.22,3.17,3.52,3.57,3.62,3.56,3.53,3.65,3.84,3.38,3.41,3.27,3.52,3.46,3.59,3.36,3.42,3.3,3.38,4.17,3.64,3.54,3.22,3.51,3.36,3.42
CASP1,4.81,4.45,4.62,4.41,4.64,4.45,4.62,4.48,4.49,4.3,4.38,4.64,4.56,5.29,5.13,4.88,5,4.67,4.72,4.84,4.77,4.77,4.24,4.94,4.77,4.52,4.38,4.54,4.21,4.24,5.03,5.72,5.05,4.9,4.95,4.96,4.61,5.01,5.19,4.61,4.48,4.43,4.82,5.24,5.25,5.29,4.88,4.49,4.58,5.21
CASP1,3.87,3.78,3.85,3.77,4.08,4.08,3.58,3.59,3.69,3.38,4.25,3.81,3.77,4.26,4.21,4.11,3.96,3.57,3.94,3.88,3.87,3.71,3.84,4.12,4,3.51,4.07,3.7,3.56,3.67,5.23,5.86,3.69,3.83,3.59,4.09,4.3,3.81,3.6,4.16,3.55,4.23,3.79,4.2,3.47,3.45,4,3.7,3.69,5.92
CASP1,3.42,3.62,3.56,3.67,3.51,3.43,3.6,3.38,3.45,3.55,3.47,3.42,3.56,4,3.61,4.04,3.48,3.4,3.44,3.48,3.43,3.56,3.38,3.32,3.41,3.62,3.48,3.37,3.73,3.95,4.45,4.27,3.36,3.51,3.4,3.44,3.88,3.46,4.68,3.45,3.49,3.5,3.83,4.13,3.64,4.14,3.23,3.27,3.53,3.59
CASP1,3.27,3.39,3.28,3.49,3.47,3.53,3.37,3.29,3.34,3.34,3.26,3.35,3.44,3.51,3.41,3.3,3.22,3.29,3.15,3.4,3.51,3.52,3.48,3.25,3.34,3.84,3.15,3.4,3.27,4.3,4.44,4.12,3.42,3.31,3.26,3.35,3.4,3.48,4.29,3.32,3.22,3.2,2.94,3.67,3.56,4.16,3.5,3.46,3.28,3.19
CASP10,4.21,4.02,4.08,4.29,4.91,4.42,4.15,4.19,3.87,3.95,4.18,4.37,3.99,5.06,4.61,4.45,4.21,4.04,4.07,4.24,4.06,4.43,4.28,4.91,4.36,4.27,4.18,4.13,4.21,4.93,4.57,5.25,4.05,4.52,4.55,4.34,3.97,4.42,5.15,4.22,3.84,4.16,4.18,5.46,4.96,4.49,4.25,3.96,4.04,6.04
CASP10,3.57,3.45,3.9,3.77,3.64,3.48,4.47,3.75,3.85,3.45,3.67,3.7,3.82,4.76,3.91,3.8,3.83,4.07,3.52,3.7,3.7,3.74,3.73,3.97,3.72,3.91,3.7,3.94,3.72,3.98,4.34,4.24,3.74,3.72,3.88,4.09,3.76,3.64,3.61,3.54,3.63,3.94,3.99,5.03,4.05,3.77,4.04,3.85,3.58,4.78
CASP10,3.97,4.09,3.8,3.95,4.47,3.93,4.51,3.96,3.92,3.85,3.81,3.99,4.01,4.24,4.12,3.96,4.25,3.8,4.03,3.84,4.33,4.26,4.07,4.2,3.99,4,4.01,3.93,3.93,4.42,6.1,4.46,3.85,4.17,3.98,4.13,3.79,4.33,4.06,4.43,4.51,4.15,3.82,4.07,4.46,4.5,4.13,3.85,3.82,4.96
CASP10,4.17,4.41,4.31,4.31,4.04,4.27,3.65,3.97,4.32,4.42,4.42,4.24,4.27,5.55,4.45,4.32,4.34,4.34,4.39,4.26,4.22,4.41,4.23,4.51,4.47,3.96,4.6,4.24,4.25,4.56,4.88,4.85,4.34,4.36,4.62,4.28,4.41,4.16,4.22,4.23,4.39,4.37,4.63,4.55,4.3,4.83,3.99,4.39,4.15,5
CASP10,3.95,3.99,4.05,3.76,3.68,3.74,3.72,3.57,3.88,3.79,3.85,4.07,3.89,4.61,4.33,4.33,3.89,3.84,3.73,3.95,4.02,3.9,4.26,3.86,3.84,4.15,4.18,4.07,4.17,4.23,4.08,4.02,4.19,4.06,4.13,4.11,3.96,3.96,4.31,3.92,3.88,3.95,4.07,5.2,3.62,4.37,3.93,4.21,3.82,5.1
CASP12,3.66,3.82,3.66,3.7,3.78,4.14,3.83,3.9,3.5,3.46,4.07,3.69,3.93,3.67,3.6,3.7,3.58,3.85,3.58,3.79,3.76,3.8,3.71,3.49,3.72,3.57,3.57,3.8,3.93,4.15,3.64,3.87,3.67,3.62,3.49,3.71,3.52,3.55,3.52,3.9,3.62,3.58,3.74,4.84,3.94,3.85,3.69,3.72,3.87,4.74
CASP14,3.61,3.61,3.52,3.58,3.57,3.93,3.69,3.49,3.31,3.6,3.42,3.66,3.59,3.78,3.56,3.81,3.54,3.73,3.8,3.61,3.5,3.66,3.53,3.88,3.62,3.74,3.75,3.65,3.75,3.56,4.8,3.75,3.55,3.78,3.66,3.57,3.48,3.64,4.27,3.94,3.51,3.6,3.82,3.82,3.41,3.75,3.88,3.59,3.49,4.2
CASP14,4.88,4.96,4.7,4.88,4.29,5.11,4.27,4.69,4.74,4.57,4.88,4.81,4.81,5.8,4.35,4.47,4.73,4.42,4.69,4.54,5.2,4.72,4.55,4.32,4.53,4.32,4.56,4.67,5.09,4.72,6.51,5.22,4.72,4.59,4.76,4.46,4.37,4.42,5.21,4.42,4.45,4.96,5.22,6.91,4.43,4.47,4.44,4.68,4.52,5.96
CASP2,6.96,6.98,7.24,7.23,7.5,7.63,5.44,7.03,7.93,7.26,6.87,6.69,6.53,6.24,7.08,6.38,7.01,7.47,7.62,7.54,6.52,6.44,6.65,6.64,6.82,6.86,7.33,7.46,6.63,5.95,5.01,5.49,6.89,6.86,7.21,7.07,7.05,6.45,5.44,7.11,7.19,6.62,6.88,6.52,7.26,7.11,6.82,6.85,6.39,6.12
CASP2,11.69,11.62,11.72,11.75,11.85,11.8,11.39,11.72,11.71,11.72,11.68,11.66,11.45,11.02,11.43,11.4,11.49,11.8,11.88,11.88,11.07,11.14,11.22,11.4,11.23,11.21,11.7,11.77,11.61,11.72,11.23,11.21,11.43,11.52,11.63,11.56,11.5,11.53,11.4,11.48,11.4,11.54,11.67,11.46,11.6,11.62,11.55,11.36,11.43,11.07
CASP2,6.29,5.45,6.2,6.23,5.99,5.91,5.32,6.28,6.6,6.28,5.03,5.67,5.27,3.61,6.36,5.94,6.15,6.66,6.56,6.94,5.74,5.15,4.95,6,5.69,6.44,6.59,6.46,4.71,5.98,4.45,4.77,6.42,6.13,6.24,5.96,5.63,5.71,5.19,5.94,6.42,4.86,5.15,4.87,6.29,5.56,6.25,5.79,4.94,4.02
CASP3,9.45,9.02,9.15,9.12,8.06,8.35,8.58,9.37,9.26,9.35,8.62,9.42,9.36,7.4,9.48,9.51,9.4,9.42,9.31,9.57,9.33,9.13,8.8,9.39,9.23,9.38,8.94,9.18,8.63,6.8,7.98,6.91,9.76,9.67,9.57,9.3,9.19,9.45,8.94,9.04,8.87,8.42,8.14,8.03,8.95,8.41,8.94,9.09,9.06,8.22
CASP3,9.4,9.84,9.46,9.55,9.46,9.54,8.87,9.32,9.6,9.45,9.62,9.55,9.74,8.66,9.59,9.46,9.71,9.65,9.61,9.84,9.52,9.52,9.82,9.45,9.42,9.61,9.52,9.47,9.68,8.91,4.38,8.02,9.74,9.81,9.71,9.63,9.59,9.64,9.39,9.44,9.46,9.18,9.33,8.79,9.27,9.14,9.3,9.41,9.49,7.91
CASP3,8.31,7.92,7.98,7.98,6.91,7.01,7.28,7.95,8.13,8.15,7.25,8.29,8.05,5.69,8.62,8.36,8.38,8.29,8.24,8.51,8.17,7.93,7.32,8.22,8.31,8.19,7.83,7.9,7.15,6.16,4.25,6.19,8.44,8.66,8.67,8.3,7.58,8.35,7.3,7.63,7.58,7.12,7.13,6.82,7.46,6.88,7.46,7.84,7.71,6.95
CASP4,4.79,3.9,4.81,4.36,4.6,4.6,5.32,4.33,4.4,4.11,4.33,4.16,4.82,4.79,4.31,3.93,4.96,4.79,4.58,4.42,4.49,4.28,4.25,4.54,4.53,4.52,4.07,4.28,4.2,5.66,4.86,4.84,4.72,4.2,4.22,4.52,5.17,4.55,4.39,4.55,4.79,4.9,5.78,4.66,5.27,5.6,4.8,4.79,5.1,4.09
CASP4,5.26,4.81,5.5,5.17,5.49,5.36,5.08,4.88,5.32,5.28,5.32,5.08,4.94,4.61,5.63,5.5,5.66,5.3,5.56,4.84,5.3,4.89,5,5.37,5.37,5.41,5.43,5.11,5.01,4.66,5.55,4.42,5.04,5.21,5.21,5.78,5.49,5.66,5.03,5.64,5.69,6,5.93,5.07,6.53,6.32,6.15,5.38,5.45,4.65
CASP4,5.69,6.11,5.75,5.67,6.09,5.88,4.69,5.96,6.13,5.73,6.05,5.76,5.96,5.36,6.17,6.02,6.29,6.05,6.22,6.03,6.11,5.58,5.97,5.91,6.08,5.95,6.01,6.03,5.76,5.39,5,5.94,5.55,5.97,5.81,6.38,5.91,6.47,4.82,6.29,6.15,6.42,6.58,5.31,6.64,6.67,6.76,6.22,6.46,4.91
CASP4,4.77,4.75,5.47,5.2,4.99,5.4,4.98,5.15,5.18,5.11,4.61,5.14,5.27,4.79,5.56,5.4,5.96,5.51,5.52,5.14,5.06,5.07,5.05,5.17,5.41,5.59,5.35,5.07,5.33,5.06,4.76,6.31,5.19,5.03,5.44,5.66,5.8,5.69,4.94,5.25,5.41,5.79,5.35,6.04,6.59,6,5.91,5.44,5.26,4.3
CASP4,3.63,3.92,3.88,3.89,4.16,3.87,3.97,3.91,3.77,3.63,3.99,3.96,3.67,3.76,3.8,3.86,3.73,3.74,3.81,3.97,3.65,3.77,3.96,3.85,4.14,3.92,3.73,3.82,4.07,5.13,5.68,3.81,4.01,4.02,3.91,4.12,4.09,3.78,4.12,3.9,3.92,4,3.91,4.01,3.93,4.44,4.5,3.76,3.92,3.93
CASP4,5.67,5.14,5.77,5.9,5.21,5.72,6.35,5.7,5.26,6.18,5.69,5.08,5.25,6,5.48,5.88,5.82,5.52,5.86,5.68,5.63,5.93,5.37,5.73,5.89,5.45,5.46,5.82,5.83,4.87,7.61,5.92,5.51,5.12,5.84,5.7,5.96,6.19,5.19,5.32,5.31,6.11,6.09,5.66,5.88,6.46,5.67,5.4,5.78,5.78
CASP4,3.82,3.72,3.59,3.58,3.25,3.34,3.59,3.6,3.73,3.74,3.82,3.82,3.69,6.72,3.8,4.3,3.83,4.04,3.69,3.76,3.91,3.61,3.83,3.62,3.71,3.68,3.6,3.95,3.61,3.5,4.36,4.35,3.61,3.76,3.67,3.59,3.37,3.73,3.68,3.45,3.66,3.62,3.55,3.88,3.41,3.09,3.49,3.69,3.63,5.5
CASP5,3.59,3.59,3.29,3.57,3.5,3.82,3.89,3.69,3.52,3.54,3.78,3.31,3.6,4.52,3.7,4,3.71,3.66,3.84,3.53,3.76,3.57,3.44,3.93,3.33,3.59,3.62,3.39,3.47,3.73,5.02,4.83,3.4,3.59,3.68,3.42,3.68,3.89,4.2,3.44,3.73,3.95,3.53,5.53,3.66,3.67,3.49,3.89,3.77,5.64
CASP5,3.62,3.43,3.64,3.26,3.37,3.35,3.47,3.37,3.5,3.41,3.44,3.99,3.69,4.24,3.41,3.32,3.46,3.58,3.56,3.29,3.65,3.49,3.81,3.5,3.47,3.41,3.75,3.61,3.62,4.31,5.22,3.73,3.78,3.43,3.35,3.34,3.69,3.6,4.42,3.38,3.39,3.41,3.75,3.49,3.38,3.33,3.26,3.5,3.41,3.87
CASP5,3.48,3.42,3.57,3.52,3.53,3.73,4.45,3.44,3.53,3.53,3.62,3.44,3.45,4.31,3.59,3.64,3.48,3.64,3.55,3.54,3.56,3.47,3.38,3.72,3.43,3.5,3.54,3.48,3.45,3.92,4.57,4.61,3.5,3.58,3.55,3.68,3.77,3.66,3.7,3.63,3.34,4.05,4.14,5.23,3.76,3.81,3.49,3.63,3.63,4.99
CASP6,7.17,7.3,6.95,7.11,6.89,6.95,7.04,7.23,7.36,7.18,7.34,7.33,7.08,6.65,7.33,7.22,7.1,7.31,7.21,7.34,6.79,7.14,7.18,7.49,7.22,7.26,6.97,7.24,7.03,5.58,6.83,6.09,6.75,6.67,6.82,7.33,7.2,7.42,6.82,7.3,7.04,6.92,6.8,6.77,6.94,6.75,6.52,7.19,6.97,6.43
CASP7,5.36,4.89,5.03,4.99,4.54,4.53,4.05,5.04,5.06,5.35,4.9,5.26,4.98,5.68,5.38,5.07,4.74,5.11,5.33,5.24,4.75,4.85,4.34,4.91,5.04,4.84,5.12,5.11,4.73,4.53,4.74,6.43,5.31,5.78,5.67,5.3,4.75,5.2,4.59,4.44,5.09,4.56,4.53,4.9,4.61,4.84,5.05,4.8,5.2,4.8
CASP7,6.25,6.43,6.29,6.13,6.35,6.22,7.1,6.86,6.18,6.38,6.52,6.29,6.31,6.41,6.22,5.98,6.13,6.52,6.59,6.49,6.05,6,6.1,6.34,6.13,5.91,6.2,6.25,6.48,6.88,6.34,6.34,6.66,6.75,6.73,6.4,6.21,6.37,6.5,6.24,6.25,6.13,6.18,6.17,6.38,6.68,6.41,6.45,6.67,6.99
CASP7,5.53,5.8,5.39,5.55,4.98,5.24,5.71,5.28,5.32,5.81,5.15,5.47,5.73,6.23,5.63,5.43,5.45,5.32,5.43,5.55,5.11,5.39,4.97,5.16,5.2,5.01,5.63,5.34,4.97,5.66,5.28,5.54,5.56,5.5,5.86,5.47,5.44,5.89,4.99,5.38,5.3,5.23,4.89,5.35,5.15,5.39,5.39,5.7,5.36,7.44
CASP7,5.41,5.41,5.94,5.65,5.67,5.55,4.91,5.04,5.67,6.04,5.92,5.64,5.4,5.82,5.53,5.34,5.44,6.15,5.84,5.8,5.48,5.61,5.08,5.77,5.51,5.59,5.46,5.75,5.38,6.3,5.83,6.46,5.14,5.83,5.89,5.87,5.55,5.96,6.13,5.94,6.01,5.52,5.66,5.75,5.94,5.59,5.51,5.75,6.12,7.33
CASP8,8.6,8.84,8.74,8.93,8.63,8.48,8.31,8.52,8.87,8.82,8.68,8.9,9.08,8.32,9.24,9.16,9.33,8.52,8.67,8.64,9.15,9.1,9.07,8.99,9.09,9.3,8.7,8.82,8.93,8.93,7.93,8.04,8.89,8.99,9.06,9.09,9.08,8.96,7.93,8.88,8.89,8.85,8.83,8.9,8.91,8.94,9.02,9,9.11,7.35
CASP8,6.56,5.94,6.68,6.75,6.13,6.18,6.61,6.22,6.76,6.72,6.11,6.59,6.58,6.13,7.29,7.18,7.08,6.61,6.72,6.74,6.87,6.95,6.44,7.1,7.22,7.1,6.48,7.01,5.98,5.65,6.49,4.64,7.05,6.99,7.27,7.08,6.83,7.15,5.87,6.74,6.36,5.94,6.09,5.88,6.45,6.3,6.89,6.7,6.44,6.59
CASP8,5.25,5.27,5.3,5.21,5.51,5.17,6.27,5,5.51,5.41,5.24,5.46,5.39,6.09,5.26,5.45,5.76,5.36,5.4,5.42,5.35,5.12,5.15,5.27,5.53,5.41,5.49,5.2,4.96,5.47,7.61,5.32,5.7,5.58,5.53,5.26,5.39,5.71,5.44,5.25,5.25,4.6,5.01,5.44,5.29,5.37,5.82,5.36,5.34,5.54
CASP8,6.8,6.08,6.76,6.84,5.85,6.67,5.33,6.94,6.78,6.84,6.13,6.75,6.59,6.47,7.24,6.93,7.02,6.75,6.99,6.71,6.76,6.85,6.34,7.2,7.24,7.33,6.65,6.88,6.2,6.25,6.18,6.53,7.08,6.89,6.94,7.22,7.06,7.04,7.21,6.73,6.45,6.28,6.64,5.24,6.75,6.76,7.04,6.88,6.3,5.5
CASP8,7.88,7.57,8.13,8.17,7.79,7.4,7.11,8.13,8.1,8.09,7.63,7.84,8.01,6.87,8.38,8.53,8.48,8.11,8.05,8.32,8.18,8.31,7.85,8.34,8.56,8.41,8.05,8.34,7.48,5.62,5.55,6.31,8.4,8.29,8.47,8.39,7.98,8.62,7.86,8.08,8.18,7.79,7.66,6.82,8.1,7.76,8.33,8.16,7.86,7.87
CASP8,4.9,4.42,4.8,5.04,4.2,4.6,5.07,4.17,5.02,5.07,3.76,4.89,4.85,4.83,5.12,4.77,5.53,5.05,4.76,5.07,4.97,4.55,4.21,5.17,5.1,5.5,4.75,4.9,4.38,4.54,6.24,4.43,5.1,5.12,5.31,4.84,4.89,5.4,5.12,4.85,5.16,4.21,4.32,5.38,4.5,4.68,4.95,5.24,4.59,4.99
CASP8,4.84,5.24,5.04,4.97,4.66,4.68,3.97,4.86,5.23,5.38,5.19,5.14,5.16,7.14,5.42,5.17,5.26,5.12,5.17,4.95,5.41,5.09,5.09,5.66,5.56,5.3,4.95,5.05,5.04,4.68,5.06,4.58,5.22,5.12,5.3,5.43,5.11,5.25,5.06,5.15,5.31,5.23,4.84,6.27,5.14,4.8,5.16,5.21,4.84,6.93
CASP8,6.03,6.06,6.19,6.24,5.88,5.6,5.58,6.27,6.09,6.15,6.1,6.21,5.95,8.07,6.53,6.29,6.35,5.96,6.38,6.46,6.01,6.1,6.02,6.65,6.35,6.29,5.69,6.61,6.07,5.82,6.25,6.07,6.18,6.42,6.25,6.32,6.15,6.28,5.44,6.21,5.96,6.37,5.56,6.44,6.1,6.08,6.21,6.45,5.9,8.42
CASP8AP2,9.88,10.17,9.83,9.88,9.56,9.44,9.52,9.94,9.95,9.88,10,9.71,9.48,9.15,9.8,9.68,9.72,9.75,9.79,10.01,9.28,9.43,9.59,9.55,9.6,9.38,9.77,9.94,9.71,8.32,8.18,9.49,9.92,9.87,9.86,9.84,9.52,9.6,9.11,9.64,9.59,9.74,9.74,9.16,9.79,9.62,9.9,9.61,9.48,8.27
CASP9,7.55,7.38,7.6,7.53,7.39,7.31,7.43,7.55,7.4,7.52,7.13,7.65,7.35,6.72,7.65,7.63,7.46,7.59,7.4,7.7,7.78,7.68,7.4,7.81,7.72,7.71,7.6,7.53,7.5,6,6.86,5.52,7.59,7.78,7.85,7.62,7.3,7.5,7.02,7.55,7.48,7.58,7.61,7.58,7.64,7.53,7.56,7.78,7.33,7.28
CASP9,8.68,8.62,8.8,8.77,8.96,8.92,8.45,9.04,8.68,8.85,8.78,8.79,8.54,7.69,8.88,8.92,8.95,8.87,8.8,8.65,9.15,9.12,9.16,9.12,9.14,9.13,8.89,8.85,8.77,7.41,5.86,6.7,9.13,9.14,9.13,8.9,8.84,8.96,8.35,9.14,9.01,9,8.97,7.47,8.98,9.1,9.05,9.06,8.93,8.27
CASQ1,5.36,5.46,5.4,5.3,4.83,5.46,4.95,5.32,5.19,5.36,5.35,5.46,5.51,5.67,5.42,5.95,5.78,5.3,5.34,5.33,5.54,5.52,5.62,5.51,5.32,5.82,5.48,5.54,5.41,5.78,4.94,5.03,5.6,5.78,5.85,5.93,5.66,5.77,5.76,5.66,5.57,5.63,5.47,5.82,5.02,4.88,5.28,5.27,5.45,5.01
CASQ1,6.79,6.66,6.88,6.88,6.85,6.81,6.29,6.87,6.58,6.78,7.07,6.93,6.9,7.09,7.36,7.45,7.45,6.71,6.65,6.8,7.37,7.49,7.74,7.34,7.46,7.2,6.57,6.81,6.81,5.26,6.74,6.84,7.22,7.38,7.46,7.56,7.18,7.45,6.57,7.05,7.12,7.04,7.37,7.38,6.15,6.33,6.36,7.04,7.14,6.14
CASQ1,5.4,5.54,5.44,5.59,5.47,5.39,5.28,5.22,5.37,5.74,5.5,5.57,5.53,5.08,5.82,6.02,5.85,5.3,5.84,5.64,5.66,6.1,6.06,6.14,6.19,5.91,5.52,5.53,5.48,5.03,6.26,6.27,6.4,6.13,6.16,5.66,6.14,6.47,5.39,5.25,5.15,5.59,5.23,4.96,5.17,5.26,4.77,5.43,5.74,5.37
CASQ2,3.82,3.89,3.52,3.56,3.64,3.3,3.44,3.75,3.65,3.5,4.22,3.82,3.77,4.05,3.62,3.56,3.47,3.64,3.51,3.74,3.62,3.77,4,3.64,3.65,3.54,3.83,3.92,3.67,3.89,4.91,4.03,3.92,3.52,3.66,3.76,3.88,3.38,3.96,3.59,3.46,3.95,3.7,3.92,3.66,3.8,3.48,3.84,3.8,4.43
CASQ2,3.74,3.7,4.02,3.56,3.72,3.69,5.11,3.69,3.56,3.56,3.6,3.75,3.65,4.2,3.47,3.84,3.6,3.48,3.6,3.56,3.67,3.64,3.6,3.72,3.86,3.82,3.83,3.46,3.62,4.68,6.41,5.65,3.48,3.65,3.63,3.67,4.11,3.51,4.53,3.56,3.6,3.83,3.66,4.45,3.66,3.86,3.79,3.51,3.87,3.73
CASR,4.22,4.17,4.04,4.26,4.08,4.02,4.11,4.04,4.24,4.15,3.95,4.37,4.38,5.14,4.22,4.21,3.93,4.06,4.13,4.05,4.22,4.19,4.05,4.16,4.2,4.22,4.19,4.17,4.42,5.22,4.75,4.92,4.13,4.2,4.14,4.3,4.52,4.23,4.99,4.2,3.98,4.5,4.08,4.34,4.08,4.2,4.26,4.12,4.22,4.86
CASR,3.54,3.46,3.5,3.41,3.5,3.85,4.01,3.34,3.6,3.39,3.51,3.47,3.47,4.07,3.39,3.29,3.73,3.51,3.34,3.66,3.67,3.64,3.55,3.67,3.58,3.4,3.47,3.46,3.59,3.9,4.79,3.9,3.36,3.33,3.52,3.34,3.83,3.52,4.23,3.74,3.8,3.4,3.57,4.22,3.56,3.78,3.56,3.64,3.48,3.77
CASS4,3.56,3.48,3.35,3.32,3.38,3.62,3.83,3.4,3.46,3.53,3.4,3.72,3.58,3.72,3.46,3.52,3.64,3.54,3.48,3.38,3.49,3.56,3.38,3.61,3.57,3.47,3.81,3.39,3.38,4.31,5.32,5.39,3.65,3.38,3.68,3.46,4.05,3.48,3.79,3.35,3.54,3.42,3.65,4.41,3.76,3.6,3.6,3.48,3.35,3.68
CASS4,3.95,4.01,3.94,4.03,4.23,3.68,4,3.86,3.75,3.77,3.92,4.16,3.82,4.3,3.79,4.01,3.8,3.9,4.07,4.06,4.31,4,4.02,3.86,4.04,3.75,3.85,3.94,4.15,4.73,4.42,4.8,4.18,4.19,4.14,3.68,4.17,3.89,4.23,4.02,3.88,4,4.22,4.37,3.97,4.83,4.17,3.76,3.88,4.32
CASS4,4.26,4.68,3.71,4.23,4.07,3.84,3.74,3.89,4.48,4.23,4.27,4.11,4.5,5.14,3.91,4.16,3.98,3.98,3.88,3.96,4.45,4.29,4.54,3.94,3.89,3.73,4.26,4.04,4.05,4.21,4.87,3.96,4.2,4.02,4,3.67,3.72,4.12,4.22,3.95,4.21,3.79,4.12,4.4,3.72,4.18,4.11,4.41,4.01,4.43
CAST,9.72,9.52,9.71,9.67,9.58,9.66,10.1,9.88,9.45,9.55,9.28,9.67,9.78,7.28,9.49,9.64,9.44,9.81,9.71,9.69,9.82,9.57,9.4,9.55,9.5,9.68,9.59,9.39,9.67,10.24,7.25,7.62,9.99,9.76,9.72,9.54,9.89,9.7,10.15,9.66,9.79,9.71,10,7.92,9.56,9.59,9.52,9.69,9.63,6.82
CAST,7.69,7.64,7.82,7.93,7.3,7.26,5.76,7.58,8.18,7.95,7.95,8.05,8.12,5.81,7.98,7.5,7.85,8.32,8.35,8.41,7.4,7.71,7.75,7.78,7.97,7.72,7.68,7.83,7.48,5.99,5.41,6.75,7.07,7.48,7.25,7.95,7.81,7.94,6.15,7.54,7.44,7.75,7.64,6.29,7.67,7.82,7.91,8.01,7.89,6.95
CAST,8.63,8.44,8.41,8.68,8.42,8.31,7.65,8.19,8.75,8.56,8.64,8.8,8.69,7.28,8.75,8.65,8.42,9.02,9.03,8.92,8.05,8.27,8.61,8.55,8.67,8.64,8.37,8.55,8.25,8.53,6.45,7.49,7.96,8.23,8.28,8.78,8.26,8.66,6.96,8.37,8.2,8.67,8.22,7.12,8.25,8.36,8.8,8.64,8.71,6.93
CAST,10.12,10.18,10.03,10.11,9.93,10.04,9.86,10.06,9.96,10.04,10.01,10.16,10.35,8.96,10.01,10.01,10.02,10.15,10.09,10.11,10.29,10.04,10.11,10.01,9.92,10.11,10.02,10,10,10.19,8.4,9.01,10.23,10.18,9.97,9.98,10.15,9.96,10.09,10.18,10.05,10.18,10.23,9.69,10.04,9.96,9.82,10.06,10.14,9.08
CAST,7.86,7.2,7.82,7.55,6.99,7.35,7.4,8,7.51,7.81,7.07,7.97,7.58,7.24,7.82,7.79,8,7.91,7.99,8.05,7.77,7.63,7.14,8.2,8.05,7.98,7.76,7.67,7.1,5.06,4.39,5.87,7.84,7.72,7.92,7.93,7.54,8.09,7.33,7.38,7.44,7.29,7.14,5.95,7.45,7,7.64,7.83,7.51,7.28
CAST,8.21,7.15,8.19,7.96,7.25,7.46,8.05,7.96,8.12,8.06,7.01,8.02,7.88,5.71,8.07,7.93,8.3,8.12,8.27,8.38,7.87,7.76,7.4,8.35,7.93,8.29,7.88,7.91,7.23,6.25,5.12,5.9,8.37,8.08,8.03,7.87,7.99,8.08,7.75,7.88,7.68,7.56,7.45,6.93,7.73,7.21,7.63,7.86,7.41,7.73
CAST,10.28,10.23,10.06,10.27,10.13,10.09,10.14,10.16,10.42,10.23,10.32,10.17,10.56,9.93,10.1,10.01,10.18,10.16,10.2,10.22,10.35,10.22,10.4,10.19,10.11,10.24,10.13,10.02,10.19,10.29,9.13,10.1,10.25,10.02,10.06,10.15,10.21,10.02,10.07,10.19,10.27,10.33,10.25,9.48,9.93,10.07,10.09,10.27,10.41,9.57
CAST,9.11,9.13,9.07,9.09,9.09,8.91,9.34,9.35,8.99,9.1,8.81,9.21,9.16,6.74,9.16,9.07,9,9.24,9.17,9.13,9.09,9.03,8.72,9.09,9.11,9.14,8.96,9.06,8.87,8.94,6.32,7.57,9.29,9.23,9.1,9.12,9.06,9.14,9.11,9.15,9.04,9.18,9.25,7.19,9.02,8.8,8.92,9.12,9.03,6.77
CAST,8.45,8.67,8.61,8.56,8.06,8.29,8.14,8.5,8.7,8.71,8.76,8.47,8.83,7.89,8.49,8.48,8.45,8.93,9.1,9.14,8.37,8.23,8.69,8.49,8.53,8.54,8.52,8.52,8.44,8.8,6.96,6.33,7.74,8.22,8.19,8.62,8.41,8.45,7.18,8.12,8.3,8.64,8.68,7.66,8.69,8.56,8.68,8.61,8.61,7.89
CAST,6.98,7.03,7.04,6.94,7.07,7.41,6.7,7.04,7.06,7.14,7.37,7.08,6.82,6.96,7.07,6.84,6.93,6.89,7.2,7.13,7,7.22,7.44,7.23,7.1,7.21,7.07,7.34,7.06,5.67,8.11,5.86,6.85,6.76,6.85,7.3,6.88,6.99,7.51,7.18,7.04,7.05,7.29,6.78,6.97,6.97,7.16,7.02,6.87,6.46
CASZ1,6.49,6.41,6.69,6.78,7,6.93,5.43,6.97,6.54,6.67,7.13,6.6,6.43,8.11,6.94,6.79,7.1,6.66,6.6,6.41,7.18,6.98,6.79,7.07,7.24,7.22,6.9,6.61,6.92,7.12,6.96,8.46,6.95,7.19,7.19,7.08,6.95,7.16,6.63,6.91,6.87,7.17,7.15,8.73,6.78,6.33,6.69,7,6.81,7.39
CASZ1,3.9,3.86,3.82,3.82,3.78,3.58,3.98,3.91,3.87,3.99,3.81,3.65,3.76,4.14,3.74,3.85,3.68,4.18,3.6,3.98,4.52,3.81,3.82,3.89,3.73,3.7,3.88,3.76,3.8,5.92,4.77,4.14,3.79,3.85,3.6,3.69,3.81,3.8,4.28,3.89,3.87,3.96,3.77,4.2,4.08,3.76,3.76,3.7,4.16,4.52
CASZ1,5.94,6.17,6.1,6.25,6.44,6.77,6.15,6.49,6.35,6.35,6.34,6.35,6.29,6.31,6.69,6.97,6.55,6.41,6.23,6.38,6.16,6.6,6.66,6.61,6.64,6.31,6.24,6.16,6.58,5.76,6.77,5.72,6.62,6.55,6.45,6.34,6.42,6.3,7.23,6.24,6.3,6.55,6.95,6.45,6.26,6.16,6.58,6.39,6.62,6.83
CASZ1,6.71,6.63,6.7,6.63,6.32,6.87,7.41,6.76,6.42,6.65,6.8,6.52,6.69,6.83,7.54,7.63,7.1,6.55,6.63,6.71,7.36,7.35,7.53,7.54,7.27,7.49,6.7,6.53,7.1,7.88,6.71,6.23,7.32,7.35,7.04,7.45,7.41,7.36,6.67,6.61,7.05,7.6,7.7,6.06,7.12,6.37,6.51,6.97,7.01,5.93
CASZ1,5.76,5.61,6.14,6.15,6.62,6.73,7.15,6.09,6.12,5.87,6.06,5.95,5.92,6.95,5.96,6.47,6.05,6.23,6.2,5.88,6.04,5.98,6.2,5.97,6.13,5.97,6.14,6.15,6.05,6.34,6.63,6.33,6.06,5.94,5.97,5.87,6.58,5.88,7.3,5.99,6.19,6.45,6.07,6.12,6.17,6.32,6.23,5.9,5.92,6.38
CAT,8.05,7.84,8.01,7.86,7.72,7.85,7.79,8.05,8.04,8.08,7.63,7.99,8.08,6.02,7.8,8.15,7.96,8,7.88,7.86,8.16,7.9,7.94,7.96,7.83,7.96,7.81,7.69,7.95,7.52,4.5,6.44,7.87,7.82,7.6,7.97,7.82,7.92,8.37,7.9,7.66,7.54,7.52,6.02,8.01,8.04,8.17,7.95,7.99,7.6
CAT,10.43,10.39,10.32,10.35,9.95,10.16,10.45,10.5,10.34,10.45,10.13,10.52,10.54,7.68,10.42,10.48,10.41,10.39,10.36,10.31,10.46,10.55,10.27,10.27,10.28,10.47,10.42,10.32,10.31,8.88,6.6,7.28,10.25,10.23,10.13,10.36,10.35,10.46,10.07,10.51,10.3,10.12,10.1,6.79,10.38,10.44,10.58,10.35,10.42,8.47
CATR1,4.13,3.94,3.91,4.04,4.05,4.9,4.58,3.92,4.04,4.09,4.22,4.01,3.85,4.36,4.07,4.04,4.02,4.03,3.8,4.15,4.08,4.47,4.2,4.26,3.85,3.89,3.73,4.04,4.35,6.12,6.34,5.45,4.33,4,3.88,4.23,4.02,3.95,5.7,4.11,3.86,3.92,3.78,5.36,3.84,4.34,3.87,4,3.95,4.3
CATSPER1,4.18,4.44,4.61,4.41,4.25,4.37,5,4.3,4.38,4.51,4.35,4.3,4.47,5.09,4.28,3.92,4.37,4.24,4.52,4.32,4.59,4.32,4.4,4.48,4.23,3.99,4.36,4.39,4.55,5.95,4.5,6.02,4.02,4.05,4.12,4.1,4.58,4.64,4.18,4.52,4.27,5.01,4.65,5.11,4.38,5.09,4.69,4.08,4.1,6.02
CATSPER2,6.79,6.54,6.95,6.95,6.88,7.1,6.92,7.35,6.59,6.85,6.83,6.58,6.61,5.91,6.61,6.92,6.51,6.65,7.01,6.99,7.01,6.88,7.04,6.88,6.94,6.4,6.85,6.8,6.91,6.27,6.78,5.04,5.93,6.29,6.07,6.68,6.69,6.63,6.52,6.9,7.19,7.42,7.49,5.86,6.78,7.27,7.45,6.96,6.92,5.95
CATSPER2,4.52,4.41,4.83,4.5,5.27,5.01,4.87,4.87,4.48,4.52,4.49,4.58,4.61,4.37,4.71,4.47,4.22,4.41,4.61,4.65,4.71,4.86,4.91,4.76,4.86,4.87,4.65,4.6,4.5,4.92,5.6,5.24,4.41,4.44,4.33,4.74,4.47,4.74,4.18,5.1,4.88,4.56,4.67,5.34,4.48,4.61,4.97,4.63,4.87,5.06
CATSPER2,5.08,5.05,5.08,4.53,5.28,4.79,5.38,4.69,4.61,4.74,4.7,4.95,4.89,4.72,5.02,4.66,4.65,4.75,4.55,4.8,4.84,5.11,5.02,5.44,4.71,4.82,4.86,4.64,4.68,5.69,5.78,4.73,5.03,4.97,4.41,5.07,4.45,5,4.62,4.61,4.84,4.94,4.96,5.34,4.9,4.84,4.64,4.8,5.06,4.52
CATSPER2,5.28,5,5.56,5.29,5.28,5.27,5.84,5.62,5.44,5.49,5.35,5.57,5.11,5.67,5.2,5.05,5.55,5.33,5.38,5.28,5.22,5.74,5.58,5.24,6.06,5.55,5.04,5.23,4.98,6.22,4.9,4.67,5.26,5.22,5.16,5.28,5.1,5.4,7.21,5.45,5.75,5.75,5.6,4.67,5.98,6.05,5.85,5.4,5.47,4.9
CATSPER2,4.78,4.89,5.03,4.8,5.53,4.91,5.52,5.25,5.03,5.12,4.91,5.09,4.94,6.61,4.8,5.44,4.84,5.06,5.09,4.56,5.13,5.09,5.07,5.11,5.08,5.3,4.93,5.05,5.23,4.85,7.11,5.48,4.73,4.94,4.84,4.88,4.95,5.06,5.39,5.23,5.12,5.49,5.49,4.98,5.56,5.44,5.08,4.91,5.02,5.15
CATSPER3,5.1,5.39,5.74,5.17,4.91,5.36,5.01,4.69,4.96,5.11,5.44,4.86,4.75,4.69,5.17,5.25,4.67,4.99,5.06,5.05,4.99,4.85,5.31,5.06,4.65,4.81,4.97,4.87,5.09,5.11,4.81,3.84,4.49,5.16,4.56,5.22,5.19,4.98,5.42,5.27,5.38,5.25,5.08,4.96,5.24,4.75,5.57,5.19,4.91,5.06
CATSPER4,4.33,4.59,4.33,4.67,4.6,4.56,4.62,4.64,4.32,4.21,4.42,4.66,4.62,5.78,4.23,4.26,4.28,4.62,4.36,4.45,5.02,4.56,4.56,4.43,4.34,4.28,4.47,4.45,4.74,4.1,5.98,5.19,4.38,4.45,4.3,4.27,5,4.35,4.48,4.38,4.32,4.37,4.35,4.25,4.38,4.13,4.67,4.3,4.42,5.48
CATSPERB,3.7,3.94,3.62,3.59,3.66,3.57,3.45,3.52,3.61,3.57,3.74,3.94,3.69,3.93,3.76,3.84,3.65,3.55,3.78,3.66,3.82,3.69,3.69,3.61,3.77,3.76,3.66,3.67,3.49,3.66,4.62,3.7,3.71,3.73,3.73,3.78,3.53,3.95,4.94,3.69,3.6,3.91,3.86,3.97,4.04,3.66,3.93,3.62,3.81,4.77
CATSPERG,4.14,4.08,4.1,4.45,4.81,4.22,5.6,4.23,4.12,4.15,4.21,4.35,4.25,5.34,4.17,4.6,4.08,4.62,4.4,4.39,4.47,4.05,4.31,4.45,4.03,4.36,4.59,4.23,4.4,5.92,4.77,4.13,4.22,4.06,4.22,3.83,4.57,4.45,4.11,4.02,4.2,4.42,4.6,4.8,4.69,4.6,4.44,4.36,4.35,4.99
CAV1,11.4,11.36,11.15,11.09,10.97,11.07,11.14,11.23,11.3,11.35,11.28,11.07,11.15,10.62,11.69,11.64,11.83,10.9,11.05,11.06,11.84,11.77,11.93,11.58,11.66,11.7,11.23,11.25,11.32,10.44,8.99,11.02,11.66,11.57,11.51,11.73,11.59,11.74,11.16,11.47,11.39,11.62,11.43,10.81,11.79,11.7,11.72,11.44,11.45,10.65
CAV1,11.41,11.36,11.08,11.1,11,11.1,11.08,11.23,11.32,11.36,11.29,11.11,11.15,10.67,11.67,11.65,11.78,10.94,11.04,11.15,11.9,11.8,11.87,11.68,11.6,11.66,11.21,11.24,11.41,10.76,10.14,10.47,11.65,11.61,11.53,11.67,11.62,11.73,11.3,11.48,11.42,11.55,11.41,10.88,11.7,11.67,11.73,11.43,11.42,10.6
CAV1,11.77,11.86,11.56,11.65,11.69,11.63,11.47,11.36,11.83,11.66,11.76,11.67,11.81,11.16,12.04,12.09,12.12,11.47,11.52,11.46,12.32,12.22,12.36,12.03,12.01,12.18,11.71,11.68,11.91,11.68,10.07,10.92,12.03,11.95,11.8,12.06,12.16,12.07,11.7,11.73,11.89,11.96,12.03,11.41,12.22,12.19,12.17,11.92,12.04,11.31
CAV1,9.42,9.3,8.99,8.99,8.66,8.96,9.15,8.93,9.18,9.2,8.87,8.98,9.01,8.01,9.37,9.48,9.67,8.84,8.91,8.81,9.82,9.65,9.61,9.36,9.21,9.63,9.11,9.04,9.13,8.87,7.08,8.08,9.65,9.48,9.1,9.38,9.47,9.42,9.13,9.32,9.25,9.45,9.31,8.16,9.7,9.8,9.65,9.26,9.29,7.74
CAV2,8.2,8.93,8.1,8.29,8.18,8.08,6.96,8.01,8.36,8.36,8.75,8.47,8.42,7.22,9.32,9.37,9.52,7.81,7.76,7.95,9.49,9.35,9.56,9.28,9.48,9.49,8.28,8.25,8.43,7.73,6.51,7.73,9.2,9.05,9.06,9.61,9.3,9.51,8.13,8.61,8.52,8.71,8.55,7.89,9.12,8.94,9.05,8.59,8.67,7.41
CAV2,4.81,5.01,5.21,5.05,4.89,4.85,4.45,5,4.9,5.06,4.9,4.83,4.78,5.68,5.72,5.58,5.97,4.12,4.9,4.68,5.68,5.66,5.73,5.72,5.59,5.71,4.88,4.68,5.31,5.38,5.62,4.85,5.37,5.51,5.21,5.91,5.49,5.75,4.84,5.01,4.71,5.02,5.39,5.18,6.05,5.9,5.94,5.11,5.14,5.66
CAV2,4.73,4.84,4.97,5.09,5.48,5.1,4.92,4.72,5.12,5.23,4.97,4.82,5.04,4.23,5.59,5.59,5.4,4.77,4.56,5.04,5.52,5.5,5.55,5.71,5.24,5.35,5.11,4.82,4.06,5.49,4.37,4.87,5.39,4.83,5.15,5.64,6.12,5.74,5.33,5.05,4.79,5.28,5.04,5.17,5.56,5.73,5.95,4.94,5.23,3.64
CAV3,3.86,3.98,3.78,4,3.9,4.18,5.04,4.17,3.76,3.9,3.99,3.87,4.15,4.07,3.86,3.9,3.84,3.82,3.82,3.8,4.08,4.06,3.93,3.71,3.81,4,3.73,3.96,4.02,4.57,4.2,4.04,4.18,4.22,4.15,3.69,3.98,3.7,4.1,3.8,3.75,3.94,4.18,4.4,4.16,3.9,4.02,4.06,3.8,4.41
CAV3,4.2,4.04,4.25,4.06,4.38,4.26,3.77,4.34,4.12,4.11,4.22,4.28,4.14,5.67,4.23,4.14,4.13,4.6,4.44,4.49,3.74,4.07,4.13,4.09,4.76,3.94,4.11,4.22,4.49,4.15,6.7,5.88,4.01,3.83,4.14,4.13,3.87,4.2,4.77,4.69,4.23,4.45,4,5.75,4.51,4.86,4.68,4.22,3.99,4.55
CBARA1,7.31,6.93,7.14,7.38,6.62,6.54,6.06,7.14,7.38,7.26,6.77,7.09,7.17,7.12,7.08,6.91,6.99,7.46,7.66,7.16,7.17,7.08,6.8,6.96,6.91,7.21,7.23,7.39,6.33,7.13,4.37,4.47,6.99,6.95,7.02,6.96,6.81,7.07,5.84,7.04,7.11,6.28,6.78,6.06,7.06,6.55,7.02,7.24,6.81,5.66
CBARA1,9.78,9.75,10.08,9.93,10.18,10.2,10.22,10.28,9.84,9.9,9.96,9.82,9.63,9.72,9.9,9.84,9.76,10.15,10.04,10.1,9.85,9.83,9.8,9.93,10,9.77,10.05,9.85,9.8,9.75,8.39,9.41,9.84,9.71,9.76,10.1,9.96,9.87,10.14,10.28,10.2,9.85,9.93,9.47,10.07,9.95,9.95,9.99,10.03,10.1
CBFA2T2,7.94,7.79,8.11,7.92,8.09,8.08,7.91,7.96,7.9,8.04,8.14,7.86,7.76,7.16,8.39,8.39,8.14,8.09,7.85,8.03,8.21,8.22,8.14,8.17,8.22,8.4,7.96,7.82,8.13,7.39,7.2,6.13,8.07,8.33,8.24,8.26,8.21,8.27,7.29,8.29,8.4,8.03,8.28,7.79,8.01,7.95,7.86,8.15,8.13,7.94
CBFA2T2,6.2,5.62,5.95,6.44,5.71,5.95,5.87,6.33,5.89,6.08,5.79,6.08,5.98,5.11,6.5,6.46,5.97,5.91,5.75,6.18,5.97,6.31,6.16,6.31,6.07,6.18,5.78,6.13,5.87,5.9,5.16,6.14,6.09,6.1,6.13,6.15,6.08,6.1,5.9,6.07,6.04,6.05,5.82,6.48,5.52,6.04,6.27,6.06,5.97,5.79
CBFA2T2,6.04,5.79,5.9,6.13,6.07,5.81,5.83,5.72,6.01,5.7,5.82,6.1,5.71,5.9,6.03,6.35,6.14,5.92,5.73,6.09,6.26,5.89,6.23,5.97,5.92,6.07,6.12,6.19,5.8,5.57,6.21,5.94,6.54,6.4,6.31,5.96,6.01,6.09,6.05,5.86,5.88,5.97,5.75,4.71,6.19,6.15,6.08,6.01,6.17,6.84
CBFA2T2,6.05,6.1,6.1,6.27,5.98,5.94,6.19,6.42,6.06,6.28,6.17,6.38,6.06,6.63,6.17,6.22,6.18,5.88,5.89,6.11,6.29,6.35,6.27,6.46,6.24,6.28,6.02,6.41,6.67,4.65,5.83,5.39,6.09,6.29,6.41,6.06,5.87,6.11,5.26,6.04,6,6.3,6.41,5.86,5.54,5.4,6.21,6.34,6.1,5.37
CBFA2T3,6.55,6.63,6.85,6.64,7.01,6.65,6.87,6.43,6.55,6.39,6.48,6.28,5.99,6.34,6.8,6.3,6.34,6.13,6.38,5.99,6.36,5.97,6.88,6.33,6.39,6.26,6.73,6.33,6.93,5.03,6.62,6.7,6.04,6.26,6.21,6.83,6.62,6.41,5.57,6.82,6.81,6.71,6.51,5.74,6.52,5.78,6.43,6.21,6.65,5.65
CBFA2T3,7.52,7.79,7.77,7.57,7.62,8.07,6.98,7.73,7.42,7.41,7.98,7.25,7.14,8.32,7.34,7.47,7.44,7.33,7.27,7.06,7.52,7.32,7.71,7.3,7.18,7.42,7.58,7.45,7.65,6.34,6.6,8.19,7.26,7.38,7.38,7.51,7.77,7.4,7.23,7.7,7.82,7.9,7.76,7.82,7.36,6.94,7.04,7.44,7.61,7.76
CBFA2T3,6.59,7,6.95,6.66,6.73,6.68,6.2,7.06,6.57,6.8,6.92,6.51,6.53,6.81,6.45,6.64,6.65,6.17,6.39,6.31,6.68,6.49,6.84,6.75,6.85,6.48,6.8,6.91,6.96,5.98,7.86,6.13,6.52,6.76,6.68,6.79,6.83,6.79,5.79,6.53,6.72,6.93,6.96,6.29,6.67,6.53,6.52,6.81,6.95,7.66
CBFB,8.29,7.49,8.06,8.01,7.34,7.46,7.22,7.66,8.09,7.95,7.56,7.88,7.76,7.19,7.9,7.74,7.89,8.03,7.93,8.09,7.22,7.23,6.8,7.59,7.66,7.44,7.95,7.88,7.32,5.7,7.18,6.85,7.65,7.81,7.76,7.7,7.33,7.95,7.2,7.8,7.75,7.03,6.93,6.92,7.32,7.05,7.21,7.98,7.56,7.34
CBFB,8.91,8.88,8.69,8.77,8.39,8.23,7.97,8.28,8.98,8.92,8.74,8.77,8.98,8.18,8.53,8.33,8.5,8.6,8.58,8.66,8.3,8.24,8.28,8.13,8.29,8.33,8.63,8.73,8.54,8.08,7.83,8.5,8.37,8.46,8.39,8.4,8.19,8.39,7.95,8.35,8.43,8.35,8.42,8.48,8.02,7.88,8.04,8.67,8.68,7.81
CBFB,9.87,9.81,9.61,9.74,9.47,9.44,9.29,9.45,9.87,9.73,9.51,9.67,9.65,9.24,9.41,9.25,9.43,9.64,9.65,9.71,9.19,9.27,9.02,9.11,9.29,9.31,9.61,9.79,9.5,9.79,8.16,8.75,9.18,9.04,9.14,9.45,9.51,9.51,8.92,9.27,9.26,9.51,9.46,8.42,9.21,9.14,9.33,9.56,9.6,8.65
CBL,9.53,9.85,9.39,9.55,9.32,9.67,9.36,9.32,9.49,9.59,9.88,9.42,9.6,8.1,9.43,9.33,9.59,9.45,9.45,9.52,9.28,9.28,9.75,9.2,9.49,9.26,9.55,9.48,9.73,8.51,7.85,7.69,9.12,9.28,9.12,9.4,9.4,9.38,8.73,9.45,9.64,9.66,9.53,7.37,9.19,9.29,9.31,9.57,9.77,7.56
CBL,6.67,6.41,6.83,6.85,7.09,7.11,6.83,6.84,6.6,6.57,6.95,6.79,6.44,6.52,6.71,7.03,6.81,6.82,6.8,6.71,6.42,6.86,6.65,6.75,6.79,6.63,7.06,6.85,6.89,6.9,7.07,6.6,6.81,6.47,6.83,6.95,6.86,6.69,6.48,6.73,6.92,6.96,6.71,7.9,6.8,7.14,6.92,6.87,7,7.25
CBL,5.46,5.32,5.29,5.06,4.98,5.68,5.57,5.12,5.44,5.24,5.25,5.45,4.98,6.13,5.52,5.52,5.36,4.92,5.57,5.41,4.71,5.26,5.23,5.62,5.4,5.75,4.97,5.29,5.37,4.65,4.14,6.42,5.17,5.28,5.52,5.49,4.78,5.43,4.98,5.72,6.16,6,5.11,4.83,5.67,4.45,4.82,5.1,5.36,6.71
CBL,8.29,7.9,7.92,7.72,8.26,8.33,8.87,8.14,8.05,7.98,7.98,7.52,7.2,6.96,8.23,8.41,8.26,8.27,8.29,8.39,7.89,8.11,7.88,8.27,8.14,8.2,8.22,8.14,7.96,6.6,7.69,5.34,8.15,7.68,8.13,8.13,8.21,7.61,8.07,8.25,8.32,8.3,8.2,5.81,7.93,8.09,8.4,7.75,7.58,7.44
CBLB,4.23,3.91,4.01,4.1,3.84,3.89,3.43,3.95,4.01,4.33,3.73,4.06,4.06,4.18,4.18,4.07,4.23,4.19,4.12,3.97,4.45,4.13,3.81,4.39,3.74,4.04,3.69,3.99,3.96,3.96,4.21,3.91,4.53,4.29,4.3,3.9,4.01,4.05,3.87,3.78,3.86,3.88,3.79,4.83,3.94,4.11,3.89,3.81,4.01,4.33
CBLB,7.13,7.02,7.06,7.08,7.34,7.27,6.95,7.44,7.16,7.3,7.3,7.17,6.78,6.38,7.44,7.31,7.18,7.1,7.02,7.11,7.71,7.61,7.74,7.64,7.68,7.64,7.3,7.31,7.2,6.41,5.35,6,7.13,7.34,7.63,7.5,7.55,7.22,7.27,7.68,7.43,8.54,8.41,8.32,7.76,7.45,7.56,7.46,7.27,6.17
CBLB,4.23,4.48,4.42,4.6,4.78,3.84,3.93,4.13,4.21,4.15,4.45,4.17,4.36,5.36,4.54,4.49,4.26,4.42,4.16,4.28,4.17,4.14,4.2,4.09,4.19,4.19,4.09,4.59,4.02,4.42,5.87,4.34,4.25,4.54,4.2,4,4.47,4.45,3.69,4.41,4.36,4.41,4.55,4.48,3.91,3.95,4.13,4.26,4.64,4.65
CBLB,5.14,5.48,5.59,5.21,5.46,5.01,4.52,5.35,5.59,5.22,5.55,5.18,5.01,5.38,5.32,5.51,5.4,5.03,5.21,5.6,5.23,5.52,5.9,5.14,5.63,5.6,5.26,5.29,5.52,4.53,5.48,4.79,5.13,4.99,5.33,5.55,5.31,5.02,4.5,5.83,5.37,6.19,5.4,7.42,5.16,4.36,5.35,5.7,5.48,5.54
CBLC,3.59,3.7,3.61,4,4.11,3.93,3.96,3.66,3.63,3.58,3.91,3.78,3.72,3.77,3.71,3.61,3.61,3.85,3.63,3.54,3.67,3.84,3.75,3.55,3.6,3.71,4.19,3.71,3.59,5.28,4.85,4.2,3.74,3.46,3.73,3.59,4.2,3.81,4.72,3.67,3.61,4.2,3.9,3.78,4.03,3.98,4.05,3.74,3.78,4.04
CBLL1,8.31,8.4,8.09,8.32,7.69,8.31,6.75,7.72,8.57,8.43,8.39,8.45,8.49,4.63,8.81,8.29,8.73,8.37,8.52,8.46,8.35,8.37,8.49,8.44,8.55,8.51,8.13,8.45,7.89,7.36,4.63,6.04,8.42,8.52,8.53,8.59,8.28,8.4,7.07,8.03,8.33,8.04,8.08,6.34,8.03,7.96,8.1,8.38,8.37,6.55
CBLL1,5.97,5.51,6.08,5.93,5.59,5.9,6.5,5.9,6.06,6.14,5.73,5.5,5.8,5.09,6.22,5.86,6.05,5.91,5.95,6.03,6,5.6,5.2,6,5.8,6.21,6.1,5.87,5.91,6.86,6.37,5.28,6.28,6.34,6.25,6.3,5.83,6.11,5.71,5.98,5.9,5.32,5.96,4.77,5.58,6.01,6.09,6,6.12,5.47
CBLN1,5.17,4.73,4.85,5.12,4.94,5.15,4.49,5.6,4.62,4.62,4.86,4.81,4.49,5.16,4.89,4.73,4.11,4.88,4.72,4.66,4.62,4.41,4.16,4.61,4.29,4.36,5.15,4.81,4.68,4.5,5.9,5.15,4.77,4.64,4.76,4.71,5.07,5.19,4.28,5.11,4.88,4.65,4.34,5.39,5.62,5.38,5.19,5,5.29,5.46
CBLN1,6.52,6.45,6.5,6.3,6.39,6.08,6.79,6.48,6.48,6.47,6.32,6.18,5.99,5.9,5.85,5.62,5.79,6.18,5.63,6.18,5.93,5.91,5.78,5.88,5.85,5.71,6.39,6.65,6.47,6.38,5.52,6.37,5.53,5.76,5.92,6.23,5.78,5.78,6.07,6.7,6.09,6.34,5.81,6.79,6.82,6.47,6.75,6.24,6.23,5.15
CBLN2,3.51,3.62,3.67,3.64,3.44,3.74,3.72,3.88,3.62,3.6,3.7,3.73,3.46,5.2,3.72,3.77,3.41,3.59,3.85,3.67,3.4,3.7,3.67,3.48,3.59,3.48,3.56,3.75,3.52,3.67,3.89,6,3.68,3.74,4,3.41,3.66,3.72,4.06,3.5,3.58,4.04,3.87,3.8,3.52,4.3,3.54,3.76,3.81,5.34
CBLN2,3.96,4.07,3.79,3.67,4.03,3.75,3.95,3.78,3.8,3.75,3.97,3.99,3.82,4.3,3.71,3.57,3.64,3.64,3.71,3.45,3.95,3.71,4.12,3.47,3.94,3.66,3.71,3.77,3.84,4.25,5.05,4.92,3.64,3.83,3.67,3.9,3.56,3.93,4.63,4.28,3.7,3.92,3.95,5.17,3.77,3.62,3.86,3.75,3.62,3.84
CBLN3,7.26,7.09,7.57,7.47,7.65,7.57,7.71,7.98,7.19,7.42,7.52,7.33,7.21,8.33,7.45,7.21,7.51,7.31,7.48,7.22,7.89,7.9,7.87,7.72,7.65,7.37,7.3,7.26,7.39,6.7,7.91,7.82,6.7,6.99,7.23,7.56,7.69,7.35,7.48,7.47,7.5,8.25,7.94,8,7.36,7.87,7.44,7.45,7.54,7.33
CBLN4,4.2,4.57,4.08,4.49,3.99,4.25,5.04,3.71,4.17,4.27,4.7,4.44,4.61,4.8,4.23,4.48,4.37,3.97,4.17,4.04,4.46,4.61,4.6,3.96,4.38,4.16,4.29,4.6,4.11,5.29,5.17,5.52,4.45,4.46,4.36,4.01,3.91,4.54,4.87,4.23,4.18,4.66,4.17,5.96,4.14,3.87,3.79,4.17,4.26,4.87
CBLN4,4.06,4,3.87,3.72,4.07,3.8,4.36,3.79,3.97,3.91,3.99,4.07,3.83,5.57,3.76,4.14,3.86,4.03,3.73,3.8,3.84,3.98,4.1,3.62,3.81,3.66,3.79,4.02,4.43,4.2,5.98,4.69,3.84,3.79,3.99,3.75,3.92,3.55,4.21,3.65,3.52,3.84,4.22,6.92,3.89,3.68,3.79,3.6,3.76,6.05
CBR1,10.71,10.91,10.84,10.85,11.1,10.94,10.39,10.73,10.79,10.75,11.18,10.86,10.65,9.52,10.8,10.61,10.65,10.99,10.99,10.96,10.49,10.75,10.98,10.82,10.82,10.54,10.75,10.98,10.93,10.35,8.06,8.54,10.66,10.63,10.7,10.8,10.53,10.74,10.5,10.83,10.69,10.7,10.5,8.88,11.01,11.01,11.11,10.83,10.69,9.47
CBR1,8.75,8.96,8.82,8.8,8.98,8.98,8.63,8.7,8.89,8.88,9.03,8.89,8.88,8.49,8.75,8.59,8.58,9.09,8.94,8.73,8.66,8.77,8.97,8.67,8.58,8.47,8.83,8.89,8.94,8.16,7.75,8.23,8.71,8.69,8.76,8.73,8.66,8.73,8.98,8.74,8.84,8.69,8.89,8.16,9.19,8.98,9.01,8.79,8.78,7.89
CBR1,8.88,8.99,8.8,8.89,9.1,8.96,8.71,8.83,8.95,8.92,9.14,8.93,8.81,8.48,8.75,8.63,8.52,9.04,8.96,8.89,8.76,8.85,8.83,8.54,8.62,8.57,8.85,8.91,8.89,8.25,8.23,8.36,8.81,8.74,8.73,8.78,8.58,8.62,9.06,8.83,8.84,8.69,8.75,8.03,9.27,9.26,9.06,8.74,8.76,8.13
CBR1,8.58,8.5,8.63,8.37,8.28,8.17,7.53,8.41,8.45,8.59,8.2,8.46,8.42,7.48,8.09,8.05,8.26,8.53,8.7,8.68,8.57,8.29,8.08,8.13,8.17,8.38,8.48,8.37,8.32,6.96,8.01,6.98,8.2,8.4,8.27,8.25,8.22,8.32,8.56,8.4,8.32,8.05,7.99,6.05,8.65,8.71,8.66,8.35,8.31,5.69
CBR1,8.8,9,8.88,8.79,9.06,8.97,8.32,8.92,8.84,8.71,8.88,8.77,8.77,7.99,8.63,8.51,8.76,9.02,9.05,9.07,8.84,8.86,8.99,8.72,8.57,8.63,8.9,8.95,8.93,7.81,8.35,8.75,8.72,8.89,8.76,8.75,8.59,8.59,8.42,8.92,8.89,8.73,8.78,8.49,9.17,9.01,9.07,8.82,8.83,8.17
CBR1,4.53,4.45,4.48,4.72,4.64,4.19,5.27,4.64,4.19,4.68,5.06,4.63,4.6,5.52,4.47,4.6,4.67,4.35,4.58,4.8,4.57,4.5,4.38,4.5,4.54,4.39,4.58,4.6,4.74,5.33,5.53,5.62,4.7,4.35,4.69,4.15,4.97,4.38,4.39,5,4.8,4.84,4.37,4.94,4.4,4.71,4.97,4.6,4.6,5.95
CBR1,4.31,4.38,4.52,4.6,4.43,4.34,4.91,4.57,4.44,4.29,4.51,4.49,4.33,4.54,4.42,4.41,4.14,4.46,4.15,4.23,4.62,4.38,4.31,4.72,4.64,4.19,4.29,4.34,4.35,4.99,5.3,4.75,4.12,4.12,4.36,4.16,4.24,4.65,5.02,4.38,4.38,4.16,4.21,5.95,4.68,4.55,4.39,4.5,4.46,6.04
CBR3,10.06,9.91,10.24,10.2,10.24,10.34,10.26,10.09,10.1,10.1,10.16,10.34,10.29,8.98,10.29,10.34,10.33,10.3,10.27,10.08,10.72,10.67,10.81,10.49,10.53,10.61,10.11,9.98,10.08,10.08,8.71,9.19,10.59,10.5,10.46,10.7,10.79,10.74,10.06,9.94,10.02,10.09,10.31,8.54,9.55,9.74,9.65,10.15,10.15,8.78
CBR4,9.4,9.2,9.28,9.43,9.18,9.17,8.92,9.38,9.52,9.54,9.13,9.4,9.29,7.48,9.18,8.95,9.14,9.35,9.43,9.53,9.48,9.57,9.12,9.35,9.46,9.28,9.37,9.54,9.02,8.58,5.82,7.05,9,9.01,8.9,9.09,9.1,9.25,9.27,9.37,9.39,9.27,9.04,7,9.64,9.36,9.52,9.53,9.15,7.48
CBR4,8.16,8.28,8.21,8.23,7.6,8.12,7.49,7.78,8.29,8.34,8.47,8.25,8.12,8,7.84,7.84,8.08,8.22,8.32,8.37,8.27,8.24,8.59,8.03,8.2,7.97,7.96,8.17,8.06,7.42,6.65,8.32,7.52,7.59,7.6,7.98,7.39,7.94,6.93,8.01,8,7.92,8.08,7.87,8.46,8.37,8.53,8.08,8.31,7.24
CBR4,3.97,4.32,4.81,4.37,4.81,4.81,5.69,4.14,4.41,4.28,4.46,4.2,3.96,5.09,4.28,4.29,4.15,4.24,3.87,4.37,4.67,4.55,4.66,4.16,4.28,4.8,4.48,4.6,4.32,5.24,4.9,7.13,4.23,3.95,3.88,4.32,4.28,4.2,5.32,4.58,4.67,4.45,4.48,6.37,4.55,4.53,4.84,4.37,4.03,5.61
CBS,7.22,7.23,7.37,7.35,7.65,7.46,7.11,7.72,7.19,7.56,7.51,7.14,7.04,8.86,7.3,6.99,7.07,7.35,7.47,7.26,6.99,6.76,6.85,6.77,7.02,6.98,7.67,7.44,7.48,7.27,8.43,7.89,6.88,7,6.97,7.37,7.09,7.49,5.79,7.32,7.15,7.16,6.76,8.22,7.37,7,6.71,7.45,7.71,8.58
CBS,9.56,9.62,9.79,9.67,9.81,9.78,9.68,9.72,9.66,9.7,9.78,9.46,9.35,8.85,9.11,9.16,9.08,9.48,9.57,9.51,9.03,8.93,9.11,9.09,9.16,9.13,9.86,9.53,9.84,9.07,8.28,8.46,9.17,8.99,9.18,9.44,9.49,9.29,9.24,9.59,9.54,9.48,9.51,7.3,9.27,9.24,9.31,9.55,9.81,7.49
CBS,6.41,6.04,6.7,6.22,6.48,6.38,6.02,6.46,6.55,6.44,6.56,5.88,5.72,6.58,5.88,6.02,6.05,6.28,6.32,6.23,5.56,5.6,5.94,6.12,6.11,5.94,6.58,6.13,6.6,4.86,5.23,5.57,5.72,5.98,5.97,6.24,6.21,6.4,6.3,6.25,6.25,5.95,5.77,5.34,6.13,5.28,6.15,6.39,6.79,5.37
CBS,9.83,9.77,9.96,9.99,9.98,10.16,9.56,9.94,9.89,9.91,9.99,9.74,9.54,9.98,9.3,9.18,9.42,9.73,9.73,9.8,9.22,9.21,9.42,9.35,9.2,9.27,10.01,9.8,10.04,9.62,9.93,10.02,9.28,9.43,9.35,9.64,9.65,9.64,9.63,9.78,9.72,9.69,9.4,9.74,9.55,9.25,9.47,9.8,9.91,9.24
CBS,7.21,7.32,7.27,7.08,6.78,6.71,5.6,7.53,7.14,7.07,6.81,7.1,6.46,6.43,6.59,6.56,6.52,7.04,6.95,7.22,6.21,6.55,6.59,6.79,6.86,6.93,7.18,7.09,6.88,5.1,7.06,5.62,6.8,6.89,6.92,6.76,6.71,6.97,5.99,7.2,6.68,6.7,6.78,6.19,6.56,6.03,7.08,6.89,7.15,5.55
CBS,5.7,5.38,5.89,6.21,5.3,5.32,4.65,6.13,5.45,5.33,5.16,5.44,5.16,5.04,5.2,4.94,5.18,5.76,5.54,5.86,5.02,5.03,5.27,5.14,5.21,5.57,5.71,5.63,5.36,5.38,4.66,5.31,5.01,5.53,5.64,5.16,5.46,5.5,5.59,5.53,5.27,5.32,5.39,5.71,5.27,5.61,4.93,5.52,5.53,5.3
CBWD1 /// CBWD2 /// CBWD3 /// CBWD5 /// CBWD6 /// CBWD7,6.58,6.45,6.57,6.57,6.49,6.46,6.69,6.46,6.42,6.52,6.54,6.52,6.54,6.39,6.48,6.49,6.4,6.46,6.4,6.42,6.68,6.47,6.42,6.54,6.49,6.55,6.48,6.56,6.57,6.81,6.63,6.66,6.64,6.6,6.62,6.42,6.43,6.44,6.73,6.54,6.38,6.4,6.36,6.11,6.59,6.58,6.59,6.6,6.63,6.66
CBWD1 /// CBWD2 /// CBWD5 /// CBWD6,6.47,5.99,5.76,6.18,5.23,5.41,5.26,6.06,6.39,6.32,5.71,5.97,5.76,5.41,5.83,5.51,5.96,5.28,6.05,5.83,5.85,6.09,6.09,6.24,6.09,6.44,6.42,6.06,5.97,5.62,5.53,4.74,5.92,6.09,5.75,5.74,5.07,6.33,5.44,6.02,6.07,6,5.47,6.08,6.24,5.3,6,6.38,6.01,5.47
CBWD1 /// CBWD3,7.48,7.39,7.32,7.47,7.22,7.4,7.27,7.34,7.55,7.32,7.55,7.49,7.75,7.81,7.42,7.5,7.4,7.06,7.08,7.4,7.46,7.59,7.81,7.3,7.56,7.6,7.36,7.33,7.51,7.99,6.97,7.64,7.32,7.39,7.32,7.31,7.41,7.3,7.28,7.56,7.56,7.64,7.29,7.62,7.52,7.56,7.57,7.49,7.68,7.36
CBWD2 /// CBWD5,9.91,9.81,9.51,9.9,9.29,9.34,8.76,9.66,9.87,9.79,10,9.88,9.97,9.35,9.67,9.81,9.51,9.21,9.29,9.52,9.45,9.87,9.9,9.62,9.74,9.54,9.4,9.97,9.7,9.06,7.33,9.27,9.13,9.44,9.3,9.66,9.17,9.65,8.42,9.33,9.53,9.84,9.38,9.6,9.51,9.44,9.78,9.67,9.76,9.38
CBWD2 /// LOC728877,4.13,3.97,3.58,3.83,3.44,3.69,4.02,3.59,4.22,3.76,3.88,3.73,4.25,4.24,3.91,3.54,4.16,3.53,4.67,4.54,3.83,3.99,3.91,4.03,4.27,3.7,3.54,4.16,3.63,5.12,3.74,3.55,3.71,3.81,3.74,3.77,3.72,3.67,5.56,3.91,4.06,3.71,3.83,5.29,4.54,4.08,3.72,4.04,3.34,4.48
CBWD5,9.22,8.67,9.02,9.02,8.72,8.69,9.08,9.14,9.14,9.01,8.62,9.12,9.15,7.05,8.86,8.94,8.9,8.92,8.88,8.89,8.77,8.8,8.49,8.89,8.88,8.86,8.92,9.02,8.9,8.5,5.22,7.58,9.14,9.22,9.19,8.67,8.59,8.89,8.23,8.93,8.83,8.37,8.23,7.57,8.94,8.8,8.92,9.11,9.08,7.65
CBX1,10.79,10.73,10.68,10.76,10.52,10.61,10.59,10.59,10.86,10.68,10.41,10.62,10.93,7.1,10.46,10.45,10.55,10.67,10.67,10.64,10.37,10.28,10.25,10.11,10.07,10.41,10.75,10.55,10.6,10.61,6.42,7.8,10.54,10.48,10.46,10.35,10.59,10.41,10.6,10.58,10.67,10.54,10.67,7.4,10.49,10.48,10.38,10.71,10.84,7.32
CBX2,9.02,9.21,9.09,9.13,9.49,9.28,8.75,9.11,8.97,9.04,9.31,9.04,8.85,8.34,8.56,8.49,8.32,9,8.96,8.91,8.63,8.6,8.77,8.46,8.66,8.44,9.12,9.07,9.37,9.05,6.23,8.94,8.39,8.58,8.66,8.68,8.73,8.59,8.72,9.11,9.02,9.46,9.43,8.71,8.93,9.01,9.02,9.01,9.32,7.51
CBX2,4.73,4.39,4.52,4.69,4.88,4.93,5.27,4.82,4.58,4.67,4.79,4.93,4.58,5.53,4.6,4.82,4.61,4.62,4.78,4.58,4.88,4.57,4.4,4.54,4.75,4.63,4.84,4.9,4.56,4.63,4.5,6.22,4.78,4.76,4.83,4.6,4.53,4.55,4.69,4.89,4.65,4.69,4.96,6.11,4.53,4.72,4.55,4.64,4.52,5.23
CBX2,3.81,3.83,3.94,3.86,4.05,3.65,4.17,4.52,4.04,3.91,3.86,3.88,3.82,3.96,3.98,3.83,3.86,3.85,4.04,4.01,4.02,3.78,3.85,4.2,3.81,4.21,4.13,4.06,3.88,3.92,5.84,4.08,3.96,4.08,4.09,3.94,3.71,4.06,4.04,4.17,3.9,3.79,4.41,4.9,4.25,3.76,4.37,3.76,3.8,5.55
CBX3,10.6,10.54,10.32,10.49,10.27,10.36,10.12,10.31,10.69,10.58,10.57,10.39,10.75,9.9,9.91,9.82,10.04,10.3,10.27,10.44,10.02,9.88,10.03,9.62,9.54,9.89,10.53,10.43,10.75,10.13,8.46,9.5,9.86,9.89,9.89,9.86,9.69,9.83,10.17,10.26,10.32,10.12,10.11,8,10.32,10.22,10.28,10.4,10.65,8.72
CBX3,10.85,10.9,10.71,10.84,10.79,10.83,10.55,10.5,10.95,10.75,10.84,10.56,10.75,10.23,10.07,10.2,10.39,10.76,10.79,10.8,10.3,10.12,10.37,10.09,10.03,10.28,10.95,10.73,10.92,11.13,10.06,10.47,10.24,10.03,10.04,10.07,10.33,10.23,10.7,10.47,10.81,10.51,10.71,10.22,10.79,10.77,10.6,10.67,10.81,9.76
CBX3,11.37,11.37,11.29,11.36,11.34,11.38,11.01,10.74,11.49,11.26,11.37,11.19,11.21,10.42,10.81,10.67,10.85,11.35,11.35,11.27,10.8,10.71,10.95,10.68,10.59,10.65,11.35,11.33,11.38,11.49,9.48,10.33,10.59,10.53,10.69,10.73,10.75,10.71,11.02,11.04,11.33,11,11.16,10.49,11.19,11.24,11.12,11.3,11.3,10.11
CBX4,7.53,7.62,7.74,7.53,7.57,7.75,7.49,7.91,7.61,7.71,7.77,7.72,7.64,8.26,7.83,7.75,7.79,7.58,7.55,7.61,7.65,7.7,7.77,7.74,7.82,7.76,7.6,7.56,7.8,7.39,8.23,8.35,7.99,8.19,8.02,7.76,7.71,7.84,7.23,7.77,7.64,8.1,7.72,8.45,7.34,7.41,7.53,7.73,7.91,7.87
CBX4,5.68,5.65,5.65,5.81,5.76,5.21,4.79,6.1,5.51,5.63,5.39,5.58,5.43,4.56,5.83,5.67,6.16,5.93,5.96,5.73,5.47,5.81,5.62,5.84,5.97,6.24,5.71,5.82,5.84,4.84,6.42,5.23,5.9,6.47,6.1,5.91,5.72,6.1,5.97,5.87,5.27,6.05,5.67,5.05,5.09,5.6,5.6,5.63,5.56,4.73
CBX5,5.65,5.49,5.76,5.42,5.03,5.27,5.1,5.8,5.76,6.04,6.09,5.65,5.32,6.08,5.86,5.39,5.66,5.57,5.69,5.61,5.31,5.36,5.65,6.01,5.72,5.69,5.62,5.86,5.55,4.8,4.97,5.21,5.69,5.87,5.86,5.83,5.68,6.06,5.6,6.03,5.73,5.75,5.97,6.3,4.97,5.39,5.67,5.96,5.71,6.15
CBX5,7.15,7.14,7.14,6.95,6.66,7.66,7.25,6.77,6.99,7.07,7.71,6.37,6.46,7.57,7.25,6.71,6.87,6.97,6.8,6.95,6.43,6.5,7.14,6.78,6.41,6.25,7.23,6.93,7.66,5.45,5.64,5.6,6.61,6.64,6.88,7.01,6.46,6.7,6.65,7.19,7.47,7.5,7,7.99,6.18,7.01,6.51,6.56,6.94,6.21
CBX5,8.33,7.92,8.42,8.38,8.44,8.4,7.67,8.31,8.33,8.19,8.29,7.76,8.23,4.67,7.93,7.74,7.83,8,7.94,7.77,7.38,7.63,7.78,7.21,7.41,7.39,8.27,8.07,8.52,8.34,4.66,5.92,7.91,7.88,7.43,7.9,7.97,7.78,7.59,8.17,8.39,8.29,8.44,5.39,7.97,7.83,7.95,7.91,8.35,4.32
CBX5,9.21,9.32,9.34,9.3,9.49,9.47,9.25,9.33,9.08,9.19,9.22,8.97,8.92,7.53,8.95,8.91,8.76,9.04,9.04,8.93,8.61,8.77,8.77,8.7,8.6,8.43,9.36,9.15,9.27,9.27,6.18,7.72,8.78,8.98,9.04,8.92,9.07,9.05,9.11,9.18,9.15,9.21,9.52,7.94,8.86,8.93,8.72,8.92,9.06,7.89
CBX5,9.11,8.96,9.27,9.26,9.22,9.32,9.44,9.23,8.94,9.03,9.17,8.76,8.95,7.28,8.77,8.9,8.75,8.94,8.84,8.81,8.66,8.53,8.77,8.45,8.41,8.35,8.98,8.98,9.1,9.32,5.83,6.77,8.52,8.73,8.72,8.85,9.04,8.88,9.3,9.05,9.08,9,9.39,7.16,8.98,8.67,8.52,8.87,8.93,7.81
CBX5,4.67,4.61,4.81,4.56,4.58,5.06,4.74,4.98,4.46,4.93,5.16,4.28,4.42,4.97,4.9,4.78,4.83,4.37,4.61,4.82,3.96,4.36,4.32,4.16,4.44,4.38,4.72,4.82,4.54,4.89,4.15,4.09,4.74,4.64,4.84,4.79,4.66,4.77,4.39,5.09,4.94,4.79,4.56,4.25,4.45,4.67,4.59,4.55,4.55,4.5
CBX5,8.62,8.6,8.69,8.47,8.2,8.62,7.91,8.56,8.53,8.59,8.53,8.51,8.44,7.09,8.39,8.1,8.21,8.28,8.12,8.16,7.85,8.01,7.89,8.12,8.08,8.2,8.68,8.42,8.38,7.11,7.34,7.62,8.5,8.5,8.56,8.44,8.4,8.47,7.99,8.52,8.79,8.35,8.03,6.51,8.3,8.12,8.06,8.24,8.51,6.41
CBX6,4.65,4.84,4.64,4.25,3.95,3.89,4.15,4.96,4.22,5.01,4.76,4.76,4.57,3.72,4.62,4.76,4.37,4.69,4.71,4.68,4.58,4.69,4.42,4.54,4.7,4.45,4.11,4.56,4.44,3.62,4.56,4.44,4.25,4.27,4.34,4.73,4.66,4.98,4.56,4.57,4.45,4.18,4.8,4.15,4.64,4.59,5.25,4.47,3.91,3.96
CBX6,9.96,9.86,9.86,9.82,9.8,9.97,10.07,9.98,9.5,10.04,10.17,9.62,9.63,9.81,9.74,9.87,9.66,9.62,9.6,9.59,10.03,10.06,10.12,9.62,9.76,9.71,9.84,9.97,10.16,9.65,8.96,9.71,9.2,9.29,9.14,9.57,9.6,9.5,9.21,9.96,9.88,10.14,9.99,9.96,9.75,9.8,10.01,9.77,10.02,10.06
CBX7,8.5,8.51,8.72,8.61,8.81,8.75,8.35,8.67,8.49,8.65,8.49,8.53,8.31,7.78,8.22,8.23,8.21,8.77,8.86,8.88,8.24,8.43,8.48,8.49,8.37,8.19,8.56,8.65,8.65,8.02,5.01,8.42,7.59,7.91,7.85,8.45,8.21,8.41,8.29,8.57,8.68,9.22,9.08,8.53,8.11,8.1,8.03,8.51,8.65,7.55
CBX7,3.9,3.95,4.38,4.2,4.04,4.27,4.49,4.24,4.02,4.02,3.8,3.89,3.96,4.12,3.85,4.08,3.6,4.18,4.01,3.93,4.13,3.83,3.82,3.99,4.06,4.19,4.21,4.04,4.2,4.47,4.84,5.45,4.11,4.05,4.22,3.95,3.9,4.07,4.23,4.18,4.04,3.83,4.03,4.63,4.39,3.84,4.15,3.9,4.3,4.77
CBX8,5.08,5.05,5.18,5.43,5.85,5.39,6.07,5.41,5.17,5.12,5.14,5.18,5.07,5.61,5,5.15,5.23,5.59,5.44,5.42,5.14,5.21,5.19,5.4,5.56,5.24,5.32,5.47,5.46,6.82,6.74,6.65,4.96,5.21,5.33,5.45,5.07,5.33,4.97,5.33,5.5,5.5,5.27,5.67,5.22,5.57,5.49,5.21,5.31,5.12
CBY1,8.43,8.4,8.59,8.56,8.93,8.73,7.77,8.63,8.51,8.53,8.58,8.61,8.45,7.1,8.82,8.81,8.67,8.77,8.69,8.73,8.66,8.69,8.49,8.79,8.77,8.69,8.69,8.59,8.41,9.35,6.88,7.16,8.92,9.06,9.06,8.94,8.95,8.91,8.86,8.76,8.68,8.77,8.57,8.49,8.76,8.91,8.73,8.73,8.69,6.76
CC2D1A,6.03,6.2,6.38,6.44,6.96,6.54,5.53,6.54,5.9,5.99,6.2,6.02,6.01,7.3,6.18,6.27,6.34,6.32,6.49,6.45,6.02,6.17,6.43,6.28,6.35,6.25,6.38,6.04,6.43,5.42,7.1,6.13,6.12,6.2,6.19,6.45,6.7,6.49,6.29,6.33,6.65,6.6,6.51,5.23,6.61,6.48,6.51,6.38,6.57,7.4
CC2D1B,8.61,8.41,8.75,8.58,8.66,8.77,8.14,8.55,8.42,8.57,8.87,8.45,8.37,8.32,8.74,8.72,8.78,8.53,8.44,8.46,8.72,8.71,9,8.97,8.74,8.86,8.5,8.58,8.79,7.78,6.96,9.07,8.78,8.85,8.84,8.68,8.81,8.86,8.68,8.86,8.83,9,8.77,8.33,8.74,9.05,8.68,8.72,8.78,8.84
CC2D1B,6.28,6.42,6.57,6.26,6.66,6.64,6.24,6.32,6.46,6.61,6.51,6.22,6.39,7.99,6.59,6.57,6.76,6.42,6.58,6.55,6.87,6.67,6.77,6.43,6.56,6.27,6.62,6.47,6.93,6.93,6.57,6.8,6.22,6.43,6.88,6.5,6.68,6.35,7.01,6.72,6.72,6.6,7.02,7.6,6.54,6.69,6.58,6.44,6.41,8.46
CC2D2A,3.83,3.92,3.96,4.07,3.99,3.74,3.88,3.81,3.8,4.25,4.19,3.82,4.12,5.58,4.01,4.07,3.89,3.96,4.19,3.84,3.92,4.15,4.06,3.86,3.98,3.98,3.84,4.09,3.8,4.21,4.55,4.01,4.03,3.84,3.84,3.84,3.86,3.77,4.04,3.93,3.63,3.85,3.72,5.55,4,4.01,3.91,3.87,3.8,5.35
CC2D2B,3.97,3.81,3.86,3.76,3.71,3.65,4.91,4.18,3.76,3.84,3.9,3.89,3.95,3.73,3.8,4.17,3.68,3.7,3.82,3.98,3.95,3.71,3.91,3.94,3.69,3.86,3.62,3.77,4.06,4.07,4.59,5.12,3.77,4.02,3.75,3.69,3.7,3.54,4.36,3.83,3.74,3.78,3.65,4.59,4.36,4.14,3.87,3.64,3.62,4.29
CCAR1,9.83,10.2,9.67,9.67,9.6,9.66,9.7,9.31,9.9,9.6,9.94,9.71,10.28,9.91,9.51,9.67,9.57,9.57,9.54,9.68,10.02,9.83,10.25,9.52,9.56,9.82,9.65,9.48,10,9.73,8.82,9.28,9.83,9.68,9.62,9.46,9.73,9.49,9.72,9.56,9.68,9.69,9.73,9.53,9.38,9.68,9.64,9.66,10.08,8.62
CCAR1,11.36,11.44,11.24,11.25,11.12,11.41,11.75,11.36,11.48,11.36,11.32,11.09,11.35,10.96,11.33,11.33,11.31,11.26,11.34,11.44,11.42,11.38,11.52,11.3,11.3,11.34,11.35,11.22,11.44,11.54,10.31,10.14,11.4,11.3,11.37,11.35,11.34,11.15,11.09,11.26,11.48,11.44,11.26,10.17,11.33,11.2,11.44,11.4,11.36,9.57
CCBE1,5.35,5.36,5.27,5.73,5.66,5.1,5.64,5.73,5.5,5.88,5.68,5.32,5.01,6.23,5.23,5.44,5.2,5.57,5.28,5.25,5.22,5.53,5.53,5.33,5.19,5,5.73,5.82,5.39,5.5,5.94,6.41,5.28,5.39,5.1,5.3,5.05,5.4,6.79,5.71,5.39,5.81,5.81,4.8,5.54,5.5,5.83,5.2,5.75,5.18
CCBE1,6.1,6.24,6.56,6.41,6.65,6.5,5.73,6.35,6.4,6.51,6.74,6,5.66,6.39,5.63,5.8,5.85,6.57,6.28,6.28,5.72,5.81,5.96,6.16,5.72,5.76,6.37,6.72,6.38,5.35,5.75,7.59,5.72,5.99,6.13,6.23,5.46,5.92,5.8,6.04,6.53,6.39,6.14,5.49,6.86,6.91,6.82,6.35,6.61,5.43
CCBL1,8.64,8.19,8.48,8.63,8.65,8.57,8.72,8.59,8.56,8.37,8.49,8.54,8.35,8.82,8.38,8.28,8.17,8.65,8.78,8.67,8.31,8.29,8.46,8.24,8.38,8.32,8.75,8.67,8.64,8.64,9,9.56,8.12,8.1,8.09,8.36,8.45,8.2,8.01,8.33,8.59,8.62,8.8,9.86,8.33,8.35,8.52,8.39,8.6,9.56
CCBL2,9.91,9.91,9.86,9.96,9.68,9.7,9.66,9.88,9.97,9.94,10.01,9.84,9.96,8.7,9.53,9.5,9.51,9.96,9.94,9.93,9.88,9.97,9.99,9.65,9.6,9.7,9.77,9.87,9.89,9.55,7.62,8.45,9.42,9.49,9.52,9.53,9.4,9.51,9.72,9.9,9.78,9.92,9.84,8.32,9.82,9.73,9.99,9.85,10.06,8.5
CCBP2,3.71,3.76,3.84,3.94,3.93,3.99,3.87,3.87,3.76,3.39,3.77,3.69,3.67,4.45,3.67,3.53,3.9,3.84,4.07,3.81,3.75,3.87,3.78,3.72,3.65,3.55,3.63,3.52,3.79,4.03,4.36,4.31,3.68,4.03,3.48,3.74,3.42,3.79,3.76,3.49,3.95,3.63,3.3,4.6,3.72,3.53,4.1,3.85,3.77,3.76
CCBP2,3.94,3.8,4.11,3.88,4.75,3.99,4.47,4.02,3.88,3.72,3.91,3.97,3.92,5.29,3.81,4,3.99,3.95,4.19,3.91,3.89,4.31,4.13,4.07,3.92,3.78,3.93,4.01,4.35,4.08,4.36,3.7,3.87,4.4,4.21,4.02,4.24,4.1,4.34,3.97,4.01,3.82,3.91,4.63,3.95,4.17,4.03,3.8,3.98,4.66
CCDC101,8.76,8.55,8.75,8.77,9.02,9.04,8.4,8.88,8.57,8.52,8.72,8.61,8.44,7.75,9.27,9.21,9.17,8.55,8.49,8.57,8.4,8.34,8.47,8.88,8.95,8.99,8.97,8.74,8.76,6.87,6.82,6.76,8.93,8.93,9.09,9.22,9.37,9.19,9.02,8.84,8.83,8.89,8.96,8.49,8.75,8.93,8.66,8.64,8.6,8.46
CCDC102A,8.04,7.83,7.9,7.89,8.44,8.11,7.78,8.02,7.76,7.78,8.01,7.7,7.59,7.28,7.41,7.55,7.83,7.92,7.95,7.66,8.61,8.17,8.32,7.75,7.87,7.91,8.19,7.7,8.22,7.14,7.64,7.08,8.12,7.81,7.69,7.66,7.73,7.72,8.08,7.95,7.86,8.08,8.28,7.05,8.15,8.16,7.96,7.88,8.18,6.99
CCDC102B,3.65,3.54,3.39,3.77,3.59,3.58,3.74,3.71,3.58,3.53,3.8,3.92,3.6,3.86,3.67,3.62,3.41,3.57,3.77,3.58,3.91,3.66,3.73,3.29,3.36,3.33,3.57,3.59,3.75,3.96,3.9,3.68,3.5,3.54,3.69,3.62,3.6,3.3,3.39,3.48,3.35,3.61,3.73,3.61,3.48,3.51,3.5,3.68,3.68,3.84
CCDC102B,3.94,4.11,4.03,4.11,3.93,4.13,4.46,4.07,3.99,4.11,4.03,4.23,4.02,4.73,3.93,4.1,4.08,4,3.99,4.07,3.97,4.16,3.94,3.89,4.24,4.01,4.14,4.08,4.3,4.29,6.28,4.57,4.15,3.94,4.26,3.92,3.89,3.89,4.21,3.95,4.14,4.09,4.64,4.37,4.01,4.47,4.03,4.1,3.97,4.1
CCDC103,6.04,5.91,6.59,6.05,6.33,6.2,5.65,6.62,6.1,6.09,6.14,6.17,6.01,6.09,6.34,6.09,6.22,6.44,6.58,6.26,6.84,6.4,6.44,6.64,6.53,6.4,6.35,6.11,5.92,4.6,6.03,6.2,6.31,6.56,6.04,6.19,6.01,6.08,6.19,6.44,6.59,5.98,6.4,7.12,5.69,5.69,6.03,6.49,6.29,6.61
CCDC103,4.39,4.56,5.01,4.5,5.09,4.12,4.37,4.91,4.54,4.65,4.54,4.55,4.43,4.74,4.54,4.63,4.38,4.59,4.62,4.83,4.48,4.85,4.57,4.9,4.68,4.72,4.62,4.93,4.82,4.06,4.15,4.2,4.61,4.64,4.79,4.5,4.49,4.65,4.94,4.75,4.88,4.35,4.83,4.89,4.53,5,5.03,4.72,4.71,4.87
CCDC104,8.67,8.75,8.67,8.63,8.69,8.62,8.69,8.49,8.87,8.78,8.6,8.73,8.89,7.3,8.32,8.39,8.49,8.61,8.53,8.52,9.01,8.71,8.55,8.83,8.48,8.69,8.67,8.51,8.61,8.2,6,6.69,8.36,8.39,8.31,8.19,8.64,8.54,8.8,8.65,8.65,8.49,8.79,7.36,8.29,8.43,8.28,8.88,8.97,5.66
CCDC105,4.25,4.3,4.41,4.34,4.52,4.3,4.21,4.64,4.26,4.37,4.45,4.12,4.19,4.66,4.37,4.56,4.33,4.41,4.37,4.22,4.34,4.73,4.28,3.94,4.15,4.11,4.46,4.4,4.57,4.75,5,5.08,4.32,4,4.31,4.32,4.09,4.2,4.07,4.83,4.13,3.96,4.25,4.97,4.28,4.12,4.09,4.11,4.27,4.93
CCDC106,6.88,6.83,7.11,7.07,7.16,7.28,6.85,7.37,6.77,6.92,7.07,7.18,7.09,7.12,6.49,6.72,6.78,7.07,6.99,6.84,7.08,6.89,7.09,7.04,7.05,7.17,7.35,7.08,7,6.47,6.9,6.84,6.57,6.87,7.06,6.56,7.21,6.91,7.17,7.1,7.32,6.96,7.27,6.75,6.65,7.29,7.22,6.97,6.96,7.73
CCDC106,5.62,5.68,5.62,5.72,5.17,5.66,5.48,5.32,5.81,5.92,5.38,5.81,5.76,5.49,5.56,5.6,5.53,5.56,5.65,5.88,5.99,5.55,5.65,5.9,5.5,5.71,5.33,6.08,5.57,6.65,6.81,4.6,5.25,5.93,5.48,5.15,5.22,5.39,5.55,5.65,5.5,5.55,5.49,5.44,5.38,5.41,5.73,5.61,5.85,5.94
CCDC107,8.08,7.76,8.01,8.09,7.81,7.72,6.8,7.84,8.05,8.07,7.69,7.69,7.92,6.55,7.44,7.71,7.8,7.99,8.15,8.01,7.77,7.51,8.03,8.02,7.76,8.06,8.34,8.06,7.7,5.98,4.07,6.89,7.27,7.77,7.59,7.6,7.64,7.72,7.42,7.77,7.91,8.33,8.19,4.91,8.09,8.43,8.12,7.96,8.01,5.05
CCDC107,7.68,7.75,7.84,7.64,7.66,7.51,7.76,7.74,7.64,7.81,7.65,7.55,7.71,5.91,7.43,7.43,7.45,7.9,7.82,7.59,7.88,7.63,7.65,7.57,7.43,7.71,7.71,7.64,7.72,7.35,6.74,6.01,7.4,7.08,7.18,7.42,7.59,7.55,7.7,7.7,7.59,8.13,8.26,5.61,7.88,7.88,7.72,7.51,8.05,5.9
CCDC107,8.61,8.41,8.65,8.62,8.58,8.73,8.31,8.58,8.46,8.68,8.45,8.41,8.36,5.5,8.23,8.02,8.4,8.58,8.5,8.46,8.7,8.35,8.39,8.53,8.48,8.67,8.73,8.44,8.47,7.03,6.33,6.55,7.92,7.88,7.87,8.09,8.3,8.42,8.58,8.71,8.54,8.89,9.04,5.85,8.96,8.82,8.52,8.51,8.6,5.74
CCDC107,7.66,7.2,7.62,7.52,7.07,7.5,6.98,7.69,7.57,7.56,7.31,7.33,7.5,4.31,7.08,7.31,7.4,7.5,7.54,7.56,7.59,7.34,7.43,7.49,7.38,7.28,7.56,7.38,7.59,6.01,5.29,5.4,6.99,7.02,6.65,7.19,7.39,7.38,7.36,7.5,7.53,7.77,7.96,4.82,7.84,8.02,7.56,7.47,7.55,6.03
CCDC107,7.69,7.54,7.68,7.55,7.61,7.53,7.42,7.55,7.54,7.67,7.41,7.6,7.5,5.51,7.32,7.33,7.3,7.69,7.47,7.51,7.68,7.45,7.36,7.43,7.2,7.51,7.69,7.4,7.5,6.69,4.76,5.85,7.25,7.1,6.88,7.27,7.39,7.39,7.24,7.39,7.57,7.77,7.93,6.36,7.61,7.41,7.87,7.45,7.54,5.58
CCDC108,4.17,3.77,4.18,4.29,4.54,3.92,4.53,4.36,3.82,3.71,3.95,4.04,3.63,4.58,3.93,3.79,4.03,3.82,3.85,3.87,3.98,3.96,3.8,4.05,3.84,4.24,3.48,4.06,3.65,5.22,4.01,5.57,3.87,4.3,4.09,4.12,3.6,4.03,4.48,3.67,3.85,4.09,4.04,4.61,3.58,3.55,4.01,4.1,4.14,4.96
CCDC108,3.99,4.33,3.94,4.04,3.72,4.32,4.28,3.65,4.17,4.1,4.64,4.36,4.2,6.48,4.02,4.49,4.1,4.16,4.46,3.97,4.42,4.38,4.37,4.19,4.08,4.43,3.87,4.3,4.46,4.03,5.57,5.83,4.47,4.3,4.06,4.39,3.82,3.77,3.84,4.07,4.26,4.45,4.22,6.42,4.45,3.9,4.03,4.01,4.15,5.69
CCDC108,4.39,4.42,4.34,4.19,4.96,4.38,4.53,4.75,4.56,4.41,4.23,4.2,4.19,4.1,4.23,4.66,4.4,4.38,4.29,4.07,4.59,4.31,4.53,3.98,4.54,4.06,4.54,4.46,4.25,5.02,4.98,5.58,4.45,4.37,4.25,4.32,4.22,4.23,4.45,4.13,4.36,4.38,4.1,4.37,4.97,4.59,4.44,4.43,4.34,4.41
CCDC108,4,4.06,4.09,4.18,3.77,4.06,3.78,4.12,4.01,4.33,4.02,3.97,4.19,4.77,4.04,4.05,4.08,4.07,3.92,3.92,3.94,4.15,4.11,3.96,4.01,4.03,4.01,3.93,3.71,3.4,4.03,3.84,3.94,4.2,3.99,4.05,3.43,4.37,3.41,4.16,4.16,4.58,4.76,4.33,3.7,4.16,4.01,3.77,4.09,5.21
CCDC109A,8.11,8.31,8.49,8.28,8.54,8.5,9,8.34,8.06,8.33,8.38,8.07,8.12,7.35,8.17,8.3,8.07,8.5,8.59,8.48,8.02,7.91,8.05,8.05,8.07,8.14,8.21,8.23,8.39,7.86,6.25,6.52,8.16,8.21,8.3,8.22,8.1,8.39,8.1,8.33,8.36,8.17,8.24,7.12,8.53,8.3,8.47,8.33,8.4,7.41
CCDC109A,4.99,3.79,4.65,4.65,4.01,4.23,4.08,4.17,4.73,4.47,3.96,4.58,4.4,5.2,4.72,4,4.55,4.84,4.78,4.98,3.98,4.17,4.06,4.61,4.45,4.47,4.36,4.15,3.87,4.11,5.36,3.98,4.78,4.33,4.55,4.28,4.27,4.46,5,4.48,4.83,3.98,4.07,3.97,4.39,4.28,4.51,4.68,4.33,4.09
CCDC109B,9.5,9.62,9.48,9.49,9.3,9.25,8.94,9.3,9.65,9.47,9.76,9.48,9.52,8.42,9.02,8.53,8.94,9.63,9.66,9.74,8.86,8.8,9.25,8.92,8.85,8.9,9.4,9.43,9.44,9,9.02,9.29,8.46,8.66,8.72,9.06,8.64,8.99,8.87,9.39,9.43,9.31,9.26,9.59,9.45,9.41,9.52,9.43,9.36,9.03
CCDC109B,4.18,4.32,4.37,4.08,4.18,4.43,4.4,4.27,4.49,4.29,4.25,4.13,4.11,3.58,3.57,3.46,3.95,4.59,4.81,4.34,3.8,3.82,3.76,3.55,3.55,3.74,4.12,3.78,4.07,3.71,3.59,3.57,3.41,3.71,3.52,4.08,3.97,3.42,5.22,4.07,4.04,3.8,4.18,4.27,4.45,4.02,4.49,4.1,4.26,3.96
CCDC11,5.19,5.08,5.06,5.27,5.46,4.95,6.31,5.15,5.01,5.05,5.3,5,5.04,6.69,5.21,5.41,5.11,5.27,5.42,5.29,5.32,4.86,5.12,5.14,5.49,5.07,5.14,5.24,5.31,6.3,5.55,7.55,5,5.22,5.02,4.8,5.34,5.1,5.57,5.43,5.37,5.86,5.43,6.03,5.4,5.62,5.15,5.27,5.57,6.89
CCDC110,3.29,3.37,3.31,3.3,3.67,3.31,4.12,3.3,3.33,3.38,3.5,3.16,3.22,3.77,3.24,3.35,3.24,3.33,3.37,3.3,3.31,3.52,3.26,3.21,3.19,3.11,3.43,3.28,3.23,4.41,3.97,5.22,3.26,3.41,3.37,3.24,3.28,3.29,3.89,3.22,3.3,3.11,3.41,4.07,3.37,3.31,3.4,3.38,3.22,3.34
CCDC111,7.37,7.39,7.44,7.45,7.24,6.99,6.82,7.55,7.42,7.58,7.39,7.3,7.33,6.91,7.35,7.51,7.53,7.28,7.64,7.42,6.95,7.25,7.42,7.52,7.26,7.16,7.37,7.46,7.38,7.07,4.26,5.57,7.62,7.77,7.78,7.54,7.73,7.9,6.12,7.28,7.19,7.9,7.74,6.44,7.28,6.78,7.06,7.58,7.23,6.99
CCDC112,7.17,7.55,6.93,7.2,7.2,6.99,6.92,7.14,7.33,7.26,7.65,7.33,7.2,6.52,7.45,7.02,7.24,7.25,7.01,7.2,6.93,7.35,7.54,7.3,7.43,7.14,7.23,7.43,7.17,6.52,6.99,6.75,6.76,7.02,6.85,7.19,6.87,7.19,6.82,7.3,7.09,7.25,7.29,6.75,7.69,7.28,7.82,7.13,7.39,6.71
CCDC112,8.67,9.08,8.46,8.4,8.34,8.49,8.23,8.65,8.74,8.68,9.09,8.69,8.78,8.71,8.78,8.65,8.7,8.48,8.34,8.71,8.59,8.54,8.82,8.66,8.7,8.56,8.56,8.75,8.39,8.2,7.77,8.31,8.36,8.4,8.47,8.65,8.47,8.51,7.97,8.52,8.57,8.72,8.59,9.01,9.07,9.04,9.24,8.59,8.48,8.46
CCDC112,6.63,7.09,6.36,6.6,6.78,6.79,6.07,6.43,6.86,6.7,6.75,6.39,6.91,6.72,6.84,6.3,6.79,6.62,6.46,6.37,6.69,6.63,6.91,6.65,6.48,6.68,6.64,6.67,6.68,6.5,6.21,6.12,6.31,6.42,6.54,6.56,6.51,6.52,6.01,6.62,6.56,7.05,6.89,7.26,7.24,7.2,6.91,6.79,6.89,6.76
CCDC113,3.76,4.16,4.18,4.18,4.05,3.74,3.49,3.86,4,4.02,3.95,3.88,4.23,4.76,4.03,3.97,4.18,3.95,4.21,4.2,3.88,3.91,4.1,4.07,3.91,3.85,3.97,4.04,4.06,5.86,6.1,3.96,4.01,4.09,4,4.52,4.47,3.66,3.52,4.17,4.03,3.97,4.21,4.52,3.99,3.67,3.81,4.18,3.79,4.77
CCDC113,4.17,4.38,3.91,3.91,3.87,4.09,4.6,3.68,4.06,4.33,3.9,3.87,4.11,3.69,3.68,3.86,3.92,3.96,3.83,4.09,3.9,3.89,3.86,3.8,3.74,4.07,3.9,4.05,3.77,3.41,5.17,3.91,3.97,4.1,3.61,3.86,3.5,3.81,4.23,3.58,3.83,4.05,4.13,3.94,3.64,3.33,3.87,4.33,3.77,3.86
CCDC113,5.3,5.34,5.68,5.87,5.95,6.03,5.24,5.69,5.72,5.49,5.8,5.76,5.07,5.65,6.2,6.03,6.3,6.16,5.95,6.04,6.16,5.59,6.23,6.01,6.04,6.01,6.18,5.92,5.99,5.24,3.94,6.94,5.57,5.4,5.79,6.32,6.26,5.88,5.46,6.34,5.98,6.44,6.76,6.67,6.34,6.12,6.44,6.13,6.48,5.06
CCDC113,4.31,4.28,4.5,4.41,4.91,4.24,4.35,4.85,4.32,4.61,4.16,4.36,4.44,6.06,4.46,4.33,4.56,4.37,4.5,4.38,4.66,4.69,4.64,4.45,4.5,4.29,4.21,4.28,4.37,5.28,7.33,5.13,4.73,4.45,4.53,4.52,4.28,4.81,4.17,4.6,4.82,4.67,4.35,4.48,4.5,4.43,4.37,4.59,4.46,4.87
CCDC114,6.62,6.71,6.96,6.88,6.98,6.84,7.25,6.97,6.75,6.73,7.07,6.94,6.74,8.45,6.94,6.95,6.84,6.88,6.87,6.88,6.63,7.02,7.04,6.81,6.97,6.54,6.83,7.01,6.79,6.71,8.24,8.13,6.72,6.87,6.86,6.99,6.53,6.72,6.44,6.76,6.91,7.09,6.96,8.48,6.47,7.1,7.17,6.94,6.87,9.19
CCDC115,8.28,8.39,8.12,8.31,8.16,8.07,7.73,8.47,8.37,8.44,8.18,8.5,8.47,5.5,8.22,8.27,8.41,8.12,8.27,8.44,8.49,8.54,8.44,8.42,8.49,8.54,8.37,8.14,8.09,7.02,6.5,7.97,8.07,8.1,8.08,8.35,8.21,8.47,8.17,8.71,8.48,8.46,8.38,6.24,8.54,8.32,8.54,8.31,8.42,6.14
CCDC115,9.56,9.62,9.56,9.7,9.55,9.54,9.2,9.53,9.63,9.68,9.65,9.75,9.64,9.28,9.79,9.66,9.71,9.5,9.59,9.62,9.84,9.95,9.68,9.79,9.76,9.72,9.55,9.69,9.63,8.9,8.07,8.26,9.28,9.5,9.52,9.77,9.6,9.62,9.07,9.66,9.62,9.86,9.57,9.54,9.69,9.64,9.74,9.67,9.75,8.9
CCDC115,9.64,9.68,9.55,9.56,9.45,9.39,9.63,9.84,9.57,9.79,9.39,9.75,9.83,7.48,9.62,9.81,9.7,9.54,9.6,9.54,9.93,9.92,9.52,9.76,9.74,9.76,9.66,9.74,9.52,8.14,5.77,7.58,9.47,9.42,9.46,9.56,9.38,9.68,8.83,9.81,9.66,9.88,9.64,6.88,9.79,9.54,9.81,9.69,9.76,7.24
CCDC116,4.16,4.02,4.11,4.21,4.23,4.14,4.64,4.14,4.32,3.95,3.99,4.31,3.97,4.76,4.17,4.11,4.19,4.32,4.08,4.4,3.8,4.16,4.12,4.23,4.04,4.31,4.06,4.21,4.22,3.73,4.61,5.08,4.2,4.09,4.09,4.09,4.18,4.05,3.94,3.95,4.26,4.19,4.26,5.18,3.78,4.51,4.21,3.87,3.87,5.06
CCDC116,4.16,5.05,3.99,4.43,3.9,4.16,4.65,4.72,4.32,4.16,4.62,4.92,4.67,4.19,3.83,4.25,4.02,3.88,3.92,4.09,4.29,4.36,4.55,3.93,4.1,4.31,3.91,4.07,4.57,5.67,5.52,4.66,3.92,4.18,4.14,4.05,3.98,3.81,5.16,3.81,4.08,4.16,4.34,5.14,3.79,4.13,3.98,4.37,4.09,5.66
CCDC117,8.66,8.75,8.56,8.56,8.33,8.41,7.85,8.55,8.77,8.82,8.67,8.66,8.56,8.32,8.71,8.83,8.91,8.46,8.58,8.4,8.5,8.47,8.57,8.58,8.56,8.42,8.68,8.7,8.53,8.09,8.1,6.89,8.91,8.96,8.82,8.68,8.44,8.75,8,8.68,8.56,8.38,8.75,7.96,8.12,7.87,8,8.67,8.69,7.27
CCDC117,8.99,8.75,8.68,8.84,8.49,8.5,8.05,8.81,9,8.98,8.65,8.79,8.79,8.03,9.07,8.94,9.1,8.59,8.61,8.78,8.77,8.82,8.73,8.75,8.91,8.79,8.69,9.01,8.42,6.96,8.43,8.36,9,9.24,8.95,9,8.68,8.99,8.56,8.81,8.82,8.75,8.47,7.07,8.24,8.63,8.5,8.84,8.83,8.44
CCDC117,4.46,4.23,4.29,4.23,3.63,4.41,4.93,4.53,4.42,4.23,4.35,4.52,4.44,3.71,4.4,4.14,4.48,4.33,4.04,4.61,4.01,4.01,3.96,4.19,3.93,4.27,4.41,3.97,4.17,4.39,4.52,4.01,4.38,4.79,4.46,4.21,4.15,4.45,4.36,4.2,3.97,4.02,4.12,3.65,4.27,3.88,4.19,4.42,4.33,4.79
CCDC12,9.8,9.74,9.92,9.79,9.86,9.88,9.98,10.01,9.58,9.79,9.65,9.72,9.68,9.16,9.69,9.49,9.76,9.9,9.93,9.9,9.79,9.66,9.53,9.69,9.63,9.77,9.88,9.82,9.93,9.51,8.28,9,9.66,9.67,9.65,9.82,9.89,9.88,9.82,9.74,9.7,9.67,9.74,9.36,9.78,9.7,9.74,9.63,9.65,8.54
CCDC12,4.4,4.53,4.3,4.62,4.95,4.41,5.24,4.55,4.87,4.48,4.54,4.67,4.66,4.81,4.45,4.61,4.66,4.77,4.66,4.53,4.7,4.57,4.67,4.6,4.66,4.38,4.74,4.67,4.96,5.51,6.76,4.58,4.57,4.68,4.49,4.47,4.43,4.56,3.95,4.41,4.86,4.67,4.68,5.14,4.42,5.08,4.49,4.74,4.65,6.89
CCDC12,3.95,3.92,4.13,3.81,3.94,4.02,3.66,3.89,3.94,3.88,3.89,3.74,3.95,4.78,3.71,3.98,3.86,4.09,4.04,3.92,3.93,3.94,3.7,3.82,3.91,4,3.99,3.81,4.29,3.89,5.41,4.77,3.84,3.68,4.06,3.77,3.92,4.16,4.02,4.3,3.63,4.13,4.13,4.95,3.81,4.27,3.9,4.14,3.76,5.07
CCDC120,4.1,4.34,4.28,4.34,4.18,4.12,5.16,4.08,4.29,4.46,4.55,4.28,4.49,5.36,4.31,4.11,4.37,4.13,4.32,4.17,4.27,4.43,4.27,4.11,4.25,4.56,4.27,4.28,4.04,4.82,5.27,5.67,4.2,4.46,4.2,4,3.83,4.48,4.77,3.78,4.28,3.98,4.12,4.62,3.66,3.9,4.18,4.29,4.15,5.67
CCDC120,4.23,3.72,3.96,4.09,4.23,4.24,4,4.18,4.03,3.93,4.08,4.08,4.06,4.54,4.02,3.96,3.96,4.17,4.02,3.96,4.01,3.95,4.14,3.88,3.92,3.94,3.97,4.07,4.04,4.38,4.54,3.97,4.19,3.99,4.04,3.99,4,3.96,4.47,4.31,3.84,4.11,4.03,4.54,4.12,3.92,4.13,3.91,4.24,4.36
CCDC120,5.9,6.37,5.95,6.2,6.3,6.26,5.87,5.62,5.79,5.98,6.37,5.9,5.64,6.15,5.93,5.73,5.64,5.94,5.74,6.06,5.9,6.26,6.01,5.86,6.05,5.81,5.91,6.11,5.79,5.39,7.27,6.56,5.76,6,6.13,6.05,5.43,6.04,5.59,5.91,5.91,5.94,5.73,6.25,5.77,5.71,5.91,5.8,5.55,6.38
CCDC121,4.24,4.05,3.73,3.96,3.71,4.08,4,3.82,4.1,4.2,4.38,3.9,4.22,4.14,3.96,3.77,4.07,4,4.12,4,3.89,4.01,4.13,3.96,4.28,3.92,4.06,3.96,3.85,3.98,3.7,3.88,3.83,3.94,3.72,4.1,3.71,3.63,3.76,3.96,3.7,3.79,3.82,4.97,3.87,3.99,3.71,4.06,3.93,3.95
CCDC122,3.76,4,3.63,3.59,3.64,3.47,3.71,3.45,3.8,3.58,3.69,3.92,3.86,3.96,3.98,3.93,3.58,3.52,3.76,3.59,3.8,3.81,4.09,3.62,3.82,3.7,3.6,3.73,3.76,4.25,5.48,3.8,3.79,3.93,3.56,3.54,3.54,3.98,3.84,3.46,3.41,3.87,3.56,5.15,3.56,3.45,3.66,3.58,3.53,3.78
CCDC122,4.09,3.98,3.91,4.54,4.64,4.04,4.27,4.1,3.84,3.76,3.97,4.19,4.02,4.89,4.11,4.19,3.84,4.29,4.07,4.2,4.36,4.3,3.92,4.14,3.84,3.83,4.06,4.02,4.36,5.03,5.88,5.49,4.24,4.11,4.25,4.04,4.14,3.86,5.43,4.43,4.3,4.32,4.8,5.74,4.27,4.3,3.86,4.1,3.98,4.97
CCDC123,5.36,4.71,5.12,5.06,4.21,4.74,5.69,5.26,5.19,5.06,4.93,5.02,5.17,5.11,5.4,4.8,5.48,4.68,4.75,4.94,5.14,4.91,4.72,5.33,5.22,5.3,5.09,4.72,4.56,5.27,6.1,4.34,5.46,5.31,5.17,5.09,5.12,5.45,5.17,4.86,4.48,4.42,5.29,5.37,4.84,4.56,4.63,4.69,4.51,4.07
CCDC123,6.45,6.23,6.65,6.51,6.69,6.43,7.02,7.16,6.35,6.48,6.8,6.25,6.26,5.73,6.72,6.81,6.74,6.68,6.48,6.63,6.65,6.29,6.44,6.65,6.6,6.57,6.6,6.51,6.74,5.95,5.99,7.25,6.38,6.48,6.79,6.51,6.93,6.75,7.33,6.74,7,6.7,6.83,6.61,6.29,6.07,6.72,6.68,6.86,7.36
CCDC124,10.11,9.92,10.17,10.17,10.4,10.51,10.19,10.27,10.16,10.05,9.84,10.05,9.96,8.66,9.83,10.04,9.99,10.4,10.33,10.23,10.03,9.87,9.88,10.02,9.96,10.12,10.26,10.08,10.26,9.7,8.21,9.96,9.81,9.79,9.87,10.01,10.35,10.08,10.61,10.39,10.34,10.12,10.1,8.95,10.4,10.43,10.23,10.2,10.16,8.05
CCDC125,5.95,5.83,6.06,6.17,5.27,5.67,4.96,6.24,6.08,6.06,6.05,6.09,5.53,5.21,5.63,5.44,5.85,5.94,6.02,6.06,5.55,5.68,5.8,6.02,5.75,5.66,5.79,6.03,5.44,5.61,3.66,4.41,5.55,5.53,5.69,5.62,5.51,5.9,5.89,6.15,6.07,6.16,5.78,5.61,6.35,6.1,6,6.09,6.02,4.35
CCDC125,5.39,5.53,5.28,5.59,5.36,5.49,5.23,5.05,5.7,5.29,5.56,5.56,5.13,5.22,6,5.37,5.47,5.41,5.4,5.81,4.89,5.34,5.56,5.14,5.46,5.19,5.31,5.29,5.36,7.6,4.4,6.02,5.66,5.42,5.34,5.34,5.17,5.01,5.16,6.09,5.37,4.85,4.73,5.92,5.08,4.8,4.98,5.07,4.93,4.83
CCDC125,4.91,4.49,4.85,5.05,4.67,4.46,4.26,4.54,4.98,5.17,4.64,4.8,4.59,4.57,5.2,5.03,4.92,5.38,5.08,5.4,4.53,4.66,4.58,5.29,4.92,4.7,5.2,5.49,4.55,4.54,4.12,4.41,4.52,4.73,4.59,5.21,4.5,4.66,3.92,4.91,4.86,4.63,4.88,4.73,5.16,4.44,4.74,5.15,4.82,4.31
CCDC126,6.32,5.79,5.98,6.07,5.6,6.27,6.07,5.97,6.05,6.36,5.75,6.13,5.96,5.65,6.27,6.42,6.18,6.18,6.21,6.25,6.11,6.22,5.68,6.17,5.95,6.14,5.8,6.19,6.08,6.53,6.45,6.31,6.21,6.15,6.04,6.06,5.86,5.82,5.84,6.44,6.32,5.54,5.61,5.87,6.52,5.54,6.17,6.1,6.13,6.47
CCDC126,6.61,6.98,6.76,6.73,6.65,6.54,6.67,6.69,6.8,6.78,7.1,6.95,6.62,7.41,6.91,6.61,6.91,6.95,6.82,6.85,6.73,6.97,7.01,6.97,7.2,6.61,6.61,6.66,6.6,5.59,7,6.6,6.48,6.6,6.61,6.75,6.55,6.84,6.35,6.6,6.61,6.39,6.57,6.77,6.74,6.42,6.68,6.8,6.95,6.45
CCDC126,5.51,5.77,5.21,5.58,5.2,5.3,5.41,5.55,5.68,5.58,5.33,5.69,5.55,4.66,5.3,5,5.57,5.46,5.28,5.39,5.51,5.71,5.7,5.3,5.4,5.53,5.33,5.67,5.34,5.75,5.02,4.07,5.68,5.68,5.44,5.54,5.13,5.13,4.2,5.35,5.32,5.29,4.87,4.92,5.33,5.48,5.23,5.62,5.55,5.18
CCDC127,8.71,8.56,8.71,8.76,8.77,8.93,8.31,8.74,8.72,8.75,8.73,8.74,8.64,5.55,8.65,8.53,8.66,8.99,8.96,8.91,8.66,8.44,8.53,8.72,8.82,8.8,8.69,8.86,8.62,6.47,6.2,6.2,8.71,8.84,8.76,8.64,8.62,8.68,8.84,8.85,8.73,8.74,8.49,6.78,8.8,8.71,8.68,8.72,8.79,6.85
CCDC129,4.53,4.59,4.58,4.69,4.8,4.35,4.6,4.43,4.62,4.79,4.55,4.71,4.87,6.01,4.62,4.45,4.54,4.63,4.67,4.62,4.46,4.66,4.67,4.55,4.21,4.38,4.42,4.77,4.66,5.36,4.91,4.67,4.41,4.5,4.53,4.48,4.45,4.61,4.97,4.47,4.72,4.88,4.45,6.1,4.6,4.73,4.47,4.75,4.69,5.42
CCDC129,3.64,3.6,3.43,3.53,3.63,4.12,4.35,3.81,3.62,3.65,3.63,3.59,3.53,3.72,3.55,3.53,3.59,3.55,3.52,3.82,3.51,3.72,3.74,3.45,3.75,3.45,3.69,3.56,3.88,4.52,6.36,4.98,3.41,3.56,3.54,3.44,4.35,3.49,4.21,3.65,3.71,3.68,3.89,4.51,3.82,3.81,3.51,3.66,3.69,4.21
CCDC129,3.63,3.71,3.92,3.81,3.77,3.87,4.29,3.59,3.59,3.58,3.57,3.71,3.7,4.64,3.71,3.81,3.67,4.01,3.79,3.76,3.65,3.77,3.87,3.75,3.5,3.86,3.58,3.78,3.76,4.38,8.03,4.58,3.7,3.59,3.63,3.58,3.94,3.85,3.82,3.65,3.69,3.75,3.72,4.42,3.85,4.02,3.78,3.87,3.84,4.48
CCDC129,3.87,3.77,3.59,3.68,4.18,3.86,5.03,3.92,3.73,3.84,3.66,3.8,3.79,3.94,3.89,3.77,3.75,3.68,3.84,3.9,3.97,3.81,3.86,3.83,3.98,3.79,3.64,3.6,3.68,5.75,6.11,4.31,3.77,3.93,3.82,3.7,3.83,3.83,3.84,4.05,4,4.1,4.43,3.77,4.01,3.81,3.96,4.11,3.83,4.43
CCDC13,3.89,3.93,4.12,4.01,4.57,4.48,4.87,4.16,4.13,4.36,4.03,4.19,4.16,4.14,4.22,4.22,4.1,4.13,4.05,3.87,4.31,4.05,4.21,4.28,4.14,4.1,4.2,4.07,4.08,4.81,5.58,4.27,3.97,3.99,4.28,4.18,4.42,4.09,4.93,4.2,4.4,4.28,4.74,4.29,4.09,4.2,4.44,4.19,4.27,6.16
CCDC13,5.25,5.76,5.33,5.92,6.36,5.57,6.77,5.65,5.52,5.79,5.83,5.66,5.88,5.62,5.65,5.54,5.22,5.56,5.45,5.41,5.23,5.79,5.82,5.34,4.81,5.17,5.43,5.45,5.76,4.8,4.67,6.46,5.66,5.54,5.51,5.42,5.22,5.54,6.07,5.41,5.8,5.05,5.9,5.59,5.41,5.37,4.84,5.25,5.28,6.38
CCDC130,7.99,8.03,8.22,8.05,8.21,8.26,8.28,8.3,8,7.97,7.81,8.03,7.92,7.52,8.19,8.17,8.22,8.02,8.12,8.1,8.27,8.09,8.32,8.41,8.24,8.38,8.11,8.08,8.31,7.7,6.94,6.84,8.53,8.39,8.3,8.31,8.41,8.38,8.41,8.22,8.44,8.5,8.51,7.37,8.38,8.34,8.39,8.29,8.11,7.19
CCDC130,7.95,7.46,7.54,7.59,7.33,7.12,7.18,7.78,7.8,7.75,7.14,7.71,7.77,4.91,7.9,7.99,8.01,7.77,7.73,7.93,7.73,7.75,7.51,7.91,7.97,8.15,7.56,7.79,7.54,5.76,6.17,4.78,8.3,8.47,8.37,8.03,7.42,8.14,5.76,7.85,7.72,7.66,7.3,4.75,8.07,7.62,7.52,7.62,7.67,7.15
CCDC132,4.92,4.57,4.84,4.77,4.91,4.59,5.6,4.44,4.63,4.72,4.47,4.94,4.86,4.21,5.11,4.84,5.02,5.07,4.99,4.85,4.88,4.62,4.65,5.01,4.72,4.84,4.85,4.71,4.42,5.29,5.9,4.69,4.83,4.95,4.9,4.7,4.32,5,4.87,4.64,4.57,4.6,4.43,4.86,5.37,4.47,5.2,4.63,4.83,4.91
CCDC132,5.33,5.3,5.67,5.54,5.43,5.09,4.82,5.1,5.58,5.52,5.47,5.65,5.58,5.37,5.78,5.47,5.45,5.46,5.62,5.58,5.4,5.45,5.21,5.63,5.4,5.46,5.41,5.45,5.9,4.92,6.78,5.42,5.24,5.36,5.49,5.15,5.46,5.38,5.03,5.04,5.52,4.75,4.58,5.26,5.83,5.22,5.95,5.59,5.29,4.81
CCDC132,9.45,9.53,9.38,9.44,9.42,9.31,9.29,9.47,9.35,9.5,9.62,9.52,9.41,9.8,9.61,9.47,9.58,9.64,9.53,9.63,9.54,9.67,9.72,9.63,9.53,9.58,9.41,9.59,9.46,9.05,9,8.39,9.2,9.32,9.27,9.56,9.33,9.49,9.27,9.57,9.49,9.54,9.32,9.55,9.5,9.37,9.81,9.46,9.5,9.14
CCDC132,3.39,3.62,3.54,3.68,3.65,3.56,4.03,3.42,3.56,3.41,3.8,3.57,3.49,4.9,3.68,3.51,3.57,3.72,3.46,3.9,3.68,3.44,3.58,3.46,3.35,3.46,3.6,3.56,3.56,4.28,6.11,5.16,3.53,3.44,3.54,3.54,4.01,3.59,3.45,3.54,3.57,3.65,3.56,4.3,3.98,3.5,3.38,3.52,3.57,4.52
CCDC134,6.01,5.65,6.12,6.06,6.13,5.6,5.04,6.11,6.02,6,6.19,6.08,5.77,5.38,6.33,6.3,6.14,6.43,6.2,6.14,6.03,6.11,6.07,6.26,5.96,6.27,6.09,5.94,5.95,6.82,5.28,5.35,6.97,6.86,7.11,6.35,6.4,6.32,5.25,6.46,6.49,6.17,5.67,5.69,6.1,5.98,5.75,6.02,6.26,7.52
CCDC135,4.64,4.24,4.27,4.05,3.92,4.06,4.36,4.29,4.12,3.95,4,4.24,4.17,6.86,4.49,4.2,4.19,3.56,4.22,4.1,4.09,4.18,4.07,4.02,3.6,4.11,3.81,4.11,3.94,5.12,4.71,5.03,4.29,4.13,4.09,4.27,3.94,4.1,4.47,4.23,3.85,4.07,3.9,4.24,3.98,3.79,3.89,4.02,4.26,4.23
CCDC136,5.8,5.79,5.97,5.83,6.19,6.26,5.53,5.94,5.84,6.11,6.22,5.76,5.71,6.39,5.89,6.01,6.03,6,6.2,6.17,5.99,5.95,6.11,6.02,5.76,5.73,6.11,5.97,5.8,4.52,5.06,5.81,6.23,5.76,5.71,6.05,6.26,6.27,5.08,6.21,5.99,6.27,6.1,6.4,5.58,6.18,5.4,5.89,6.22,5.81
CCDC137,8.31,8.54,8.83,8.56,8.81,8.91,8.54,8.69,8.38,8.43,8.61,8.33,8.3,7.26,8.26,8.37,8.55,8.71,8.69,8.55,8.46,8.29,8.48,8.51,8.27,8.65,8.73,8.33,8.9,8.85,7.13,6.69,8.61,8.72,8.89,8.47,8.95,8.67,9.24,8.78,8.71,8.58,8.6,7.76,8.91,8.89,8.81,8.64,8.82,7.91
CCDC138,7.82,7.56,7.78,7.85,7.64,7.43,7.07,7.57,7.85,7.72,7.79,7.64,7.33,6.57,7.48,7.56,7.59,8.1,7.9,8.09,6.95,6.96,6.83,6.98,7.17,7.12,7.77,7.8,7.53,7.55,6.55,7.76,7.71,7.88,7.84,7.32,7.56,7.64,5.91,7.68,7.65,7.26,7.17,5.92,7.41,6.66,7.05,7.71,7.77,6.55
CCDC14,8.22,7.99,7.84,8.06,7.52,7.25,7.15,8.02,7.98,8.25,7.91,7.92,7.94,6.01,8.12,8.08,8.05,7.8,7.92,7.95,7.74,7.82,7.66,7.81,7.89,7.83,7.97,8.33,7.72,6.88,5.6,5.73,8.32,8.29,8.31,8.08,7.63,8.27,6.22,7.77,7.98,7.61,7.43,6.31,7.55,7.58,7.96,7.89,7.69,4.55
CCDC14,8.17,8.45,8.19,8.41,8.4,8.28,7.94,7.99,8.62,8.23,8.56,8.09,8.29,7.39,8.31,8.31,8.32,8.18,8.12,8.13,7.92,7.93,8.54,8,8.04,8.08,8.32,8.16,8.49,8.84,7.37,7.08,8.35,8.39,8.35,8.32,8.35,8.23,8.11,8.07,8.33,8.46,8.49,8.01,8.05,8.41,8.23,8.35,8.61,7.17
CCDC14,8.08,8.23,7.81,7.88,7.23,7.32,7.41,7.59,8,8.25,7.97,7.75,7.96,7.05,7.86,7.77,7.96,7.24,7.75,7.82,7.64,7.33,7.75,7.52,7.75,7.7,7.77,7.95,8,7.3,5.65,6.58,7.91,7.92,8.02,7.7,7.41,7.89,6.92,7.5,7.55,7.78,7.96,7.29,7.7,7.38,7.71,7.74,8.13,6.94
CCDC140,3.52,3.65,3.54,3.68,3.82,4.03,4.11,3.89,3.69,3.91,3.67,3.74,3.78,3.83,3.53,3.64,3.66,3.62,3.65,3.69,3.62,3.67,3.75,3.78,3.7,3.77,3.67,3.77,3.96,5.52,4.21,4.24,3.52,3.63,3.59,3.58,3.72,3.45,4.37,3.5,3.86,3.61,4.14,3.81,3.73,3.58,4,3.7,3.52,4.41
CCDC141,4.09,4.12,4.05,4.13,4.25,3.99,5.15,4.18,3.99,4.05,4.2,4,4.18,4.11,3.9,4.07,3.98,4.84,3.8,3.93,3.98,4.11,3.89,4.12,3.73,3.71,4.08,3.76,3.8,5.43,6.05,4.85,3.98,4.14,4.04,3.92,3.94,4.02,4.25,3.94,3.84,4.01,3.97,6.46,4.43,3.85,4.27,3.89,4.16,5.17
CCDC142,5.71,5.34,5.98,5.54,5.36,6.19,5.82,6.09,5.6,5.63,5.58,5.43,5.44,4.79,5.39,5.75,5.5,5.52,5.9,5.52,5.88,5.44,5.67,5.52,5.68,5.53,5.7,5.26,6.18,5.32,4.65,5.5,5.23,5.57,5.48,5.55,5.71,5.61,5.5,5.56,5.66,5.84,6.15,5.14,5.82,6.08,5.64,5.6,5.81,5.68
CCDC142,7.31,7.19,7.24,7.34,7.36,7.13,6.59,7.8,7.18,7.35,7.35,7.25,6.92,6.05,7.15,7.3,7.12,7.27,7.45,7.42,7.35,7.36,7.11,7.58,7.51,7.31,7.21,7.27,6.97,6.5,5.91,5.38,6.94,7.23,7.29,7.23,7.47,7.31,6.74,7.32,7.29,7.5,7.38,6.57,7.46,7.81,7.54,7.24,7.17,6.31
CCDC142 /// MRPL53,10.7,10.75,10.76,10.64,10.76,10.76,10.54,10.7,10.6,10.55,10.58,10.64,10.63,9.54,10.59,10.61,10.71,10.61,10.73,10.65,10.86,10.68,10.88,10.7,10.7,10.77,10.75,10.51,10.77,10.43,8.12,9.38,10.4,10.35,10.36,10.71,10.93,10.87,10.53,10.8,10.79,10.86,10.86,9.47,11.05,11.04,10.97,10.67,10.77,9.1
CCDC144A,4.65,4.78,4.64,4.89,4.99,4.58,4.67,4.67,4.85,4.77,5.12,4.77,4.9,7.69,4.99,5.27,4.65,4.93,4.85,4.99,4.76,4.79,4.69,4.42,4.68,4.78,4.74,5.04,5.02,5.09,6.63,6.37,4.36,4.45,4.51,4.76,4.12,4.59,4.87,4.44,4.44,4.85,5.05,7.86,4.84,5.03,4.74,4.76,4.91,7.36
CCDC144A,3.69,3.84,3.69,3.77,3.58,4.29,4.56,3.92,3.78,3.93,4.34,3.84,3.87,4.65,3.88,3.9,3.78,3.56,3.58,3.67,3.6,3.75,3.93,3.65,3.75,3.78,3.76,3.92,3.95,3.92,3.78,5.09,3.71,3.57,3.75,3.73,3.44,3.77,4.36,3.62,3.64,3.9,4.07,4.26,4.22,3.92,3.62,3.83,3.77,5.19
CCDC144A /// CCDC144B,3.52,3.37,3.56,3.46,3.63,3.69,3.64,3.52,3.58,3.56,3.42,3.6,3.48,3.69,3.68,3.8,3.64,3.39,3.37,3.57,3.6,3.6,3.62,3.34,3.42,3.67,3.56,3.71,3.82,3.9,4.03,3.86,3.47,3.39,3.36,3.52,3.63,3.64,4.3,3.59,3.64,3.9,3.34,3.45,3.57,3.61,3.44,3.67,3.41,3.44
CCDC144A /// CCDC144B /// CCDC144C /// LOC100134159,3.92,3.71,3.67,3.85,4.19,4.35,5.21,3.52,3.78,3.68,3.84,3.71,3.84,4.12,3.84,3.89,3.95,3.79,4.32,3.75,3.84,3.9,3.7,4.24,3.77,3.92,4.08,3.74,3.7,4.09,5.65,4.81,4.01,3.49,3.58,3.95,3.57,3.61,3.92,3.92,3.69,3.89,3.92,3.76,3.68,3.8,4.15,3.79,3.9,3.45
CCDC144A /// CCDC144B /// LOC220594,3.87,4.09,3.98,3.8,3.77,3.95,3.84,3.86,3.99,3.92,4.22,3.97,4.08,6.28,3.89,4.15,4.01,3.87,3.88,3.98,3.82,3.95,4.1,3.9,4.16,3.85,3.86,3.89,4.07,4,4.65,6.29,3.89,4.01,3.86,4,3.87,4,4.25,4.09,3.79,4.02,3.97,5.67,3.9,4.05,3.98,3.75,4.14,5.89
CCDC144C /// LOC100134159,5.92,5.66,5.4,5.5,5.72,5.25,6.04,5.51,5.44,5.82,5.64,5.64,5.76,6.93,5.54,5.64,5.26,5.88,5.67,5.37,5.25,5.65,5.7,5.36,5.43,5.19,5.58,5.47,5.77,5.33,5.49,7.19,5.68,5.44,5.31,5.04,5.36,5.21,5.65,5.07,5.14,5.07,5.66,7.82,5.27,5.97,5.48,5.47,5.7,5.99
CCDC144NL,4.07,4.84,4.29,4.25,3.93,4.18,4.78,4.06,4.24,4.58,4.8,4.65,4.87,4.94,4,4.36,4.08,4.24,4.2,4.03,4.62,4.51,4.57,3.86,4.14,4.36,4.28,4.53,4.39,4.61,4.7,5.1,4.46,4.19,4.46,3.99,4.15,4.14,5.53,3.87,4.2,3.91,4.11,4.39,4.18,4.47,4,4.79,4.56,6.81
CCDC146,5.49,5.48,5.38,4.99,5.32,5.26,5.41,5.12,5.58,5.54,5.64,5.41,5.26,6.11,4.88,5.37,5.41,5.22,5.57,5.46,5.38,5.33,5.24,5.69,5.68,5.39,5.39,5.14,5.45,5.17,5.22,6.92,4.87,5.12,4.89,5.28,5.01,5.52,6.24,5.77,5.29,5.91,5.49,4.86,5.84,4.27,4.87,5.6,5.22,4.32
CCDC146,3.99,4.22,3.82,3.72,4.38,4.2,4.22,4.19,3.81,3.92,3.66,3.97,4.21,4.28,3.86,3.66,3.7,3.86,4.1,3.93,4,3.9,4.02,4.04,4.23,3.91,4.01,3.76,3.99,4.12,5.04,4.3,3.82,3.79,3.6,3.89,3.65,3.61,4.77,3.73,3.84,4.07,3.81,4.18,4.71,3.64,4.02,4.03,3.68,5.47
CCDC147,4.01,3.85,3.93,4.24,3.83,4.01,3.91,3.68,3.95,3.96,3.84,4,3.85,3.92,3.8,3.75,3.83,4.03,3.85,3.84,3.79,3.69,3.93,3.53,3.81,3.66,3.91,3.71,3.87,3.86,5.01,4.25,3.92,3.87,3.68,3.76,3.93,3.72,3.95,3.74,4.26,3.9,3.96,4.77,3.69,3.91,3.58,3.75,3.7,4.23
CCDC148,4.05,4,3.75,3.88,4.05,3.85,3.85,3.84,4.06,4.01,4.08,4.55,3.93,3.91,3.77,3.95,4.01,4.18,3.96,4.16,3.8,3.83,3.91,3.83,3.93,4.15,3.99,3.85,4.16,4.03,4.74,4.76,3.91,4.02,3.91,4.01,3.82,3.96,4.93,3.75,4.3,4.06,4.52,4.72,3.89,4.07,4.23,3.94,4.42,4.76
CCDC148,4.17,4.41,4.23,4.4,4.05,4,4.72,4.01,4.2,4.24,4.25,4.02,4.26,5.32,4.42,3.92,4.25,4.02,4.3,4.16,4.11,4.11,4.11,4.07,4.15,4.22,4.22,4.42,4.47,4.95,5.6,5.15,4.23,3.96,4.42,4.16,3.93,3.9,4.14,3.93,3.69,4.15,3.92,4.91,3.96,4.09,4.09,4.09,4.22,4.19
CCDC148,3.7,3.6,3.73,3.55,3.65,4.28,5.28,3.66,3.6,3.85,3.49,3.53,3.71,5.21,3.54,3.79,3.57,3.69,3.66,3.81,3.81,3.66,3.52,3.65,3.51,3.85,3.65,3.92,3.79,4.19,6.1,4.28,4,3.98,3.72,3.69,3.96,3.67,4.23,3.64,3.63,3.52,3.54,4.33,3.98,4.57,3.88,3.79,3.53,4.39
CCDC149,4.8,4.68,4.53,4.6,4.43,4.96,4.64,4.77,4.56,4.61,4.98,4.49,4.64,5.03,4.74,5.07,4.43,4.45,4.54,4.78,4.69,4.66,4.64,4.66,4.76,4.58,4.68,4.69,4.58,5.43,5.25,5.23,4.87,4.64,4.75,4.76,4.84,4.57,5.04,4.59,4.65,5.01,4.9,5.16,4.64,4.59,4.57,4.47,4.56,5.11
CCDC149,4.59,4.58,5.05,4.43,4.91,4.36,4.98,4.51,4.27,4.52,4.59,4.54,4.49,6.34,4.45,4.49,4.7,4.57,4.42,4.77,4.54,4.68,4.32,4.76,4.49,4.53,4.67,4.64,4.79,5.13,4.92,5.14,4.84,4.43,4.64,4.37,4.41,4.56,3.86,4.57,4.36,4.36,4.76,5.8,4.69,4.6,4.79,4.23,4.24,4.93
CCDC15,5.8,5.9,5.75,5.67,5.54,5.9,5.66,5.58,5.84,5.73,5.93,5.45,5.57,5.58,6.25,6.2,6.11,5.8,5.81,5.9,5.07,5.47,5.36,5.45,5.6,5.43,5.84,5.64,5.82,5.58,5.59,5.19,6.34,6.58,6.34,6.3,5.6,6.27,5.61,5.41,5.63,5.85,5.38,5.29,5.48,5.54,5.48,5.74,5.7,5.83
CCDC150,6.41,6.44,6.38,6.53,6.67,6.94,6.71,6.33,6.52,6.79,6.87,6.22,6.02,6.2,6.71,6.51,6.9,6.23,6.29,6.39,6.36,6.28,6.26,6.32,6.27,6.38,6.49,6.6,6.48,5.79,6.34,6.82,7.42,7.56,7.39,7.25,6.68,6.86,5.96,7.17,6.83,6.19,6.23,6.35,6.36,6.17,6.26,6.6,6.69,6.61
CCDC150,3.7,3.24,3.45,3.25,3.6,3.62,4.48,3.22,3.48,3.34,3.24,3.12,3.37,4.08,3.67,3.78,3.53,3.59,3.49,3.4,3.44,3.32,3.28,3.48,3.35,3.44,3.45,3.43,3.6,4.03,6.09,4.06,3.68,3.86,3.82,3.47,3.91,3.41,4,3.47,3.51,3.81,3.8,4.26,3.35,3.36,3.35,3.46,3.5,4
CCDC150,3.55,3.19,3.17,3.37,3.25,3.52,4.32,3.34,3.29,3.33,3.3,3.21,3.17,3.9,3.15,3.35,3.43,3.51,3.25,3.33,3.36,3.08,3.09,3.24,3.33,3.1,3.43,3.13,3.21,3.91,5.47,4.1,3.63,3.53,3.3,3.32,3.49,3.52,3.58,3.38,3.37,3.15,3.28,3.49,3.37,3.37,3.18,3.23,3.29,4.55
CCDC150,5.14,4.9,5.24,5.16,4.8,4.85,5,5.58,4.93,5,4.9,4.99,4.79,4.96,5.21,5.28,5.26,5.13,5.09,5.2,4.78,4.45,4.83,4.96,4.92,5.24,5.08,5.15,4.76,5.06,7.62,4.84,5.44,5.78,5.48,5.37,5.4,5.64,5.71,5.08,5.49,5.1,4.93,6.19,5.05,5.02,4.66,5.28,5.08,4.81
CCDC150,4.16,4.28,4.36,4.37,4,3.89,3.8,3.69,4.01,4.14,4.31,4.1,4.14,5.41,4.06,3.85,3.93,4,4.05,4.51,3.65,4.06,4.2,4.14,4.28,3.8,3.75,3.95,3.91,4.32,3.61,4.51,4.33,4.37,4.15,4.02,3.67,3.92,4.42,4,3.89,3.8,3.92,4.52,3.59,3.42,3.88,4.01,4.12,4.89
CCDC151,5.15,4.85,5.15,5.15,5.15,5.67,5.06,5.26,5.27,5.13,4.91,5.33,5.09,5.38,4.99,5.22,5.03,5.72,5.14,5.2,5.08,5.35,5.39,5.45,5.25,4.91,5.24,5.19,5.24,5.26,4.51,5.07,5.01,5.3,5.34,5.21,4.8,5.36,5.16,5.68,5.66,5,5.09,5.17,5.27,5.67,5.02,5.44,5.42,5.44
CCDC152,3.65,3.67,3.71,3.6,3.81,3.96,3.87,3.99,3.67,3.54,3.86,3.63,3.68,3.8,3.61,3.72,3.62,3.48,3.79,3.44,3.84,3.6,3.83,3.75,3.52,3.49,3.52,3.51,3.69,3.86,4.54,4.24,3.62,3.71,3.65,3.47,3.77,3.51,4.11,3.44,3.98,3.47,3.83,4.96,3.78,3.68,3.69,3.71,3.71,4.07
CCDC152,3.54,3.46,3.5,3.5,3.92,3.48,3.89,3.4,3.45,3.55,3.45,3.59,3.65,4.38,3.53,3.44,3.44,3.5,3.46,3.36,3.56,3.49,3.59,3.38,3.43,3.48,3.46,3.49,3.62,4.58,4.34,5,3.57,3.58,3.5,3.42,3.47,3.73,4.23,3.33,3.39,3.52,3.52,4.58,3.33,3.51,3.38,3.39,3.51,3.74
CCDC153,3.91,3.85,3.92,3.82,3.9,3.8,3.84,4.17,3.75,3.8,3.87,3.68,3.7,3.95,3.61,4.06,3.71,3.64,3.86,3.63,4.03,3.91,3.91,3.81,3.66,4.09,4.35,3.98,3.79,4.15,4.04,3.95,3.66,3.74,4.12,4.09,3.84,4.04,3.52,4.35,3.92,3.78,4.18,4.49,3.76,3.76,3.8,3.97,4.1,4.72
CCDC154,5.94,5.89,6,6.2,6.47,5.81,6.55,6.18,6.06,5.91,5.64,5.75,5.71,6.38,6.08,5.81,5.94,5.5,5.81,6.12,5.79,5.91,6.24,6.38,5.98,5.97,5.94,5.76,6.04,5.18,6.12,5.34,5.87,5.81,5.66,6.03,5.84,6.04,6,5.93,6.13,6.34,6.52,6.36,6.27,6.02,6.03,5.96,6.22,5
CCDC155,3.58,4.06,3.5,3.87,3.63,4.04,3.75,3.57,3.9,3.95,3.81,3.91,4.03,3.92,3.66,3.63,3.29,3.82,3.94,4.03,4.05,3.7,3.86,3.7,3.72,3.6,3.91,3.88,3.59,4.65,3.62,4.78,3.83,3.85,3.78,3.54,3.72,3.56,4.68,3.45,3.52,4.02,3.96,4.02,3.45,4.23,3.75,3.87,3.56,4.06
CCDC157,5.38,5.14,5.43,5.35,5.83,6,5.22,6.41,5.01,5.48,5.18,5.29,4.95,6.07,5.14,5.33,5.63,5.29,5.13,5.06,5.47,5.25,5.46,6.01,5.4,5.32,5.16,5.34,5.25,4.09,5.84,5.79,5.39,5.36,5.37,5.15,5.33,5.31,6.05,5.6,5.66,5.42,5.39,4.99,5.56,5.84,5.33,5.27,5.09,6.3
CCDC158,3.68,3.46,3.38,3.83,3.51,3.46,4.48,3.85,3.63,3.65,3.75,3.59,3.65,6.04,3.63,4.1,3.6,3.82,3.35,3.54,3.55,3.6,3.56,3.44,3.71,3.62,3.54,3.39,3.64,3.84,4.88,4.72,3.63,3.44,3.76,4.07,3.88,3.66,4.62,3.75,3.85,3.97,3.82,6,3.7,3.8,3.61,3.75,3.38,5.97
CCDC17,5.54,5.41,5.68,5.6,6.16,6.16,5.66,5.63,5.58,5.34,5.83,5.55,5.33,5.06,5.29,5.48,5.52,5.79,5.56,5.47,5.52,5.55,5.31,5.5,5.62,5.52,5.49,5.59,5.55,5.47,6.27,5.58,5.48,5.74,5.55,5.62,6.16,5.69,7.07,5.41,5.62,5.65,5.97,5.34,5.81,6.21,5.54,5.79,5.82,5.61
CCDC17,4.44,4.64,4.48,4.5,4.27,4.56,5.13,4.64,4.6,4.24,4.4,4.62,4.55,4.43,4.47,4.43,4.6,4.62,4.45,4.59,4.32,4.59,4.51,4.32,4.4,4.24,4.36,4.39,4.41,4.35,5.94,4.76,4.04,4.44,4.45,4.2,4.77,4.13,4.81,4.36,4.48,4.69,4.82,5.11,4.71,5.16,4.54,4.65,4.2,4.71
CCDC17,4.59,4.75,4.73,4.58,5.16,5.46,4.78,5.12,4.76,4.9,4.75,4.57,4.46,4.61,4.72,4.81,4.39,4.74,4.53,4.65,4.62,4.86,4.77,4.49,4.32,4.37,4.6,4.69,4.61,5.58,4.84,5.05,4.24,5.03,5,4.97,4.59,4.68,5.78,4.38,4.95,4.59,4.78,5.74,4.25,4.57,5.06,4.78,4.77,5.6
CCDC18,3.84,3.74,4.01,3.88,4.26,4.19,5.14,4.17,3.68,3.99,3.81,4.09,3.73,4.57,3.87,4.23,4.09,3.73,3.89,3.81,3.75,3.69,3.8,3.87,3.81,3.75,3.87,3.91,4.06,4.36,6.14,5.22,4.18,3.99,3.78,4.02,4.37,3.87,4.61,4.1,4.13,3.92,3.83,4.67,3.69,4.21,4.17,3.93,3.85,4.37
CCDC18,6.31,6.42,6.18,6.36,6.02,6.11,6.44,6.25,6.47,6.54,6.68,6.14,6.3,7.05,6.03,6.27,6.11,6.35,6.03,6.23,5.64,6.15,6.22,5.46,5.57,5.7,6.4,6.1,6.34,5.66,7.36,6.25,5.69,5.88,6.12,6.08,5.69,5.99,6.48,6.29,6.42,5.94,6.04,8.47,5.5,5.35,5.76,5.94,6.52,7.15
CCDC19,4.97,4.96,5.36,5.06,5.27,4.98,5.58,5.24,4.89,4.88,4.78,5,5.07,4.79,4.87,5.09,5.03,5.04,5.24,5.16,4.91,5.08,5.32,5.26,5.18,5.52,5.02,4.87,5.17,7.01,5.68,5.53,4.67,5.15,4.95,5.2,4.94,5.17,4.83,4.83,5.59,5.46,5.3,5.44,5.28,5.2,5.16,5.03,4.98,5.09
CCDC21,7.79,7.64,7.87,7.9,7.99,7.63,7.1,7.9,7.72,7.82,8.01,7.56,7.59,5.5,7.76,7.72,7.71,7.44,7.68,7.72,7.03,7.32,7.56,7.31,7.48,7.39,7.9,7.97,8.19,6.85,5.9,6.01,8.06,8.08,7.98,7.84,7.84,7.92,7.36,7.91,7.8,8.11,7.81,6.04,7.64,7.55,7.81,7.99,8.09,6.98
CCDC21,5.87,5.25,5.84,5.54,4.68,5.43,4.13,5.9,5.53,5.6,5.26,5.38,5.31,5.13,5.76,5.65,5.74,5.47,5.48,6.05,5.19,5.05,4.76,5.33,5.31,5.3,5.81,5.79,5.25,3.16,5.61,5.29,5.88,6.02,6.08,5.63,5.39,5.62,5.07,5.76,5.68,5.28,5,4.93,5.19,4.94,5.7,5.67,5.52,5.53
CCDC22,7.46,7.4,7.68,7.39,7.77,7.59,7.73,7.66,7.36,7.37,7.45,7.34,7.11,6.18,7.53,7.71,7.76,7.99,7.92,7.62,7.57,7.38,7.68,7.81,7.89,7.6,7.8,7.27,7.74,6.76,7.4,7.4,7.74,7.81,7.81,7.81,7.71,8.03,7.6,7.61,7.67,7.73,7.81,8.01,7.45,7.14,7.54,7.42,7.64,6.29
CCDC22,4.6,4.6,4.5,4.9,4.55,4.44,4.82,4.36,4.9,4.62,4.88,4.81,4.8,4.86,4.88,4.7,4.81,4.5,4.71,4.48,4.36,4.86,4.64,5,4.63,4.8,4.72,4.71,4.53,4.67,6.62,4.21,4.76,4.85,5.01,4.75,4.71,4.56,4.85,4.98,4.69,4.8,4.4,4.73,4.98,5.21,4.82,4.67,4.78,5.16
CCDC23,8.2,8.26,8.31,8.11,8.52,8.34,8,8.31,8.19,8.13,8.35,8.19,8.25,8.03,7.92,8.01,7.96,8.3,8.12,8.13,8.18,8.03,7.88,8,7.8,8,8.21,8.19,8.26,8.34,6.1,6.54,7.73,7.67,7.76,8.09,8.19,7.91,8.34,8.43,8.41,8.39,8.49,8.18,8.36,8.41,8.28,8.18,8.28,7.17
CCDC24,6.59,6.49,6.83,6.78,7.1,6.4,6.94,7.3,6.53,6.78,6.79,6.8,6.69,6.02,6.83,6.71,6.88,6.78,6.89,6.8,7.25,7.23,7.16,6.96,7.04,7.03,6.85,6.41,7.08,7.23,5.67,6.26,6.84,6.85,6.5,7.2,7.1,7.1,7.28,7.01,7.01,7.17,7.34,6.8,7.04,6.83,7,6.7,7.08,5.68
CCDC24,7.16,7.08,7.19,7.14,7.57,7.69,7.12,7.53,7.2,7.41,7.08,7.09,7.2,7.36,7.25,7.52,7.31,7.24,7.19,6.77,7.52,7.5,7.61,7.41,7.54,7.52,7.36,7.08,7.54,5.38,7.44,7.16,7.21,7.38,7.44,7.14,7.43,7.2,7.81,7.43,7.5,7.93,8.08,8.21,6.93,7.79,7.51,7.35,7.41,6.61
CCDC24,5.68,5.82,6.31,5.82,5.98,6.28,5.84,6.09,5.75,5.69,5.8,5.75,5.77,6.06,6.06,5.97,5.79,6.08,5.78,6.1,6.14,5.88,5.76,5.75,6.1,6.05,5.97,5.83,5.86,6.03,5.85,4.56,5.68,5.61,6,5.59,5.95,5.86,6.19,6.19,5.97,6.29,6.12,6.01,5.76,6.28,6.05,5.89,6.07,6.06
CCDC24,5.42,4.99,5.4,5.16,5.45,5.37,5.7,5.98,5.3,5.23,5,5.05,4.9,5.62,5.19,5.29,5.31,5.46,5.26,5.28,5.53,5.09,5.13,5.36,5.35,5.39,4.84,5.43,5.24,4.83,4.76,5.24,5.7,5.35,5.41,5.02,5.8,4.96,4.72,5.29,5.27,6.01,5.38,5.05,5.11,5.51,5.32,5.4,5.76,5.37
CCDC25,10.15,10.11,10.18,10.16,10.24,10.04,9.9,10.1,10.27,10.23,9.87,10.07,10.15,8.53,9.9,9.76,9.92,10.02,10.03,9.99,10.02,10.04,9.89,10.01,10.06,9.99,10.16,10.1,9.94,10.09,8.62,8.59,9.79,9.85,9.89,9.9,9.92,10.03,9.93,10.2,10.11,9.92,9.95,8.77,10.21,10.26,10.18,10.16,10.26,8.36
CCDC25,8.12,8.1,8.25,8.21,8.36,8.49,8.07,8.19,8.09,8.14,8.3,8.11,7.84,6.06,7.98,7.88,8.01,8.07,8.21,8.15,8.12,8.11,8.05,8.03,8.2,8.14,8.35,7.95,8.21,8.36,6.52,5.57,7.81,7.75,7.69,7.98,8.15,7.96,8.52,8.27,8.11,8.37,8.16,8.05,8.59,8.41,8.32,8.23,8.38,6.84
CCDC25,9.81,9.57,9.7,9.75,9.35,9.43,9.26,9.68,9.92,9.87,9.47,9.71,9.63,8.64,9.54,9.4,9.54,9.57,9.63,9.64,9.67,9.74,9.43,9.61,9.57,9.69,9.72,9.92,9.58,8.81,6.29,8.84,9.32,9.42,9.44,9.53,9.39,9.53,9.25,9.63,9.57,9.21,9.2,8.7,9.77,9.62,9.69,9.83,9.71,8.86
CCDC27,3.97,3.82,3.99,3.75,4.3,3.87,4.37,3.88,3.71,3.76,3.68,3.79,3.81,4.94,3.75,3.97,3.87,4.04,3.81,3.62,3.96,3.79,4.04,3.6,3.39,3.59,3.98,3.92,3.91,4.14,4.69,4.46,3.86,3.95,3.98,3.7,4.14,3.78,3.81,4.1,3.6,3.69,3.88,3.69,3.96,3.96,3.74,3.79,3.75,4.89
CCDC28A,9.39,9.44,9.45,9.41,9.11,9.23,8.89,9.34,9.43,9.51,9.48,9.66,9.57,7.87,9.63,9.57,9.68,9.49,9.55,9.52,9.61,9.67,9.58,9.61,9.71,9.68,9.28,9.46,9.34,9.21,8.25,8.47,9.24,9.41,9.5,9.73,9.52,9.88,8.88,9.39,9.44,9.96,9.8,8.21,9.31,9.25,9.34,9.58,9.51,8.66
CCDC28B,9.98,9.81,9.93,9.9,10.07,9.96,10,9.91,9.94,9.84,9.58,9.98,10.05,8.76,9.95,9.95,9.91,10.2,10.18,10.04,10.23,9.98,9.95,9.96,9.89,9.99,9.98,9.73,9.87,9.18,8.1,7.47,10.29,10.3,10.23,10.04,10.16,10.08,10.16,9.98,9.82,10.16,10.33,8.28,10.02,10.23,9.91,9.81,9.83,8.48
CCDC29,3.91,3.75,3.79,3.71,3.72,3.98,3.63,3.47,3.84,3.58,3.62,3.75,3.73,6.02,3.81,3.91,3.91,3.69,3.8,3.83,3.9,3.9,3.8,3.88,3.9,3.77,3.6,3.59,3.74,4.45,5.19,4.12,3.77,3.9,3.81,3.71,3.86,4.12,3.98,3.56,3.79,3.95,3.8,4.86,3.68,3.96,3.63,3.95,3.76,4.41
CCDC3,7.11,7.13,7.5,7.39,7.38,7.55,7.42,7.31,7.18,7.19,7.49,7.25,7.27,6.76,7.84,7.81,7.68,7.01,7.23,6.89,8.06,8.27,8.23,8.09,8.01,8.08,7.48,7.26,7.08,6.61,7.99,7.41,8.21,8.33,8.28,8.47,8.24,8.37,7.62,6.96,7.18,7.64,7.7,6.68,6.75,6.84,7,7.19,6.86,6.77
CCDC30,3.71,4.04,3.65,4.29,3.84,3.5,4.04,3.9,3.84,3.68,3.84,4,3.83,5.15,3.73,4.1,3.42,3.82,3.77,3.9,4.18,3.9,4,4.11,3.89,3.79,3.95,3.84,3.83,4.68,3.72,4.49,3.85,3.86,3.74,3.84,3.79,3.69,5.04,4.08,3.84,3.78,3.79,3.84,4.12,3.55,4.06,4.04,3.8,3.85
CCDC30,3.5,4.33,3.93,4,4.07,4.25,3.95,3.92,3.81,4.09,4.03,4.07,3.85,4.89,3.94,3.99,3.99,3.79,4.24,4.14,3.85,4.13,4.17,4.34,3.81,3.86,3.97,3.73,3.71,4.27,5.95,4.77,4.02,3.74,3.67,4.01,3.99,3.71,5.29,3.79,3.96,4.57,4.38,5.42,4.21,4.73,4.34,3.88,4.01,4.92
CCDC30,4.23,4.19,4.13,4.27,4.54,4.01,3.73,4.37,4.08,4.22,4.08,4.15,4.12,4.2,3.97,4.03,4.14,4.08,4.11,4.34,4.1,4.14,4.03,4.25,4.28,4.04,4.03,4.03,3.89,4.78,5.22,4.44,4.01,4.12,4.05,4.12,4.07,3.8,4.51,4.23,4.29,4.38,4.35,4.11,4.21,3.98,4.01,4.15,4.15,4.71
CCDC30,4.47,4.7,4.25,4.39,5.03,4.74,5.13,4.36,4.56,4.55,4.51,4.59,4.42,4.69,4.38,4.89,4.51,4.57,4.43,4.53,4.54,4.34,4.7,4.61,4.56,4.54,4.25,4.6,4.49,6.26,6.06,5.56,4.27,4.12,4.25,4.27,4.35,4.61,4.35,5.26,4.89,5.16,4.93,6.05,5.11,5.08,5.04,4.47,4.59,5.57
CCDC33,3.56,3.7,3.54,3.7,3.91,3.54,3.83,3.87,3.59,3.49,3.69,3.73,3.84,4.58,3.71,3.86,3.6,3.71,3.65,3.65,3.66,3.83,3.77,3.5,3.47,3.53,3.56,3.51,3.67,3.93,4.05,3.74,3.64,3.55,3.54,3.49,3.58,3.51,4.61,3.6,3.76,3.8,3.63,5.38,3.49,3.64,3.69,3.71,3.64,4.06
CCDC33,3.48,3.52,3.52,3.54,3.73,3.67,3.85,3.95,3.59,3.42,3.84,3.73,3.25,3.57,3.46,3.58,3.46,3.69,3.89,3.48,3.46,3.71,3.39,3.63,3.98,3.55,3.61,3.55,3.74,3.8,4.36,5.22,3.59,3.51,3.78,3.69,3.82,3.81,4.27,3.99,3.8,4.06,4.17,4.37,3.79,4.03,3.91,3.76,3.77,3.93
CCDC33,4.29,4.17,4.13,4.15,4.14,4.55,4.82,4.01,3.97,4.2,4.28,4.09,4.29,4.52,4.14,4.13,4.04,4.3,4.15,4.22,4.18,3.89,3.85,4.02,4.05,4.1,4.27,4.2,4.44,5.63,4.6,4.32,4.27,4.42,4.36,4.12,4.46,4.01,5.54,3.95,3.93,4.37,4.07,6.08,4.31,4.58,4.11,4.36,4.11,4.22
CCDC33,4.62,4.55,4.48,4.77,4.59,4.5,5.38,4.72,4.25,4.47,4.64,4.56,4.73,4.53,4.76,4.5,4.43,4.29,4.48,4.41,4.84,4.8,4.51,4.62,4.24,4.58,4.51,4.51,4.79,6.04,5.5,4.5,4.7,4.57,4.4,4.15,4.64,4.37,4.76,4.38,4.39,4.58,4.68,4.45,4.36,4.66,4.57,4.4,4.37,4.77
CCDC34,9.15,9.11,9.24,9.09,9.1,9.31,9.54,9.09,9.16,9.25,9.08,9.06,9.13,8.3,9.39,9.45,9.33,9.37,9.36,9.5,9.2,9.13,8.86,9.08,8.93,9.21,9.25,9.02,9.33,9.02,7.26,6.96,9.57,9.55,9.56,9.45,9.7,9.52,9.39,9.15,9.17,9.05,9.1,7.13,8.89,8.78,8.64,9.08,9.13,6.88
CCDC34,5.05,5.23,5.24,5.09,4.79,4.75,4.9,5.39,5.02,5.24,5.43,4.78,4.77,7.23,5.41,5.34,5.03,4.98,4.97,5.34,4.81,5.4,5.19,5.29,5.47,5.02,4.95,5.2,5.07,4.83,5.67,6.65,5.15,5.11,5.46,5.18,5.33,5.56,4.93,5.11,5.23,5.05,5.11,8.26,5.28,5.33,5.31,5.09,5.02,7.44
CCDC34,8.07,8.15,8.13,8.13,7.56,7.92,7.25,8.03,8.43,8.1,8.02,8.09,8.29,7.04,8.44,8.34,8.44,8.38,8.47,8.48,8.12,7.98,7.96,7.95,7.82,8.18,8.12,8,7.86,7.79,6.32,5.16,8.39,8.51,8.42,8.35,8.39,8.48,7.09,7.84,7.84,7.6,7.8,5.89,7.51,6.98,6.91,8.14,8.45,5.43
CCDC36,3.87,3.54,4.07,3.97,4.24,4.09,4.57,4.03,4.05,3.67,3.87,3.98,3.83,3.61,3.78,3.64,3.92,3.9,3.75,3.7,3.64,3.83,3.7,3.82,3.93,3.72,4.02,3.67,3.92,4.07,4,3.98,3.79,3.64,3.81,3.89,3.98,3.78,4,4.15,3.93,4.24,3.89,3.95,3.93,4.42,3.5,3.67,3.75,4.03
CCDC36,4.27,4.26,4.23,4.4,4.39,3.85,3.77,4.38,4.17,4.29,4.45,4.47,4.19,4.47,4.25,4.35,4.35,4.51,4.32,4.33,4.04,4.35,4.31,4.31,4.14,3.94,4.2,4.59,4.38,3.87,4.02,4.8,4.09,3.9,4.33,4.34,4.57,4.31,3.48,3.99,4.18,4.23,4.31,4.2,4.33,4.42,4.03,4.09,4.1,5.23
CCDC37,3.99,4.06,3.94,3.87,4.14,4.14,3.94,4.12,3.92,4.16,4.2,4.13,4.13,4.84,3.88,4.28,4.09,3.87,3.97,4.35,4.31,4.1,3.99,4.06,4.25,4.15,3.96,4.1,4.19,4.08,5.53,5.36,4.05,4.17,3.93,3.87,4.18,4.09,4.49,3.85,4.11,3.92,3.86,3.95,4.08,4.46,4.06,3.78,3.99,4.27
CCDC38,3.8,4.07,4.08,3.89,4.43,3.87,4.37,4.17,3.93,3.93,3.74,3.88,3.99,4.56,3.69,3.77,3.82,4.17,3.84,3.65,3.84,4.11,3.78,3.89,3.87,3.81,3.88,3.82,4.1,4.05,4.42,3.86,3.89,4.05,3.85,3.72,3.88,3.85,4.05,3.98,3.89,4.1,3.93,4.5,4.25,4.21,3.81,3.94,3.95,4.21
CCDC39,3.77,3.97,4,4.08,4.37,3.73,4.78,3.71,3.88,4.02,3.89,3.9,4.03,6.31,4.04,4.26,4.1,4.02,3.89,3.89,4.04,3.94,3.89,3.82,4.02,4.03,4.09,4.11,4.13,5.3,5.93,6.66,3.84,4.01,3.9,3.98,3.92,4.2,5.03,3.68,3.87,4.02,3.85,6.69,4.08,4.13,3.95,3.9,4.2,6.9
CCDC40,4.38,4.38,4.13,4.31,4.11,3.97,4.47,3.96,4.05,4.01,4.15,4.22,4.32,4.28,3.92,4.04,4.09,4.37,4.08,4.26,4.56,4.27,4.04,4.26,4.22,4.08,4.15,4.13,3.96,4.23,5.38,4.51,4.19,4.44,4.5,4.12,4.14,3.95,4.28,4.36,3.88,4.22,3.96,4.7,4.13,4.32,4.38,4.39,4.06,4.31
CCDC40,3.9,4.02,3.88,3.87,3.76,3.62,3.54,3.66,3.93,3.89,3.84,3.79,4.11,4.69,3.42,3.66,3.44,3.85,3.87,3.86,4.13,3.89,3.88,3.6,3.82,3.7,3.89,4.2,4.41,3.83,5.12,3.96,3.72,3.91,3.7,3.65,3.8,3.74,4.56,3.47,3.61,3.58,4.19,3.73,4.09,3.59,3.43,3.85,4.02,3.64
CCDC40,4.62,4.5,4.27,4.25,4.16,4.32,4.06,4.23,4.67,4.36,4.35,4.68,5.07,4.34,4.08,4.22,4.2,4.53,4.14,4.44,4.62,4.65,4.33,4.06,4.26,4.07,4.48,4.69,4.43,4.2,4.13,4.22,4.18,4.21,4.54,4.35,3.86,4.33,3.99,4.02,3.6,4.43,4.13,4.19,3.96,3.99,4.13,4.34,4.6,4.58
CCDC40,3.79,4.16,3.85,3.76,3.79,4.1,3.64,3.92,3.9,3.9,4.05,3.99,3.86,4.51,4.07,3.76,3.75,3.81,3.73,3.62,4.1,3.84,4.03,3.79,3.96,3.86,3.66,3.85,3.88,3.59,4.02,4.55,3.78,3.99,3.93,3.99,4.14,3.82,4.32,3.91,3.92,3.65,4.06,4.37,4.01,3.51,3.51,3.55,3.93,3.84
CCDC41,8.2,8.15,7.86,8.17,7.33,7.92,8.6,7.98,8.13,8.13,8.07,7.89,7.98,6.79,8.11,7.9,8.06,7.81,7.82,7.82,8.05,8,8.26,8.01,8.09,8.06,7.96,7.95,8.08,8.15,6.31,5.79,8.21,8.4,8.23,7.97,7.66,7.97,7.28,7.8,8.08,7.82,7.83,6.79,7.91,8.18,7.44,7.91,8.15,7.13
CCDC41,8.13,8.14,7.99,8.09,7.67,7.82,8.07,7.66,8.25,8.15,8.17,8.03,8.09,7.33,8.1,7.86,8.16,7.66,7.74,7.96,8,8.16,8.26,8.1,8.12,8.09,8.12,7.94,8.03,6.66,5.36,7.71,8.41,8.3,8.22,8,7.74,7.91,7.48,7.82,7.98,7.77,7.72,6.33,7.81,7.88,7.73,8.02,7.99,6.11
CCDC41,5.33,5.06,5.2,5.29,4.8,4.84,5.37,5.19,5.5,5.32,5.11,5.23,5.31,4.78,5.4,4.97,5.46,5.14,5.06,5.1,4.98,5.18,5.03,5.08,5.38,5.44,5.1,5.14,5.21,4.94,4.71,3.51,5.61,5.43,5.46,5.03,4.95,5.32,4.86,5.13,4.84,5.1,4.78,4.21,4.86,4.78,4.94,5.19,5,4.61
CCDC42,3.69,3.63,3.64,3.65,3.79,3.64,4.51,3.45,3.71,3.58,3.94,3.67,3.85,4.58,3.71,3.97,3.65,3.66,3.67,3.63,3.86,3.67,3.78,3.47,3.48,3.86,3.63,3.83,3.66,4.75,4.05,3.61,3.52,3.63,3.68,3.36,3.67,3.76,3.98,3.63,3.74,3.79,3.88,4.79,3.7,3.62,3.63,3.53,3.6,4.72
CCDC42B,5.28,5.24,5.23,5.49,5.4,5.24,4.9,5.35,5.2,4.99,5.67,5.16,4.86,7.05,5.84,5.89,5.68,5.49,5.06,5.38,5.17,5.29,5.14,5.62,5.34,4.97,4.85,5.46,5.28,5.21,7.19,6.54,5.39,5.39,5.49,4.97,5.23,5.54,5.83,5.41,4.93,5.29,5.19,7.3,4.95,5.44,5.15,5.49,5.12,7.85
CCDC43,9.73,9.94,9.78,9.81,9.85,9.8,9.44,9.56,9.81,9.82,9.84,9.83,9.87,9.26,10.01,9.94,10.03,9.92,9.96,9.9,9.95,9.84,9.98,9.88,9.8,9.97,9.75,9.66,9.81,9.55,6.17,8.52,10.07,9.95,10.01,9.91,10.09,9.97,9.15,9.69,9.77,9.57,9.63,8.88,9.87,9.91,9.72,9.81,9.86,9.53
CCDC45,6.28,5.96,6.07,5.94,5.85,5.62,5.35,5.96,6.19,5.99,5.56,6.14,5.9,5.91,6.56,6.36,6.66,6.1,6.25,6.47,5.73,6.06,5.59,6.82,6.6,6.69,5.76,6.27,5.51,4.62,6.61,5.75,7.14,7.01,7.19,6.52,5.82,6.67,6.06,5.99,6.01,5.57,5.61,5.9,5.97,5.7,5.61,5.99,5.6,5.48
CCDC45,9.33,9.21,9.47,9.35,9.51,9.65,9.36,9.39,9.28,9.25,9.53,9.28,9.35,6.86,9.78,9.79,9.73,9.17,9.27,9.19,9.35,9.45,9.66,9.57,9.56,9.64,9.4,9.25,9.58,9.44,7.36,8.67,10.05,10.04,10,9.72,9.73,9.79,9.75,9.57,9.62,9.67,9.86,8.83,9.59,9.55,9.39,9.52,9.62,7.97
CCDC46,4.1,4.15,4.2,3.91,3.73,3.88,4.04,3.88,4.15,3.97,4.04,4.14,4,4.68,3.78,4.09,4.11,4.21,4.24,3.98,4.16,4.02,4.28,4.07,4.07,3.91,3.99,4.19,4.29,4.13,4.5,4.03,4.05,4.24,3.82,3.76,3.97,3.97,4.32,3.89,4.01,4.27,4.36,4.61,3.95,4.13,4.29,4.03,4.05,4.25
CCDC47,10.94,10.73,10.76,10.73,10.53,10.29,10.24,10.47,10.89,10.86,10.39,10.83,10.73,8.31,10.95,10.78,10.93,10.54,10.58,10.72,10.72,10.54,10.24,10.68,10.67,10.81,10.78,10.85,10.44,9.75,6.03,7.88,11.02,10.92,10.99,10.66,10.62,10.64,10.56,10.55,10.56,10.18,10.11,8.23,10.59,10.38,10.46,10.7,10.66,8.89
CCDC47,9.13,8.92,9.01,8.99,8.44,8.58,8.36,8.49,9.06,8.99,8.27,9.03,8.76,6.97,9.21,9.13,9.14,9.03,9.12,9.29,8.84,8.84,8.28,9,9.09,9.03,8.81,9.09,8.39,7.31,5.11,6.24,9.04,8.9,9.1,9.16,8.33,8.77,8.03,8.54,8.44,8.39,8.16,6.37,8.82,8.45,8.63,8.88,8.48,8.09
CCDC47,8.75,8.27,8.56,8.48,7.82,8,8.34,8.58,8.61,8.79,7.98,8.61,8.59,7.47,8.66,8.66,8.76,8.4,8.33,8.59,8.48,8.35,7.99,8.45,8.49,8.69,8.44,8.52,8.02,6.15,5.58,6.52,8.81,8.83,8.74,8.38,8.09,8.6,8.23,8.32,8.17,7.93,7.6,6.98,8.34,7.74,8.3,8.36,8.3,6.85
CCDC48,4.42,4.1,4.26,4.69,4.48,4.53,5.48,4.32,4.34,4.29,4.53,4.1,4.1,4.3,4.15,4.35,4.22,4.39,4.24,4.31,4.76,4.36,4.49,4.73,4.51,4.33,4.36,4.44,4.83,5.19,4.5,4.14,4.18,4.15,4.44,4.34,4.21,4.55,4.79,4.23,4.5,4.41,4.53,4.1,4.41,4.54,4.92,4.28,4.38,4.66
CCDC48,4.3,4.37,4.38,4.46,4.5,4.54,4.44,4.71,4.12,4.4,4.3,4.4,4.25,5.19,4.49,4.58,4.44,4.59,4.16,4.71,4.1,4.32,4.4,4.58,4.49,4.33,4.58,4.76,4.48,4.44,5.63,5.29,4.33,4.64,4.68,4.54,4.31,4.41,4.42,4.91,4.34,4.81,4.79,4.73,4.54,4.14,4.7,4.36,4.37,4.92
CCDC48,3.39,3.38,3.34,3.51,3.44,3.61,3.54,3.73,3.54,3.4,3.49,3.48,3.85,3.64,3.18,3.32,3.41,3.42,3.4,3.31,3.54,3.26,3.59,3.27,3.38,3.47,3.63,3.67,3.67,3.51,3.7,3.61,3.28,3.41,3.56,3.74,3.27,3.55,3.68,3.39,3.38,3.36,4.04,3.73,3.29,3.54,3.54,3.46,3.56,3.86
CCDC49,8.31,8.03,8.37,8.38,8.27,8.19,8.52,8.46,8.37,8.41,8,8.28,8.16,6.38,8.24,8.3,8.36,8.51,8.41,8.47,8.26,8.3,8.04,8.31,8.39,8.32,8.27,8.37,8.33,8.03,5.78,7.4,8.5,8.48,8.62,8.38,8.4,8.41,8.15,8.51,8.37,8.14,8.31,6.74,8.23,8.37,8.49,8.39,8.48,7.29
CCDC49,6.92,6.37,7.25,7.33,6.83,6.91,7.2,7.45,7.2,7.23,6.73,7,6.83,7.1,7.14,7.32,7.18,7.37,7.4,7.39,7.04,6.94,6.33,7.13,7.36,7.1,7.07,7.42,6.66,6.29,6.84,7.55,7.32,7.2,7.16,7.14,6.7,7.29,6.47,7.11,7.1,6.42,6.84,6.49,7.25,6.44,7.34,7.09,7.15,7.59
CCDC49,8.43,8.48,8.47,8.54,8.43,8.62,8,8.49,8.4,8.56,8.73,8.28,8.32,8.03,8.44,8.22,8.38,8.43,8.53,8.44,8.48,8.43,8.55,8.61,8.37,8.43,8.46,8.41,8.53,7.26,7.54,7.53,8.36,8.41,8.43,8.27,8.46,8.21,8.22,8.52,8.55,8.33,8.42,6.05,8.38,8.52,8.42,8.55,8.83,7.94
CCDC50,9.96,9.92,9.62,9.72,9.34,9.53,9.09,9.49,10.13,9.84,9.57,9.92,10.21,8.51,10.22,9.99,10.13,9.74,9.71,9.88,9.86,9.65,9.55,9.73,9.73,10.02,9.71,9.53,9.4,9.4,7.67,7.93,9.99,10.06,9.9,10.19,9.86,9.99,9.65,9.65,9.64,9.62,9.71,8.07,9.91,9.56,9.7,9.67,9.83,8.91
CCDC50,6.36,6.33,6.18,6.11,6,5.64,5.46,6.08,6.38,6.33,6.29,6.16,6.47,5.79,6.3,6.37,6.35,6.02,6.27,6.06,6.18,5.95,6.39,6.03,6.21,6.03,6.22,6.19,6.11,5.14,5.62,5.7,5.87,5.76,5.74,6.23,6.47,6.31,5.16,6.53,6.29,6.7,6.25,5.39,6.23,6.57,6.63,6.01,6.75,5.4
CCDC50,7.14,6.92,6.57,6.49,6.61,6.85,7.24,6.3,6.75,6.89,6.89,6.45,6.22,5.96,7.42,7.19,7.31,6.85,6.88,7.12,6.55,6.75,7.04,6.97,7.24,7.06,6.64,6.73,6.31,3.96,5.3,5.66,6.76,6.28,6.92,7.16,6.63,6.45,6.01,6.62,6.55,6.4,6.83,4.6,6.82,7.05,7.18,6.51,6.06,6.05
CCDC50,7.89,7.91,7.82,7.84,7.79,7.83,7.63,7.52,8,7.8,8.19,8.04,8.06,7.91,8.28,8.11,8.29,8,7.95,7.95,7.67,7.95,7.86,7.97,8.08,8.16,7.63,7.63,7.78,6.34,5.45,5.8,8.24,8.19,8.18,8.21,8.38,8.1,7.3,7.82,7.76,7.93,8.32,7.67,8.17,8.12,8.18,7.83,7.69,7.22
CCDC50,8.2,8.24,8.27,8.1,8.09,8.16,7.72,8.11,8.27,8.2,8.37,8.31,8.08,8.88,8.86,8.74,8.61,8.31,8.51,8.62,7.85,8.22,8.17,8.54,8.63,8.62,8.13,8.32,7.75,6.06,5.11,8.38,8.28,8.43,8.69,8.72,8.36,8.5,7.28,8.12,8.2,8.27,8.48,7.68,8.48,8.43,8.54,8.22,7.84,8.28
CCDC50,7.56,7.43,7.49,7.35,7.9,7.81,7.5,7.61,7.46,7.76,7.63,7.64,7.44,7.14,7.79,7.66,7.5,7.52,7.66,7.84,7.51,7.46,7.52,7.59,7.43,7.54,7.65,7.55,7.57,6.97,5.95,6.24,7.45,7.53,7.26,7.75,7.54,7.73,6.45,8,7.69,7.85,7.83,6.83,8.17,8.24,8.05,7.67,7.74,6.57
CCDC50,8.73,9.07,8.95,8.91,8.77,9.16,9.22,8.4,8.8,8.91,9.37,8.93,8.84,9.59,9.02,9.13,9.04,8.49,8.67,8.65,8.86,8.77,9.13,8.55,8.71,8.87,8.75,8.99,8.98,8.37,9.48,9.56,8.47,8.59,8.56,9.05,9.03,8.68,8.27,8.7,8.88,9.3,9.29,9.94,9.32,9.35,9.35,8.82,8.91,9.34
CCDC51,8.76,8.69,8.94,8.87,8.86,9.07,8.42,8.81,8.81,8.84,8.93,8.67,8.69,6.68,8.66,8.78,8.85,9.11,9.18,8.91,8.76,8.51,8.62,8.78,8.64,8.66,8.92,8.86,8.87,8.15,6.03,6.94,8.9,8.66,8.74,8.62,8.98,8.84,8.53,8.98,8.81,8.68,8.9,7.02,9.11,9.22,9.09,8.82,8.92,7.18
CCDC52,7.41,7.59,7.55,7.5,7.6,7.83,7.68,7.37,7.46,7.44,8.03,7.35,7.23,7.56,7.72,7.33,7.71,7.46,7.53,7.55,7.19,7.4,7.58,7.33,7.5,7.34,7.28,7.68,7.69,7.42,6.44,8.3,7.87,7.94,7.91,7.74,7.68,7.68,7.2,7.5,7.29,7.4,7.66,7.77,7.07,6.97,7.37,7.45,7.37,7.25
CCDC52,3.67,3.71,4.18,3.85,3.91,4.54,4.49,4.34,3.84,4.11,3.96,3.84,3.77,4.3,4.33,4.04,4.12,3.9,3.85,3.9,3.77,3.84,3.82,3.76,3.77,3.97,3.8,4,3.92,4.84,5.67,4.76,4.01,4.07,3.89,3.66,3.82,3.89,4.71,3.78,3.8,3.77,3.95,5.56,3.96,3.94,4.2,3.9,3.87,4.48
CCDC52,5.44,4.89,4.83,5.21,4.63,4.98,4.99,4.4,5.28,4.98,4.9,4.89,4.71,5.7,4.9,5.35,5.29,4.7,4.58,4.9,5,5.03,4.93,4.76,4.89,4.85,4.8,5.22,4.63,4.85,7.4,4.96,5.11,5,5.01,4.79,4.84,4.69,4.78,4.85,5.27,4.21,4.67,6.31,4.55,4.28,4.65,4.77,4.8,4.65
CCDC53,9.22,9.28,9.24,9.19,8.87,8.92,9.17,9.07,9.17,9.21,9.17,9.24,9.48,7.18,9.23,9.27,9.37,9.35,9.35,9.31,9.66,9.61,9.47,9.27,9.45,9.55,9.18,9.11,9.26,9.29,6.17,6.48,9.09,9.23,8.98,9.42,9.46,9.46,9.04,9.25,9.35,9.37,9.23,6.84,9.68,9.74,9.42,9.41,9.52,5.51
CCDC54,4.1,4.06,4.05,4.04,4.12,4.19,5.61,4.02,4.08,4.18,4.14,4.01,3.87,6.24,4.24,4.41,4.25,4.29,4.33,4.36,3.93,4.24,4.14,4.17,4.62,3.91,4.21,4.22,4.33,4.79,5.23,6.05,3.94,4.07,4.08,4.17,4.33,4.36,4.26,4.1,4.02,4,4.21,5.95,4.29,4.03,4.37,4.27,3.88,5.29
CCDC55,6.6,6.34,6.68,6.6,5.98,6.6,6.68,6.8,6.67,6.82,6.01,6.23,6.54,5.52,6.82,6.56,6.78,6.71,6.69,6.71,6.68,6.58,6.28,6.62,6.65,6.94,6.57,6.17,6.14,4.44,5.55,4.15,6.82,6.87,6.69,6.73,6.96,6.63,7.26,6.64,6.59,6.14,6.4,4.47,6.79,6.83,6.58,6.55,6.88,5.1
CCDC55,8.34,8.34,8.33,8.31,8.28,8.22,7.47,7.98,8.47,8.44,8.25,8.4,8.41,6.8,8.57,8.56,8.69,8.15,8.39,8.51,8.31,8.43,8.41,8.46,8.57,8.56,8.3,8.31,8,6.59,5.85,7.72,8.3,8.51,8.34,8.74,8.63,8.62,7.84,8.38,8.42,8.41,8.27,6.54,8.55,8.2,8.35,8.62,8.61,6.75
CCDC56,10.16,9.99,10.25,10.08,10.13,10.11,10.12,10.29,10.15,10.08,9.84,10.23,10.23,8.89,9.96,10.06,10.07,10.55,10.62,10.38,10.2,10.02,9.92,10.06,9.81,10.1,10.26,10.17,10.04,9.55,7.53,8.71,9.71,9.78,9.7,9.92,10.28,10.28,10.09,10.24,10.33,9.98,9.91,8.45,10.34,10.19,10.17,10.22,10.09,7.9
CCDC56,4.49,4.7,4.73,4.92,4.55,4.58,4.38,4.36,4.65,4.76,4.8,4.54,4.6,6.01,4.98,4.59,4.66,5,5.18,4.93,4.68,5.16,4.82,4.74,4.57,4.55,4.83,4.89,5.35,4.63,5.55,4.52,4.49,4.65,4.86,4.55,4.09,4.68,3.99,4.7,4.5,5,4.44,4.54,4.24,4.8,4.53,4.47,4.49,5.71
CCDC57,8.56,8.61,8.82,8.75,9.15,9.11,9.02,8.73,8.61,8.59,8.72,8.73,8.85,8.66,9.25,9.31,9.37,9.12,9.23,8.98,9.12,9.07,9.24,9.45,9.43,9.39,8.88,8.57,8.98,8.95,9.13,9.58,9.02,8.88,8.94,9.3,9.55,9.37,9.1,8.9,8.86,8.98,9,9.12,8.75,8.55,8.32,8.89,8.91,7.83
CCDC57,4.73,4.51,4.62,4.7,5.07,4.05,5.54,5.03,4.58,4.66,4.51,4.39,4.42,5.74,4.6,4.94,4.52,4.69,4.38,4.92,4.58,4.51,4.48,4.15,4.66,4.34,4.89,4.86,4.3,5.25,5.12,4.97,4.45,4.57,4.17,4.44,4.97,4.59,3.94,4.55,4.55,4.81,4.57,4.94,4.59,4.34,5.03,4.75,4.62,5.72
CCDC57,4.51,4.35,4.32,4.36,4.21,4.35,4.15,4.44,4.55,4.19,4.43,4.67,4.24,4.75,4.45,4.53,4.83,4.2,4.38,4.31,4.47,4.68,4.37,4.32,4.39,4.35,4.19,4.55,4.65,3.93,6.62,6.71,4.45,4.28,4.28,4.29,4.19,4.37,4.35,4.63,5.11,4.92,4.81,6.04,4.22,4.57,5.03,4.27,4.44,5.19
CCDC58,6.53,6.37,6.54,6.46,6.86,6.53,6.96,6.31,6.65,6.59,6.09,6.26,6.41,5.37,6.41,6.35,6.53,6.85,6.94,6.74,6.44,6.3,5.92,6.32,6.17,6.46,6.66,6.52,6.08,5.56,5.27,4.83,6.75,6.3,6.36,6.48,6.47,6.3,7.22,6.57,6.55,5.69,6.26,5.13,7.05,6.78,6.59,6.33,6.38,4.23
CCDC59,10.09,10.19,9.99,9.99,10.22,10.11,10.04,10.08,10.12,10.22,9.98,9.93,9.83,10.02,10.33,10.36,10.25,10.21,10.22,10.38,10.17,10.05,9.88,10.26,10.09,10.09,10.24,10.31,10.18,9.74,9.93,9.85,10.25,10.1,10.34,10.32,10.18,10.18,10.2,10.22,10.2,10.28,10.19,9.73,10.27,10.19,10.31,10.1,10,9.76
CCDC59,5.82,6.16,5.82,5.84,6.01,6.12,6.78,5.68,6.12,5.95,6.06,6.11,5.74,6.18,6.04,6.04,6.16,6.43,6.26,6.35,5.72,6.06,5.91,6.08,6.19,6.01,6.01,6.17,5.98,5.91,5.59,5.99,6.28,6.04,6.1,6.45,6.39,6.2,5.89,6.22,6.32,6.2,6.19,5.85,6.25,5.82,6.3,6.3,5.99,5.76
CCDC6,7.31,6.28,7.07,6.94,5.64,6.13,5.71,7.08,7.12,7.05,5.94,7.09,6.91,5.07,7.07,7.14,6.85,6.48,6.63,6.8,6.99,7.11,6.49,7.25,7.14,7.1,6.63,6.88,6.17,4.72,4.73,4.61,7.06,7.15,7.01,7.1,6.02,7.26,6.01,7,6.81,6.62,6.25,4.81,6.62,5.75,6.76,6.93,6.44,5.03
CCDC6,9.11,9.17,9.12,9.12,9.01,8.7,8.51,8.94,9.14,9.09,9.15,9.13,9.14,8.07,9.1,8.87,8.99,8.52,8.61,8.61,9.29,9.14,9.07,9.11,9.06,9.11,9,9.08,8.82,8.18,6.08,7.46,9.12,9.13,9.2,9.11,9.05,9.14,8.91,9.26,9.16,9.38,9.41,8.33,8.98,8.99,8.92,9.25,9.17,7.87
CCDC6,10.77,10.7,10.74,10.89,10.77,10.89,10.58,10.59,10.87,10.67,10.92,10.82,10.94,10.3,10.64,10.55,10.53,10.55,10.66,10.62,10.59,10.7,10.95,10.66,10.77,10.66,10.75,10.78,10.92,10.8,9.68,10.42,10.5,10.54,10.51,10.72,10.71,10.5,10.66,10.71,10.85,11.24,11.23,10.35,10.66,10.82,10.71,10.84,10.92,9.82
CCDC60,4.07,4.26,4.18,4.37,4.34,4.07,4.97,4.5,4.21,4.26,4.18,4.21,4.28,4.82,4.12,4.42,4.28,4.2,4.29,4.25,4.34,4.21,4.23,4,4.18,4.36,4.51,4.45,4.33,4.46,5.99,5.33,4.24,4.21,4.54,4.12,4.36,4.04,4.28,4.35,4.41,4.21,4.71,5.65,4.43,4.52,4.25,4.26,4.17,4.63
CCDC61,5.28,5.03,5.7,5.43,4.88,5.53,5.48,5.72,5.17,5.43,5,5.37,5.1,4.59,5.21,5.39,5.24,5.42,5.94,5.72,5.38,5.11,5.22,5.55,5.57,5.83,5.69,5.31,5.18,4.76,5.14,4.71,5.47,5.49,5.59,5.2,5.93,5.68,4.49,5.79,6.04,5.57,5.47,5.14,5.37,5.66,4.94,5.64,5.33,4.95
CCDC62,4.76,5.28,4.76,4.82,5.01,4.88,5.08,4.75,4.86,4.83,5.06,5.08,5.01,5.3,4.63,5.01,4.67,4.79,4.67,4.97,4.94,5.07,5.01,4.97,4.99,4.76,4.9,4.75,4.75,6.19,5.91,5.02,4.7,4.66,4.59,4.9,4.77,4.47,5.59,4.87,5.12,5.35,5.16,6.2,4.59,5.14,4.91,4.86,4.88,4.75
CCDC62,4.19,4.05,4.31,4.25,4.29,3.98,4.49,3.89,4.15,4.25,4.16,4.2,4.45,4.18,4.01,4.17,4,4.03,4.17,4.04,4.45,4.5,4.3,4.17,4.44,4.26,4.18,4.37,4.36,6.04,4.57,4.21,4.02,4.32,3.97,4.15,3.74,3.88,5.12,4.17,4.18,4.13,4.56,4.24,4.42,4.21,3.68,4.11,4.13,5.36
CCDC63,4.83,5.03,4.7,4.85,4.75,5.57,4.95,4.49,4.72,4.99,4.72,4.94,4.86,4.86,4.79,4.73,4.74,4.57,4.51,4.66,4.72,4.63,5.03,4.79,4.8,4.44,4.64,4.68,4.86,4.98,5.86,6.15,5.19,5.14,4.96,4.64,4.73,4.65,6.54,4.95,4.88,5.13,5.31,7.06,4.62,4.6,4.82,4.61,4.81,5.92
CCDC64,5.32,5.29,5.6,5.37,5.34,5.76,5.79,5.37,5.31,5.32,5.42,5.31,5.27,5.09,5.07,5.17,5.18,4.75,5.38,4.84,5.3,5.17,5.26,5.31,5.24,5.21,5.46,5.15,5.28,5.13,5.1,5.77,4.97,5.26,4.95,5.15,5.27,5.3,5.23,5.34,5.41,5.58,5.57,5.42,5.05,5.02,5.39,5.64,5.51,4.66
CCDC64,4.74,4.6,5.24,4.92,4.8,4.67,4.95,4.88,4.35,4.96,4.59,4.52,4.56,5.01,4.63,4.7,4.6,4.74,4.87,4.9,4.99,4.92,4.61,4.98,4.9,4.87,5.12,4.67,4.95,5.62,6.08,5.91,4.7,4.47,4.7,4.67,5.13,4.9,5.85,4.77,4.8,4.62,4.78,4.8,4.74,4.69,4.78,4.76,4.8,5.52
CCDC64,6,6.05,5.96,5.78,6.06,5.69,5.69,6.25,5.78,6.11,6.02,5.69,6.05,7.18,5.8,5.76,5.5,5.73,5.7,6.21,6.07,6.12,5.63,5.74,6.14,5.96,6.1,6.06,6.15,4.48,6.28,5.91,6.05,5.84,5.67,5.88,6.13,5.71,4.96,6.13,5.61,5.98,5.7,7.03,5.48,5.73,6.39,6.08,5.95,6.64
CCDC64,6.37,6.28,6.5,6.62,6.9,6.77,6.92,6.58,6.44,6.77,6.57,6.4,6.41,7.88,6.45,6.42,6.26,6.51,6.41,6.32,6.65,6.68,6.36,6.51,6.72,6.27,6.49,6.67,6.58,6.22,6.83,7.52,6.02,6.47,6.46,6.2,6.78,6.37,6.5,6.49,6.56,6.63,6.27,7.69,6.24,6.96,6.64,6.43,6.57,8
CCDC64B,3.75,3.82,3.66,3.67,3.74,4.53,3.34,4.35,3.63,3.82,3.71,3.76,3.65,5.22,3.77,3.6,3.51,3.88,3.7,3.75,3.57,3.79,3.69,3.98,3.74,3.93,3.83,3.68,3.47,4.19,5.19,4.03,3.72,3.84,3.72,3.71,3.41,3.81,3.46,4.01,4.18,3.9,4.2,4.83,3.64,3.53,3.91,3.62,3.63,4.45
CCDC65,4.72,4.53,4.7,4.39,4.78,4.07,4.88,4.47,4.02,4.53,4.36,4.44,4.42,4.42,4.68,4.61,4.9,4.47,4.73,4.57,4.79,4.65,4.52,4.47,4.83,4.28,4.42,4.49,4.86,4.58,5.14,4.74,4.45,5.11,4.79,4.47,4.56,4.76,4.26,4.23,4.29,4.84,5.25,4.79,3.96,4.08,4.18,4.82,4.76,5.33
CCDC66,7.33,7.46,7.68,7.69,7.03,7.21,7.12,7.4,7.58,7.54,7.62,7.27,7.25,7.16,7.93,7.6,7.78,7.39,7.52,7.54,7.23,7.34,7.55,7.55,7.51,7.66,7.59,7.58,7.54,7.08,5.18,7.38,7.85,8.02,7.83,7.73,7.14,7.51,6.99,7.45,7.33,7.72,7.48,6.58,7.49,7.25,7.08,7.51,7.74,7.12
CCDC67,3.85,3.99,3.9,3.81,3.82,3.88,4.07,3.86,3.99,3.81,3.84,3.86,4.05,5.14,3.82,3.67,4.02,3.82,3.74,3.72,4.08,4.16,4.04,3.93,3.75,3.68,3.85,3.85,3.84,4.02,3.98,4.82,3.74,3.7,3.68,3.6,3.64,3.81,3.89,3.83,3.63,3.86,4.12,4.44,3.69,3.58,3.83,3.9,3.84,3.79
CCDC68,4.09,3.96,3.79,3.82,4.35,3.54,4.85,3.62,3.91,3.8,4.01,3.98,3.66,3.93,3.78,3.81,3.98,4.16,4.03,3.83,4.05,3.99,4.01,3.86,3.8,3.79,3.85,3.88,3.97,3.96,7.15,4.32,3.79,3.69,3.86,3.78,3.83,3.74,4,3.67,3.9,3.69,3.79,4.21,3.55,3.36,3.63,3.62,3.72,4.98
CCDC68,4.06,3.82,4.1,4,4,4.03,4.42,3.98,3.87,4.05,4.18,4,3.99,5.05,3.99,4.64,3.97,4.18,3.88,4.19,4.08,4.09,4.1,4.36,4.18,3.96,3.95,4.22,4.04,4.98,5.16,4.86,4.02,3.84,4.06,3.93,3.86,3.92,4.29,4.24,4.19,4.09,4.19,4.74,4.27,4.11,4.25,3.94,3.9,6.2
CCDC68,3.38,3.26,3.32,3.45,3.6,3.73,3.64,3.31,3.37,3.35,3.27,3.34,3.23,3.72,3.64,3.29,3.47,3.33,3.33,3.32,3.49,3.58,3.33,3.34,3.37,3.35,3.21,3.38,3.39,4.13,3.94,3.58,3.47,3.22,3.26,3.36,3.74,3.24,4.25,3.68,3.43,3.28,3.53,4.47,3.37,3.49,3.42,3.34,3.34,4.36
CCDC69,6.15,5.95,6.01,6.12,6.36,6.04,6.91,6.25,6.24,6.27,6.41,5.78,6.25,7.83,6.19,6.2,6.11,5.87,6.25,5.91,6.09,6.11,5.89,6.18,6.49,6,6.21,6.18,6.48,6.89,6.45,6.76,6.61,6.4,6.24,6.19,5.99,6.06,6.6,6.11,5.86,6.25,6.5,7.08,6.44,5.99,6.22,6.26,6.64,6.59
CCDC69,3.97,3.98,4.29,4.08,4.1,4.24,4.03,3.89,3.94,3.89,4.03,3.92,3.9,5.45,4.07,4.46,4.2,3.93,4.16,4.26,3.83,3.94,4.12,4.71,3.98,3.99,3.93,4.13,3.86,4.78,5.52,5.61,3.79,3.7,4.18,4.18,4.24,4.46,5.07,3.85,4.21,4.35,3.71,5.11,3.94,4.96,4.36,4.1,3.86,5.21
CCDC69,3.82,3.7,3.72,3.72,3.64,3.53,4.08,3.96,3.6,3.52,3.5,3.75,3.57,4.16,3.46,3.47,3.79,3.85,3.63,3.62,3.68,3.65,3.87,3.91,3.89,3.86,3.78,3.6,3.8,4.87,5.93,4,3.69,3.5,3.82,4.06,3.66,3.62,3.72,3.92,3.74,3.79,3.72,3.96,3.95,3.59,3.94,3.54,3.45,4.24
CCDC7,3.84,3.91,3.64,3.77,3.74,3.68,4.16,3.92,3.64,3.8,3.71,3.83,3.8,5.94,3.75,4.13,3.94,3.85,3.9,3.81,3.94,3.71,3.93,4.02,3.79,3.67,3.79,3.66,3.84,6.42,5.87,4.78,4.25,4.25,3.65,3.94,3.84,3.95,4.32,3.64,3.96,3.9,4.32,4.3,3.91,4.15,3.93,3.79,3.83,5.32
CCDC7,4.95,4.95,5.29,5.55,4.69,4.64,5.47,5.38,5.11,5.03,4.97,4.97,4.84,5.06,5.19,5.12,5.42,5.13,5.36,5.53,4.84,5.12,4.97,5.05,5.02,5.15,4.74,5.05,4.95,5.91,6.81,5.52,5.08,5.14,4.96,5.06,4.88,5.1,4.41,5.63,4.83,5.17,5.13,5.24,5.1,4.88,5.49,5.52,4.97,5.13
CCDC7,4.91,4.49,4.61,4.88,5.08,5.13,5.21,5,4.8,4.72,4.62,4.79,4.62,4.61,5.23,4.8,5.23,5.17,5.19,5.32,4.85,4.85,4.86,5.23,4.86,5.4,4.82,5.14,4.9,4.59,6.23,5.76,4.86,5,4.86,4.99,4.96,5.14,5.23,5.48,5,4.99,4.81,5.5,4.83,4.82,4.97,5.15,4.69,4.85
CCDC7,4.63,4.61,4.84,4.84,4.73,4.62,4.6,4.94,4.81,4.71,4.61,4.63,4.48,4.76,4.94,4.59,4.79,4.82,4.8,4.93,4.74,4.69,4.51,4.91,4.83,4.88,5.05,4.66,4.58,5.07,4.88,4.87,5,4.95,5.01,5.15,4.83,5.21,4.75,4.7,4.86,4.71,4.84,5.49,5.07,5.41,4.83,4.8,4.6,5.55
CCDC70,4.51,4.47,4.51,4.43,4.6,4.49,4.91,4.6,4.38,4.43,4.49,4.29,4.41,4.66,4.31,4.86,4.38,4.63,4.47,4.18,4.63,4.48,4.38,4.27,4.51,4.39,4.35,4.65,4.34,5.21,5.86,4.75,4.61,4.76,4.65,4.23,4.32,4.37,4.67,4.79,4.34,4.47,4.7,4.87,4.73,4.49,4.52,4.37,4.44,5.15
CCDC71,8.05,8.06,8.01,8.03,8.06,7.82,7.23,8.01,8.02,8.38,8.01,8.03,7.88,5.92,8.18,7.88,8,8.2,8.24,8.09,8.29,8.27,8.16,8.07,8.06,8.15,8.09,8.22,8.16,6.6,5.5,6.35,8.09,8.13,8.16,8.03,8.11,8.08,7.45,7.93,7.88,8.5,8.1,6.67,8.01,8.11,8.47,7.78,7.9,6.16
CCDC72,11.95,11.86,12,11.96,12.04,12.17,12.11,11.74,12.05,11.7,11.88,11.75,12.13,11.19,11.84,12,11.96,11.98,12.05,11.83,12.07,11.89,12.02,11.94,11.77,12.09,12.01,11.88,12.14,12.24,11.45,11.6,11.89,11.77,11.75,11.84,12.22,11.93,12.15,11.89,12.04,11.88,11.99,11.55,12.05,12.09,11.88,12.01,12.13,11.36
CCDC73,6.61,7,6.83,6.75,7.24,6.57,6.65,6.42,6.71,6.76,7.14,6.49,6.69,9.58,7.24,6.89,7.01,7.07,6.78,6.77,6.89,6.71,6.53,6.58,6.63,6.12,6.87,6.96,7.23,6.14,6.52,8.97,6.61,6.85,6.84,6.13,6.23,6.96,6.24,6.5,6.65,6.58,7.2,9.67,6.32,6.04,6.69,6.65,6.58,9.53
CCDC73,3.98,3.79,3.68,3.75,3.94,4.12,4.71,3.63,3.75,3.47,3.87,3.81,3.74,4.63,3.8,3.98,3.77,3.82,3.65,3.63,3.88,3.87,3.81,3.69,3.65,3.69,3.77,3.79,3.81,5.35,6.68,5.48,3.82,3.83,3.79,3.73,3.66,3.79,4.42,4.06,3.67,3.82,3.97,3.94,3.84,3.71,3.82,3.79,3.88,6.29
CCDC74A,8.73,8.94,8.97,8.78,8.86,8.83,8.8,8.84,8.65,8.82,8.82,8.64,8.6,7.98,8.53,8.56,8.57,9.14,9.02,9.12,8.61,8.36,8.42,8.27,8.23,8.37,8.95,8.68,8.91,9.17,7.41,8.82,8.68,8.68,8.63,8.88,9.04,8.97,8.69,8.63,8.68,9.37,9.21,7.67,8.27,7.98,8.02,8.65,8.63,7.18
CCDC74A /// CCDC74B,4.32,4.15,4.09,4.31,4.39,4.82,4.99,4.33,4.26,4.21,4.67,4.42,4.17,4.76,4.46,4.52,4.49,4.21,4.51,4.45,4.4,4.48,4.09,4.76,4.6,3.93,4.3,4.37,4.21,5.58,5.78,5.77,4.41,4.17,4.02,4.27,4.08,4.17,3.85,4.13,4.16,4.31,4.48,5.27,4.42,4.45,4.5,4.47,4.33,5.8
CCDC74B,7.38,7.77,7.8,7.68,7.94,7.66,7.21,7.87,7.66,7.62,7.97,7.62,7.02,8,7.25,7.09,7.25,7.99,7.87,8.26,6.8,7.2,7.24,7.35,7.05,6.7,7.61,7.74,7.44,5.73,6.78,6.83,7.56,7.81,7.68,7.89,7.37,7.85,6.69,7.66,7.42,8.17,8.07,8.28,6.8,6.75,6.75,7.8,7.55,7.89
CCDC74B,5.17,5.25,5.09,5.02,5.48,5.16,6.16,5.36,5.03,5.19,4.94,5.28,5.1,6.03,4.8,5.46,5,5.1,4.91,5.39,5.06,5.3,5.27,5.04,5.08,5.04,5.28,5.13,5.09,4.61,5.68,5.05,4.99,5,5.3,5.37,5.15,4.85,5.19,5.17,5.11,5.29,5.01,5.63,5.2,4.92,4.62,4.75,5.19,5.66
CCDC75,6.92,6.55,6.94,6.51,7.17,7.35,7.41,6.56,6.95,6.85,7.09,6.56,6.26,4.5,6.97,6.98,7.05,6.97,6.74,6.74,6.46,6.7,6.63,7.03,6.8,6.5,7.07,6.8,7.09,4.09,4.65,4.75,7.44,6.77,7.2,7.1,6.42,6.76,7.02,6.97,7.16,6.63,6.33,4.4,7.04,6.9,6.6,6.72,6.52,5.1
CCDC75,5.78,5.63,5.54,5.66,5.59,5.46,5.4,5.17,5.64,5.42,5.61,5.49,5.32,5.21,5.57,5.44,5.67,5.56,5.82,5.62,5.17,5.2,5.48,5.44,5.29,5.46,5.48,5.75,5.65,5.66,7.06,4.97,5.71,5.64,5.95,5.55,5.61,5.25,4.92,5.74,5.65,5.31,5.33,5.25,5.47,5.56,5.62,5.61,5.45,5.51
CCDC75,8.2,8.23,7.94,8.01,8.15,8.15,8.17,8.26,8.11,8.1,8.15,7.85,7.89,7.47,8,8.07,8.13,7.98,8.02,8.19,7.81,7.96,7.85,8,7.99,8.22,8.11,8.13,8.24,6.04,6.05,6.86,8.2,8.24,8.09,8.09,8.02,8.28,7.78,8.07,8.28,7.93,8.13,7.18,8.11,8.24,8,8,8.32,7.36
CCDC76,9.65,9.87,9.47,9.53,9.38,9.24,9.41,9.58,9.61,9.54,9.55,9.58,9.5,9.18,9.61,9.59,9.53,9.63,9.64,9.69,9.44,9.51,9.53,9.44,9.38,9.47,9.43,9.53,9.48,9.29,7.29,8.24,9.12,9.32,9.27,9.46,9.11,9.49,8.77,9.6,9.54,9.66,9.51,9.67,9.45,9.47,9.64,9.59,9.57,9.15
CCDC76,4.89,4.43,4.73,4.65,4.86,4.51,4.61,4.79,4.59,4.68,4.33,4.39,4.47,4.87,4.5,4.66,4.52,4.48,4.63,5.04,4.68,4.38,4.31,4.66,4.26,4.76,5.04,4.53,4.53,4.73,4.57,5.21,5.18,4.85,4.51,4.52,4.48,4.86,4.2,4.6,4.71,4.59,5.03,4.27,4.54,4.25,4.41,4.42,4.55,4.69
CCDC76,6.52,6.54,6.16,6.72,5.26,6.6,5.53,6.5,6.83,6.7,6.2,6.38,6.13,5.74,6.74,6.59,6.57,7.12,6.87,6.82,6.56,6.52,6.27,6.92,6.48,6.56,6.37,6.55,6.25,5.17,6.04,6.33,6.71,6.68,6.71,6.68,6.51,6.47,6.4,6.42,6.24,6.12,6.17,4.48,6.92,6.44,6.27,6.44,6.1,5.3
CCDC76,7.1,6.62,6.78,6.73,6.22,6.84,6.02,6.47,7.19,7.07,6.17,6.68,6.72,5.08,6.97,6.86,7.17,7.03,7.03,7.05,6.93,6.78,6.39,6.96,6.72,6.87,6.73,6.93,6.29,6.12,7.1,5.93,7.19,6.83,7.15,6.72,6.62,6.82,5.52,6.79,6.23,6.46,6.42,6.1,6.69,6.45,6.87,6.71,6.59,4.82
CCDC76,6.48,6.43,6.51,6.5,6.06,6.33,5.91,5.95,6.62,6.61,6.41,6.42,6.19,6.05,6.91,6.78,6.94,6.78,6.62,6.82,6.55,6.53,6.47,6.81,6.61,6.76,6.58,6.7,6.46,5.9,7.71,6.03,6.91,6.44,6.74,6.93,6.14,6.76,5.57,6.67,6.87,6.46,6.29,6.32,6.77,6.45,6.68,6.7,6.24,4.53
CCDC76,6.13,6.15,6.34,6.16,5.46,6.4,6.87,5.61,6.49,6.31,6.17,5.91,5.43,6.06,6.22,6.2,6.36,5.71,6.44,6.51,5.77,6.26,6.32,6.63,6.55,6.28,6.14,6.28,6.18,5.6,5.47,5.38,5.89,5.39,6.11,6.44,5.87,5.74,6.09,5.7,6.39,6.45,6.18,6.59,6.54,6.77,6.07,6.06,5.39,5.29
CCDC76,7.84,7.62,7.71,7.47,6.93,7.54,7.47,7.33,7.84,7.79,7.53,7.3,7.02,7.31,7.81,7.67,8.04,7.82,7.91,8.16,7.45,7.5,7.43,8.07,7.79,7.66,7.49,7.76,7.22,5.04,6.07,4.84,7.98,7.72,7.82,7.9,7.49,7.56,6.66,7.5,7.5,7.7,7.49,6.37,7.85,7.48,7.77,7.27,7.04,5.78
CCDC76,7.73,7.75,7.73,7.65,7.51,8.18,7.96,7.17,7.97,7.7,8.27,7.5,6.99,6.49,8.01,8.03,8.26,8.06,8.26,8.16,7.75,7.76,8.02,8.32,8.04,8.01,7.99,7.94,7.99,4.41,6.97,5.28,7.61,7.24,7.91,8.17,7.36,7.52,7.42,7.97,7.92,7.93,7.89,6.01,8.6,7.7,8.07,7.75,6.86,6.14
CCDC77,8.21,8.18,8.44,8.25,8.12,8.21,8.2,8.29,8.19,8.37,8.56,8.17,7.97,7.32,8.42,8.25,8.3,8.37,8.3,8.14,7.76,7.94,7.97,8.07,8.12,7.96,8.29,8.36,8.22,7.43,5.09,7.76,8.32,8.48,8.43,8.55,8.31,8.52,7.84,8.47,8.36,8.24,8.12,6.98,8.02,7.8,8.21,8.33,8.44,6.99
CCDC77,5.62,5.24,5.91,5.59,5.69,5.22,5.55,5.85,5.8,5.83,5.46,5.65,5.62,5.36,6.01,5.93,5.78,5.72,5.51,5.33,5.48,5.44,5.23,5.28,5.27,5.5,5.65,5.73,5.4,4.44,5.33,4.95,5.97,5.82,5.7,5.6,5.24,5.94,5.55,5.37,5.58,5.22,5.26,5.77,5.43,4.97,5.48,5.64,5.62,4.74
CCDC78,5.31,4.97,5.24,5.26,6.03,5.99,5.81,4.84,5.11,5.19,5.46,5.14,5.12,4.73,4.78,4.94,4.87,5.59,5.61,5.22,5.23,4.9,5.17,5.11,4.87,4.83,5.67,4.95,5.49,5.41,5.51,5.88,5.52,4.91,5.08,4.64,5.19,4.58,4.79,5.11,4.96,5.31,5.46,5.07,5.44,5.02,5.36,4.86,5.45,5.74
CCDC78,4.58,4.51,4.77,4.35,5.11,4.62,5.37,4.82,4.34,4.57,4.28,4.58,4.2,6.29,4.47,4.49,4.74,4.64,4.44,4.69,5.12,4.39,4.35,4.42,4.4,4.48,4.65,4.72,4.6,5.47,5.52,5.25,4.49,4.58,4.46,4.3,4.16,4.42,5.86,4.52,4.56,5.11,4.8,4.99,4.33,4.58,5.02,4.38,4.62,4.79
CCDC78,4.07,4,3.95,4.17,4.73,3.96,4.23,4.49,4.07,4.05,3.79,3.75,3.85,3.99,4.04,3.72,4.07,4.49,4.03,4.23,4.03,3.99,3.83,4.12,4.21,4.33,3.98,4.28,4.1,4.73,4.51,4.76,4.14,4.3,4.08,4.18,4.48,4.16,5.38,4.47,4.35,3.98,4.28,4.69,4.8,4.32,4.2,3.79,4.17,4.01
CCDC78,4.08,3.89,4.68,4.12,4.68,4.72,5.4,4.6,4.19,4.34,4.08,4.15,3.94,4.33,3.95,3.9,3.83,4.51,4.07,4.26,4.15,4.1,4.22,4.17,4.06,4.56,4.32,4.4,4.46,4.62,6.65,7.21,4.32,4.15,3.94,4.02,4.06,4.28,4.6,4.43,4.16,4.58,4.54,5.43,4.08,4.92,4.65,4.15,4.49,4.37
CCDC79,4.07,4.29,3.98,4.12,4.25,4.25,4.82,4.06,4.01,4.09,4.19,4.21,4.01,5.07,4.24,4.62,4.11,4.1,4.12,3.95,3.94,4.19,4.71,3.93,3.97,4.08,4.37,4.19,4.39,4.95,5,5.29,4.04,4.18,4.15,3.89,4.19,3.73,4.48,3.88,4.16,4.41,4,5.02,4.24,4.98,4.28,3.96,4.12,4.46
CCDC8,3.42,3.58,3.47,3.58,3.83,3.53,3.89,4.23,3.46,3.35,3.72,3.6,3.52,4.42,3.52,3.47,3.49,3.53,3.55,3.59,3.34,3.39,3.47,3.43,3.75,3.56,3.49,3.47,3.47,3.59,4.89,4.09,3.36,3.65,3.52,3.39,3.81,3.46,4.05,3.75,3.58,3.66,3.5,3.95,3.56,3.45,3.69,3.57,3.45,5.05
CCDC8,3.96,4.26,4.22,3.97,4.49,4.06,4.09,4.34,4.08,4.24,3.95,3.89,3.99,4.35,3.9,4.13,3.74,4.11,4.08,4.06,4.12,4.13,3.98,4.15,3.67,4.03,4.1,4.06,4.38,6.23,4.05,4.75,3.71,3.77,3.98,4.2,4.54,4.26,4.43,4.2,3.99,4.25,4.2,6.16,4.21,3.97,4.11,4.2,4.07,4.88
CCDC80,4.18,4.33,4.41,4.09,4.33,3.9,5.08,4.12,4.25,4.47,4.3,4.2,4.18,4.73,4.06,4.3,4.12,4.25,4.16,4.39,4.2,4.29,4.23,3.99,3.89,3.97,4.34,4.29,4.56,5.83,4.31,5.44,4.27,4.1,4.24,4.04,4.05,4.18,4.5,4.27,4.12,4.17,4.09,4.85,4.86,4.64,4.28,4.34,4.14,4.91
CCDC80,3.41,3.59,3.67,3.51,3.85,3.78,3.81,3.41,3.48,3.69,3.76,3.58,3.55,6.36,3.97,3.48,3.47,3.67,3.51,3.58,3.45,3.57,3.55,3.84,3.42,3.73,3.46,3.53,3.58,5.3,5.93,3.83,3.68,3.69,3.91,3.43,3.74,3.62,4.06,3.41,3.76,3.55,4.27,4.31,3.47,4.31,3.75,3.58,3.51,4.39
CCDC80,4.06,4.31,4.08,4.06,4.15,3.92,4.46,4.09,4.13,4.06,4.35,4.17,4.43,4.92,4.09,4.11,4.06,4.33,4.22,3.93,4.15,4.32,4.23,4.33,3.9,4.06,4.03,4.11,4.49,5.12,5.77,4.85,4.33,4.2,3.97,4.03,4.27,4.06,4.46,4.03,4,4.39,4.36,4.41,4.23,4.14,4.16,3.91,4.28,4.61
CCDC80,3.94,4.08,4.34,4.06,4.97,4.48,4.1,4.31,4.11,4.22,4.24,3.95,4.26,5.86,4.03,4.18,4.1,4.2,4.5,4.35,4.08,4.52,4.23,4.15,4.07,4.09,4.32,4.45,3.95,4.81,5.62,6.24,4.28,4.13,4.16,4.18,4.13,4.02,4.58,4.43,4.36,4,3.85,6.05,4.03,4.55,4.28,3.91,3.92,6.62
CCDC80,3.79,4.06,3.88,3.79,4.05,3.9,5.63,4.14,3.5,3.85,4.3,3.99,3.88,4.46,3.74,3.95,3.76,3.79,3.87,3.91,3.81,4.03,3.73,4.04,3.97,4.04,3.88,3.86,3.94,6.16,6.01,4.66,4.23,3.93,3.9,3.97,4.24,3.84,4.21,4.05,3.88,3.88,4.14,4.71,3.83,4.5,4.27,4.02,3.86,4.63
CCDC80,3.87,3.77,3.59,3.57,4.53,3.97,3.73,3.67,3.72,3.5,3.75,3.65,3.69,4.6,3.56,3.6,3.65,3.63,3.63,3.41,3.92,3.61,3.71,3.49,3.68,3.55,3.63,3.59,3.72,4.12,5.05,4.97,3.58,3.87,3.71,3.66,3.98,3.68,4.27,3.48,3.76,3.73,4.11,4.06,3.43,3.76,3.84,3.63,3.57,5.23
CCDC81,4.39,4.37,4.19,4.55,4.29,4,4.07,4.08,4.6,4.48,4.32,4.43,4.43,4.72,4.3,4.45,4.35,3.81,4.25,4.32,4.45,4.34,4.17,4.49,4.62,4.53,4.43,4.49,4.2,4.08,3.97,5.28,4.06,4.27,4.26,4.7,4.28,4.31,3.76,4.35,4.59,4.41,4.47,4.66,4.15,4.33,4.47,4.22,4.33,6.01
CCDC82,6.65,7.04,6.74,6.79,6.61,6.66,6.14,6.69,6.81,6.79,6.83,6.69,6.85,6.4,6.59,6.4,6.64,6.74,6.6,6.92,6.43,6.62,6.75,6.6,6.65,6.32,6.63,6.65,6.68,6.52,5.7,6.46,6.57,6.69,6.4,6.65,6.57,6.42,6.64,6.72,6.7,6.84,6.52,7.54,6.81,6.51,6.56,6.8,6.87,6.35
CCDC82,7.25,7.12,6.69,7.04,6.95,7.04,7.29,7.28,7.18,7.33,7.12,7.26,7.03,6.06,6.8,6.94,6.99,6.99,6.93,7.03,6.82,6.85,6.83,7,6.54,6.99,7.2,7.23,6.84,6.21,6.87,6.22,6.96,6.77,6.89,6.72,6.67,6.82,5.69,6.93,7.28,6.73,6.83,6.51,6.72,6.3,7.15,7,7.32,6.87
CCDC82,8,8.08,7.96,8.15,7.99,7.88,6.82,8.05,8.16,7.95,8.4,8.15,8.09,9.26,8.09,8.09,7.71,7.95,8.07,8.21,7.78,8.07,8.22,7.98,7.89,7.91,7.85,8.14,7.96,7.67,6.79,8.62,7.53,7.86,7.86,7.92,7.71,8.01,8.05,8.21,8.08,8.24,7.84,8.55,7.83,7.51,8.1,8.2,8.18,8.38
CCDC82,7.78,8.05,7.63,7.76,7.44,7.48,7.32,7.62,7.92,7.74,8,7.88,7.8,8.76,7.71,7.49,7.57,7.7,7.73,7.9,7.63,7.77,8.05,7.38,7.48,7.47,7.42,7.78,7.78,7.14,7.31,8.08,7.36,7.5,7.5,7.37,7.35,7.61,7.79,7.61,7.89,7.76,7.65,8.43,7.44,7.55,7.63,7.74,7.89,8.12
CCDC82,6.1,6.32,6.08,6.08,5.91,6.77,5.58,5.67,6.2,6.15,6.29,6.32,5.8,6.01,6.61,6.02,6.3,6.52,6.41,6.23,6.18,6.44,6.42,6.15,6.13,6.3,5.96,6.07,6.01,4.59,5.95,6.52,6.41,6.72,7.02,6.53,6.15,6.33,5.97,6.13,6.21,6.68,6.48,7.08,5.95,6.03,5.84,6.2,6.3,7.47
CCDC83,4.03,3.89,3.96,3.92,3.88,3.94,4.88,3.75,3.95,3.96,3.71,3.64,3.77,5,3.8,3.95,3.89,3.71,3.79,3.69,3.97,3.94,3.85,3.75,3.8,3.88,3.82,3.78,4.07,5.28,4.84,4.55,3.96,3.72,3.91,3.71,3.7,3.55,6.04,3.63,3.92,3.77,4.22,3.94,3.57,3.88,3.76,3.73,3.85,3.79
CCDC84,8.05,8.09,7.97,7.93,8.08,8.16,8.09,7.81,8.05,8.05,8.1,7.99,8.22,6.25,8.01,7.99,8.02,7.84,7.86,7.72,8.27,8.04,8.19,7.8,7.92,8.07,8.18,7.97,8.1,8.4,7.37,6.88,8.02,8.09,8.02,8.13,8.27,7.97,8.23,7.77,7.99,8.31,8.36,6.74,8.03,8.1,7.89,8.09,8.08,6.67
CCDC85A,6.49,6.68,6.34,6.34,6.34,6.69,6.17,6.1,6.86,6.62,6.92,6.41,6.46,6.08,6.86,6.85,7.06,6.55,6.37,6.55,6.92,6.8,7.29,6.72,6.76,6.94,6.54,6.63,6.47,4.04,6.84,5.08,6.25,6.28,6.07,7.18,6.99,6.91,5.21,6.49,6.32,7.15,6.95,6.47,7.14,6.9,7.12,6.56,6.88,4.61
CCDC85B,9.73,9.62,9.89,9.75,9.91,9.82,9.64,9.73,9.76,9.74,9.51,9.59,9.63,7.47,9.34,9.45,9.48,9.81,9.79,9.66,9.56,9.3,9.43,9.58,9.52,9.54,9.98,9.59,9.84,9.46,6.95,7.92,9.47,9.4,9.39,9.46,9.53,9.49,9.93,9.83,9.77,9.7,9.9,6.8,9.79,9.8,9.54,9.69,9.72,6.18
CCDC85B,5.65,5.41,5.77,5.79,6.06,6.19,6.54,6.16,5.53,5.61,5.63,5.89,5.5,5.5,5.57,5.9,5.81,6.04,5.69,5.91,5.7,5.85,5.63,5.96,5.91,5.75,5.96,5.97,6.14,6.21,5.77,6.65,5.91,5.55,6.02,5.58,5.91,5.79,6.32,5.63,6.16,5.95,5.74,5.91,5.84,6.29,5.99,6.11,5.65,6.27
CCDC85C,6.25,6.6,6.19,6.04,6.3,6.42,6.42,5.75,6.12,6.15,6.63,6.11,6.28,7.07,6.49,6.3,6.71,6.22,6.3,5.95,6.18,6.18,6.28,6.27,6.04,6.4,6.29,6.24,6.34,6.37,5.91,6.43,6.43,5.9,6.16,5.87,6.18,6.24,6.88,6.14,6.13,6.15,6.62,6.47,6.27,5.64,6.11,6.18,5.83,7.65
CCDC85C,5.75,6.11,6.58,6.31,6.37,6.24,6.52,6.56,6.15,6.15,6.84,5.77,5.95,6.88,6,5.99,5.82,6.65,5.9,5.89,5.65,5.83,5.43,5.52,5.88,5.91,6.35,6.11,6.5,5.16,4.82,5.06,5.59,6.06,6.17,5.88,6.3,5.74,5.93,6.44,6.28,6.29,6.09,5.63,5.68,5.75,5.52,6.04,6.45,6.69
CCDC86,8.91,8.87,8.84,8.71,8.65,8.63,8.57,8.91,8.76,8.78,8.7,8.62,8.55,7.12,8.88,8.97,9,8.85,8.79,9,8.56,8.39,8.27,8.8,8.53,8.76,8.94,8.78,8.79,8.08,7.4,7.82,8.83,8.75,8.54,8.92,8.89,8.89,8.23,8.69,8.49,8.41,8.16,8.41,8.69,8.73,8.79,8.79,8.84,7.92
CCDC86,9.99,10.06,10.11,9.99,10.51,10.26,10.14,10.21,10,9.93,10.04,9.87,9.78,9.85,10.13,10.19,10.14,10.21,10.14,10.15,9.79,9.72,9.67,9.91,9.92,10.03,10.13,9.93,10.23,10.39,10.05,10.36,10.11,10.04,9.91,10.23,10.36,10.16,10.19,10.11,9.97,9.66,9.95,10.27,10.08,10.34,9.92,10.14,10.33,9.51
CCDC87,4.15,4.21,4.19,4.1,3.95,4.31,4,4.62,4.33,4.37,4.27,4.15,4.24,4.26,4,4.06,4.15,4.19,4.22,4.19,4.63,4.16,4.62,4.3,4.23,4.25,4.06,4.06,4.08,4.02,6.49,3.89,4.47,4.06,4.22,3.95,3.88,3.91,3.99,4.33,4.09,4.35,3.89,3.95,4.47,4.17,4.25,4.01,4.34,4.03
CCDC88A,7.54,7.71,7.37,7.47,7.01,7.09,7.57,7.52,7.55,7.55,7.78,7.35,7.48,6.2,7.48,7.4,7.04,7.08,7.29,7.45,7.18,7.43,7.94,7.45,7.37,7.63,7.35,7.41,7.28,7,6.76,7.37,7.1,7.4,7.33,7.6,6.99,7.48,6.89,7.56,7.43,7.47,7.31,7.32,7.32,7,7.59,7.66,7.47,5.75
CCDC88A,6.39,6.23,5.84,5.87,5.88,6.19,6.23,6.01,6.6,6.43,5.89,6.16,6.28,4.05,6.19,6.25,5.87,5.99,5.96,5.97,6.13,6,6.11,6.61,6.06,6.1,6.36,5.81,6,4.9,4.7,4.82,5.89,6.41,5.8,6.23,6.01,6.32,6.41,5.85,6.3,5.4,5.97,4.07,6.17,5.53,5.66,6.49,6.14,6.1
CCDC88A,5.26,5.06,4.85,5.36,5.44,5.07,4.77,4.85,5.13,5.29,4.95,5.29,5.03,4.99,5.08,4.97,5.09,5.08,5.26,5.12,4.75,4.89,5.43,5.32,5.37,5.35,4.72,5.35,4.83,6.86,5.84,5.23,4.95,5.27,5.4,5.18,4.86,5.12,5.94,5.02,4.88,4.73,4.88,5.23,5.13,5.34,5.32,5.16,4.9,4.67
CCDC88A,5.46,5.56,4.88,5,4.88,4.77,4.74,4.93,5.41,5.32,5.63,5.1,5.07,4.9,5.07,5,4.84,4.73,5.14,5.22,5.24,4.86,5.57,5.19,4.95,5.04,4.98,4.95,5.51,5.6,5.38,6.01,4.79,4.63,4.79,4.86,5.34,4.68,4.31,5.27,5.26,4.6,5.4,3.84,4.84,5.05,4.75,5.16,5.33,3.5
CCDC88A,7.81,8.24,7.53,7.59,7.43,7.64,7.39,7.39,7.9,7.78,8.06,7.62,7.76,7.62,7.64,7.52,7.54,7.42,7.56,7.53,7.51,7.74,8.21,7.59,7.6,7.67,7.63,7.51,7.76,6.97,4.75,7.08,7.09,7.49,7.47,7.62,7.43,7.51,7.15,7.67,7.67,7.3,7.55,7.78,7.63,7.55,7.45,7.51,7.7,6.89
CCDC88B,8,7.62,8.14,7.96,8.45,8.22,8.89,8.48,7.72,7.99,8.09,7.78,7.96,6.57,7.73,7.83,7.85,7.92,7.95,7.85,8.18,8.09,8.22,7.98,7.99,8.07,8.09,7.66,8.36,8.37,7.73,7.49,7.6,7.48,7.61,7.89,8.24,7.93,8.44,8.23,8.33,8.43,8.48,5.8,7.81,7.96,7.89,8.11,8.17,8.74
CCDC88C,9.53,9.6,9.74,9.71,9.93,9.79,9.5,9.81,9.49,9.56,10.06,9.64,9.55,9.37,9.43,9.28,9.29,9.8,9.89,9.71,9.11,9.02,9.42,9.3,9.42,9,9.66,9.74,9.88,10.33,9.89,9.42,8.83,9.1,9.22,9.54,9.54,9.45,9.15,9.65,9.77,9.85,9.76,8.8,9.02,9.26,9.42,9.64,9.94,8.81
CCDC88C,3.97,3.98,3.95,4.09,3.98,3.97,3.81,3.76,3.74,4.05,4.03,3.89,3.7,4.55,3.86,3.71,4.36,3.88,3.9,3.86,3.95,4.13,3.84,3.77,3.64,4.12,3.97,4.17,4.11,4.27,4.33,3.68,4.11,4.14,4.17,3.81,3.95,4.21,3.89,3.88,4.16,3.97,3.98,4.55,3.75,4.68,4.15,3.87,3.8,3.84
CCDC88C,6.76,6.42,6.8,6.6,7.35,6.74,6.08,6.76,6.6,6.85,6.63,6.84,6.65,6.23,6.84,6.47,6.87,6.58,6.18,6.55,6.45,6.72,6.59,6.78,6.86,6.81,6.89,6.43,6.56,5.97,5.6,6.01,6.7,6.54,6.52,6.71,6.97,6.93,6.7,6.97,6.27,6.63,6.7,6.17,6.34,5.84,6.59,6.68,7.06,7.43
CCDC89,3.72,3.69,3.41,3.74,3.75,3.47,3.57,3.69,3.48,3.43,3.47,3.66,3.68,4.24,3.74,3.83,3.87,3.66,3.63,3.4,3.65,3.66,3.69,3.5,3.58,3.54,3.39,3.53,3.66,4.08,4.98,4.36,3.58,3.76,3.79,3.66,3.6,3.54,4.49,3.53,3.85,3.5,3.51,4.05,3.48,3.91,3.86,3.56,3.61,5.13
CCDC89,4.83,4.88,4.6,4.74,5.01,4.63,4.99,4.74,4.69,4.95,4.89,4.77,4.77,6.12,4.38,4.76,4.68,4.76,4.74,4.68,4.99,4.89,4.85,4.52,4.64,4.65,4.69,5.16,4.68,5.28,5.8,5.11,4.87,4.75,4.58,4.59,5.06,4.66,4.95,4.73,4.54,4.79,4.91,5.19,4.64,4.3,5.02,4.58,4.84,4.88
CCDC9,5.94,5.7,6.03,6.27,6.92,6.33,6.14,6.58,5.87,5.93,6.06,5.91,5.89,7.04,6.07,6.3,6.03,6.11,6.14,6.22,5.71,5.9,5.75,5.97,5.89,5.99,6.2,6.23,6.15,5.42,6.1,8.17,6.26,6.15,6.05,6.2,5.79,6.33,5.81,6.51,6.21,6.32,6.46,7.58,6.37,6.15,6.09,6.38,6.55,7.54
CCDC90A,10.68,10.52,10.62,10.51,10.4,10.4,10.39,10.45,10.66,10.62,10.42,10.52,10.64,8.43,10.29,10.36,10.42,10.39,10.46,10.53,10.34,10.34,10.18,10.36,10.38,10.43,10.6,10.56,10.56,10.43,8.34,9.35,10.47,10.4,10.27,10.42,10.3,10.38,10.55,10.55,10.53,10.14,10.18,8.83,10.68,10.7,10.62,10.5,10.4,8.2
CCDC90B,7.78,7.61,7.56,7.59,7.02,7.33,7.61,7.47,7.86,7.67,7.19,7.92,8.1,5.68,8.44,8.49,8.49,7.59,7.72,7.64,8.47,8.36,8.14,8.46,8.38,8.7,7.48,7.56,7.3,6.9,4.41,5.32,8.52,8.44,8.31,8.47,8.48,8.5,7.35,7.48,7.45,7.2,7.22,4.85,7.69,7.5,7.77,7.84,7.71,5.1
CCDC90B,9.33,9.35,9.22,9.24,8.7,8.77,8.36,9.08,9.55,9.47,9.01,9.54,9.93,8.73,10.14,10.04,10.13,8.97,9.28,9.39,10.32,10.05,10.15,10.05,10.09,10.38,9.34,9.22,9.16,8.62,7.8,7.28,9.89,10.11,9.85,9.8,9.96,10.25,8.73,9.2,9.35,9.02,8.88,8.1,9.43,9.42,9.51,9.54,9.61,8.57
CCDC90B,9.41,9.58,9.24,9.45,9.03,9.2,8.91,8.95,9.87,9.35,9.36,9.8,10.05,8.43,10.21,10.19,10.16,9.29,9.41,9.35,10.11,10.35,10.38,10.15,10.18,10.38,9.22,9.49,9.47,8.66,7.06,7.39,10.01,10.04,10.09,10.35,10.17,10.21,9.08,9.3,9.47,9.2,9.09,8.47,9.54,9.38,9.47,9.73,9.94,8.22
CCDC90B,9.66,9.85,9.63,9.69,9.64,9.61,9.38,9.51,9.84,9.73,9.97,10.04,10.1,9.02,10.6,10.45,10.6,9.62,9.69,9.6,10.54,10.44,10.73,10.55,10.51,10.64,9.78,9.69,9.78,9.26,8.35,8.85,10.37,10.44,10.58,10.53,10.61,10.49,9.49,9.72,9.87,9.67,9.69,8.86,9.86,9.77,9.83,9.99,10.17,9.26
CCDC90B,9.16,9.32,9.16,9.19,9.14,9.06,8.15,8.81,9.36,9.14,9.33,9.43,9.7,8.83,10.03,9.96,10.04,9.17,9.24,9.2,9.91,9.81,9.99,9.9,9.93,9.97,9.11,9.27,9.3,8.73,9.42,8.31,9.86,9.75,9.86,9.98,9.9,9.91,8.9,9.28,9.22,9,8.91,8.41,9.41,9.34,9.44,9.49,9.59,8.44
CCDC91,7.92,7.85,7.74,7.38,7.19,7.54,7.09,7.66,7.9,7.83,7.63,7.18,7.36,5.11,7.71,7.82,7.73,8.31,7.96,8.11,7.77,7.66,7.49,7.91,7.85,7.86,7.39,7.65,7.65,7.15,5.05,5.5,7.37,6.98,7.09,7.7,7.41,7.19,7.8,7.51,7.76,8.02,7.82,6.27,8.44,8.22,8.28,7.5,7.44,4.89
CCDC91,7.39,7.71,7.22,7.39,7.45,7.15,7.19,7.28,7.45,7.25,7.56,7.3,7.36,7.12,7.17,6.96,7,7.39,7.39,7.42,6.98,7.26,7.3,6.99,7.24,7.28,7.28,7.28,7.6,7.06,6.39,5.73,6.86,6.77,6.74,7.25,6.86,7,7.18,7.25,7.29,7.38,7.35,7.28,7.84,7.64,7.8,7.28,7.45,6.61
CCDC91,8.14,8.15,7.95,7.77,7.41,7.68,7.19,7.8,8.15,8.07,7.99,8.04,7.89,5.78,7.66,7.44,7.76,8.05,8.08,8.2,7.9,7.71,7.71,7.95,7.9,7.87,7.97,8.06,7.79,6.27,6.23,4.54,7.42,7.35,7.45,7.71,7.36,7.62,7.18,8.08,8,7.9,8.15,6.37,8.52,8.42,8.19,7.99,7.97,5.79
CCDC91,7.74,7.69,7.77,7.74,7.76,7.16,7.15,7.83,7.74,7.7,7.41,7.59,7.55,6.13,7.36,7.41,7.31,7.61,7.68,7.82,7.51,7.49,7.34,7.5,7.43,7.68,7.58,7.54,7.35,6.72,4.83,5.73,7.14,7.25,7.12,7.34,7.39,7.52,8.3,7.94,7.86,7.58,7.79,5.28,8.47,8.03,8.11,7.87,7.66,6.14
CCDC91,4.18,4.14,4.63,4.12,4.63,4.52,4.29,4.74,4.15,4.11,4.31,4.17,4.13,4.81,4.34,4.38,4.13,4.06,4.44,4.16,4.33,4.38,4.36,4.35,4.08,4.7,4.8,4.21,4.31,4.95,4.83,6.25,4.56,4.34,4.18,4.32,4.13,4.37,5.28,4.36,4.36,4.34,4.53,4.77,4.23,4.75,4.31,5.06,4.28,4.73
CCDC92,9.49,9.45,9.52,9.51,9.54,9.54,9.16,9.71,9.4,9.58,9.5,9.61,9.5,8.66,9.97,9.86,9.91,9.33,9.28,9.29,10.13,9.99,9.93,10.1,10.07,10.05,9.59,9.53,9.5,9.26,8.19,8.83,9.73,9.76,9.74,9.97,9.99,10.04,9.64,9.86,9.75,10.08,10,9.15,9.88,9.96,9.92,9.79,9.83,8.63
CCDC92,6.05,6.61,6.51,6.23,6.51,6.13,5.36,5.8,6.11,6.59,7.12,6.39,6.28,9.41,7.11,6.56,7.33,6.85,6.72,6.3,6.82,6.64,6.42,6.99,6.73,6.42,6.51,6.65,6.73,5.06,8.53,8.73,6.25,6.57,7.08,6.49,6.22,6.82,5.57,6.4,6.19,6.38,7.52,10.19,6.31,6.4,6.18,6.58,5.81,9.9
CCDC93,9,9.08,9.19,9.12,9.27,9.24,9.01,9.02,8.96,8.99,9.21,8.79,8.94,8,9.14,9.21,9.19,9.09,9,8.96,8.99,8.98,9.05,8.96,8.94,8.78,9.12,8.95,9.3,9.35,6.6,7.81,9.37,9.25,9.19,9.16,9.45,9.11,9.08,9.32,9.32,9.37,9.44,8.28,9.28,9.41,9.09,8.93,9.33,7.94
CCDC93,6.45,6.25,6.61,6.37,6.46,6.4,5.79,6.68,6.57,6.69,6.39,6.21,6.09,5.92,6.89,6.76,6.62,6.15,6.4,6.97,6.4,6.27,6.14,6.68,6.74,6.67,6.95,6.61,6.26,5.18,5.66,6.66,7.06,6.91,7.16,6.69,6.37,6.66,6.29,6.76,6.89,6.41,6.27,5.85,6.77,6.35,6.08,6.38,6.36,6.24
CCDC93,7.41,7.26,7.67,7.36,7.38,6.79,6.13,7.62,7.2,7.32,7.81,7.2,7.05,6.16,7.4,7.59,7.48,7.1,7.26,7.19,6.99,7.12,7.42,7.68,7.33,7.35,7.68,7.4,7.3,5.76,5.11,5.22,7.84,7.9,8,7.54,7.71,7.46,5.23,7.63,7.56,7.12,7.3,5,7.38,7.16,7.15,7.45,7.54,6.5
CCDC93,7.15,6.84,6.92,6.84,7.2,7.51,7.9,6.9,7.03,6.98,7.62,6.84,6.7,9.06,7.36,7.35,7.33,7.06,6.79,7.15,7.37,7.38,7.32,7.3,7.36,7.25,6.87,7,7.66,6.67,8.62,9.01,7.45,7.08,7.29,7.15,7.28,6.65,7.35,7.07,7.25,7.89,8.06,8.32,7.35,7.57,7.26,6.57,6.64,6.84
CCDC93,5.49,5.06,5.15,5.1,5.4,5.3,4.7,5.05,5.55,5.43,5.89,4.85,4.85,5.11,5.8,5.6,5.86,5.92,5.2,5.54,5.55,5.68,5.75,5.89,5.63,5.83,5.68,5.29,5.75,5.16,5.3,5.08,5.62,5.44,5.85,5.97,5.46,5.05,5.17,5.5,5.62,6.4,5.73,5.08,5.89,5.88,5.95,4.85,5.02,5.21
CCDC94,8.01,7.8,8.28,8.01,8.36,8.19,8.38,8.26,7.94,8,7.7,7.92,7.87,6.35,8.06,8,8.24,8.17,7.97,8.1,8.13,7.85,7.93,8.12,8.06,8.18,8.08,7.92,8.33,8.07,4.95,5.55,8.28,8.31,8.04,8.26,8.25,8.3,7.96,8.22,8.13,8.26,8.32,4.97,8.45,8.18,8.11,7.94,8.06,6.32
CCDC96,4.84,4.76,4.81,5,5.2,4.89,4.04,4.9,4.88,4.8,5.15,5.04,5.19,6.13,4.98,5.28,5.42,5.25,5.15,5.12,4.96,5.41,5.43,5.13,4.88,5.23,4.94,5.39,5.41,5.71,6.7,4.42,4.95,5.19,5.41,5.61,4.57,5.17,5.63,4.83,5.13,5.17,5.01,5.92,4.73,4.42,4.52,5.36,5.56,5.75
CCDC97,6.28,6.42,6.7,6.42,6.94,6.57,6.05,6.71,6.27,6.19,6.39,6.45,6.6,6.21,6.63,6.68,6.54,6.7,6.54,6.41,6.49,6.24,6.44,6.64,6.64,6.48,6.49,6.37,6.79,6.43,5.37,5.25,6.3,6.73,6.6,6.5,6.49,6.59,6.83,6.8,6.49,6.56,6.47,6.12,6.47,6.36,6.91,6.48,6.64,5.93
CCDC97,7.41,7.81,7.83,7.7,7.78,7.75,8.24,7.62,7.51,7.69,7.87,7.63,7.61,7.32,7.7,7.73,7.9,7.77,7.74,7.89,7.81,7.62,8.01,7.71,7.79,7.73,7.75,7.36,7.9,7.12,6.37,6.77,7.78,7.74,7.79,7.77,7.88,7.84,7.89,8.02,7.82,7.98,7.93,6.5,7.7,7.43,7.66,7.68,7.9,7
CCDC99,9.22,9.2,9.24,9.24,9.13,9.18,8.92,9.15,9.26,9.3,9.25,9.18,9.13,8.06,9.08,9.06,8.93,9.06,9.1,9.09,8.43,8.54,8.36,8.48,8.49,8.51,9.23,9.26,9.11,9.08,8.7,8.63,9.63,9.78,9.74,8.91,8.71,8.92,9.29,9.22,9.19,8.89,8.84,8.91,8.65,8.51,8.74,9.26,9.21,8.61
CCHCR1,7.68,7.42,7.77,7.63,8,7.7,7.91,7.66,7.55,7.55,7.84,7.46,7.42,7.36,7.66,7.6,7.56,7.7,7.75,7.59,7.37,7.42,7.41,7.3,7.39,7.3,7.74,7.74,7.95,7.82,7.15,7.28,7.78,7.8,7.85,7.55,7.66,7.54,7.6,7.7,7.73,7.87,8.04,7.39,7.45,7.38,7.56,7.55,7.65,8.8
CCHCR1,8.32,8.3,8.62,8.47,8.71,8.71,8.44,8.91,8.27,8.39,8.3,8.06,8.12,7.53,8.32,8.44,8.3,8.63,8.61,8.47,8.07,8.15,7.89,7.94,8.18,8.05,8.54,8.43,8.61,8.92,7.37,8.13,8.71,8.82,8.83,8.52,8.68,8.43,8.73,8.68,8.44,8.8,8.78,7.65,8.27,8.37,8.36,8.42,8.51,6.13
CCHCR1,7.22,6.85,7.12,7.03,7.24,7.01,7.06,7.43,6.88,7.06,6.81,6.69,6.78,4.73,7.01,6.81,6.76,7.07,7.25,7.08,6.58,6.51,6.59,6.59,6.75,6.7,7.11,6.92,7.22,6.25,5.3,5.92,7.37,7.37,7.16,7.11,7.26,6.93,7,7.24,7.13,7.23,7.43,5.55,6.73,6.97,6.64,6.73,6.82,4.65
CCIN,3.86,3.86,3.86,3.94,3.71,3.91,4.1,4.09,3.9,3.86,4.02,3.67,3.91,3.97,4.02,3.84,3.8,3.75,3.83,3.83,4.09,4,4.19,4.03,3.82,4.01,4,3.87,3.92,4.21,4.27,4.37,4.22,3.95,4.04,3.89,4.06,4.06,4.49,3.66,3.98,4.1,3.91,4.46,3.8,3.82,3.38,3.84,4.1,4.13
CCIN,4.73,4.41,4.32,4.32,4.6,4.48,4.57,4.81,4.59,4.57,4.72,4.53,4.86,5.1,4.64,4.74,4.55,4.82,4.51,4.69,4.98,4.72,5.08,4.33,4.52,4.48,4.58,4.52,4.77,4.03,4.22,3.98,4.78,4.62,4.8,4.76,4.03,4.47,4.89,4.29,4.28,4.39,5,6.04,4.54,4.63,5.07,4.52,4.37,5.44
CCK,4.91,4.82,5.02,5.25,5.11,5.47,5.56,4.75,4.88,4.79,5.34,4.97,5.45,6.46,4.72,5.22,5.03,4.84,5.08,4.76,4.97,4.92,5.19,4.96,4.46,4.99,4.94,4.69,5.32,5.04,5.05,4.79,4.61,4.98,4.83,4.6,4.74,4.66,4.9,4.39,4.7,4.6,5.29,6.37,4.83,4.79,5.01,4.98,4.71,6.03
CCK,4.27,5.15,4.29,4.55,5.04,4.24,5.4,4.02,4.37,4.4,4.83,4.65,4.76,5.64,4.48,4.48,4.63,4.4,4.56,4.42,4.5,4.68,4.74,3.95,4.04,3.88,4.19,4.41,4.66,4.48,4.61,6.26,4.22,4.46,4.34,4.13,4.08,4.35,4.51,4.28,4.27,4.79,3.84,5.91,4.48,4.23,4.13,4.07,4.2,5.29
CCKAR,4.12,4.33,4.22,4.3,4.65,3.87,4.79,4.75,4.06,4.22,4.04,4.3,4.18,4.69,4.22,4.14,4.33,4.47,4.3,4.16,4.07,4.39,4.34,4.42,4.51,4.36,4.2,3.97,4.3,4.53,6.07,4.72,3.93,4.51,4.39,4.16,3.91,4.38,4.34,4.14,4.23,3.99,4.41,4.7,3.94,4.28,4.65,4.33,4.12,4.34
CCKBR,3.98,4.02,3.63,3.81,3.88,3.82,4.8,3.49,4,3.94,4.28,4.02,4.02,3.93,3.79,3.94,3.89,3.75,3.89,3.83,4.17,3.92,3.86,3.98,4.2,3.76,4.18,3.97,3.82,5.18,5.67,5.16,4.24,3.95,4.12,3.89,3.99,3.7,4.31,3.8,3.77,4.12,3.91,4.26,4.07,3.94,4.45,3.97,3.9,4.06
CCL1,9.71,9.74,9.7,9.61,10.17,9.98,9.67,9.69,9.83,9.64,9.66,10.11,10.17,8.92,10.95,10.97,11.45,9.17,9.21,9.17,11.91,11.52,11.68,11.24,11.13,11.39,9.87,9.96,10.19,9.26,7.53,8.31,10.81,10.74,10.65,11.27,11.64,11.58,9.76,9.91,9.89,10.14,10.34,8.8,11.62,11.82,11.52,9.97,10.18,8.53
CCL11,4.19,4.38,4.23,4.37,4.48,4.27,4.33,3.99,4.25,4.51,4.45,4.23,4.23,5.31,4.34,4.41,4.25,4.49,4.16,4.53,4.42,4.47,4.57,4.06,4.21,4.24,4.34,4.36,4.2,4.4,7.78,5,4.38,4.2,4.53,4.01,4.09,4.24,5.17,4.16,4.04,4.23,4.35,4.17,4.4,3.95,4.11,4.28,4.4,4.36
CCL13,4.57,4.57,4.48,4.4,4.74,4.68,4.7,4.7,4.51,4.3,4.51,4.4,4.57,4.94,4.51,4.59,4.14,4.54,4.29,4.49,4.62,4.51,4.57,4.6,4.5,4.51,4.71,4.36,4.39,6.43,7.32,6.75,4.66,4.28,4.69,4.45,4.86,4.47,5.05,4.42,4.91,4.93,4.64,6.19,4.43,4.33,4.33,4.44,4.41,5.92
CCL14 /// CCL14-CCL15 /// CCL15,4.53,4.69,4.76,4.81,5.1,4.73,5.2,4.99,4.56,4.77,4.72,4.7,4.5,5.21,4.63,4.58,4.73,4.6,4.73,4.69,4.79,4.71,4.62,4.63,4.67,4.55,4.57,4.8,4.73,4.75,5,6.83,4.68,4.88,4.8,4.61,4.52,4.84,4.7,4.81,4.58,4.81,4.73,4.61,4.46,4.59,4.73,4.78,4.44,5.57
CCL14-CCL15 /// CCL15,3.85,3.73,3.89,3.98,4.25,4.03,4.73,3.98,3.96,3.91,4.19,3.83,3.83,5.09,3.95,4.22,3.88,3.93,3.85,3.88,3.91,3.85,3.84,3.83,3.84,4.13,3.98,4.1,4.17,5,5.19,5.22,3.85,3.79,3.89,3.84,4.2,3.89,4.41,4.13,4.15,3.97,4.68,5.17,4.11,4.27,4.18,3.78,3.91,5.84
CCL15,4.01,3.74,3.58,4.01,3.95,3.92,4.36,4,3.74,3.76,3.87,3.76,3.88,4.52,3.89,3.79,3.58,3.91,3.69,3.92,3.77,3.91,3.72,3.78,3.8,3.84,3.64,4.09,3.66,3.93,4.07,4.7,3.83,3.71,3.79,3.74,3.89,3.69,4.44,3.98,4.2,3.83,3.6,4.91,3.95,3.74,3.94,3.77,3.89,5.56
CCL16,4.25,3.91,4.09,4.12,4.06,3.72,4.22,3.78,4.08,3.88,3.89,4.01,4.06,4.88,4.02,4.08,3.85,4.03,3.86,4.39,3.88,4.04,4.04,3.81,4.15,4.3,3.83,4.02,4.33,5.45,4.91,6.26,4.22,3.98,3.95,4,3.73,3.99,4.91,3.92,3.93,4.06,4.43,5.5,3.83,3.92,3.87,3.82,3.77,4.46
CCL17,4.48,4.03,4.18,4.24,4.51,4.3,5.31,4.65,4.29,4.31,4.31,4.58,3.95,3.61,4.05,4.43,4.31,4.59,4.56,4.63,4.29,4.59,4.29,4.26,4.69,4.26,4.57,4.48,4.31,4.63,5.06,4.4,4.44,4.39,4.4,4.3,5.05,4.29,5.54,4.71,4.75,4.34,4.8,4.64,4.51,4.49,4.63,5.01,4.23,4.81
CCL18,3.54,3.54,3.4,3.63,3.71,3.84,4.98,3.82,3.49,3.47,3.64,3.49,3.42,4.95,3.55,3.36,3.61,3.73,3.42,3.54,3.51,3.57,3.68,3.6,3.53,3.63,3.5,3.58,3.55,5.47,4.5,4.24,3.61,3.56,3.56,3.57,3.93,3.62,4.32,3.38,3.73,3.71,3.57,4.82,3.42,3.44,3.74,3.67,3.53,3.71
CCL19,3.61,3.52,3.61,3.52,3.61,4.42,4.02,3.49,3.39,3.7,3.58,3.38,3.28,4.27,3.42,3.77,3.57,3.54,3.45,3.53,3.41,3.57,3.57,3.54,3.64,3.55,3.53,3.7,3.51,4.62,5.13,5.73,3.47,3.29,3.68,3.37,3.77,3.56,4.72,3.52,3.62,3.88,3.91,5,3.8,4.25,3.8,3.62,3.45,3.59
CCL2,3.57,3.88,3.61,3.59,3.64,3.61,3.85,3.58,3.67,3.71,3.78,3.85,3.81,3.78,3.54,3.55,3.65,3.58,3.64,3.52,3.85,3.62,3.63,3.57,3.66,3.64,3.75,3.61,3.72,4.52,5.54,3.91,3.74,4.06,3.82,3.54,3.63,3.62,5.03,3.51,3.76,3.61,4.09,3.79,3.66,3.78,3.8,3.61,3.75,3.82
CCL20,6.1,6.31,6.07,6.16,5.94,5.66,6.19,6.34,6.18,6.36,6.32,6.67,6,6.77,7.29,7.51,7.4,6.95,6.65,6.97,6.48,6.62,6.53,7.14,7.13,7.01,6.33,6.12,6.05,6.26,5.4,7.13,6.75,6.92,6.87,7.17,7.2,7.08,7.13,7.17,6.73,6.65,6.59,6.61,8.16,8.31,8.15,6.82,6.65,6.9
CCL21,3.94,4.2,4.14,4.17,4.23,4.01,3.93,4.06,3.8,3.98,3.95,4.03,3.96,4.21,3.64,4.37,3.96,4.01,3.77,3.74,4.02,4.19,3.99,3.94,3.76,3.93,3.9,3.9,4.01,5.45,4.36,4.65,4.3,4.08,4.18,3.66,3.68,3.97,4.24,3.58,3.98,3.67,3.95,4.3,4,4.07,3.89,4.09,4.13,4.16
CCL22,5.43,5.33,5.38,5.51,5.18,5.37,5.2,5.55,5.36,5.3,5.52,5.69,5.38,6.03,5.4,5.38,5.62,5.51,5.58,5.17,5.46,5.58,5.43,5.44,5.53,5.43,5.51,5.55,5.51,5.3,5.79,6.14,5.35,5.36,5.81,5.28,5.46,5.47,5.8,5.29,5.77,5.45,6.04,5.56,5.11,5.69,5.39,5.17,5.28,7
CCL22,5.91,5.9,6.05,6.09,7.08,6.16,5.54,6.31,5.67,6.19,6.46,5.69,5.75,5.68,6.36,6.91,7.44,5.83,5.43,5.54,6.79,6.5,6.76,6.39,6.5,6.82,6.14,6.26,6.54,6.01,7.12,7.15,8.27,7.94,7.8,6.72,7.4,7.09,5.53,6.98,6.66,6.32,6.06,6.68,7.74,8.17,7.87,6.17,6.44,7.76
CCL23,3.69,3.75,3.55,3.47,4.33,3.89,4.24,3.42,3.49,3.61,3.67,3.93,3.66,4.4,3.77,3.79,3.66,3.48,3.61,3.69,3.68,3.69,3.75,3.58,3.73,3.97,3.78,3.49,3.9,4.34,4.45,4.37,4.19,3.75,3.36,3.66,3.63,3.65,3.63,3.57,3.66,3.53,4.17,5.18,3.64,3.81,3.74,3.69,3.7,4.76
CCL24,5.32,4.92,5.4,5.36,5.22,5.16,5.99,5.22,5.01,4.85,5.15,5.17,5.09,5.3,5.01,5.36,5.43,5.22,5.35,5.54,5.49,5.23,5.16,5.43,5.23,5.74,5.52,4.96,5.22,6.22,6.78,5.54,5.47,5.11,5.22,5.34,5.61,5.15,5.63,4.89,5.17,5.41,5.23,5.76,4.89,5.18,4.8,5.05,5.08,5.61
CCL25,4.48,4.54,4.34,4.27,4.7,4.74,5.29,4.86,4.43,4.39,4.69,4.58,4.37,5.05,4.57,4.53,4.35,4.67,4.38,4.49,4.66,4.64,4.55,4.79,4.79,4.11,4.56,4.56,4.66,6.08,5.25,6.42,4.68,4.56,4.67,4.58,4.55,4.61,5.11,5.21,4.65,4.66,4.99,5.52,4.78,4.68,4.62,4.55,4.33,4.75
CCL25,4.3,4.61,4.29,4.28,4.62,4.11,4.21,4.99,4.25,4.26,4.38,4.32,4.33,4.4,4.52,4.19,4.53,4.29,4.41,4.55,4.54,4.3,4.21,4.54,4.42,4.49,4.57,4.4,4.11,4.63,4.83,4.34,4.52,4.27,4.53,4.44,4.26,4.35,5.23,4.83,4.5,4.34,4.53,4.43,3.95,4.46,4.37,4.6,4.33,4.79
CCL26,3.89,3.87,3.73,3.75,3.89,3.5,3.74,3.99,3.78,3.71,3.91,3.83,3.72,4.26,3.84,4.06,3.84,3.86,3.88,3.72,4.02,3.93,3.84,3.92,4.08,3.97,4.04,3.62,3.92,3.8,4.18,4.22,3.93,4.09,3.97,3.87,3.97,3.73,4.18,4.05,3.77,4.03,4.17,3.96,3.72,3.75,4.4,3.64,4.15,4.06
CCL27,3.85,3.8,4.2,4.02,3.79,3.89,4.16,3.76,3.76,3.94,3.8,3.98,3.78,4.13,4.34,3.88,3.63,3.84,3.98,3.79,3.78,3.66,3.9,3.78,4.15,4.02,3.94,3.91,4.06,4.95,5.53,5.73,4.08,3.92,4.41,3.98,4.1,4.18,3.83,3.86,4.02,3.83,4.5,6.01,3.84,4.27,3.89,4.24,4.13,6.32
CCL27,3.97,4.1,4.08,3.96,4.05,3.99,4.35,3.94,3.98,4.32,4.09,4.01,3.99,5.88,3.98,4.54,4.15,4,3.88,4.13,4.2,4.53,4.1,4.07,4,4.2,4.26,4.01,4.06,4.63,6.63,6.7,3.96,3.83,4.25,3.76,4.15,3.7,4.85,3.98,3.98,4.02,4.45,4.92,3.77,5.43,3.56,3.78,4.03,4.23
CCL28,3.79,3.93,4,3.75,3.73,4.14,4.04,3.76,3.84,3.9,3.99,4.05,3.95,4.04,3.71,4.08,3.67,3.74,3.87,3.91,3.77,3.75,3.79,3.85,3.77,3.97,3.94,3.87,3.82,4.1,5.68,6.17,3.87,3.84,3.82,3.7,3.71,3.89,4.25,3.69,3.69,3.72,3.82,5.83,3.96,4.45,4.18,3.67,3.94,4.28
CCL28,4.82,5.23,4.38,4.34,3.96,4.7,4.36,4.04,4.25,4.29,4.39,4.56,4.88,5.72,4.24,4.02,4.16,4.15,4.11,4.12,4.23,4.22,4.39,4.12,4.07,3.97,4.21,4.37,4.48,3.72,6.17,5.72,4.25,4.32,4.34,4.26,4.73,4.03,5.08,4.06,3.99,4.19,4.24,4.98,3.84,4.89,3.86,3.88,4.3,6.01
CCL3,10.12,10.14,10.25,10.24,10.18,10.26,9.86,10.18,10.12,10.15,10.04,10.26,10.29,8.64,10.24,10.2,10.29,9.65,9.86,9.71,11.02,11,10.98,11.31,11.21,11.25,10.28,10.17,10.23,9.08,8.58,7.41,10.48,10.46,10.4,10.11,10.1,10.35,10.57,10.63,10.55,9.49,9.51,7.38,11.17,11.06,11.02,10.31,10.21,8.07
CCL3L1 /// CCL3L3,8.95,8.59,8.81,8.81,8.75,8.75,8.83,8.69,8.76,8.69,8.59,8.94,8.91,8.24,8.88,8.63,8.83,8.49,8.38,8.24,9.62,9.53,9.59,9.07,8.71,9.01,8.69,8.87,8.91,8.19,7.81,8.42,9.06,8.97,9.16,8.64,8.75,8.93,8.36,8.84,8.76,8.25,8.23,8.79,9.43,9.75,9.17,8.8,8.77,8.07
CCL4 /// CCL4L1 /// CCL4L2,8.3,8.24,8.23,8.42,8.82,8.77,7.03,8.1,8.63,8.26,8.55,8.82,8.36,10.35,9.34,8.66,9.1,7.12,7.73,7.4,10.12,10.35,10.24,9.94,9.92,9.76,8.37,8.68,8.88,6.77,6.43,6.85,8.89,8.96,8.91,9.34,8.5,8.79,8.37,8.93,9.02,7.47,6.91,10.28,9.57,9.73,9.7,8.7,8.61,10.8
CCL4 /// CCL4L1 /// CCL4L2,5.9,5.7,5.82,5.85,6.46,6.38,5.24,6.33,6.24,5.98,6.32,6.34,5.86,6.27,6.97,6.56,6.74,5.04,5.16,5.34,7.9,7.77,7.83,7.58,7.59,7.43,6.03,6.13,6.37,4.46,5.61,4.88,6.62,6.72,6.44,6.84,6.3,6.23,5.56,6.65,6.64,5.7,5.26,5.99,7.34,7.21,7.54,6.53,6.64,7.26
CCL4 /// CCL4L1 /// CCL4L2,5.83,5.43,6.14,5.81,6.79,6.46,6.01,6.24,6.45,6,6.14,6.47,6.09,4.02,6.78,6.62,6.79,5.53,5.45,5.13,8.14,8.09,7.74,7.91,7.6,7.82,6.1,6.09,6.49,5.15,6.01,4.71,7.05,7.27,6.71,7.14,6.59,6.43,6.21,6.86,6.63,5.08,5.49,4.03,7.78,7.35,7.67,6.55,6.56,4.55
CCL4L1 /// CCL4L2,4,3.88,4.03,4.53,4.06,3.83,4.38,4.03,4.24,3.76,4.26,4.08,4.09,6.1,3.92,4.01,3.96,4.26,3.98,4.11,4.26,4.28,4.2,4.03,4.31,4.24,4.2,4.14,3.9,3.73,4.11,6.24,3.76,3.97,4.13,4.35,4.04,4.34,3.77,4.19,3.97,3.9,4.05,6.93,3.76,3.95,3.99,4.32,3.93,7.38
CCL4L1 /// CCL4L2,4.93,5.06,5.15,4.99,5.26,4.88,6.49,4.9,4.86,4.98,4.84,4.83,5.21,5.41,4.78,4.95,4.93,5.13,5.05,4.76,5.24,4.81,4.92,4.81,4.88,4.94,4.93,4.78,5.17,5.56,3.8,5.3,5.4,5.07,4.69,4.85,4.84,5.26,4.93,5.08,5.04,4.86,4.84,6.12,5.43,4.88,4.58,4.8,5.05,5.56
CCL4L1 /// CCL4L2,4.66,4.82,4.57,4.59,4.85,5.15,4.92,5.5,5.02,4.8,4.87,4.84,4.63,5.9,5.01,4.58,4.68,4.88,4.93,4.84,4.87,4.95,5.04,4.75,4.63,4.49,4.91,5.22,4.81,4.49,5.67,6.76,4.93,5.02,4.73,4.63,4.63,4.42,4.59,4.7,4.76,4.96,5.37,5.34,5.17,4.9,4.87,4.56,4.41,5.42
CCL4L1 /// CCL4L2,5.01,5.29,4.74,5.01,4.65,5.03,4.81,5.02,5.21,5.37,5.52,5.17,5.3,6.06,5.28,4.9,4.73,5.07,4.92,5.24,5.07,5.24,5.02,4.36,4.61,4.78,5.35,5.04,5.46,5.28,5.43,5.01,5.01,5.13,5.47,4.81,4.52,4.81,4.63,5.2,4.77,5.31,5.08,6.64,5.32,5.08,5.67,5.05,4.91,5.88
CCL5,7.99,7.79,8.1,8.11,8.12,7.77,8,8.14,7.9,7.99,7.58,8.1,8.38,7.55,7.95,8.13,7.93,8.17,8.1,7.95,8.85,8.64,8.36,8.52,8.6,8.79,7.97,8.05,8.1,7.53,6.62,7.31,8.05,8.25,8.16,7.86,7.88,8.09,8.43,8.13,8.51,8.31,8.01,7.62,8.79,8.8,8.65,8.14,8.18,6.98
CCL5,9.37,9.31,9.49,9.32,9.23,9.28,9.83,9.74,9.22,9.39,9.17,9.58,9.64,9.5,9.24,9.47,9.13,9.48,9.37,9.53,10.22,10.19,9.81,10.06,10,10.15,9.43,9.32,9.49,8.65,7.6,8.63,9.63,9.71,9.6,9.23,9.26,9.44,9.6,9.68,9.72,9.81,9.57,9.05,10.2,10.14,10.02,9.54,9.51,9.22
CCL5,9.7,9.59,9.62,9.58,9.3,9.45,9.99,9.95,9.5,9.82,9.27,9.94,9.95,10.09,9.62,9.67,9.55,9.64,9.78,9.7,10.52,10.37,10.12,10.26,10.33,10.53,9.7,9.52,9.66,7.38,9.8,8.89,9.89,9.96,9.79,9.49,9.66,9.69,9.86,9.81,9.9,9.92,9.93,9.81,10.27,10.28,10.27,9.72,9.69,8.97
CCL7,3.93,3.97,3.74,3.91,3.77,3.75,3.86,4,3.71,3.97,3.73,4.01,4.02,4,4.03,3.68,4.01,4.16,3.78,3.64,3.99,4.02,3.95,3.76,3.96,3.77,3.79,3.86,4.04,3.72,4.66,4.67,3.97,4,3.99,3.83,3.76,3.88,4.6,3.92,3.66,4.05,3.8,4.61,3.71,3.97,3.69,3.69,3.8,5.87
CCL8,3.44,3.6,3.69,3.6,3.69,3.66,3.82,3.55,3.51,3.72,3.48,3.66,3.57,4.11,3.77,3.59,3.48,3.63,3.74,3.52,3.68,3.55,3.56,3.48,3.55,3.59,3.58,3.59,3.44,3.84,4.43,4.47,3.6,3.61,3.55,3.55,3.8,3.47,4.11,3.63,3.57,3.59,3.58,4.28,3.6,3.72,3.71,3.47,3.67,4.89
CCL8,4.52,4.82,4.54,4.46,4.57,4.9,5.34,4.64,4.39,4.66,4.82,4.68,4.67,7.05,4.51,4.83,4.51,4.95,4.68,4.65,4.43,4.61,4.71,4.25,4.55,4.45,4.61,4.86,4.76,5.13,6.87,6.61,4.43,4.62,4.48,4.63,4.39,4.7,4.76,4.33,4.6,4.81,4.84,4.89,4.55,4.92,4.48,4.49,4.68,4.83
CCM2,9.76,9.56,9.86,9.71,9.9,9.8,9.82,9.8,9.67,9.67,9.53,9.53,9.52,8.33,9.7,9.73,9.71,9.36,9.47,9.5,9.72,9.79,9.76,9.85,9.83,9.8,9.65,9.63,9.74,9.07,8.45,7.43,9.69,9.7,9.66,9.92,9.96,9.96,9.91,9.88,9.88,9.75,9.9,9.33,9.61,9.62,9.67,9.67,9.6,8.91
CCM2,6.03,5.34,5.84,5.49,5,5.46,4.62,5.63,5.76,6.29,5.83,5.7,5.49,6.59,5.7,6.09,5.92,5.4,5.93,6.11,5.8,5.91,5.24,5.89,6.26,5.85,6.23,6.09,5.53,4.62,4.72,4.82,5.76,5.43,5.75,5.79,5.71,5.5,4.73,5.97,5.52,5.37,6.01,5.26,5.35,5.98,5.32,5.58,5.53,6.12
CCM2,4.68,4.15,4.31,4.14,4.74,4.24,4.41,4.02,4.23,4.47,4.3,4.3,4.55,4.72,4.54,4.17,4.3,4.68,4.15,4.19,4.32,4.48,4.16,4.49,4.53,4.51,4.21,4.28,4.76,4.78,4.18,3.64,4.33,4.51,4.17,4.25,4.72,4.09,5.64,4.17,4.03,4.28,4.13,3.92,4.27,4.03,4.27,4.04,4.22,3.93
CCM2,4.59,4.74,4.7,4.85,5.51,4.79,4.8,4.91,4.72,4.84,4.81,4.69,4.67,4.99,4.76,4.59,4.75,4.87,4.6,4.53,4.72,4.68,4.84,4.99,5.02,4.7,4.64,4.9,4.96,4.48,5.36,5.19,4.78,4.55,4.71,4.87,4.68,4.78,5.21,4.41,4.57,4.79,4.59,4.85,5.09,4.25,4.57,4.64,4.72,5.87
CCM2,6.13,6.26,6.36,6.25,6.47,6.68,6.4,6.26,6.3,6.4,6.27,6.33,6.25,6.47,6.28,6.37,6.43,6.3,6.24,5.96,6.41,6.21,6.38,6.27,6.29,6.45,6.06,6.31,6.1,6.11,8.56,6.68,6.32,6.13,6.14,6.31,6.36,6.59,6.53,6.06,6.37,6.19,6.17,6.33,6.29,5.97,6.09,6.48,6.3,7.77
CCM2,7.48,7.12,7.38,7.29,6.83,7.11,7.39,7.56,7.47,7.34,6.86,7.15,7.2,4.59,7.55,7.2,7.29,7.03,7,7.12,7.45,7.37,7.05,7.38,7.38,7.5,7.49,7.38,7.3,6.62,7.88,6.63,7.28,7.01,7.3,7.42,7.32,7.37,6.64,7.37,7.45,7.22,7.16,6.06,7.13,7.21,7.1,7.18,7.35,8.77
CCNA1,5.53,5.45,5.64,5.37,5.71,5.69,5.24,5.61,5.5,5.62,5.66,5.68,5.76,5.47,5.65,5.46,5.66,5.28,5.35,5.57,5.63,5.54,5.35,5.29,5.51,5.13,5.6,5.36,5.44,5.44,7.51,6.48,5.11,5.23,5.14,5.51,5.37,5.79,5.44,5.82,5.86,5.75,5.32,6.04,5.53,5.39,5.64,5.63,5.61,7.04
CCNA2,9.63,9.89,9.68,9.68,9.63,9.55,9.35,9.29,9.75,9.73,10.03,9.47,9.67,11.05,9.42,9,9.22,9.79,9.69,9.71,8.25,8.5,8.7,8.13,8.33,8.37,9.65,9.57,9.83,9.38,8.82,9.66,9.59,9.57,9.56,9.02,8.82,9.18,9.57,9.49,9.38,8.94,9.41,10.78,8.84,8.82,8.79,9.54,9.83,10.95
CCNA2,10.18,10.09,10.07,10.16,9.87,9.93,9.52,10.18,10.21,10.24,9.81,9.88,9.96,7.18,9.4,9.29,9.36,10.25,10.17,10.21,8.54,8.43,8.1,8.51,8.37,8.49,10.13,9.96,9.91,8.86,6.26,8.43,10.23,10.36,10.3,9.32,9.21,9.51,9.99,10.15,10.03,9.09,9.09,6.7,9.14,8.83,9.01,9.99,10.02,7.06
CCNB1,11,10.82,10.83,10.8,10.55,10.66,10.65,10.6,10.98,10.88,10.64,10.75,10.85,9.36,10.01,9.89,10.02,10.78,10.83,10.83,9.53,9.49,9.43,9.15,9.03,8.94,10.76,10.73,10.71,9.74,7.99,8.29,10.75,10.8,10.73,9.82,9.84,9.9,11,11.07,11.09,10.16,10.1,8.49,9.86,9.73,9.69,11.17,11.22,9.88
CCNB1IP1,9.03,9.02,9.22,9.16,9.26,9.03,8.94,9.07,9.2,9.18,9.08,9.12,9.14,6.68,9.85,9.87,9.97,9.01,9.1,9.01,9.35,9.45,9.35,9.79,9.82,9.8,9.05,9.1,9.21,8.37,6.71,7.76,10.21,10.25,10.25,10.04,9.81,10.1,9.12,9.27,9.19,9.44,9.6,7.88,9.28,9.27,9.44,9.16,9.28,7.03
CCNB1IP1,5.23,5.16,5.75,5.4,5.04,4.56,5.41,4.77,5.44,5.38,5.33,5.38,5.25,6.02,5.4,5.75,5.24,5.12,5.14,5.21,5.32,5.16,4.97,5.51,6.08,5.25,5.2,5.4,5.27,5.08,4.94,5.56,5.63,5.82,5.64,5.29,5.15,5.32,5.22,5.12,4.8,5.24,4.82,6.19,4.82,5.68,5.1,5.21,5.36,6.75
CCNB2,10.18,10.08,10.32,10.23,10.18,10.22,10.16,10.25,10.26,10.22,10.1,10.07,9.95,8.93,10.16,10.12,10.13,10.45,10.41,10.37,9.34,9.08,9.25,9.48,9.38,9.48,10.29,10.12,10.17,10.42,6.55,8.12,10.73,10.84,10.89,10.13,10.24,10.18,10.62,10.68,10.68,9.89,9.89,9.17,9.64,9.55,9.43,10.65,10.57,9.72
CCNB3,4.71,4.63,4.19,4.51,4.7,4.46,4.42,4.91,4.22,4.46,4.47,4.59,4.66,4.13,4.41,4.69,4.32,4.46,4.56,4.45,4.64,4.34,4.75,4.07,4.25,3.93,4.39,4.39,4.38,5.8,4.79,5.31,4.33,4.44,4.39,4.13,3.86,4.02,5.02,4.52,4.22,4.37,4.49,5.05,4.69,4.61,4.71,4.33,4.48,4.44
CCNC,8.7,9.04,8.61,8.63,8.38,8.55,8.62,8.52,9.08,8.71,8.75,8.71,9.16,7.32,8.61,8.52,8.82,8.54,8.45,8.42,8.9,8.73,9.07,8.47,8.63,8.75,8.93,8.55,8.95,8.42,4.83,6.94,8.49,8.44,8.42,8.5,8.45,8.5,7.55,8.59,8.6,8.69,8.92,7.29,8.77,8.67,8.71,8.76,9.14,7.3
CCNC,8.09,7.28,7.72,7.54,6.9,6.91,7.25,7.66,7.67,7.64,6.97,7.78,7.77,7.16,7.71,7.81,7.69,7.68,7.66,7.9,7.68,7.54,7.23,7.78,7.46,7.81,7.47,7.53,7.11,6.27,5.78,7.01,7.8,7.73,7.24,7.43,6.85,7.71,7.49,7.72,7.36,7.13,7.29,7.13,7.86,7.59,7.79,7.6,7.68,6.3
CCNC,9.56,9.14,9.23,9.37,8.91,8.74,8.99,9.37,9.46,9.59,8.75,9.54,9.49,8.2,9.57,9.6,9.36,9.22,9.38,9.43,9.57,9.39,8.83,9.31,9.22,9.48,9.19,9.59,8.94,8.01,8.03,6.76,9.46,9.48,9.29,9.36,8.9,9.51,9.01,9.17,9.16,9,8.77,6.66,9.3,9.09,9.54,9.42,9.17,8.41
CCND1,3.9,4.22,4.1,4.1,4.71,4.32,3.83,3.99,4.26,4.32,4.68,4.16,4.24,6.43,4.44,4.34,4.58,4.01,4.4,4.16,3.99,4.1,4.28,4.24,4.22,4.32,4.22,4.45,4.44,4.63,4.67,5.39,4.32,4.54,4.1,4.12,4.12,4.46,4.05,4.33,3.84,4.83,4.43,7.47,3.89,3.98,4.1,4.4,3.91,6.59
CCND1,3.4,3.43,3.35,3.65,3.76,4,4.07,3.54,3.56,3.52,3.57,3.58,3.66,3.57,3.64,3.66,3.53,3.65,3.67,3.87,3.44,3.57,3.49,3.53,3.51,3.48,3.52,3.44,3.85,4.68,5.72,5.6,3.59,3.63,3.71,3.94,3.64,3.73,4.76,3.46,3.55,3.76,3.66,4.03,4.09,3.56,3.67,3.61,3.58,4.16
CCND1,4.25,4.02,4.22,3.89,4.41,4.23,5.23,4.41,4.05,4.14,4.22,4.34,4.08,4.37,4.15,3.97,4.02,4.14,4.29,4.18,3.73,4.35,4.16,4.1,4.22,3.95,4.06,4.36,3.9,5.25,6.33,6.89,4.11,4.5,4.19,4.1,3.73,4.02,5.35,3.88,4.02,4.03,4.01,4.82,4.31,3.86,4.17,4.18,3.98,4.24
CCND1,5.13,5.1,4.58,4.86,4.36,4.62,4.15,4.13,4.67,4.74,4.87,4.99,4.95,6.99,4.63,4.95,4.55,4.62,4.73,4.37,5.51,4.92,4.9,4.49,4.34,4.64,4.43,4.7,4.54,4.19,5.89,5.76,4.55,4.85,4.69,4.38,4.43,4.6,5.56,4.42,4.34,4.54,4.5,4.76,4.22,4.14,4.11,4.46,4.78,7.04
CCND2,10.9,11.01,10.84,10.78,10.79,10.83,10.75,10.72,10.88,10.78,10.83,11.01,11.13,9.47,10.23,10.18,10.42,10.61,10.55,10.55,10.89,10.68,10.92,10.87,10.76,10.88,10.86,10.71,10.79,10.75,6.6,9.42,10.4,10.39,10.37,10.28,10.32,10.42,10.71,10.83,10.75,10.5,10.61,8.84,11.18,11.03,11.08,10.94,10.91,8.63
CCND2,12.94,12.86,12.86,12.85,12.96,12.97,12.94,12.84,12.9,12.83,12.97,12.81,12.97,13.19,12.7,12.75,12.68,12.9,12.92,12.88,12.86,13,13.18,12.94,12.92,12.93,12.83,12.84,12.99,13.29,12.61,13.2,12.67,12.63,12.56,12.7,12.73,12.68,12.73,12.7,12.76,12.92,12.87,12.64,13.06,13.23,13.12,12.93,13.09,12.7
CCND2,7.33,7.03,7.32,6.8,6.94,7.14,7.07,7.33,7.11,7.09,7.25,7.44,7.12,6.88,6.97,6.93,6.92,7.21,7.01,7.61,7.34,6.98,7.11,7.42,7.38,7.18,6.91,7.18,7.39,6.36,5.92,8.11,6.88,7.07,6.79,6.79,6.6,6.77,6.04,7.02,6.98,7.59,7.17,6.92,6.86,7.53,7.4,7.01,7.2,6.39
CCND3,9.25,9.15,9.35,9.23,9.53,9.38,8.97,9.46,9.12,9.2,9.48,9.12,9.09,8.46,9.57,9.6,9.37,9.55,9.43,9.38,9.2,9.23,9.26,9.41,9.45,9.38,9.45,9.32,9.6,8.89,8.01,9.76,9.79,9.79,9.66,9.56,9.53,9.56,9.18,9.38,9.26,9.13,9.21,9.32,9.33,9.5,9.5,9.38,9.44,8.95
CCND3,3.47,3.59,3.68,3.7,3.99,3.45,3.47,3.78,3.18,3.57,3.5,3.42,3.54,4.16,3.58,3.48,3.51,3.45,3.5,3.64,3.46,3.76,3.65,4.1,3.97,3.59,3.44,3.85,3.48,3.4,6.03,3.86,3.49,3.64,3.66,3.41,3.5,3.81,3.8,3.58,3.32,3.9,3.55,4.16,3.47,3.69,4.21,3.69,3.3,3.84
CCNDBP1,10.67,10.63,10.48,10.61,10.45,10.47,10.43,10.56,10.78,10.66,10.6,10.88,10.76,9.86,10.57,10.6,10.6,10.58,10.69,10.63,10.92,10.94,10.79,10.79,10.85,10.77,10.56,10.69,10.53,10.11,9.65,9.87,10.46,10.53,10.49,10.7,10.45,10.55,10.55,10.67,10.64,10.79,10.68,10.18,10.55,10.5,10.56,10.67,10.63,9.3
CCNDBP1,5.08,5.12,5.13,5.48,5.26,5.41,5.81,5.39,5.18,5.6,5.35,5.45,5.19,6.3,5.42,5.54,5.08,5.55,5.35,5.42,5.07,5.61,5.46,5.36,5.7,5.17,5.17,5.41,5.31,5.06,5.63,6.55,5.17,5.16,5.3,5.37,5.73,5.24,5.14,5.38,5.41,5.29,5.11,7.16,5.1,5.43,5.4,5.52,5.41,8.26
CCNE1,5.49,5.35,5.45,5.54,5.87,5.19,5.17,5.72,5.49,5.68,5.31,5.05,5.02,6.13,5.21,5.17,4.85,5.33,5.39,5.19,4.77,4.93,4.94,4.87,5.06,4.78,5.65,5.47,5.48,5.6,5.59,4.79,5.58,5.54,5.65,5.46,4.92,5.15,4.9,5.26,5.29,5.36,5.38,6.33,5.05,5.01,5.59,5.43,5.25,6.14
CCNE1,8.74,9.08,8.85,8.88,9.08,9,7.54,9.04,8.82,8.92,9.14,8.14,8.09,8.13,7.88,7.75,8.22,8.55,8.43,8.58,7.53,7.48,7.7,7.43,7.54,7.3,8.87,8.93,9.09,8.72,7.04,9.65,9,9.16,8.9,8.4,8.4,8.41,7.13,8.53,8.37,8.52,8.52,7.92,8.2,8.24,8.57,8.33,8.51,7.81
CCNE2,8.02,8.29,7.67,7.81,7.39,7.66,6.72,7.29,8.43,8.02,7.99,7.32,7.47,5.94,6.86,6.73,7.08,7.51,7.52,7.77,5.84,5.86,6.26,6.23,6.52,6.25,7.7,7.89,7.82,6.16,5.78,5.69,7.6,7.88,7.69,7.18,6.63,7.04,5.54,6.99,7.11,7.28,6.7,6.11,7.51,7.29,7.49,7.3,7.46,5.41
CCNE2,7.54,6.94,7.36,7.33,5.75,6.56,6.13,7.25,7.42,7.58,6.47,6.97,6.42,6.85,6.56,6.87,6.79,7.28,7.1,7.39,5.03,5.33,5.07,5.8,6.06,5.95,7.53,7.42,6.85,5.91,5.3,5.7,7.85,7.51,7.38,6.57,5.92,6.76,5.55,6.8,6.29,5.95,6.33,6.13,7.34,6.6,7.22,6.65,6.66,5.38
CCNF,6.17,5.79,6.38,6.42,5.66,5.82,6.41,5.95,5.98,6.33,5.8,5.88,5.4,5.03,5.73,5.26,5.49,6.68,6.21,6.09,4.92,4.98,4.89,5.42,5.59,5.14,6.18,6.22,6.14,5.54,5.4,4.92,6.48,6.66,6.66,5.72,5.93,5.6,5.62,6.09,6.22,5.83,5.93,5.19,5.71,5.33,5.76,5.67,5.98,4.92
CCNF,9.12,8.99,9.36,9.3,9.64,9.53,9.7,9.35,9.19,9.13,9.43,9.01,8.86,8.8,8.78,8.6,8.64,9.29,9.19,9.18,7.96,8.1,8.25,8.25,8.26,8.16,9.4,9.22,9.55,9.2,9.7,9.67,9.36,9.35,9.38,8.72,8.9,8.64,9.1,9.38,9.32,9.05,9.25,9.05,8.61,8.82,8.55,9.04,9.36,8.88
CCNG1,8.72,8.93,8.52,8.49,7.84,8.17,8.13,7.66,8.85,8.76,8.68,8.89,9.26,8.48,9.15,8.99,9.17,8.34,8.57,8.53,9.24,9.08,9.46,8.91,8.9,9.24,8.56,8.43,8.78,8.44,6.84,8.05,9.39,9.31,9.13,9.07,8.95,9.01,6.22,8.34,8.36,8.18,8.53,7.48,8.06,7.81,8.13,8.89,9.15,7.73
CCNG1,8.98,8.51,8.61,8.59,7.84,7.87,7.5,8.57,8.96,8.85,8.09,9.35,9.36,6.76,9.46,9.35,9.32,8.72,8.56,8.78,9.59,9.39,9,9.36,9.37,9.43,8.34,8.78,8.06,6.5,5.45,6.46,9.67,9.76,9.54,9.25,8.69,9.53,7.07,8.55,8.41,8.24,8.28,5.81,8.23,7.83,8.45,9.25,8.75,6.84
CCNG1,8.45,8.45,8.15,8.25,7.5,7.42,7.42,7.96,8.61,8.28,7.93,8.59,8.77,6.99,8.74,8.7,8.73,8.01,8.04,8.2,8.76,8.68,8.63,8.45,8.43,8.88,8.29,8.11,7.65,7.8,6.09,5.9,8.84,8.96,8.85,8.67,8.48,8.67,7.25,8.15,7.92,7.94,7.91,5.5,7.52,7.49,7.79,8.49,8.7,7.24
CCNG1,7.36,7.15,6.98,7.15,6.55,6.14,6.14,6.9,7.58,7.2,6.79,7.49,7.62,6.14,7.76,7.82,7.54,6.64,6.97,7.17,7.65,7.76,7.49,7.64,7.53,7.82,6.87,7.24,6.71,5.83,6.96,5.53,7.82,7.91,7.88,7.46,7.37,7.82,7.06,6.84,7.04,6.91,6.64,6.04,6.43,6.36,6.43,7.43,7.44,5.53
CCNG1,9.53,9.28,9.23,9.34,8.45,8.4,8.63,9.26,9.51,9.5,8.81,9.74,9.9,7.65,10.01,10.07,9.99,9.21,9.1,9.41,10.13,10.06,9.65,9.92,9.93,10.14,9.01,9.39,8.78,8.35,4.22,7.69,10.05,10.24,10.04,9.87,9.44,10,8.55,9.14,9.05,9.01,8.95,8.14,8.74,8.56,9.06,9.57,9.58,7.8
CCNG2,8.13,7.78,7.95,8.15,7.31,6.98,7.22,7.58,8.26,8.23,7.34,8.25,8.22,6.37,8.52,8.27,8.28,7.48,7.8,7.96,8.68,8.78,8.4,8.46,8.55,8.53,7.78,8.23,7.7,6.81,5.71,5.77,8.26,8.43,8.43,8.25,7.49,8.25,6.98,7.83,7.67,7.72,7.78,6.13,7.38,7.29,7.66,8.13,8.06,6.15
CCNG2,7.96,8.09,7.93,7.95,7.43,7.67,7.19,7.78,8.56,8.07,7.86,8.2,8.29,7.43,8.4,8.15,8.24,7.79,7.71,7.83,8.76,8.61,8.67,8.42,8.24,8.5,7.93,8.05,7.37,6.3,6.31,6.9,8.31,8.33,8.49,8.11,8.02,8.02,7.53,8.07,7.93,8.09,7.97,8.29,7.41,7.51,7.62,7.98,7.85,7.55
CCNG2,4.49,4.4,5.1,4.85,4.7,5.1,5.25,5.5,5.09,4.83,4.86,4.69,4.44,4.6,5.08,4.62,4.9,4.66,4.93,5.16,4.72,4.92,5.07,5.09,5.11,4.83,4.93,4.78,4.64,5.15,4.67,4.4,4.21,4.83,4.74,4.75,4.18,4.92,4.41,4.47,4.34,4.91,5.14,5.18,4.47,4.14,4.94,5.05,5.03,5.65
CCNG2,6.03,5.44,5.69,5.74,5.74,5.78,5.54,5.45,5.73,5.87,5.45,5.8,5.64,6.11,5.62,5.45,5.84,5.81,5.46,5.32,5.94,5.6,5.41,5.68,5.65,5.89,5.76,5.62,5.56,5.17,6.21,6.91,6.02,5.74,5.74,5.32,5.19,5.62,5.5,5.02,5.28,5.55,5.63,7.08,4.93,5.31,5.49,6.08,5.32,7.32
CCNG2,5.1,5.58,5.53,5.44,5.86,5.47,4.85,5.69,5.47,5.48,5.63,5.44,5.37,6.65,5.21,5.61,5.28,5.32,5.56,5.43,5.08,5.51,5.32,5.28,5.45,5.37,5.55,5.41,5.4,6.02,6.12,5.14,5.25,5.3,5.43,4.96,4.87,5.03,6.27,5.24,5.44,5.13,5.48,6.96,5.36,5.29,5.27,5.12,5.31,6.11
CCNH,9.72,9.79,9.69,9.63,9.59,9.82,9.16,9.33,9.76,9.77,9.73,9.78,9.71,9.32,9.7,9.6,9.79,9.69,9.83,9.77,9.74,9.63,9.78,9.73,9.6,9.69,9.69,9.65,9.81,9.75,8.96,9.28,9.59,9.74,9.61,9.62,9.67,9.66,9.53,9.77,9.85,9.63,9.54,9.36,9.79,9.61,9.84,9.65,9.94,9.05
CCNI,12.59,12.6,12.46,12.49,12.2,12.28,12.56,12.65,12.5,12.56,12.39,12.6,12.5,11.76,12.57,12.55,12.49,12.43,12.4,12.56,12.63,12.66,12.49,12.59,12.63,12.6,12.48,12.55,12.37,12.22,10.86,11.58,12.43,12.52,12.6,12.59,12.28,12.5,12.3,12.6,12.51,12.68,12.62,11.48,12.31,12.42,12.48,12.46,12.32,11.13
CCNI,12.02,11.87,11.81,11.9,11.43,11.65,11.69,11.72,12,11.92,11.85,11.98,12.07,10.43,11.95,11.97,11.9,11.81,11.82,11.8,12,12.06,12.08,11.9,11.92,11.94,11.82,11.97,11.76,11.34,8.95,10.08,11.79,11.84,11.83,11.93,11.62,11.81,11.51,11.75,11.83,12.15,11.95,10.35,11.67,11.75,11.85,11.9,11.78,10.61
CCNI,12.29,12.26,12.25,12.23,11.89,12,12.14,12.27,12.25,12.29,11.99,12.33,12.2,11.07,12.28,12.26,12.21,12.13,12.21,12.34,12.39,12.34,12.21,12.29,12.33,12.31,12.2,12.27,12.1,11.83,9.76,10.62,12.18,12.22,12.27,12.26,11.98,12.23,11.92,12.28,12.22,12.41,12.33,10.93,12.04,12.02,12.13,12.19,12.06,10.67
CCNI,12.12,12.1,11.97,12.04,11.56,11.75,11.85,12.09,12.13,12.07,11.89,12.15,12.06,10.59,12.11,12.09,12.01,11.93,11.94,12.11,12.21,12.22,12.15,12.04,12.11,12.12,12,12.1,11.95,11.55,8.56,10,12.03,12,12.03,12.03,11.76,12.02,11.82,11.96,12.07,12.28,12.22,10.59,11.83,11.92,11.97,12.01,11.98,10.94
CCNI2,4.36,4.53,4.64,4.59,4.56,4.5,5.15,4.34,4.47,4.48,4.65,4.75,4.52,5.7,4.36,4.35,4.44,4.41,4.34,4.3,4.29,4.68,4.42,4.37,4.18,4.08,4.08,4.37,4.43,4.68,6.33,5.09,4.29,4.88,4.61,4.17,4.23,3.98,4.97,4.19,4.19,4.41,4.64,5.83,4.1,4.43,4.3,4.5,4.4,5.14
CCNI2,3.96,4.25,4.2,4.35,4.45,4.75,4.34,3.95,4.21,4.34,4.24,4.21,4.18,4.84,4.33,4.22,4.14,4.11,4.13,4.32,3.93,4.17,4.53,4.21,4.18,4.39,4.3,4.22,4.16,4.52,4.26,4.56,4.16,4.19,4.2,4.11,3.93,4.3,4.25,4.6,4.15,4.09,3.98,5.11,4.63,4.57,5.02,3.93,4.16,6.21
CCNJ,4.99,5.12,4.96,5.34,4.79,4.15,4.46,4.86,5.1,5.27,4.65,4.8,4.9,4.01,5.1,5.3,5.04,4.73,5.32,5.31,5.21,5.12,4.64,5.2,4.64,5.06,5.13,5.11,4.76,4.57,4.1,3.72,5.21,5.67,5.72,5.12,5.18,5.4,4.98,5.51,4.97,4.66,4.82,4.39,5.67,4.78,5.18,5,5.21,4.4
CCNJ,6.28,6.63,6.58,6.41,6.04,6.47,6.13,5.78,6.43,6.35,6.68,6.2,6.52,5.83,6.22,6.02,6.26,5.93,6.24,6.44,6.11,5.66,6.54,6.02,5.9,6.33,6.28,6.17,6.47,5.86,7.07,6.35,5.96,6.27,5.92,5.78,5.51,6.15,5.9,5.86,6.24,6.22,6.62,6.29,6.2,5.41,5.92,6.45,6.67,6.57
CCNJ,6.49,6.34,6.45,6.63,6.41,6.51,6.18,6.46,6.56,6.56,6.65,6.27,6.27,6.35,6.3,6.32,6.42,6.38,6.23,6.23,6.08,6.16,6.43,6.19,6.2,6.44,6.52,6.5,6.29,5.93,6.61,6.07,6.54,6.71,6.57,6.42,6.48,6.16,6.3,6.23,6.6,6.38,6.1,5.72,6.54,6.45,6.47,6.41,6.74,6.27
CCNJL,4.33,4.55,4.6,4.56,5.2,4.82,5.27,4.81,4.44,4.28,4.57,4.54,4.46,4.5,4.49,4.93,4.58,4.85,4.41,4.52,4.63,4.31,4.46,4.48,4.73,4.47,4.67,4.38,5,4.97,7.05,6.12,4.4,4.47,4.44,4.35,4.66,4.38,4.91,4.55,5.01,4.22,4.54,5.67,4.79,4.95,5.02,4.31,4.58,5.3
CCNJL,4.51,4.26,3.96,4.43,3.9,3.66,4.89,3.95,4.29,4.13,4.16,4.12,4.07,4.46,3.79,3.93,4.01,4.06,3.87,4.13,3.78,4.1,4.3,3.99,3.75,4.05,4.01,4.01,4.27,3.86,6.35,5.1,4.08,3.92,3.85,4.14,3.79,3.89,4.02,3.71,4.27,3.9,4.63,4.29,3.89,4.04,3.93,4.2,4.16,4.15
CCNJL,4.21,4.37,4.39,4.36,4.38,4.79,4.97,4.55,4.35,4.07,4.16,4.43,4.34,4.38,4.5,4.21,4.13,4.22,4.46,4.24,4.52,4.57,4.34,4.06,4.61,4.34,4.56,4.18,4.54,5.44,5.49,5.53,4.29,4.45,4.64,3.96,4.84,4.02,4.81,4.48,4.77,4.86,4.13,4.99,4.12,4.83,4.37,4.24,4.4,4.85
CCNJL,4.66,4.63,5.08,5.16,5.49,4.74,6.11,4.58,4.8,4.74,4.81,4.9,4.91,5.35,4.92,4.81,4.84,4.66,4.78,4.73,4.9,4.92,4.86,4.48,4.44,4.51,5.04,5.14,4.88,5.42,8.29,5.02,5.06,4.95,5.06,4.75,5.08,5.08,4.69,4.73,4.71,4.95,4.49,4.96,4.52,4.55,4.81,4.76,4.95,5.29
CCNJL,4.78,5.14,4.99,5.06,4.99,5.1,4.88,4.67,4.81,4.94,5.06,4.59,4.82,5.36,4.81,4.51,4.79,4.74,4.71,5.13,4.74,4.81,4.71,4.84,4.61,4.5,4.88,4.89,5.2,4.59,4.61,6.41,4.93,4.39,4.9,4.62,4.81,4.79,4.66,5.33,5.13,4.56,5.09,5.71,4.97,5.15,4.94,4.99,4.59,7.15
CCNK,9.93,10.02,10.09,9.99,10.28,10.14,9.85,10.15,9.88,9.89,10.41,10.06,10.01,9.74,10.53,10.68,10.47,10.05,10.03,9.97,10.27,10.25,10.41,10.42,10.37,10.44,10,10.01,10.23,10.51,8.49,9.96,10.48,10.51,10.43,10.5,10.76,10.52,10.17,10.2,10.22,10.26,10.22,9.21,9.99,10.11,10.15,10.18,10.46,9.77
CCNK,9.33,9.51,9.44,9.34,9.7,9.62,9.69,9.49,9.16,9.3,9.64,9.44,9.43,8.78,9.93,10.09,9.9,9.43,9.43,9.48,9.68,9.61,9.63,9.85,9.84,9.89,9.39,9.26,9.65,10.19,7.57,8.91,9.77,9.91,9.84,9.89,10.13,9.97,9.82,9.62,9.64,9.7,9.54,9.06,9.62,9.61,9.57,9.61,9.77,7.96
CCNL1,9.91,10.16,9.74,9.9,9.61,9.55,9.7,9.56,10.12,9.97,10.16,9.84,10,8.4,9.87,9.86,9.98,9.52,9.58,9.77,10.06,9.99,10.23,9.85,9.92,10.08,9.77,9.91,9.81,9.72,6.93,8.26,10.08,10.23,10.29,9.79,9.62,9.8,8.93,9.7,9.82,10,9.87,8.85,9.88,9.93,9.91,9.78,10.11,8.68
CCNL1,8.24,7.89,8.07,8.13,6.82,7.27,7.62,7.67,8.48,8.39,7.26,8.25,7.95,7.39,8.75,8.66,8.7,8.38,8.24,8.68,7.87,8.17,7.36,8.72,8.67,8.68,7.96,8.3,7.34,6.31,5.15,6.62,9.47,9.45,9.72,8.39,7.79,8.57,6.13,8.22,7.74,7.59,7.32,6.49,8.17,7.27,8.08,8.23,7.86,7.9
CCNL1,10.3,10.25,10.2,10.25,10.08,9.99,10.24,10.4,10.16,10.35,10.12,10.18,10.29,8.36,10.3,10.4,10.34,10.09,10.05,10.25,10.44,10.39,10.15,10.34,10.28,10.47,10.23,10.3,10.27,10.31,7.69,7.95,10.75,10.86,10.8,10.03,10.15,10.31,10.32,10.21,10.12,10.37,10.4,8.45,10.38,10.35,10.33,10.21,10.16,8.69
CCNL1,8.41,8.12,7.78,7.95,6.87,7.65,6.06,7.65,8.41,8.25,8.18,8.06,8.15,7.23,8.07,7.96,8.3,7.92,8,8.32,8.33,8.38,8.62,8.14,8.14,8.35,7.93,8.16,7.97,6.93,5.43,4.65,7.73,7.55,7.62,8.07,7.52,7.85,6.94,7.61,7.56,7.97,7.9,5.52,8.12,7.85,8.01,7.85,7.75,5.58
CCNL2,7.71,7.68,7.73,7.73,7.65,7.77,7.71,7.98,7.79,7.99,7.96,8.05,7.75,7.92,8,8.14,8.03,7.69,7.66,7.74,8.3,8.27,8.32,8.42,8.5,8.12,7.93,8.03,7.79,6.87,6.19,8.39,7.83,8.02,7.8,8.13,7.92,8.15,7.89,7.92,8.03,7.8,7.64,7.71,7.85,7.68,7.88,7.85,7.73,7.36
CCNL2,9.02,8.86,9.03,8.97,8.83,8.79,8.95,9.02,8.86,9.03,8.77,8.79,9.02,5.39,8.89,9.1,8.93,8.77,8.82,8.84,9.17,9.08,9.04,9.15,9.04,9.14,8.95,8.84,8.95,7.72,5.59,6.75,9.03,8.98,8.78,8.98,9.15,8.96,8.51,8.87,8.95,9.15,9.12,7.33,8.77,8.77,8.8,8.83,8.89,6.34
CCNL2,6.29,6.28,6.13,6.53,6.74,6.38,6.38,6.73,6.29,6.54,6.51,6.39,6.16,5.93,6.48,6.43,6.5,6.42,6.29,6.5,6.54,6.25,6.42,6.67,6.39,6.22,6.49,6.52,6.6,6.1,4.88,5.3,6.13,6.24,6.35,6.37,6.71,6.43,6.02,5.96,6.2,6.6,6.72,6.26,6.39,6.3,6.37,6.26,6.6,5.68
CCNL2,10,9.97,10.12,10.02,10.15,10.14,9.99,10.29,9.8,9.98,10.17,9.92,9.83,9.93,9.99,10.1,10.04,9.9,9.92,9.93,10.22,10.16,10.28,10.22,10.15,10.05,10.07,9.88,10.19,10.47,8.48,9.17,9.92,10.08,9.92,10.05,10.18,10.05,10.04,10.08,9.97,10.44,10.39,9.18,10.03,10.13,10.07,9.97,10.15,9.42
CCNO,4.32,4.04,4.01,4.35,4.66,4.11,5.05,4.85,4.26,4.39,4.24,4.23,4.25,3.87,4.16,4.28,3.84,4.17,4.06,4.38,4.05,4.19,4.24,3.83,4.36,4.1,4.7,4.36,4.17,4.15,3.99,5.16,4.41,4.24,4.69,4.26,4.16,4.17,3.95,4.88,4.42,4.15,4.46,4.75,4,4.15,4.31,4.46,4.3,4.33
CCNO,4.48,4.3,4.64,4.26,4.76,4.69,4.62,4.51,4.25,4.46,4.36,4.39,4.44,5.18,4.34,4.36,4.33,4.35,4.45,4.54,4.15,4.35,4.41,4.57,4.42,4.3,4.4,4.6,4.52,5.03,5.53,4.55,4.35,4.21,4.49,4.51,4.66,4.6,4.37,4.35,4.48,4.42,4.26,4.17,4.83,4.48,4.28,4.51,4.52,4.6
CCNT1,6.83,6.32,6.65,6.78,6.9,7.29,6.93,6.88,6.63,6.78,7.06,6.62,6.53,6.49,7.29,7.14,6.9,6.55,6.62,6.95,6.89,6.8,6.91,7,7.22,6.79,6.62,6.62,6.97,6.06,5.25,6.3,7.75,7.15,7.56,7.05,6.83,6.75,5.48,6.81,6.83,6.8,6.4,7.3,7.05,6.83,6.95,6.55,6.68,7.21
CCNT2,5.07,5.25,5.03,5.17,4.9,4.91,5.21,4.9,5.27,5.29,5.04,4.96,5.36,3.54,5.16,5.19,5.4,4.88,5.01,5.12,5.24,5.24,5.39,5.12,5.13,4.94,4.87,5.21,5.12,4.71,2.88,4.83,5.43,5.62,5.12,5.18,4.88,4.93,4.48,5.03,5.11,5.32,5.1,3.89,4.88,4.9,5.18,5.13,5.31,4.73
CCNT2,5.44,4.69,5.33,5.54,5.06,4.82,5.33,5.59,5.27,5.31,4.74,5.31,4.99,5.34,5.34,5.05,5.6,5.28,5.45,5.66,5.59,5.01,5.15,5.47,5.62,5.87,5.35,5.33,4.5,4.28,4.37,4.55,6.13,5.76,5.85,5,4.85,5.74,4.47,5.41,4.87,4.53,4.89,4.96,5.99,4.65,5.35,5.31,5.51,5.22
CCNT2,5.7,5.36,5.1,5.45,4.86,5.27,4.9,4.95,5.29,5.27,5.35,5.16,5.25,5.03,5.12,5.69,5.56,4.97,5.16,5.49,5.06,5.49,4.98,5.34,5.14,5.56,5.47,5.5,4.75,4.86,5.34,5.04,5.75,5.69,5.45,5.47,5,5.4,5.52,5.44,4.86,5.29,5.08,5.82,5.6,4.7,4.98,5.27,5.29,5.42
CCNY,8.3,8.48,8.17,8.29,8.09,8.14,7.69,8.35,8.39,8.49,8.42,8.38,8.42,7.61,8.15,7.98,8.04,8.2,8.16,8.36,8.24,8.36,8.35,8.23,8.21,8.37,8.41,8.38,8.18,7.48,5.71,6.46,7.7,7.63,7.61,8.35,8.21,7.9,8.71,8.37,8.32,8.21,8.08,6.56,7.98,8.34,8.17,8.23,8.59,7.04
CCNY,8.96,8.92,8.78,8.89,8.4,8.72,8.67,8.82,8.86,8.97,8.71,9.05,9.04,8.24,8.74,8.66,8.63,8.82,8.9,9.01,8.77,8.79,8.63,8.74,8.85,8.95,8.75,8.9,8.5,8.1,6.31,5.47,8.53,8.47,8.37,8.82,8.62,8.8,8.74,8.71,8.74,8.92,8.79,6.7,8.91,8.75,8.97,9,8.94,7.95
CCNY,7.46,7.12,7.59,7.41,7.5,7.12,7.45,7.32,7.21,7.3,7.05,7.16,7.01,6.95,7.06,7.16,7.12,7.49,7.54,7.35,7.32,7.14,7.17,7.37,7.28,7.25,7.27,7.27,7.51,6.97,6.72,5.81,7.27,6.98,7.19,7.41,7.27,7.13,7.3,7.59,7.5,7.27,7.22,6.94,7.78,7.38,7.65,7.36,7.26,6.79
CCNY,8.7,8.48,8.96,8.7,8.98,8.74,9.72,8.73,8.62,8.62,8.49,8.64,8.26,7.23,8.51,8.44,8.43,8.58,8.59,8.6,8.67,8.54,8.68,8.74,8.54,8.69,8.75,8.58,8.68,8.24,7.07,7.41,8.35,8.2,8.36,8.59,8.4,8.66,9.03,8.91,8.71,8.75,8.86,8.22,8.97,8.73,8.72,8.67,8.63,7.22
CCNY,6.7,6.72,6.73,6.65,6.69,6.49,6.17,6.53,7.06,6.7,6.97,6.88,6.81,6.13,6.97,6.69,6.78,6.61,6.83,6.72,6.68,6.78,6.99,6.65,6.84,6.6,6.55,6.85,6.68,6.26,6.5,7.05,6.34,6.36,6.42,6.9,6.84,6.61,5.9,6.82,6.65,6.74,6.58,6.34,6.72,6.68,7.07,6.82,6.92,6.86
CCNY,7.61,7.21,7.6,7.35,6.98,7.26,6.67,7.17,7.5,7.6,6.96,7.3,7.27,5.1,7.12,7.28,7.29,7.5,7.6,7.63,7.23,7.16,7.09,7.4,7.59,7.52,7.26,7.61,6.82,5.74,5.04,6.48,7.25,6.91,7.15,7.2,6.96,7.52,5.64,7.49,7.53,7.36,7.18,5.57,7.33,7.42,7.48,7.23,7.24,5.4
CCNY,3.37,3.59,3.38,3.51,3.64,3.27,3.32,3.62,3.46,3.71,3.6,3.57,3.76,4.03,3.82,3.55,3.6,3.34,3.45,3.65,3.7,3.38,3.51,3.73,3.99,3.48,3.69,3.66,3.65,3.59,3.25,3.64,3.53,3.34,3.35,3.33,3.34,3.37,4.17,3.44,3.24,3.58,3.6,4.23,3.28,3.61,3.17,3.38,3.52,3.41
CCNYL1,7.81,8.16,7.73,7.91,8.04,7.89,7.67,7.8,7.93,7.92,8.21,8,7.89,6.6,7.81,7.8,7.94,7.68,7.84,7.86,7.86,7.77,8.05,7.96,7.93,7.89,7.76,7.98,7.74,6.73,7.03,6.85,8.05,8.12,8.15,7.78,7.81,7.71,7.75,7.97,7.96,7.76,7.66,6.8,7.77,7.79,7.93,8.19,8.21,6.44
CCNYL1,6.27,5.97,5.98,6.06,6.51,6.21,5.58,6.1,6.14,6.27,6.11,5.86,6.02,5.77,6.48,6.17,6.27,6.2,6.32,6.37,6.25,6.2,5.99,6.26,6.25,5.89,6.31,6.02,5.65,5.34,5.82,5.45,6.24,6.52,6.4,6.24,6.08,6.17,6.2,6.19,5.86,6.02,5.87,5.58,5.93,5.79,5.95,5.91,6.21,6.56
CCPG1,5.64,5.5,5.49,5.66,5.14,5.52,5.9,5.19,5.68,5.5,6,5.44,5.91,5.32,5.8,5.77,5.64,5.5,5.75,5.66,5.68,5.75,6.08,5.93,5.68,5.64,5.52,5.47,5.49,5.61,5.79,6.04,5.38,5.32,5.31,5.94,5.58,5.68,5.53,5.43,5.47,6.33,6.06,4.87,5.61,5.63,5.37,6.05,5.81,5.32
CCPG1,6.28,6.56,6.31,6.41,6.16,6.06,6.13,6.13,6.56,6.59,6.44,6.38,6.33,6.19,6.65,6.55,6.78,6.52,6.44,6.47,6.55,6.37,6.71,6.68,6.44,6.68,6.35,6.23,6.42,6.28,6.42,7.07,6.49,6.73,6.59,6.61,6.65,6.5,5.44,6.29,6.07,6.53,7.07,7.21,6.28,6.34,6.54,6.35,6.78,7.3
CCPG1,3.99,3.55,3.61,3.81,3.73,3.87,3.74,4.05,3.8,3.92,3.64,3.88,3.98,4.23,4.02,3.78,3.93,3.86,3.84,3.89,3.98,4.04,3.82,3.97,3.67,3.92,3.9,4.07,3.79,3.7,4.54,4.19,3.74,3.81,3.75,4.12,3.89,3.84,4.36,3.73,3.73,3.59,3.74,4.25,3.89,4.05,4.11,3.66,3.83,3.88
CCPG1,6.1,6.42,6.33,6.12,6.17,5.54,5.66,6.22,6.54,6.4,6.65,6.2,6.53,5.95,6.51,6.31,6.72,6.33,6.3,6.21,6.23,6.29,6.66,6.36,6,6.47,6.23,6.06,6.28,5.66,6.11,6.74,6.44,6.53,6.34,6.5,6.41,6.33,5.84,5.82,6.17,6.42,6.66,7.28,6.63,6.15,6.22,6.37,6.45,6.45
CCPG1,4.33,4.46,4.21,4.25,4.47,3.66,5.71,4.17,4.29,4.27,4.14,4.27,4.56,5.62,3.9,4.34,4.07,4.45,4.06,4.4,4.43,4.3,4.5,4.12,4.17,4.07,4.61,4.31,4.14,4.38,4.24,4.65,4.17,4.14,3.9,4.22,4.07,4.36,4.54,4.18,4.17,4.52,3.99,4.71,3.8,4.25,4.09,4.11,4.19,4.8
CCPG1,6.63,6.62,6.57,6.63,6.14,6.39,6.56,6.29,6.66,6.82,6.59,6.75,6.98,6.28,7,6.84,6.87,6.79,6.73,6.91,6.88,6.97,6.79,6.86,6.81,6.94,6.47,6.7,6.32,5.91,4.84,5.45,6.8,6.76,6.84,6.76,6.59,6.87,5.85,6.49,6.34,6.92,6.97,5.76,6.57,6.01,6.57,6.66,6.47,6.7
CCPG1,5.87,6.11,6.01,5.95,6.1,6.1,5.49,6.01,6.28,5.8,6.12,5.92,6.04,6.43,6.31,6.17,6.27,6.24,6.1,6.09,6.34,6.35,6.2,6.05,6.25,6.17,5.99,6,6.12,6.26,7.65,6.58,6.26,6.35,6.14,6.02,6.16,6.09,6.32,5.84,5.88,6.26,6.56,7.67,6.19,6.06,6.05,6.09,5.93,6.24
CCPG1 /// DYX1C1,6.35,5.92,6.09,6.24,5.29,5.94,6.09,5.73,6.17,5.96,6.02,6.11,6.05,5.98,6.36,6.53,6.46,6.4,6.14,6.41,6.33,6.02,5.97,6.24,6.17,6.08,6.06,6.5,5.86,6.9,6.11,6.2,6.22,6.21,6.48,6.16,5.99,6.14,5.5,5.64,5.65,5.93,5.19,6.28,5.64,5.54,5.95,6.55,5.71,6.25
CCR1,4.15,3.93,4.06,4.08,3.81,3.96,3.93,3.99,4.05,4.21,4.19,4.02,4.33,4.18,4.22,3.8,4.07,3.82,3.95,4.22,4.01,4.01,3.81,3.84,4.01,3.49,3.87,4.26,3.9,3.96,3.98,3.97,4.12,4.04,3.95,4.1,3.7,3.71,4.29,3.77,3.68,4.28,4.02,3.71,3.92,3.83,3.72,3.99,3.97,4.3
CCR10,4.55,4.08,4.2,4.49,4.91,4.02,4.85,4.98,4.66,4.35,4.5,4.42,4.31,5.29,4.46,4.36,4.53,4.53,4.21,4.38,4.3,4.56,4.13,4.18,4.45,4.27,4.19,4.53,4.42,4.88,5.18,4.66,4.33,4.56,4.66,4.21,4.47,4.2,5.55,4.97,4.53,4.86,4.77,4.8,4.03,4.29,4.32,4.44,4.53,4.68
CCR2,4.15,4.2,4.08,4.15,4.57,4.4,4.71,3.96,4.42,4.3,4.53,4.21,4.06,7.05,3.95,4.36,4.07,4.05,4.19,4.01,4.06,4.36,4.42,3.71,4.34,4.09,4.21,4.42,4.48,4.96,4.88,6.45,4.46,3.96,3.95,4.39,4.34,4.16,4.99,3.82,4.27,4.36,4.14,5.23,4.47,4.02,4.09,4.49,3.93,5.87
CCR2,3.72,3.95,3.88,3.68,4.15,3.44,3.98,3.77,3.8,3.9,3.93,3.7,3.85,4.01,3.76,3.93,3.53,3.88,3.85,3.7,3.83,3.84,3.68,3.9,3.59,3.71,4.06,3.81,3.82,4.67,4.91,5.45,3.73,3.86,3.94,3.56,4.1,3.44,3.8,3.66,3.55,3.96,3.69,3.97,4.18,3.96,4.01,3.81,3.97,3.94
CCR2,3.9,3.86,3.91,3.94,4.05,4.13,4.43,3.84,4.02,3.77,4.13,3.99,3.96,4.25,3.75,4.03,3.69,3.89,3.65,4.06,3.95,3.85,3.78,3.84,3.93,3.77,3.74,3.98,3.83,5.51,5.54,5.52,3.9,4.1,4.06,4.11,3.94,3.83,3.91,3.78,3.89,3.83,4.01,4.16,4.2,3.99,3.84,3.81,3.81,4.43
CCR2,3.89,4.1,4.05,4.03,4.23,4.34,3.54,3.83,3.83,4.33,4.02,3.89,3.88,3.86,3.91,3.89,4,4.04,4.02,3.68,3.98,4.05,4.16,3.81,3.91,4.13,3.67,3.68,3.8,4.1,4.77,5.57,3.96,3.76,4.22,3.69,3.7,4.06,3.97,3.86,3.63,3.71,4.02,5.11,3.71,3.49,3.67,3.85,4.13,5.18
CCR3,4.28,4.91,4.09,4.3,4.15,4.15,4.74,4.31,4.35,4.3,4.63,4.74,5.07,4.82,4.14,4.1,4.11,4.18,4.24,3.96,4.64,4.64,4.94,4.13,4.28,4.08,4.4,4.58,4.51,4.26,4.87,5.41,4.46,4.55,4.06,4.26,4.09,4.12,4.2,4.16,4.56,4.23,4.38,4.18,4.29,4.6,4.16,4.19,4.37,4.44
CCR3,4.95,5,4.86,5.28,5.37,4.84,4.98,4.75,4.98,5.05,5.05,5.17,4.68,7.32,4.97,5.15,5.02,4.61,5.02,5,5.09,5.17,4.84,5.13,4.87,4.99,4.69,5.3,5.5,5.13,5.36,5.89,4.71,5.04,4.8,4.89,5.02,4.86,5.33,5.02,5.41,5.36,5.46,6.65,4.8,5.15,5.02,5.31,5.16,6.32
CCR4,7.35,6.32,7.41,6.9,5.99,5.82,5.82,6.71,7.38,6.88,5.59,6.98,6.58,5.94,7.43,7.1,7.23,7.7,7.75,7.99,6.46,6.3,5.73,6.87,6.43,6.89,6.97,7.11,6.12,6.11,7.84,5.76,7.19,6.49,6.99,7.31,6.11,7.53,4.91,6.79,6.27,5.67,5.75,5.86,6.34,5.1,6.65,6.77,6.41,4.99
CCR4,9.5,9.2,9.4,9.54,9.11,9.22,9.02,9.13,9.77,9.57,9.14,9.59,9.62,8.16,9.33,9.34,9.5,9.82,9.62,9.59,9.18,9.12,8.83,9.14,8.82,9.16,9.49,9.61,8.98,8.89,6.04,9.17,9.33,9.09,9.31,9.54,9.22,9.59,8.48,9.14,9.21,9.31,9.3,8.09,9.05,9.13,9.25,9.58,9.59,8.53
CCR5,3.86,3.82,3.67,3.68,3.88,3.89,3.9,3.62,3.65,3.77,3.87,3.99,3.77,4.17,3.61,3.95,3.6,3.83,3.84,3.72,3.63,3.72,3.69,3.61,4.19,3.57,3.91,3.75,3.88,4.76,7.37,6.1,3.89,3.56,3.8,3.54,3.74,3.64,4.27,3.9,3.72,4.13,4.04,5.87,4.05,3.51,3.55,3.56,3.81,4.53
CCR5,3.93,4.12,3.96,3.99,4.06,4.08,4.35,3.7,3.88,3.86,3.75,4.04,4.21,4.23,3.78,3.7,3.91,3.73,3.84,3.78,4.13,4.18,3.99,3.98,3.58,3.8,3.82,3.87,3.87,4.14,3.85,3.82,4.09,3.93,3.86,3.63,3.88,3.85,3.72,3.89,3.64,3.83,4.33,4.16,3.64,4.17,3.68,3.83,3.83,5.03
CCR5,3.73,3.95,3.72,3.91,4.19,3.68,3.95,3.74,3.78,3.81,3.77,4.01,3.83,4.69,3.94,3.73,3.77,3.85,3.65,3.8,3.59,3.85,3.69,3.62,3.9,3.69,3.74,3.98,3.69,3.98,5.68,5.2,3.78,3.78,3.67,3.87,3.49,3.68,4.27,3.59,3.63,4.12,3.85,4.34,3.68,4,3.82,3.79,3.74,4.85
CCR6,5.37,5.42,5.28,5.47,4.83,4.85,5.88,5.19,5.78,5.36,5.61,5.99,6.26,6.25,6.29,5.92,6.41,5.16,5.5,5.54,6.43,6.52,7.14,6.66,6.47,6.8,5.28,5.08,5.73,5.26,4.34,4.62,5.76,5.97,6.11,5.88,5.44,5.6,5.32,5.63,5.84,5.29,4.97,4.11,6.1,5.91,6.06,5.89,6.1,5.36
CCR6,7.4,6.69,7.07,7.01,6.69,6.84,7.65,7.15,7.22,7.21,6.69,7.91,7.72,6.6,8.19,8.08,8.11,7.1,7.32,7.18,8.55,8.41,7.96,8.86,8.81,8.86,7.2,7.24,6.57,5.03,6.24,4.04,8.36,7.98,8.13,7.83,7.3,7.77,6.43,7.48,7.36,6.54,6.56,5.37,7.77,7.4,7.91,7.5,7.27,4.38
CCR6,7.66,7.49,7.49,7.82,7.23,7.66,8.44,7.59,7.93,7.74,8.01,8.67,8.69,6.96,8.36,8.47,8.46,7.55,7.49,7.4,9.08,9.11,9.17,8.73,8.95,9.08,7.66,7.77,7.89,8.02,7.26,6.69,8.19,8.55,8.33,8.35,7.76,8.05,7.52,7.93,7.96,7.63,7.64,6.84,8.3,8.4,8.51,8.38,8.52,6.87
CCR6 /// FGFR1OP,7.32,7.05,6.95,7.2,6.87,7.14,7.28,6.57,7.27,7.18,6.72,7,7.28,6.04,7.29,7.4,7.2,7.2,7.07,7.05,7.09,7.09,7.01,7.04,7.06,7.24,7.31,7.1,7.05,7.16,6.38,5.95,7.2,7.44,7.6,7.26,7.3,7.18,6.09,7.07,7.19,6.9,6.69,6.02,6.65,6.88,6.73,7.19,7.61,6.71
CCR6 /// FGFR1OP,7.06,6.72,6.82,6.95,5.96,6.58,6.28,6.42,7.26,6.89,6.81,6.6,7.29,4.91,6.91,6.87,7.13,6.49,6.73,6.68,6.72,6.6,6.62,6.79,6.67,6.83,6.89,6.64,6.77,6.47,6.74,4.87,7.24,7.26,6.91,6.72,6.79,6.85,6.73,6.94,6.61,6.45,6.47,6.31,6.23,6.26,6.37,6.89,7.16,4.78
CCR7,12.85,12.85,12.82,12.84,12.88,12.88,13,12.81,12.85,12.83,12.78,12.7,12.84,11.81,12.95,12.92,12.98,12.83,12.86,12.78,13.13,13.06,13.12,12.99,12.97,13.08,12.93,12.76,13,12.96,11.98,12.39,13,12.9,12.94,12.81,12.98,12.92,12.88,12.9,12.97,13.11,13.2,11.84,13.09,13.16,13.1,12.83,12.95,11.78
CCR8,4.27,4.36,4.3,4.19,4.27,4.37,5.97,4.21,4.35,4.4,4.39,4.39,4.49,6.08,4.22,4.51,4.16,4.33,4.41,4.35,4.42,4.61,4.27,4.22,4.45,4.2,4.38,4.3,4.51,6.84,5.07,4.97,4.32,4.21,4.41,4.41,4.35,4.18,4.16,4.47,4.17,4.34,4.3,4.05,4.25,4.54,4.11,4.2,4.38,6.43
CCR9,3.88,4.05,4.22,4.23,4.76,3.95,4.24,4.13,4.28,4.14,4.1,4.22,4.28,5.33,4.26,4.21,4.15,3.77,4.23,4.21,4.17,4.43,4.23,3.86,4.45,3.95,3.99,4.41,4.02,4.25,4.76,4.87,4.22,4.25,4.59,4.22,4.12,4.51,4.6,4.15,4.18,4.25,3.74,5.24,3.65,4.54,4.21,4.05,3.96,6.26
CCRK,4.36,4.7,4.16,4.51,4.28,4.04,4.36,4.71,4.18,4.27,4.51,4.72,5,5.02,4.22,4.22,3.94,4.27,4.28,4.28,4.17,4.63,4.3,4.06,4.23,4.3,4.31,4.17,4.56,4.09,4.34,4.17,4.39,4.41,4.24,3.78,4.22,3.97,4.81,4.34,4.23,4.23,4.31,5.01,3.85,4.23,4.21,4.32,4.25,4.55
CCRK,3.95,3.87,3.99,3.83,4.1,4.08,3.85,3.95,3.9,3.85,3.94,3.85,4.03,4.85,3.76,3.98,4.03,3.85,3.85,3.74,3.91,3.98,3.94,3.92,3.67,3.59,4.08,4.01,4.26,4.87,4.73,4.5,3.9,3.89,4.03,3.78,3.96,3.74,3.9,3.71,3.62,3.84,4.27,4.56,3.79,3.95,3.84,4.08,3.7,3.91
CCRK,4.02,4.28,4.11,3.84,3.78,3.88,4.67,4,4.06,3.84,3.75,3.84,4.33,4.45,3.82,3.93,4.14,3.69,3.68,3.96,4.32,3.98,3.75,4.03,3.81,3.85,3.62,3.72,3.82,3.82,4.93,3.81,3.9,4.04,3.94,3.84,3.98,3.98,4.26,3.92,4.22,3.81,4.07,4.27,4.14,4.48,4.27,3.85,3.65,4.05
CCRK,4.4,4.45,4.3,4.6,4.35,4.39,4.22,4.33,4.24,4.38,4.55,4.26,4.47,4.64,4.35,4.72,4.37,4.34,4.56,4.3,4.33,4.64,4.47,4.51,4.35,4.12,4.36,4.27,5.01,5.14,4.49,5.24,4.15,4.18,4.57,4.42,4.11,4.09,4.57,4.21,3.97,4.63,4.46,6.44,4.2,4.56,4.41,4.42,4.16,5.87
CCRK,4.13,4.22,4.13,4.16,3.9,4.35,3.9,4.05,4.16,4.16,4.29,4.2,3.99,4.88,4.28,4.09,4.17,4.48,4.51,4.1,4.43,4.49,4.13,3.9,4.44,3.82,4.29,4.21,3.9,4.13,4.15,5.54,4.41,4.05,4.44,4.12,4.29,4.19,3.96,3.99,4.08,4.23,4.71,4.53,4.09,4.95,4.81,4.35,4.31,5.7
CCRL1,3.93,3.96,3.67,3.9,3.66,3.67,4.61,3.7,3.72,3.64,3.95,3.73,3.86,4.74,3.71,3.74,3.7,3.76,3.58,3.45,4.23,3.76,3.89,3.72,3.5,3.62,3.74,3.54,3.82,3.91,4.15,3.85,3.59,3.52,3.77,3.66,3.79,3.61,4.14,3.63,3.55,3.88,3.62,4.53,3.6,3.78,3.51,3.65,3.57,5.1
CCRL1,3.69,4.01,3.66,3.89,3.91,4.69,4.06,4.22,3.83,3.84,3.73,4.06,3.78,4.47,3.95,4.28,3.59,3.96,4.14,3.78,3.8,3.94,3.98,3.51,4.02,3.66,3.86,4.18,3.83,4.48,5.31,4.27,3.57,3.64,3.89,3.81,4.3,3.98,3.95,3.87,4.07,3.71,3.75,6.02,3.96,3.78,3.98,3.91,3.84,5.69
CCRL1,3.58,3.65,3.65,3.41,3.79,3.57,4.55,3.34,3.54,3.53,3.94,3.51,3.63,4.8,3.67,3.73,3.65,3.62,3.56,3.46,3.91,3.48,3.76,3.84,3.84,3.8,3.71,3.56,3.81,4.08,4.93,5.72,3.57,3.6,3.5,3.69,3.84,3.58,4.71,4.26,3.69,3.74,3.64,5.39,3.87,4.28,4.08,3.59,3.78,5.27
CCRL1,3.6,4.26,3.78,3.65,3.59,4.08,3.38,3.54,3.76,3.7,3.98,3.9,3.52,5.34,3.73,3.95,3.93,3.58,3.76,3.74,3.88,3.96,3.92,3.92,3.98,3.8,3.7,3.86,3.8,3.46,4.74,4.06,3.79,3.55,3.85,3.7,3.43,3.84,3.81,3.98,3.54,3.73,3.64,5.01,3.63,3.42,3.52,4,3.74,5.06
CCRL2,3.81,3.8,3.87,3.83,3.75,4.47,4.08,3.7,3.77,3.95,3.92,3.84,3.87,4.16,3.74,3.62,3.63,3.97,3.8,3.87,3.82,3.88,3.78,3.88,3.66,3.6,3.59,4.19,3.82,4.02,5.03,4.96,4.12,3.76,4.15,3.76,3.97,3.76,4.56,3.88,3.85,3.8,4.03,3.67,3.62,3.99,3.95,4.07,3.81,4.48
CCRL2,4.03,4.12,4.05,4.02,4.18,3.98,5.36,3.96,3.97,4.17,4.27,3.88,3.97,5.43,3.95,4.03,3.8,4.13,3.88,3.85,4.07,4.23,4.32,3.82,4.02,3.73,3.87,4.12,4.24,3.71,3.73,4.55,3.97,4.01,4.41,4.1,3.92,3.97,4.19,3.98,4.05,3.92,4.24,5.61,3.75,4.43,4.17,4.05,3.88,6.02
CCRN4L,6.67,5.85,6.33,6.35,6.5,6.04,6.34,6.18,6.74,6.18,5.78,6.02,5.75,5.17,6.79,6.52,6.97,6.46,6.49,6.73,6.55,6.52,6,7.11,6.85,6.4,6.49,6.49,5.57,4.82,5.34,5.7,6.87,6.82,7.18,6.87,5.69,6.27,6.06,6.48,6.54,5.67,5.7,5.6,6.81,6.35,6.14,6.62,5.89,5.99
CCRN4L,6.27,6.31,6.53,6.59,6.55,6.75,6.47,6.17,6.66,6.27,6.67,6.29,6.24,6.14,6.41,6.06,6.44,6.23,6.36,6.33,6.5,6.19,6.53,6.39,6.2,6.59,6.69,6.3,6,6.66,6.69,6.61,6.64,6.33,6.5,6.5,6.31,6.49,6.56,6.1,5.99,5.94,6.11,6.42,6.77,6.72,6.56,6.53,6.22,6.01
CCS,9.88,9.66,10.03,9.99,10.09,10,10.06,10.02,9.82,9.94,9.75,10.1,9.93,9.86,9.98,10.02,10.03,9.64,9.78,9.68,10.45,10.29,10.27,10.42,10.51,10.35,10.06,9.94,9.94,9.09,9.28,8.56,10.12,10.25,10.27,10.14,10.13,10.27,10.36,10.11,10.15,10.15,10.07,9.41,10.07,10,9.95,10.17,10.01,9.87
CCS,9.28,9.16,9.36,9.4,9.7,9.72,9.25,9.34,9.27,9.25,9.13,9.33,9.47,7.57,9.37,9.5,9.51,9.12,9.24,9.12,9.79,9.72,9.86,9.79,9.72,9.73,9.33,9.3,9.43,9.4,7.45,7.98,9.7,9.79,9.79,9.49,9.66,9.63,9.44,9.56,9.46,9.58,9.53,7.47,9.47,9.54,9.35,9.46,9.36,8.12
CCT2,12.3,11.86,12.12,12.11,11.4,11.61,12.09,12.22,12.17,12.21,11.45,12.09,12.04,10.46,12.05,12.07,11.97,12.28,12.27,12.38,12.04,11.84,11.34,12.07,11.98,12.04,12.1,12.17,11.65,10.26,9.4,9.04,12.21,12.17,12.05,11.83,11.63,11.97,11.64,12.01,11.76,11.3,11.33,9.62,12.01,11.62,11.97,12.07,11.83,10.59
CCT2,12.27,12.35,12.29,12.29,12.16,12.13,12.02,12.23,12.36,12.32,12.15,12.2,12.15,11.49,12.09,12.08,12.13,12.37,12.34,12.39,12.13,12.06,12.01,12.1,12.11,12.11,12.3,12.21,12.15,12.09,10.87,11.4,12.18,12.21,12.18,12.06,12.04,12.04,12.03,12.19,12.16,12.01,11.97,11.29,12.15,12.13,12.18,12.22,12.21,11.21
CCT3,12,11.99,11.99,11.93,12.05,12.1,12.38,11.98,11.91,11.95,11.76,11.81,12.05,10.79,11.78,11.83,11.86,12.01,11.95,11.9,12.11,11.91,11.84,11.85,11.76,11.92,12.06,11.82,12.17,12.51,10.79,11.11,11.95,11.89,11.8,11.71,12.07,11.82,12.23,11.94,12.01,11.94,12.11,10.4,12.07,12.12,11.97,11.98,12.14,10.84
CCT3,12.03,11.95,12.04,12.05,11.99,12.09,12.15,11.91,12.06,11.97,11.87,11.92,12.1,10.05,11.83,11.88,11.91,12.05,12.03,11.92,12.04,11.95,11.95,11.81,11.86,11.94,12.08,11.99,12.05,12.24,8.82,9.63,11.97,11.83,11.8,11.8,11.9,11.89,12.05,11.98,12.04,11.97,12,9.63,12.03,12.09,12.02,12.05,12.15,9.89
CCT3,12,11.95,11.99,12,12.07,12.12,12.16,11.93,11.99,11.98,11.82,11.9,12.06,10.13,11.86,11.85,11.89,12.01,11.94,11.91,12.09,11.95,12,11.77,11.83,11.9,12.06,11.93,12.19,12.41,10.04,10.52,12,11.89,11.77,11.75,11.99,11.87,12.16,11.98,12.09,12.04,12.1,9.73,12.09,12.2,12,12.04,12.14,10.16
CCT3,11.2,11.13,11.14,11.11,11.16,11.28,11.51,11.09,11.13,11.11,10.96,10.98,11.25,9.61,10.87,10.99,11.02,11.12,11.08,10.98,11.21,11.03,11.15,10.9,10.85,11.05,11.2,10.99,11.32,11.46,8.41,9.43,11.13,11.02,10.76,10.9,11.13,10.95,11.28,11.07,11.2,11.19,11.27,9.26,11.25,11.29,11.09,11.12,11.34,8.83
CCT3,11.83,11.67,11.75,11.76,11.65,11.52,11.8,11.75,11.74,11.84,11.41,11.71,11.79,10.27,11.54,11.52,11.66,11.69,11.74,11.67,11.84,11.68,11.58,11.54,11.54,11.64,11.79,11.7,11.84,11.42,8.21,9.82,11.71,11.62,11.49,11.47,11.57,11.64,11.54,11.66,11.72,11.69,11.63,9.7,11.75,11.79,11.76,11.81,11.86,10.29
CCT4,12.3,12.05,12.07,12.19,11.85,11.91,11.53,11.88,12.31,12.21,12.06,12.2,12.36,10.5,12.05,11.89,12.01,12.15,12.19,12.23,11.98,11.97,11.99,11.9,11.91,11.96,12.16,12.26,12.05,11.97,9.85,10.51,11.75,11.84,11.77,11.91,11.59,11.92,11.8,11.97,12.07,11.97,11.76,10.28,11.96,11.87,12.1,12.23,12.38,10.44
CCT4,11.77,11.78,11.66,11.69,11.71,11.73,11.55,11.47,11.87,11.62,11.7,11.66,11.97,10.95,11.39,11.46,11.61,11.8,11.82,11.76,11.61,11.44,11.76,11.43,11.24,11.48,11.72,11.54,11.76,11.77,9.39,10.86,11.47,11.35,11.31,11.38,11.41,11.34,11.66,11.64,11.79,11.5,11.6,10.8,11.81,11.85,11.65,11.69,11.89,10.4
CCT4,11.68,11.7,11.6,11.66,11.55,11.53,11.52,11.59,11.73,11.72,11.57,11.69,11.6,10.67,11.42,11.27,11.37,11.74,11.76,11.77,11.45,11.36,11.43,11.31,11.29,11.26,11.58,11.65,11.58,11.47,10.11,10.61,11.38,11.34,11.38,11.3,11.12,11.34,11.46,11.67,11.63,11.34,11.43,10.05,11.53,11.51,11.56,11.6,11.69,10.55
CCT4,12,11.97,11.91,11.96,11.64,11.7,11.4,11.85,12.07,12.01,11.82,11.93,12.02,10.31,11.72,11.66,11.72,12.04,12.07,12,11.68,11.71,11.68,11.63,11.61,11.63,11.91,11.93,11.84,11.7,10.27,10.34,11.69,11.67,11.68,11.63,11.41,11.74,11.47,11.91,11.88,11.67,11.63,9.73,11.86,11.69,11.84,11.93,12.02,10.09
CCT5,5.5,5.48,4.87,5.5,5.46,5.25,4.67,5.17,5.67,5.5,5.81,5.36,5.13,5,5.06,4.49,5.28,5.36,5.68,5.75,4.57,4.97,5.08,4.92,4.89,4.85,5.75,5.2,5.2,5.39,4.62,4.54,4.78,5.18,4.88,5.14,4.87,5.14,4.81,5.69,5.59,4.92,4.97,5.2,4.95,4.98,5.45,5.26,5.13,5.34
CCT5,11.45,11.49,11.4,11.46,11.32,11.27,11.21,11.33,11.42,11.44,11.16,11.41,11.36,9.56,11.04,10.88,11.16,11.59,11.6,11.65,11.02,10.91,10.82,10.88,10.72,10.9,11.41,11.43,11.36,11.24,7.3,9.67,11.04,10.94,10.91,10.94,10.95,11.03,11.35,11.39,11.37,11.05,11.09,8.18,11.35,11.28,11.27,11.37,11.36,8.6
CCT5,11.27,11.29,11.26,11.25,11.06,11.1,11.26,11.21,11.28,11.27,11.04,11.24,11.23,8,10.8,10.75,10.84,11.43,11.52,11.4,10.86,10.71,10.64,10.64,10.61,10.74,11.24,11.22,11.25,11.17,7.13,8.68,10.89,10.78,10.81,10.71,10.73,10.82,11.09,11.25,11.13,10.92,11,6.23,11.2,11.03,11.11,11.24,11.2,9.59
CCT5,11.91,11.84,11.9,11.88,11.72,11.78,11.86,11.74,11.93,11.88,11.75,11.76,11.86,10.68,11.41,11.44,11.54,12.01,12,12.01,11.56,11.45,11.36,11.28,11.37,11.42,11.91,11.81,11.9,12.07,10.04,10.51,11.52,11.51,11.41,11.51,11.47,11.48,11.7,11.76,11.85,11.59,11.74,9.96,11.8,11.77,11.78,11.86,11.86,9.63
CCT5,9.67,9.4,9.41,9.52,9.22,9.12,9.29,9.45,9.61,9.6,9.22,9.46,9.58,7.57,8.94,8.91,9.13,9.61,9.55,9.69,9.06,8.99,8.68,8.76,8.73,8.88,9.46,9.47,9.32,8.71,7.07,7.08,9.07,8.99,8.64,8.77,8.8,9.1,9.36,9.37,9.33,9.08,9.05,6.02,9.37,9.27,9.35,9.47,9.48,6.91
CCT5,5.7,5.58,5.89,5.82,5.47,5.2,5.54,5.51,5.99,5.95,5.9,5.77,5.43,5.98,5.52,5.15,5.42,5.37,5.7,6.18,5.36,5.57,5.56,5.29,5.28,5.51,5.15,5.73,5.37,6.07,7.75,5.67,5.3,5.41,5.37,5.46,5.09,5.58,5.93,5.38,5.28,5.28,4.82,5.27,5.61,5.19,5.49,5.49,5.39,5.75
CCT6A,11.8,11.66,11.76,11.77,11.81,11.89,11.63,11.58,11.89,11.71,11.9,11.75,11.94,10.24,11.58,11.53,11.58,11.76,11.72,11.66,11.68,11.68,11.73,11.46,11.46,11.55,11.82,11.62,12.07,12.09,10.88,10.78,11.71,11.53,11.53,11.42,11.58,11.35,11.9,11.7,11.87,11.64,11.79,11.31,11.92,12.02,11.81,11.79,12.13,11.17
CCT6B,6.58,5.94,6.7,6.52,6.43,6.48,5.96,6.46,6.58,6.66,6.37,6.43,6.07,5.21,6.8,6.57,6.83,6.87,7.18,7.01,6.08,6.5,6.49,6.99,6.88,6.79,6.51,6.92,6.36,6,6.09,5.77,6.22,6.45,6.19,6.83,6.68,6.95,6.79,6.75,6.9,7.02,7.04,7.06,7.43,7.29,7.48,6.57,7.07,5.21
CCT6P1 /// SNORA22,6.17,6.27,6.3,6.08,6.3,5.67,5.45,5.96,6.52,6.36,6.3,5.89,5.65,5.71,6.29,6.22,5.96,5.92,6.4,6.44,6.09,6.46,6.01,6.22,6.04,5.55,6.39,6.42,5.74,5.68,5.35,6.06,5.8,5.55,5.52,6.25,5.86,5.75,4.72,6.38,6.24,5.79,6.35,5.27,5.91,5.79,6.53,6.14,5.54,5.78
CCT7,11.67,11.48,11.71,11.7,11.56,11.67,11.66,11.57,11.7,11.67,11.48,11.61,11.63,9.9,11.47,11.52,11.67,11.78,11.79,11.76,11.42,11.41,11.33,11.4,11.39,11.4,11.69,11.62,11.6,11.46,9.04,10.28,11.56,11.56,11.55,11.49,11.55,11.55,11.61,11.55,11.57,11.41,11.45,9.64,11.5,11.53,11.46,11.65,11.67,9.22
CCT8,11.83,11.73,11.63,11.79,11.64,11.74,11.75,11.56,12.02,11.7,11.71,11.67,12.02,10.44,11.52,11.51,11.61,11.54,11.61,11.51,11.67,11.59,11.76,11.4,11.41,11.58,11.74,11.64,11.91,11.93,10.47,11.17,11.67,11.54,11.51,11.48,11.69,11.53,11.74,11.56,11.75,11.74,11.73,10.45,11.7,11.75,11.53,11.77,11.99,10.52
CCT8,12.14,12.12,12.01,12.1,11.93,12.13,12.06,11.84,12.26,12.11,12.1,12,12.2,11.11,11.89,11.96,12.02,11.95,12,11.83,12.07,11.91,12.02,11.76,11.78,11.96,12.1,11.96,12.28,12.37,11.21,11.31,12.12,12.05,11.91,11.79,12.1,11.91,11.93,11.97,12.07,12.09,12.08,11.27,12.05,12.13,11.96,12.03,12.3,10.81
CCT8,12.16,12.2,12,12.08,11.92,12.08,12,11.94,12.24,12.07,12.05,11.92,12.34,10.3,11.82,11.76,12.02,11.84,11.87,11.88,12.13,11.92,12.11,11.56,11.58,11.99,12.16,11.85,12.24,12.43,10.52,10.71,11.96,11.9,11.82,11.77,11.99,11.74,11.87,11.95,12.06,11.99,12.15,10.91,12.02,12.05,11.86,12.06,12.31,10.32
CCT8,4.99,5.3,4.7,5.05,4.55,4.94,5.44,4.37,5.23,5.23,4.94,5.01,4.96,5.24,5.09,4.82,4.77,4.75,5.06,4.89,5.03,5.08,5.34,5,4.96,4.55,5.06,4.9,5.01,5.53,5.17,5.59,4.87,4.94,4.93,4.74,5.26,4.84,5.42,4.91,4.75,5.33,4.69,5.29,4.84,4.56,5,4.82,4.66,6.13
CCT8 /// LOC644131,10.02,9.98,9.74,9.85,9.45,9.55,9.53,9.57,10.15,10,9.56,9.79,10.58,7.86,9.46,9.51,9.81,9.54,9.54,9.61,10.05,9.47,9.48,9.2,9.25,9.7,9.94,9.62,10.13,9.85,8.04,7.04,9.67,9.58,9.41,9.44,9.71,9.42,9.12,9.48,9.71,9.62,9.89,7.62,9.65,9.64,9.53,9.78,10.47,7.07
CCT8L1 /// CCT8L2,4.08,4.35,4.03,4.15,4.2,4.16,3.96,3.95,4.2,4.28,4.16,4.3,4.12,4.28,4.05,4.12,4.41,3.86,4.34,4.12,4.48,4.24,4.23,4.02,4.22,4.08,4.48,4.29,3.9,4.54,3.43,5.35,4.13,4.1,4.23,4.05,4.26,3.89,3.86,4.3,4.2,4.02,3.86,5.19,3.86,4.19,3.8,4.04,3.95,5.06
CD109,10.57,10.61,10.51,10.6,10.51,10.53,10.35,10.44,10.62,10.65,10.74,10.59,10.58,9.77,10.75,10.69,10.64,10.69,10.84,10.89,10.51,10.64,10.65,10.56,10.57,10.61,10.4,10.66,10.45,10.46,9.21,9.72,10.18,10.34,10.37,10.68,10.67,10.61,10.14,10.26,10.22,10.3,10.31,10,10.14,10.11,10.17,10.45,10.33,9.62
CD109,5.86,5.7,5.57,5.89,6.04,5.23,5.17,6.18,6.02,6.16,5.94,5.85,5.6,5.64,6.01,5.61,6.3,6.61,6.48,6.72,5.51,5.85,5.74,6.14,5.62,6.11,5.94,5.78,5.77,4.94,6.06,5.54,5.44,5.89,5.54,5.97,5.89,5.98,5.42,5.79,6.17,5.29,5.3,5.83,5.37,5.78,5.89,6.31,6.16,5.18
CD109,7.26,7.16,7.61,7.44,7.5,7.44,6.08,7.27,7.38,7.27,7.22,7.38,7.35,6.66,7.45,7.39,7.21,7.42,7.4,7.53,7.11,7.63,7.25,7.38,7.53,7.46,7.35,7.38,7.24,7.05,5.84,7.99,7.3,7.47,7.6,7.59,7.33,7.41,7.47,7.27,7.48,6.94,6.76,5.77,7.31,6.62,7.16,7.24,7.46,5.96
CD14,3.42,3.67,3.5,3.61,4.06,4.03,4.1,4.04,3.72,3.68,3.7,3.6,3.49,4.24,3.92,3.63,4.15,3.54,3.52,3.62,3.52,3.49,3.58,3.79,3.8,3.78,3.69,3.76,4.02,4.36,4.68,3.73,4.02,3.46,3.47,3.55,3.78,3.48,4.66,3.85,3.61,3.72,3.68,3.98,3.68,3.84,3.8,4.12,3.75,3.76
CD14,3.89,3.8,3.76,3.75,4.19,4.66,4.77,3.66,3.58,3.75,3.78,3.87,3.68,4.1,3.81,3.82,3.88,3.82,3.83,3.59,3.89,3.63,3.73,3.65,3.65,3.91,3.78,3.82,3.71,4.33,4.57,4.47,3.72,3.89,3.75,3.73,4.07,3.88,4.7,3.92,3.92,4.2,3.59,4.02,4.26,4.28,4.09,3.81,3.96,5.02
CD151,9.77,9.61,9.73,9.77,9.42,9.45,9.23,9.98,9.68,9.72,9.07,9.62,9.67,7.15,9.45,9.53,9.56,9.43,9.51,9.5,9.47,9.48,9.12,9.61,9.46,9.62,9.69,9.8,9.54,7.59,7.98,7.15,9.74,9.66,9.67,9.62,9.77,9.68,9.65,9.7,9.55,9.53,9.48,6.36,9.25,9.31,9.35,9.64,9.42,7.03
CD151,10.13,10.14,10.4,10.33,10.38,10.39,10.23,10.35,10.21,10.15,10.01,10.2,10.09,8.65,9.98,10.06,10.09,10.14,9.91,10.11,9.98,9.95,10.13,10.15,10.04,10.05,10.21,10.27,10.29,10.29,9.01,9.99,10.23,10.25,10.13,10.37,10.35,10.31,10.43,10.46,10.32,10.29,10.36,9.93,10.03,10.09,10.05,10.2,10.17,8.93
CD151,10.14,10.06,10.31,10.18,10.31,10.28,10.24,10.31,10.12,10.08,10.01,10.06,10.06,9.19,10,9.95,10.08,9.91,10.04,9.84,9.89,9.9,10.1,10.08,9.96,9.99,10.19,10.2,10.2,9.98,9,9.4,10.12,10.09,9.97,10.18,10.19,10.17,10.38,10.25,10.18,10.22,10.13,9.53,9.92,9.97,9.86,10.13,10.16,9.18
CD151,10.86,10.86,10.97,10.92,11.18,11.07,11.17,10.98,10.76,10.86,10.92,10.84,10.76,10.26,10.69,10.64,10.73,10.67,10.64,10.64,10.65,10.67,10.75,10.8,10.77,10.73,10.95,10.88,10.97,11.18,10.56,10.73,10.86,10.77,10.82,10.87,10.99,10.83,11.1,11.04,10.93,10.95,11.08,10.52,10.73,10.63,10.67,10.75,10.83,10.2
CD151,10.36,10.36,10.59,10.43,10.53,10.54,10.56,10.49,10.34,10.3,10.31,10.39,10.27,9.54,10.29,10.2,10.26,10.21,10.19,10.21,10.12,10.1,10.25,10.33,10.21,10.23,10.37,10.44,10.4,10.37,9.56,10.1,10.32,10.21,10.27,10.47,10.4,10.42,10.39,10.47,10.42,10.45,10.45,9.8,10.12,10.18,10.16,10.42,10.28,9.69
CD160,4.11,4.42,4.46,4.2,4.1,4.36,4.27,4.25,4.38,4.15,4.41,4.31,4.17,5.62,4.03,4.22,4.25,4.31,3.92,4.47,4.11,4.57,4.42,4.26,4.24,3.92,4.27,4.25,4.42,4.59,5.07,5.31,4.25,4.33,4.28,4.28,4.73,4.47,4.14,3.96,4.17,4.32,4.33,5.36,4.39,4.38,4.31,4.47,4.15,5.96
CD160,4.45,4.22,4.16,4.46,4.65,4.28,4.57,4.82,4.17,4.23,4.34,4.18,4.4,4.34,4.37,4.23,4.47,4.27,4.03,4.37,4.47,4.34,4.11,4.55,4.39,3.98,4.09,4.39,4.31,5.23,4.54,4.93,4.31,4.51,4.12,4.33,4.38,4.39,5.6,4.44,4.22,4.01,4.37,5.03,4.39,4.05,4.62,4.31,4.49,4.84
CD163,3.77,4.2,3.76,3.86,3.65,3.66,4.26,3.67,3.9,3.72,3.95,3.97,3.78,3.94,3.98,4.54,3.54,3.88,3.68,3.49,3.56,3.75,3.8,3.83,3.53,3.51,3.71,3.94,3.8,3.72,3.82,5.84,3.85,3.88,3.89,3.65,3.68,3.91,4.01,3.57,3.75,3.73,3.46,4.55,3.37,3.69,3.63,3.67,3.63,4.02
CD163L1,3.51,3.64,3.53,3.52,3.48,3.72,3.61,3.58,3.49,3.58,3.62,3.9,3.71,3.5,3.53,3.61,3.44,3.43,3.58,3.7,3.52,3.5,3.47,3.49,3.5,3.61,3.69,3.59,3.48,3.63,5.93,5.26,3.69,3.73,3.66,3.49,3.73,3.45,3.82,3.61,3.39,3.92,3.58,5.21,3.59,3.55,3.54,3.36,3.6,3.8
CD164,10.26,9.99,10.19,10.22,9.85,9.84,9.65,10.12,10.24,10.13,9.66,10.33,10.23,7.19,10.21,10.19,10.24,10.06,9.96,10.06,10.22,10.03,9.82,10.32,10.28,10.4,10.13,10.18,9.79,9.04,5.59,6.61,10.42,10.29,10.36,10.11,9.75,10.27,9.93,10.27,10.13,9.55,9.49,7.48,10.17,9.79,10.07,10.3,9.97,7.18
CD164,10.63,10.3,10.45,10.46,10.08,10.08,9.93,10.37,10.48,10.5,9.93,10.59,10.61,8.65,10.55,10.44,10.5,10.28,10.23,10.5,10.59,10.3,10.03,10.63,10.5,10.62,10.33,10.46,10.06,7.72,5.26,7.27,10.69,10.69,10.58,10.31,10.05,10.49,10.28,10.53,10.39,9.77,9.79,7.77,10.25,9.94,10.29,10.55,10.29,8.3
CD164,10.69,10.57,10.59,10.82,10.3,10.23,10.04,10.4,10.7,10.67,10.44,10.78,10.77,9.73,10.58,10.64,10.59,10.52,10.59,10.63,10.72,10.82,10.51,10.66,10.62,10.76,10.55,10.74,10.44,10.04,9.13,8.77,10.45,10.54,10.37,10.47,10.3,10.56,10.29,10.53,10.49,10.37,10.32,9.33,10.49,10.27,10.54,10.66,10.55,9.63
CD164,9.38,9.23,9.15,9.21,8.77,8.93,8.91,9.2,9.39,9.33,8.72,9.29,9.41,8.89,9.32,9.26,9.32,9.09,9.18,9.07,9.35,9.1,9.02,9.17,9.15,9.37,9.17,9.16,8.85,8.62,7.72,7.02,9.31,9.19,9.17,8.99,8.87,9.16,9.32,9.17,9.2,8.68,8.64,8.43,9.18,8.87,9.12,9.36,9.35,8.14
CD164,9.99,9.72,9.76,9.87,9.29,9.1,9.15,9.47,9.99,9.89,9.19,9.92,10.01,7.27,9.82,9.74,9.97,9.66,9.71,9.67,9.93,9.88,9.39,9.8,9.73,10,9.65,9.79,9.34,8.38,6.41,7.08,9.69,9.56,9.32,9.51,9.27,9.7,8.64,9.63,9.65,9.16,9.08,7.16,9.64,9,9.59,9.89,9.79,6.93
CD164,10.93,10.97,10.85,10.93,10.77,10.85,10.74,10.7,11.14,10.89,10.87,10.88,11.26,10.58,10.81,10.88,10.92,10.89,10.85,10.95,11.05,11.02,11.16,10.79,10.78,11.05,10.9,10.79,11.03,10.97,9.53,10.11,10.51,10.67,10.64,10.66,10.83,10.59,10.88,10.82,10.94,10.8,10.98,10.5,10.84,10.86,10.83,10.98,11.1,9.55
CD164,9.68,9.47,9.32,9.41,8.71,8.61,8.75,9.36,9.49,9.67,9,9.64,9.98,7.82,9.49,9.4,9.48,9.22,9.37,9.6,9.65,9.5,9.39,9.45,9.54,9.64,9.32,9.45,8.92,8.25,7.07,8.14,9.2,9.22,9.23,9.29,8.94,9.37,8.28,9.34,9.23,8.8,8.85,7.53,9.3,8.9,9.29,9.37,9.54,7.67
CD164,12.29,12.24,12.12,12.28,11.99,11.9,11.64,12.05,12.35,12.3,12.29,12.36,12.36,12.04,12.33,12.23,12.26,12.14,12.19,12.29,12.3,12.41,12.34,12.31,12.38,12.34,12.12,12.32,12.19,11.64,10.93,11.59,12.04,12.16,12.16,12.15,11.89,12.18,11.86,12.12,12.12,12.09,11.98,12.13,12.05,11.93,12.17,12.3,12.25,11.89
CD164L2,5.65,5.54,5.79,5.67,6.04,5.63,6.16,6.31,5.58,5.59,5.89,5.78,5.36,7.21,5.97,5.68,5.74,5.64,5.65,5.81,5.65,5.89,5.72,5.47,5.94,5.56,5.67,5.88,5.94,6.02,6.05,6.87,5.41,5.27,5.79,5.53,5.71,5.8,6.12,5.89,5.64,5.91,6.2,6.97,5.57,6.08,5.65,5.74,5.68,7.99
CD177,4.36,4.65,4.5,4.72,5.11,4.7,5.71,5.13,4.52,4.43,4.6,4.36,4.36,4.78,4.43,4.57,4.54,4.47,4.54,4.59,4.57,4.67,4.51,4.7,4.4,4.51,4.61,4.48,4.32,5.63,5.14,5.6,4.56,4.51,4.97,4.78,4.56,4.71,4.35,4.56,4.51,4.47,5.15,4.19,4.93,4.94,5.04,4.69,4.73,5.65
CD177,3.42,3.6,3.63,3.48,3.89,3.7,4.26,3.46,3.36,3.43,3.43,3.53,3.45,4.11,3.31,3.32,3.33,3.29,3.57,3.45,3.52,3.63,3.41,3.35,3.66,3.21,3.4,3.49,3.6,3.96,4.85,4.04,3.36,3.24,3.33,3.36,3.55,3.51,4.37,3.63,3.4,3.71,3.79,3.6,3.72,3.49,3.37,3.43,3.45,3.82
CD180,4.87,4.71,4.81,4.88,4.69,4.99,4.28,4.58,4.72,4.6,5.1,4.9,4.71,4.76,4.74,4.47,4.84,5.03,4.94,4.88,4.66,4.84,4.85,4.47,5.32,4.79,4.69,4.7,4.86,5.13,4.44,5.55,4.58,5.21,4.76,4.53,4.8,4.54,4.72,4.98,4.48,5.06,5.17,6.65,4.81,4.63,4.75,4.88,4.69,5.6
CD19,3.99,3.91,4.17,4.35,4.24,4.09,4.35,4.28,4.07,4.02,4.16,4.05,3.9,4.19,3.95,4.17,4.02,3.98,4.11,4.34,3.98,4.34,4.37,4,3.87,4.09,4.18,4.13,4.52,7.21,5.48,4.22,4.05,4.06,4.02,4.13,3.76,4.11,4.32,3.95,4.1,3.82,4.03,4.45,4.25,4.37,4.05,3.97,3.99,4.45
CD19,4.17,4.29,4.23,4.34,4.13,4.71,4.46,4.77,4.1,4.35,4.3,4.06,4.01,4.69,4.07,4.2,4.35,4.69,4.17,4.58,4.18,4.32,4.09,4.38,4.41,4.05,4.12,4.41,4.3,5.12,5.22,4.97,4.02,4.33,4.3,4.58,3.88,4.45,4.4,4.09,4.61,4.38,4.71,5.34,4.22,4.19,3.94,4.34,4.65,4.57
CD1A,4.08,3.92,4.18,4.22,4.66,4.21,3.97,4.6,4.02,4.23,4.27,4.22,4.29,5.51,4.25,4.58,3.99,4.48,4.2,4.17,4.2,4.19,4.17,4.16,3.96,4.03,4.08,4.32,4.66,4.45,4.2,5.72,3.93,4.18,4.18,4.25,4.84,4.33,4.11,4.28,4.1,4.43,4.51,5.38,4.47,3.96,4.73,4.06,4.56,5.84
CD1B,3.97,4.05,3.9,4.12,3.8,3.84,4.54,3.85,4.08,3.88,4.07,4.01,3.99,4.6,3.87,3.99,3.88,4.01,4.08,3.89,3.76,4.27,4.22,3.86,3.82,3.83,3.81,4.06,4.06,4.89,5.22,4.57,4.28,3.75,3.81,3.74,3.94,3.84,4.33,4.04,3.86,4.13,4.06,5.6,4.32,4.22,4.1,4.06,3.84,4.73
CD1B,3.97,4.04,4.26,4.03,4.08,3.67,4.12,3.95,3.94,4.14,4.27,4.21,4.03,4.67,4.39,4.31,4.17,4.29,3.97,3.85,4.1,4.17,4.15,4.11,4.04,4.04,4.1,3.96,4.09,5.79,6.2,5.59,4.19,3.89,4.01,3.93,4.19,3.97,5.19,3.95,4.02,3.84,4.71,4.76,3.76,4.16,3.96,3.92,3.81,6.76
CD1B,3.95,4.08,4.01,3.93,4.36,4.52,4.49,4.35,3.8,4.07,4.14,3.95,3.96,4.51,3.94,4.19,3.96,3.86,3.94,4.14,4.02,4.29,4.05,4.22,4.08,3.85,4.07,4.14,4.22,4.3,4.65,5.63,4.14,4.25,4.15,3.99,4.12,3.95,4.46,4.05,3.92,4.04,4.14,4.8,3.83,3.92,4.21,3.8,4,4.03
CD1C,4.07,4.12,4.08,4.12,5.05,4.75,4.42,4.02,4.13,4.15,4.24,4.14,4.22,5.99,4.41,4.03,4.29,4.08,4.21,4.44,4.06,4.25,4.14,4.23,4.53,4.06,4.16,4.37,4.39,5.51,5.97,6.45,3.99,4,4.18,4.34,4.06,4.2,4.3,4.03,4.13,4.21,3.9,5.67,4.85,4.39,4.8,4.32,4.19,6.53
CD1C,4.41,4.89,4.14,4.42,3.98,4.21,4.39,4.1,4.13,4.26,4.61,4.6,4.85,4.92,4.35,4.43,4.35,4.43,4.24,4.28,4.33,4.61,4.53,4.03,4.17,4.31,4.22,4.43,4.26,4.59,4.45,4.47,4.46,4.27,4.49,4.24,3.93,4.03,3.94,4.33,4.17,4.01,4.08,4.75,4,4.14,3.92,4.33,4.25,4.63
CD1D,4.59,4.16,4.29,4.27,3.98,4.33,3.84,4.15,4.22,4.31,4.74,4.74,4.42,5.54,4.3,4.07,4.23,4.35,4.23,4.26,4.35,4.36,4.65,4.24,4.54,4.09,4.06,4.16,4.33,4.12,4.71,5.66,4.19,4.21,4.31,4.59,3.95,4.05,4.93,4.22,4.02,4.23,4.24,5.06,4.04,4.21,4.6,4.14,4.35,5.92
CD1D,4.9,4.88,4.47,4.63,4.84,4.53,4.32,4.57,4.55,4.65,4.52,4.77,4.6,4.79,4.86,4.42,4.24,4.42,4.37,4.74,4.74,4.82,4.6,4.42,4.39,4.5,4.36,4.63,4.68,5.71,5.38,5.38,4.35,4.41,4.51,4.81,4.63,4.3,5.49,4.42,4.66,4.35,4.72,4.41,4.27,4.4,4.04,4.35,4.57,5.8
CD1E,3.71,3.95,4.09,3.9,3.81,4.41,4.86,3.95,4.1,4.08,3.9,3.93,3.65,6.72,3.88,4.11,4.22,4.1,4.38,4.06,3.82,3.89,4.09,3.91,4.27,4.18,4.02,3.91,3.7,5.35,6.97,7.42,3.87,3.87,4.13,3.95,4.05,4.19,4.95,3.65,3.9,3.95,3.94,4.71,4.18,4.34,4.14,3.78,3.59,6.93
CD1E,4.59,4.74,4.89,5.01,5.07,4.64,4.7,5.12,5.05,4.87,4.92,4.76,5.03,5.3,5.18,4.99,4.96,5.3,4.81,5.02,4.91,4.94,4.86,4.84,5.06,4.63,4.81,4.85,4.79,5.25,5.28,5.02,5.08,5,5.1,4.78,4.65,4.98,5.07,4.75,4.72,5.4,4.96,6.27,4.9,4.86,5.14,5.1,5.06,6.8
CD1E,3.99,4.39,3.84,4.1,4.07,4.72,4.46,3.76,4.03,4.11,4.48,4.69,4.27,4.45,3.97,3.98,3.89,4.11,4.28,4.11,3.99,4.16,4.47,3.79,4.07,3.98,3.91,4.01,3.96,4.33,5.58,5.71,4.49,3.97,4.22,4.26,4.02,3.58,4.28,3.96,3.99,4,4.1,5.01,3.82,4.23,3.99,4.08,3.97,4.84
CD1E,3.52,3.5,3.42,3.43,3.55,3.9,3.98,3.27,3.42,3.56,3.68,3.41,3.71,3.99,3.49,3.51,3.5,3.6,3.44,3.5,3.33,3.45,3.48,3.4,3.5,3.52,3.52,3.52,3.57,4.19,4.51,4.24,3.46,3.5,3.54,3.45,3.65,3.65,4.25,3.35,3.92,3.39,3.49,4.34,3.39,3.83,3.5,3.4,3.46,4.45
CD1E,5.04,5.65,4.87,5.73,5.51,5.08,4.45,4.97,5.32,5.29,5.25,5.42,5.4,5.84,5,5.37,5.24,4.84,5.08,5.14,5.18,5.64,5.62,5.24,5.28,4.92,5.23,5.27,5.43,5.13,8.87,4.93,5,5.06,5.19,4.76,5.42,5.21,5.08,5.64,5.49,5.31,5.17,5.17,5.21,4.72,5.5,4.84,4.93,5.94
CD1E,3.58,3.71,3.36,3.68,3.6,3.75,3.97,3.73,3.71,3.41,3.6,3.57,3.67,3.86,3.79,3.51,3.47,4.21,3.58,3.85,3.64,3.59,3.59,3.53,4.1,3.62,3.45,3.53,3.57,4.68,6,4.84,3.42,3.52,3.57,3.69,3.77,3.64,5.36,3.86,3.65,3.68,3.58,4.09,3.83,4.83,3.77,3.61,3.55,3.82
CD1E,4.38,4.44,4.56,4.61,5.8,4.96,4.65,4.56,4.48,4.29,4.87,4.45,4.29,5.59,4.69,5.37,4.7,4.83,4.54,4.55,4.71,4.38,4.66,4.94,4.49,4.87,4.7,4.5,4.68,4.68,5.75,5.93,4.53,4.55,4.69,5.02,4.57,4.87,5.06,4.36,4.83,5.02,4.86,5.53,5.25,4.55,5,4.69,4.5,6.1
CD1E,4.2,4.28,4.18,4.21,4.99,4.26,4.55,4.66,4.3,4.45,4.25,4.33,3.95,6.24,4.22,4.18,4.44,4.6,4.31,4.5,3.94,4.39,4.12,4.71,4.48,4.25,4.16,4.21,4.13,4.67,5.23,5,4.94,4.37,4.21,4.61,4.4,4.9,4.45,4.71,4.27,4.87,4.4,5.01,4.69,4.41,4.18,4.42,4.13,5.06
CD2,5.44,5.47,6,5.53,6.03,5.97,5.57,5.85,5.66,5.6,6.03,5.9,5.73,5.83,6.25,6.02,5.8,6.1,5.9,5.95,5.73,5.98,5.7,5.88,5.88,5.87,5.93,5.83,5.45,5.79,5.88,5.46,5.66,5.7,5.77,6.13,5.9,6.51,5.54,5.6,5.68,6.07,5.74,5.7,5.8,6.24,5.9,5.87,5.74,6.41
CD2,3.75,4.02,3.95,4.18,4.1,3.88,4.05,3.7,3.76,3.99,3.93,3.92,3.96,4.66,4.06,3.78,3.92,3.91,4.03,3.79,3.92,3.88,3.62,3.92,3.9,4.19,4.19,3.9,4.52,4.13,5.11,5.23,4.03,3.96,4.04,3.77,4.46,4.04,4.64,4.34,3.87,4.67,3.8,4.28,4.32,4.23,3.95,4.02,3.67,5.7
CD200,3.76,4.23,3.95,4.01,3.93,4.23,4.27,3.66,4,3.8,3.8,4.09,3.98,4.57,4.05,4.07,4.01,3.54,4.24,3.89,3.72,4.07,4.14,3.99,4.67,3.77,3.79,4.18,3.69,4.69,5.23,4.3,3.74,3.79,3.69,3.68,3.84,3.75,3.85,3.63,3.87,3.86,3.71,4.59,4.15,4.65,4.15,4.12,3.92,4.88
CD200,4.69,4.73,4.84,4.82,4.19,4.33,4.57,4.14,4.6,4.62,4.68,4.57,4.59,6.13,4.74,4.78,4.79,4.33,4.99,4.34,4.55,4.78,4.71,4.76,4.94,5.25,4.26,4.51,4.55,5.97,4.42,5.73,4.88,4.56,4.45,4.92,4.78,4.83,4.12,4.65,4.56,4.75,4.95,5.75,5.74,5.41,5.5,4.6,4.51,6.23
CD200R1,6.02,5.76,5.6,5.61,5.1,5.04,5.55,5.2,5.98,5.83,5.4,5.92,6.2,5.21,5.64,5.59,5.55,5.62,5.74,5.82,5.67,5.77,5.55,5.66,5.25,5.61,5.7,5.28,5.75,5.08,5.39,4.64,5.9,5.49,5.66,5.88,5.57,5.9,5.04,5.38,5.23,4.8,5.04,5.43,4.88,5.03,5.34,5.37,5.39,5.77
CD200R1,6.9,6.85,6.75,6.7,6.52,5.54,6.91,6.24,6.73,6.91,6.2,7.33,7.18,6.31,7.09,6.64,6.83,6.72,6.78,6.74,6.8,6.87,6.91,6.74,6.83,6.68,6.47,6.44,6.32,6.51,7.08,4.91,6.12,6.5,6.4,7,6.92,7.37,5.74,6.32,6.16,6.21,6.11,5.79,6.11,6.17,6.33,6.25,6.52,5.59
CD200R1,5.97,5.85,5.7,6.08,5.49,5.19,5.67,4.89,6.06,6.07,5.71,6.33,6.49,4.72,6.28,6.3,6.15,5.71,5.81,5.97,6.01,5.82,6.28,5.54,5.65,5.88,5.83,5.47,5.74,6.27,6.49,5.42,5.69,5.53,5.71,6.34,6.04,6.14,5.05,5.22,5.3,4.84,5.42,5.28,5.73,5.39,5.45,5.49,5.69,5.41
CD200R1,3.81,3.71,3.72,3.82,4.13,3.69,4.86,3.69,3.58,3.87,3.74,3.72,3.69,4.55,3.99,3.59,3.61,3.82,3.91,3.61,3.69,4.01,3.95,3.67,3.68,3.75,3.91,3.74,3.83,4.63,4.53,5.91,3.91,3.9,3.96,3.69,3.81,3.73,5.61,3.77,3.56,3.6,3.75,4.9,3.71,3.8,3.49,3.81,3.68,5.16
CD200R1,4.69,4.05,4.26,4.44,4.13,4.28,5.44,4.1,4.22,4.5,3.74,4.23,4.46,4.72,4.17,4.97,4.4,4.81,4.44,4.34,4.27,4.18,4.29,4.85,4.33,4.57,4.4,4.06,4.08,4.9,5.87,7.63,4.41,4.3,4.45,4.66,4.34,4.63,4.9,4.54,4.58,4.21,4.33,5.03,4.88,4.68,4.1,4.33,4.2,4.83
CD200R1,7.7,7.7,7.46,7.49,6.34,7.31,6.51,7.25,7.78,7.71,7.3,8.09,7.96,7.22,7.86,7.82,7.82,7.45,7.63,7.67,7.77,7.94,7.76,7.52,7.59,7.67,7.13,7.36,7.13,6.91,5.69,7.78,7.21,7.21,7.37,8.04,7.45,8.12,5.54,7.08,6.95,6.98,6.62,6.12,6.87,6.91,7.16,7.12,7.03,5.83
CD200R1 /// CD200R1L,5.62,5.35,5.39,5.33,4.92,5.28,5.66,4.81,5.39,5.49,5.4,5.56,5.41,6.76,5.38,5.58,5.1,5.51,5.2,5.45,5.46,5.38,5.3,5.14,5.36,5.73,5.06,5.57,5.19,5.7,6.33,5.59,5.16,5.31,5.33,5.66,5.42,5.63,5.47,5.42,5.07,5.39,5.38,5.41,5.3,5.01,5.59,5.19,5.27,5.37
CD200R1L,5.17,5.25,4.64,5.22,5.46,4.42,5.14,4.78,5.06,4.93,5.17,5.38,5.54,4.93,5.3,4.75,4.97,5.03,4.92,5.08,5.3,5.26,5.27,5.01,4.88,4.77,5.12,5.17,4.91,5.47,5.26,4.87,4.93,5.31,4.87,5.09,4.86,5.38,4.79,5.19,4.89,4.97,4.75,5.01,4.92,5.84,5.57,4.78,5.02,4.74
CD207,4.33,4.4,4.29,4.2,4.38,4.17,4.38,4.47,4.42,4.27,4.08,4.35,4.18,4.61,4.26,4.44,4.06,4.29,4.1,4.4,4.21,4.49,4.39,4.18,4.29,4.46,4.28,4.5,4.33,4.81,6.34,5.13,4.45,4.24,4.11,4.31,4.11,4.11,4.39,4.43,4.09,4.53,4.58,5.46,4.22,4.33,4.34,4.15,4.45,5.72
CD209,4.3,4.16,4.42,4.43,4.35,5.18,4.74,5.22,4.34,4.58,4.47,4.22,4.34,6.25,4.6,4.48,4.47,4.88,4.19,4.49,4.59,4.32,4.5,4.81,4.54,4.34,4.82,4.45,4.25,4.94,5.54,6.97,4.41,4.44,4.45,4.44,4.95,4.59,5.01,4.72,4.87,4.38,5.55,6.75,4.96,4.72,4.3,4.36,4.3,5.23
CD209,3.96,4.24,4.36,4.25,4.83,4.5,4.53,4.76,4.17,4.4,4.49,4.07,4,5.76,4.4,4.3,4.37,4.33,4.36,4.29,4.29,4.44,4.03,4.26,4.5,4.51,4.39,4.35,4.44,4.37,5.78,5.46,4.18,4.07,4.19,4.28,4.26,4.5,5.52,4.61,4.45,4.44,4.56,5.57,4.47,4.34,4.22,4.35,4.34,6.32
CD209,3.83,3.75,3.64,3.7,3.72,3.63,4.3,3.5,3.71,3.54,3.7,3.87,4.21,4.17,3.77,3.81,3.64,3.6,3.61,3.52,4.13,3.89,3.96,3.49,3.78,3.57,3.77,3.5,3.7,3.69,5.21,4.26,3.53,3.73,3.69,3.53,3.61,3.65,3.5,3.49,3.74,3.48,3.6,3.68,3.74,3.62,3.53,3.57,3.83,3.97
CD209,3.92,3.91,3.96,3.71,4.08,3.68,3.5,3.65,3.63,3.72,3.85,3.79,4.13,5.3,3.8,3.66,3.59,3.59,3.59,3.53,3.86,3.72,3.9,4.03,3.84,3.9,3.74,3.74,3.76,4.1,4.47,4.12,3.6,3.65,3.75,3.73,4.61,3.58,4.18,3.57,3.73,3.53,3.92,4.2,4.15,3.64,3.56,3.49,3.61,5.36
CD22,4.62,4.7,4.48,4.61,4.9,4.7,4.73,4.76,4.67,4.52,4.75,4.71,4.78,5.6,4.71,4.84,4.55,4.73,4.63,4.81,4.85,4.94,4.71,4.85,4.66,4.65,4.68,4.82,4.67,4.61,5.38,4.98,4.61,4.59,4.58,4.55,4.88,4.67,4.58,4.55,4.65,4.69,4.8,5.23,4.7,4.72,4.82,4.68,4.69,5.52
CD22,3.5,3.54,3.37,3.79,3.38,3.35,3.57,3.52,3.49,3.44,3.58,3.77,3.58,4.43,3.31,3.31,3.3,3.58,3.51,3.38,3.78,3.37,3.6,3.39,3.32,3.31,3.49,3.61,3.56,3.73,5.25,3.54,3.56,3.34,3.3,3.2,3.39,3.37,3.61,3.44,3.39,3.42,3.53,3.61,3.19,3.51,3.41,3.45,3.4,3.39
CD226,4.72,4.4,4.86,4.42,4.99,4.74,4.22,4.42,4.5,4.2,4.33,4.29,4.27,5.07,4.47,4.64,5.01,4.57,4.53,4.7,4.85,4.61,4.56,4.5,5.1,5.05,4.65,4.55,4.87,4.66,6.02,4.44,4.77,4.84,4.49,4.8,4.56,4.57,5,4.38,4.37,4.55,4.5,4.6,5.45,5.15,5.14,4.41,4.32,4.19
CD226,3.99,3.87,4.33,3.74,3.64,4.21,4.28,3.66,3.86,3.83,3.76,3.83,3.6,5.07,3.76,3.98,4.09,3.87,3.96,3.88,4.21,4.24,3.7,3.98,3.82,3.75,3.83,4.33,3.8,4.48,5.17,4.15,3.76,3.91,3.88,4.51,3.88,4.16,4.27,3.58,3.81,3.78,3.89,4.53,4.09,4.64,4.29,3.75,3.88,4.23
CD24,5.22,4.81,5.4,5.17,5.04,5.48,4.42,5.08,5.27,5.85,5.42,4.88,4.47,4.62,5.1,4.98,4.59,4.8,5.18,5.02,5.01,4.87,4.94,5.22,5.12,5.05,5.39,5.14,4.71,4.26,4.36,3.87,5.46,5.59,5.82,5.04,4.99,5.22,4.95,5.6,5.37,5.52,5.32,5.77,6.09,6.32,5.78,5.18,5.15,4.47
CD244,4.83,4.99,4.79,4.73,4.47,4.45,4.18,4.92,4.58,4.62,4.9,4.8,4.57,5.68,4.63,4.54,4.5,4.72,4.54,4.63,4.65,4.86,4.93,4.25,4.49,4.46,4.46,4.68,4.5,4.49,7.92,4.18,4.52,4.76,4.54,4.61,4.42,4.32,4.12,4.58,4.28,4.6,4.44,5.14,4.63,4.9,4.66,4.26,4.61,6.05
CD244,3.85,3.8,3.73,3.75,3.5,3.69,4.03,3.91,3.64,3.81,4.01,3.89,3.66,4.82,3.74,3.66,3.69,3.9,3.53,3.63,3.75,3.92,3.68,3.87,3.78,3.95,4.03,3.9,3.9,4.35,3.88,3.69,3.93,3.72,4.03,3.49,3.63,3.6,4.67,3.53,4.07,3.89,4.15,3.71,3.89,3.79,3.62,3.81,4.01,4.95
CD244,4.5,4.43,4.22,4.59,4.35,4.35,4.39,4.58,4.39,4.29,4.4,4.53,4.51,5.79,4.62,4.24,4.26,4.34,4.49,4.38,4.53,4.47,4.65,4.31,4.13,4.2,4.46,4.5,4.41,5.44,4.99,5.03,4.08,4.17,4.51,4.47,4.4,4.24,4.19,4.21,4.51,4.24,4.78,5.88,4.55,4.56,4.3,4.25,4.54,6.19
CD247,6.25,6.1,6.61,6.4,6.08,6.43,5.56,5.91,6.17,6.26,5.95,5.79,5.99,5.66,5.83,5.79,5.97,6.12,6.12,6.14,6.07,6.02,5.91,5.67,5.76,6.11,6.29,6.07,5.73,5.7,4.68,4.98,5.93,6.23,6.32,6.3,5.86,6.17,6,5.63,5.71,6.15,6.17,5.87,6.06,5.38,5.77,6.12,6.29,4.91
CD248,4.92,4.81,4.88,5.14,5.03,5.26,5.4,5.04,4.94,4.85,5.37,5.04,5.08,5.43,5.23,4.86,4.78,4.92,5.02,4.89,5.04,5.31,4.87,4.51,4.97,4.73,5.1,4.99,5.4,5.51,5.12,5.69,5.01,5.07,5.12,4.86,4.77,4.91,4.87,4.71,4.67,5.12,5.19,5.34,4.49,5.01,5.1,4.81,4.89,5.07
CD248,5.34,5.17,5.44,5.47,5.92,4.83,5.04,5.27,5.11,5.3,5.31,5.46,5.19,6.75,5.7,5.05,5.08,5.27,5.21,5.3,5.49,5.4,5.16,5.12,5.4,4.92,4.97,5.32,5.21,5.86,6.49,7.03,5.66,5.17,5.38,5.29,5.2,5.21,5.25,5.4,5.41,5.39,5.59,6.35,5.04,4.75,5.56,5.01,5.16,6.84
CD27,4.98,4.84,5.03,4.91,5.62,5.21,5.22,4.86,4.83,4.75,5.29,5.11,5.02,7.34,4.92,4.53,4.84,5.01,5.16,5,4.9,5.37,4.73,5.01,4.94,4.76,4.8,4.94,4.94,6.53,6.41,5.57,4.75,4.76,4.91,5.25,4.81,4.86,5.5,5,5.07,4.53,4.56,5.7,4.3,4.69,4.75,4.71,4.76,6.36
CD274,5.18,4.78,5.16,5.09,5.71,5.11,4.69,5.2,5.05,5.2,5.19,5.19,4.38,4.96,5.43,5.22,5.25,5.01,5.11,5.14,5.61,5.59,5.31,5.73,5.79,5.1,5.01,5.42,5.11,5.23,4.44,5.93,5.86,5.71,5.67,4.83,4.86,5.27,4.36,5.19,4.93,5.39,5.19,5.71,5.48,4.72,5.48,4.97,4.9,5.11
CD274,3.91,3.87,3.7,3.63,4.04,3.35,4.17,3.5,3.84,3.51,3.69,3.73,3.76,4.59,3.84,3.8,3.9,3.83,3.86,4.12,3.87,4.24,3.72,4.33,4.28,4.21,4.36,3.78,3.8,3.59,4.03,3.99,4.2,3.85,4.07,3.69,3.82,3.64,3.74,4.07,3.99,3.66,3.93,5.44,3.78,4.01,3.85,3.71,3.54,4.03
CD274,4.75,4.8,4.93,4.99,5.17,5.28,5.73,4.54,5.08,4.95,5.18,5.13,4.94,5.34,5.1,4.97,5.09,4.91,5.05,4.93,4.69,5.15,5.05,5.13,4.98,5.52,4.92,5,5.13,6.49,6.93,6.01,5.32,5.31,5.17,5.05,5.2,4.94,4.75,4.77,4.7,5.14,4.55,5.27,4.77,4.91,5.34,4.98,4.61,5.38
CD274,3.82,4.01,3.84,4.11,3.77,3.53,4.88,4.06,3.89,4,4.08,3.94,3.79,5.2,3.69,3.53,3.64,3.57,3.57,3.77,3.83,3.64,3.96,3.86,3.63,3.67,3.82,3.73,4.09,4.75,5.67,4.15,3.67,4.08,3.72,3.97,3.5,3.44,5.73,3.66,4.04,3.79,3.74,4.23,3.81,3.8,3.8,3.76,3.7,4.37
CD276,7.79,7.78,8.12,7.95,8.33,8.25,7.99,8.08,7.78,7.88,8.15,7.85,7.94,8.51,8.03,7.76,7.82,8.06,7.96,7.78,8.24,8.17,8.22,8.09,7.83,7.98,8.1,7.9,8.19,7.58,6.92,8.23,7.88,7.87,8.17,7.8,7.93,8.14,8.39,8.19,8.01,8.39,8.52,7.18,8.22,8.29,8.22,7.95,8.02,7.97
CD276,6.09,5.71,6.6,6.33,5.97,6.51,5.34,6.74,6.21,6.5,5.52,6.04,5.91,5.49,6.43,6.45,5.98,6.25,6.4,6.18,6.3,6.52,6.12,6.4,6.49,6.44,6.12,6.17,6.22,5.9,5.84,6.47,6.39,5.93,6.18,6.29,6.08,6.36,5.58,6.48,6.55,6.4,6.21,5.1,6.3,6.23,6.56,6.31,5.99,6.16
CD28,3.8,3.71,3.9,3.64,3.8,4.19,3.75,3.85,3.85,3.66,3.88,3.45,3.42,4.55,3.84,3.81,3.75,3.91,3.81,3.72,3.64,3.83,3.55,3.9,3.9,4.08,4.19,3.76,3.68,4.48,5.62,4.57,3.48,3.77,3.5,3.95,3.6,3.81,3.44,3.66,3.75,3.89,3.75,5.65,3.94,3.58,3.81,3.75,3.93,4.4
CD28,3.58,3.62,3.45,3.39,3.81,3.48,3.74,3.39,3.62,3.49,3.55,3.76,3.57,4.13,3.56,3.82,3.42,3.53,3.53,3.22,4.04,3.53,3.89,3.64,3.73,3.48,3.82,3.52,3.81,4.17,3.99,4.97,3.59,3.63,3.66,3.79,3.5,3.49,3.38,3.57,3.63,3.93,3.52,3.75,3.77,3.55,3.57,3.76,3.63,4.72
CD28,4.04,4.12,4.05,4.16,4.12,4.05,4.34,3.95,4.01,4.19,4.23,4.31,4.09,5.3,4.03,4.06,4.47,4.27,4.17,4.2,3.97,3.94,3.94,3.84,4.07,4.08,3.89,3.86,4.07,4.34,3.86,4.25,4.31,4.28,4.24,4,3.62,4.14,4.1,4.14,4.07,4.33,4.33,3.83,4.13,3.72,3.94,4.09,4.2,5.12
CD28,3.76,3.59,4.15,3.9,3.89,4.46,3.58,4.34,3.73,3.71,3.68,3.73,3.65,3.61,3.56,3.66,3.68,3.84,3.76,4.11,3.98,3.96,3.8,3.79,3.61,3.74,3.64,3.92,4.25,4.27,5.43,4.55,3.61,3.58,3.72,3.86,3.88,4.07,4.8,3.75,3.85,3.88,4.36,3.58,3.95,4.35,4.58,3.86,3.71,4.5
CD28,3.94,3.84,3.89,3.83,3.87,3.92,4.78,3.84,4.02,4.25,4.06,3.85,3.72,4.78,3.78,3.63,3.72,3.75,3.64,3.51,3.95,3.85,4.15,3.65,3.77,3.84,3.75,3.76,3.71,4.02,5.5,4.85,3.88,3.72,3.92,3.65,3.78,3.58,4.18,3.89,3.64,3.83,4.8,4.14,4.33,3.93,4.23,3.74,3.84,3.96
CD28,3.58,3.24,3.51,3.41,3.97,3.7,4.3,3.99,3.33,3.39,3.49,3.52,3.5,3.64,3.4,3.47,3.47,3.78,3.34,3.4,3.38,3.27,3.34,3.55,3.32,3.53,3.46,3.61,3.59,5.66,5.37,4.26,3.62,3.17,3.45,3.58,3.79,3.48,4.14,3.34,3.64,3.78,3.62,4.93,3.73,3.99,3.51,3.36,3.39,5.1
CD2AP,8.65,9.33,8.62,8.76,8.39,8.48,8.65,8.11,8.94,8.85,9.13,8.78,8.88,8.22,8.37,8.25,8.42,8.54,8.47,8.58,8.46,8.49,8.96,8.33,8.3,8.34,8.78,8.64,8.93,8.12,6.49,6.61,8.38,8.47,8.18,8.27,8.09,8.15,7.81,8.38,8.28,8.17,8.24,8.03,8.2,8.5,8.79,8.73,9,8.17
CD2AP,5.8,5.41,5.72,5.73,5.56,5.32,5.29,5.65,5.67,5.79,5.28,5.34,5.49,5.95,5.59,5.61,5.39,5.32,5.65,5.84,5.48,5.14,5,5.17,5.39,5.49,5.96,5.56,5.58,5.91,6.6,6.14,5.37,5.63,5.51,5.14,5.15,5.52,6.17,5.53,5.24,5.13,5.19,6.12,5.53,5.29,5.2,5.5,5.29,5.92
CD2AP,5.5,5.02,5.91,5.39,5.81,5.88,5.65,5.51,5.38,5.21,5.6,5.26,5.13,6.45,5.39,5.27,5.33,5.47,5.26,5.76,5.36,5.4,5.32,5.5,5.24,5.17,5.56,5.32,5.46,5.72,6.97,7.2,5.59,5.32,5.36,5.3,5.6,5.55,6.01,5.67,5.41,5.49,5.34,6.88,5.79,5.91,5.57,5.36,5.45,7.02
CD2BP2,9.54,9.33,9.75,9.53,9.7,9.69,9.39,9.73,9.65,9.57,9.4,9.5,9.5,7.55,9.67,9.65,9.73,9.62,9.63,9.59,9.76,9.64,9.54,9.7,9.73,9.78,9.68,9.53,9.49,9.26,5.51,8.27,9.76,9.71,9.72,9.84,9.87,9.91,9.71,9.74,9.6,9.75,9.73,6.89,9.69,9.47,9.56,9.63,9.62,7.98
CD2BP2,8.49,8.28,8.76,8.6,8.87,8.98,8.85,9.04,8.48,8.56,8.5,8.46,8.39,6.04,8.49,8.68,8.62,8.64,8.71,8.61,8.44,8.42,8.41,8.57,8.6,8.54,8.75,8.36,8.7,9.17,6.39,8.15,8.12,8.23,8.15,8.48,8.87,8.66,9.08,8.68,8.78,8.74,9.02,6.94,8.63,8.33,8.66,8.67,8.91,6.12
CD300A,4.16,4.53,4.08,4.31,4.16,4.37,4.22,4.38,4.3,4.29,4.59,4.16,4.16,4.15,4.38,4.58,4.01,4.32,4.11,4.01,4.33,4.37,4.36,4.35,4.3,4.21,4.48,4.55,4.58,4.52,4.48,5.99,4.43,4.47,4.08,4.16,4.17,4.17,4.69,4.3,4.41,4.41,4.79,4.34,4.43,4.36,4.03,4.45,4.34,5.82
CD300C,3.82,3.49,4.12,3.87,4.28,4,4.56,4.74,4.04,3.77,4.07,3.92,3.74,5.45,3.82,4.16,4.01,3.84,4.08,3.79,4.26,4.12,3.73,4.08,4.36,4.02,4.09,3.95,3.95,4.05,5.06,5.06,3.81,3.89,4.09,3.98,4.16,4.19,5.2,4.37,3.99,3.83,4.37,5.05,3.78,4.45,4.22,4.09,3.84,5.19
CD300C,3.69,3.45,3.59,4,3.8,3.77,3.48,3.89,3.58,3.64,3.71,3.59,3.63,4.45,3.85,3.53,3.31,3.94,3.39,3.38,3.84,3.72,3.55,3.59,3.37,3.44,3.54,4,3.58,4.69,5.53,5.36,3.59,3.72,3.77,3.63,3.47,3.38,3.67,3.99,3.45,3.75,3.52,5.52,3.64,3.55,4.03,3.44,3.88,6.68
CD300C,4.91,5.03,4.98,5.16,5.61,5.1,5.35,5.59,5.22,5.1,5.07,5.33,5.23,6.68,5.09,5.56,5.24,5.34,4.91,5.28,5.44,5.17,4.95,5.2,5.11,5.06,5.24,5.2,5.14,5.62,5.48,4.43,5.05,4.96,5.17,5.22,5.18,4.92,5.67,5.05,5.21,4.99,5.2,5.93,5.34,4.69,5.39,5.15,5.27,5.8
CD300C,4.65,4.4,4.28,4.2,4.24,4.02,6.56,5.36,4.49,4.72,4.36,4.5,4.46,6.22,4.25,4.33,4.4,4.27,4.48,4.53,4.42,4.34,4.25,4.22,4.6,4.4,4.62,4.44,4.37,5.39,6.96,5.57,4.27,4.78,4.59,4.57,4.11,4.68,5.19,4.57,4.52,4.6,4.42,6.47,4.29,4.1,4.39,4.43,4.2,7.33
CD300E,3.92,3.91,3.9,3.96,4.14,3.92,5.14,4.16,3.84,3.64,4.02,4.07,3.82,4.09,4.11,4.16,3.92,3.93,3.85,4.13,4.3,4.13,3.8,4.07,3.7,3.7,4.03,3.98,3.96,3.78,4.8,4.15,4.18,3.93,4.11,3.88,3.62,3.82,3.69,3.87,3.92,3.86,3.98,4.48,4.08,3.92,3.96,4.18,3.87,5.4
CD300E,4.15,4.01,4.17,4.22,4.84,4.67,3.96,4.19,4.28,4.17,4.32,4.21,4.09,5.28,4.36,4.13,4.16,4.39,4.63,4.28,4.41,4.27,3.99,4.62,4.19,4.04,4.19,4.23,4.23,4.73,7.73,4.84,4.45,4.26,4.17,3.8,4.04,4.16,4.37,4.95,4.04,4.34,5.02,5.29,4.5,4.82,4.34,4.54,4.4,4.55
CD300E,4.75,4.74,4.85,4.99,4.67,4.82,4.61,4.73,4.76,4.77,4.89,4.85,4.87,4.91,4.8,4.75,4.76,5.03,5.06,4.85,4.72,4.79,4.63,4.93,4.88,4.77,4.72,4.94,4.67,5.6,5.6,4.75,4.89,4.91,4.96,4.58,5.51,4.69,4.88,4.85,5.21,5.02,5.38,4.58,4.62,4.47,4.72,4.61,4.57,4.49
CD300LB,5.24,6.21,5.15,5.25,4.73,5.33,4.6,4.7,5.36,5.01,5.34,5.4,5.16,5.06,5.18,4.95,5.1,4.98,5.33,5.02,5,5.24,5.5,4.79,4.82,4.78,4.96,5.38,5.38,5.31,4.73,4.94,5.27,5.1,5.14,4.86,4.27,4.99,4.45,4.66,4.58,4.93,4.89,4.73,4.62,5.18,4.89,4.94,4.71,4.64
CD300LB,4.06,3.96,4.59,3.97,4.05,4.03,4.3,4.35,3.87,3.99,4.15,3.96,3.99,5.37,3.95,4.35,4.1,4.17,4.04,4.06,4.25,3.99,3.82,3.88,3.91,3.73,3.94,3.99,4.46,4.8,6.33,5.41,4.07,4.04,4.33,3.72,4.32,3.85,4.96,4.5,4.05,3.71,4.35,5.04,3.95,3.92,4.47,4.02,4.1,3.9
CD300LD,3.88,4.04,3.63,3.73,3.86,3.86,3.47,3.91,3.95,3.61,3.99,3.7,4.01,4.36,3.76,3.75,3.83,3.75,4.04,3.67,3.79,3.99,3.8,3.7,3.61,3.99,3.97,3.85,3.66,4.33,4.11,4.42,3.72,4.07,3.69,3.85,4.24,3.62,3.87,3.74,3.65,3.95,3.91,5.49,3.44,3.55,4.04,3.98,3.6,3.8
CD300LD,4.44,4.6,4.19,4.55,4.06,4.08,4.4,4.36,4.52,4.48,4.45,4.61,4.32,4.15,4.34,4.14,4.3,4.46,4.09,4.29,4.66,4.22,4.51,4.12,4.1,4.24,4.33,4.67,4.45,4.45,5.88,4.25,4.48,4.42,4.4,4.18,4.37,4.31,4.33,4.09,4.56,4.21,4.89,5.39,4.29,4.32,4.03,4.35,4.4,4.23
CD300LF,4.04,4.1,4.24,4.28,4.52,4.17,4.09,4.08,4.12,4.05,4.28,4.19,4.14,5.04,4.07,4.13,3.99,4.5,4.32,4,4,4.08,4.28,4.35,4.16,4.03,4.25,4.41,4.24,4.82,6.76,5.11,4.45,4.43,4.36,4.04,3.88,4.42,4.75,4.15,4.34,4.48,4.75,4.72,3.95,4.26,4.02,4.32,4,5.77
CD300LF,4.37,4.7,4.05,4.11,4.34,3.89,4.22,4.19,4.23,4.41,4.46,4.52,4.48,4.48,4.46,4.07,4.14,4.08,4.27,4.1,4.46,4.59,4.24,4.09,4.16,3.87,3.96,4.28,4.52,3.86,4.2,4.77,4.38,4.21,4.12,4.38,4.37,3.96,3.56,3.94,3.74,4.16,3.88,6.47,3.69,4.14,3.87,3.98,4.37,5.24
CD300LG,3.87,4.03,3.85,3.87,3.94,4.08,4.24,3.86,4.05,3.87,4.15,3.99,3.89,6.33,4.19,4.05,3.85,3.78,4.03,3.91,3.89,4.09,3.96,4.01,3.99,3.68,3.67,4,3.92,5.24,5.51,5.55,4.12,4.15,4.17,3.89,3.91,4.13,3.85,4.09,3.75,3.94,3.77,6.98,3.82,3.83,3.89,3.87,3.83,7.22
CD300LG,4.42,4.42,4.21,4.59,4.45,4.85,3.95,5.03,4.36,4.63,4.4,4.25,4.4,5.55,4.64,4.52,4.73,4.59,4.58,4.66,4.67,4.06,4.24,4.36,4.43,4.59,4.39,4.43,4.66,4.74,5.46,6.32,4.78,4.57,4.66,4.35,4.26,4.5,4.62,4.79,4.63,4.32,5,6.71,4.49,4.62,4.7,4.88,4.77,6.23
CD300LG,4.19,3.97,4.24,4.21,3.94,4.49,3.73,4.26,3.88,4.06,4.12,4.19,3.77,5.23,3.82,3.85,3.94,4.37,4.27,4.17,4.2,4.04,3.86,4.47,4.22,3.96,4.3,4.16,4.14,4.03,4.5,4.66,3.89,4.11,4.2,3.94,3.96,4.15,4.74,4.08,4.67,4.09,4.28,4.3,4.42,4.33,3.97,4.01,3.99,5.66
CD300LG,3.9,3.81,3.66,3.76,3.61,3.84,5.34,3.69,3.91,3.62,3.99,3.69,3.67,4.81,3.96,3.85,3.65,3.67,3.65,3.9,3.66,3.93,3.81,3.81,3.69,3.77,3.66,3.66,3.72,4.05,3.74,4.38,3.74,3.92,3.95,3.98,3.61,3.71,4.16,3.65,4.7,3.66,3.81,4.69,3.49,3.77,3.66,3.77,3.83,4.34
CD302,7.93,8.04,8,7.8,8.04,7.89,8.39,7.93,7.96,8.25,8.17,7.82,7.95,6.72,7.26,7.59,7.43,7.75,7.68,7.7,7.53,8.03,7.95,7.75,7.64,7.49,8.11,8.02,7.93,6.65,5.42,6.5,7.17,7.35,7.18,7.54,7.09,7.53,7.95,7.92,7.84,8.09,8.26,7.08,7.67,8.01,8.03,8.03,8.16,7.42
CD302,7.7,8,7.56,7.55,7.21,7.75,7.56,7.43,7.8,7.82,8.07,7.32,7.54,6.03,7.09,7.02,6.92,7.19,7.52,7.52,7.34,7.53,7.63,7.34,7.5,7.41,7.71,7.73,7.37,6.68,6.51,5.2,7.38,7.5,7.42,6.95,7.06,7.01,6,8.03,7.79,7.37,7.62,7.22,7.25,6.84,7.58,7.82,7.55,6.87
CD320,8.24,8.16,8.4,8.16,8.69,8.43,7.95,8.34,8.19,8.23,8.23,7.93,7.85,5.26,8,7.54,7.78,8.31,8.17,8.14,7.26,7.16,7.27,7.89,7.6,7.76,8.32,8.19,8.66,8.65,7.8,7.38,8.07,8.04,7.95,7.84,8.09,7.92,6.91,8.36,8.04,7.91,7.85,6.11,8.1,8.04,7.99,8.04,8,6.07
CD33,4.32,4.27,4.64,4.39,4.32,4.37,3.94,4.13,4.34,4.47,4.59,4.36,4.25,5.3,4.47,4.35,4.73,4.96,4.41,4.23,4.26,4.54,4.64,4.74,4.82,4.54,4.51,4.74,4.48,4.06,5.78,6.43,4.43,4.37,4.7,4.58,4.97,4.53,3.92,4.49,4.61,4.51,4.83,6.16,4.74,4.39,4.17,4.93,4.78,6.62
CD33,4.64,4.45,4.45,4.4,5.04,4.73,4.33,4.42,4.45,4.5,4.4,4.63,4.58,6.3,4.47,4.57,4.34,4.67,4.51,4.57,4.65,4.71,4.31,4.54,4.59,4.54,4.54,4.62,4.5,5.81,4.59,5.57,4.63,4.42,4.55,4.19,4.68,4.68,5.04,4.49,4.45,4.45,4.64,5.41,4.32,4.53,4.89,4.51,4.52,5.55
CD33,4.5,4.64,4.57,4.53,4.31,4.79,4.69,4.98,4.51,4.24,4.75,4.4,4.61,5.82,4.4,4.56,4.38,4.55,4.71,4.42,4.39,4.62,5.06,4.45,4.83,4.57,4.47,4.51,4.67,5.08,4.96,5.28,4.32,4.58,4.49,4.96,4.66,4.19,3.9,4.56,4.06,4.75,4.83,5.28,4.46,4.46,4.45,4.55,4.43,6.14
CD34,5.49,5.69,5.26,5.4,5.44,5.12,5.39,5.39,5.55,5.3,5.56,5.57,5.62,5.73,5.44,5.26,5.39,5.55,5.24,5.26,5.39,5.41,5.55,5.51,5.47,5.18,5.46,5.45,5.59,5.2,6.36,5.8,5.03,5.33,5.46,5.23,5.03,5.24,5.25,5.09,5.57,5.62,5.38,5.39,5.11,5.03,5.28,5.47,5.17,6.56
CD34,4.16,4.63,4.23,4.18,4.37,4.2,4.13,4.27,3.94,4.39,4.26,4.21,4.03,4.84,4.19,3.92,4.18,4.36,4.17,4.74,4.15,4.31,4.19,4.04,4.1,4.52,4.14,4.28,4.34,4.19,4.1,4.36,4.17,3.98,4.07,4.09,4.19,4.04,3.73,4.46,4.21,4.1,4.04,4.28,4.49,4.41,4.18,4.22,4.08,5.03
CD34,3.7,3.62,3.79,3.63,3.99,3.95,3.85,3.85,3.51,3.61,3.85,3.66,3.76,4.25,3.81,4.02,3.71,3.92,3.62,3.6,3.88,3.84,3.63,3.81,3.93,3.56,3.74,3.86,3.56,4.68,4.41,4.74,3.87,3.75,3.77,3.9,3.86,3.77,4.18,3.92,3.86,4.12,4.03,4.38,3.76,4.29,3.87,3.91,3.61,4.55
CD36,3.65,3.49,3.45,3.31,3.6,3.35,3.63,3.31,3.48,3.59,3.62,3.61,3.42,4.38,3.47,3.21,3.67,3.58,3.69,3.51,3.43,3.48,3.45,3.75,3.59,4.07,3.7,3.58,3.67,3.75,5.72,5.25,3.43,3.48,3.55,3.59,3.75,3.44,3.8,3.49,3.34,3.67,3.8,4.75,4.02,3.93,3.83,3.33,3.24,5.25
CD36,3.98,4.29,3.71,3.95,3.93,3.83,3.99,3.7,4.1,3.85,3.94,4.07,4.31,4.47,3.95,4.15,3.81,3.84,3.53,3.73,3.92,3.93,3.8,3.99,3.69,4,3.8,3.8,4.16,4.89,5.03,5.73,3.79,3.98,3.95,3.87,4.32,3.86,4.45,3.52,3.64,3.89,4.06,6.2,3.76,4.15,3.75,3.8,3.76,4.73
CD36,3.9,4.64,3.8,3.93,3.51,3.66,3.66,3.78,3.97,3.89,4.28,4.37,4.12,3.9,3.91,3.7,4.02,3.74,3.77,3.81,4.23,3.71,4.2,3.65,3.65,3.56,3.6,3.95,3.68,4.66,4.62,4.03,4.24,3.78,4.03,3.74,3.62,3.57,4.35,3.51,3.79,3.66,3.68,4.27,3.44,3.92,3.86,3.71,3.78,5.37
CD37,9.73,9.58,10.07,9.98,10.08,10.11,9.69,10.1,9.83,9.98,9.73,9.94,9.81,7.87,9.96,9.84,9.99,10.14,10.1,10.08,10.27,10.16,10.07,10.18,10.24,10.14,10.04,9.89,9.79,9.08,7.44,8.88,9.71,9.6,9.68,10.08,10.19,10.05,9.79,10.16,10.06,10.24,10.35,8.46,9.76,9.84,9.81,10.12,10.11,8.22
CD37,8.79,8.53,9.09,8.94,9.13,9.02,9.09,8.98,8.86,8.83,8.49,8.87,8.74,4.72,8.91,8.71,8.98,9.09,9.14,9.01,9.33,9.14,8.86,9.09,9.06,9.13,9,8.97,8.79,7.66,4.16,6.32,8.67,8.54,8.63,8.91,9.06,8.87,8.81,9.06,8.98,9.26,9.41,6.55,8.72,8.63,8.63,9.09,8.94,4.87
CD37,5.08,4.95,5.37,5.34,5.21,5.68,5.46,5.83,5.37,5.28,5.31,5.1,5.41,5.46,5.3,5.09,5.22,5.23,5,5.1,5.43,5.23,5.38,5.34,5.4,5.5,5.18,5.23,5.14,5.18,6.19,5.17,5.16,5.2,5.09,5.32,5.2,5.65,5.84,5.58,5.3,5.42,5.19,4.6,5.35,5.51,5.18,5.23,5.16,5.1
CD37,4.58,4.75,4.95,4.73,4.57,4.77,4.6,4.84,4.63,4.91,4.86,4.72,4.76,4.7,4.75,4.72,4.89,5.07,4.49,5.02,4.85,4.9,4.86,4.72,4.69,5.24,4.83,4.59,4.75,4.67,5.84,4.05,4.61,4.52,4.53,4.9,4.28,4.56,4.41,4.86,4.69,4.49,5.23,4.51,4.58,4.95,4.57,4.85,4.59,4.62
CD38,4.29,4.26,3.83,4.03,3.68,3.88,4.03,3.79,3.92,3.94,4.16,4.34,4.07,4.74,4.18,4.1,3.97,4.01,3.83,4.23,4.14,4.15,4.21,4.17,4.21,3.91,4.47,4.23,4.49,4.67,5.43,5.19,3.79,3.99,4.32,3.89,4.1,3.92,4.39,3.5,3.87,3.92,4.16,5.49,4.33,3.86,4.04,3.84,3.66,4.75
CD3D,4.45,4.74,4.83,4.72,5.15,5.09,5.08,4.89,4.74,4.63,4.9,4.77,4.57,5.3,4.71,4.71,4.87,4.96,4.84,4.65,4.91,4.74,4.71,4.62,4.89,4.58,4.77,4.58,4.78,5.49,6.46,5.23,4.52,4.78,4.56,4.79,5.48,4.99,5.04,5.08,5.11,4.83,4.73,5.13,6.16,5.17,5.55,4.91,4.68,4.84
CD3D,3.98,3.96,4.02,3.96,3.92,3.69,4.45,3.96,4,3.89,3.9,4.06,3.99,4.68,4.26,3.9,3.93,3.97,3.77,4.06,3.98,3.93,4.02,3.9,4.14,4.1,3.79,4.11,3.71,5.67,4.5,4.28,4.09,3.84,4.46,4.1,3.89,4,4.03,4.01,3.65,4.04,3.65,3.88,4.59,4.04,4.21,4.2,3.96,4.21
CD3E,3.91,3.69,4.15,3.93,4.16,3.91,4.17,4.18,3.83,4.05,3.77,3.87,3.83,5.51,4,3.94,3.84,3.68,3.87,4.03,3.94,3.91,3.71,4.3,3.9,3.81,3.78,4.2,3.67,5.49,4.91,4.18,4.04,3.95,3.72,4.17,4.08,4.17,4.82,4.15,3.98,4.02,4.02,4.99,5,4.75,3.96,3.95,3.87,4.2
CD3E,4.03,4.1,4.38,4.22,4.77,3.92,4.04,4.19,3.99,3.79,4.07,3.96,4.03,4.46,4.11,4.22,4.02,3.97,3.93,4.11,4.19,4.18,3.99,4.23,3.83,4.21,4.27,4.2,4.11,4.99,5.91,4.89,4.12,4.39,3.99,3.76,4.45,4.09,3.94,4.11,4.04,3.86,3.84,4.28,4.16,4.01,4.2,3.77,4.19,4.8
CD3EAP,5.3,5.18,5.78,5.16,5.39,4.92,4.54,5.87,5.01,5.31,5.03,4.92,4.94,6.27,4.86,5.11,5.4,5.55,4.75,5.17,5.08,4.71,4.87,5.25,5.02,4.98,5.44,5.39,4.97,5.34,7.15,6.58,5.33,5.06,4.81,4.88,4.41,4.93,5.58,5.17,5.45,4.87,5.02,6.28,5.19,5.09,5.26,5.19,5.23,5.32
CD3EAP,9.13,9.07,9.34,9.41,9.47,9.32,8.7,9.17,9.3,9.08,8.97,9.06,8.84,10.49,9.01,8.73,8.95,9.31,9.11,9.34,8.68,8.7,8.41,8.6,8.66,8.75,9.37,9.19,9.01,8.96,10.24,10.71,8.59,8.6,8.91,8.9,8.73,8.79,9.11,9.18,9.13,8.74,8.9,10.33,9.31,9.03,9,9.19,9.1,10.57
CD3EAP,9.15,9.15,9.51,9.42,9.39,9.45,9.08,9.2,9.31,9.26,9.02,9.21,8.99,10.48,8.97,8.8,9.1,9.4,9.38,9.36,8.83,8.73,8.49,8.78,8.87,8.79,9.56,9.32,9.08,9.28,10.25,10.98,8.75,8.75,8.86,8.98,8.93,9.06,8.78,9.21,9.22,9.04,8.96,10.32,9.24,9.04,9.13,9.24,9.08,11.08
CD3G,4.22,3.97,4.06,3.78,4.1,3.98,4.16,4.51,3.92,3.87,3.77,4.06,4.02,5.35,3.7,3.88,3.93,4,3.82,4.01,4.23,3.87,3.87,3.85,4.2,4,3.94,3.7,4.01,6.25,5.25,4.97,3.82,3.73,3.89,4.2,4.17,4.05,4,3.86,4.1,4.01,3.71,5.05,3.78,4.23,4.37,4.14,3.87,5.4
CD3G,3.72,3.94,3.58,3.69,3.68,4.02,4.37,3.56,3.94,3.64,3.86,4,3.82,5.04,3.84,3.55,3.91,3.92,3.59,3.66,3.85,4.1,3.75,3.71,3.63,4,3.63,4.15,3.96,5.41,4.07,4.52,4.08,4,3.72,3.79,3.38,3.49,3.64,3.63,3.5,3.95,3.96,4.88,3.58,3.61,3.87,3.76,3.67,4.83
CD3G,4.98,5.25,4.25,4.47,3.82,4.26,4.84,3.95,4.71,4.36,4.97,4.67,4.98,5.21,4.64,4.57,4.57,4.4,4.35,4.29,4.84,4.69,4.73,4.36,4.16,4.32,4.65,4.48,4.57,4.45,5.1,4.29,4.9,4.84,4.48,4.38,4.72,4.07,4.23,3.7,3.84,3.9,4.68,3.71,4.28,4.6,3.86,4.71,4.3,4.17
CD4,7.12,6.06,6.81,6.88,5.72,6.12,6.1,6.58,7.01,6.92,5.97,6.8,6.75,6.44,6.61,7,6.87,7.13,6.95,7.3,6.84,6.83,6.02,7,6.89,7.09,6.55,6.73,6.13,5.57,7.04,6.02,6.71,6.75,6.32,6.54,6.12,6.89,7.29,6.68,6.71,6.26,6.07,6.64,6.36,6.34,6.28,6.83,6.54,6.25
CD4,9.41,8.95,9.29,9.49,8.71,8.77,8.43,9.43,9.53,9.53,8.76,9.47,9.23,8.22,9.26,9.3,9.15,9.53,9.44,9.55,9.34,9.47,8.95,9.46,9.52,9.41,9.2,9.53,8.75,4.77,5.03,7.12,8.88,9.06,8.92,9.2,8.79,9.38,8.12,9.04,8.96,9.02,8.59,6.15,8.61,8.17,8.85,9.35,9.06,8.16
CD4,9.64,9.18,9.59,9.7,8.9,9.29,9.03,9.45,9.68,9.67,8.9,9.69,9.68,8.03,9.41,9.39,9.39,9.77,9.65,9.61,9.67,9.53,9.27,9.46,9.55,9.67,9.54,9.67,9.04,7.98,6.55,7.4,9.27,9.19,9.09,9.35,9.15,9.42,8.96,9.19,9.39,9.35,9.18,7.19,8.64,8.67,8.97,9.51,9.4,7.71
CD4,9.28,8.99,9.49,9.42,9.56,9.66,9.44,9.38,9.43,9.34,9.27,9.41,9.48,7.42,9.33,9.3,9.24,9.66,9.61,9.33,9.51,9.45,9.39,9.55,9.41,9.48,9.47,9.28,9.29,9.45,5.32,8.16,8.93,9.05,9.01,9.19,9.36,9.25,9.75,9.35,9.46,9.4,9.53,7.54,9.03,9.28,8.92,9.39,9.54,8.24
CD4,8.76,8.12,8.67,8.77,8.08,8.03,7.84,8.6,9,8.85,7.44,8.82,8.71,6.66,8.69,8.53,8.6,8.95,8.77,8.96,8.8,8.71,8.06,8.77,8.66,8.78,8.52,8.64,8.04,6.57,7.25,7.92,8.39,8.47,8.42,8.43,8.05,8.57,7.7,8.29,8.52,8.19,7.96,7.26,7.87,8.03,8.08,8.51,8.35,7.81
CD40,5.93,5.92,5.98,5.86,5.74,6.17,5.44,5.96,5.77,5.84,5.85,5.64,6,6.85,5.94,5.99,6.13,5.98,5.65,5.6,6.13,6.22,6.19,6.25,6.21,6.35,5.96,5.69,5.71,6.22,7.06,6.17,6.4,6.67,6.69,6.31,6,6.09,6.2,6.23,6.13,6.7,6.47,5.77,6.67,6.54,6.77,5.76,6.08,5.75
CD40,6.03,6.04,6.47,6.09,6.3,6.47,5.41,5.89,6.17,6.22,5.99,5.98,5.77,5.96,6.7,6.26,6.53,6.03,6.08,5.88,6.46,6.5,6.68,6.82,6.54,6.66,6.33,5.97,6.16,4.33,4.74,7.01,7.01,6.95,7.11,6.52,6.76,6.37,5.8,6.44,6.52,6.96,7.12,5.9,7.26,6.81,6.91,6.15,6.2,5.71
CD40LG,4.6,4.93,4.73,4.86,4.27,4.51,5.68,4.37,4.7,4.55,5.02,4.64,4.77,4.45,4.68,4.33,4.51,4.33,4.52,4.48,4.54,4.57,4.83,4.55,4.82,3.98,4.67,4.9,4.64,4.57,4.31,4.94,4.47,4.78,4.77,4.43,4.48,4.3,4.62,4.46,4.11,4.77,4.55,5.01,4.26,5,4.15,4.36,4.4,5.5
CD40LG,4.73,4.91,4.7,4.8,4.56,4.52,4.76,4.9,4.74,4.82,5.24,4.82,4.78,5.2,4.65,4.63,4.66,4.48,4.69,4.3,4.63,4.97,5.1,4.48,5.07,4.44,4.78,4.67,4.89,4.72,4.7,6.51,4.59,5.07,4.85,4.5,4.86,4.58,4.14,4.65,4.57,4.72,4.64,4.89,4.65,4.79,4.76,4.65,5.04,5.92
CD44,10.09,9.58,9.73,9.7,9.37,9.28,9.89,9.76,9.94,10.02,9.03,10,9.82,7.46,10.35,10.41,10.37,9.69,9.68,9.74,10.63,10.52,10.05,10.59,10.53,10.57,9.81,9.94,8.96,6.15,7.61,5.27,10.16,9.92,10.09,10.25,9.98,10.17,9.51,9.9,9.66,9.05,9.41,8.33,10.14,9.79,10.3,9.88,9.52,8.52
CD44,11.65,11.87,11.59,11.64,11.59,11.7,11.38,11.52,11.74,11.62,11.85,11.73,12,11.63,11.91,11.91,11.86,11.29,11.47,11.38,12.19,12.19,12.44,11.9,11.97,12.16,11.62,11.6,11.94,11.71,9.88,11.43,11.8,11.69,11.65,11.89,11.95,11.85,11.62,11.61,11.74,11.89,11.9,11.62,11.9,11.99,11.91,11.77,12,11.67
CD44,10.01,10.11,9.83,9.97,9.89,9.82,9.48,9.56,10.3,9.88,10.21,10.14,10.46,10.44,10.25,10.14,10.27,9.41,9.34,9.38,10.55,10.72,10.97,10.36,10.4,10.47,9.83,10.03,10.14,9.5,8.89,9.34,10.11,10.2,10.17,10.31,10.15,10.19,9.78,9.98,10.08,10.36,10.36,10.04,10.52,10.59,10.47,10.19,10.32,9.86
CD44,10.4,10.31,10.27,10.25,10.27,10.16,10.05,10.23,10.4,10.24,10.28,10.53,10.54,9.89,10.65,10.52,10.67,9.78,9.78,9.83,11.04,11.09,11.06,10.84,10.81,10.91,10.31,10.27,10.39,10.18,9.49,9.87,10.72,10.73,10.66,10.78,10.62,10.76,10.51,10.31,10.47,10.67,10.77,10.23,10.99,11.1,11.02,10.59,10.62,10.31
CD44,8.39,7.79,8.32,8.23,7.53,7.82,8.19,8.27,8.26,8.25,7.66,8.49,8.42,6.84,8.66,8.6,8.6,7.91,7.79,7.96,9.08,9.08,8.82,9.03,9.07,9.13,8.15,8.33,8,5.89,6.33,6.91,8.85,8.9,8.81,8.91,8.49,8.97,7.95,8.38,8.32,8.52,8.18,7.36,9.12,8.84,9.06,8.58,8.24,6.77
CD44,10.32,10.33,10.38,10.3,10.47,10.48,10.1,10.21,10.39,10.32,10.52,10.44,10.44,9.34,10.81,10.55,10.73,10.01,10.05,9.9,10.92,11.01,11.24,10.92,10.98,10.94,10.29,10.37,10.49,10.22,8.84,9.48,10.67,10.6,10.72,10.74,10.84,10.73,10.23,10.4,10.51,10.71,10.76,9.83,11.13,11.26,11.13,10.71,10.89,10.02
CD44,9.06,8.85,8.8,8.87,8.76,8.8,9.12,8.69,8.97,8.85,8.62,8.94,9.32,6.1,9.18,9.06,9.3,8.33,8.33,8.28,9.93,9.58,9.84,9.35,9.29,9.67,8.92,8.79,9.03,8.8,5.71,5.84,9.53,9.45,9.11,9.2,9.29,9.27,8.9,8.8,9,9.27,9.55,6.66,9.82,9.95,9.57,9.16,9.05,6.37
CD44,9.89,9.85,9.65,9.61,9.45,9.61,9.92,9.59,9.92,9.74,9.71,9.82,10.16,9.3,10.18,9.95,10.18,9.17,9.15,9.2,10.77,10.49,10.6,10.06,10.17,10.41,9.69,9.45,9.88,9.64,6.36,8.26,10.24,10.16,9.96,9.91,10.05,10.1,9.65,9.78,9.85,10.14,10.35,9.24,10.41,10.6,10.3,9.98,10,8.48
CD44,9,8.86,8.97,8.91,8.73,8.95,9.47,9.06,8.89,8.98,8.4,9.02,9.1,7.02,9.32,9.42,9.33,8.54,8.45,8.39,10.03,9.82,9.56,9.71,9.72,9.9,9.01,8.84,8.82,9.05,6.07,5.28,9.78,9.54,9.46,9.43,9.57,9.52,9.45,9.09,9.17,9.46,9.62,7.28,10.14,10.12,9.85,9.18,9.11,7.5
CD44,9.46,9.23,9.32,9.19,9.31,9.35,9.16,9.4,9.32,9.34,8.99,9.59,9.62,8.78,9.75,9.72,9.79,8.91,8.87,8.94,10.24,10.22,10.1,10.16,10.11,10.22,9.3,9.23,9.41,9.11,8.42,8.89,10,10.04,9.88,9.8,9.66,9.96,9.38,9.48,9.43,9.76,9.67,8.55,10.17,10.1,10.26,9.64,9.68,8.01
CD46,11.19,11.5,11.1,11.2,10.93,10.88,10.74,10.93,11.38,11.23,11.26,11.28,11.46,11.12,11.25,11.1,11.22,10.94,11.01,11.04,11.23,11.39,11.63,11.15,11.28,11.34,11.04,11.18,11.13,11.15,10.32,10.2,10.78,10.83,10.85,11.05,10.95,10.92,10.63,11.12,11.18,11.12,11.05,11.13,10.98,10.95,11.02,11.22,11.26,10.74
CD46,11.38,11.52,11.22,11.31,10.97,10.89,10.91,11.02,11.49,11.32,11.36,11.41,11.57,11.04,11.28,11.28,11.29,10.98,11.12,11.31,11.22,11.37,11.63,11.25,11.38,11.37,11.12,11.31,11.16,10.88,10.43,10.73,10.98,11,11.04,11.19,11,11.16,10.82,11.22,11.26,11.24,11.06,11.37,11.12,10.99,11.11,11.31,11.18,10.91
CD46,8.42,8.03,8.07,8.22,6.95,7.12,6.83,8.1,8.46,8.28,7.54,8.66,8.38,7.32,8.44,8.22,8.2,7.91,8.09,8.35,8.27,8.27,7.79,8.2,8.33,8.33,7.94,8.07,7.32,5.56,6.57,7.01,8.2,7.89,7.9,8.12,7.47,8.22,5.76,8.14,7.75,7.04,6.87,5.33,7.68,6.88,7.46,8.26,7.95,7
CD46,9.38,9.05,8.96,9.18,7.97,8.22,8.37,8.67,9.28,9.15,8.5,9.07,9.45,6.25,9.1,8.93,9.1,8.71,8.95,8.91,9.32,9.13,8.67,9.04,8.99,9.08,8.88,8.93,8.39,7.14,7,5.92,8.72,8.82,8.77,8.83,8.72,9.02,8.22,8.8,8.59,8.73,8.55,5.74,8.75,8.58,8.91,8.95,8.94,7.52
CD46,9.02,9.22,8.91,8.94,8.73,8.55,8.1,8.71,9.27,8.95,9.01,9.07,9.35,8.67,8.97,8.81,9.01,8.67,8.75,8.94,9.07,9.1,9.37,8.95,8.99,9.21,8.77,8.94,8.84,8.47,7.72,7.53,8.63,8.63,8.46,8.85,8.62,8.84,7.9,8.86,8.78,8.77,8.79,8.59,8.7,8.67,8.68,8.96,9.07,7.98
CD46,7.89,6.98,7.54,7.49,6.61,6.14,6.97,7.16,7.45,7.69,6.59,7.53,7.63,7.01,7.46,7.32,7.53,7.1,7.22,7.36,7.59,7.2,6.73,7.52,7.39,7.62,7.27,7.19,6.34,4.37,7.24,5.3,7.4,7.33,7.19,7.34,6.77,7.33,5.29,7.34,6.73,6.28,5.57,4.65,7.37,6.8,6.66,7.32,7.38,6.48
CD46,7.94,7.49,7.66,7.74,6.28,6.59,7.87,7.46,7.82,7.9,6.91,7.95,7.74,6.91,7.95,7.71,7.76,7.62,7.49,7.78,7.76,7.75,7.32,7.97,7.95,7.72,7.51,7.75,6.71,5.43,7.05,5.96,7.63,7.68,7.48,7.65,6.92,7.48,7,7.58,7.17,6.63,6.53,5.46,7.42,6.97,7.33,7.46,7.46,7.38
CD46,8.62,8.83,8.31,8.55,7.88,7.98,7.94,8.14,8.6,8.58,8.37,8.55,8.81,6.46,8.46,8.21,8.63,8.11,8.17,8.38,8.58,8.64,8.62,8.41,8.29,8.5,8.21,8.3,8.21,8.2,6.55,5.32,8.03,8.17,7.99,8.32,8.09,8.35,7.55,8.4,8.22,8.11,8.19,6.56,8.23,8.14,8.19,8.46,8.44,5.65
CD46,8.11,7.5,7.97,8,6.74,6.67,6.96,7.74,7.92,8.08,7.01,8.19,7.9,7.89,8.34,8.03,8.03,7.77,7.91,8.1,8,7.74,7.35,8.11,8.22,8.16,7.63,7.97,6.78,4.99,7.31,6.06,8.06,7.88,7.6,7.84,7.44,8.25,6.3,7.77,6.99,6.64,6.36,6.89,7.59,7,7.42,7.73,7.61,6.89
CD46,8.05,7.6,7.65,7.89,6.59,6.68,6.17,7.54,7.96,7.72,6.98,7.79,7.81,6.26,7.83,7.79,7.53,7.49,7.52,8,7.7,7.81,7.58,7.81,7.83,7.92,7.44,7.59,6.97,4.91,5.83,5.06,7.54,7.58,7.35,7.44,7.2,7.89,5.79,7.48,7.03,6.47,6.05,6.01,6.84,6.66,7.15,7.7,7.36,4.73
CD46,9.13,8.73,8.75,8.92,7.69,7.91,7.91,8.57,8.97,9.04,8.22,9.21,8.97,7.81,8.99,8.85,8.92,8.6,8.78,9.02,8.93,8.92,8.37,8.98,8.98,8.99,8.69,8.81,8.19,7.33,6.14,6.78,8.88,8.57,8.63,8.7,8.31,8.85,7.78,8.69,8.32,8.02,8.03,7.18,8.34,8.12,8.69,8.8,8.43,7.13
CD46,8.02,7.56,7.87,7.91,7.03,6.8,6.8,7.52,7.87,7.93,7.06,8.06,7.92,7.33,8.01,7.7,7.96,7.73,7.57,7.82,7.98,7.88,7.27,7.82,7.72,8.01,7.56,7.86,6.88,6.42,7.82,6.75,7.87,7.71,7.56,7.87,6.94,7.69,6.56,7.25,7.24,6.56,6.72,6.53,7.36,6.84,7.52,7.61,7.35,7.25
CD47,7.9,8.19,8.28,8.33,7.99,7.94,7.12,7.54,8.31,8.1,8.21,8.1,7.9,7.13,7.98,7.43,7.9,8.57,8.73,8.62,7.45,7.79,7.93,8.02,7.97,7.89,8.03,8.12,7.76,7.11,6.23,7.19,7.13,7.54,7.33,8.17,7.45,7.84,7.44,8.06,7.77,8.53,8.44,7.34,8.27,8.4,8.44,8.17,7.99,6.07
CD47,6.12,5.72,6.24,6.13,6.5,6.13,5.94,6.31,6.3,6.19,6.64,6.03,5.77,6.63,6.53,6.28,6.2,6.79,6.52,6.62,5.94,6.02,6.07,6.42,6.48,6.5,6.17,6.21,6.21,6.45,7.02,5.73,5.86,5.62,6.15,6.42,6.06,6.14,6.5,6.45,6.45,7.03,6.38,6.94,6.7,6.53,6.69,6.19,5.8,6.03
CD47,10.65,10.72,10.72,10.73,10.62,10.54,10.7,10.83,10.75,10.82,10.61,10.84,10.79,9.86,10.44,10.41,10.25,10.87,10.92,10.7,10.31,10.49,10.22,10.48,10.53,10.49,10.7,10.73,10.62,10.72,9.01,10.13,10.29,10.35,10.33,10.42,10.23,10.32,10.57,10.87,10.82,10.87,10.66,10.08,10.89,10.89,10.83,10.74,10.76,10.01
CD48,4.66,4.68,5.05,4.57,4.74,5.18,4.55,4.55,4.74,4.8,4.62,4.86,4.49,5.01,4.09,4.56,4.46,4.74,4.94,4.8,4.29,4.45,4.43,4.12,4.25,4.4,5.02,4.4,4.8,4.91,5.25,4.94,4.24,4.38,4.42,4.52,4.87,4.52,4.19,4.93,4.68,5.17,4.75,4.69,5.41,4.57,4.52,4.54,4.46,4.26
CD48,4.65,4.84,4.6,4.58,4.68,4.67,5.37,4.21,4.7,4.67,5,4.88,4.99,6.82,4.69,5,4.5,4.8,4.38,4.68,4.94,4.91,4.73,4.59,4.42,4.28,4.87,4.87,4.48,5.09,5.41,6.12,4.56,4.55,4.61,4.9,4.43,4.4,4.91,4.83,4.27,4.74,4.58,4.88,4.66,5.05,4.85,4.51,4.7,5.36
CD5,9.41,9.17,9.42,9.37,9.32,9.24,8.93,9.41,9.32,9.31,9,9.32,9.32,8.17,9.43,9.48,9.63,9.7,9.62,9.67,9.71,9.68,9.43,9.86,9.85,9.86,9.48,9.6,9.38,8.4,7.92,8.12,9.46,9.31,9.28,9.54,9.42,9.76,8.98,9.28,9.36,9.53,9.56,7.51,10,10.11,10.19,9.36,9.39,8.66
CD5,10.06,10.22,10.16,10.06,10.33,10.17,10.51,10.04,9.96,10.04,10.13,9.96,10.05,8.65,9.98,10.06,10.31,10.29,10.32,10.18,10.47,10.23,10.54,10.33,10.28,10.38,10.16,9.89,10.39,10.62,7.59,9.79,10.03,10.04,9.88,10.11,10.37,10.22,9.99,10.04,10.1,10.33,10.61,9.39,10.74,10.94,10.73,10.15,10.38,8.44
CD52,4.31,4.27,4.27,3.98,4.35,4.94,4.04,4.6,4.34,4.29,3.98,4.37,4.17,3.87,4.38,4.55,4.83,4.73,4.51,4.42,6.12,5.3,5.36,4.33,4.7,4.92,4.59,4.15,4.83,5.02,7.19,4.27,4.63,4.1,4.28,4.48,4.98,4.89,5.06,4.44,4.86,3.94,4.19,3.8,6.17,6.52,6.07,4.42,4.28,6.41
CD52,4.75,4.37,4.84,4.82,4.88,4.35,4.68,5.53,4.65,4.8,4.63,4.79,4.53,4.73,4.94,5.19,5.69,4.73,5.24,4.84,6.15,5.56,6,4.96,5.48,5.47,4.67,4.66,5.09,4.34,5.2,5.08,4.88,4.44,4.91,5.51,5.04,5.07,4.72,5.53,4.98,4.33,4.72,4.66,6.55,6.66,6.64,5.14,4.87,5.48
CD53,8.55,8.53,8.66,8.55,8.68,8.59,8.14,8.06,8.69,8.61,8.38,8.73,8.71,7.33,8.5,8.55,8.56,8.67,8.77,8.64,8.83,8.78,8.68,8.61,8.6,8.61,8.57,8.52,8.69,8.88,5.82,6.76,8.15,8.13,8.22,8.54,8.7,8.61,8.47,8.31,8.6,8.69,8.85,5.43,8.68,8.65,8.55,8.55,8.73,6.77
CD53,8.23,7.85,8.02,8.16,7.64,7.66,7.9,7.94,8.21,8.19,7.59,8.31,8.2,6.15,8.18,8.24,8.22,8.35,8.27,8.39,8.41,8.43,7.97,8.37,8.28,8.36,8.11,8.2,7.73,6.78,5.3,6.94,7.9,7.82,7.97,7.98,8.04,8.29,7.76,8.07,7.83,8.16,8.18,6.1,8.21,8.03,8.15,8.15,7.91,7.08
CD55,10.75,10.72,10.78,10.7,10.69,10.64,10.38,10.5,10.86,10.69,10.69,10.76,10.85,10.66,11.02,10.93,10.9,10.34,10.31,10.34,11.17,11.22,11.16,11.13,11.15,11.16,10.74,10.83,10.67,10.04,8.7,9.56,11.32,11.37,11.33,10.78,10.78,10.83,10.59,10.8,10.85,10.88,10.85,10.76,11.03,11.11,11.07,10.87,10.94,10.42
CD55,10.25,10.43,10.16,10.26,10.2,10.27,10.08,10.17,10.43,10.26,10.43,10.33,10.32,9.85,10.62,10.54,10.65,9.9,9.85,9.9,10.69,10.7,11,10.75,10.82,10.76,10.23,10.35,10.14,9.75,8.46,9.08,10.85,10.83,10.82,10.56,10.4,10.42,10.07,10.28,10.4,10.53,10.53,10.23,10.59,10.57,10.55,10.45,10.52,9.8
CD55,10.33,10.36,10.37,10.3,10.18,10.28,10.13,10.32,10.27,10.35,10.17,10.3,10.31,9.92,10.47,10.5,10.55,9.76,9.93,9.84,10.71,10.8,10.58,10.69,10.71,10.68,10.24,10.33,10.32,9.62,9.28,9.85,10.88,10.91,10.86,10.24,10.29,10.49,9.89,10.23,10.33,10.33,10.45,10.33,10.68,10.59,10.64,10.39,10.4,10.09
CD55,10.41,10.33,10.31,10.33,10.37,10.25,9.97,10.44,10.35,10.38,10.17,10.29,10.37,9.7,10.47,10.51,10.57,9.96,9.92,9.92,10.83,10.9,10.69,10.74,10.74,10.75,10.34,10.36,10.46,8.79,7.16,9.73,10.92,10.92,10.9,10.29,10.33,10.54,10.2,10.44,10.46,10.45,10.45,10.65,10.82,10.78,10.77,10.51,10.49,10.09
CD55,4.22,3.94,4.4,4.17,4.39,4.34,5.72,4.39,4.13,4.13,4.36,4.01,3.85,5.34,4.43,4.5,4.34,3.86,3.77,4.04,4.13,4.25,4.21,4.24,4.36,4.7,4.16,4.02,4.17,4.77,7.62,5.95,4.11,4.11,4.21,4.06,4.7,3.92,4.63,4.32,4.65,4.23,4.77,4.68,5.4,4.17,4.34,4.43,4.48,4.56
CD55,10.22,10.27,10.14,10.2,10.36,10.04,10.31,10.25,10.27,10.25,10.12,10.18,10.2,9.95,10.38,10.4,10.32,9.75,9.85,9.84,10.76,10.72,10.59,10.59,10.63,10.66,10.2,10.19,10.29,9.2,7.32,9.61,10.84,10.83,10.81,10.28,10.25,10.42,10.47,10.29,10.06,10.43,10.36,10.33,10.61,10.69,10.47,10.39,10.2,10.03
CD55,10.32,10.4,10.13,10.26,10.26,9.76,9.88,9.98,10.38,10.3,10.24,10.47,10.35,10.2,10.36,10.46,10.34,9.79,9.93,9.85,10.66,10.71,10.62,10.44,10.55,10.58,10.28,10.42,10.25,9.48,8.79,8.91,10.83,10.79,10.79,10.28,10.06,10.37,9.8,10.1,10.11,10.3,10.46,10.42,10.39,9.94,10.59,10.36,10.23,10.44
CD58,11.38,11.5,11.22,11.2,10.83,11.01,10.75,11.05,11.31,11.3,11.15,11.36,11.57,10.75,11.05,11.07,11.29,11.26,11.26,11.39,11.45,11.18,11.23,11.08,11.04,11.33,11.2,11.2,11.11,11.12,9.79,10.58,11.05,11.12,10.91,11.05,11.14,11.12,10.95,11.09,11.11,11,11.06,10.47,11.38,11.28,11.2,11.17,11.3,10
CD58,4.76,4.89,4.82,4.9,4.7,4.95,4.84,4.82,4.75,4.67,4.94,4.87,4.66,5.48,4.5,4.58,4.62,4.8,4.64,4.35,4.81,4.96,4.76,4.79,4.92,4.31,4.87,4.65,4.97,5.07,5.49,4.73,4.95,4.64,4.69,5,5.15,4.3,4.83,4.73,4.85,4.6,4.96,4.44,5,5.23,5.16,4.72,4.42,4.62
CD58,11.43,11.38,11.21,11.26,10.82,10.98,10.85,11.09,11.4,11.38,11.18,11.4,11.51,10.82,11.18,11.13,11.29,11.24,11.34,11.41,11.33,11.34,11.19,11.27,11.32,11.4,11.2,11.32,11.19,11.21,10.18,10.41,11.03,11.06,10.98,11.18,11.14,11.22,10.98,11.01,11.12,11.14,11.13,10.49,11.37,11.31,11.31,11.2,11.18,10.2
CD58,12.59,12.7,12.41,12.39,12.1,12.18,12.13,12.22,12.54,12.54,12.45,12.45,12.61,12.08,12.3,12.29,12.45,12.39,12.47,12.56,12.51,12.38,12.43,12.41,12.23,12.55,12.4,12.4,12.37,12.17,11.04,11.72,12.25,12.27,12.09,12.13,12.33,12.35,12.11,12.22,12.24,12.23,12.28,11.76,12.58,12.45,12.36,12.38,12.42,11.07
CD58,9.5,9.82,9.25,9.53,9.46,9.45,9.34,9.15,9.77,9.31,9.85,9.43,10.25,8.99,9.34,9.51,9.44,9.36,9.34,9.42,9.49,9.49,9.93,9.09,9.38,9.5,9.3,9.29,10.07,10.27,7.74,8.73,9.26,9.11,9.04,9.36,9.48,9.27,9.32,9.33,9.39,9.58,9.58,8.67,9.48,9.6,9.65,9.32,10.09,8.46
CD58,12.5,12.6,12.37,12.39,12.15,12.3,12.16,12.33,12.58,12.49,12.49,12.57,12.64,11.81,12.33,12.38,12.43,12.41,12.39,12.51,12.54,12.49,12.47,12.36,12.36,12.58,12.44,12.4,12.44,12.39,10.38,11.76,12.21,12.27,12.22,12.36,12.32,12.34,12,12.37,12.34,12.35,12.38,11.47,12.59,12.5,12.45,12.37,12.51,11.42
CD59,10.33,10.42,10.34,10.27,10.09,10.28,9.98,10.18,10.34,10.45,10.35,10.37,10.4,9.67,10.47,10.39,10.6,9.82,9.89,9.94,10.81,10.73,10.68,10.62,10.61,10.62,10.31,10.42,10.22,9.36,9.25,9.04,10.39,10.27,10.3,10.45,10.4,10.46,10.22,10.43,10.45,10.34,10.13,10.26,10.62,10.56,10.6,10.54,10.45,9.22
CD59,8.43,8.47,8.65,8.54,8.76,8.84,9.24,8.65,8.32,8.43,8.67,8.36,8.27,6.87,8.81,8.72,8.97,8.12,7.99,7.98,8.85,8.82,8.95,8.99,8.97,8.97,8.65,8.29,8.36,8.07,6.36,7.4,8.48,8.45,8.48,8.79,8.85,8.69,8.96,8.78,8.73,8.81,8.66,7.91,9.1,9.03,8.94,8.53,8.65,7.73
CD59,4.51,4.62,4.58,4.36,4.22,4.76,4.38,4.42,4.37,4.59,4.7,4.39,4.38,5.09,4.5,4.43,4.39,4.42,4.48,4.91,4.43,4.39,4.46,5.03,4.41,4.82,4.38,4.5,4.59,4.27,4.7,5.13,4.33,4.44,4.54,4.49,4.71,4.5,4.52,4.12,4.67,4.61,4.48,4.58,4.6,4.55,4.38,4.41,4.38,5.38
CD59,9.74,9.81,9.81,9.73,9.34,9.53,9.45,9.24,9.99,9.89,9.51,9.7,9.94,7.84,9.62,9.59,9.95,9.26,9.36,8.95,10.3,9.97,10,9.79,9.8,10.05,9.89,9.64,9.87,9.11,6.83,6.77,9.64,9.61,9.44,9.61,9.57,9.77,9.36,9.72,9.87,9.41,9.37,7.16,10.2,9.9,9.79,9.9,9.85,7.63
CD59,3.46,3.6,3.63,3.48,4.11,3.3,4.05,3.11,3.75,3.52,3.67,3.47,3.82,3.72,3.36,3.64,3.67,3.96,3.46,3.51,3.55,3.78,3.57,3.46,3.59,3.61,3.23,3.86,3.56,4.63,3.9,3.95,3.51,3.64,3.38,3.61,3.69,3.44,3.66,3.45,4.28,4.39,3.49,3.66,3.59,3.58,3.42,3.61,3.64,3.61
CD5L,5.35,5.3,5.57,5.33,4.86,5.67,5.36,5.4,5.28,5.42,5.3,5.76,5.55,5.35,5.52,5.56,5.17,5.08,5.18,5.13,5.5,5.23,5.26,5.25,5.14,5.01,5.26,5.56,5.06,5.58,7.02,5.68,5.25,5.31,5.17,5.55,4.83,5.04,5.54,5.11,5.31,5.24,5.11,4.91,5.31,4.97,5.47,5.25,5.37,6.09
CD5L,4.32,4.31,4.33,4.57,4.88,4.87,4.79,4.5,4.58,4.53,4.72,4.54,4.51,5.86,4.64,4.42,4.5,4.57,4.54,4.59,4.41,4.74,4.38,4.66,4.41,4.56,4.48,4.67,4.56,4.54,4.56,4.97,4.42,4.39,4.42,4.26,4.62,4.14,4.85,4.64,4.57,4.68,4.47,5.06,4.69,4.65,4.63,4.63,4.37,4.55
CD5L,3.92,3.67,3.79,3.79,4.39,4.3,3.72,4.13,3.72,3.74,4.11,3.84,3.55,4.94,4.02,3.57,3.83,4.02,3.87,3.81,3.93,3.7,3.53,3.98,4.15,3.89,3.77,4.04,3.93,5.56,5.95,5.61,3.8,4,3.72,3.83,3.86,3.88,5.42,4.19,3.78,3.78,4.05,4.49,3.55,4.66,4.22,3.87,3.61,5.39
CD6,8.8,8.7,9.04,8.95,9.31,9.22,9.4,9.29,8.77,8.93,8.85,8.81,8.68,6.35,9.12,9.22,9.06,9.47,9.47,9.3,8.98,8.92,9.04,9.15,9.14,8.98,9.11,8.93,9.07,8.83,6.53,6.98,8.92,8.97,8.99,9.48,9.59,9.61,9,9.06,9.08,9.6,9.55,8.03,8.86,8.95,8.97,8.99,9.16,6.85
CD6,6.11,5.17,6.46,6.03,5.36,5.68,5.18,5.77,6.1,6.05,5.32,5.67,5.6,4.66,6.01,6.51,6.61,6.87,6.73,6.83,5.86,5.83,5.41,6.1,6.11,6.3,6.16,5.75,5.6,4.92,5.69,4.68,6.48,6.03,6.18,6.59,6.3,6.72,6.98,5.61,5.61,4.91,6.05,5.09,5.9,5.87,5.93,5.91,5.8,5.3
CD6,6.07,5.6,6,6.31,5.73,5.7,5.18,6.18,5.82,6.1,5.36,5.6,5.33,5.17,6.15,6.13,6.1,6.84,6.65,6.79,5.91,5.87,5.73,6.21,6.28,6.69,5.81,5.73,5.76,4.16,6.54,6,5.98,6.16,5.63,6.94,6.8,6.89,5.32,5.74,5.63,5.88,6.33,5.07,6.16,6.01,5.95,5.95,5.6,5.63
CD6,8.41,8.19,8.63,8.57,8.98,8.73,8.83,8.86,8.34,8.44,8.58,8.36,8.28,6.47,8.8,8.83,8.71,9.14,9.04,8.91,8.65,8.58,8.62,8.86,8.79,8.77,8.69,8.5,8.79,8.41,6.65,7.34,8.52,8.55,8.59,9.15,9.11,9.19,8.62,8.67,8.64,9.16,9.1,6.45,8.44,8.42,8.54,8.57,8.77,5.87
CD6,5.76,4.95,6.1,5.79,5.68,5.9,5.59,6.27,5.86,5.99,4.68,5.54,5.41,4.21,6.05,6.06,6.13,6.56,6.67,6.73,5.59,5.7,4.99,6.04,5.61,6.32,5.88,5.63,5.4,4.34,4.94,4.04,6.15,6.01,5.6,6.34,6.32,6.72,4.56,5.74,5.54,5.16,6.19,3.98,5.4,4.96,5.5,5.78,5.32,6.52
CD6,8.59,8.53,8.69,8.77,9.07,8.99,8.9,8.76,8.64,8.64,8.67,8.47,8.64,7.8,8.8,8.81,8.94,9.24,9.2,9.08,8.84,8.7,8.88,8.88,8.79,8.86,8.81,8.51,8.88,8.99,7.34,6.7,8.68,8.59,8.65,9.12,9.35,9.2,8.51,8.66,8.86,9.11,9.29,7.43,8.63,8.86,8.59,8.56,8.99,6.91
CD63,10.07,9.84,10.03,9.93,9.78,9.89,10.05,9.8,10.1,9.9,9.66,10,10.25,8.67,9.7,9.86,9.86,9.86,9.96,9.77,9.96,9.77,9.82,9.7,9.83,9.99,10.01,9.72,10.16,10.06,7.54,7.68,9.62,9.59,9.39,9.64,9.9,9.72,10.03,10.1,10.08,10.03,10.13,8.28,10.08,10.43,10.05,10.05,10.11,7.41
CD63,10.56,10.43,10.7,10.66,10.61,10.67,10.77,10.57,10.58,10.62,10.38,10.58,10.81,8.97,10.4,10.57,10.54,10.54,10.66,10.57,10.66,10.55,10.46,10.57,10.59,10.67,10.7,10.54,10.61,10.65,7.48,9.04,10.3,10.23,10.13,10.47,10.48,10.49,10.77,10.81,10.85,10.73,10.72,8.64,10.73,10.84,10.72,10.67,10.75,8.29
CD68,4.67,4.63,4.98,4.47,4.89,4.94,4.75,5.07,4.68,4.77,4.59,4.38,4.76,5.08,4.73,4.94,4.63,4.94,4.76,4.81,4.67,4.56,4.55,4.61,4.64,4.84,4.74,4.61,4.82,6.96,6.31,4.78,4.79,4.7,4.64,4.63,4.89,4.63,5.53,5.06,4.83,4.6,5.14,5.49,4.78,4.29,4.53,4.87,4.72,4.48
CD68,5.8,5.81,6.1,6.04,5.88,6.03,6,6.25,6.1,5.93,6,5.9,5.99,6.23,6.01,5.96,5.64,6.08,5.89,5.88,5.91,6.25,5.82,6.15,6.23,6.04,5.88,5.89,5.73,5.65,5.14,5.37,5.9,5.81,5.88,5.99,6.33,5.79,6.19,6.24,6.14,6.12,5.8,6.04,6,5.98,6.34,5.94,6.01,6.5
CD69,3.58,3.63,3.86,3.72,3.57,3.9,4.13,3.51,3.54,3.56,3.58,3.78,3.9,3.63,3.58,3.58,3.85,3.61,3.8,3.58,3.74,3.68,3.71,3.6,3.52,3.77,3.32,3.65,3.8,3.81,4.26,3.75,3.53,3.6,3.6,3.75,4.05,3.48,3.47,3.49,3.42,3.73,3.79,3.61,3.51,3.62,3.52,3.39,3.58,4.42
CD69,3.6,3.66,3.38,3.44,3.61,4.27,4.41,3.34,3.52,3.62,3.51,3.56,3.85,4.51,3.76,3.7,3.46,3.77,3.58,3.34,3.48,3.54,3.61,3.44,3.49,3.37,3.81,3.56,3.47,5.03,7.21,4.11,3.68,3.55,3.41,3.42,3.71,3.56,4,3.71,3.41,3.48,3.74,4.23,3.58,3.84,3.56,3.63,3.55,5.64
CD69,3.23,3.59,3.24,3.66,3.37,3.27,3.5,3.33,3.43,3.33,3.29,3.52,3.41,4.15,3.29,3.46,3.41,3.6,3.52,3.3,3.29,3.46,3.51,3.53,3.29,3.23,3.42,3.49,3.34,3.61,3.99,4.63,3.41,3.43,3.41,3.92,3.25,3.35,3.65,3.43,3.37,3.34,3.35,3.9,3.31,3.43,3.24,3.24,3.4,3.8
CD7,5.21,5.3,5.01,5.28,5.34,5.09,5.35,5.3,5.24,5.14,5.26,5.17,5.23,5.14,5.17,5.17,5.4,5.71,5.46,5.72,5.77,5.46,5.33,4.99,5.29,5.17,5.28,5.15,5.51,4.78,5.74,5.21,5,5.66,5.38,5.33,5.23,5.6,5.03,5.41,5.31,5.54,5.54,5.31,4.86,5.36,5.46,5.36,5.37,5.79
CD7,5.39,6.17,5.6,5.9,5.85,5.97,6.05,5.58,5.72,5.61,5.72,5.69,5.56,5.93,5.54,5.85,5.35,6.02,5.61,5.86,5.56,5.84,5.72,5.51,5.76,5.81,5.73,5.58,5.79,5.91,5.38,5.65,5.67,5.54,5.69,5.5,5.94,5.46,5.55,5.58,5.55,5.88,6.33,6.75,5.72,5.95,5.55,5.89,5.79,7.27
CD7,4.18,4.35,4.42,4.65,3.87,4.04,3.84,4.5,4.21,4.26,4.11,4.44,4.16,4.09,4.25,3.75,4.09,4.06,4.51,4.58,4.65,4.34,4.16,4.25,4.08,4.19,3.94,4.69,4.29,4.38,5.28,4.14,4.02,4.46,4.31,4.39,3.92,4.32,4.6,4.52,4.38,5.1,4.48,4.7,4.49,3.86,4.39,4.59,4.7,5.66
CD70,12.99,12.95,13.08,12.97,12.98,12.97,12.92,12.97,12.94,12.98,12.88,13.11,13.14,12.86,13.1,13.1,13.14,13.07,13.12,12.99,13.08,12.99,12.96,13.13,13.11,13.15,13.02,12.95,12.99,13.32,12.72,12.79,13.2,13.24,13.19,13.22,13.24,13.23,12.95,12.92,12.94,12.94,12.86,12.61,12.91,12.9,12.88,13.09,13.06,12.48
CD70,10.29,10.07,9.93,9.96,9.07,9.43,9.71,10.07,10.08,10.43,9.52,10.32,10.45,8.13,10.1,10.16,9.95,9.79,9.78,10.19,10.21,10.43,9.72,10.02,10.2,10.28,9.92,10.4,9.56,7.51,5.14,8.52,9.7,9.96,9.75,10.19,9.82,10.08,8.51,9.8,9.62,9.68,9.47,6.25,9.42,9.01,9.54,9.9,9.76,6.86
CD72,3.67,3.57,3.28,3.42,3.47,3.41,3.79,3.72,3.44,3.54,3.47,3.38,3.51,3.17,3.43,3.52,3.18,3.52,3.48,3.66,3.42,3.7,3.58,3.7,3.42,3.27,3.41,3.49,3.45,3.76,4.02,3.56,3.3,3.31,3.24,3.49,3.43,3.58,3.48,3.44,3.58,3.44,4.05,3.75,3.45,3.5,3.52,3.33,3.45,3.65
CD72,4.35,3.97,4.09,4.16,4.3,4.22,5.37,4.18,4.13,4.56,4.13,4.04,3.97,4.17,4.22,4.04,3.94,4.46,3.98,4.31,4.33,3.94,4.33,4.15,4.35,4.42,4.39,4.14,4.63,4.52,4.25,7.44,3.94,4.16,4.43,4.02,3.92,4.16,4.32,4,4.15,3.96,3.94,5.05,4.27,4.11,4.08,4.11,4.02,4.33
CD74,11.33,11.03,11.39,11.49,11.51,11.67,11.67,11.26,11.77,11.34,11.22,11.43,11.54,10.9,11.18,11.1,11.25,11.58,11.5,11.3,11.53,11.51,11.52,11.4,11.61,11.56,11.38,11.27,11.31,12.08,11.39,11.38,11.23,11.21,11.25,11.44,11.47,11.36,11.7,11.47,11.65,11.44,11.57,10.96,11.3,11.46,11.31,11.46,11.58,10.86
CD74,11.73,11.66,11.66,11.81,11.62,11.85,11.76,11.5,11.79,11.69,11.45,11.75,11.88,11.33,11.64,11.56,11.62,11.81,11.78,11.66,11.85,11.7,11.89,11.71,11.68,11.83,11.67,11.57,11.61,11.94,11.11,11.23,11.51,11.55,11.6,11.54,11.6,11.6,11.67,11.69,11.83,11.56,11.84,11.26,11.49,11.55,11.48,11.76,11.9,10.89
CD74,12.09,11.8,12.13,12.14,11.95,12.01,12.04,11.97,12.24,12.13,11.78,12.17,12.11,11.63,11.97,11.97,12.06,12.23,12.2,12.13,12.15,12.22,12.16,12.22,12.1,12.22,11.99,12.03,11.76,12.16,11.62,12.06,12.01,11.94,12.07,11.97,12.05,12.11,12.11,12.02,12.09,11.88,12.14,11.66,11.85,11.86,11.81,12.05,12.08,11.74
CD74,11.47,11.05,11.41,11.51,10.91,11.11,11.12,11.14,11.59,11.4,10.66,11.41,11.62,9.49,11.19,11.24,11.25,11.65,11.53,11.54,11.65,11.46,11.13,11.29,11.31,11.65,11.26,11.35,10.81,10.66,8.41,7.66,11.49,11.3,11.19,11.1,11.22,11.41,11.35,11.06,11.28,10.91,11.22,8.6,10.96,10.98,10.89,11.32,11.1,8.56
CD74,12.32,12.05,12.39,12.43,12.24,12.4,12.49,12.23,12.48,12.41,12.08,12.37,12.33,11.74,12.34,12.26,12.25,12.53,12.47,12.35,12.41,12.43,12.34,12.45,12.45,12.51,12.28,12.22,12.1,12.46,11.41,11.85,12.31,12.21,12.36,12.2,12.33,12.45,12.44,12.29,12.43,12.19,12.36,10.78,12.11,12.14,12.1,12.34,12.22,11.81
CD79A,4.02,4.1,4.03,4.06,4.38,3.96,4.48,3.88,4.01,4,4.1,4.15,3.8,4.26,3.84,4.16,3.98,3.87,3.81,4.1,4,4.07,3.98,4,3.75,3.92,4.02,4.1,3.96,5.31,4.35,3.99,4.18,3.93,4.4,3.95,4.16,4.5,4.28,4.01,3.88,4.11,4.01,4.44,3.77,3.97,4.3,3.92,3.98,3.98
CD79A,4.27,3.98,3.92,4.25,4.32,4.09,4.41,4.11,3.91,3.9,4,4.21,3.93,4.83,4.31,3.72,3.96,3.83,4.08,3.82,4.33,4.11,4.1,3.83,4.11,3.89,4.23,4.02,4.33,5.39,5.31,5.08,4.2,3.84,4.08,4.22,3.85,4.03,4.21,4.45,3.79,3.85,4.18,4.63,3.92,4.41,3.81,4.05,3.84,4.16
CD79A,4.94,4.97,4.82,4.79,5.29,5.33,5.57,5.17,4.83,4.85,5.05,4.92,4.96,6.27,4.93,4.97,4.91,5.28,5.44,5.07,5.02,5.05,5.24,5.26,4.73,4.95,5.03,5.27,5.1,6.21,5.72,7.62,4.73,4.71,5.07,4.9,5.03,5,5.74,5.16,5.31,5.22,5.34,5.16,4.91,5.32,4.93,5.03,4.83,6.19
CD79B,4.73,5.08,4.69,4.7,4.89,4.93,4.9,4.62,4.7,4.68,4.88,4.89,4.68,6.65,4.55,4.66,4.7,4.77,4.89,4.64,4.85,4.83,4.61,4.88,4.8,4.9,4.81,4.54,4.6,5.26,5.19,6.03,4.89,4.83,4.7,4.69,5.25,4.76,5.31,4.89,5.48,4.71,5.12,5.92,4.56,4.77,4.69,5.08,4.89,5.55
CD79B,4.97,4.6,4.85,4.87,5.65,4.87,6.1,5.69,4.56,5.2,4.63,4.77,4.72,6.86,4.56,4.97,4.7,4.86,5.11,5.11,4.96,5.09,4.84,4.81,4.71,4.91,5.05,4.92,4.68,5.41,5.93,5.62,5.07,4.99,4.93,5.01,5.61,4.63,5.9,4.99,4.94,5.33,5.16,5.61,4.94,5.16,4.98,5.02,4.83,6.72
CD79B,4.97,4.96,4.91,5.2,5.14,5.49,5.63,5.38,4.92,4.95,5.23,5.24,4.84,5.74,4.94,5.13,5.02,5.05,4.81,5.27,5.28,5.02,5.03,5.24,4.94,5.07,5.05,5,5.22,6.82,8.03,5.72,5.01,4.96,4.86,5.06,4.68,4.91,5.22,5.84,5.24,5.3,5.56,6.27,5.32,5.51,5.6,5.08,5.03,6.49
CD80,8.11,7.75,8.1,8.19,7.83,7.81,6.84,7.57,8.07,8.16,7.99,8.29,7.95,6.1,8.79,8.76,8.74,7.99,7.9,8,8.38,8.62,8.24,8.8,8.79,8.82,7.95,8.29,7.92,6.56,8.53,7.16,8.92,9.02,9.12,8.86,8.5,8.66,7.16,8.12,8.13,8.3,8.08,7.86,8.31,7.79,8.21,8.22,8.01,6.85
CD80,8.57,8.37,8.76,8.7,8.42,8.48,8.62,8.97,8.48,8.8,8.55,8.85,8.72,8.79,9.25,9.54,9.24,8.66,8.75,8.68,9.12,9.01,8.68,9.32,9.41,9.36,8.86,8.58,8.35,7.94,7,7.17,9.4,9.49,9.58,9.27,9.32,9.34,8.05,8.92,8.69,8.97,8.78,7.41,9.11,9.12,9.32,8.84,8.95,8.68
CD80,6.44,5.99,6.49,6.51,5.85,6.07,6.1,6.04,6.24,6.65,5.83,6.68,6.25,6.68,6.88,7.12,6.76,6.18,6.28,6.36,6.49,6.83,6.44,6.79,6.73,6.83,6.42,6.51,5.68,6.62,6.1,5.76,7.05,6.88,7.15,6.7,6.82,6.67,5.41,6.29,6.12,6.28,6.15,7.35,6.34,5.72,5.88,6.52,6.18,5.77
CD80,8.19,7.78,8.33,8.15,8.18,7.85,8.17,8.39,8.09,8.27,8,8.29,8.12,6.68,8.95,8.78,8.8,8.04,8.11,8.32,8.7,8.54,8.11,8.86,8.71,8.81,8.13,8.09,7.88,7.4,5.46,7.59,8.74,8.86,8.97,8.78,8.73,8.83,7.7,8.29,8.11,8.48,8.46,6.33,8.49,8.41,8.65,8.44,8.3,6.82
CD80,8.12,7.62,7.93,7.92,7.91,7.92,8.01,8.12,8.07,8.08,7.77,8.18,7.92,6.52,8.63,8.49,8.55,7.83,8.04,8.14,8.39,8.3,8.16,8.59,8.53,8.68,8,7.97,7.7,6.67,5.98,5.3,8.64,8.73,8.71,8.48,8.36,8.68,7.17,7.83,7.99,8.14,7.89,5.64,8.37,8.3,8.3,8.18,7.97,5.96
CD81,10.67,10.62,10.82,10.79,10.61,10.72,10.32,10.76,10.7,10.67,10.7,10.72,10.66,9.77,10.61,10.55,10.63,10.74,10.8,10.62,10.59,10.52,10.64,10.59,10.64,10.54,10.76,10.66,10.84,10.56,9.43,10.65,10.58,10.66,10.62,10.57,10.65,10.7,10.43,10.79,10.69,10.74,10.77,9.03,10.36,10.46,10.52,10.71,10.79,9.41
CD82,10.94,10.65,10.81,10.63,10.24,10.52,10.54,10.74,10.73,10.73,10.36,10.95,10.96,10.33,11.33,11.44,11.28,10.36,10.47,10.39,11.4,11.4,11.23,11.45,11.49,11.59,10.7,10.75,10.59,10,10.55,9.88,11.41,11.43,11.35,11.35,11.27,11.53,10.76,10.9,10.98,11.02,11.07,10.3,11.13,11.16,11.21,10.83,10.84,10.09
CD82,10.95,10.76,10.77,10.74,10.43,10.51,10.7,10.88,10.79,10.79,10.32,10.99,11,10.54,11.34,11.42,11.34,10.3,10.46,10.55,11.51,11.45,11.24,11.5,11.52,11.51,10.69,10.73,10.58,10,10.03,9.75,11.44,11.44,11.44,11.33,11.2,11.47,10.68,10.9,10.96,11.01,11.12,10.56,11.15,11.28,11.24,10.87,10.81,10.48
CD83,9.96,9.7,9.93,9.82,9.79,10.04,9.79,9.88,9.89,9.87,9.66,9.82,9.93,8.84,9.94,9.96,9.98,9.66,9.68,9.54,10.38,10.29,10.12,10.1,10.08,10.19,9.87,9.92,9.77,9.86,6.29,9.33,10.47,10.43,10.36,10.03,10.16,10.07,9.61,9.81,9.96,10.12,10.25,8.54,10.19,10.06,10.04,9.83,10.02,8.35
CD84,5.02,4.59,4.33,4.75,4.75,5.08,4.95,5.04,4.78,4.54,4.98,4.77,4.73,7.09,4.81,4.58,4.64,4.86,4.6,4.62,4.61,4.91,4.71,4.21,4.73,4.54,4.46,4.69,4.63,4.64,4.83,5.13,4.66,4.6,5.27,4.38,4.66,4.67,4.68,4.52,4.16,4.72,4.47,6.99,4.4,4.72,5.56,4.56,4.53,5.75
CD84,4.01,3.84,3.76,3.54,3.82,3.8,3.73,3.48,3.71,3.66,3.89,3.86,3.78,3.9,3.49,3.69,3.93,3.74,3.71,3.57,3.78,3.87,3.73,3.94,3.77,3.46,3.99,3.79,3.96,4.04,4.83,4.11,3.91,4.18,3.75,3.61,3.54,3.74,4.11,3.52,3.79,3.74,4.03,3.78,3.81,3.65,3.86,3.44,3.67,4.9
CD84,4.07,4.12,4.12,4.01,3.91,4,4.1,4.05,4.07,3.91,4,4.12,4.03,4.16,4.13,4.13,4.06,3.94,3.73,4.07,3.92,3.95,4.23,3.6,3.9,3.81,3.76,3.99,3.95,4.59,5.74,4.04,4.31,3.97,4.17,3.88,4.05,3.83,4.22,3.93,3.96,4.15,3.85,3.54,3.73,4.03,3.88,3.88,3.86,4.06
CD84,4.9,4.95,5.11,5.19,5.33,5.18,4.44,5.92,5.16,5.2,5.71,5.25,5.09,7.35,5.71,5.67,5.38,5.05,5.61,5.67,4.84,5.31,5.13,5.54,5.99,5.22,5.39,5.39,5.5,4.44,6.38,6.97,5,4.97,5.35,5.69,5.01,5.27,4.52,5.59,5.13,5.12,5.12,7.91,5.11,6.1,5.73,5.06,5.2,9.17
CD86,9.4,9.25,9.33,9.36,9.34,9.32,9.14,9.11,9.57,9.37,9.07,9.52,9.49,7.66,9.96,9.8,9.77,9.58,9.61,9.39,9.83,9.93,9.98,9.96,10,9.98,9.14,9.34,9.28,8.72,6.11,8.01,10.26,10.24,10.25,10.13,10.16,10.06,9.64,9.33,9.32,9.84,9.88,7.83,9.99,9.96,10.01,9.51,9.32,8.28
CD86,7.7,7.62,7.86,7.85,7.82,7.65,7.38,7.67,7.84,7.98,7.89,7.94,8.07,6.14,8.41,8.22,8.14,8.31,8.38,8.19,8.34,8.39,8.15,8.46,8.38,8.53,7.94,7.65,7.45,6.36,6.74,6.06,8.65,8.59,8.47,8.58,8.35,8.7,6.45,7.82,7.82,8.43,8.32,6.63,8.34,8.26,8.44,8.04,7.79,6.94
CD86,10.19,9.95,10.11,10.11,9.72,9.93,9.89,10.13,10.21,10.17,10.11,10.37,10.26,9.34,10.8,10.74,10.59,10.4,10.3,10.48,10.56,10.7,10.7,10.82,10.84,10.79,9.93,10.19,10.04,9.45,7.98,8.22,11.09,11.14,11.15,10.88,10.7,10.89,9.73,10.1,10.14,10.78,10.55,10.02,10.57,10.65,10.86,10.19,10.05,8.12
CD86,8.87,8.81,8.75,8.88,8.85,8.86,8.68,8.76,9.03,9,8.91,9.26,9.11,7.1,9.55,9.39,9.38,9.02,9.22,9.22,9.52,9.47,9.42,9.58,9.44,9.57,8.92,8.7,8.68,8.56,8.1,6.91,9.73,9.84,9.9,9.7,9.42,9.73,9.18,8.81,8.86,9.25,9.18,8.1,9.32,9.38,9.52,8.93,8.86,6.93
CD86,7.11,6.64,7.18,7.17,6.55,6.79,5.96,7.1,7.17,7.17,6.7,7.23,7.13,6.45,7.73,7.41,7.73,7.6,7.61,7.64,7.68,7.5,7.14,7.72,7.72,7.92,6.99,7.11,6.41,5.5,4.33,6.22,8.01,8.03,7.83,7.93,7.73,8.01,5.99,6.87,7.43,7.65,7.17,5.79,7.6,7.78,7.54,7.2,6.98,5.9
CD8A,4,3.86,4.08,3.9,3.84,3.97,4.1,4.04,3.87,3.8,4,4.07,3.89,4.51,3.95,3.72,4.18,4.14,3.77,3.9,3.84,4.04,4.08,3.94,3.66,3.71,3.91,3.93,4.04,3.87,4.55,4.6,3.98,3.95,3.97,3.86,4.28,3.79,3.78,3.91,3.66,3.93,3.87,4.26,4.02,3.86,4.02,3.88,4.01,4.69
CD8A,3.92,3.98,4,3.85,4.15,4.59,4.43,3.93,3.96,3.89,3.8,3.79,3.99,5.15,3.78,3.98,3.7,4.1,4.09,4,3.97,3.97,4.01,4.14,4.24,3.9,4,3.75,3.95,4.17,5.74,4.14,3.85,3.66,3.94,3.92,3.99,3.82,4.44,3.75,4.13,3.96,4.22,4.98,4.12,4,5.1,3.94,4.22,5.53
CD8B,3.38,3.52,3.73,3.27,3.76,3.5,3.62,3.43,3.37,3.69,3.73,3.47,3.76,3.41,3.41,3.53,3.45,3.5,3.64,3.41,3.53,3.52,3.57,3.46,3.52,3.31,3.16,3.52,3.25,3.89,3.83,3.88,3.46,3.47,3.38,3.48,3.51,3.43,3.62,3.4,3.43,3.9,3.41,4.51,3.29,3.33,3.55,3.5,3.72,3.57
CD8B,4.19,4.21,3.94,4.39,4.78,4.24,4.39,4.06,4.07,4.11,4.6,4.06,4.17,5.05,4.13,4.19,4.43,4.4,4.36,4.39,4.2,4.14,4.15,4.52,4.08,4.3,4.27,4.27,4.16,5.04,5.62,5.88,4.02,3.91,4.38,4.56,4.77,4.15,5.04,4.48,4.78,4.27,4.72,5.53,4.2,3.94,4.46,4.28,3.96,5.56
CD8B,3.63,3.59,3.85,3.57,3.56,3.67,3.92,3.36,3.67,3.67,3.84,3.66,3.61,4.69,3.67,3.76,3.5,3.94,3.91,3.52,3.62,3.62,3.67,3.32,3.46,3.59,3.71,3.61,3.57,4.11,5.47,5.12,3.39,3.64,3.59,3.59,3.39,3.68,4.43,4.03,3.47,3.81,4.05,4.26,3.8,3.73,3.91,3.78,3.58,4.05
CD9,8.59,8.62,8.28,8.22,8.86,8.57,8.61,8.39,8.54,8.53,8.35,8.3,8.53,5.47,8.68,8.9,9.25,8.38,8.51,8.27,10.13,9.8,9.7,8.81,8.88,9.2,8.61,8.76,8.98,8.46,7.21,8.41,8.8,8.66,8.42,8.9,9.08,8.94,7.52,7.98,8,8.66,8.62,7.29,9.06,8.97,9.17,8.59,8.83,6.42
CD9,9.75,9.76,9.43,9.48,9.97,9.61,9,9.44,9.73,9.71,9.67,9.61,9.57,8.04,10.05,9.99,10.4,9.46,9.52,9.56,11.13,10.99,10.97,10.22,10.3,10.24,9.8,9.97,10.16,9.14,6.1,7.25,9.79,9.76,9.58,10.27,10.19,10.34,8.54,9.09,9.15,9.76,9.43,8.57,10.16,10,10.55,9.76,9.88,6.91
CD9,9.79,9.84,9.56,9.61,10.13,9.86,9.38,9.64,9.67,9.8,9.62,9.57,9.65,6.2,10.06,10.12,10.54,9.69,9.62,9.59,11.37,11.08,10.91,10.27,10.32,10.43,9.94,10.04,10.27,9.7,6.08,6.95,10.07,9.92,9.72,10.34,10.39,10.5,8.85,9.38,9.22,9.98,9.67,7.45,10.35,10.17,10.48,9.78,9.96,7.25
CD9,8.08,7.83,7.72,7.88,7.86,7.9,6.85,7.98,7.96,8.04,7.58,7.84,7.78,6.81,8.27,8.39,8.72,7.84,7.96,7.98,9.53,9.28,8.89,8.56,8.36,8.5,8.11,8.45,8.27,6.17,6.96,5.98,8.2,8.22,8.1,8.55,8.43,8.71,7.16,7.44,7.44,8.03,7.96,5.09,8.66,8.49,8.81,8.02,7.97,7.15
CD9,5.2,5.66,5.04,5.28,5.44,4.98,5.51,4.97,5.06,5.27,5.32,5.46,5.74,6.06,4.95,5.27,4.93,5.16,5,4.92,5.57,5.84,5.4,4.86,5.24,5.24,5.21,5.12,5.39,6.33,5.07,6.14,5.47,4.99,5.15,4.92,5.1,4.96,5.5,4.95,4.95,5.17,5.2,5.2,5.02,5.39,5.27,5.02,4.97,5.41
CD9,4.26,3.95,3.94,4.49,4.69,4.82,4.43,4.14,4.08,4,4.4,4.06,4.09,6.01,4.06,4.27,4.26,4.43,4.59,4.42,4.13,4.5,4.06,4.5,4.55,4.35,4.34,4.18,4.16,5.83,5.35,5.37,4.13,4.09,4.27,4.31,4.87,4.37,5.12,3.75,4.33,4.75,4.5,6.04,4.84,4.28,4.4,4.17,4.08,5.28
CD9,4.52,4.65,4.65,4.46,4.8,4.54,5.23,4.33,4.23,4.5,4.66,4.82,4.7,5.89,4.61,5.36,4.8,4.58,4.17,4.48,5.07,5.03,4.79,4.91,4.34,4.37,4.52,4.65,4.6,4.6,5.67,4.72,4.71,4.55,4.31,4.68,4.55,4.37,4.34,4.3,4.43,4.69,4.92,4.33,4.39,4.69,4.59,4.2,4.57,5.6
CD9,8.59,8.48,8.39,8.46,7.93,8.33,8.71,8.54,8.52,8.62,7.98,8.44,8.51,7.18,9.03,8.91,9.26,8.39,8.47,8.7,10.09,9.78,9.68,9.19,9.2,9.16,8.68,8.94,8.75,7.17,7.8,7.51,8.83,8.73,8.72,9.23,9.04,9.28,7.85,8.14,7.92,8.39,8.24,7.26,9.14,8.77,9.3,8.67,8.63,6.61
CD9,8.58,8.52,8.3,8.38,8.29,8.54,8.58,8.52,8.54,8.63,8.09,8.41,8.37,4.72,9.05,8.85,9.32,8.42,8.45,8.54,10.14,9.83,9.54,9.29,9.15,9.29,8.78,8.97,8.88,6.46,6.51,6.1,8.89,8.69,8.52,9.15,9,9.33,7.5,8.23,8.04,8.57,8.47,5.86,9.38,8.91,9.4,8.64,8.55,7.21
CD93,3.53,3.6,3.65,3.69,4.09,3.67,4.4,4.04,3.54,3.87,3.7,3.74,3.7,4.09,3.8,3.97,3.62,3.69,3.65,3.85,3.65,3.68,3.59,3.5,3.59,3.53,3.65,3.76,3.63,4.38,4.71,4.58,3.48,3.63,3.68,3.48,4.02,3.57,3.71,4.11,3.53,3.72,3.94,3.98,3.88,3.68,3.84,3.76,3.59,4.11
CD93,3.8,4,3.62,4,3.79,3.97,4.15,3.68,3.91,3.89,4.07,3.97,4.01,4.6,3.99,3.79,3.75,3.87,3.81,3.67,3.82,3.92,3.86,3.56,3.59,3.86,3.88,3.92,4.08,5.42,4.86,4.48,3.8,3.83,3.78,3.62,4.08,3.72,4.47,3.78,3.95,3.88,3.87,4.93,3.74,3.74,3.67,3.67,3.7,4.15
CD93,3.76,4.33,4,3.9,3.82,3.84,4.04,3.79,4.01,3.79,4.24,4.08,3.83,5.25,3.94,4.1,4.18,3.91,3.99,4.07,4.37,4.07,4.02,4.15,4.24,4.1,4.06,3.94,4.14,5.24,4.91,4.81,3.87,4.2,3.85,3.84,3.8,3.96,4.99,4.26,3.93,4.4,3.68,4.36,3.86,3.57,3.59,4.14,3.77,4.92
CD93,4.51,4.39,4.5,4.6,5.01,4.67,4.32,4.15,4.47,4.66,4.51,4.59,4.26,5.07,4.6,4.74,4.33,4.45,4.44,4.28,4.39,4.51,4.34,4.41,4.29,4.41,4.44,4.55,4.49,4.7,5.63,4.78,4.51,4.55,4.37,4.56,4.22,4.58,4.7,4.32,4.47,4.75,4.48,5.2,4.06,4.63,4.26,4.31,4.5,6.31
CD93,4.65,4.72,4.42,4.85,4.55,5.32,4.69,5.23,4.85,4.65,4.98,4.84,4.72,6.38,4.9,4.84,4.46,5.01,4.88,4.73,4.75,4.74,4.95,4.44,5.2,4.61,4.43,4.75,4.55,5.85,6.95,6.18,4.25,4.79,5.27,4.68,4.17,5.04,5.13,4.58,4.74,4.3,4.81,6.85,4.38,4.78,4.25,4.84,4.32,7.21
CD96,4.64,4.87,5.01,5.16,4.92,5.32,4.61,4.45,4.95,5.02,4.93,4.98,4.66,5.57,5.21,4.69,5.01,5.17,5.06,5.19,5.13,5.17,5.15,5.16,5.19,4.96,5.14,5.03,5.06,4.97,5,6.54,4.79,4.79,4.85,5.85,5.44,5.62,6.32,4.9,5.03,5.72,5.43,6.08,5.56,5.49,5.37,4.84,4.95,5.19
CD96,5.78,5.4,6.05,5.9,5.34,5.93,5.91,6.14,5.86,5.93,5.44,5.57,5.53,6.05,5.81,6.12,5.98,6.18,6.23,6.33,5.98,6.08,5.64,6.04,6.19,5.99,5.86,6,5.84,5.33,6.89,5,5.7,5.93,5.92,6.36,6.7,6.41,5.67,5.7,5.76,6.47,6.38,5.5,6.53,6.29,6.35,6.01,5.74,6.49
CD96,4.63,4.83,5.01,4.4,4.66,4.82,4.94,5.04,4.86,4.88,4.72,4.65,4.57,4.35,5.14,4.9,4.77,5.09,4.61,5.37,4.83,4.61,4.87,4.57,4.6,4.83,4.47,4.62,4.72,5.33,4.61,4.92,4.62,4.59,4.79,4.76,4.84,4.92,5.2,4.22,5.02,4.97,4.57,4.66,5.2,4.55,4.75,4.34,4.82,4.68
CD97,10.43,10.34,10.36,10.43,10.51,10.54,10.29,10.27,10.45,10.27,10.26,10.55,10.56,8.94,10.91,10.7,10.78,10.04,10.01,10,10.95,11.05,11.14,11.03,10.96,11.03,10.36,10.25,10.48,10.46,7.36,8.97,11.35,11.29,11.31,11.03,11.02,11.04,10.49,10.42,10.44,10.79,10.77,9.7,10.55,10.62,10.47,10.24,10.38,9.02
CD97,9.86,9.83,9.87,9.83,9.98,9.84,9.99,10.29,9.69,9.93,9.78,10.07,10.05,9.33,10.46,10.48,10.25,9.55,9.53,9.47,10.58,10.71,10.57,10.57,10.57,10.5,9.84,9.8,9.89,9.19,7.73,7.92,10.83,10.93,10.86,10.55,10.52,10.54,10.2,9.94,9.9,10.51,10.4,8.22,10.04,9.96,10.19,9.74,9.9,8.11
CD99,8.84,8.91,9.06,8.92,8.92,9.03,9.03,9.07,8.75,8.94,9.1,8.94,8.89,7.38,8.42,8.44,8.58,8.92,8.93,8.97,8.78,8.73,8.86,8.86,8.91,8.84,8.92,8.84,8.87,9.11,8.01,8.6,8.17,8.26,8.26,8.64,8.73,8.63,8.93,9.16,9.07,9.72,9.88,8.16,8.58,8.68,8.64,9.2,9.18,7.86
CD99,7.84,7.55,8.08,8.1,7.63,7.9,7.68,8.23,7.8,7.92,7.55,7.86,7.68,7.98,7.47,7.67,7.53,8.14,8.08,8.02,7.98,7.65,7.44,8.15,8.17,8.1,8.21,7.98,7.45,7.04,5.79,5.71,7.27,7.47,7.25,7.69,7.67,7.85,8.1,8.01,8.05,8.51,8.33,7.55,7.55,7.19,7.89,8.27,7.96,7.34
CD99,7.34,6.92,7.42,7.18,7.11,7.18,7.15,7.54,7.13,7.27,7.12,7.2,7.07,6.43,6.76,7.18,6.9,7.41,7.43,7.33,7.23,7.24,6.79,7.53,7.33,7.43,7.4,7.37,7.06,7.67,5.99,7.24,7.1,6.92,6.57,6.96,7.28,7.23,7.19,7.58,7.32,8.07,7.68,7.34,7.31,7.06,7.1,7.46,7.19,6.5
CD99L2,4,4.21,3.82,4.11,3.88,3.87,4.15,4,4.17,4.05,3.78,4.1,3.95,5.19,4,4.09,3.94,4.07,3.76,3.87,4.06,4.14,3.81,3.96,3.6,4.07,3.92,4.25,4.01,4.82,6.1,4.08,4.46,4.09,4.3,3.69,3.94,3.97,3.99,3.81,4.24,4.01,3.84,3.84,4.46,3.68,3.89,3.86,3.88,3.98
CD99L2,9.94,10.07,10.28,10.09,10.4,10.37,9.94,10.25,10.01,10.14,10.49,10.13,9.85,10.81,10.28,9.99,10.11,10.04,9.98,9.96,10.12,10.23,10.29,10.35,10.32,10.04,10.2,10.22,10.23,10.06,10.62,11.25,9.81,9.91,10.06,10.42,10.14,10.27,10.03,10.5,10.17,10.46,10.46,11.12,10.34,10.26,10.42,10.2,10.11,10.98
CD99L2,9.05,9.12,9.11,9.08,9.35,9.35,8.32,9.25,9.11,9.2,9.63,9.13,8.95,9.23,9.18,8.99,9.15,9.08,9.13,8.93,9.09,9.22,9.41,9.32,9.31,9.01,9.15,9.13,9.23,7.76,8.66,9.44,8.58,8.73,8.77,9.27,9.01,9.28,8.93,9.32,9.35,9.41,9.49,9.22,9.28,9.15,9.35,9.19,9.29,8.9
CD99L2,4.98,4.67,4.96,4.59,4.25,4.77,4.58,4.52,4.58,4.71,4.35,4.66,4.85,4.58,4.51,4.1,4.42,4.67,4.01,4.84,4.54,4.59,4.36,4.65,4.43,4.64,4.47,4.37,4.52,4.57,5.18,4.62,4.84,4.73,4.94,4.72,4.44,4.5,5.45,4.79,4.28,4,4.42,4.49,4.42,4.33,4.26,4.43,4.31,4.37
CD99L2,4.63,4.66,4.64,4.67,4.39,4.8,4.69,4.37,4.74,4.7,4.49,4.78,4.85,4.77,4.96,4.94,4.85,4.91,5.11,4.86,4.86,4.81,4.79,4.64,4.68,5.06,4.78,4.73,5.07,4.93,4.87,4.83,4.46,5.15,4.91,4.67,4.34,4.85,4.82,4.61,4.47,4.56,4.74,5.68,4.59,4.52,4.89,4.8,4.81,4.95
CD99L2,5.42,4.73,4.86,5.08,5.28,4.65,4.69,4.96,5.01,5.24,4.69,5.53,5.16,4.95,5.22,5.14,4.91,5.17,5.08,5.21,5.1,5.42,4.87,5.51,4.95,5.21,4.95,5.4,4.93,4.82,5.29,5.25,5.4,4.96,4.99,5.11,4.82,4.96,4.87,5,5.12,4.88,5.59,5.5,5.24,4.8,5.19,5.54,5.11,5.17
CD99L2,7.58,7.25,7.82,7.46,7.92,7.64,7.05,7.37,7.51,7.47,7.39,7.51,7.36,7.29,7.5,7.33,7.69,7.69,7.34,7.37,7.57,7.44,7.61,7.52,7.37,7.45,7.65,7.4,7.47,6.71,6.77,6.81,7.15,7.35,7.32,7.72,7.34,7.49,7.63,8.09,7.57,7.76,8.01,5.22,7.62,8.12,8.03,7.49,7.72,4.9
CDA,3.77,3.68,3.84,3.95,3.72,3.9,4.13,4.06,3.82,3.56,3.96,3.83,3.79,3.65,3.82,3.98,3.95,3.55,3.75,3.85,3.88,3.94,3.8,4.07,3.97,3.92,3.63,4.09,3.97,4.73,4.45,4.44,3.91,3.64,4.04,3.9,3.84,4.31,4.55,3.81,3.67,4.15,3.54,3.93,3.9,3.87,3.69,4.13,3.63,4.39
CDA,3.56,3.59,3.75,3.69,3.97,3.34,5.43,4.09,3.46,3.51,3.66,3.61,3.49,4.72,3.4,3.57,3.47,3.56,3.51,3.69,3.59,3.72,3.64,3.63,3.8,3.82,3.52,3.68,3.84,4,5.47,4.43,3.63,3.81,3.66,3.69,3.69,3.52,3.7,3.58,3.51,3.46,3.55,4.87,3.8,3.83,3.75,3.64,3.46,4.16
CDADC1,4.45,4.35,4.41,4.45,4.1,4.15,4.58,4.2,4.24,4.14,4.29,4.08,4.28,5.88,4.35,4.44,4.38,4.32,4.35,4.29,4.77,4.48,4.06,4.35,4.35,4.48,4.42,4.33,4.52,4.84,4.73,6.02,4.44,4.44,4.07,4.44,4.23,4.15,4.7,4.29,4.01,4.44,4.29,5.57,4.23,4,4.21,4.46,4.15,5.05
CDADC1,5.89,5.42,5.82,5.49,5.52,5.91,6.55,5.55,5.44,5.9,5.14,5.4,5.56,4.22,5.87,6.06,6.17,5.62,5.81,5.73,5.77,5.68,5.25,5.97,6.03,6.33,5.94,5.48,5.74,5.61,6.96,5.33,6.85,6.58,6.46,6.08,6.09,6.19,4.7,5.82,5.6,4.96,5.47,5.86,5.65,5.98,5.51,5.49,5.76,4.14
CDADC1,4.35,4.36,4.52,4.39,3.8,4.24,4.02,4.11,4.59,4.4,4.48,4.7,4.46,5.01,4.24,4.11,4.25,4.35,4.37,4.16,4.79,4.67,4.32,4.26,4.12,4.68,4.3,4.7,4.37,4.15,4.02,3.87,4.48,4.38,4.19,4.47,4.15,4.44,4.26,4.17,4.57,4.31,4.15,4.2,4.41,4.26,4.13,4.66,4.44,4.22
CDADC1,5.87,5.23,5.52,5.62,5.39,5.61,5.37,5.45,5.56,5.61,5.39,5.53,5.39,3.81,6.05,6.03,5.94,5.47,5.5,5.38,5.67,5.57,5.35,5.84,5.8,5.85,5.6,5.4,5.46,4.91,3.92,5.03,6.13,6.3,6.54,6.26,5.93,6.1,5.06,5.67,5.35,4.85,5.17,3.8,5.55,5.48,5.5,5.69,5.79,4.27
CDADC1,8.39,8.49,8.53,8.56,8.66,8.77,8.1,8.63,8.65,8.55,8.66,8.7,8.47,7.75,9.24,9,9.09,8.56,8.52,8.52,8.46,8.55,8.72,9.15,9.09,8.99,8.49,8.57,8.5,8.32,5.75,7.43,9.46,9.64,9.62,9.23,9.11,9.12,8.02,8.64,8.45,8.14,8.23,7.61,8.31,8.3,8.36,8.52,8.58,7.56
CDAN1,6.77,7.22,7.1,7.11,6.84,7.36,6.89,6.91,7.12,7.18,7.52,7.05,6.92,6.08,7.32,7.19,7.29,7.21,7.08,7.03,6.96,6.78,7.26,7.18,7.18,7.15,7.1,7.04,7.31,7.41,7.71,7.16,7.03,7.3,7.38,7.27,7.01,6.99,6.78,7.15,7.23,7.04,7.11,6.82,6.68,6.87,6.76,7.28,7.29,6.93
CDC123,10,10.01,9.92,9.92,9.79,9.68,9.77,9.74,10.07,9.95,9.68,9.89,10.03,8.66,9.71,9.82,9.85,10.03,10.06,9.96,9.8,9.59,9.69,9.69,9.59,9.77,9.91,9.82,9.92,9.21,5.92,8.82,9.72,9.68,9.52,9.75,9.68,9.83,9.83,9.88,9.91,9.57,9.51,6.86,9.96,9.89,9.89,9.94,10.14,7.39
CDC14A,4.51,5.33,4.98,4.37,4.46,4.2,3.84,4.57,5,4.64,4.84,4.79,5.04,4.7,5.07,4.47,5.17,4.84,5,4.32,4.74,4.52,5.44,4.53,4.52,4.91,4.63,4.34,4.54,4.95,6.98,4.46,5.29,5.64,5.14,4.63,5.12,4.76,4.7,4.94,4.48,4.69,4.57,4.45,4.66,4.77,4.66,4.89,5.21,5.68
CDC14A,6.19,5.46,5.52,5.51,5.27,5.39,5.27,5.47,5.73,5.66,4.93,5.6,5.89,5.47,5.69,5.6,5.58,5.05,5.32,5.41,5.83,5.56,5.54,6.17,5.8,5.91,5.53,5.87,5.34,5.22,5.16,6.11,6.07,6.46,6.24,5.33,5.51,5.74,5.02,5.67,5.5,5.13,5.08,5.26,5.71,5.48,5.74,5.75,5.57,5.15
CDC14A,5.38,4.86,5.49,5.36,4.49,5.67,5.65,5.19,5.19,5.12,4.75,5.11,5.04,5.02,5.44,5.18,5.41,5.23,5.54,5.33,5.95,5.04,5.04,5.57,5.48,5.73,5.43,4.98,5.12,5.38,6.61,4.65,5.67,5.81,5.84,5.38,5.24,5.61,5.79,5.4,5.64,5.41,5.43,4.58,5.42,5.55,5.68,5.42,4.84,4.9
CDC14A,7.62,8.02,7.27,7.33,7.01,7.49,6.86,7.29,7.5,7.68,8.24,7.6,7.39,7.66,7.34,7.34,7.15,6.81,7.17,6.86,7.5,7.89,8.23,7.48,7.62,7.23,7.35,7.4,7.46,6.78,5.75,5.91,7.09,7.58,7.18,7.16,7.17,6.94,6.68,7.53,7.47,8.4,7.82,7.91,7.19,7.4,7.48,7.39,7.57,6.6
CDC14B,7.52,7.04,7.42,7.2,7.12,6.92,6.14,7.5,7.31,7.36,7.09,7.08,7.11,5.99,7.07,7.11,7.07,7.26,7.53,7.41,7.19,7.13,6.85,7.28,7.18,7.35,7.13,7.2,7.12,7.27,6.16,5.91,7.26,7.22,7.07,7.13,6.77,7.26,7.19,7.2,6.74,7.76,7.15,7.31,7.23,7.13,7.02,7.25,7.26,6.84
CDC14B,8.89,9.15,8.85,8.89,8.84,8.85,8.31,8.77,9.04,8.95,9.09,8.87,8.95,7.01,8.64,8.6,8.74,9.01,8.88,9.02,8.96,8.98,9.1,8.87,8.9,8.89,8.83,8.96,8.97,8.91,6.97,7.41,8.56,8.69,8.71,8.69,8.65,8.62,8.64,9,8.86,9.34,9.37,8.33,8.79,8.84,8.93,9.04,8.9,7.86
CDC14B,8.21,8.03,8.01,7.68,7.76,8.34,7.94,7.93,8.18,8.13,8.43,7.52,7.14,7.78,8.2,8.29,8.33,8.21,8.44,8.51,8.13,8.21,8.39,8.49,8.17,8.11,8.12,8.11,8.14,6.79,7.37,5.41,8.06,7.74,8.11,8.37,7.65,7.54,7.63,8.13,8.32,8.99,8.72,7.93,8.14,8.37,8.33,7.78,7.54,6.44
CDC14B,7.22,6.26,7.02,6.62,6.21,6.43,6.81,6.79,6.79,7.12,6.16,6.34,6.05,6.54,6.86,6.94,7.12,7.15,7.17,7.64,7.08,6.46,6.21,7.12,7,7.23,6.71,6.75,6.11,4.94,6.54,5.99,7.42,7.02,7.22,6.46,5.81,6.49,5.82,6.66,6.75,6.73,6.55,4.62,7.07,6.59,6.55,6.52,6.16,4.71
CDC14B,5.85,5.23,5.46,5.44,5.13,5.56,5.58,5.54,5.58,5.55,5.52,5.22,5.54,5.73,5.48,5.84,5.79,5.97,5.94,6.25,5.82,5.66,5.35,6.12,5.78,5.7,5.87,5.44,5.4,5.84,5.82,5.33,5.72,5.99,5.98,5.61,5.69,5.95,5.98,5.58,5.47,5.57,5.48,5.09,5.94,5.21,5.98,5.48,5.47,4.4
CDC14B /// CDC14C,4.52,3.94,4.06,4.41,4.08,4.53,4.31,4.01,4.48,4.44,4.04,4.07,4.14,4.11,4.38,3.99,4.36,4.4,4.6,4.77,4.09,4.04,3.98,4.56,4.22,4.28,4.32,4.11,3.61,4.32,5,4.62,4.3,4.3,4.35,4.16,4.15,4.12,3.47,4.44,4.19,4.21,4.77,4.17,4.25,4.15,3.95,4.04,4.57,3.72
CDC16,8.94,8.88,8.82,8.86,8.49,8.52,8.29,8.69,9.12,9,8.84,8.96,9.03,7.32,8.82,8.55,8.82,8.88,8.88,9.06,8.77,8.72,8.95,8.84,8.74,8.67,8.79,8.96,8.71,8.3,6.3,7.69,8.47,8.57,8.51,8.61,8.4,8.74,8.37,8.77,8.73,8.75,8.72,7.86,8.84,8.69,8.92,8.88,8.8,6.82
CDC16,9.86,9.75,9.81,9.9,9.55,9.49,9.56,9.71,9.8,9.93,9.75,9.82,9.92,8.51,9.66,9.62,9.81,9.87,9.91,10,9.79,9.76,9.75,9.81,9.71,9.77,9.87,9.83,9.63,9.64,8.23,8.27,9.53,9.6,9.37,9.66,9.61,9.74,9.6,9.88,9.89,9.71,9.7,7.45,9.85,9.72,9.94,9.89,9.88,8.01
CDC16,9.89,9.5,9.68,9.65,9.16,9.29,9.62,9.82,9.88,9.8,9.06,9.74,9.62,7.64,9.67,9.67,9.72,9.89,9.75,9.97,9.68,9.72,9.31,9.65,9.64,9.7,9.59,9.78,9.24,8.46,5.34,8.05,9.55,9.39,9.55,9.54,9.38,9.45,8.83,9.66,9.61,9.46,9.44,7.63,9.74,9.58,9.91,9.53,9.41,6.38
CDC16,8.44,7.86,7.98,8.27,6.85,7.24,7.1,7.62,8.39,8.35,7.07,8.29,8.19,7.12,8.12,8.03,8.2,8.15,8.07,8.51,8.05,7.97,7.4,8.11,8,8,7.99,8.26,7.37,7.2,6.29,6.33,7.62,7.89,8.06,7.83,7.41,7.81,6.18,8.06,7.9,7.33,7.11,5.48,8.05,7.24,8.1,8.15,7.82,6.72
CDC16,10,10.02,10.1,10.03,9.93,9.95,9.77,9.95,10.03,10.13,10.18,9.98,10.03,9.01,9.92,9.8,9.92,10.06,10.14,10.11,9.99,10.02,10.12,9.94,9.89,9.96,10.02,10.04,10,8.92,7.56,8.76,9.79,9.65,9.75,9.85,9.64,9.83,9.98,10.12,10.12,10.09,10.09,8.9,10.24,10.08,10.1,10,10.02,9.08
CDC16,6.65,6.33,6.2,6.38,6.58,6.38,6.56,6.75,6.33,6.19,6.37,6.04,5.99,5.12,6.62,6.5,6.82,7,6.17,6.92,6.44,6.51,6.38,6.72,6.46,6.51,5.96,6.46,6.29,6.28,6.23,5.23,6.19,5.93,6.4,6.61,6.62,6.13,5.02,6.63,6.67,6.93,6.28,6.83,6.56,6.52,7.04,5.91,5.59,7.63
CDC2,10.61,10.73,10.63,10.64,10.66,10.58,10.51,10.44,10.68,10.67,10.76,10.5,10.36,9.99,10.62,10.59,10.58,10.61,10.53,10.6,9.5,9.67,9.71,9.9,9.8,9.94,10.65,10.56,10.73,10.63,9.11,10,11.24,11.31,11.27,10.63,10.46,10.64,10.31,10.41,10.21,10.32,10.36,10.51,10.1,10,10.2,10.19,10.46,8.78
CDC2,9.26,9.3,9.04,9.15,8.66,8.62,8.77,8.69,9.48,9.35,8.99,8.99,9.18,7.55,8.84,8.66,8.91,8.94,8.87,9.12,7.85,7.69,7.4,7.85,7.84,8.02,8.96,9.14,9.02,8.95,7.11,6.93,9.79,9.71,9.65,8.47,8.42,8.79,8.28,8.36,8.24,8.39,8.42,6.93,8.38,8.04,8.16,8.59,8.8,6.48
CDC2,4.73,4.74,4.41,4.99,4.73,4.4,4.27,4.22,4.68,4.98,4.73,4.7,4.48,5.41,4.76,4.62,4.57,4.33,4.41,4.71,4.1,4.19,4.06,3.94,4.13,4.07,4.87,4.7,4.35,5.28,4.71,4.84,5.11,5.45,5.34,4.37,4.14,4.78,4.22,4.3,4.42,4.23,4.45,5.6,4.43,3.93,4.8,4.41,4.65,4.81
CDC20,10.23,10.18,10.34,10.17,10.4,10.48,10.51,10.43,10.15,10.16,10.25,9.96,9.92,8.22,9.62,9.6,9.48,10.6,10.52,10.5,8.73,8.48,8.66,8.57,8.61,8.56,10.36,10.16,10.3,9.61,8.24,9.44,10.41,10.44,10.43,9.76,9.86,9.79,10.86,10.82,10.81,9.86,9.97,8.25,9.42,9.43,9.41,10.59,10.61,8.54
CDC20,8.13,7.93,8.08,8.03,7.59,7.94,7.7,8.35,8.05,8.18,7.72,7.9,7.94,7.34,7.61,7.43,7.36,8.41,8.31,8.51,6.7,6.29,6.4,6.75,6.61,6.66,8.01,8.13,7.97,5.72,6.12,6.27,8.27,8.17,8.41,7.64,7.41,7.66,7.82,8.56,8.41,7.32,7.4,6.9,7.31,6.85,7.21,8.38,8.4,7.33
CDC20,4.25,4.38,4.26,4.51,4.91,4.08,3.9,4.7,4.74,4.19,4.44,4.44,4.45,5.19,4.24,4.31,4.37,4.61,4.02,4.11,4.3,4.3,4.16,4.33,4.57,3.98,4.21,4.77,4.21,3.68,5.12,5.17,4.2,4.31,4.43,4.24,4.21,4.31,3.92,3.85,3.8,3.75,3.94,6.12,4.1,4.25,4.51,4.06,4.39,5.23
CDC20B,4.42,4.24,4.82,4.59,3.99,4.26,3.57,4.88,4.56,4.68,4.39,4.6,4.47,4.54,4.4,4.43,4.57,4.5,4.06,4.48,4.67,4.77,4.81,4.44,4.83,4.38,4.17,4.69,3.94,3.94,6.83,5.62,4.63,5.14,4.76,4.72,4.05,4.13,3.85,4.67,4.21,5.39,4.32,5.51,5.15,4.61,5.19,4.5,4.62,4.92
CDC20B,4.15,4.02,4,3.83,4.14,3.85,4.02,4.11,4.02,4.16,4.13,3.99,4,4.34,4.3,4.51,4.02,3.98,3.56,4.55,4.66,4.76,4.06,4.4,4.11,4.29,4.24,3.95,4.53,3.85,4.87,4.71,4.26,4.48,4.51,4.02,4.16,4.1,3.72,3.98,4.7,4.2,3.95,4.27,3.94,4.43,4.37,4.05,3.97,5.07
CDC20B,5.54,5.44,5.24,5.26,4.62,5.5,4.3,5.37,5.33,5.09,5.7,5.31,5.13,5.34,5.4,5.08,5.06,5.3,4.94,4.93,5.45,5.73,6.02,5.81,5.73,5.56,4.84,5.03,4.97,3.9,5.09,5.94,5.63,6.13,5.97,5.61,4.61,5.12,4.4,5.9,5.53,6.09,5.65,5.51,6.27,6.28,6.52,5.59,5.36,5.08
CDC20B,3.77,4.09,3.83,3.89,3.8,3.66,4.19,4.22,4.26,4.13,4.1,4.09,4.3,4.28,4.05,3.83,3.93,3.82,3.96,3.87,4.09,3.98,4.42,4.01,4.25,4.6,3.8,4,3.9,3.98,4.39,4.09,3.97,4.2,4.34,4.01,4.13,4,3.64,4.01,4.06,4.07,4.17,5.34,4,3.89,3.86,4.04,3.81,4.57
CDC23,7.91,7.31,7.79,7.72,6.97,7.01,8.07,7.68,7.74,7.89,6.91,7.7,7.49,6.35,8.05,7.87,7.82,7.79,7.85,8.03,7.39,7.58,6.87,7.81,7.73,7.72,7.53,7.86,6.97,5.52,7.16,5.63,7.7,7.67,7.77,7.93,7.1,8.04,6.96,7.76,7.33,7.03,6.85,6.76,7.18,7.08,7.49,7.77,7.48,6.5
CDC23,8.1,7.56,7.99,8.08,7.13,7.25,7.64,7.81,7.92,8.16,7.31,7.97,7.69,6.79,8.1,8.13,7.92,7.91,7.95,8.19,7.71,7.75,7.31,7.88,7.82,7.95,7.75,7.99,7.51,7.43,5.99,6.81,8.09,8.02,7.96,8.01,7.08,8,6.08,7.68,7.37,7.39,7.3,6.08,7.45,7.31,7.81,7.84,7.57,5.99
CDC23,9.92,10.04,9.98,10.05,10.05,10.06,9.85,9.92,10.04,9.88,10.26,10.05,9.93,9.21,10.21,10.04,10.26,9.99,10,10.07,9.77,9.84,10.05,9.94,9.96,9.96,9.99,10.06,10.04,10.15,5.55,9.75,9.77,9.91,9.95,10.16,10.05,9.98,9.76,9.91,9.94,9.81,9.83,9.54,9.71,9.79,9.79,10.01,9.98,9.72
CDC23,7.8,7.85,7.56,7.57,7.55,7.78,7.26,7.25,7.83,7.74,7.92,8.07,7.79,7.48,8.01,7.9,8.03,7.62,7.98,7.61,7.78,7.98,7.96,7.61,7.77,7.85,7.57,7.8,7.68,5.64,6.23,6.93,7.59,7.97,7.92,8.08,7.74,7.78,5.77,7.36,7.71,7.28,7.36,8.02,7.51,7.35,7.16,7.74,7.44,8.05
CDC25A,6.68,6.86,6.55,6.63,6.52,6.77,6.45,5.94,6.89,6.73,6.63,6.09,6.4,5,6.64,6.23,6.51,6.18,6.38,6.35,5.08,5,5.81,5.79,5.33,5.72,6.55,6.55,7.01,5.97,5.53,5.35,7.14,7.36,7.21,6.33,6.42,6.42,5.16,6.36,6.54,6.17,5.89,4.95,6.41,6.35,6.24,6.4,6.74,4.8
CDC25A,9.66,9.7,9.89,9.56,9.74,9.6,9.65,9.81,9.69,9.69,9.72,9.33,9.18,8.41,9.54,9.42,9.47,9.49,9.52,9.57,8.51,8.55,8.4,8.89,8.88,8.97,9.74,9.65,9.77,10.1,7.48,9.06,10.31,10.42,10.42,9.68,9.54,9.76,9.06,9.61,9.37,9.26,9.14,7.57,9.34,9.44,9.6,9.42,9.53,8.5
CDC25A,6.91,6.7,6.97,6.87,6.7,6.96,6.98,6.98,6.8,6.78,6.99,6.01,5.99,5.24,7.22,6.92,6.97,6.67,6.9,6.87,5.67,5.57,5.89,6.47,6.56,6.79,6.74,6.91,6.98,6.06,5.74,5.79,7.57,7.46,7.39,6.93,6.62,6.45,6.07,6.53,7.14,6.82,6.3,5.09,6.87,7,6.83,6.39,6.7,5.51
CDC25B,10.29,10.15,10.35,10.34,10.27,10.2,10.02,10.29,10.22,10.28,10.24,10.14,10.03,8.85,10.18,10.18,10.11,10.17,10.14,10.11,9.85,9.94,9.89,9.82,9.92,9.79,10.31,10.32,10.18,9.7,7.4,9.59,10.43,10.56,10.57,10.22,10.1,10.27,10.19,10.5,10.54,10.24,10.09,9.54,9.45,9.44,9.7,10.3,10.45,8.82
CDC25B,9.56,9.44,9.75,9.73,9.73,9.66,9.76,9.89,9.48,9.77,9.43,9.46,9.36,9.67,9.71,9.6,9.51,9.69,9.49,9.69,9.34,9.44,9.22,9.22,9.42,9.25,9.71,9.85,9.44,8.74,8.47,9.58,9.89,10.02,10.11,9.67,9.38,9.64,9.99,10.1,9.92,9.52,9.65,9.47,8.89,8.85,9.21,9.76,9.76,9.44
CDC25B,8.36,8.18,8.47,8.46,8.28,8.48,8.23,8.74,8.37,8.51,8.14,8.32,8.11,7.68,8.4,8.36,8.25,8.42,8.39,8.47,7.97,8.11,7.8,8.2,8.18,8.05,8.33,8.43,8.25,7.82,6.57,7.93,8.71,8.9,8.84,8.41,8.35,8.55,7.86,8.73,8.78,8.28,8.08,7.48,7.68,7.8,7.93,8.53,8.47,7.91
CDC25B,7.31,6.84,7.53,7.2,6.89,7.38,7.65,7.36,7.34,7.35,6.93,6.87,6.61,5.15,7.31,7.34,7.47,7.4,7.46,7.37,6.83,6.77,6.47,7.1,7.33,7.17,7.41,7.26,7.06,5.44,5.58,5.8,7.66,7.93,7.61,7.09,7.57,7.55,7.39,7.81,7.91,6.99,6.7,5.58,7.02,6.71,6.57,7.42,7.06,5.91
CDC25B,7.7,7.1,7.84,7.82,7.76,7.82,6.97,8.25,7.69,7.84,7.21,7.24,7.23,5.5,7.85,7.83,7.67,7.98,7.85,8.12,7.18,7.53,6.9,7.49,7.49,7.48,7.88,7.87,7.42,7.17,5.37,6.14,8.23,8.26,8.25,7.87,7.62,7.96,7.46,8.17,8.31,7.55,7.2,6.46,7.38,6.96,7.57,7.88,7.85,5.92
CDC25C,6.95,6.46,7.12,7.19,6.98,6.94,6.38,7.42,7,7.01,6.96,6.51,6.54,4.4,6.65,6.57,7.03,6.6,7.01,7.13,5.65,6.01,5.42,6.01,6.31,6.39,6.82,6.98,6.76,5.77,5.04,4.88,7.67,7.86,7.89,7,6.95,7.19,6.56,6.91,6.84,6.77,6.44,5.23,5.98,5.87,5.93,6.78,6.6,6.12
CDC25C,7.76,7.41,7.79,7.72,7.78,7.34,6.69,7.95,7.72,7.94,7.64,7.4,7.16,6.52,7.44,7.57,7.5,7.71,7.79,7.78,6.65,6.73,6.24,6.95,6.69,6.73,7.55,7.75,7.18,6.07,7.97,7.88,8.4,8.7,8.56,7.74,7.68,7.76,6.54,7.71,7.36,7.18,7.16,6.9,6.73,6.23,6.83,7.48,7.34,6.36
CDC26,10.1,10.22,9.97,10.11,10.01,10.07,9.57,9.69,10.22,10.17,10.23,10.19,10.16,8.79,9.94,9.63,9.93,10.18,10.25,10.19,10.07,10.06,10.18,9.87,9.82,9.89,10.19,10.17,10.08,9.54,7.65,8.28,9.72,9.78,9.65,9.81,9.83,9.86,9.94,10.17,10.18,9.86,9.75,8.45,10.03,10,10.01,10.19,10.13,9.13
CDC26 /// FKBP15 /// YME1L1,9.9,9.77,9.85,9.77,9.62,9.47,9.51,9.41,9.8,9.91,9.58,9.86,9.98,6.63,9.67,9.44,9.62,9.87,10,9.96,9.83,9.72,9.42,9.31,9.67,9.61,9.74,9.92,9.49,8.14,7.89,6.03,9.35,9.38,9.39,9.58,9.46,9.64,9.38,9.77,9.78,9.58,9.18,6.78,9.75,9.53,9.58,9.88,9.74,7.75
CDC27,6.96,6.79,6.85,6.7,6.81,6.83,6.32,7.16,6.8,6.8,6.61,6.64,6.52,5.18,7.07,6.52,6.89,7.01,6.8,7.21,6.69,6.5,6.71,6.78,6.67,6.71,7,6.84,6.82,6.95,6.88,6.14,7,6.64,6.8,6.69,6.74,6.69,6.57,7.26,6.91,6.94,6.86,6.67,6.94,7.13,6.87,6.78,6.7,6.48
CDC27,7.38,6.99,7.16,6.9,7.62,7.46,7.41,7.2,7.23,7.21,6.94,6.9,6.89,5.78,7,6.9,7.13,7.52,7.28,7.43,6.71,6.61,6.59,7.14,6.85,6.94,7.18,7.05,6.99,6.46,6.07,5.18,7.15,7.14,7.23,7.08,7.18,6.56,6.52,7.4,7.27,6.94,6.82,6.13,6.87,6.76,7.14,6.83,6.91,5.68
CDC27,10.34,10.42,10.15,10.31,10.04,9.89,9.97,10.09,10.28,10.27,10.18,10.27,10.2,9.56,10.08,9.72,9.91,10.27,10.23,10.23,9.95,9.92,9.9,9.76,9.67,9.91,10.11,10.27,10.14,9.47,7.54,9.28,9.97,10.11,10.04,9.84,9.54,9.86,9.97,10.36,10.19,9.89,9.9,9.55,9.92,9.73,10,10.33,10.24,9.69
CDC27,9.82,9.8,9.75,9.79,9.68,9.48,9.72,9.82,9.64,9.82,9.69,9.81,9.68,9.59,9.38,9.48,9.52,9.72,9.7,9.83,9.67,9.53,9.41,9.37,9.35,9.31,9.62,9.76,9.65,9.21,9.47,9.41,9.65,9.8,9.88,9.47,9.29,9.42,9.66,10.07,9.87,9.6,9.45,9.87,9.51,9.44,9.47,9.77,9.78,9.17
CDC27,8.99,8.94,9.01,9.05,8.67,8.38,7.86,9.14,8.9,9.08,8.6,8.92,8.76,7.09,8.48,8.46,8.65,8.67,8.82,8.91,8.53,8.63,8.39,8.47,8.61,8.63,8.88,9,8.63,6.87,6.91,5.91,8.87,8.99,8.85,8.49,8.35,8.6,7.89,8.89,8.87,8.31,8.17,6.33,8.67,8.31,8.73,8.9,9,8.03
CDC2L1,4.77,4.73,4.58,4.86,4.69,4.84,5.58,4.91,4.79,4.72,4.64,4.87,4.73,6.06,4.73,4.86,4.7,4.58,4.73,4.75,4.91,4.74,4.76,4.52,4.51,4.51,4.65,4.53,4.72,5.08,5.12,4.43,4.78,4.56,4.46,4.84,4.78,4.64,4.93,4.41,4.67,4.79,4.6,5.83,4.71,4.79,4.63,4.6,4.79,4.45
CDC2L1,6.78,6.28,6.93,6.6,6.7,6.83,6.08,6.82,6.01,6.8,6.3,6.41,6.61,6.83,6.54,6.45,6.49,6.56,6.92,6.52,6.76,6.49,6.16,6.55,6.68,6.53,6.49,6.47,6.39,5.56,6.56,6.56,6.8,6.72,6.54,6.42,6.52,6.82,6.65,6.95,6.68,6.64,6.83,6.48,6.64,6.55,6.56,6.61,6.57,7.32
CDC2L1 /// CDC2L2,7.99,7.98,8.09,8.04,8.39,7.62,8.58,8.33,8.05,7.85,7.91,7.8,7.76,7.37,8.05,8.11,8.13,8.19,8.23,8.16,8.03,7.88,7.83,8,7.84,8.04,8.15,7.88,8.32,7.46,7.06,7.9,8.22,8.45,8.22,8.11,8.23,8.15,7.63,8.26,8.16,8.16,7.89,7.6,8.14,8.11,7.98,8.12,8.22,7.79
CDC2L1 /// CDC2L2,4.6,4.28,4.47,4.52,4.79,4.55,6.48,5.09,4.37,4.54,4.39,4.34,4.13,4.58,4.42,4.89,4.45,4.31,4.66,4.61,4.58,4.58,4.31,4.76,4.47,4.73,4.3,4.28,4.58,4.52,5.41,5.34,4.79,4.9,4.5,4.24,4.2,4.83,5.8,4.69,4.67,4.44,3.88,5.5,4.25,4.35,4.57,4.32,4.32,4.48
CDC2L1 /// CDC2L2,7.81,7.44,7.57,7.68,6.65,7.26,6.1,7.54,7.96,7.87,6.99,7.67,7.73,6.77,7.68,7.49,7.68,7.74,7.98,7.83,7.68,7.51,7.3,7.7,7.77,7.82,7.48,7.64,7.3,6.36,5.24,6.33,7.79,7.96,7.61,7.29,7.34,7.83,6.78,7.25,7.72,7.07,7.11,6.21,7.55,7.29,7.4,7.74,7.63,5.27
CDC2L1 /// CDC2L2,8.31,8.26,8.37,8.36,8.64,8.34,8.84,8.61,8.24,8.27,8.04,8.19,8.13,6.44,8.32,8.43,8.35,8.52,8.36,8.7,8.21,8.17,8.16,8.49,8.36,8.48,8.4,8.24,8.4,8.03,8.48,7.97,8.53,8.53,8.53,8.31,8.41,8.48,8.2,8.48,8.41,8.38,8.4,7.53,8.48,8.36,8.36,8.44,8.4,6.62
CDC2L1 /// CDC2L2 /// LOC100294398,7.97,7.62,8.29,7.92,7.7,8.77,8.62,7.95,8.36,7.99,7.41,7.04,7.32,5.4,8.24,7.98,8.45,8.46,8.37,8.5,8.5,7.4,7.9,8.32,8.06,8.59,8.51,7.6,7.75,5.58,6.54,6.55,8.6,7.61,8.27,8.34,8.32,7.76,7.93,8.34,8.68,7.55,7.98,6.61,8.71,8.3,7.99,7.79,7.37,5.91
CDC2L2,10.42,10.5,10.44,10.45,10.66,10.52,10.23,10.57,10.4,10.39,10.73,10.32,10.18,10.54,10.5,10.47,10.56,10.58,10.5,10.59,10.5,10.3,10.51,10.59,10.57,10.45,10.54,10.48,10.58,10.47,10.22,10.94,10.56,10.66,10.64,10.5,10.49,10.56,10.5,10.48,10.52,10.5,10.56,10.72,10.5,10.39,10.43,10.45,10.58,10.76
CDC2L2,7.62,7.43,7.54,7.58,7.76,7.74,7.8,7.66,7.56,7.46,7.39,7.25,7.49,6.93,7.67,7.69,7.73,7.79,7.67,7.7,7.71,7.34,7.52,7.81,7.32,7.8,7.78,7.41,7.78,7.61,6.83,7.31,7.95,7.91,7.88,7.53,7.93,7.85,8.01,7.81,7.71,7.68,7.44,5.59,7.95,7.83,7.85,7.73,8.02,6.81
CDC2L5,7.07,6.18,6.67,6.56,5.26,6.48,5.11,6.66,6.61,6.65,5.69,6.53,6.35,5.02,6.64,6.58,6.5,6.78,6.66,6.8,6.56,6.63,5.7,6.6,6.57,6.46,6.39,6.91,5.88,3.82,7.42,3.98,6.73,6.35,6.44,6.46,6.2,6.61,5.3,6.7,6.32,6.31,6.01,4.75,5.57,5.99,6.36,6.37,6.27,6.1
CDC2L5,7.58,7.66,7.36,7.45,7.1,7.46,6.71,7.1,7.76,7.71,7.7,7.38,7.61,6.36,7.37,7.24,7.44,7.32,7.43,7.53,7.31,7.27,7.76,7.14,7.33,7.24,7.6,7.35,7.59,7.59,7.55,4.61,7.02,7.08,6.96,7.36,7.08,7.16,7.06,7.49,7.52,7.35,7.42,6.25,7.29,7.45,7.23,7.45,7.69,7.14
CDC2L5,5.9,5.68,5.75,6.31,5.49,5.4,5.4,5.27,5.91,5.67,6.07,5.86,6.29,5.09,5.65,5.59,5.6,5.09,5.6,5.57,5.53,5.67,6.05,5.77,5.65,5.57,5.41,5.57,5.88,4.75,5.07,4.66,5.58,5.37,4.89,5.26,5.44,5.55,4.87,5.72,5.75,6.06,5.4,3.69,5.82,5.04,5.66,5.65,6.12,4.78
CDC2L6,9.96,10.14,10.05,10.09,10.19,10.18,9.65,10.12,9.95,10.08,10.25,10.07,9.99,9.57,9.98,9.97,9.9,9.83,9.83,9.97,9.96,10.06,10.16,9.92,10.04,9.85,10,10.05,10.06,9.56,8.35,9.37,9.62,9.8,9.73,10.03,10.06,9.82,9.81,10.14,10.18,10.37,10.21,10.06,10.12,10.12,10.13,10.03,10.14,9.19
CDC2L6,5.36,4.82,4.67,4.74,4.88,4.75,4.97,5.17,4.94,5.09,4.69,4.6,4.63,5.19,5.07,4.6,4.47,4.76,4.53,4.87,4.66,4.69,4.63,4.85,4.94,4.85,4.54,4.88,4.75,4.99,6.57,4.55,4.87,4.83,4.93,4.92,4.44,4.7,4.26,4.68,4.81,4.47,4.31,5.57,4.73,4.54,4.94,4.82,4.94,4.68
CDC2L6,7.93,7.53,7.55,7.56,7.24,7.6,8.15,7.98,7.62,7.8,8.25,7.57,7.43,6.03,7.97,7.98,7.64,7.36,7.34,7.77,7.54,7.8,8.25,7.65,7.87,7.52,7.57,7.78,8.21,5.61,6.18,5.61,7.48,7.46,7.42,7.7,7.28,7.24,7.75,7.64,7.56,8.57,8.36,7.39,7.49,8.2,7.83,7.37,7.78,6.08
CDC2L6,5.42,5.22,5.38,5.35,5.03,5.21,5.82,5.52,5.3,5.4,5.37,5.14,5.24,4.91,5.34,5.17,5.16,5.3,5.45,5.08,5.4,5.5,5.49,5.67,5.01,5.42,5.13,5.27,5.56,6.06,5.4,5.64,5.3,5.85,5.57,5.18,5.42,5.49,5.33,5.77,5.14,5.39,5.08,5,5.23,5.49,5.4,5.46,5.71,4.78
CDC2L6,3.91,4.08,4.19,4.28,4.48,3.88,4.29,4.01,4.15,4.08,4.23,3.93,4.19,4.07,4.11,4.16,4.16,4,3.91,3.98,4.23,3.81,4.36,3.89,4.14,4,4.22,4.17,4.12,4.1,4.74,5.23,4.15,4.02,4.18,4.09,4.28,3.81,4.5,4.29,4.63,4.04,4.09,4.44,4.13,4.15,3.91,4.3,4,4.26
CDC34,9.34,9.47,9.44,9.38,9.57,9.33,9.18,9.63,9.27,9.45,9.6,9.47,9.28,8.42,9.71,9.71,9.72,9.38,9.46,9.38,9.48,9.52,9.53,9.87,9.84,9.66,9.4,9.47,9.59,8.94,6.39,8.43,9.58,9.74,9.82,9.78,9.58,9.85,9.08,9.83,9.59,9.66,9.5,6.71,9.3,9.48,9.53,9.53,9.53,7.93
CDC34,9.98,10.04,10.13,10.02,10.04,10.06,9.96,9.91,9.94,9.89,9.8,9.89,10.02,8.49,10.16,10.24,10.31,9.94,10.04,9.99,10.17,10.05,10.17,10.37,10.3,10.36,10.07,10.02,10.15,9.01,6.68,8.66,10.24,10.24,10.19,10.15,10.23,10.29,10.14,10.09,10.13,10.18,10.24,8.45,10.04,10.05,10.14,10.15,10.06,8.49
CDC37,10.9,10.86,10.95,10.94,10.99,11.03,10.88,10.86,10.83,10.99,10.72,10.94,10.93,10.08,10.74,10.77,10.81,10.84,10.8,10.75,11.01,11,10.9,10.93,10.83,10.9,11.03,10.96,11.01,10.69,9.66,10.56,10.99,11,10.95,10.8,10.79,10.83,10.81,10.83,10.81,10.87,10.87,9.32,10.89,10.97,10.86,10.89,10.92,9.52
CDC37L1,9.55,9.36,9.39,9.54,9.54,9.34,8.55,9.57,9.58,9.48,9.51,9.64,9.71,8.15,9.48,9.61,9.59,9.18,9.31,9.22,9.98,9.95,10,9.87,9.58,9.96,9.35,9.52,9.64,9.57,6.52,8.3,9.63,9.83,9.71,9.28,9.37,9.53,9.67,9.59,9.66,9.41,9.27,8.03,9.89,9.6,9.73,9.74,9.94,9.31
CDC37L1,9.02,9.46,9.05,9.13,9.2,9.06,8.77,8.87,9.35,9.17,9.39,9.52,9.39,8.9,9.28,9.14,9.22,8.89,9.02,8.9,9.66,9.5,9.97,9.41,9.55,9.42,9.02,9.06,9.45,7.91,7.21,7.92,9.31,9.16,9.29,8.97,8.86,9.04,8.99,9.28,9.31,8.99,9.09,8.83,9.28,9.36,9.42,9.48,9.6,8.83
CDC37L1,6.89,6.85,6.64,6.82,6.86,6.46,6.21,6.43,7.01,6.83,6.77,6.85,6.72,6.71,7.14,6.98,6.67,7.16,7.13,7.03,7,7.09,7.19,7.19,7.13,7.3,6.91,6.88,6.53,5.33,5.88,6.57,6.55,6.83,6.72,7.03,6.94,6.89,5.61,7.19,7.16,6.53,6.86,6.8,7.11,7.35,7.03,7.25,7.45,5.94
CDC40,7.51,7.47,7.58,7.52,7.39,7.51,6.62,6.84,7.7,7.56,7.37,7.44,7.29,8.18,7.64,7.67,7.6,7.4,7.52,7.42,7.68,7.55,7.33,7.59,7.53,7.76,7.65,7.35,7.37,6.95,5.91,6.15,8.16,7.83,7.93,7.25,7.58,7.46,7.28,7.54,7.6,7.18,7.27,6.43,7.48,7.38,7.45,7.26,7.27,5.55
CDC40,9.12,9.31,9.3,9.31,9.12,9.27,8.79,9.42,9.16,9.26,9.3,9.21,9.14,8.43,9.34,9.26,9.39,9.46,9.46,9.49,9.15,9.28,9.27,9.35,9.41,9.26,9.18,9.18,9.15,9.54,7.39,9,9.12,9.41,9.3,9.42,9.31,9.4,9.07,9.4,9.31,9.22,9.3,8.11,9.14,9.27,9.42,9.36,9.4,8.42
CDC40,7.21,6.58,7.01,7.06,5.95,6.17,5.31,7.18,7.12,7.17,6.53,6.82,6.82,6.71,7.23,7.04,7.07,6.96,7.13,7.09,7.08,6.8,6.43,7.32,6.97,7.04,7.01,6.88,6.45,5,5.99,6.43,7.41,7.48,7.35,7.01,6.41,7.32,5.79,6.76,6.8,6.44,6.5,5.95,6.47,6.21,6.8,7,6.65,5.2
CDC42,10.93,10.81,10.76,10.77,10.76,10.83,10.84,10.73,10.91,10.75,10.7,10.84,11.04,9.93,10.77,10.92,10.91,10.81,10.79,10.64,11.42,11.08,11.07,10.8,10.84,11.14,10.83,10.78,10.72,10.92,9.31,9.98,10.95,10.71,10.66,10.72,11.13,10.73,11.01,10.74,10.94,10.9,11.04,9.46,11.11,11,10.83,10.87,10.89,9.2
CDC42,9.73,9.39,9.59,9.4,9.14,9.12,9.28,9.38,9.63,9.56,9.25,9.66,9.66,7.55,9.57,9.39,9.62,9.39,9.45,9.5,9.83,9.71,9.82,9.69,9.71,9.74,9.51,9.38,9.39,8.29,7.81,7.06,9.54,9.59,9.39,9.47,9.4,9.67,9.15,9.58,9.51,9.27,9.28,7.22,9.67,9.72,9.62,9.59,9.3,6.87
CDC42,6.48,6.33,6.53,6.84,6.64,6.02,5.53,6.98,6.65,6.84,6.76,6.81,6.79,6.05,6.99,7,6.89,6.95,6.9,6.47,6.8,6.87,6.86,6.96,7.04,7.06,6.31,6.95,6.56,5.85,6.79,5.25,6.48,6.73,6.54,7.12,6.29,7.19,5.92,6.52,6.38,7.04,6.47,6,6.95,6.64,6.77,6.91,6.97,5.46
CDC42,8.3,8.13,8.07,7.98,7.82,7.88,7.49,7.94,8.27,8.15,7.93,8.27,8.44,6.4,8.23,8.12,8.4,8.01,8.14,8.05,8.34,8.4,8.41,8.32,8.09,8.33,8.02,8.03,7.86,7.45,6.52,6.39,8.19,8.2,7.99,8.1,8,8.26,7.65,8.11,8.07,7.93,7.76,6.65,8.06,8.02,8.19,8.03,8.03,5.85
CDC42,7.73,7.42,7.78,7.64,7.73,7.68,7.77,7.85,7.85,7.64,7.71,7.83,7.79,7.56,7.8,7.94,7.78,7.53,7.78,7.72,7.92,7.98,7.78,7.79,7.76,8.01,7.71,7.53,7.46,7.62,8.12,7.84,7.58,7.61,7.81,7.65,8.03,7.87,7.62,7.7,7.82,7.88,7.91,6.86,7.71,7.91,7.84,7.79,7.81,7.58
CDC42,9.25,9.13,9.22,9.16,8.99,8.92,9.06,9.11,9.24,9.22,8.97,9.35,9.34,7.61,9.32,9.13,9.41,9.14,9.16,9.13,9.28,9.49,9.38,9.36,9.37,9.46,9.18,9.23,9.17,7.7,8.46,8.04,9.12,9.21,9.22,9.43,9.29,9.56,9.13,9.16,9.13,9.16,9,8.36,9.31,9.34,9.35,9.33,9.12,7.83
CDC42,10.83,10.75,10.84,10.66,10.6,10.51,10.53,10.72,10.83,10.79,10.62,10.82,10.79,9.08,10.92,10.81,10.93,10.68,10.78,10.82,11.1,10.99,11.04,11.04,11.08,11.08,10.8,10.73,10.58,9.9,9,8.46,10.83,10.86,10.84,10.91,10.77,10.94,10.7,10.9,10.81,10.59,10.71,8.83,11.01,10.89,10.99,10.7,10.61,8.95
CDC42,11.33,11.22,11.38,11.23,11.21,11.13,10.74,11.27,11.34,11.33,11.1,11.39,11.29,10.23,11.45,11.35,11.42,11.24,11.28,11.13,11.6,11.53,11.52,11.58,11.53,11.52,11.29,11.3,11.1,10.61,8.91,9.43,11.37,11.42,11.36,11.35,11.41,11.46,10.86,11.34,11.3,11.19,11.1,9.7,11.49,11.44,11.47,11.27,11.21,10.39
CDC42,11.1,10.95,11.07,10.94,10.89,10.81,11.22,11.01,11.05,11.08,10.82,11.11,11.13,10.1,11.2,11.14,11.2,10.96,11.12,10.92,11.43,11.26,11.33,11.27,11.29,11.35,11.03,11.04,10.95,10.98,8.59,9.96,11.14,11.14,11.08,11.14,11.11,11.17,10.79,11.11,11.09,10.94,11.03,9.57,11.3,11.21,11.28,10.97,10.92,9.99
CDC42BPA,5.91,6.06,6.09,6.2,5.79,5.82,6.19,5.56,5.82,6.27,6.11,6.13,5.89,5.25,5.92,6.22,6.02,5.79,5.96,5.95,5.8,6.29,6.22,6.36,6.14,5.96,5.65,6.13,5.81,7,5.06,5.75,5.25,5.9,6.03,6.31,5.85,6.09,6.4,6.1,5.72,6.29,5.08,4.82,5.34,6.03,5.65,6.27,6.32,5.36
CDC42BPA,7.61,7.23,7.59,7.68,7.56,7.48,7.46,7.85,7.55,7.58,7.54,7.51,7.5,6.76,7.66,7.65,7.43,7.58,7.34,7.54,7.53,7.61,7.74,7.73,7.7,7.67,7.6,7.71,7.59,6.96,7.86,7.31,7.64,7.7,7.77,7.61,7.67,7.97,7.46,7.72,7.61,7.7,7.57,7.32,7.5,7.66,7.76,7.59,7.54,8.25
CDC42BPA,8.18,8.32,8.29,8.03,8.19,8.69,8.86,7.87,8.37,8.34,8.35,7.63,7.38,7.82,8.66,8.6,8.56,8.37,8.36,8.51,8.52,8.5,8.57,8.69,8.39,8.53,8.48,8.26,8.11,7.19,6.06,7.46,8.42,7.83,8.56,8.64,8.47,7.88,8.47,8.37,8.43,8.29,8.4,6.64,8.52,8.4,8.18,7.81,7.32,7.02
CDC42BPA,5.53,5.26,5.04,5.05,5.62,5.56,4.98,5.38,5.29,5.33,5.58,4.91,5.18,5.41,5.38,5.25,5.45,5.08,5.3,5,5.14,5.58,5.56,5.44,5.49,5.47,5.34,5.4,5.23,4.7,4.11,4.06,4.92,5.12,5.06,5.77,5.45,5.45,5.16,5.57,5.52,5.78,5.44,3.67,5.02,5.49,5.33,5.31,5.34,3.44
CDC42BPA,5.81,5.25,5.61,5.57,5.7,5,5.26,5.58,5.5,5.69,5.25,5.57,5.45,5.03,5.58,5.83,5.39,5.69,5.27,5.41,5.57,5.81,5.4,6.29,5.66,5.32,5.46,5.33,5.66,7.04,5.75,6.2,5.65,5.88,5.59,5.53,6.13,5.52,6.26,5.77,5.3,5.29,5.19,5.65,5.26,5.51,5.36,5.11,5.6,5.03
CDC42BPA,5.06,4.76,5.31,5.12,5.11,4.81,6.06,4.93,4.86,4.78,4.83,4.72,4.6,4.74,4.77,5.08,4.96,4.57,4.6,4.65,4.66,4.62,4.99,5.1,4.8,5.13,4.92,4.78,4.83,4.71,4.38,5.14,4.71,5.06,4.91,5.28,5.13,5.14,4.55,5.14,4.74,4.96,4.64,4.54,4.9,4.73,4.96,4.95,5.32,4.06
CDC42BPB,7.23,7.28,7.64,7.5,8.05,8.06,7.03,7.44,7.2,7.51,7.65,7.19,7.1,7.31,7.49,7.59,7.4,7.17,7.6,7.31,7.5,7.35,8.02,7.68,7.69,7.74,7.73,7.52,7.88,8.78,8.51,8.24,7.09,7.21,7.28,7.51,7.88,7.71,6.96,7.93,8.2,7.99,8.05,7.7,7.79,8.01,7.56,7.65,7.71,6.85
CDC42BPG,3.78,3.51,3.44,3.83,3.54,3.53,3.58,3.64,3.62,3.67,3.6,3.65,3.61,4.69,3.42,3.79,3.7,3.61,3.6,3.59,3.64,3.69,3.7,3.57,3.53,3.42,3.43,3.72,3.57,3.51,4.77,5.34,3.71,3.83,3.61,3.59,3.58,3.43,3.8,3.58,3.56,3.7,3.69,4.7,3.67,3.46,3.5,3.68,3.43,5.27
CDC42EP1,5.4,5.04,5.12,5.38,5.12,5.5,6.23,5.18,4.98,5.21,5.36,5.2,5.01,5.07,5.08,5.49,4.87,5.64,4.73,4.95,5.37,5.34,4.93,5.02,5.41,4.82,4.81,5.18,5.45,5.35,4.63,5.44,5.51,5.25,5.41,4.86,4.81,5.05,5.14,5.35,5.39,5.6,5.11,5.28,4.81,5.27,5.5,4.88,5.49,5.09
CDC42EP1,4.63,4.47,4.99,4.62,4.29,4.95,3.79,4.42,4.71,4.72,4.58,4.74,4.42,4.56,4.84,4.7,4.64,4.64,4.58,4.82,4.85,4.88,4.65,4.76,4.78,4.99,4.5,4.73,4.79,5.13,4.38,4.76,4.65,4.52,4.6,4.75,4.6,4.53,5.13,4.76,4.58,4.9,4.6,5.59,4.8,4.55,4.54,4.57,4.72,5.45
CDC42EP2,7.17,6.81,7.11,7.21,7.46,7.4,7.36,7.2,7.25,7.18,7.2,6.9,6.74,6.87,7.06,7.25,6.68,7.24,7.14,6.98,7.06,7.31,7.11,6.84,7.2,6.91,7.32,7.21,7.14,7.54,7.27,6.37,7.14,7.07,6.93,6.79,6.92,6.82,7.1,6.96,7.32,7.44,7.18,7.69,7.33,7.04,7.15,7.06,7.2,6.55
CDC42EP3,5.76,6.03,6.3,6.06,5.25,5.41,4.85,5.59,5.87,5.66,5.79,5.8,5.89,5.56,6.32,6.49,6.7,5.98,6.07,5.69,6.11,6.17,6.17,6.1,6.52,6.32,6.22,6.08,6.02,4.21,5.29,5.58,6.4,6.58,6.52,6.53,6.42,6.47,4.69,6,5.98,5.46,6.34,6,5.62,6.16,6.2,5.96,6.11,5.39
CDC42EP3,7.61,7.46,7.49,7.45,7.55,7.59,7.08,7.55,7.71,7.85,7.61,7.66,7.53,6.9,8.28,8.28,8.42,7.49,7.62,7.54,7.68,7.73,7.62,8.14,8.23,8.19,7.66,7.69,7.45,6.47,6.88,6.24,8.48,8.7,8.62,8.36,7.9,8.05,6.39,7.52,7.69,7.67,7.28,6.4,7.77,7.77,7.89,7.81,7.98,6.65
CDC42EP4,9.45,9.53,9.48,9.41,9.76,9.34,9.32,9.59,9.39,9.51,9.73,9.66,9.48,9.27,10.26,10.1,10.27,9.22,9.21,9.03,10.21,10.26,10.46,10.34,10.4,10.3,9.51,9.54,9.52,9.39,7.98,8.58,11.29,11.35,11.4,10.38,10.32,10.4,9.28,9.79,9.73,9.99,9.99,9.56,9.56,9.61,9.5,9.52,9.63,8.27
CDC42EP4,3.91,3.75,4.34,4.28,4.67,4.26,4.35,4.67,4.05,4.39,3.82,4.15,3.91,4.12,4.38,4.5,4.25,4.02,4.11,4.15,4.33,4.05,3.74,4.47,4.09,4.23,4.13,4.06,3.8,3.94,4.71,4.15,5.32,4.26,5.11,4.58,4.08,4.19,3.78,4.2,4.38,3.5,3.96,4.31,3.99,4.02,3.93,4.02,4.15,4.32
CDC42EP5,4.09,4.06,4.38,3.98,4.24,4.33,5.05,4.33,3.99,3.98,3.97,4.26,3.95,5.07,4.25,4.27,4.25,4.1,4.21,4.18,4.58,4.2,4.32,4.29,4.29,4.22,4.38,4.1,4.22,4.83,4.81,5.07,4.11,4.23,4.17,4.4,4.54,4.22,4.99,4.08,4.04,4.14,4.59,5.54,4.54,4.68,4.51,4.08,4.04,4.61
CDC42SE1,11,11.04,11.05,11.13,11.14,10.95,10.56,10.76,11.16,10.88,10.91,10.99,10.92,11.38,11.38,11.16,11.43,11.16,11.04,10.97,11.38,11.21,11.29,11.43,11.38,11.35,11.12,11.19,10.69,10.61,9.85,10.58,11.37,11.4,11.5,11.26,11.33,11.28,10.74,11.06,11.04,10.78,11,11.45,11.22,11.02,11.04,11.15,10.78,11.53
CDC42SE1,8.04,7.71,8.22,8.11,8.05,7.99,6.17,7.93,8.15,7.91,7.72,7.96,7.87,6.62,8.45,8.33,8.48,8.02,8.03,7.76,8.58,8.52,8.21,8.67,8.59,8.71,8.12,8.05,7.88,7.21,6.15,7.21,8.75,8.53,8.65,8.36,8.18,8.39,7.84,8.28,8.05,8.39,8.1,7.44,8.8,8.3,8.22,8.04,8.14,7.32
CDC42SE1,6.66,5.46,6.39,6.23,5.71,5.8,5.38,6.3,6.59,6.23,5.11,6.07,5.87,4.27,6.9,6.56,7.02,6.52,6.54,6.48,6.94,6.56,5.94,7.01,6.91,7.28,6.36,6.05,5.18,5.03,4.17,5.34,7.25,6.86,6.9,6.71,6.16,6.51,5.59,6.31,6.42,5.65,5.56,4.22,6.51,6.05,6.43,6.16,5.95,4.32
CDC42SE2,9.44,9.14,9.24,9.39,9.07,8.84,8.26,9.25,9.38,9.38,8.74,9.53,9.38,6.96,9.18,8.97,9.06,9.22,9.17,9.24,9.22,9.34,8.61,9.21,9.18,9.2,9.27,9.43,8.74,7.52,4.65,4.83,9,9.2,9.1,9.29,8.85,9.36,9.21,9.37,9.13,8.93,8.87,7.3,8.59,8.13,8.71,9.36,9.08,6.8
CDC42SE2,8.27,8.11,8.2,8.21,8.21,8.16,8.02,8.25,8.52,8.34,8.21,8.49,8.28,7.54,8.15,7.91,7.94,8.08,8.28,8.14,8.21,8.13,8.21,8.1,8.12,8.02,8.01,8.49,8.09,6.36,5.74,6.8,7.95,8.11,7.98,8.11,7.92,8.12,8.16,8.32,8.21,7.9,7.9,6.79,7.74,7.44,7.49,8.18,8.04,6.69
CDC42SE2,10.14,10.18,10.18,10.22,10.06,10.18,10.05,10.13,10.21,10.23,10.23,10.18,10.13,10.45,9.96,9.63,9.95,10.28,10.32,10.26,10.08,9.97,10.1,10.02,9.8,10.01,10.11,10.08,10.19,10.38,8.97,9.7,9.55,9.79,9.63,9.99,10.05,10,10.13,10.25,10.23,10.26,10.25,9.82,9.92,9.7,9.84,10.15,10.31,9.99
CDC45L,7.81,7.74,7.8,7.8,8.04,7.9,7.71,7.56,7.94,7.79,7.85,7.47,7.49,6.44,7.56,7.53,7.59,7.88,7.81,7.68,6.95,6.82,6.94,6.84,6.59,6.92,7.8,7.6,8.03,7.9,6.95,6.39,7.99,7.84,7.94,7.65,7.41,7.56,7.49,7.17,7.37,7.4,7.51,7.23,7.26,7.08,7.17,7.4,7.52,6.37
CDC45L,7.59,6.93,7.58,7.52,7.02,7.12,6.16,7.46,7.54,7.77,6.81,7.13,6.74,4.67,7.19,7.1,7.39,7.48,7.61,7.58,6.17,6.39,5.87,6.77,6.37,6.43,7.34,7.73,7.14,5.82,4.83,6.1,7.69,7.81,7.86,7.25,7.04,7.5,5.09,6.98,6.8,6.66,6.55,4.94,6.85,6.46,6.89,7.16,6.88,5.3
CDC45L,8.66,8.36,8.68,8.55,8.82,8.67,8.01,8.77,8.53,8.68,8.3,8.24,7.99,6.47,8.31,8.34,8.11,8.69,8.73,8.59,7.37,7.64,7.2,7.79,7.71,7.58,8.65,8.63,8.43,8.09,7.47,9.05,8.8,8.81,8.81,8.48,8.39,8.69,7.93,8.01,8.13,8.21,8.01,7,7.89,8.03,8.29,8.05,8.08,7.69
CDC5L,9.58,8.93,9.28,9.22,8.33,8.5,8.69,9.12,9.41,9.41,8.24,9.29,9.04,6.06,9.5,9.53,9.4,9.35,9.37,9.67,9.15,9.02,8.48,9.3,9.11,9.39,9.21,9.31,8.26,6.98,8.23,6.82,9.76,9.56,9.57,9.28,8.74,9.44,8.14,9.03,8.91,8.56,8.26,5.01,9.07,8.56,9.24,9.26,8.93,7.19
CDC5L,9.8,9.72,9.79,9.72,9.6,9.47,9.17,9.62,9.78,9.7,9.56,9.65,9.81,8.15,9.84,9.72,9.83,9.66,9.74,9.85,9.6,9.4,9.59,9.55,9.62,9.68,9.6,9.65,9.54,9.58,8.47,8.24,9.91,10,9.85,9.8,9.61,9.73,9.33,9.69,9.7,9.58,9.48,8.1,9.64,9.44,9.58,9.63,9.63,7.71
CDC6,9.76,9.58,9.75,9.77,9.72,9.73,9.56,9.74,9.75,9.85,9.45,9.41,9.31,6.73,9.88,9.81,9.84,9.82,9.74,9.83,8.71,8.91,8.59,9.43,9.33,9.32,9.78,9.79,9.45,9.01,6.32,7.52,10.41,10.48,10.46,9.93,9.68,9.94,8.9,9.44,9.51,8.99,8.9,7.2,9.55,9.61,9.64,9.37,9.3,6.8
CDC6,9.21,9.21,9.1,9.17,9.37,9.29,8.71,9.03,9.14,9.23,9.37,8.77,8.71,8.33,9.25,9.1,9.27,9.11,9.16,9.19,8.09,8.24,8.38,8.69,8.74,8.72,9.14,9.23,9.19,7.98,8.2,8.89,9.79,9.71,9.78,9.31,9.16,9.14,8.22,8.98,9,8.54,8.53,8.07,8.88,8.78,8.89,8.84,8.98,6.97
CDC7,7.82,7.66,7.67,7.76,7.16,6.98,6.61,7.45,7.87,7.91,7.56,7.59,7.44,6.5,7.55,7.29,7.51,7.54,7.62,7.85,6.67,6.82,6.77,6.91,7.15,7.12,7.73,7.67,7.12,6.09,6.51,6.37,7.61,7.78,7.62,7.48,7.17,7.67,6.1,7.27,7.06,6.95,7.04,6.89,7.2,7.02,7.5,7.48,7.38,5.7
CDC7,8.63,9,8.65,8.72,8.17,8.41,8.4,8.33,8.73,8.66,8.82,8.44,8.33,7.65,8.23,8.12,8.33,8.62,8.8,8.7,7.66,7.58,7.99,7.87,7.98,7.83,8.53,8.52,8.85,8.46,5.65,6.5,8.44,8.55,8.54,8.41,8.38,8.5,7.95,8.32,8.38,8.28,8.49,7.91,8.35,8.42,8.43,8.25,8.55,6.05
CDC7,7.4,7.15,7.47,7.47,6.8,7,6.66,7.49,7.33,7.44,7.2,7.11,6.99,6.46,7.27,7.34,7.59,7.5,7.47,7.51,6.31,6.45,6.37,6.36,6.98,6.98,7.23,7.46,7.18,6.61,6.54,6.61,8.02,8.02,7.96,7.48,7.1,7.47,6.92,7.01,7.01,6.41,6.47,6.65,7.05,6.32,6.96,6.87,7.16,6.85
CDC73,7.75,7.78,7.41,7.45,7.29,7.21,6.62,7.51,7.55,7.76,7.65,7.84,7.58,8.22,7.75,7.56,7.59,7.75,7.62,7.91,7.41,7.65,7.53,7.59,7.54,7.58,7.35,7.74,7.2,5.93,6.38,5.68,7.58,7.67,7.48,7.52,7.03,7.71,7.68,7.16,6.98,7.15,6.97,8.22,7.18,6.53,7.19,7.52,7.13,7.38
CDC73,9.72,9.51,9.56,9.6,9.3,9.24,9.24,9.43,9.68,9.72,9.38,9.79,9.73,7.99,9.67,9.53,9.59,9.61,9.53,9.66,9.61,9.63,9.45,9.68,9.69,9.71,9.61,9.66,9.28,8.57,9.46,7.46,9.81,9.82,9.84,9.67,9.27,9.66,9.33,9.62,9.58,9.19,9.09,7.87,9.49,9.31,9.59,9.72,9.51,9.01
CDC73,7.87,7.4,7.65,7.76,6.39,7.07,6.5,7.67,7.76,7.85,6.98,7.85,7.66,4.86,7.87,7.82,7.89,7.71,7.55,7.95,7.96,7.55,6.96,7.86,7.67,7.98,7.73,7.56,6.94,5.06,4.54,6.16,8.03,7.96,7.97,7.63,7.3,7.87,6.06,7.64,7.36,6.46,6.95,4.51,7.31,7.25,7.55,7.9,7.57,5.37
CDCA2,7.44,6.7,7.26,6.94,6.33,6.97,7.67,7.2,7.23,7.26,6.62,6.81,6.42,6.36,7.01,6.31,6.66,7.14,7.56,7.73,6.09,5.77,5.59,6.19,6.28,6.3,6.93,7.2,6.5,5.54,5.34,5.99,8.2,8.31,8.5,6.91,6.29,6.77,5.68,6.96,6.69,6.52,5.71,6.65,5.97,6.4,5.81,6.93,6.68,5.7
CDCA2,5.84,4.98,5.43,5.59,5.15,4.91,4.71,5.4,5.74,5.66,4.84,5.21,4.85,4.33,5.34,4.75,5.2,5.48,4.96,5.61,4.6,4.21,4.24,4.51,4.8,4.32,5.23,5.43,4.89,4.04,4.19,3.99,6.11,6.14,6.58,5.22,4.41,5.09,4.67,5.52,5.28,4.73,4.51,4.71,4.48,4.36,4.45,5.39,4.93,4.83
CDCA2,8.38,8.31,8.28,8.58,8.53,8.55,7.93,8.73,8.43,8.44,8.65,8.12,8.25,7.35,7.82,7.96,7.76,8.37,8.36,8.43,6.73,6.66,6.76,6.88,6.82,6.99,8.61,8.43,8.55,8.41,6.77,6.83,9.25,9.43,9.42,7.73,7.36,7.83,7.92,8.84,8.48,7.96,7.86,6.7,7.23,7.7,7.31,8.45,8.62,7.29
CDCA3,7.58,7.6,7.87,7.69,7.5,7.74,7.87,7.87,7.94,7.6,7.39,7.3,7.34,5.93,6.99,7.06,7.15,7.58,7.42,7.46,6.66,5.99,6.22,6.02,6.04,6.36,7.62,7.55,7.81,7.7,5.13,6.03,7.77,7.9,7.72,7.03,7.08,6.87,7.34,7.16,7.48,7.26,7.23,5.16,6.22,6.31,6.25,7.51,7.68,5.88
CDCA3,4.07,4.6,3.87,3.81,3.87,3.67,4.03,4.12,3.74,3.93,4.35,4.05,4.01,5.59,3.92,3.77,3.95,4.49,4.06,4.08,3.77,4.07,4.51,3.92,3.88,4.25,3.82,4.08,4.2,4.04,4.03,3.99,4.05,4.27,4.3,3.76,3.91,3.9,3.86,4.07,4.43,3.87,4.02,4.11,3.42,4.49,3.59,4.38,3.76,5.16
CDCA4,5.98,5.99,6.34,6.17,6.14,6.13,4.84,6,5.92,6.02,6.67,5.98,6.02,5.79,6.2,6.31,6.26,6.03,6.4,6.23,5.4,5.91,5.91,5.93,6.11,5.66,6.03,6.14,5.82,6.14,5.99,5.84,6.42,6.46,6.8,6.79,5.69,6.41,5.36,5.96,6.22,6.13,5.67,4.91,5.87,5.68,6.34,5.96,6.01,5.27
CDCA4,10.51,10.53,10.64,10.61,10.74,10.83,10.53,10.81,10.55,10.56,10.74,10.45,10.22,9.3,10.78,10.63,10.65,10.6,10.55,10.48,10.06,10.07,10.05,10.43,10.42,10.24,10.7,10.65,10.72,10.87,9.23,10.75,11.09,11.08,11.11,10.92,10.82,10.77,10.4,10.56,10.41,10.67,10.58,9.11,10.32,10.21,10.39,10.42,10.44,9.5
CDCA4,7.46,7.09,7.52,7.7,7.64,7.42,6.28,7.6,7.69,7.59,6.97,7.45,7.07,5.72,7.6,7.65,7.46,7.63,7.6,7.62,6.36,6.46,6.63,7.18,7.18,7.18,7.39,7.59,7.21,7.28,5.54,5.57,7.63,7.82,7.79,7.77,7.33,7.69,6.45,7.49,7.48,7.2,6.81,5.26,7.01,6.76,7.36,7.18,7.11,6.15
CDCA5,8.44,7.62,8.37,8.3,7.96,7.99,8.51,8.7,8.25,8.27,7.54,8.09,7.9,7.26,8.5,8.43,8.47,8.23,8.19,8.18,7.36,7.79,6.99,7.92,7.89,8.13,8.38,8.37,7.55,7.68,7.14,7.66,9.34,9.4,9.32,8.72,8.65,8.83,7.33,8.05,7.86,7.75,7.24,7.17,7.68,7.13,7.78,8.06,7.91,8.09
CDCA5,10.29,10.3,10.25,10.28,10.38,10.38,10.27,10.39,10.36,10.28,10.35,9.89,10.08,8.83,10.66,10.54,10.58,10,10.12,10,9.45,9.55,9.59,9.97,9.78,9.89,10.37,10.27,10.3,10.37,7.68,9.28,11.11,11.15,11.21,10.67,10.63,10.73,9.92,10.25,10.27,9.88,9.92,8.64,9.67,9.59,9.58,10.08,10.2,7.7
CDCA7,9.33,8.7,9.06,9.2,8.72,8.64,8.61,9.26,9.22,9.45,8.54,9.1,8.87,8.56,8.57,8.58,8.55,9.49,9.44,9.69,7.98,8.16,7.93,8.35,8.32,8.32,8.93,9.26,8.32,7.62,8.36,8.63,8.79,8.72,8.77,8.72,8.34,8.89,8.67,8.96,8.46,8.38,8.4,7.95,8.4,8.09,8.59,8.98,8.77,8.92
CDCA7,10.49,10.49,10.56,10.62,10.41,10.56,10.15,10.37,10.73,10.49,10.57,10.39,10.33,9.77,10.13,9.87,10.06,10.82,10.92,10.95,9.25,9.46,9.5,9.65,9.76,9.64,10.56,10.52,10.48,10.26,9.35,9.59,9.88,10.03,10.06,10.29,10.14,10.27,9.89,10.28,10.34,10.4,10.45,10.21,9.9,9.93,9.81,10.23,10.19,9.56
CDCA7L,3.37,3.5,3.8,3.62,3.57,3.42,3.72,3.52,3.54,3.43,3.81,3.61,3.47,3.67,3.6,3.7,3.42,3.52,3.46,3.37,3.64,3.51,3.5,3.26,3.49,3.43,3.61,3.49,3.44,4.02,5.02,4.64,3.64,3.52,3.45,3.67,3.7,3.57,3.86,3.33,3.28,3.47,3.56,4.21,3.6,3.91,3.31,3.69,3.44,5.33
CDCA7L,4.09,3.98,4.14,4.11,3.63,4.12,4.18,3.71,4.04,3.98,4.13,3.96,3.7,4.67,3.95,3.98,3.51,4.22,3.94,4.06,3.86,4.05,4.02,3.78,3.99,3.96,3.91,3.96,3.91,4.17,3.66,4.6,3.81,3.65,3.8,3.93,3.61,3.91,3.6,3.79,3.98,4.32,3.96,3.62,3.53,3.96,4.03,3.68,4.14,4.25
CDCA8,9.64,9.44,9.55,9.73,9.48,9.37,9.61,9.68,9.75,9.76,9.41,9.49,9.32,7.56,9.28,9.07,9.18,9.52,9.58,9.53,8.03,8.3,8.09,8.18,8.46,8.37,9.69,9.78,9.44,9.23,5.97,9.2,9.89,10.15,10,9.27,9.1,9.44,9.44,9.86,9.72,8.97,8.88,7.64,8.39,8.49,8.82,9.67,9.7,8.2
CDCA8,7.54,6.51,7.27,7.17,6.72,6.65,6.21,7.26,7.5,7.35,6.58,7.05,6.88,4.79,6.76,6.78,6.69,7.25,7.17,7.42,5.55,5.42,5.13,5.81,5.87,5.89,7.31,7.45,6.77,5.63,5.07,4.15,7.91,8.08,7.73,6.83,6.58,6.99,5.88,7.17,6.97,6.35,6.13,4.64,6.25,5.58,6.2,7.28,6.92,4.21
CDCP1,4.44,4.4,4.27,4.53,4.4,4.44,4.88,4.89,4.29,4.23,4.54,4.58,4.48,4.72,4.28,4.19,4.27,4.38,4.32,4.5,4.05,4.5,4.12,4.01,4.49,4.14,4.61,4.33,4.22,4.4,4.83,5.46,4.26,4.21,4,4.22,4.29,4.01,4.71,4.19,4.36,4.1,3.89,5.87,4.36,4.3,4.3,4.38,4.16,4.44
CDCP1,5.02,5.2,4.97,5,5.02,5.06,5.06,5.11,5.04,5.32,5.14,5.36,5.16,6.87,5.04,5.35,4.98,5.09,4.72,5.52,4.92,5.3,5.19,5.21,5.09,5.08,5.25,5.09,5.24,5.09,4.67,5.25,5.58,4.7,5.09,4.93,4.93,4.96,5.46,5.13,5.12,5.37,4.83,6.04,4.67,4.94,5.2,5.11,4.9,5.07
CDCP1,3.88,4.35,4.22,3.97,4.77,4.33,4.85,4.4,4.06,3.96,4.24,4.26,4.23,4.7,4.08,4.22,4.07,4.4,3.79,4.28,3.87,4.12,4.2,4.19,4.32,3.86,4.26,4.15,4.29,4.32,5.19,5.03,4.31,3.99,4.2,3.78,4.07,4.26,4.65,4.07,4.18,4.26,4.69,4.78,3.92,4.86,4.27,4.35,3.97,4.56
CDCP2,4.77,4.42,4.74,4.67,4.78,4.66,4.44,4.5,4.67,4.58,4.82,4.88,4.47,5.07,4.71,4.71,4.44,4.56,4.52,4.42,4.55,4.8,4.64,4.6,4.59,4.59,4.45,4.81,4.49,5.23,4.37,4.7,4.28,4.53,4.7,4.51,4.53,4.49,4.43,4.52,4.5,4.69,4.72,4.87,4.29,4.73,4.72,4.5,4.49,5.56
CDGAP,5.58,5.04,5.95,5.65,5.17,4.74,5.66,5.72,5.89,5.77,5,5.68,5.35,5.71,5.05,5.41,5.8,5.46,5.92,5.63,5.61,5.66,5.05,5.65,6.09,5.85,5.26,5.67,4.9,5.17,5.48,6.11,6.01,6.1,5.64,5.58,5.78,5.48,5.83,5.54,5.77,5.82,5.43,5.17,5.24,5.13,5.24,5.76,5.71,5.14
CDGAP,6.74,7.05,6.61,6.77,6.63,6.88,6.48,6.48,6.94,6.82,6.9,6.59,7.22,5.7,6.23,6.47,6.48,6.74,6.8,6.36,7.05,6.76,7.03,6.66,6.59,6.59,6.92,6.37,6.93,6.39,5.71,5.82,6.78,6.48,6.54,6.56,6.54,6.48,6.87,6.7,6.92,7.06,6.9,5.63,6.73,6.42,6.17,6.44,7.18,5.72
CDGAP,5.44,5.4,5.31,5.19,4.54,5.09,4.59,5.12,5.06,5.34,5.2,5.01,5.25,4.61,4.9,4.48,4.93,4.88,5.25,4.62,5.08,5.48,5.43,4.88,4.83,4.94,5.19,5.06,5.18,4.9,5.78,4.07,4.63,4.77,4.61,4.81,5.1,4.7,4.88,4.88,4.98,5.21,5.09,4.7,4.9,4.4,4.98,5.39,5.33,5.77
CDH1,3.78,3.96,3.81,4.18,4.05,3.72,4.36,4.31,4.03,3.83,3.92,3.94,4,4.85,3.76,3.79,3.83,3.91,3.94,4.15,4.2,3.97,3.95,4.03,3.75,3.94,4.14,3.64,4.01,5.6,4.39,4.39,3.92,3.7,3.82,3.74,4.17,3.74,4.19,3.9,3.82,3.85,3.75,4.1,3.67,4.59,3.93,4.1,4.05,4.1
CDH1,3.71,3.63,3.53,3.5,3.27,3.39,3.56,3.42,3.46,3.59,3.49,3.51,3.56,3.74,3.35,3.46,3.39,3.57,3.39,3.46,3.64,3.47,3.54,3.84,3.61,3.77,3.7,3.62,3.39,3.76,5.01,3.54,3.61,3.48,3.62,3.64,3.95,3.43,3.21,3.32,3.33,3.4,3.36,3.85,3.33,3.28,3.21,3.55,3.47,3.99
CDH10,3.62,3.53,3.67,3.61,3.65,4.26,3.62,3.5,3.53,3.76,3.62,3.71,3.65,4.57,3.73,3.85,3.73,3.59,3.6,3.45,3.78,3.66,3.69,3.85,3.8,3.8,3.53,3.62,3.72,3.91,4.36,4.34,3.92,3.83,3.67,3.67,3.62,3.57,3.67,3.6,3.73,3.57,3.67,4.19,3.61,3.56,3.51,3.74,3.68,3.99
CDH11,3.79,3.75,4.06,3.95,3.91,3.94,3.92,4.18,4.02,3.78,3.67,3.86,3.88,3.72,3.9,3.98,3.81,4.03,3.74,3.79,3.85,3.75,4,3.44,3.76,3.99,3.71,3.84,3.86,4.13,4.65,4.32,4.04,3.95,3.97,3.71,3.88,4.14,4.2,3.96,4.05,3.71,3.61,4.83,3.79,3.68,3.79,3.94,4,4.51
CDH11,4.06,4.11,4.04,4.28,3.84,4.03,4.32,4.4,4.31,4.12,4.45,4.1,4.05,3.94,4.58,4.97,4.82,4.92,4.86,4.24,3.87,3.98,4.07,4.38,4.39,4,4.35,4.41,4.15,5.92,4.66,5.2,4.27,4.4,4.27,5.53,4.52,5.35,3.98,4.1,4.51,3.89,3.66,4.6,3.93,4.3,4.47,4.51,4.19,4.87
CDH11,3.77,3.83,3.77,3.94,3.79,4.18,4.5,3.84,3.64,3.91,3.8,3.8,3.85,3.99,3.81,4.08,3.77,3.82,3.81,3.67,3.93,3.81,3.68,3.97,3.78,3.69,3.73,3.88,4.13,4.81,4.82,3.83,4.08,4.11,3.84,3.76,3.86,3.46,4.24,4.03,3.98,3.81,3.95,4.45,3.84,3.94,4.28,3.81,3.74,3.78
CDH11,3.59,3.48,3.5,3.58,3.31,3.27,3.81,3.61,3.52,3.59,3.42,3.38,3.51,4.1,3.44,3.25,3.41,3.54,3.67,3.48,3.66,3.43,3.57,3.42,3.21,3.57,3.41,3.65,3.4,3.69,4.61,3.69,3.36,3.34,3.51,3.3,3.23,3.44,3.62,3.45,3.49,3.49,3.52,3.51,3.21,3.75,3.51,3.47,3.33,3.86
CDH11,4.15,4.29,3.86,4.24,3.95,4.13,3.58,3.97,4.27,4.25,4.38,4.29,4.26,4.65,4,4.67,4.23,4.12,4.11,4.01,4.12,4.14,4.4,3.96,3.95,3.84,3.91,3.84,4.21,3.85,4.62,4.16,3.97,4.1,4.4,4.17,5.23,4,3.95,3.94,4.03,3.66,3.88,5.05,4.32,3.88,4.08,3.65,3.95,5.31
CDH11,4.03,4.44,4.13,4.33,4.11,4.58,4.36,4.23,4.07,3.96,4.41,4.23,4.09,5.57,4.34,4.24,3.92,3.94,4.07,3.89,4.2,4.2,4.29,3.99,4.26,3.82,3.81,4.3,4.19,4.18,4.77,4.93,4.19,4.24,4.3,4.2,4.51,4.16,4.27,4.3,4.21,4.17,3.88,5.51,4.72,3.8,4.53,4.17,3.99,5.44
CDH12,3.37,3.34,3.52,3.37,3.41,3.63,4.6,3.41,3.35,3.34,3.51,3.44,3.23,4.53,3.56,3.84,3.63,3.37,3.31,3.36,3.49,3.58,3.54,3.7,3.35,3.43,3.56,3.49,3.51,5.12,3.97,5.04,3.61,3.32,3.55,3.51,3.57,3.44,4.64,3.33,3.41,3.69,3.68,3.71,3.42,4.63,3.44,3.3,3.34,4.43
CDH12,3.77,3.71,3.56,3.59,3.91,3.94,4.65,3.61,3.63,3.71,4.19,3.56,3.78,5.17,3.73,3.91,3.75,3.88,3.77,3.36,3.68,3.8,3.77,3.61,3.65,3.58,3.75,3.63,3.84,5.08,5.62,5.16,3.61,3.57,3.77,3.81,3.84,3.45,5.25,3.56,3.35,3.49,3.78,4.32,3.52,3.54,3.5,3.6,3.8,5.55
CDH12,3.37,3.34,3.38,3.44,3.93,3.43,3.41,3.33,3.38,3.49,3.4,3.47,3.29,4.69,3.61,3.6,3.45,3.54,3.64,3.35,3.35,3.37,3.34,3.36,3.32,3.38,3.32,3.44,3.47,4.9,4.71,4.46,3.48,3.5,3.27,3.32,3.61,3.57,3.6,3.44,3.39,3.5,3.37,5.31,3.59,3.59,3.36,3.22,3.62,4.27
CDH13,3.72,3.86,3.49,3.62,3.64,3.75,3.93,3.5,3.56,3.61,4.56,3.86,3.88,4.16,3.76,3.76,3.65,3.75,3.85,3.46,3.64,3.85,3.73,3.7,3.43,3.47,3.75,3.76,3.78,4.45,4.71,3.65,3.55,3.71,3.47,3.54,4.39,3.55,4.33,3.7,4.03,3.66,3.57,3.69,3.7,4.08,3.52,3.47,3.7,4
CDH13,5.06,5.33,4.83,5.05,4.92,5.16,5.67,4.48,5.03,5.31,5.07,5.21,5.7,5.04,4.8,5.27,4.96,4.91,4.83,4.78,5.28,5.32,5.11,4.72,4.77,4.8,4.96,5.19,4.83,5.83,6,5.6,5.25,5.31,5.15,4.91,5.22,4.61,5.55,4.68,4.24,4.76,5.13,5.56,4.7,4.79,5.02,5.16,5.04,4.83
CDH13,3.71,3.9,3.68,3.84,3.61,4.36,3.9,3.61,3.63,3.58,3.67,3.67,3.49,4.39,3.57,3.52,3.73,3.74,3.72,3.51,4.15,3.6,3.68,3.83,3.64,3.61,4.08,3.87,3.71,3.72,4.43,3.91,3.78,3.68,3.62,3.68,4.57,3.52,4.06,3.58,3.71,3.84,3.82,5.32,3.75,3.83,3.65,3.76,3.77,3.77
CDH13,3.8,3.99,3.83,3.82,3.75,3.94,3.81,3.69,3.88,3.66,3.87,3.75,3.79,4.44,3.79,3.74,3.77,3.89,3.77,3.61,3.98,3.65,3.85,3.75,4.09,3.69,3.52,3.72,3.87,4.27,3.32,4.17,3.7,3.71,3.96,3.69,3.83,3.94,4.06,3.66,3.89,3.91,3.89,4.84,3.71,3.56,3.76,3.69,3.8,4.71
CDH13,3.53,3.71,3.79,3.63,3.68,3.73,3.77,3.58,3.8,3.77,3.67,3.8,3.79,4.11,3.77,3.87,3.64,3.67,4.06,3.92,3.82,3.82,3.76,3.76,3.74,3.45,3.6,3.51,3.6,4.68,5.01,5.31,3.62,3.77,3.65,3.65,3.69,3.73,3.97,3.52,3.67,3.59,3.75,4.51,3.54,3.88,3.72,3.75,3.89,5.11
CDH13,3.73,3.62,3.42,3.64,3.48,3.55,3.61,3.55,3.77,3.61,3.81,3.66,3.67,4.13,3.72,3.57,3.47,3.7,3.65,3.47,3.72,3.77,3.68,3.86,3.62,3.54,3.55,3.45,3.6,4.12,4.81,4.44,3.59,3.55,3.49,3.49,3.59,3.7,3.61,3.53,3.52,3.85,3.43,3.76,3.52,3.42,3.26,3.59,3.68,3.63
CDH15,4.07,4.23,4.31,4.38,4.76,4.43,4.56,4.58,4.02,4.31,4.39,4.15,4.43,6.31,4.18,4.44,4.29,4.35,4.43,4.37,4.3,4.47,4.43,4,4.25,4.22,4.64,4.42,4.53,4.34,4.99,4.41,4.26,4.3,4.38,4.41,4.76,4.14,4.3,4.51,4.37,4.29,4.41,4.38,4.65,4.32,4.36,4.53,4.34,5.29
CDH16,4.78,4.47,4.95,4.92,5.2,5.1,4.81,4.67,4.79,4.83,5.09,4.8,4.63,5.91,4.62,5.41,5.04,4.97,4.9,5.17,5.05,4.54,4.71,4.65,4.63,4.58,4.98,5.16,5.24,6.21,5.9,7.13,4.45,4.85,5.01,4.98,4.13,5.06,5.05,4.89,4.73,4.69,5.36,5.67,5.01,5.2,5.11,4.93,4.88,6.68
CDH17,3.91,3.74,3.71,3.85,4.33,3.81,4.23,3.72,3.83,3.84,4.01,3.8,3.7,4.97,3.98,3.84,3.9,3.75,3.96,3.76,3.82,3.91,3.98,3.79,4.06,3.69,3.69,3.89,3.87,4.13,4.58,4.4,3.73,3.76,4.06,3.79,3.87,4.11,3.57,3.64,3.98,4.02,4.09,4.61,4.05,4.06,3.88,3.89,3.77,4.84
CDH17,3.62,3.5,3.57,3.6,3.81,3.71,5.69,3.46,3.71,3.97,3.94,3.6,3.87,3.89,3.66,3.62,3.54,3.69,3.59,3.47,3.66,3.56,3.52,3.36,3.43,3.55,3.65,3.72,3.59,3.72,4.44,3.89,3.7,3.71,3.67,3.52,3.86,3.5,4.37,3.52,3.52,3.69,3.85,4.46,3.5,3.54,3.42,3.85,3.5,4.56
CDH17,4.55,4.36,4.39,4.34,4.29,4.21,4.16,4.38,4.3,4.29,4.45,4.44,4.32,7.45,4.38,5.27,4.29,4.63,4.54,4.52,4.26,4.54,4.66,4.36,4.34,4.09,4.04,4.54,4.16,4.46,6.28,5.73,4.27,4.12,4.42,4.3,4.62,4.19,4.32,4.61,4.51,4.54,4.52,6.4,4.16,4.08,4.29,4.19,4.23,4.88
CDH17,3.66,3.74,3.7,3.73,3.97,3.83,3.62,3.54,3.77,3.76,3.79,3.8,3.72,5.11,3.54,4.09,3.52,3.86,3.64,3.56,3.6,3.57,3.77,3.67,3.54,3.61,3.61,3.72,3.73,4.65,4.49,4.4,3.68,3.48,3.53,3.71,3.81,3.68,4.75,3.64,3.6,3.56,3.97,4.79,3.64,3.9,3.64,3.61,3.54,4.08
CDH18,4.4,4.45,3.94,4.13,3.72,3.44,4.27,4.1,4.34,4.17,4.33,4.11,4.28,3.97,4.03,4.44,4.01,4.36,3.8,4.08,4.41,4.21,4.34,3.99,3.71,3.99,4.14,4.16,4.52,3.82,5.86,4.85,4.12,4.38,4.25,3.99,4.08,4.02,3.9,3.84,3.84,4.25,4.25,4.3,3.79,4.32,4.08,4.03,4,5
CDH18,3.84,3.77,3.91,3.86,4.58,3.66,4.55,3.71,3.77,3.64,3.99,3.89,3.94,4.52,3.63,3.89,4.02,3.87,4.01,3.99,4.04,4.24,3.7,3.74,3.86,4.18,3.66,3.88,3.81,5.86,6.31,5.15,3.86,3.7,3.65,3.59,3.78,3.62,4.34,4.22,3.82,3.81,4.31,6.25,4.38,4,4.05,3.71,3.94,5.59
CDH19,3.93,3.81,3.68,3.53,3.78,4.66,4.13,3.63,3.59,3.67,3.6,3.75,3.73,3.92,3.82,3.75,3.74,3.55,3.51,3.6,3.54,3.57,3.75,3.73,3.93,3.44,3.87,3.54,3.58,5.01,4.38,4.22,3.59,3.72,3.59,3.53,3.74,3.72,4.63,3.49,3.58,3.67,3.81,4.49,3.65,3.82,3.78,3.78,3.6,3.91
CDH19,3.28,3.48,3.31,3.48,3.86,4.13,4.12,3.32,3.33,3.47,3.4,3.41,3.59,5.42,3.29,3.56,3.32,3.3,3.24,3.33,3.39,3.32,3.3,3.39,3.43,3.33,3.28,3.41,3.49,4.86,5.3,3.8,3.42,3.23,3.35,3.19,3.69,3.43,5.12,3.32,3.31,3.38,3.45,5.01,3.56,3.52,3.43,3.51,3.35,3.94
CDH19,3.47,3.4,3.33,3.39,3.51,4.11,4.31,3.77,3.48,3.51,3.68,3.48,3.45,4.12,3.28,3.41,3.27,3.33,3.5,3.52,3.7,3.45,3.48,3.48,3.35,3.19,3.32,3.45,3.52,4.73,4.08,5.39,3.54,3.53,3.44,3.36,3.38,3.37,4.05,3.68,3.48,3.61,3.65,4.2,3.36,3.6,3.41,3.54,3.56,4.4
CDH19,3.52,3.68,3.39,3.47,3.66,3.94,3.7,3.68,3.85,3.77,3.62,3.41,3.42,4.21,3.59,3.88,3.51,3.7,3.48,3.54,3.18,3.49,3.52,3.39,3.8,3.56,3.68,3.78,4.21,3.88,6.35,5.15,3.41,3.65,3.49,3.77,3.59,3.44,3.76,3.43,3.92,3.81,3.77,3.95,3.47,3.74,4.04,3.78,3.52,3.9
CDH2,12.1,12.27,12.17,12.09,12.38,12.34,12.39,12.22,12.12,12.1,12.39,12.03,12.11,12.07,12.13,12.17,12.19,12.26,12.22,12.13,12.24,12.25,12.36,12.15,12.16,12.19,12.15,12.05,12.22,12.51,12.18,12.02,12.1,12.09,11.99,12.32,12.37,12.17,12.46,12.34,12.3,12.51,12.65,12.39,12.42,12.52,12.37,12.21,12.24,12.24
CDH2,9.95,9.69,9.63,9.71,9.46,9.48,9.61,9.73,9.83,9.87,9.44,9.75,10.02,8.04,9.71,9.78,9.63,9.62,9.76,9.83,9.88,9.96,9.75,9.72,9.75,9.94,9.82,9.75,9.69,9.6,6.74,6.45,9.68,9.69,9.69,9.84,9.76,9.96,9.54,9.78,9.86,10.14,10.01,7.72,10.1,10.13,10.2,9.81,9.97,8.63
CDH20,4.35,4.29,4.59,4.48,5.3,4.76,5.54,4.57,4.3,4.43,4.67,4.3,4.4,6.25,4.22,4.38,4.12,4.54,4.08,4.34,4.65,4.61,4.45,4.35,4.13,4.47,4.29,4.35,4.64,5.45,5.91,4.97,4.68,4.36,4.41,4.21,5.35,4.33,5.4,4.28,4.77,4.37,4.86,4.55,4.33,4.86,4.94,4.34,4.32,5.17
CDH22,3.41,3.55,3.78,3.79,3.73,3.63,3.63,3.7,3.61,3.87,3.47,3.55,3.51,4.05,3.8,3.75,3.67,3.6,3.74,3.52,3.5,3.48,3.56,3.71,3.56,3.44,3.77,3.75,3.78,4.38,4.73,3.86,3.63,3.53,3.87,3.64,3.65,3.67,4.02,3.55,3.82,3.68,3.93,4.1,3.56,3.85,3.48,3.81,3.75,4.12
CDH22,3.61,3.56,3.72,3.66,3.54,3.58,3.58,3.68,3.56,3.63,3.62,3.63,3.45,4.47,3.74,3.39,3.9,3.63,3.56,3.5,3.81,3.54,3.8,3.73,3.46,3.6,3.37,3.41,3.45,3.95,3.71,5.14,3.82,3.73,3.39,3.44,3.49,3.75,3.62,3.45,3.9,3.75,3.96,3.73,3.5,3.97,3.61,3.76,3.39,4.96
CDH22,6.01,6.09,5.99,6.23,6,6.54,6.1,6.17,6.13,6,6.27,6.11,6.1,8.4,6.21,6.21,6.05,6.4,6.27,6.26,6.13,6.56,6.42,6.17,6.1,6.15,6.27,6.18,6.08,6.78,7.18,8.07,6.01,5.84,6.37,6.36,6.21,6.42,6.41,6.2,6.23,6.17,6.7,7.3,5.96,6.33,6.38,6.01,6.13,8.63
CDH23,4.73,4.25,4.29,4.52,4.23,4.7,4.59,4.32,4.42,4.7,4.77,4.42,4.25,5.02,4.54,4.95,4.53,4.46,4.4,4.36,4.48,4.64,4.57,4.79,4.15,4.93,4.72,4.62,4.36,4.88,7.83,5.08,4.65,4.88,4.75,4.65,4.32,4.25,5.42,4.37,4.38,4.64,4.84,5.69,5.05,5.03,4.64,4.49,4.42,5.24
CDH23,5.68,5.42,5.43,5.49,5.79,5.43,5.03,5.72,5.53,5.43,5.92,5.7,5.53,5.33,5.4,5.49,5.71,5.58,5.64,5.29,5.83,5.55,5.31,5.45,5.5,5.71,5.26,5.73,5.78,5.62,5.74,6.04,5.53,5.53,5.53,5.45,5.49,5.85,6.11,5.45,5.85,5.93,5.16,6.87,5.68,5.78,5.84,5.59,5.45,5.67
CDH23,3.97,4.09,3.91,4.24,4.43,4.06,5,4.01,4.08,4.04,4.3,4.07,4.13,4.56,3.82,3.96,4.33,4.06,4.18,4.05,4.33,4.65,4.2,4.47,4.07,3.95,4.09,4.23,4.27,4.84,6.43,3.86,3.73,4.12,4.07,4.34,4.08,3.74,4.92,3.97,4.13,3.99,4.47,4.27,4.02,4.25,3.79,4.16,4.07,5.01
CDH23,4.09,4.29,4.08,4.13,4.55,4.43,4.65,4.06,4.27,4.29,4.31,4.22,4.45,4.88,4.52,3.98,4.12,4.3,4.21,4.47,4.18,4.16,4.26,4.13,3.79,4.02,4.18,4.34,4.42,4.18,3.95,4.5,4.03,4.55,4.27,4.11,4.29,4.23,4.28,4.64,3.95,4.26,4.29,5.19,4.2,3.92,4.2,4.28,4.24,4.65
CDH23,4.89,5.02,4.98,4.96,5.22,5.51,5.47,5.1,4.83,5.03,4.82,5.09,5.2,4.88,4.7,5.29,4.96,5.23,5.06,4.92,5.56,5.13,4.99,4.89,5.04,5.04,4.97,4.95,5.36,5.8,5.8,4.47,5.08,4.87,4.95,4.74,5.37,4.72,5.43,5.07,5.16,5.34,5.37,5.16,5.08,4.94,4.98,5.08,4.85,5.07
CDH23,3.83,3.93,4.17,4.06,4.22,3.84,4.43,4.17,3.85,3.83,3.85,3.96,3.88,5.17,4.2,3.94,4.03,4.39,3.82,3.95,3.98,3.87,4.06,4.41,4.07,3.78,4.37,3.76,4.07,4.53,5.08,4.23,3.95,3.89,3.79,3.93,3.86,4.09,5.04,3.77,3.96,3.92,3.91,4.27,4.45,4.11,3.94,4.12,4.1,5.89
CDH23,3.46,3.82,3.67,3.7,3.82,3.55,3.79,3.84,3.59,3.74,3.9,3.94,3.86,5.21,3.46,3.78,3.7,3.73,3.64,3.39,4.02,3.91,3.96,3.79,3.49,3.79,3.65,3.71,4,4.09,3.81,4.3,3.66,3.88,3.76,3.7,4.13,3.71,4.19,4.06,3.65,4.26,4,4.95,3.63,4.1,3.71,3.73,3.72,4.69
CDH23,4.11,3.99,4.1,4.33,4.15,4.64,4.28,4.65,3.97,3.95,4.08,4.09,3.76,5.4,3.93,4.56,4.08,4.37,4.13,3.86,4.14,4.31,4.1,4.14,3.78,4.19,4.25,4.36,3.84,3.81,6.05,4.42,3.93,4.59,4.29,4.11,3.94,4,4.1,3.93,4.2,4.26,4.38,5.98,3.92,4.16,4.21,4.33,4.28,4.72
CDH24,5.09,5.01,5.2,5.52,5.56,5.41,5.32,5.45,5.21,5.16,5.68,5.45,5.57,5.32,5.36,5.45,5.34,5.48,5.24,5.36,5.45,5.56,5.37,5.49,5.32,4.82,5.24,5.47,5.3,5.25,6.67,7.05,5.29,5.36,5.45,5.16,5.01,4.99,6.14,5.28,5.26,5.2,4.94,7.07,5.52,5.55,5.13,5.33,5.54,6.58
CDH24,5.04,5.09,5.4,5.21,5.45,5.67,4.95,5.39,5.11,5.28,5.43,5.48,5.36,5.83,5.26,5.44,4.99,5.49,5.25,5.42,5.01,5.64,5.39,5.2,5.59,5.32,5.29,5.43,5.28,4.27,5.27,6.64,5.23,5.18,5.22,5.17,5.27,5.58,6.06,5.66,5.52,5.6,5.64,5.5,5.19,5.48,5.14,4.97,5.25,5.75
CDH26,4.23,4.36,4.25,4.28,4.71,4.11,4.15,4.71,4.31,4.6,5.04,4.27,4.43,4.12,4.62,4.57,4.67,4.68,4.53,4.35,4.4,4.47,4.75,4.34,4.79,4.28,4.32,4.53,4.56,4.54,4.05,5.55,4.29,4.29,4.51,4.54,4.91,4.71,4.87,4.4,4.43,4.58,4.3,4.41,4.49,4.73,4.73,4.53,4.61,4.28
CDH26,4.14,3.98,3.94,3.98,3.95,4.34,4,3.89,4,4.34,4.03,4.18,4.35,4.99,4.03,3.97,4.42,4.22,3.89,4.12,4.19,4.15,4.43,3.8,3.97,3.97,3.9,3.83,3.87,4.35,4.49,3.91,4.02,3.95,3.92,4.04,3.73,3.79,3.92,3.94,3.68,4.03,3.84,4.43,3.88,3.74,3.86,4.26,4.28,4.16
CDH29,3.76,3.77,3.84,4.2,3.99,3.96,3.81,4.06,4.25,4.32,4.08,3.99,4.06,4.61,3.96,3.83,3.84,3.88,4.09,3.8,3.89,4.05,3.89,3.72,3.72,3.83,4.07,4.13,3.99,4.39,5.53,4.16,4.25,3.85,4.08,3.86,4.11,3.85,4.05,4.04,3.89,3.82,4.22,4.92,3.88,3.86,3.91,3.79,4.08,4.29
CDH29,3.86,3.78,4.18,4.16,3.9,4.17,4.16,4.4,3.9,3.79,3.88,3.96,4.09,4.88,3.69,3.85,3.87,4.02,4.01,3.83,4.11,3.63,3.9,3.84,3.76,3.98,3.89,3.97,3.96,3.91,4.14,5.4,3.8,3.96,4.06,4.21,3.7,3.82,4.03,3.99,4.51,3.87,4.67,3.84,4.06,4.05,4.22,3.74,3.77,5.9
CDH3,5.85,5.85,5.81,6.25,5.89,6.2,6.38,6.41,5.79,5.65,6.11,6.05,5.74,6.54,5.87,5.95,5.65,6.25,5.91,6.01,5.49,6.27,5.95,5.93,6.41,5.66,5.73,5.89,5.87,6.17,7.07,6.32,5.79,5.83,6.13,6.36,5.99,5.92,5.82,6.14,5.85,6.22,6.45,8.37,5.87,6.24,5.77,5.95,5.81,6.38
CDH3,4.82,4.45,4.76,4.84,5.13,4.91,4.76,4.47,4.73,4.73,4.84,4.48,4.63,5.36,4.67,4.95,4.97,4.66,4.97,4.61,4.81,4.9,4.68,4.85,4.66,4.64,4.5,5.01,4.96,5.48,8.2,5.85,4.83,4.6,4.74,4.8,4.83,4.49,5,4.71,4.58,4.88,4.58,6.51,5.08,5.03,5,4.91,4.53,6.8
CDH4,5.17,5.31,5.61,5.33,5.81,5.18,5.3,5.73,5.22,5.45,5.48,5.36,5.19,6.1,5.06,5.76,5.43,5.49,5.66,5.84,5.17,5.5,5.41,5.39,5.6,4.93,5.3,5.7,5.65,5.97,5.82,5.73,5.19,5.51,5.71,5.49,5.46,5.65,6.2,5.47,5.49,5.85,5.25,5.62,5.72,5.51,6.03,5.53,5.32,5.49
CDH5,3.95,3.94,4.2,4.02,4.25,4.11,4.7,3.86,3.83,4,4.15,3.94,3.95,5.03,4.03,3.99,4,4.19,4.14,3.92,4.18,4.18,4.11,4.02,4.01,3.98,4.15,4.13,4.09,4.78,6.25,5.2,3.99,4.19,4.1,3.94,4.09,4.02,4.93,3.85,3.93,4.42,4.2,4.91,3.96,4.55,4.19,3.8,4.07,5.27
CDH5,4.11,4.21,4.14,4.22,4.83,3.99,4.64,3.85,4.13,4.03,4.15,4.16,4.33,4.29,4.05,4.28,4.15,4.11,3.89,3.9,4,4.22,4.29,4.11,4.48,4.47,4.06,4.3,4.28,4.28,7.06,4.2,4.54,4.05,4.12,4.3,4.09,4.04,4.23,4.23,4.25,4.1,4.57,4.95,4.54,4.54,3.78,3.96,4.22,4.34
CDH6,3.4,3.31,3.49,3.41,3.43,3.67,3.44,3.72,3.33,3.27,3.36,3.35,3.45,3.78,3.43,3.54,3.58,3.54,3.59,3.25,3.55,3.31,3.36,3.43,3.28,3.52,3.4,3.43,3.45,3.92,3.72,4.93,3.45,3.51,3.47,3.39,3.53,3.34,4.25,3.51,3.35,3.67,3.42,3.57,3.37,3.49,3.55,3.37,3.36,3.74
CDH6,3.87,4.04,4.24,3.93,3.89,4.19,4.05,3.89,3.83,3.8,3.75,4.01,3.82,4.92,3.71,3.81,3.98,4.12,4.01,3.82,3.61,4.13,4.02,3.83,3.87,3.8,4.12,3.9,4.2,4.77,5.67,4.41,4,4.13,4.12,3.99,4.24,3.84,5.61,4.04,3.75,3.88,3.95,5.78,3.88,3.97,4.13,4,4.03,5.8
CDH6,3.8,3.79,3.68,3.88,3.86,3.91,3.61,3.96,3.65,3.79,3.79,3.82,3.87,5.57,3.84,4.34,3.63,3.88,3.91,3.64,3.9,3.76,3.66,4.02,3.91,3.88,3.81,3.82,3.75,4.14,4.98,4.4,3.91,3.9,3.9,4.03,3.9,3.7,4.52,4.45,3.77,3.94,4.05,5.52,3.79,3.61,4,3.69,3.68,4.12
CDH7,5.06,5.01,4.9,4.82,4.69,4.61,6.02,5.14,4.96,5.08,5.29,4.6,4.5,3.99,4.81,4.92,4.76,4.51,4.49,4.35,4.98,5.24,5.67,5.03,4.56,5.04,5.26,5.14,4.8,5.21,4.12,5.58,4.7,4.3,4.54,4.6,4.69,4.53,4.63,4.39,4.45,4.48,4.47,4.4,4.66,4.93,5.45,4.42,4.52,4.61
CDH7,4,4.02,3.9,3.93,3.9,4.42,4.21,3.73,3.87,4.01,4,4.19,4.2,4.13,3.72,4.14,3.82,3.88,3.8,3.83,4.05,3.99,4.42,4.23,3.85,3.84,3.79,4.1,4.05,4.31,4.68,5.62,3.87,3.97,4.2,3.79,4.15,3.98,4.25,3.72,3.95,4.23,4.24,4.08,3.84,3.9,3.91,3.71,4.28,3.91
CDH8,6.77,6.67,6.87,6.59,6.35,7.04,7.66,6.68,6.95,7.11,6.86,6.62,6.64,6.89,6.94,6.94,6.48,6.88,6.63,7.12,6.46,6.87,6.68,6.73,6.88,6.91,6.88,6.79,7.11,6.37,6.47,8.06,6.61,6.29,6.78,6.62,6.49,6.4,6.22,6.97,6.87,7.08,6.44,5.84,6.68,6.6,6.67,7.04,6.7,6.05
CDH9,3.22,3.19,3.38,3.29,3.59,3.17,3.5,3.24,3.45,3.12,3.23,3.24,3.19,3.46,3.45,3.43,3.45,3.35,3.24,3.16,3.3,3.42,3.21,3.33,3.17,3.12,3.3,3.34,3.01,3.58,4.43,5.87,3.19,3.3,3.49,3.47,3.53,3.32,3.48,3.33,3.57,3.25,3.28,4.67,3.39,3.19,3.38,3.2,3.23,3.72
CDH9,3.88,3.98,3.78,3.86,4.14,3.93,5.19,3.61,3.95,3.63,3.9,3.88,3.82,4.59,3.84,3.7,3.67,3.82,3.63,3.78,3.97,3.86,3.9,3.89,3.86,3.91,3.6,3.95,4.54,4.51,5.57,4.82,3.77,3.86,3.98,3.86,3.74,3.75,4.72,3.54,3.64,4.03,4.05,5.62,3.81,3.98,3.86,3.67,3.83,5.42
CDIPT,8.68,8.41,8.65,8.67,8.79,8.72,8.04,8.65,8.74,8.61,8.56,8.78,8.66,7.37,8.95,8.72,8.92,8.51,8.7,8.59,8.9,8.88,8.72,8.76,8.81,8.83,8.76,8.74,8.68,8.54,6.83,7.91,8.77,8.74,8.78,8.8,8.8,8.83,8.41,8.62,8.55,8.84,8.76,7.98,8.66,8.57,8.63,8.69,8.66,7.56
CDIPT,8.14,7.9,8.24,8.25,8.22,8.06,8.09,8.44,8.11,8.27,7.66,8.15,8.07,8.81,8.51,8.4,8.45,8.36,8.31,8.26,8.5,8.41,7.97,8.64,8.69,8.39,8.43,8.34,8.01,7.37,6.61,7.95,8.21,8.42,8.31,8.37,8.55,8.6,7.17,8.27,8.22,8.55,8.38,8.25,8.29,8.22,8.34,8.4,8.26,9.09
CDIPT,8.13,7.94,8.31,8.21,7.77,7.68,6.91,8.54,8.06,8.2,7.5,8.17,8.06,5.71,8.35,8.25,8.36,8.16,8.1,8.17,8.29,8.36,7.89,8.44,8.46,8.47,8.15,8.34,7.78,5.15,4.83,5.2,8.43,8.27,8.37,8.39,8.1,8.7,6.93,8.2,7.86,7.95,8.02,5.79,8.18,7.49,7.95,8.15,7.79,7.06
CDK10,9.27,9.02,9.28,9.23,9.35,9.47,9.61,9.43,9.14,9.24,9.22,9.1,8.94,8.9,9.03,9.14,8.96,9.21,9.22,9.28,8.96,8.99,8.96,9.04,9.18,8.93,9.27,9.13,9.29,8.45,8.64,9.53,9.12,8.95,9.11,9.18,9.06,9.22,9.34,9.25,9.16,9.49,9.31,8.95,9.23,9.41,9.45,9.17,9.13,8.85
CDK10,8.25,7.62,8.15,8.18,7.39,7.54,8.01,8.39,7.98,8.01,7.1,8,7.74,5.73,7.87,7.81,7.81,7.83,7.99,8.23,7.57,7.67,7.18,7.91,7.94,8.12,8.08,8.18,7.72,5.72,4.66,6.18,8.02,7.82,7.84,7.95,8.17,8.16,6.67,7.94,7.77,7.56,7.48,5.09,7.97,7.5,8.06,7.92,7.61,4.27
CDK10,8.58,8.23,8.54,8.5,8.61,8.59,7.99,8.61,8.34,8.49,8.48,8.38,8.28,8.08,8.2,8.41,8.25,8.58,8.51,8.47,8.14,8.23,8.23,8.33,8.45,8.31,8.56,8.46,8.6,8.73,7.01,8.71,8.41,8.53,8.34,8.43,8.56,8.61,8.42,8.58,8.58,8.66,8.54,7.23,8.61,8.67,8.76,8.4,8.44,8.79
CDK10,8.55,8.4,8.65,8.64,8.76,8.62,8.65,8.89,8.68,8.6,8.3,8.56,8.42,7.74,8.34,8.45,8.42,8.69,8.63,8.53,8.25,8.44,8.29,8.49,8.5,8.47,8.72,8.67,8.65,8.56,6.2,6.85,8.61,8.59,8.4,8.68,8.47,8.71,8.57,8.7,8.65,8.78,8.53,6.65,8.72,8.55,9.08,8.63,8.51,8.07
CDK10,9.23,8.98,9.05,9.16,9.22,9.43,9.13,9.57,8.98,9.01,9.13,9.04,9.05,8.52,9.08,8.95,8.94,9.09,9.09,9.02,8.91,8.79,8.93,8.98,9.09,8.94,9.1,9.15,9.34,9.06,8.83,8.84,8.93,9.05,8.95,9.07,9.08,9.22,9.22,9.22,9.27,9.25,9.18,7.61,9.21,9.23,9.27,8.95,9.25,9.62
CDK10,5.22,4.74,5.26,5.18,4.52,4.81,4.25,4.96,4.71,5.06,4.62,5.29,4.83,5.98,4.88,4.82,4.91,4.87,4.72,4.67,4.84,5.08,4.78,4.9,4.82,5.71,4.98,4.84,4.86,4.34,4.99,6.26,5.16,4.95,4.7,4.77,4.34,4.8,5.55,4.43,5.31,4.34,5.21,5.12,5.41,4.75,4.8,4.84,4.94,6.1
CDK10,6.27,5.92,6.01,6.15,6.46,5.7,6.46,6.44,6.27,6.33,6.12,5.99,6.26,8.05,6,5.84,6.02,6.27,6.43,6.3,6.15,6.02,5.98,6.05,5.95,6.04,6.17,6.1,6.14,5.4,5.75,6.85,6.57,6.18,6.44,5.86,5.99,6.36,6.23,5.73,6.7,6.67,5.79,6.5,6.09,6.62,6.18,6.15,5.71,7.06
CDK10,6.8,6.32,6.56,6.76,6.04,6.2,5.78,6.4,6.33,6.37,6.11,6.68,6.43,6.31,6.63,5.88,6.32,6.68,5.93,6.37,5.9,6.43,6.03,6.43,6.82,6.59,6.51,6.86,6.39,4.73,6.34,6.26,6.23,6.3,6.29,6.48,6.05,6.59,5.48,6.46,6.14,6.02,6.44,5.8,6.35,5.86,6.59,6.39,6.16,5.17
CDK2,9.28,8.89,9.38,9.26,9.18,9.17,9.02,9.41,9.17,9.29,9.01,9.09,9.03,8.56,9.23,9.24,9.35,9.23,9.3,9.34,9.26,9.13,9.02,9.04,9.04,9.07,9.35,9.19,9.21,8.96,6.32,9.05,9.48,9.58,9.46,9.34,9.34,9.48,8.59,9.17,9.14,9.23,9.17,8.04,9.56,9.41,9.53,9.07,9.11,9.26
CDK2,9.53,8.81,9.26,9.35,8.69,8.67,8.89,9.43,9.42,9.38,8.57,9.25,9.15,7.96,9.48,9.35,9.49,9.48,9.39,9.45,9.25,9.05,8.58,9.17,9.14,9.25,9.24,9.43,8.74,7.04,5.7,5.7,9.59,9.69,9.67,9.34,9.15,9.51,8.69,9.14,8.97,9.02,8.83,5.88,9.45,9.29,9.61,9.09,9.04,6.66
CDK2,10.35,10.35,10.41,10.51,10.31,10.25,10.28,10.47,10.4,10.5,10.26,10.37,10.32,10.29,10.37,10.27,10.42,10.43,10.35,10.52,10.3,10.29,10.1,10.24,10.2,10.23,10.55,10.27,10.35,10.11,8.35,8.99,10.65,10.69,10.62,10.25,10.39,10.51,9.68,10.31,10.25,10.35,10.37,9.68,10.64,10.52,10.63,10.24,10.19,8.71
CDK2AP1,12.1,12.1,12,12.08,12.05,12.01,11.64,11.88,12.14,12.08,12.07,12.12,12.17,12.17,12.08,12.07,12.09,12,11.98,11.86,12.04,12.07,12.1,11.89,11.95,11.96,12.01,12.14,12.08,12.03,11.66,11.98,11.91,12,11.97,12.11,12,12.03,11.75,11.76,11.81,12.07,12.04,12.13,11.59,11.5,11.66,12.1,12.05,11.52
CDK2AP2,10.76,10.7,10.86,10.76,10.97,11.11,10.81,11.01,10.7,10.79,10.67,10.71,10.66,9.21,10.71,10.75,10.74,10.87,10.83,10.88,10.7,10.63,10.6,10.69,10.71,10.83,10.89,10.74,10.85,10.47,8.84,9.14,10.75,10.75,10.73,10.7,10.91,10.83,11.28,11.01,10.93,10.41,10.45,9.26,10.66,10.78,10.57,10.9,10.88,9.24
CDK2AP2,10.62,10.37,10.6,10.54,10.35,10.45,10.33,10.7,10.51,10.56,10.19,10.5,10.49,7.18,10.49,10.49,10.51,10.54,10.63,10.59,10.43,10.18,10.31,10.6,10.53,10.64,10.51,10.55,10.39,9.53,6.37,7.86,10.43,10.57,10.48,10.51,10.53,10.64,10.42,10.72,10.69,10.1,10.18,7.04,10.24,10.34,10.31,10.67,10.48,7.65
CDK3,5.79,5.11,6.07,5.75,5.95,6.09,5.54,5.88,5.53,5.84,5.47,5.29,5.49,4.97,5.91,6.04,5.96,5.72,5.44,5.24,5.58,5.67,5.77,5.86,5.62,5.7,5.78,5.56,5.78,6.08,6.26,5.46,5.51,5.41,5.5,5.69,5.76,6.12,5.07,5.87,5.55,6.32,6,5.39,5.8,5.48,5.53,5.93,5.9,5.23
CDK3,8.86,8.97,8.97,8.97,9.15,9.11,9.01,9.05,8.77,9.04,9.35,8.92,8.78,9.52,9.1,9.08,8.91,8.57,8.72,8.89,8.9,8.88,9.08,9.09,9.07,8.95,8.99,8.9,9.12,9.4,7.09,9.82,8.75,8.7,8.8,9.15,9.23,9.15,8.72,9.16,9.03,9.41,9.42,9.42,8.84,8.8,8.96,8.86,9.09,9.33
CDK3 /// LOC100134934,7.13,7.09,7.12,6.96,7.35,7.23,7.18,7.24,7.02,7.11,7.03,7.3,7.1,6.17,7.27,7.3,7.16,7.13,7.05,7.34,7.12,6.9,7.32,7.51,7.43,7.41,7.27,7.34,7.2,7.28,7.01,6.52,6.93,7.25,7.27,7.43,7.17,7.37,7.4,7.55,7.55,7.17,7.34,5.53,7.42,6.92,7.34,7.21,7.26,4.48
CDK4,11.07,10.67,11.05,11.07,10.97,11.07,10.88,10.75,11.15,10.96,10.63,10.77,11.04,8.81,10.69,10.78,10.83,11.02,11.1,11.04,10.5,10.3,10.29,10.38,10.32,10.5,11.08,10.98,10.94,10.55,7.82,8.58,10.88,10.69,10.57,10.64,10.85,10.81,10.5,10.63,10.8,10.67,10.64,8.03,10.82,10.84,10.73,10.85,10.84,7.82
CDK4,10.7,10.59,10.81,10.75,10.92,10.84,10.41,10.63,10.85,10.68,10.74,10.61,10.61,10.41,10.56,10.35,10.62,10.67,10.72,10.59,10.32,10.2,10.18,10.16,10.31,10.22,10.84,10.75,10.71,10.22,8.43,10.09,10.37,10.43,10.54,10.75,10.49,10.54,10.26,10.54,10.51,10.43,10.44,10.34,10.45,10.48,10.44,10.79,10.55,10.79
CDK4,11.02,10.65,11,10.91,10.84,11.02,10.79,10.94,11.04,10.91,10.63,10.75,10.77,8.49,10.71,10.74,10.69,10.98,10.97,10.94,10.33,10.33,10.19,10.38,10.24,10.34,11.01,10.95,10.89,10.43,9.87,8.25,10.74,10.69,10.67,10.73,10.69,10.81,10.51,10.73,10.68,10.7,10.63,9.36,10.66,10.64,10.59,10.72,10.71,8.06
CDK4,11.22,10.87,11.06,11.07,10.77,10.89,10.44,11.04,11.2,11.12,10.69,10.97,11,9.32,10.81,10.7,10.79,11.05,11.11,11.15,10.48,10.4,10.23,10.53,10.58,10.58,11.09,11.13,10.74,9.78,7.63,8.83,10.87,10.87,10.85,10.87,10.67,10.91,10.39,10.86,10.76,10.59,10.38,8.31,10.82,10.73,10.83,10.88,10.76,8
CDK5,7.99,7.72,8.21,8.09,7.85,7.73,6.87,7.93,7.96,7.92,7.85,8.21,8.16,6.42,7.74,7.93,7.89,8.26,8.2,8.3,7.76,7.85,7.89,8,7.99,8.12,8.05,8.23,7.64,6.05,4.84,5.68,7.54,7.64,7.59,7.96,7.71,7.9,5.94,7.93,8.02,7.68,7.48,5.21,7.66,7.16,7.71,7.9,8.02,5.41
CDK5,8.57,8.32,8.67,8.56,8.57,8.43,8.47,8.8,8.49,8.54,8.34,8.79,8.63,4.66,8.29,8.57,8.36,8.75,8.92,8.73,8.65,8.71,8.38,8.47,8.58,8.59,8.58,8.58,8.37,7.73,5.93,6.11,8.33,8.28,8.28,8.38,8.54,8.45,6.98,8.8,8.52,8.35,8.49,6.51,8.38,8.44,8.24,8.63,8.51,6.72
CDK5R1,4.74,5.24,4.98,5.15,5.25,4.76,4.82,4.55,5.41,5.14,5.78,5.11,4.99,4.79,5.04,4.71,5.02,5.19,4.87,5.07,5.24,5.05,5.44,4.8,5.2,5.37,4.76,5.02,5.11,4.94,5.16,6.46,4.87,4.72,4.79,5.17,4.86,4.85,5.32,5.21,5.1,5.11,5.8,5.43,5.49,5.39,4.82,4.79,5.51,4.61
CDK5R2,4.6,4.61,4.32,4.48,3.76,4.71,4.32,4.35,4.51,4.6,4.46,4.59,4.33,4.03,4.46,4.34,4.45,4.42,4.4,4.65,4.55,4.44,4.62,4.11,4.51,4.23,4.43,4.52,4.47,4.36,5.42,5.44,4.38,4.68,4.44,3.96,4.14,4.23,3.82,4.3,4.52,4.82,4.28,4.18,4.24,3.98,5.1,4.51,4.14,4.01
CDK5R2,4.67,4.62,5.06,4.89,4.93,4.71,4.9,5.07,4.75,4.83,5.11,4.48,4.65,4.83,4.83,4.94,5.03,4.91,4.88,5.03,5.2,5.3,5.14,5.25,5.23,4.77,4.8,4.66,4.8,5.27,5.19,5.6,4.91,4.94,4.99,4.92,5.42,4.77,5.25,5.31,5.05,4.93,4.88,4.92,4.89,5.13,5.35,4.77,4.97,5.57
CDK5RAP1,8.53,8.29,8.69,8.65,8.84,8.82,8.85,8.61,8.48,8.4,8.5,8.38,8.41,5.87,8.93,8.84,8.95,8.78,8.79,8.7,8.59,8.38,8.42,8.75,8.6,8.71,8.58,8.45,8.61,8.95,4.33,6.16,9.08,9.05,9.03,8.88,9.17,8.92,8.73,8.68,8.63,8.46,8.75,6.15,8.73,8.69,8.61,8.41,8.58,5.22
CDK5RAP1,7.7,7.62,7.88,7.78,7.54,7.65,7.83,7.72,7.9,7.94,7.73,7.64,7.73,6.67,8.17,8.02,8.25,7.97,8.13,8,7.47,7.58,7.57,8.08,8.07,8.08,7.78,7.69,7.82,7.13,5.34,7.73,8.39,8.05,8.24,8.13,8.02,8.42,7.93,7.96,7.83,7.75,7.7,6.51,7.65,7.7,7.58,7.97,7.89,5.94
CDK5RAP2,4.82,4.75,5,5.03,5.28,4.99,5.34,4.99,4.84,5.05,4.87,4.62,4.87,4.8,4.72,5.12,5,5.18,4.94,4.99,4.76,4.56,4.51,4.65,4.57,4.93,5.28,4.82,4.62,4.91,4.67,4.42,5,4.94,4.79,4.83,5.25,5.14,4.49,5.21,5.17,5.27,5.41,4.94,4.67,4.7,4.31,4.92,5.12,5.16
CDK5RAP2,7.33,7.27,7.43,7.18,7.29,7.36,7.23,7.31,7.08,7.33,7.32,6.93,6.96,6.32,7.34,7.06,7.42,7.22,7.2,7.39,6.83,6.62,7.05,7.02,7.1,6.88,7.25,6.94,7.49,6.46,5.41,7.5,7.34,7.25,7.24,7.28,7.6,7.38,6.12,7.52,7.59,7.38,7.86,6.46,6.81,7.06,6.89,7.33,7.42,6.62
CDK5RAP2,6.51,6.3,6.2,6.26,6.3,6.22,6.66,5.75,6.7,6.19,6.46,6.18,6.24,5.36,6.2,6.06,6.39,6.48,6.49,6.05,6.18,5.75,6.38,5.89,5.7,6.07,6.39,5.75,6.8,6.85,6.99,6.17,6.28,6.37,6.25,6.01,6.3,6.1,5.59,6.49,6.7,6.48,6.81,4.99,6.01,5.85,5.73,6.35,6.95,6.07
CDK5RAP2,6.79,6.56,6.89,6.79,6.69,6.45,6.41,6.57,6.76,6.87,6.53,6.49,6.61,6.38,6.68,6.8,6.5,6.84,6.71,6.76,6.46,6.43,6.33,6.32,6.67,6.32,7.03,6.61,6.68,5.26,5.24,6.42,6.59,6.83,6.91,7.13,6.98,6.59,6.58,6.83,6.79,6.9,7.17,6.28,6.2,6.04,6.2,6.82,6.85,6.26
CDK5RAP2,8.4,8.54,8.62,8.56,9.2,9,8.99,8.66,8.3,8.51,9.06,8.21,8.26,8.45,8.63,8.65,8.56,8.51,8.52,8.44,8.05,8.21,8.31,8.4,8.51,8.37,8.83,8.47,8.84,9.94,6.79,8.88,8.63,8.88,8.75,8.76,8.97,8.6,9.31,8.84,9,9.02,9.01,8.68,8.35,8.24,8.43,8.69,8.67,8.22
CDK5RAP3,10.52,10.53,10.65,10.59,10.84,10.66,10.77,10.65,10.53,10.54,10.72,10.33,10.47,10.39,10.45,10.39,10.44,10.79,10.74,10.81,10.51,10.37,10.39,10.42,10.33,10.41,10.6,10.48,10.64,10.73,8.65,9.72,10.43,10.33,10.25,10.41,10.52,10.55,10.54,10.6,10.58,10.71,10.83,8.67,10.45,10.56,10.42,10.59,10.69,9.45
CDK5RAP3,9.88,9.86,10.01,10.02,10.13,10.14,9.99,9.98,9.8,9.98,10.07,9.75,9.77,6.86,9.88,9.79,9.88,10.09,10.09,10.13,9.82,9.73,9.74,9.75,9.75,9.79,9.93,9.94,9.99,10.15,6.77,8.3,9.73,9.77,9.75,9.76,9.95,9.87,9.85,9.99,9.93,10.11,10.17,6.98,9.81,9.93,9.79,9.91,10,7.72
CDK5RAP3,7.88,7.32,7.68,7.55,6.93,7.06,6.63,8.04,7.66,7.72,7.25,7.75,7.64,7.24,7.32,7.33,7.41,7.69,7.57,7.99,7.47,7.52,7.1,7.47,7.57,7.51,7.57,7.82,7.07,5.55,7.02,5.14,7.18,7.48,7.24,7.39,6.94,7.47,6.06,7.36,7.17,7.51,7.04,8.58,7,6.89,7.36,7.41,7.37,6.32
CDK6,10.86,10.71,10.18,10.11,10.2,10.33,10.77,10.16,10.45,10.78,10.73,10.32,10.28,8.32,10.99,11.08,10.92,9.96,10.15,10.16,11.14,11.12,11.08,10.81,11.19,11.15,10.44,10.61,10.65,9.83,7.07,8.94,10.97,10.68,10.74,10.68,10.55,10.02,10.72,10.3,10.27,11.08,10.93,8.15,10.75,11.56,11.21,10.07,10.16,8.45
CDK6,6.42,5.86,5.78,5.58,6.02,6.51,6.3,6.34,6.27,6.16,6.24,5.87,5.58,5.72,6.49,6.42,6.33,6.19,6.29,6.36,6.44,6.29,6.73,6.84,6.64,6.35,6.07,6.26,6.41,6.04,5.62,4.87,6.62,6.23,6.66,6.78,6.81,5.99,7.38,6.35,6.23,6.62,6.63,4.82,6.8,7.23,6.86,5.89,5.8,5.56
CDK6,11.31,11.34,11.23,11.24,11.29,11.29,11.28,11.14,11.25,11.21,11.37,11.23,11.42,10.9,11.41,11.45,11.38,10.96,11.13,11.11,11.52,11.52,11.66,11.61,11.63,11.68,11.18,11.18,11.29,11.53,10.28,11.04,11.44,11.46,11.33,11.44,11.58,11.47,11.42,11.33,11.39,11.58,11.53,10.26,11.86,11.99,11.81,11.28,11.4,10.16
CDK6,10.28,10.11,10.09,10.1,9.9,9.94,10.18,10.12,10.09,10.14,10.15,10.06,10.16,8.66,10.45,10.52,10.35,9.88,9.91,9.99,10.47,10.49,10.36,10.41,10.58,10.61,10.18,10.1,10.24,9.96,8.58,7.26,10.43,10.45,10.37,10.46,10.41,10.25,10.09,10.13,10.18,10.58,10.41,7.53,10.74,10.82,10.9,10.15,10.24,8.71
CDK7,10.85,10.94,10.85,10.83,10.43,10.79,10.72,10.74,10.88,10.95,10.77,10.97,11.03,9.78,10.89,11,11.05,10.92,10.94,10.89,11.29,11.14,11.12,11.02,10.98,11.15,10.92,10.85,10.79,10.53,8.99,9.35,11.33,11.31,11.24,10.92,10.9,11.07,10.79,10.94,10.92,11.09,11.08,9.88,10.85,10.77,10.76,11.07,11.08,9.06
CDK8,8.89,8.41,8.65,8.68,8.2,7.81,8.38,8.69,8.67,8.78,7.99,8.91,8.81,7.22,8.58,8.65,8.6,8.55,8.81,9,8.64,8.66,8,8.62,8.6,8.73,8.42,8.64,7.98,5.65,6.35,5.39,8.83,9.02,8.85,8.51,8.38,8.59,7.56,8.5,8.24,7.83,7.9,6.43,8.22,7.8,8.43,8.63,8.38,7.71
CDK8,10.79,11.05,10.82,10.78,10.64,10.69,10.38,10.74,10.95,10.87,11.02,10.86,10.96,10.75,10.78,10.73,10.79,10.97,10.95,10.99,10.74,10.84,11.08,10.84,10.9,10.81,10.85,10.84,10.78,10.05,7.73,10.41,10.89,10.89,10.92,10.84,10.64,10.72,10.45,10.86,10.88,10.67,10.56,10.33,10.77,10.8,10.76,10.9,10.92,10.24
CDK9,7.83,7.59,7.88,7.68,7.51,7.57,6.45,7.94,7.81,7.71,7.69,7.89,7.77,7.87,7.83,7.77,7.68,7.69,7.66,7.57,7.57,7.88,7.53,7.9,7.88,7.8,7.55,7.77,7.81,7.08,7.79,7.72,8.05,8,8.03,7.77,7.21,7.8,7.29,7.67,7.48,7.17,7.33,8.12,7.78,7.58,7.83,7.72,7.85,7.97
CDK9,8.16,7.88,8.17,8.28,8.12,7.9,7.58,8.14,8.18,8.05,7.92,8.03,7.95,7.89,7.9,7.83,8.01,8.2,7.89,7.91,8.14,8.06,8.01,8.07,8.15,8.08,8.1,7.98,8.26,6.3,5.97,6.77,8.32,8.37,8.41,8.05,8.23,8.23,7.56,8.12,8.09,7.82,7.94,7.06,8.33,8.34,8.33,8.1,8.07,8.17
CDK9,5.4,5.07,5.57,5.37,5.13,5.01,5.06,5.68,5.52,5.52,5.47,5.46,5.33,7.24,5.47,5.91,5.37,5.32,5.53,5.49,5.26,5.5,5.56,5.77,5.9,5.45,5.2,5.72,5.34,5.19,6.42,6.51,5.52,5.35,5.67,5.68,5.61,5.24,6.83,5.58,5.48,5.52,5.6,7.6,5.79,5.88,5.98,5.46,5.12,6.61
CDKAL1,6.3,5.54,6.25,6.25,5.56,5.19,4.7,5.93,6.45,6.2,5.58,5.93,5.97,4.4,5.84,5.84,6.08,6.29,6.36,6.3,5.68,5.8,5.15,5.82,6.03,6.38,5.71,6.22,5.27,5.23,4.76,5.25,6.16,6.39,6.03,6.11,5.82,6.55,5.32,6,5.87,5.35,5.15,5,6.08,4.9,5.72,5.81,6.28,4.87
CDKAL1,5.46,5.16,4.82,5.16,4.9,4.75,5.2,5.24,5.34,5.31,5.31,5.32,5.33,4.79,5.71,5.49,5.61,5.14,4.84,5.55,5.37,5.45,5.56,5.25,5.74,5.15,5.33,5.31,4.68,5.75,4.53,6.21,5.86,5.98,5.84,5.73,4.74,5.69,5.08,4.9,4.87,5.18,5.54,4.53,5.07,4.16,4.88,5.28,4.78,4.31
CDKL1,3.83,3.82,4.11,4.01,4.38,4.54,4.74,3.91,3.78,3.68,4.02,4.02,3.88,4.54,4.09,3.97,3.85,4.17,3.93,4.03,4,3.84,4.14,3.96,4.04,4.07,4.02,4.12,3.98,5.39,5.02,4.37,4.04,3.79,3.76,4.22,3.87,3.94,4.56,4.11,3.77,3.78,4.01,4.76,4.08,4.14,3.94,3.77,3.99,4.99
CDKL2,3.64,3.48,3.51,3.4,3.47,3.4,4.98,3.54,3.37,3.1,3.4,3.57,3.52,3.82,3.35,3.65,3.47,3.71,3.66,3.42,3.43,3.34,3.47,3.4,3.42,3.39,3.43,3.51,3.43,4.04,4.42,4.04,3.44,3.35,3.41,3.6,3.75,3.61,4.38,3.39,3.41,3.7,3.32,5.01,3.9,4.1,3.46,3.36,3.65,4.05
CDKL2,4.26,4.29,4.39,4.27,4.23,4.02,5.26,3.81,4.43,4.16,4.71,4.57,4.51,5.25,4.34,4.53,4.3,4.36,4.24,3.98,4.12,4.27,4.54,4.01,4.09,4.04,4.55,4.29,4.23,5.58,6.57,5.3,4.39,4.36,4.35,4.11,4.26,4.01,4.89,3.9,4.37,4.38,4.93,6.1,4.14,4.33,3.94,4.22,4.03,5.52
CDKL2,4.05,3.94,3.8,3.96,3.86,4.39,5.28,3.62,3.75,4.03,4.25,4.02,4.12,5.27,4.02,3.93,4.25,3.73,3.64,4.02,3.98,3.83,3.83,3.9,3.8,4,3.97,3.89,3.94,6.43,4.65,5.11,4.1,3.96,4.29,3.94,4.12,3.82,3.89,3.98,4.02,4.18,4.12,4.35,3.92,3.96,4.81,4.26,3.71,5.14
CDKL3,6.34,6.28,6.5,6.35,6.7,6.6,6.3,6.59,6.44,6.22,6.76,6.52,6.31,8.45,6.58,6.51,6.52,6.29,6.04,6.37,7.1,7.18,7.35,7.25,7.2,7.08,6.7,6.49,6.82,5.57,6.21,5.95,6.31,6.53,6.77,6.83,6.3,6.77,5.41,6.5,6.74,7.09,6.79,8.7,6.54,7.07,6.69,6.61,6.7,7.22
CDKL3,5.58,5.51,5.97,5.68,5.55,5.74,5.41,5.95,5.48,5.42,5.82,5.51,5.55,5.78,5.42,5.61,5.74,5.45,5.2,5.38,6.21,6.12,6.32,6.06,6.33,6.11,5.8,5.65,5.6,5.92,6.93,6.87,5.67,5.87,5.47,5.73,5.93,5.96,5.89,5.73,5.85,5.55,5.82,6.06,6.07,5.67,5.93,5.62,5.84,6.54
CDKL3,8.6,8.93,8.51,8.59,8.57,8.75,9.06,8.61,8.68,8.62,8.67,8.81,8.86,8.09,8.72,8.56,8.88,8.31,8.38,8.33,9.71,9.58,9.57,9.26,9.39,9.55,8.72,8.48,8.51,7.02,6.02,6.12,9,9.05,8.94,8.7,8.86,8.64,8.62,8.72,8.74,8.73,9.02,6.27,9.05,8.64,8.66,8.61,8.7,5.82
CDKL3,4.15,4.36,4.37,4.05,4.39,4.31,3.89,4.15,4.15,4.16,4.22,4.23,4.31,4.31,4.31,4.28,4.21,3.98,4.4,4.17,4.42,4.17,4.52,4.5,4.26,4.43,4.64,4.22,4.21,4.21,4.19,3.88,4.06,4.24,4.14,4.15,4.18,4.19,3.98,3.98,4.46,4.44,4.37,5.18,4.01,4.03,4.2,4.03,4.11,4.15
CDKL3,3.95,4.01,4.02,4.08,4.24,4.17,4.34,4.01,4.14,4.27,4.02,3.86,3.88,4.56,4.16,4.15,4.14,3.94,4.03,4.17,4.41,4.34,4.36,3.99,4.87,4.42,4.29,4,4.1,4.17,5.38,5.09,4.18,3.95,3.94,4.09,4.12,4.05,4.67,4.24,4.3,4.29,4.18,5.19,4.24,4.27,4.19,4.02,4.14,4.55
CDKL3,7.15,6.97,7.12,6.89,7.15,7.5,7.14,7.2,7.21,7.15,7.16,6.78,6.67,6.55,7.29,7.09,6.98,6.71,6.79,6.75,7.07,7.19,7.07,7.08,7.21,6.95,7.25,7.14,7.22,5.91,5.61,5.42,6.93,6.9,6.89,7.26,7.1,6.75,7.38,7.65,7.39,7.37,7.59,5.44,7.2,7.34,7.39,7.04,7.08,6.92
CDKL3,9.64,9.36,9.48,9.47,8.95,9.48,9.45,9.6,9.49,9.57,9.6,9.31,9.45,6.99,9.51,9.68,9.4,9.43,9.48,9.23,9.39,9.47,9.46,9.61,9.6,9.41,9.47,9.62,9.45,8.18,7.47,7.31,9.39,9.45,9.42,9.59,9.47,9.35,8.78,9.93,9.9,10,9.76,8.3,9.57,9.79,9.43,9.6,9.36,7.1
CDKL3,3.55,3.67,3.73,3.76,3.61,3.48,4.09,3.74,3.72,3.6,3.51,3.74,3.71,3.87,3.53,3.67,4.03,3.57,3.49,3.65,3.64,3.81,3.87,3.67,3.54,3.61,3.57,3.71,3.77,4.47,4.86,3.88,3.47,3.44,3.46,3.52,3.68,3.54,4.34,3.53,3.55,3.54,3.63,4.24,3.8,3.69,3.95,3.79,3.65,3.47
CDKL3,3.39,3.5,3.44,3.49,3.96,3.94,3.96,3.55,3.48,3.7,3.65,3.42,3.52,3.64,3.3,3.95,3.62,3.43,3.55,3.77,3.78,3.76,3.69,4.01,4.04,3.59,3.48,3.63,3.58,4.21,5.4,4.23,3.89,3.39,3.45,3.45,4.01,4.04,4.83,3.77,3.74,3.55,3.83,4.09,3.58,3.54,3.73,3.58,3.73,4.49
CDKL3,6.48,5.99,6.54,6.43,6.12,5.81,5.92,6.51,6.39,6.22,5.94,6.16,6.09,5.39,6.71,6.82,6.24,6.29,6.29,6.43,6.6,6.71,6.22,6.81,7.07,6.84,6.49,6.42,6.52,5.75,6.51,5.11,6.11,6.03,5.98,6.09,6.08,6.06,7.16,6.73,6.66,6.5,5.8,4.46,6.75,6.48,6.7,6.36,6.09,5.44
CDKL3 /// PPP2CA,6.22,6.39,6.16,6.04,5.87,5.97,6.11,5.81,6.32,6.28,6.29,6.01,6.38,5.97,5.98,6.67,6.2,6.18,6.23,6.4,6.18,5.98,6.08,6.09,5.86,6.12,6.14,6,5.94,5.77,5.85,6.66,5.81,6.13,5.92,5.95,5.9,6.02,5.77,5.86,5.94,5.83,5.45,6.02,5.77,7,6.14,6.04,6.37,6.96
CDKL4,4.34,4.74,4.26,4.06,4.15,4.23,4.45,3.98,4.09,3.87,4.12,4.39,4.39,4.95,3.96,4.19,4.03,4.22,4.17,4.12,4.45,4.48,4.14,4.11,4.45,4.09,4,4.13,4.38,5.06,6.23,4.92,4.31,4.23,4.49,4.09,4.11,4.29,4.47,4.13,4.27,4.44,4.2,3.97,4.68,4.08,4.53,4.12,4.43,4.3
CDKL4,3.59,3.77,3.62,3.79,3.76,3.82,4.34,3.68,3.83,3.61,3.85,3.73,3.63,4.72,3.85,3.71,3.7,3.58,3.71,3.54,3.67,3.68,3.85,3.65,3.63,3.63,3.67,3.62,3.86,4.47,4.3,4.27,3.64,3.64,3.59,3.64,3.8,3.41,4.05,3.74,3.8,3.95,3.85,4.15,3.62,4.01,3.79,3.51,3.61,3.84
CDKL5,4.55,4.77,3.87,4.29,4.5,4.75,4.13,3.73,4.58,4.17,4.46,4.46,4.57,5.96,4.01,3.84,4.12,4.12,4.17,3.65,4.22,4.13,4.64,3.8,3.96,4.16,4.15,4.01,4.13,4.2,4.6,5.54,4.2,4.44,4.18,3.88,4.42,4.02,4.31,4.07,4.04,4.14,4.77,4.67,4.25,4.19,3.98,4.22,3.88,4.44
CDKN1A,9.67,9.26,9.79,9.69,9.91,9.99,9.63,9.8,9.87,9.59,9.53,10.18,10.36,8.66,11.52,11.56,11.64,9.65,9.69,9.6,11.28,11.23,11.47,11.49,11.43,11.7,9.77,9.55,9.64,10.36,7.76,8.7,11.71,11.65,11.63,11.63,11.72,11.73,9.99,10.06,9.99,9.74,9.73,8.01,10.06,10.22,10.16,10.37,10.53,8.12
CDKN1A,11.77,11.72,11.9,11.85,12.12,11.97,11.98,11.96,11.72,11.87,11.92,12.28,12.19,12.21,13.36,13.32,13.24,11.8,11.87,11.82,12.99,13.01,13.1,13.3,13.3,13.2,11.88,11.86,11.97,12.3,11.7,12.25,13.32,13.4,13.36,13.39,13.26,13.36,12.12,12.15,12.09,11.9,11.88,11.67,12.12,12.23,12.27,12.37,12.39,12.01
CDKN1B,9,9.34,8.8,9.09,8.66,8.74,8.56,8.54,9.3,8.98,9.01,8.94,9.37,8.51,8.89,8.37,8.98,8.85,9.03,8.97,8.72,8.82,8.99,8.56,8.58,8.81,8.83,8.81,8.93,7.16,5.61,6.82,9.1,9.13,9.1,8.73,8.66,8.82,8.52,8.9,8.81,8.81,8.93,7.44,8.34,8.21,8.32,8.98,9.27,7.28
CDKN1B,7.68,7.32,7.49,7.33,6.85,7,7.97,7.23,7.81,7.49,6.9,7.69,7.48,5.38,7.58,7.3,7.4,7.75,7.56,7.63,7.3,7.26,7.17,7.23,7.24,7.25,7.2,7.29,6.91,5.01,6.68,4,7.92,7.86,7.99,7.45,7.39,7.44,6.07,7.09,7.27,7.15,6.31,5.46,6.96,6.48,7.16,7.22,7.31,5.89
CDKN1C,5.48,5.4,5.17,5.3,5.1,4.86,5.88,5.17,5.33,5.53,5.7,5.35,5.36,5.2,5.74,6,6.53,5.33,5.25,5.29,6.04,5.53,5.82,5.61,6.08,5.83,5.57,5.05,5.18,5.4,5.19,6.21,5.57,5.68,5.34,6.07,5.95,5.71,5.58,5.31,5.2,5.35,5.08,6.29,6.02,6.03,5.85,5.46,5.67,6.08
CDKN1C,4.94,4.77,4.99,5.07,4.67,5.04,4.2,4.48,5.13,4.98,5.38,5.18,4.96,5.57,4.62,4.51,4.55,4.88,5.25,4.75,4.87,4.82,4.95,4.97,5.34,4.63,4.91,4.69,4.58,4.57,6.87,6.21,4.54,5.11,5.26,4.96,4.99,5.08,4.97,5.3,5.08,5.25,4.6,5.23,4.96,5.22,5.14,4.88,4.92,4.92
CDKN1C,5.1,5.25,5.22,4.98,4.74,4.93,4.61,5.07,5.36,5.28,5.55,5.56,5.4,4.5,5.57,5.03,5.67,5.11,5.36,4.93,5.64,5.79,5.71,5.52,5.39,5.38,5.13,5.2,5.07,6.22,7.47,4.55,5.59,5.56,4.99,5.67,5.3,5.29,5.18,5.42,5.47,5.21,5.25,6.17,5.72,5.43,5.34,5.19,5.5,4.81
CDKN1C,5.37,5.82,5.42,5.42,5.06,5.17,5.72,5.15,5.47,5.39,6.12,5.76,5.57,9.32,7.07,5.86,6.64,5.76,5.53,5.14,5.78,5.6,5.73,5.78,5.58,5.88,5.16,5.45,5.46,4.95,6.93,7.03,5.26,6.04,5.48,5.56,5.94,6.32,5.59,5,5.58,5.38,5.98,9.15,6.34,6.33,5.5,5.32,5.12,9.44
CDKN2A,9.4,9.55,9.58,9.53,9.49,9.62,9.11,9.42,9.42,9.45,9.65,9.39,9.24,9.11,9.5,9.45,9.49,9.78,9.81,9.69,9.02,8.87,9.17,9.03,9.04,9.2,9.47,9.49,9.59,9.41,8.48,8.68,9.36,9.29,9.45,9.51,9.48,9.59,9.42,9.55,9.5,9.44,9.48,8.91,9.46,9.45,9.47,9.48,9.51,8.64
CDKN2A,7.07,6.88,7.41,7.37,7.54,7.36,7.2,7.22,7.2,7.2,7.22,7.11,7.01,6.41,7.3,7.4,6.93,7.71,7.61,7.36,6.85,7.09,6.77,7.03,6.91,7.13,7.28,7.38,7.33,6.43,6.56,6.87,7.17,7.26,7.5,7.2,7.25,7.3,6.59,7.49,7.27,7.45,7.2,6.15,7.36,7.25,7.45,7.48,7.27,6.1
CDKN2A,5.85,5.73,6.03,5.92,5.98,6.12,5.83,5.96,5.65,5.97,5.52,5.7,5.77,5.56,5.81,5.9,5.68,6.22,6.12,6.23,5.38,5.7,5.47,5.7,5.31,5.52,5.72,5.8,5.54,5.86,5.29,5.45,5.79,5.74,5.85,5.85,5.52,5.78,6.17,5.41,5.49,5.29,5.33,5.01,5.44,5.95,5.5,6.11,5.75,5.14
CDKN2AIP,6.23,6.38,6.07,6.05,5.84,6.08,6.47,6.26,6.29,6.17,5.87,6.17,6.2,5.83,6.58,6.28,6.37,6.06,6.11,6.19,6.17,6,6.06,5.96,6.03,6.27,6,5.93,6.01,6.69,6.16,5.74,7.04,7.03,6.84,6.13,6.63,6.19,6.52,5.73,5.83,5.89,5.98,5.98,6.09,6.02,6.04,5.87,5.95,5.97
CDKN2AIPNL,6.47,5.82,6.47,6.37,6.28,6.05,6.41,6.35,6.59,6.14,6.11,6.5,6.6,5.19,6.29,6.26,6.36,6.84,6.7,6.46,6.11,5.96,6.13,5.62,5.6,6.4,6.63,6.79,6.53,7.65,7.63,6.29,6.32,6.1,6,6.39,6.44,6.32,7.1,6.32,6.68,6.17,6.22,6.18,6.3,6.17,6.29,6.64,6.69,6.8
CDKN2AIPNL,5.34,5.29,5.44,5.43,5.55,5.39,5,5.54,5.05,5.08,5.12,5.06,5.08,4.52,5.1,4.88,5.31,5.09,5.36,5.44,4.83,5.32,5.3,5.1,5.06,5.05,5.07,4.98,5.29,6.58,5.05,5.56,5.05,5.22,5.15,5.19,5.49,5.23,5.94,5.17,5.45,6.01,5.72,5.87,5.21,5.75,5.45,5.56,5.29,5.03
CDKN2B,4.21,4.11,4.23,4.47,4.5,4.44,4.67,4.21,4.36,4.11,4.17,4.12,4.24,5.26,4.18,4.4,4.13,3.93,4.13,4.35,4.69,4.37,4.33,4.58,4.23,4.29,4.3,3.95,4.81,5.33,7,4.98,4.42,4.44,4.16,4.06,4.21,4.53,6.16,4.15,4.29,4.26,4.13,4.42,4.47,4.34,4.35,4.26,4.31,5.08
CDKN2B,5.05,5.72,5.12,5.09,5.3,4.77,5.3,5.11,5.08,5.23,5.62,5.56,5.38,6.76,5.81,5.38,5.54,5.29,5.07,5.11,5.53,5.75,6.05,5.61,5.63,5.55,4.83,5.28,5.19,4.85,5.73,5.07,5.82,5.85,5.75,5.64,5.19,5.59,4.58,5.38,5.41,5.4,5.5,6.7,5.46,5.17,5.15,5.11,5.49,5.18
CDKN2B,4.56,4.48,4.52,4.39,4.38,4.87,4.67,4.58,4.46,4.55,4.66,4.62,4.67,4.72,5.02,4.74,5.04,4.41,4.52,4.54,4.76,4.65,4.99,4.98,5.27,4.83,4.44,4.45,4.57,5.03,5,4.71,4.97,5.06,5.11,4.85,4.65,5.07,6.9,4.57,4.79,4.92,4.68,5.68,4.59,4.77,4.36,4.64,4.49,4.77
CDKN2BAS,5.39,5.42,4.97,5.16,5.6,5.33,5.29,5.01,5.16,5,5.53,5.29,5.61,6,5.19,5.24,4.88,5.43,5.36,4.79,5.36,5.14,5.2,4.86,5.27,5.27,5.08,5.19,5.52,5.5,6.69,6.92,5.04,5.04,5.19,5.14,5.06,4.96,6.4,5.25,4.96,4.8,5.16,5.14,4.88,5.32,5.44,4.9,5.09,6.14
CDKN2BAS /// MTAP,4.84,4.96,5.35,5.3,5.27,4.7,5.92,5.58,4.85,4.93,5.26,4.81,4.85,6.11,4.69,5.32,5.1,5.12,5.21,5.1,4.82,4.85,4.91,5.25,4.85,4.78,4.98,5.06,4.79,4.65,6.27,6.54,5.1,5.06,5.48,5.08,4.52,4.86,5.73,5.42,5.13,5.12,5,5.96,5.42,4.94,5.42,5.03,5.36,6.3
CDKN2C,7.63,7.48,7.77,7.57,7.74,7.42,7.26,7.81,7.58,7.74,7.67,7.63,7.67,7.19,7.49,7.22,7.15,7.66,7.39,7.66,7.2,7.26,7,7.1,7.14,7.05,7.59,7.61,7.4,6.06,7.64,7.06,7.74,7.75,7.95,7.5,7.32,7.47,6.7,7.38,7.28,6.99,7.13,6.99,7.14,6.95,7.02,7.7,7.59,7.16
CDKN2C,7.64,7.79,7.58,7.63,7.52,7.83,6.74,7.19,7.84,7.77,7.98,7.64,7.84,6.74,7.42,7.11,7.15,7.18,7.22,7.18,6.92,6.98,7.3,6.58,6.78,6.87,7.29,7.47,7.49,5.73,7.75,7.09,7.48,7.44,7.35,7.25,7.05,7.08,6.09,7.02,7.1,6.65,7,7,6.81,6.72,6.58,7.6,7.8,5.61
CDKN2D,7.23,7.53,7.29,7.46,7.5,7.52,6.8,7.6,7.28,7.49,7.6,7.48,7.18,8.51,7.71,7.53,7.6,7.51,7.42,7.48,6.97,6.95,7.31,7.56,7.68,7.47,7.33,7.53,7.41,7.04,6.55,6.35,7.21,7.28,7.32,7.57,7.73,7.66,7.19,7.7,7.7,7.85,7.8,8.08,7.28,7.7,7.34,7.57,7.75,7.57
CDKN3,10.34,10.66,10.38,10.35,10.08,10.25,9.88,10.31,10.33,10.34,10.43,10.27,10.27,8.68,10.08,10.04,9.99,10.48,10.56,10.55,8.8,9.01,8.98,9.28,9.21,9.37,10.37,10.12,10.24,9.76,9.39,8.08,10.32,10.55,10.44,9.94,10.04,10.19,10.54,10.71,10.65,10.02,10.01,8.94,9.78,9.72,9.67,10.54,10.54,8.61
CDKN3,9.89,9.99,9.86,9.79,9.42,9.63,9.43,9.66,9.84,9.81,9.64,9.76,9.75,6.88,9.5,9.42,9.35,10.02,10.15,10.11,8.38,8.25,8.26,8.76,8.74,8.89,9.81,9.67,9.78,9.21,5.7,7.33,9.82,10.03,9.9,9.52,9.51,9.65,9.94,10.14,10.1,9.33,9.28,6.36,9.25,9.03,8.98,10.05,10,7.32
CDKN3,9.85,9.99,9.86,9.88,9.49,9.49,9.79,9.89,9.9,9.97,9.91,9.8,9.82,8.66,9.59,9.5,9.57,10,10.14,10.19,8.52,8.48,8.4,8.82,8.95,8.93,9.81,9.85,9.8,9,7.19,8.11,9.85,10.08,9.94,9.53,9.46,9.65,9.86,10.15,10.12,9.49,9.51,7.62,9.25,9.04,9.16,10.13,10.14,8.05
CDKN3,9.42,9.42,9.43,9.56,8.92,8.88,8.83,9.34,9.55,9.53,9.25,9.36,9.44,7.48,9.05,9.11,8.94,9.65,9.73,9.71,7.95,7.88,7.96,8.52,8.54,8.47,9.42,9.3,9.3,8.9,7.4,6.47,9.42,9.6,9.44,9.28,8.87,9.35,9.43,9.71,9.76,9.04,8.86,6.98,8.83,8.64,8.82,9.78,9.49,7.92
CDKN3,8.71,8.86,8.6,8.68,8.14,8.2,7.85,8.71,8.77,8.84,8.67,8.62,8.62,7.08,8.52,8.45,8.42,8.86,8.87,9.07,7.4,7.48,7.24,7.77,7.84,7.78,8.6,8.76,8.47,7.67,6.08,6.98,8.63,8.86,8.83,8.47,8.17,8.59,8.09,8.95,8.78,8.11,8.11,6.39,8.02,7.79,7.77,8.88,8.7,6.89
CDKN3,6.31,6.16,6.17,6.02,5.89,6.17,5.97,5.99,6.4,6.22,5.77,5.77,6.19,5.21,5.6,5.63,5.81,6.24,6.18,6.33,5.08,4.92,5.08,5.15,5.06,5.31,6.06,5.62,6.08,5.6,5.43,5.52,6.11,6.26,6.33,5.83,5.74,5.86,6.04,6.16,6.41,5.84,5.42,5.45,5.45,5.41,5.43,6.27,6.4,4.84
CDKN3,9.91,9.96,9.78,9.94,9.58,9.4,9.29,9.95,9.97,10.08,9.78,9.91,9.87,8.43,9.69,9.61,9.59,10.14,10.16,10.19,8.7,8.61,8.43,9.04,9.19,9.06,9.8,10.02,9.68,8.9,7.16,7.97,9.82,10.14,10.11,9.82,9.3,9.89,9.6,10.17,10.06,9.42,9.07,8.1,9.32,9.3,9.33,10.12,9.93,8.28
CDKN3,5,4.67,4.84,5.27,5.08,4.88,5.61,5.28,4.88,4.93,5.36,4.95,4.87,6.04,4.76,5.45,4.8,5.18,5.05,4.91,5.05,4.99,5.25,5.03,5.16,4.66,4.98,5.3,5.19,5.3,4.58,6.97,5.4,4.83,5.1,4.73,4.96,4.79,4.36,5.06,4.79,4.88,5.16,6.85,4.68,4.57,4.95,5.09,4.95,6.09
CDNF,4.48,4.26,4.1,4.39,4.25,4.11,4.63,4.16,4.23,4.28,4.29,4.5,4.28,3.92,4.47,4.34,3.96,4.28,4.43,4.55,4.93,4.5,4.6,4.56,4.39,4.68,4.34,4.49,4.21,5.34,4.72,5.15,4.23,4.58,3.94,4.47,4.2,4.51,4.11,4.04,4.14,3.9,4.5,4.15,4.11,3.88,4.28,4.42,4.3,5.3
CDNF,5.16,4.82,5.14,5.16,4.64,4.95,5.16,5.03,5.08,5.04,5.03,5.22,4.99,5.46,5.06,4.81,5.09,5.3,5.14,5.35,5.12,5.3,5.15,5.23,5.18,5.15,4.7,4.84,5.04,4.63,5.56,4.98,4.59,4.48,4.54,4.89,5.3,5.36,4.12,4.6,5.09,4.87,5.02,4.82,4.98,4.34,6.09,5.24,4.88,5.94
CDO1,8.51,8.68,8.71,8.5,8.21,8.73,8.19,8.64,8.71,8.81,8.69,8.78,8.66,7.45,7.66,7.51,7.68,8.61,8.45,8.68,8.42,8.53,8.39,8.04,8.26,8.17,8.62,8.75,8.26,7.53,8.35,8.61,8.26,8.07,8.44,7.92,7.89,8.05,7.86,8.49,8.6,8.55,8.49,7.41,7.46,7.23,7.71,8.93,8.85,7.48
CDON,7.77,7.88,7.56,7.85,8.17,7.91,7.66,7.79,7.61,7.84,7.79,7.69,7.56,7.34,7.57,7.66,7.63,7.05,7.57,7.58,7.8,7.63,7.73,7.67,7.67,7.62,7.77,7.87,7.93,6.96,5.5,6.82,7.23,7.18,7.57,7.75,7.52,7.77,6.95,8.02,7.91,7.81,7.78,6.31,7.95,8.02,8.19,7.56,7.74,5.78
CDON,5.95,5.76,5.66,6.06,6.27,5.81,6.26,6.12,5.87,5.86,5.92,6.05,5.6,7.35,5.58,5.75,5.72,5.77,5.45,5.61,5.97,5.85,6.09,5.92,5.88,5.6,6.06,6.01,6.26,7.46,5.36,7.47,6.11,6.03,5.61,5.76,6.24,5.83,6.53,5.55,5.95,5.79,5.73,5.93,6.12,6.05,6.18,5.97,5.69,7.61
CDON,6.93,6.6,7.14,6.89,6.72,6.54,6.78,6.95,6.82,6.84,6.78,6.93,7.01,6.62,6.67,6.71,6.59,6.45,6.3,6.81,6.91,6.57,6.65,6.64,6.71,6.35,6.55,6.82,6.17,6.67,6.4,6.73,6.49,6.56,6.33,6.71,6.32,6.71,6.6,6.62,6.5,6.66,6.31,7.31,6.66,6.46,6.61,6.47,6.57,7.03
CDR1,3.61,3.71,3.58,3.47,3.75,3.62,3.69,3.54,3.54,3.82,3.72,3.58,3.79,3.68,3.52,3.48,3.4,3.49,3.59,3.5,3.87,3.88,3.74,3.51,4.08,3.66,3.54,3.55,3.71,4.69,5.41,4.64,3.34,3.33,3.45,3.51,3.47,3.55,4.38,3.56,3.75,3.7,3.57,3.68,3.59,4.89,3.46,3.48,3.54,4.23
CDR1,4,4.69,4.13,4.34,3.72,3.82,4.15,4.09,4.29,4.08,4.13,4.36,4.44,4.66,4.09,3.77,3.99,4.29,3.89,3.78,4.28,4.59,4.32,3.64,4.06,4.04,3.96,3.96,4.3,4.71,5.58,5.27,4.18,4.36,4.11,3.84,3.84,3.77,4.44,4.01,3.96,3.87,3.9,4.76,3.96,3.87,4.15,3.91,4.18,4.36
CDR2,9.39,9.51,9.15,9.33,9.15,9.09,8.57,9.23,9.53,9.38,9.46,9.42,9.39,8.54,9.14,8.91,9.11,9,9.09,9.18,9,9.2,9.24,8.99,8.81,9.09,9.26,9.37,9.21,8.57,7.37,7.4,9.12,9.35,9.36,9.03,8.9,8.9,8.76,9.37,9.32,8.98,9.03,8.61,8.86,8.59,8.8,9.42,9.4,7.39
CDR2,8.2,8.03,7.96,8.12,7.82,7.78,7.82,8.18,8.04,8.19,7.87,8.2,8.1,7.84,7.88,7.93,7.85,7.99,7.85,8.07,8.01,8.11,7.66,7.89,7.93,7.79,8.03,8.15,7.79,7.45,6.54,7.42,8.17,8.22,8.35,7.81,7.44,7.83,7.9,8.22,8.02,7.64,7.89,6.9,7.6,7.59,7.88,8.11,7.96,8.01
CDR2L,3.72,3.8,3.45,3.71,3.93,3.62,4.18,4.56,3.51,3.55,3.72,3.76,3.7,4.45,3.65,3.37,3.74,3.72,3.58,3.79,3.69,3.53,3.65,3.84,3.32,3.47,3.4,3.65,3.65,4.38,4.1,4.34,3.77,3.63,3.86,3.47,3.69,3.46,3.76,3.65,3.73,3.79,3.41,4.92,3.59,3.66,3.59,3.8,3.8,4.47
CDR2L,5.84,5.7,6.23,6.15,6.4,6.49,6.79,6.2,5.87,5.59,6.1,5.82,5.41,6.41,6.01,5.94,5.64,5.89,5.9,5.84,5.8,5.88,5.64,5.86,6.1,5.95,5.83,5.96,6.19,7.08,6.53,6.95,6.23,5.99,6.18,5.88,5.59,5.8,6.13,5.9,6.32,6.1,5.8,6.68,6.1,6.29,6.2,6.04,5.92,6.23
CDRT1,4.94,5.05,5.11,4.82,5.25,4.95,4.65,5.04,4.51,5.02,5,4.78,4.82,5.9,4.96,5.17,4.96,4.66,4.95,4.78,5.33,5.1,5.11,4.66,4.8,5,4.96,4.6,4.98,4.67,5,6.16,4.92,4.71,5.19,4.98,5.34,5.04,5.78,4.95,5.02,5.1,4.71,6.51,5.09,4.71,4.92,5.12,4.98,6.86
CDRT1 /// FBXW10,4.09,3.86,4.23,4.15,3.96,4.69,4.24,4.27,4.08,4.18,4.11,4.19,3.82,4.42,4.07,3.82,4.33,4.29,4.01,4.11,4.27,4.09,3.92,4.36,3.84,3.98,3.78,4.24,4.18,5.83,6.12,4.5,3.91,4.15,3.81,4.27,4.35,4.09,4.83,3.93,4.37,4.41,4.44,5.52,4.4,4.23,4.16,4.04,4.09,4.91
CDRT15 /// CDRT15P,3.97,4.13,3.99,4.13,3.92,4,5.15,3.88,3.92,3.76,4.15,4.26,3.95,4.24,4.11,4.35,4.3,3.96,3.96,3.92,3.98,4.22,4.17,4.02,4.02,3.89,4.15,4.32,4.07,4.52,4.1,4.87,4.1,4,3.81,4.23,3.78,4.17,4.34,3.95,4.18,4,3.75,4.5,4.11,4.47,3.98,4.18,4.18,4.18
CDRT15P,4.52,4.17,4.51,4.09,4.21,4.99,4.3,4.39,4.13,4.34,4.22,4.18,4.3,4.27,4.47,4.29,4.29,4.26,4.55,4.09,4.36,4.51,4.21,4.37,4.23,4.19,4.22,4.73,4.43,4.42,5.07,5.83,4.26,4.55,4.44,4.24,4.13,3.93,4.38,4.36,4.51,4.21,4.75,5.2,4.31,4.35,4.86,4.22,4.39,5.38
CDRT15P,4.58,4.4,4.64,4.58,4.38,4.22,4.66,3.91,4.44,4.54,4.84,4.49,4.67,4.89,4.36,4.55,4.73,4.41,4.45,4.54,4.65,4.51,4.66,4.38,4.28,4.32,4.77,4.61,4.28,4.44,6.94,5.22,4.61,4.77,4.36,4.48,4.78,4.31,4.47,4.42,4.14,4.55,4.71,4.96,4.61,4.27,4.03,4.66,4.37,5.41
CDRT4 /// FAM18B2,3.89,4.01,4.12,3.78,3.75,4,3.68,4.07,4.04,3.76,3.87,3.86,3.77,3.84,3.56,3.91,3.85,4,3.76,3.78,4.05,3.77,3.82,4.27,4.48,3.78,3.81,3.73,3.79,5.53,4.6,3.75,3.72,4.01,3.99,4.05,4,4.2,3.97,3.87,3.69,3.63,4.3,5.68,3.93,3.66,3.42,3.72,4.01,4.37
CDRT4 /// FAM18B2,5.12,4.85,5.28,5.42,5.41,5.36,5.41,4.89,5.04,5.13,5.08,4.98,4.99,4.48,5.5,5.06,5.22,5.1,5.29,5.34,5.22,5.68,5.44,5.47,5.63,5.32,5.08,5.36,5.21,5.1,5.01,4.93,4.62,4.83,5.03,5.55,5.06,5.25,4.94,5.81,5.69,5.81,6.27,6.31,5.23,6.03,5.81,5.22,5.9,4.91
CDS1,4.55,4.62,4.45,4.6,4.15,4.68,4.53,4.62,4.48,4.61,4.69,4.76,4.55,4.85,4.63,5.35,4.25,4.26,4.8,4.41,4.67,4.24,4.7,4.42,4.57,4.52,4.15,4.45,4.6,4.18,5.8,4.72,4.73,4.26,5,4.77,4.29,4.06,4.25,4.3,4.53,4.19,4.46,4.17,4.66,4.05,4.4,4.22,4.17,4.83
CDS1,4.6,4.53,4.42,4.73,4.59,4.28,5.46,4.7,4.82,4.43,4.84,4.77,4.77,4.86,4.82,4.58,4.55,4.64,4.67,4.81,4.51,4.84,4.58,4.41,4.79,4.7,4.46,4.61,4.48,5.28,5.88,5.02,4.55,4.54,5,4.74,4.68,4.47,4.94,4.46,4.68,4.8,4.32,4.54,4.38,4.53,4.6,4.72,4.7,6.22
CDS1,4.07,3.67,4.12,3.74,3.59,3.64,3.87,3.4,3.68,3.73,4.16,3.92,3.55,4.31,3.89,3.64,3.66,3.63,3.66,3.53,4.22,4,3.57,3.97,3.62,3.57,3.81,3.76,3.68,4.2,7.36,3.98,3.97,3.85,3.91,3.52,3.85,3.6,4.05,3.61,3.62,4.05,3.75,3.92,3.84,3.35,4.01,3.76,3.99,3.98
CDS2,9.03,8.93,8.93,8.93,8.99,9.01,8.67,9.07,8.85,8.98,8.97,9.09,8.96,9.03,9.02,9.08,9.07,9.02,8.79,8.9,9.29,9.34,9.12,9.3,9.25,9.17,9.03,8.94,8.96,7.67,8.47,8.55,9.1,9.28,9.21,9.13,9.09,9.08,8.31,9.02,8.95,8.88,9.12,8.87,9.01,8.64,8.69,8.89,9.04,9.3
CDS2,8.93,8.91,9.02,8.97,8.87,8.95,8.77,8.99,8.77,8.95,8.85,9.03,8.99,6.43,9.14,9.07,9.21,8.88,8.89,8.78,9.33,9.1,9.25,9.27,9.14,9.2,8.95,8.8,8.79,8.45,5.13,6.26,9.32,9.36,9.05,9.13,8.98,9.19,8.64,8.97,9.06,8.67,8.64,6.33,8.53,8.71,8.65,8.88,8.96,7.61
CDSN,4.83,4.65,4.65,4.84,5.17,4.75,4.69,4.45,4.63,4.53,4.51,4.53,4.61,6.52,4.61,4.42,4.54,4.88,4.49,4.53,4.64,4.54,4.37,4.58,4.46,4.37,4.87,4.41,4.42,5.3,5.46,5.52,4.73,4.37,4.55,4.21,4.35,4.38,4.4,4.2,4.44,4.75,4.5,5.1,4.47,5.02,4.19,4.21,4.61,5.61
CDT1,9.2,9.47,9.46,9.38,9.63,9.52,9.13,9.45,9.15,9.47,9.55,8.9,8.83,7.98,9.31,9.15,9.28,9.33,9.27,9.18,8.25,8.12,8.49,8.59,8.67,8.47,9.49,9.43,9.54,9.59,7.19,8.31,9.77,9.65,9.57,9.41,9.37,9.47,9.27,9.22,9.32,9.76,9.88,6.95,9.21,9.09,9.16,8.95,9.18,7.47
CDT1,6.82,7.27,7.3,7.11,7.1,7.25,7.91,7.27,7.06,6.96,6.98,6.7,6.62,4.88,7.22,7.01,7.11,7.42,7.16,6.99,6.41,6.26,6.75,6.84,6.61,6.77,7.28,6.88,7.38,7.12,6.18,5.03,7.36,7.35,7.58,7.38,7.45,7.45,5.84,6.95,6.95,7.93,7.99,6.36,6.77,7.13,6.93,6.75,6.96,5.32
CDT1,7.33,7.22,7.57,7.49,7.14,7.32,7.25,7.54,7.44,7.39,7.44,6.96,6.8,5.4,7.62,7.5,7.76,7.44,7.69,7.65,6.6,6.65,6.86,7.08,7.14,6.94,7.73,7.39,7.37,6.38,5.91,6.16,7.98,7.93,7.73,8.03,7.56,8.07,6.97,7.48,7.29,8.39,8.13,6.33,7.11,7.11,7.44,7.02,7.22,5.97
CDV3,9.18,9.11,9.28,9.11,9.51,9.32,9.57,9.02,9.08,9.02,9.01,9.16,8.95,7.75,8.65,8.66,8.84,9.41,9.34,9.2,9.16,8.96,8.87,9.06,8.82,9.08,9.31,8.96,9.24,9.58,8.27,7.83,9.23,8.95,9,8.84,9.11,8.81,9.81,9.36,9.51,9.04,9.08,8.31,9.64,9.41,9.4,9.33,9.28,6.93
CDV3,10.55,10.4,10.55,10.58,10.5,10.32,10.69,10.55,10.48,10.5,10.22,10.42,10.54,9.67,10.11,10.15,10.27,10.64,10.54,10.59,10.4,10.21,10.14,10.29,10.15,10.28,10.56,10.45,10.49,9.99,8.9,8.7,10.26,10.21,10.09,10.01,10.23,10.22,10.68,10.58,10.61,10.42,10.52,9.09,10.68,10.57,10.57,10.58,10.53,9.54
CDV3,10.55,10.39,10.48,10.52,10.52,10.29,10.35,10.52,10.42,10.56,10.16,10.37,10.55,9.39,10.03,10.12,10.22,10.59,10.47,10.48,10.44,10.31,10,10.16,10.18,10.21,10.55,10.48,10.32,9.96,8.96,8.85,10.32,10.21,10.15,9.94,10.12,10.09,10.5,10.51,10.61,10.37,10.46,8.43,10.63,10.78,10.5,10.56,10.49,9.44
CDX1,4.82,5.06,5.06,4.65,4.71,5.1,4.99,5.07,5.05,4.7,5.06,4.96,4.79,5.24,4.91,5.02,4.68,4.93,4.85,5.12,4.96,5.05,4.88,4.71,4.86,4.44,5.26,4.85,4.91,5.13,6.22,5,5.03,4.89,5.01,4.87,4.56,4.96,5.62,4.92,4.58,5.42,5.53,5.82,4.79,5.02,5.22,4.8,4.94,4.95
CDX1,3.56,3.78,3.61,3.8,3.97,4.01,3.61,3.56,3.48,3.65,3.97,3.58,3.78,5.83,3.51,3.75,3.56,3.99,3.93,3.53,3.6,3.79,3.7,3.53,3.83,3.66,3.86,3.55,3.62,4.92,4.3,4.85,3.92,3.82,3.68,3.62,3.7,3.73,3.8,3.79,3.93,3.52,3.98,4.67,3.81,3.86,3.5,3.91,3.57,3.75
CDX2,3.44,3.58,3.87,3.49,3.91,3.72,4.08,3.76,3.56,3.48,3.77,3.69,3.45,4.79,3.76,3.84,3.68,4.11,3.79,3.59,3.63,3.8,3.74,3.53,3.91,3.49,3.59,3.83,3.78,3.4,4.99,4.52,3.57,3.71,3.88,3.68,3.59,3.54,4.13,3.51,3.79,3.89,3.79,4.34,3.6,3.38,3.86,3.66,3.49,5.14
CDX4,3.91,3.94,4,4.02,4,3.87,3.87,4.01,3.84,4.02,3.92,3.92,4.02,5.3,3.97,3.95,3.76,4.08,3.68,3.95,3.73,3.99,4.15,3.95,3.6,3.94,3.85,4,4.2,4.52,4.19,4.05,3.84,3.83,4.12,3.94,3.73,4.2,4.24,4.15,3.83,3.84,3.92,4.38,4.25,3.87,3.53,4.23,3.7,4.69
CDY1 /// CDY1B,3.73,3.74,3.73,3.69,3.6,3.61,4.13,3.4,3.69,3.68,3.89,3.83,4.11,3.53,3.43,3.51,3.73,3.48,3.47,3.69,3.71,3.81,3.88,3.45,3.61,3.46,3.77,3.51,3.89,5.27,4.34,5.25,3.6,3.97,3.54,3.61,3.65,3.61,3.89,3.45,3.36,3.49,3.74,4.21,3.72,3.71,3.83,3.51,3.48,4.37
CDY1 /// CDY1B,3.53,3.8,3.91,3.73,3.79,4.04,4.4,3.75,3.87,3.77,3.7,3.81,3.87,3.95,3.61,3.6,3.72,3.61,3.67,3.77,3.81,3.85,3.91,3.71,3.74,3.81,3.66,3.63,3.67,4.39,4.29,5.31,3.79,3.92,3.82,3.62,3.88,3.75,4.4,3.71,3.65,3.84,4.02,4.03,3.94,3.79,3.83,3.61,3.8,5.62
CDY1 /// CDY1B /// CDY2A /// CDY2B,4.26,4.38,4.03,4.14,4.08,3.99,5.03,3.83,4.23,4.06,4.02,4.33,4.65,4.04,4.08,4.69,4.15,4.41,4.11,4.19,4.39,3.88,4.21,3.9,3.77,4.2,3.9,4.13,4.38,4.03,5.11,4.08,4.52,4.18,3.98,3.74,4.26,3.94,4.7,3.95,3.94,4.22,4.17,4.51,3.78,3.81,3.98,3.82,4.16,4.12
CDYL,8.93,9.03,8.91,8.97,9.02,9.02,8.91,9.25,8.97,8.97,8.95,8.89,8.74,7.51,9.02,8.87,8.91,9.09,9.08,9.01,8.66,8.82,8.73,8.98,8.97,8.91,8.93,8.98,8.78,8.1,7.13,8.98,9.08,9.04,9.06,9.09,8.95,8.95,8.58,8.93,9.02,8.82,8.86,9.52,9.04,8.86,9.21,8.94,8.91,8.31
CDYL,7.17,6.67,7.14,7.23,6.78,7.09,5.74,6.89,7.17,7.15,6.95,7.01,6.83,6.18,6.93,6.96,6.9,6.61,6.88,6.88,6.52,6.8,6.67,6.79,6.87,6.98,7.09,7.25,6.94,7.13,4.61,4.37,7.4,7.49,7.23,6.93,6.93,7,6.46,7.43,7.38,6.12,6.31,4.36,6.91,6.63,6.82,7.19,7.23,5.26
CDYL,7.59,7.64,7.51,7.65,7.14,7.28,6.94,7.64,7.82,7.76,7.35,7.54,7.54,6.02,7.65,7.53,7.72,7.8,7.63,7.69,7.39,7.47,7.31,7.53,7.6,7.48,7.47,7.72,6.99,7.67,4.73,4.95,7.61,7.74,7.32,7.7,7.43,7.48,6.69,7.51,7.41,7.17,7.12,6.89,7.53,7.42,7.62,7.72,7.54,6.5
CDYL2,5.51,5.13,5.64,5.55,5.4,5.81,5.14,6.09,5.56,5.11,5.1,5.41,5.22,5.51,5.37,5.45,5.57,5.51,5.17,5.5,5.27,5.43,5.21,5.65,5.8,5.57,5.52,5.67,5.43,4.68,5.59,5.39,5.83,5.78,5.47,5.54,5.49,5.61,6.22,5.59,5.65,5.55,5.68,5.35,5.44,5.61,5.82,5.32,5.52,5.42
CEACAM1,5.04,5.55,4.99,4.94,5.01,4.89,5.36,4.47,5.42,4.95,5.54,5.45,5.84,5.22,5.48,5.04,5.22,4.97,5.09,5.21,5.24,5.54,5.2,5.14,4.62,4.99,4.99,4.97,4.86,4.45,7.35,6.46,5.45,5.16,5.67,5.04,4.68,5.06,4.83,4.87,4.8,5.11,4.88,4.88,4.91,4.34,4.37,4.86,4.61,5.41
CEACAM1,5.17,5.03,5.05,5.46,5.38,5.19,5.27,5.14,5.46,5.33,5.31,5.21,5.36,6.93,5.22,5.44,5.41,5.43,5.47,5.4,5.24,5.23,5.3,5.18,5,5.39,5.18,5.51,4.99,6.91,6.48,7.19,5.31,5.15,5.39,5.22,5.33,5.02,4.55,5.17,4.87,5.24,5.85,7.69,5.08,5.31,5.03,5.13,5.18,7.42
CEACAM1,4.19,4.41,4.29,4.15,4.5,4.51,4.24,4.35,4.42,4.15,4.25,4.43,4.56,5.32,3.99,4.25,4.1,4.49,4.2,4.09,4.58,4.16,4.52,4.29,4.01,4.25,4.04,4.14,4.22,4.98,6.41,4.6,4.23,4.17,3.8,3.93,4.41,4.05,4.68,4.28,4.29,4.35,3.93,4.9,4.1,4.2,4,4.05,4.05,4.44
CEACAM1,4.78,4.49,4.53,4.72,4.57,4.7,4.86,4.49,4.78,4.48,4.74,4.67,4.36,5.2,4.66,4.82,4.48,4.6,4.29,4.5,4.6,4.79,4.67,4.83,4.93,4.74,4.56,4.66,4.51,4.54,5.25,5.27,4.4,4.8,4.86,4.76,4.6,4.75,4.45,4.61,4.56,4.9,4.87,4.68,4.73,4.55,4.97,4.64,4.43,5.48
CEACAM1,4,3.78,4.14,4.08,4.22,4.44,4.12,3.81,3.97,3.82,4.01,3.99,3.88,4.85,4.05,4.42,4,4.07,3.77,3.95,3.86,4.09,3.8,4.19,4.17,3.97,3.99,4.08,3.95,5.98,6.4,4.33,3.76,3.98,4.25,4.09,4.31,3.94,4.23,4.21,3.69,4.55,4.48,4.64,3.97,4.25,4.19,4.01,4.13,4.3
CEACAM1,4.25,4.3,4.28,4.35,3.99,4.72,4.34,3.97,4.16,4.32,4.69,4.26,4.1,4.43,4.3,4.2,4.11,4.29,4.27,4.34,4.31,4.26,4.29,3.98,4.53,4.01,4.33,4.15,4.22,4.07,5.14,4.6,4.2,4.15,4.25,4.38,4.23,4.31,3.95,3.96,4.08,4.58,4.37,5.88,4.14,4.46,4.27,3.85,4.12,5.6
CEACAM1,3.94,4.17,3.96,4.22,4.63,4.36,4.14,3.85,4.01,4.18,4.59,4.3,4.07,4.17,4.12,3.87,4.02,4.22,4.15,4.06,4.27,4.29,4.52,3.98,4.35,4.36,4.1,4.44,4.23,3.96,5.93,4.49,4.41,4.24,4.48,4.21,4.36,4.28,4.18,3.93,4.12,4.8,4.1,4.51,3.75,4.61,4.12,4.39,4.11,4.92
CEACAM1,3.59,3.67,3.87,3.93,4.22,4.4,3.41,4.42,3.79,3.86,3.76,3.85,3.49,6.39,4.26,3.95,3.95,3.91,4.14,3.76,3.67,3.74,3.77,4.42,4.58,3.83,3.58,3.81,3.62,4.81,7.56,3.65,3.72,3.68,3.93,4,3.83,3.89,4.04,3.49,3.65,3.92,3.89,5.42,4.06,3.82,3.77,3.67,3.58,3.88
CEACAM1,4.3,4.31,4.35,4.31,4.42,4.22,4.76,4.19,4.41,4.28,4.37,4.58,4.32,5.84,4.67,4.69,4.43,4.49,4.86,4.5,4.36,4.19,4.41,4.82,4.18,4.62,4.54,4.34,4.49,4.85,4.5,4.71,4.46,4.43,4.75,4.76,4.08,4.66,4.67,4.18,4.42,4.86,4.77,4.73,4.23,4.59,4.38,4.56,4.75,6.1
CEACAM16,3.79,4.04,4.21,3.97,4.08,4.34,4.35,4.22,3.82,3.95,4.01,3.83,3.72,3.87,4.03,3.96,3.83,3.89,3.89,4.06,4.03,4.12,3.93,3.8,4.15,4.04,4.04,3.97,4.13,4.56,4.12,4.48,4.01,3.91,3.8,4.04,4.25,3.9,3.71,4.26,4.4,3.8,4.09,4.84,4.77,3.88,4.51,4.18,3.93,5.26
CEACAM18,4.11,4.22,4.52,4.26,4.74,4.35,4.5,4.32,4.13,4.35,4.33,4.28,4.16,4.42,4.39,4.36,4.42,4.44,4.57,4.3,4.24,4.37,4.38,4.2,4.63,4.44,4.22,4.37,3.9,4.93,4.49,4.99,4.16,4.32,4.42,4.35,4.79,4.34,4.42,4.34,4.6,4.1,4.77,5.26,4.72,4.68,4.55,4.56,4.26,4.64
CEACAM19,5.86,5.72,5.41,5.71,6.33,5.81,5.04,5.68,5.73,5.96,5.65,5.92,5.61,6.78,5.62,5.61,5.6,5.76,5.66,5.58,6.17,5.8,5.78,6.03,5.72,5.43,5.83,5.98,5.81,5.64,7.95,5.63,5.86,5.63,5.79,5.72,5.8,5.4,5.11,5.9,5.89,5.88,6.08,6.24,5.6,5.36,5.63,5.54,5.54,6.76
CEACAM19,5.99,6.19,5.99,6.29,6.71,6.15,6.51,6.13,6,5.9,6.22,6.14,6.07,7.85,6.06,6.1,5.92,6.18,6.1,6.08,6.25,6.2,6.04,6.11,6.24,6.21,5.81,6.09,5.82,6.47,8.58,7.9,5.98,5.86,5.82,6.09,6.17,5.9,6.54,6.35,6.25,6.46,6.47,8.17,6.24,6.13,6.35,6.24,6.06,8.13
CEACAM19,5.38,5.15,5.52,5.58,5.27,5.46,5.4,5.68,5.49,5.01,5.44,5.31,5.23,6.74,5.35,5.42,5.16,5.39,5.06,5.57,5.24,5.37,5.56,5.29,5.33,5.53,5.24,5.61,5.51,5.88,7.12,5.75,4.99,5.21,5.44,5.42,5.11,5.45,5.21,5.39,5.35,5.66,5.58,7.13,5.31,5.62,5.74,5.41,5.39,7.03
CEACAM20,4.07,3.77,3.68,4.04,4.44,4.23,4.31,4.08,3.74,4.17,3.98,4.18,3.92,3.92,3.72,4.06,3.72,4.27,4.19,3.82,4.18,3.76,4.02,3.59,3.99,3.79,3.95,3.95,3.93,5.69,4.7,4,3.79,3.86,4.11,3.94,3.63,3.82,4,3.94,3.62,3.98,3.63,4.31,3.72,3.41,4.08,4.07,3.72,4.57
CEACAM21,5.87,5.9,5.8,5.8,6.54,6.07,5.86,6.43,5.74,5.71,6.1,6,5.76,6.51,6.11,5.93,5.9,5.95,5.97,5.93,5.88,6.32,5.69,5.75,6.27,5.75,6,6.24,6.12,6.57,6.84,6.88,5.96,6.13,6.08,5.94,6.02,5.78,5.83,5.96,5.81,6.32,6.23,6.73,5.66,6.53,5.9,5.63,5.99,7.34
CEACAM21,4.58,4.57,5.16,4.9,4.95,5.03,4.97,5.08,4.75,4.89,4.72,4.69,4.69,5.98,5,4.96,4.92,4.44,4.85,5.05,4.87,4.68,4.71,4.95,5.03,4.9,5.39,4.76,4.87,5.91,6.01,6.13,4.76,4.73,4.8,5,4.7,4.9,4.8,4.9,4.66,4.58,4.93,5.75,5.18,4.87,4.9,4.87,5.05,6.29
CEACAM21,4.08,3.68,4.06,3.91,4.41,3.69,4.01,4.23,3.8,3.76,3.81,3.93,3.79,4.68,3.79,3.82,3.83,4.04,3.85,3.87,3.72,3.8,3.68,4.23,4.31,3.67,4.22,3.87,3.88,5.51,4.86,3.96,3.89,3.72,3.72,3.8,3.76,3.88,4.17,4.01,4.29,4.11,4.01,5.01,4.2,4.19,3.92,4.02,3.73,6.21
CEACAM3,4.11,4.02,4.2,4.25,4.24,4.46,4.25,4.41,4.34,4.32,4.61,4.34,4.2,4.24,4.15,4.12,4.05,4.16,4.44,4.5,4.36,4.27,4.39,4.04,4.13,4.06,4.2,4.31,4.58,4.25,4.83,4.25,4.08,3.93,4.02,4.18,4.07,4.21,4.42,4.14,4.45,3.98,4.06,5.41,4.38,4.7,4.07,4.5,4.08,6
CEACAM3,4.01,3.64,3.89,3.77,4.36,3.94,4.44,3.88,3.77,3.75,3.75,3.69,3.72,4.83,3.96,4.06,3.82,4.03,3.97,4.12,3.76,3.83,3.67,4.06,4.02,3.87,3.98,3.8,4.01,4.26,5.07,5.63,3.96,3.94,4.11,3.85,3.88,3.77,4.24,3.77,4.03,3.96,3.89,5.17,4.5,4.43,4.03,3.84,3.93,5.03
CEACAM3,4.53,4.65,4.57,4.68,4.28,4.53,4.67,4.35,4.59,4.51,4.6,4.43,4.61,5.42,4.47,4.81,4.38,4.85,4.48,4.52,4.7,4.56,4.77,4.51,4.62,4.57,4.37,4.59,4.65,4.83,5.31,5.88,4.36,4.46,4.74,4.42,4.54,4.56,4.59,4.67,4.73,4.6,4.47,5.64,4.59,4.67,4.58,4.74,4.41,5.17
CEACAM4,3.66,3.66,3.74,3.74,3.46,3.29,3.62,3.35,3.57,3.45,3.73,3.69,3.6,3.66,3.68,3.25,3.4,3.61,3.77,3.24,3.53,3.72,3.74,3.48,3.45,3.42,3.61,3.57,3.59,4.53,4.2,3.99,3.67,3.78,3.56,3.61,3.64,3.5,3.51,3.53,3.45,3.7,3.54,3.76,3.3,3.47,3.56,3.42,3.42,3.91
CEACAM4,3.66,3.57,3.99,3.76,4.02,3.62,3.99,3.7,3.78,3.55,3.85,3.69,3.59,4.23,3.58,3.66,3.67,4.01,3.8,3.55,3.77,3.68,3.89,3.74,3.78,3.65,3.82,3.75,3.67,3.77,4.75,3.6,3.76,3.61,3.56,3.61,3.78,3.79,3.99,3.68,3.56,3.65,3.55,5.63,3.48,4.25,3.76,3.6,3.66,4.2
CEACAM4,4.1,4.12,4.37,4.28,4.79,4.86,4.68,5.07,4.39,4.17,4.32,4.31,4.19,5.45,4.2,4.3,4.17,4.44,4.53,4.1,4.02,4.4,4.36,4.56,4.43,4.67,4.33,4.47,4.52,6.92,7.1,4.5,4.09,4.04,4.43,4.34,4.46,4.34,4.81,4.53,4.53,4.6,4.55,4.76,4.76,4.82,4.55,4.17,4.23,5.94
CEACAM4,5.43,5.08,5.52,5.47,5.82,5.7,5.88,5.33,5.33,5.36,5.62,5.44,5.32,6.47,5.39,5.84,5.55,5.36,5.66,5.27,5.6,5.99,5.55,5.57,5.52,5.49,5.46,5.58,5.52,5.75,6.33,6.64,5.38,5.33,5.96,5.57,5.28,5.48,5.92,5.17,5.54,5.53,5.77,6.81,5.86,5.55,5.25,5.56,5.49,6.67
CEACAM5,4.01,4.49,4.13,3.98,4.18,4.06,5.22,3.97,4.2,4.18,4.34,4.37,4.5,5.29,4.08,4.46,3.78,3.95,4.02,4.06,4.14,4.23,4.34,4.04,4.06,3.93,3.93,4.21,4.36,4.39,4.47,4.71,4.49,4.14,4.23,4.24,3.86,4.29,4.61,3.97,3.98,4,4.04,4.44,4.18,3.86,4.33,3.9,4.2,4.12
CEACAM5,3.72,4.17,3.66,4.01,3.57,3.71,4.08,3.79,3.83,3.76,3.94,3.95,3.84,4.52,3.78,3.83,3.71,3.56,3.89,3.69,4.38,4.06,3.87,3.62,3.72,3.6,3.79,3.81,4.17,4.63,5.44,4.08,3.96,4.19,3.89,3.85,3.6,3.62,4.28,3.74,3.66,3.74,3.63,5.43,3.65,3.54,3.71,3.59,3.68,4.18
CEACAM5,3.6,3.54,3.59,3.35,3.69,4.04,4.68,3.56,3.68,3.49,3.77,3.52,3.65,3.65,3.56,3.43,3.54,4.02,3.48,3.5,3.92,3.54,3.71,3.29,3.65,3.37,3.37,3.49,3.61,4.98,4.93,4.01,3.9,3.43,3.43,3.45,3.55,3.64,4.24,3.55,3.72,3.68,3.66,4.43,3.83,3.51,3.64,3.36,3.58,3.7
CEACAM6,4.99,4.9,4.92,5.38,5.17,4.88,5.91,5.28,5.21,5.16,5.02,5.03,5.04,5.72,5.27,5.02,5.03,5.43,5.55,5.11,5.44,5.11,5.04,5.14,5.12,5.47,5.07,5.31,5.21,5.01,5.94,5.76,5.09,5.22,5.36,5.25,5.34,5.39,4.9,5.02,5.12,5.49,5.14,6.79,5.43,5.27,5.37,5.29,5.3,6.8
CEACAM6,4.16,3.99,4.24,4.09,4.33,4.61,4.79,4.07,4.12,3.95,4.11,4.12,4.05,4.63,4.18,4.22,4.07,4.29,4.08,4.55,4.12,4.3,4.08,4.19,4.14,4.22,4.12,4.26,4.31,4.01,4.79,4.75,4.2,4.19,4.23,4.06,4.06,4.28,4.52,4.06,4.3,4.35,4.19,4.46,4.19,4.26,4.26,3.88,4.07,4.32
CEACAM6,4.48,4.4,4.02,4.47,4.21,4.51,4.04,4.36,4.11,4.19,4.52,4.52,4.54,4.73,4.27,4.31,4.1,4.11,4.11,4.1,4.41,4.22,4.44,4.24,4.13,4.09,4.25,4.28,4.21,4.34,5.5,4.7,4.45,4.43,4.53,4.19,4.19,4.37,4.58,4,4.06,4.16,4.19,4.54,4.34,3.94,4.17,4.25,4.15,4.97
CEACAM7,3.7,3.62,3.64,3.64,3.74,3.66,4.51,3.89,3.62,3.74,3.51,3.83,3.56,4.47,3.66,3.86,3.61,3.51,3.61,3.64,3.6,3.59,3.83,3.56,3.58,3.67,3.62,3.54,3.8,4.44,5.43,4.37,3.6,3.57,3.74,3.36,3.77,3.49,5.03,3.38,3.79,3.52,3.74,4.16,3.92,3.53,3.56,3.58,3.49,4.59
CEACAM7,4.17,3.94,3.8,4.03,4.41,4.15,3.9,4.31,4.14,3.97,4.17,3.86,3.96,5.87,3.94,4.34,3.72,4.04,3.77,3.97,3.84,4.38,4.29,4.14,4.17,4.05,3.9,4.3,4.1,5.04,4.61,5.62,4.2,3.78,4.41,4.1,4.06,3.72,4.32,3.97,3.64,3.81,4.17,6.47,3.8,3.43,4.65,4.15,4.07,4.21
CEACAM7,4.72,4.42,4.7,4.72,4.98,5.33,5.65,4.71,4.62,4.68,4.98,4.72,4.65,6.18,4.67,4.88,4.53,4.73,4.94,4.77,4.88,4.68,4.75,4.55,4.87,4.76,4.79,4.91,4.71,5.06,5.98,6.43,4.95,4.69,4.59,4.66,4.66,4.71,5.01,5,4.89,4.83,4.86,6.44,4.44,4.62,4.64,4.8,4.57,6.23
CEACAM7,3.71,4.04,3.94,3.78,3.94,4.28,4.55,3.9,3.88,3.83,4.06,4.22,3.69,5.26,3.73,3.84,3.79,3.7,3.79,3.58,3.97,3.82,3.71,3.77,3.76,3.69,3.58,3.71,3.91,3.94,5.08,4.62,3.73,4.04,3.96,3.72,3.78,3.82,5.06,3.68,3.72,3.64,3.73,3.68,3.91,3.84,3.89,3.58,3.7,4.75
CEACAM8,3.72,3.9,3.87,4.01,3.82,4.18,4.03,3.73,3.92,3.87,4.04,4.03,4.06,4.99,3.91,3.74,3.84,4.04,4.08,3.86,4.01,4.07,3.96,3.78,3.95,3.8,3.84,3.89,4,4.81,5.45,4.68,3.95,3.92,3.94,3.78,3.85,3.75,3.98,3.91,3.72,3.76,3.98,4.68,4.07,3.7,3.73,3.86,3.83,4.76
CEACAM8,3.75,3.7,3.6,4.14,3.93,3.64,4.15,3.39,3.52,3.48,3.85,3.68,3.64,4.57,3.47,3.72,3.53,3.75,3.85,3.46,3.74,3.74,3.55,3.63,3.62,3.39,3.56,3.5,3.68,4.17,5.49,5.82,3.73,3.6,3.6,3.66,3.46,3.72,4.71,3.67,3.57,3.92,3.61,4.61,3.47,3.85,3.57,3.75,3.54,5.05
CEBPA,7.73,7.79,8.14,7.97,8.35,7.95,7.19,8.12,7.8,7.99,8.22,7.64,7.49,6.15,7.59,7.02,7.35,7.91,7.91,7.87,7.25,7.39,7.45,7.17,7.22,7.02,7.85,7.72,7.99,7.27,6.51,6.5,8.06,8.05,8.04,7.83,7.67,7.87,7.28,8.01,7.75,8.28,8.29,7.56,6.9,6.68,7.04,7.94,8.06,6.64
CEBPB,7.08,7.04,7.21,7.05,7.15,7.08,7.62,6.86,6.96,7.19,7.2,6.83,6.91,6.5,7.59,7.29,7.57,6.85,6.95,6.84,6.85,6.71,6.85,6.82,6.89,7.19,6.88,7.01,7.13,7.4,6.9,6.12,7.62,7.27,7.07,7.46,7.34,7.61,7.22,6.81,7.24,6.78,6.72,6.69,7.29,7.44,7.24,7.24,7.19,6.9
CEBPD,3.74,4.21,4.04,3.87,3.82,3.96,4.94,3.87,4.01,3.91,4.12,3.86,3.99,7.01,3.83,4.03,3.62,4.06,3.87,3.67,3.99,4.34,3.96,3.77,3.79,3.58,3.74,3.89,3.91,4.63,6.12,5.16,3.86,3.91,3.85,3.5,3.7,4.15,4.42,3.74,3.85,4.15,4.08,6.89,3.71,4.1,3.84,3.79,3.78,5.51
CEBPD,4.26,4.05,4.26,4.15,4.23,4.66,4.67,3.88,4.22,4.21,4.12,4.11,4.36,7.06,4.01,4.11,4.06,4.23,4.23,4.16,4.22,4.23,4.42,4.07,4.01,3.96,4.3,4.32,4.04,5.26,5.11,5.16,4.39,3.94,4.14,4.2,4.45,4.19,4.08,4.31,4.25,4.82,4.05,5.34,4.68,5.13,4.45,4.51,3.87,4.92
CEBPD,3.84,3.78,3.7,3.59,4.21,3.94,4.38,4.03,3.72,3.77,3.71,3.81,3.81,5.52,3.68,3.63,3.69,3.78,3.75,3.58,3.74,3.92,3.88,3.76,3.74,3.69,3.72,3.67,3.74,4.75,5.93,4.95,3.8,3.81,3.72,3.63,4.2,3.77,5.08,3.66,3.96,3.8,3.77,4.78,3.72,3.82,3.93,3.88,3.75,4.12
CEBPD,4.22,4.33,4.14,4.41,4.15,4.18,3.97,4.17,4.3,4.38,4.18,4.3,4.15,4.8,4.29,4.31,4.4,4.39,4.26,4.48,4.24,4.33,4.08,3.9,4.14,4.22,4.55,4.6,4.55,4.39,4.89,5.8,4,4.38,4.67,4.09,3.7,4.24,4.71,4.59,4.52,3.84,4.19,5.93,4.3,3.92,4.13,4.16,4.24,5.58
CEBPD,3.97,3.68,4,3.81,3.74,3.83,3.84,3.71,3.86,3.84,4.13,3.93,3.58,5.72,4,3.73,3.91,3.92,3.96,4.4,4.16,3.59,3.59,3.91,4.12,3.76,4,3.84,4.41,4.54,3.96,4.24,3.6,3.78,3.46,3.9,4.25,3.94,3.69,3.92,3.95,4.07,3.92,4.23,4.27,3.97,4.18,3.79,3.96,5.25
CEBPE,4.36,4.8,4.71,4.77,4.77,4.72,4.07,5.15,4.74,4.93,4.66,4.71,4.78,4.8,4.53,4.83,4.75,4.86,4.63,4.75,4.94,5.11,4.97,4.66,4.69,4.66,4.66,4.93,4.87,5.2,4.1,5.03,5.03,4.68,4.74,4.62,4.4,4.83,4.63,4.74,4.51,4.4,4.7,5.68,4.6,4.84,4.51,4.57,4.78,4.56
CEBPG,9.78,9.83,9.89,9.87,9.98,9.94,9.76,10.05,9.81,9.83,9.91,9.79,9.68,8.87,10.07,10.02,10.16,9.96,9.98,9.95,9.34,9.55,9.46,9.97,9.86,9.88,9.91,9.85,9.95,9.23,7.93,9.41,10.08,10.07,10.03,10.15,10.31,10.24,9.66,9.84,9.77,9.97,9.99,7.98,9.75,9.66,9.82,9.68,9.8,9.05
CEBPG,8.73,8.83,8.67,8.66,8.56,8.61,8.65,8.67,8.88,8.88,8.54,8.45,8.74,7.38,8.67,8.65,8.84,8.44,8.63,8.55,8.47,8.42,8.04,8.4,8.35,8.48,8.67,8.6,8.63,8.15,5.33,6.25,9.24,9.13,9.05,8.9,9.18,9.05,8.72,8.79,8.7,8.2,8.38,5.83,8.69,8.35,8.46,8.59,8.75,6.15
CEBPZ,9.35,9.61,9.24,9.36,9.42,9.4,9.32,9.22,9.3,9.33,9.5,9.04,9.27,8.97,9.15,9.07,9.23,9.26,9.32,9.46,9.01,8.83,9.11,8.88,8.71,8.99,9.29,9.17,9.5,9.62,8.24,8.68,9.23,9.25,9.09,8.98,9.17,8.88,9.33,9.15,9.34,9.31,9.4,8.69,9.39,9.54,9.43,9.23,9.58,8.55
CECR1,4.75,4.88,4.61,4.61,4.33,4.73,4.62,5.06,4.64,4.74,4.84,4.83,4.68,5.53,4.94,4.54,4.74,4.61,4.74,4.65,4.64,5.17,4.78,4.52,4.39,4.6,4.66,4.55,4.68,4.7,5.97,4.99,4.79,4.71,4.9,4.61,4.86,4.6,4.62,4.8,4.6,4.84,4.62,4.82,4.67,4.73,4.53,4.5,4.66,5.01
CECR1,4.16,4.16,3.87,4.13,4.18,3.91,3.54,3.96,3.99,4.05,4.35,4.2,4.09,4.94,4.05,4.01,4.23,4.3,4.03,4.23,4.02,4.11,4.26,4.41,4.18,3.69,4.06,4.39,4.42,3.2,5.78,5.42,4.13,4.29,4.05,4.3,4.32,3.97,3.98,4.27,4.26,4.51,4.76,6.36,4.05,3.81,4.39,4.02,4.34,6.45
CECR1,4.03,3.92,4.26,3.99,3.74,4.11,3.94,3.95,4.12,3.8,4.08,3.96,3.74,4.38,3.79,3.85,3.8,3.93,3.88,3.72,3.78,4.14,3.82,3.8,3.87,4.02,4.03,4,3.95,5.54,4.53,5.05,4.08,4.03,3.81,3.84,4.14,3.98,3.8,3.71,3.84,3.95,3.7,4.31,3.83,3.87,4.28,3.69,3.94,4.35
CECR2,4.15,4.41,4,4.38,4.55,4.83,5.18,4.5,4.19,3.97,4.27,4.23,4.23,4.47,4.15,4.29,4.22,4.1,4.51,4.01,4.33,4.49,4.24,4.11,3.97,4.23,4.24,4.2,4.09,6.31,6.19,4.42,4.2,4.48,4.18,4.14,4.47,4.32,5.46,4.3,4.16,4.68,4.31,4.88,3.95,4.58,4.43,4.1,4.17,4.3
CECR5,8.47,8.22,8.69,8.79,9.02,8.87,8.6,8.7,8.49,8.45,8.74,8.46,8.24,7.74,8.41,8.27,8.44,8.64,8.71,8.69,8.09,8.26,8.22,8.35,8.4,7.99,8.51,8.89,8.51,7.71,7.69,8.72,8.02,8.01,8.27,8.57,8.47,8.48,8,8.8,8.69,8.45,8.46,7.98,8.46,8.93,8.69,8.72,8.58,8.61
CECR6,5.87,5.68,5.51,5.78,5.89,5.65,5.33,5.5,5.7,5.65,5.99,5.5,5.44,6.35,5.49,5.41,5.43,5.63,5.87,5.38,5.72,5.67,5.91,5.62,5.7,5.32,5.7,5.7,5.87,5.45,6.22,7.69,6.1,5.85,5.68,5.59,5.73,5.6,4.68,5.66,5.47,5.55,5.41,6.97,5.62,6.09,5.59,5.61,5.44,7.1
CEL,6.52,6.55,6.81,6.93,7.16,7.05,6.67,7.2,6.86,6.83,6.97,6.96,6.87,6.65,8.94,8.72,8.83,6.8,6.75,6.83,8.31,8.11,8.77,8.97,8.97,8.78,6.9,6.71,6.92,5.55,7.2,6.8,8.55,8.54,8.43,9.08,9.06,8.94,6.07,7.19,7.2,7.28,7.15,6.92,6.84,6.54,6.97,7.09,7.44,8.12
CEL,6.95,6.96,7.11,7.14,7.65,7.61,6.93,7.51,6.95,7.07,7.53,7.54,7.15,7.55,9.3,9.18,9.03,7.12,6.95,6.96,8.79,8.72,9.01,9.4,9.24,9.17,7.37,7.05,7.12,6.49,7.86,6.96,8.78,8.82,8.9,9.32,9.31,9.31,7.01,7.7,7.41,7.42,7.72,6.64,7.22,7.66,7.11,7.58,7.61,7.29
CELA1,4.11,3.98,3.91,3.95,4.37,4.39,4.59,4.69,4.19,4.2,4.14,4.04,3.87,5.18,4.26,4.54,3.89,4.01,4.18,4.1,4.11,4.06,4.32,4.21,3.96,4.01,3.95,4.12,4.43,5.05,4.6,5.79,4.12,4.37,4.06,4.11,4.32,4.14,5.14,4.36,4.1,4.27,3.95,5.27,4.29,4.9,4.07,3.82,3.99,5.13
CELA2A,4.26,4.5,3.99,4.45,4.58,4.35,4.01,5.05,4.23,4.16,4.42,4.28,4.42,4.72,4.05,4.21,4.32,4.17,4.55,4.37,4.45,4.23,4.28,4.25,4.05,4.44,4.63,4.47,4.34,4.54,4.51,4.9,4.24,4.21,4.12,4.31,4.2,4.54,4.04,4.69,4.3,4.54,4.45,4.01,4.24,4.3,4.26,4.29,4.26,4.19
CELA2B,4.62,4.63,4.26,4.5,5.26,4.99,5.58,4.92,4.37,4.56,4.77,4.6,4.55,5.74,4.61,4.67,4.58,4.5,4.39,4.31,4.69,4.71,4.65,4.9,4.55,4.21,4.85,4.8,4.66,5.35,5.99,5.63,4.92,4.72,4.51,4.55,4.46,4.77,6.82,4.38,4.48,4.39,4.76,4.88,5.1,5,4.46,4.46,4.41,5.41
CELA3A,3.9,4.03,3.81,4.31,3.81,4.44,4.16,4.6,3.92,3.88,3.96,4.01,3.96,4.45,4.09,3.99,4.1,3.92,3.79,3.76,3.98,4.05,4.4,4.44,4.02,3.89,3.87,4.03,4.03,4.43,4.62,4.35,3.72,3.77,4.24,3.77,3.74,4.08,5.23,4.27,3.66,4.45,4.59,5.1,4.45,3.94,3.7,3.73,3.8,5.1
CELA3A,5.6,5.88,5.31,5.37,5.68,5.65,5.47,5.73,5.56,5.44,5.52,5.82,5.65,6.1,5.58,5.47,5.55,5.06,5.2,5.61,5.54,5.8,5.4,5.22,5.74,5.53,5.47,5.61,5.91,6.61,6.95,6.14,5.42,5.19,5.43,5.18,5.59,5.21,5.85,5.61,5.02,5.67,5.48,6.15,5.14,5.69,5.43,5.48,5.52,5.28
CELA3A /// CELA3B,3.57,3.61,3.76,3.5,3.97,3.8,4.68,3.94,3.58,3.82,3.46,3.62,3.45,5.06,3.64,3.7,4.01,3.9,3.95,3.58,3.62,3.81,3.68,3.82,3.47,4.26,3.79,3.57,3.66,5.31,5.29,6.43,3.9,3.87,3.8,3.73,4.03,3.85,4.76,4.06,3.92,4.05,3.74,5.4,3.94,3.82,3.9,3.56,3.81,4.88
CELP,5.26,5.5,5.16,5.63,5.7,5.78,6.08,5.88,5.61,5.51,5.91,5.74,5.57,7.03,6.18,5.79,5.63,5.77,5.4,5.72,5.96,5.65,5.56,6.3,5.69,5.92,5.4,5.69,5.42,4.98,5.86,7.16,5.26,5.75,6.15,6.08,5.76,5.59,6.06,5.57,5.51,5.52,5.31,5.25,5.11,5.62,5.07,5.95,5.4,7.56
CELSR1,4.59,4.82,4.83,4.64,4.51,4.38,4.32,4.34,4.51,4.81,4.81,4.81,4.39,4.46,4.64,4.79,4.6,4.53,4.57,4.41,4.48,4.8,5.06,4.39,4.32,4.54,4.32,4.83,4.95,6.26,5.12,4.7,4.76,4.6,3.94,4.45,4.63,4.35,4.09,4.2,4.52,4.5,4.73,4.86,4.55,4.77,4.3,4.65,4.54,5.04
CELSR1,6.79,6.8,7.02,6.99,7.67,7.24,5.92,6.61,6.64,6.89,7.2,6.7,6.38,7.15,6.31,6.13,6.17,6.94,7.08,6.78,6.76,6.63,6.66,6.61,6.4,6.37,7.22,6.87,6.87,5.86,7.72,6.78,6.01,5.87,5.88,6.27,5.83,5.78,6.82,6.68,7.18,7.15,7.55,7.05,7.07,7.08,7.14,7.02,7.19,5.25
CELSR2,6.54,6.71,6.6,6.49,6.65,6.35,6.33,6.66,6.68,6.69,6.88,7.23,7.05,6.95,7.93,7.65,7.93,6.42,6.62,6.62,7.7,7.45,7.96,7.51,7.61,7.94,6.42,6.74,6.63,6.94,6.77,7.05,7.59,7.78,7.79,7.84,7.74,7.98,7.19,6.73,6.87,6.82,6.7,6.68,6.41,6.57,6.8,6.72,7.14,6.61
CELSR2,5.42,5.66,5.65,5.65,5.63,5.41,5.29,5.82,5.46,5.68,5.66,6.05,5.79,5.65,7.23,6.68,6.69,5.54,5.27,5.51,6,6.6,6.78,6.89,6.8,6.73,5.49,5.53,5.54,5.3,4.74,6.66,6.28,6.28,6.5,6.3,6.29,7.11,4.76,5.93,6.08,6,5.86,5.17,5.83,5.28,5.49,5.5,6.21,5.7
CELSR3,7.42,7.67,7.8,7.8,8.01,8.14,8.24,7.73,7.53,7.49,7.76,7.32,7.41,6.74,7.37,7.57,7.67,7.63,7.37,7.24,7.85,7.75,8.03,7.82,7.65,7.74,7.69,7.53,8.02,7.95,6.34,6.79,7.47,7.42,7.45,7.42,7.54,7.52,7.73,7.62,8,8.3,8.27,6.51,8.11,8.56,8.31,7.84,7.9,6.23
CELSR3,5.05,4.78,5.02,5.32,5.44,4.94,5.03,5.45,5.09,4.96,5.04,4.72,4.9,6.36,5.06,5.11,4.97,5.15,4.79,5.01,5.25,4.94,4.68,5.26,5.06,4.76,5.5,4.86,5.35,4.09,5.85,5.54,5.22,5.16,5.25,4.67,4.69,5.07,5.79,5.31,5,4.98,5.41,5.1,5.23,5.26,5.2,5.1,5.34,5.2
CEMP1,4.2,4.57,4.35,4.69,4.36,4.03,4.15,4.6,4.44,4.65,4.49,4.6,4.44,5.41,4.27,4.31,4.38,4.35,4.39,4.51,4.41,4.25,4.19,4.48,4.74,4.06,4.44,4.35,4.57,3.96,5.18,4.07,4.33,4.51,4.36,4.49,4.33,4.59,3.86,4.18,4.39,4.31,4.1,4.77,4.07,4.13,4,4.48,4.34,4.42
CEMP1,3.81,3.95,3.9,4.11,4.76,3.91,4.9,4.16,4.26,4.06,4.03,4.11,4.07,5.46,4.43,4.35,4.09,3.8,3.69,4.04,4.41,3.99,3.85,4,4.48,4.08,4.51,4.3,4.36,4.53,5.88,5.87,4.54,4.14,4.03,4.3,4.01,4.51,5.27,4.18,4.44,3.89,4.26,4.89,4.25,4.28,4.37,4.09,3.97,6.31
CEND1,8.32,8.29,8.45,8.21,8.93,8.63,8.36,8.68,8.17,8.17,8.26,8.1,8.25,7.82,8.44,8.47,8.43,8.54,8.48,8.47,8.88,8.66,8.92,8.56,8.53,8.85,8.52,8.3,8.51,8.64,8.2,8.61,8.33,8.07,8.28,8.41,8.8,8.4,9.27,8.78,8.75,8.43,8.84,9,9,8.9,8.68,8.33,8.6,8.17
CENPA,9.21,9.21,9,9.29,8.87,8.76,7.77,8.83,9.41,9.23,8.96,9.05,9.11,6.95,8.29,8.09,8.26,8.95,8.9,8.93,7.26,7.34,7.51,7.55,7.47,7.27,9.04,9.16,8.96,7.24,6.16,5.82,9.59,9.65,9.57,8.38,8.09,8.43,7.76,9.16,9.42,8.54,8.23,7.43,7.62,7.76,7.73,9.28,9.37,7.2
CENPA,9.26,9.35,9.06,9.1,8.93,8.81,8.81,8.87,9.4,9.28,9.11,8.98,9.08,6.96,8.27,7.96,8.54,8.94,9.04,9.05,7.3,7.37,7.4,7.21,7.49,7.65,9.12,9.15,8.83,8.42,5.46,6.34,9.56,9.66,9.56,8.3,8.2,8.32,9.01,9.19,9.15,8.51,8.32,6.07,7.6,7.39,7.69,9.15,9.4,7.02
CENPA,8.6,8.23,8.59,8.44,8.05,8.35,8.7,8.4,8.56,8.36,7.93,8.45,8.35,6.46,7.82,7.77,7.74,8.49,8.47,8.34,6.82,6.8,6.54,6.82,7.22,7.01,8.36,8.29,7.99,7.51,7.44,6.11,8.95,9.11,9.09,7.91,7.55,8.04,7.45,8.73,8.68,7.98,7.56,5.52,7.14,7.43,7.12,8.71,8.42,6.85
CENPA,10.17,10.24,10.08,10.17,10.17,10.14,9.78,9.89,10.22,10.16,10.34,10.13,10.09,9.63,9.47,9.37,9.42,10.03,10.06,10.05,8.48,8.61,8.59,8.6,8.61,8.54,10.11,10.19,10.13,9.49,8.83,9.21,10.59,10.69,10.7,9.52,9.38,9.48,10.4,10.35,10.41,9.77,9.64,9.42,8.84,8.93,8.77,10.31,10.19,9.65
CENPB,6.91,6.87,6.98,7.37,7.41,7.16,6.67,7.04,7.43,7.2,7.1,6.86,6.7,6.39,6.97,7.19,7.1,6.9,7.03,6.98,7.18,7.04,7,7.08,6.97,7.15,7.33,7.31,6.89,6.8,6.33,7.1,7.05,7.02,7.18,6.73,7.33,7.08,7.03,7.09,6.94,6.89,7.3,6.82,6.91,6.42,7.08,6.87,6.85,6.72
CENPB,6.73,6.41,6.9,6.98,6.69,7.34,6.36,6.92,6.78,6.86,6.43,6.39,6.55,6.08,6.93,6.72,6.85,6.64,6.84,6.75,6.46,6.76,6.36,7.02,6.78,6.51,7.09,6.94,6.75,5.91,7.04,8.14,6.73,6.84,7.07,7.16,7.46,7.19,6.16,6.86,6.95,6.77,6.88,7.42,6.62,6.28,7.06,6.82,6.83,6.23
CENPBD1,8.25,8.12,8.18,8.29,8.32,8.23,7.74,8.45,8.14,8.24,8.22,8.19,8.09,7.25,8.21,8.05,8.1,8.36,8.31,8.14,8.27,8.2,8.36,8.42,8.14,8.28,8.15,8.1,8.21,6.71,7.24,6.94,7.9,8.26,8.21,8.03,8.35,8.01,7.39,8.24,8.18,8.31,8.45,6.94,8.43,8.36,8.36,8.11,8.29,7.39
CENPBD1,7.66,7.39,7.38,7.38,7.28,7.29,6.54,7.34,7.49,7.81,7.47,7.45,7.32,5.97,7.48,7.27,7.71,7.6,7.39,7.48,7.63,7.41,7.27,7.5,7.58,7.52,7.45,7.67,7.44,6.98,6.55,6.95,7.31,7.59,7.43,7.55,7.06,7.28,7.11,7.72,7.55,7.66,7.5,6.15,7.61,7.47,7.76,7.5,7.48,5.77
CENPC1,6.1,6.46,6.28,6.28,6.78,6.18,6.78,6.46,6.47,6.33,6.19,5.99,6.11,6.36,6.4,5.9,6.6,6.28,6.59,6.17,6.16,6,6.13,6.01,6.27,6.46,6.54,6.36,6.28,7.1,8.14,5.6,7.39,7,6.64,6.34,6.33,6.44,6.23,6,6.45,6.35,6.29,6.08,6.55,6.34,6.42,6.15,6.09,5.95
CENPC1,7.27,7.36,7.31,7.15,7.24,7.36,6.77,7.27,7.34,7.24,7.68,7.28,7.28,6.36,7.42,7.14,7.47,7.16,7.26,7.4,7.16,7.17,7.17,7.39,7.34,7.21,7.07,7.42,7.39,6.76,6.44,6.8,7.87,7.85,7.7,7.58,7.16,7.4,5.85,7.06,6.86,6.98,7.34,6.41,6.94,7.02,6.94,6.93,7.17,6.16
CENPE,9.48,9.67,9.36,9.61,9.44,9.5,9.06,9.5,9.47,9.57,9.72,9.26,9.15,8.96,8.93,8.78,8.62,9.4,9.4,9.59,7.65,7.71,7.86,8,8.1,8.01,9.44,9.5,9.5,8.64,8.08,7.75,10.15,10.32,10.2,8.95,8.72,8.83,9.33,9.68,9.76,9.23,9.12,8.94,8.43,8.5,8.48,9.63,9.63,8.63
CENPF,7.82,7.68,7.69,7.67,7.51,8.38,7.96,7.89,8.02,7.74,7.03,7.04,6.71,5.53,7.55,7.36,7.37,8.44,8.2,8.19,6.43,6.45,6.15,7,6.46,6.58,8.21,7.73,6.65,5.51,5.7,5.64,8.27,7.54,7.98,7.64,7.45,6.68,5.79,7.91,8.02,6.93,6.93,4.4,7.31,5.74,7.02,7.54,6.38,5.28
CENPF,9.68,9.57,9.67,9.64,9.72,9.81,9.85,9.77,9.44,9.67,9.75,9.23,9.37,7.74,8.89,8.96,8.67,9.27,9.49,9.62,7.92,7.99,8.05,8.13,8.12,8.07,9.66,9.57,9.65,9.89,9.21,8.91,9.59,9.65,9.66,9.01,9.14,8.94,9.7,9.89,9.82,9.29,9.39,8.25,8.6,8.88,8.74,9.56,9.75,7.04
CENPH,9.52,9.39,9.46,9.45,9.18,9.14,9.32,9.45,9.74,9.55,9.26,9.35,9.56,7.84,9.36,9.34,9.34,9.52,9.47,9.56,9.04,8.95,8.81,8.66,8.85,8.91,9.55,9.59,9.36,8.42,8,6.18,9.3,9.29,9.24,9.35,9.28,9.43,8.55,9.46,9.46,9.3,9.18,7.72,9.33,8.99,9.05,9.47,9.53,7.18
CENPI,6.17,6.04,6.38,6.29,5.38,6.04,5.62,6.39,6.29,6.13,5.89,5.62,5.54,4.5,5.5,5.42,5.47,5.93,5.96,5.9,4.83,5.24,5,5.28,5.02,4.94,6.34,6.17,6.34,4.73,6.48,4.93,5.94,6.45,6.3,5.82,5.27,5.84,4.59,6.18,6,5.36,5.65,5.89,5.41,5.99,5.78,6.1,6.39,5.13
CENPI,4.25,4.8,4.36,4.3,4.07,4.37,3.53,3.59,4.61,4.26,4.5,4.12,4.38,3.76,4.19,3.92,3.86,4.38,4.02,4.15,4.09,4.55,4.38,4.02,3.65,4.14,4.14,4.31,4.09,5.22,4.6,4.8,4.05,4.16,4.56,4.32,4.32,4,3.84,3.86,4,4.05,4.6,3.99,3.82,4.02,4.03,4.15,3.77,5.59
CENPI,7.22,7.14,7.16,7.22,7.26,7.73,6.76,6.97,7.2,7.37,7.16,6.9,6.96,6.78,6.83,6.58,6.56,6.99,6.9,7.01,6.41,6.33,6.35,6.22,6,6.05,7.24,7,7.11,6.72,5.26,6.48,7.36,7.48,7.41,6.67,6.55,6.76,7.48,6.96,6.82,6.94,6.68,5.57,6.65,6.13,6.11,6.49,7.08,7.63
CENPJ,3.68,3.43,3.51,3.49,3.58,3.42,3.84,3.34,3.48,3.61,3.51,3.7,3.71,3.91,3.62,3.65,3.64,3.64,3.81,3.59,3.56,3.43,3.72,3.35,3.47,3.44,3.6,3.45,3.7,3.85,3.79,3.64,3.66,3.54,3.43,3.55,3.31,3.68,3.6,3.42,3.25,3.62,3.66,4.23,3.74,3.92,3.38,3.83,3.37,3.91
CENPJ,7.24,7.27,7.24,7.24,6.96,7.2,7.13,7.33,7.3,7.29,7.33,7.04,7.07,5.59,7.48,7.51,7.39,6.93,7.09,7.12,6.94,6.76,6.89,6.76,7.02,7.01,7.23,7.22,7.2,7.12,5.55,6.38,7.6,7.87,7.74,7.24,7.24,7.49,6.26,7.25,7.13,6.93,6.88,6.28,6.81,6.63,6.85,7.12,7.33,5.2
CENPK,8.63,8.9,8.56,8.71,8.3,8.39,7.81,8.49,8.96,8.73,8.92,8.65,8.51,8.18,8.42,8.46,8.4,8.73,8.57,8.69,7.69,7.87,8.18,7.85,8.07,7.8,8.57,8.78,8.73,7.89,7.16,8.42,8.27,8.46,8.41,8.61,8.33,8.59,8.42,8.5,8.33,8.31,8.17,7.88,7.94,7.83,8.24,8.55,8.58,8.31
CENPL,8.2,8.17,8.02,8.08,7.69,8.07,8.4,8.16,8.47,8.1,8.17,7.67,7.67,6.95,8.38,8.33,8.21,8.02,8.06,8.19,7.34,7.65,7.53,7.71,7.86,7.66,8.21,8.19,8.18,5.72,7.14,5.76,8.94,8.78,8.82,8.33,8.12,7.94,7.53,8.05,8.02,7.88,7.9,5.94,7.79,7.71,7.73,7.94,7.79,7.16
CENPL,7.53,7.96,7.52,7.58,7.42,7.77,7.1,7.33,7.77,7.42,7.65,7.52,7.41,7.34,7.37,7.25,7.36,7.32,7.57,7.49,6.88,7.14,7.23,7.03,6.96,7.18,7.7,7.58,7.42,6.92,6.06,7.63,8.18,8.21,8.1,7.7,7.69,7.57,7.41,7.81,7.59,7.15,7.16,7.25,7.21,7.3,7.1,7.42,7.38,5.43
CENPM,9.66,9.59,9.84,9.71,9.79,9.9,9.67,9.91,9.59,9.77,9.64,9.47,9.23,8.63,9.76,9.82,9.75,9.86,9.88,9.79,8.53,8.58,8.51,9.18,9.4,9.14,9.86,9.76,9.76,9.31,6.35,9.14,10.03,10.15,10.12,9.98,9.97,10,9.66,9.54,9.48,9.45,9.38,7.88,9.16,8.93,9.06,9.36,9.23,7.38
CENPN,10.58,10.52,10.63,10.62,10.38,10.51,10.45,10.63,10.64,10.67,10.41,10.47,10.46,8.59,10.69,10.6,10.6,10.78,10.78,10.74,9.94,9.93,9.79,10.22,10.12,10.15,10.53,10.62,10.37,9.4,7.35,8.01,10.89,10.85,10.75,10.77,10.7,10.89,10.43,10.67,10.61,10.19,10.11,8.37,10.33,10.01,10.17,10.51,10.47,7.71
CENPN,7.91,7.4,7.74,7.57,7.49,7.38,7.34,7.46,7.82,7.63,7.24,7.48,7.54,6.98,7.72,7.61,7.65,7.48,7.43,7.45,7.04,6.8,6.4,7.03,6.96,7.22,7.37,7.49,7.28,7.14,7.05,6.41,8.27,8.4,8.29,7.61,7.38,7.63,7.61,7.66,7.48,7.02,6.75,6.33,7.21,6.8,6.86,7.53,7.27,6.19
CENPN,8.67,8.56,8.75,8.69,8.62,8.49,7.9,8.82,8.67,8.67,8.54,8.56,8.18,8.33,8.96,8.57,8.77,8.51,8.64,8.67,7.9,8.1,7.76,8.39,8.43,8.27,8.59,8.6,8.47,7.61,7.93,7.04,9.3,9.33,9.48,8.88,8.77,8.78,8.55,8.8,8.69,8.05,8.16,7.08,8.37,8.07,8.24,8.58,8.4,7.31
CENPN,7.68,7.15,7.67,7.49,7.52,7.58,7.55,7.49,7.57,7.52,7.48,7.38,7.42,6.3,7.44,7.42,7.5,7.41,7.41,7.39,6.52,6.71,6.71,6.81,6.95,7.11,7.62,7.46,7.53,6.67,6.68,6.27,8.49,8.38,8.37,7.58,7.6,7.78,7.57,7.78,7.63,6.87,6.93,5.77,6.99,7.01,6.92,7.38,7.68,6.43
CENPN,4.5,4.54,4.5,4.49,4.78,4.92,4.63,4.49,4.7,4.28,4.58,4.56,4.45,5.38,4.57,5.11,4.47,4.51,4.48,4.74,4.37,4.76,4.53,4.66,4.62,4.42,4.54,4.7,4.81,5.1,4.63,5.11,4.55,4.81,4.7,4.85,5.02,4.59,4.2,4.62,4.52,4.43,4.63,5.53,4.64,5.29,5.08,4.32,4.77,6.87
CENPN,10.05,10.02,10.14,10.13,10.19,10.23,10.03,10.18,10.1,10.05,10.23,9.93,9.94,8.03,10.24,10.06,10.09,9.87,9.98,9.99,9.55,9.39,9.56,9.63,9.74,9.72,10.16,10.04,10.07,9.73,8.59,8.83,10.22,10.28,10.2,10.15,10.24,10.16,10.01,10.21,10.23,9.85,9.91,8.06,9.81,9.92,9.78,10.05,10.17,7.74
CENPO,7.65,7.88,8.02,7.84,8.13,7.94,7.67,7.87,7.72,7.73,7.7,7.28,7.33,8.63,8.15,8.02,8.2,7.75,7.82,7.76,7.07,6.92,7.08,7.65,7.37,7.61,8.01,7.76,8.03,8.46,7.01,8.89,8.68,8.74,8.72,8.19,8.1,8.17,7.33,7.92,7.76,7.32,7.59,8.51,7.43,7.39,7.38,7.47,7.22,8.29
CENPP,7.27,6.96,7.24,7.27,7.52,7.5,6.22,7.28,7.25,7.2,7.26,6.95,6.8,6.63,7.2,7.22,7.26,6.9,7.07,7.28,6.42,6.62,6.71,7.22,6.78,6.9,7.24,7.29,7.46,7.4,6.54,7.85,7.26,7.57,7.43,7.35,7.43,7.38,6.63,7.24,7.38,6.81,6.78,6.84,6.96,6.96,6.91,6.84,7.03,6.72
CENPP,5.11,5.16,5.08,4.98,5.7,4.82,4.86,5.07,5.11,5.15,5.31,5.05,5.01,5.39,5.01,5.03,5.37,5.36,5.13,5.12,5.46,5.07,4.63,5.26,5.02,5.32,5.46,5.26,5.31,6.22,6.29,5.73,5.48,5.44,5.24,4.79,5.34,4.77,4.98,5,4.97,4.99,5.31,7.66,5.03,5.31,4.75,4.56,4.89,5.21
CENPP,5.4,6.3,5.25,5.35,5.04,5.55,5.16,4.95,5.26,5.69,6,5.12,5.78,7.26,5.57,5.35,5.99,4.93,5.26,5.32,6.06,5.17,5.39,5.14,5.26,4.96,5.34,5.54,6.1,4.56,4.48,6.5,5.45,5.63,5.67,5.02,5.3,4.98,4.52,5.22,5.1,5.01,5.6,7.1,5.09,5,5.3,5.22,5.02,8.08
CENPQ,8.87,9.09,8.77,9.02,8.69,8.78,8.31,8.74,8.9,8.95,9.08,8.62,8.51,8.83,9.18,9.02,9.07,8.64,8.72,8.86,8.36,8.38,8.55,8.55,8.6,8.55,8.91,8.88,9.03,8.4,6.69,8.32,9.34,9.43,9.46,9.11,8.94,8.98,8.33,8.79,8.71,8.61,8.51,8.87,8.47,8.36,8.65,8.79,8.88,8.15
CENPT,8.23,8.03,8.3,8.35,8.58,8.78,8.07,8.33,8.23,8.26,8.56,8.09,7.91,6.78,8.37,8.24,8.45,8.57,8.38,8.41,8.04,8,8.26,8.34,8.49,8.21,8.47,8.3,8.4,8.69,8.43,8.44,8.5,8.38,8.56,8.73,8.75,8.76,7.4,8.61,8.57,8.6,8.25,7.37,8.15,7.98,8.11,8.43,8.44,6.77
CENPT,7.51,7.27,7.97,7.56,7.57,7.61,7.43,7.52,7.45,7.51,7.79,7.31,7.33,5.57,7.58,7.54,7.73,7.67,7.53,7.64,7.44,7.18,7.62,7.61,7.52,7.56,7.27,7.56,7.49,6.81,6.27,6.16,7.89,7.81,7.56,7.89,7.96,7.93,6.25,7.64,7.93,7.52,7.39,5.95,7.13,7.02,7.5,7.56,7.89,5.89
CENPT,6.65,6.09,6.66,6.68,6.1,6.24,5.86,7.13,6.73,6.53,6.01,6.53,6.34,6.01,6.88,6.62,6.69,6.65,6.65,7.06,6.66,6.64,6.09,6.84,6.74,6.82,6.79,6.84,6.6,5.35,5.82,6.27,7.07,6.96,7.3,7.06,6.78,6.97,6.06,6.83,6.67,6.55,6.5,6.52,6.16,6.58,6.4,6.7,6.42,6.93
CENPT,7.64,7.59,7.97,7.89,7.96,8.13,7.57,7.65,7.66,7.6,7.99,7.74,7.59,6.22,7.88,7.5,7.92,7.94,7.89,7.84,7.46,7.59,8.05,7.86,7.84,7.78,7.76,7.72,7.79,8.42,8.75,7.04,7.98,8.05,7.9,8.32,7.74,8.07,6.26,8.18,7.92,7.91,7.86,7.26,7.81,7.63,7.66,7.82,7.76,6.46
CENPT,4.51,4.59,4.74,4.7,4.85,4.65,5.05,4.77,4.39,4.47,4.93,4.59,4.48,6.23,4.63,4.51,4.73,4.64,4.82,5.06,4.75,4.9,5,4.93,5.9,4.66,4.68,4.77,4.71,4.81,5.55,4.88,4.65,4.32,4.62,4.85,5.12,4.52,4.95,5.05,4.78,4.9,4.99,6.05,4.86,4.89,4.51,4.5,4.69,5.78
CENPV,4.07,4.6,4.14,4.18,4.07,4.01,3.99,4.03,4.03,4.37,4.24,4.21,4.18,4.3,4.28,3.91,3.84,4.46,4.01,3.86,4.04,4.17,4.24,3.94,4.1,4.23,3.63,4.26,4.33,4.15,4.41,4.64,4.12,4.02,4.13,3.86,4.16,3.88,4.25,3.71,3.73,3.99,3.75,4.51,3.91,3.74,4.25,4.11,4.02,6.45
CEP110,7.82,8.02,8.09,8.15,8.11,7.86,7.85,8.14,7.8,7.97,7.84,7.64,7.7,7.13,7.69,7.67,7.85,8.03,7.86,8.14,7.39,7.18,7.45,7.66,7.51,7.38,7.86,7.66,7.96,8.63,5.27,7.48,7.65,7.95,7.71,7.73,7.73,7.8,7.34,8.19,7.92,8.04,8.27,8.28,7.61,7.6,7.66,8.04,8.1,6.89
CEP110,7.91,8.03,7.96,8.02,8.02,8.24,8.42,8.21,7.79,7.85,7.79,7.59,7.83,8.31,7.72,7.83,7.74,8.08,8.02,8.1,7.3,7.36,7.66,7.44,7.59,7.42,7.9,7.75,7.92,7.91,7.37,7.52,7.67,7.99,7.92,7.91,7.84,7.9,8.17,8.02,7.95,8.03,8.07,7.71,7.99,7.45,7.75,7.83,7.95,7.85
CEP120,6.94,6.93,6.84,6.81,6.65,7,6.53,6.39,7.06,6.96,6.93,7.03,7.42,7,7.67,7.48,7.85,6.87,6.76,6.89,7.83,7.53,7.44,7.63,7.59,7.71,6.79,6.8,6.82,6.34,7.68,6.63,7.97,7.65,7.73,7.47,7.57,7.6,6.75,6.65,6.9,7.17,7.05,6.33,6.75,6.93,6.43,6.99,7.45,6.89
CEP120,6.9,6.57,6.67,6.78,6.54,6.02,6,6.83,6.87,6.99,6.22,6.9,6.87,4.57,7.56,7.56,7.42,6.64,6.47,6.75,7.21,7.36,6.89,7.39,7.73,7.65,6.67,6.69,6.23,6.9,6.19,4.9,8,8.13,8.14,7.58,7.38,7.78,6.64,6.66,6.71,6.52,6.04,5.31,6.57,6,6.65,7.11,6.62,6.42
CEP135,7.48,7.51,7.08,7.13,6.55,6.77,6.24,7.16,7.58,7.6,7.31,7.05,7.15,4.8,7.41,7.33,7.42,7.03,7.03,7.34,7.37,7.47,7.36,6.97,7.42,7.18,7.09,7.2,7.11,4.23,5.21,5.96,7.01,7.05,7.24,7.31,6.91,6.62,6.93,7.15,7.37,7.52,7.07,5.74,6.73,6.69,6.9,7.1,7.2,5.5
CEP135,9.98,10.13,9.86,10,9.94,9.95,9.75,10.08,10,10.1,10.23,9.91,9.83,10.73,10.17,10.16,10.18,9.86,9.96,10.17,9.75,9.81,9.92,10.06,10.09,9.98,10.04,9.98,10.04,9.41,9.16,10.75,9.98,10.07,10.22,10.12,10,9.96,9.84,10.13,9.9,10.2,10.24,10.5,9.67,9.86,9.85,9.88,9.95,10.84
CEP152,8.83,8.95,8.86,8.95,8.62,8.73,8.56,8.88,8.84,8.9,9.06,8.58,8.61,6.49,9.28,9.19,9.27,8.47,8.57,8.79,8.48,8.49,8.6,8.78,8.7,8.76,8.83,8.85,8.83,8.92,8.23,8.28,9.71,9.76,9.7,9.41,9.38,9.52,8.64,8.86,8.75,8.85,8.85,8.27,8.47,8.45,8.69,8.58,8.87,7.69
CEP164,8.09,8.24,8.55,8.45,8.81,8.66,8.24,8.73,8.39,8.44,8.81,8.51,8.35,8.68,8.84,8.75,8.77,8.14,8.15,8.28,8.68,8.9,8.95,8.77,8.94,8.6,8.53,8.51,8.59,8.27,7.67,9.25,8.41,8.62,8.77,8.86,8.76,8.79,8.34,8.84,8.65,8.9,8.67,9.16,8.41,8.57,8.7,8.67,8.82,8.83
CEP164,9.87,10.07,9.87,9.92,9.65,9.86,10.07,9.96,9.95,9.91,10.07,9.85,10.11,7.78,10.09,10.2,10.16,9.51,9.75,9.62,10.47,10.36,10.56,10.23,10.2,10.26,10,9.93,10.3,9.32,6.32,8.52,10.02,10.02,9.98,10.01,10.19,10.05,9.61,10.08,10.13,10.31,10.13,6.74,9.94,9.98,10,10.04,10.19,6.58
CEP164,4.53,4.32,4.06,4.4,4.75,4.77,4.44,4.57,4.01,4.38,4.05,4.51,4.26,5.17,4.4,4.75,4.39,4.32,4.39,4.35,4.39,4.51,4.48,4.71,4.79,4.66,4.54,4.28,4.2,4.95,4.85,4.58,4.68,4.43,4.44,4.19,4.55,4.6,4.58,4.55,4.29,4.28,4.44,4.51,4.22,4.91,4.53,4.17,4.15,4.97
CEP164,3.78,3.48,3.66,3.74,3.9,4,4.06,3.98,3.72,3.46,3.86,3.77,3.61,4.98,3.71,3.94,3.83,3.78,3.69,3.77,3.52,3.74,3.83,3.69,3.66,3.59,3.74,3.72,3.71,3.92,4.47,4.91,4.06,3.68,3.92,3.82,3.72,3.72,4.41,3.6,4.36,3.72,3.64,5.65,3.58,3.62,3.85,3.84,3.51,5.29
CEP170,10.11,10.43,9.85,10.21,10.16,10.06,9.79,9.81,10.39,10.01,10.37,10.27,10.29,10.22,9.8,9.85,9.75,10,9.99,10.07,9.92,10.01,10.52,9.7,9.81,9.87,10.1,10.04,10.24,9.94,7.65,9.19,9.36,9.45,9.49,9.75,9.77,9.55,9.44,9.88,10.07,10.16,10.07,10.23,10.13,10.13,10.11,10.25,10.43,9.86
CEP170,6.01,5.4,5.39,5.55,4.43,4.34,5.02,5.02,5.78,5.7,5.04,5.63,5.72,5.07,5.58,5.14,5.32,5.46,5.8,5.7,5.25,5.38,4.85,5.31,5.35,5.55,5.57,5.57,4.94,4.09,5.13,4.54,5.21,5.07,5,5.08,4.89,4.94,5.11,5.02,4.78,4.72,4.6,4.31,5.26,4.96,5.52,5.7,5.45,4.45
CEP170,5.08,4.61,4.57,4.35,5.01,4.58,6.11,4.54,5.02,4.7,4.38,4.61,4.96,4.72,4.37,4.61,4.95,4.85,4.5,4.81,5.05,4.9,4.85,4.59,4.59,5.1,4.6,4.71,4.64,5.03,7.28,4.63,4.67,4.41,4.72,4.37,4.75,4.42,4.89,4.64,4.61,4.84,4.76,5.23,5.01,5.47,4.41,4.56,4.45,4.62
CEP170,7.86,7.49,7.35,7.34,7.07,7.54,7.83,7.8,7.6,7.52,7.34,7.74,7.3,7.22,7.38,7.57,7.3,7.36,7.36,7.57,7.61,7.42,7.35,7.2,7.22,7.55,7.19,7.58,7.66,6.96,7.46,6.55,7.43,7.7,7.46,7.31,7.09,6.95,7.91,7.7,7.42,7.32,8.36,6.61,7.56,7.47,7.73,7.34,6.88,6.46
CEP170 /// CEP170L,5.21,4.55,5.2,4.94,4.77,4.73,4.88,5.37,5.18,5.24,4.78,4.93,4.84,5.13,4.99,4.73,4.87,4.84,5.12,5.48,4.9,4.87,4.71,5.04,5.03,5.26,5.22,5.04,4.68,3.84,5.33,5.61,4.68,4.81,4.56,4.88,4.51,4.8,5.04,4.87,5.1,4.77,4.52,4.37,4.63,4.68,5.31,5.48,4.81,4.62
CEP192,8.99,9.27,8.77,9.01,8.61,8.9,8.42,8.66,9.13,9.01,9.06,8.99,9.09,7.94,8.97,9.04,9.07,8.89,8.93,8.99,8.87,8.94,8.95,8.61,8.67,8.94,8.9,8.79,9.07,8.66,6.01,8.34,9,9.06,9.06,9.06,8.99,8.83,8.64,8.78,8.82,9.11,8.98,7.4,8.58,8.54,8.46,8.83,8.98,7.21
CEP192,3.47,4.08,4.13,3.82,3.71,3.6,3.66,3.55,4.32,4.25,3.99,3.72,3.74,3.7,3.69,3.73,3.85,3.48,3.95,3.67,4.18,3.88,3.97,3.92,3.73,3.68,3.81,3.79,3.9,3.45,4.38,4.28,3.67,3.79,3.99,3.76,3.66,3.89,4.1,3.68,4.05,3.84,3.75,4.56,3.63,3.92,3.62,3.81,3.83,5.97
CEP250,5.92,5.57,6.07,5.67,6.02,5.95,4.94,6.29,5.96,6.06,6.36,5.72,5.82,5.5,6.12,5.53,5.79,5.79,5.96,5.94,5.49,5.94,5.85,5.98,6.03,6.19,6.02,5.85,6.41,6.01,6,4.36,6.13,5.89,6.11,5.99,6.29,6.11,6.35,6.45,6.07,5.96,6.44,5.23,5.9,6.04,5.99,5.83,6.05,4.73
CEP250,3.99,3.77,3.86,3.85,3.81,4.3,4.3,4.33,4.01,3.92,3.83,3.8,3.83,3.97,3.73,3.87,3.89,3.65,3.97,3.93,3.9,3.81,3.78,3.84,3.76,3.82,3.87,3.96,3.75,4.12,3.83,4.07,4.06,3.83,3.81,3.91,3.53,3.82,3.96,3.87,3.78,3.9,3.74,4.04,3.78,3.58,3.96,3.53,3.95,3.49
CEP250,4.61,4.52,4.42,4.49,4.58,4.14,4.34,4.62,4.56,4.61,4.41,4.22,4.49,4.53,4.4,4.36,4.52,4.37,4.53,4.63,4.39,4.42,4.2,4.16,4.45,4.56,4.43,4.63,4.76,3.6,4.88,3.89,4.68,4.65,4.75,4.42,4.33,4.45,4.63,4.69,4.29,4.64,4.85,4.34,4.65,4.03,4.45,4.6,4.18,5.23
CEP290,5.31,5.14,5.04,4.4,4.55,5.13,4.76,4.51,5.07,4.93,5.31,4.67,4.71,4.39,5.38,5.08,5.58,4.7,4.97,4.73,5.21,4.92,5.3,4.92,4.92,5.2,4.88,4.85,4.74,5.65,4.15,4.42,5.64,4.75,5.17,5.35,5.38,4.81,4.64,5.04,4.66,4.77,5.23,5.41,5.11,4.88,5.15,4.89,4.61,4.6
CEP290,6.9,7.1,6.81,6.91,6.68,6.74,6.07,6.64,6.78,6.8,7.35,6.73,6.71,7.14,7.04,7.08,7.11,6.77,6.58,6.71,6.93,6.9,7.24,6.92,7.14,6.93,6.75,6.81,7.04,6.62,5.83,7.12,6.92,7.22,7.18,7.1,6.99,6.82,6.41,6.97,6.69,6.89,6.91,7.18,6.77,6.61,7.08,6.78,7.15,7.27
CEP290,3.76,3.86,3.53,3.77,4.05,3.53,3.93,3.36,3.83,3.77,3.64,3.59,3.89,4.06,3.66,3.77,3.61,3.76,3.43,3.67,3.79,3.95,3.73,3.44,3.77,3.37,3.93,3.74,3.83,3.61,4.58,4.22,4.35,3.74,3.92,3.61,3.37,3.62,3.91,3.66,3.52,3.68,3.6,4.51,3.84,3.65,3.63,3.68,3.9,3.47
CEP290,5.13,5.04,4.98,4.99,5.05,4.8,4.29,4.97,5.36,4.69,4.84,4.95,4.92,5.48,5.06,5.4,4.77,4.8,5.06,4.93,4.77,4.95,5.18,5.37,4.88,5.07,5.17,4.91,4.9,5.53,6.05,6.28,5.06,4.86,5.25,4.96,5.19,4.95,4.64,4.43,4.54,4.58,5.06,6.06,4.85,5.65,4.89,4.68,4.82,5.14
CEP350,6.72,6.99,6.36,6.37,5.94,7.36,6.83,6.16,6.75,6.9,6.97,5.95,6.15,5.35,6.99,6.91,6.8,6.77,6.75,6.93,6.68,6.9,7.09,7.04,6.81,6.96,7,6.76,6.92,6.61,6.43,6.35,6.79,6.19,6.84,6.97,6.59,5.72,6.32,6.31,6.56,7.1,6.98,5.36,6.85,6.91,6.79,6.37,6.11,6.01
CEP350,8.91,9.03,8.61,8.54,8.57,8.84,8.66,8.63,8.98,8.79,9.13,8.59,8.44,6.56,8.86,9.04,8.97,8.88,8.81,9.02,8.9,8.96,9.12,8.82,8.89,8.93,8.84,8.84,8.9,6.45,6.98,5.43,8.93,8.63,8.79,8.98,8.68,8.31,8.6,8.72,8.7,9.01,8.94,7.91,8.75,9.1,8.88,8.6,8.6,6.83
CEP350,9.08,9.07,8.79,8.79,8.51,9.03,8.48,8.87,8.97,9,9.18,8.61,8.32,7.64,9.29,9.09,9.19,9,9.05,9.16,8.82,9.09,9.21,9.1,9.15,8.98,9.08,8.91,9.07,5.56,4.4,5.73,9.16,8.96,9.05,9.08,8.89,8.56,7.74,8.83,8.94,9.23,9.12,7.36,8.65,8.95,9.02,8.63,8.61,7.34
CEP350,7.46,7.34,7.54,7.02,7.49,7.68,8.76,7.56,7.11,7.41,7.53,6.86,6.67,7.87,7.71,7.91,7.45,7.49,7.34,7.44,7.5,7.43,7.32,7.68,7.58,7.44,7.5,7.33,7.64,7.73,7.41,7.34,7.56,7.39,7.56,7.46,7.66,6.84,7.74,7.6,7.64,8,7.95,6.92,7.77,7.97,7.65,6.96,6.96,6.97
CEP350,7.69,7.6,7.74,7.67,6.75,7.43,7.33,7.68,7.77,7.83,7.8,7.5,7.15,6.61,7.78,7.85,7.75,7.56,7.66,7.74,7.76,7.63,7.78,7.86,7.73,7.7,7.68,7.44,7.67,7.45,5.22,7.4,7.73,7.75,7.77,7.74,7.45,7.46,7.25,7.63,7.63,7.71,7.45,5.45,7.36,7.31,7.59,7.73,7.59,5.67
CEP350,9.12,9.43,9.05,9.16,9.03,8.94,8.76,9.04,9.02,8.91,9.39,9.04,8.93,7.97,9.07,9.27,9.13,8.96,9.05,9.17,8.8,8.88,9.31,9.03,9.22,9.13,9.06,8.96,9.05,8.47,7.78,6.82,9.12,9.15,8.97,9.07,9.1,8.9,8.76,9.12,8.97,9.14,9.04,8.85,8.95,8.95,8.9,8.93,9.02,7.52
CEP55,9.24,9.46,9.2,9.25,8.82,8.95,8.66,9,9.51,9.28,9.41,9.1,9.12,7.97,9.04,9.03,8.92,8.83,8.86,8.87,8.04,8.27,8.19,8.06,8.3,8.19,9.18,9.2,9.26,8.53,7.17,7.91,9.31,9.52,9.43,9.01,8.74,8.96,8.78,9.31,9.37,8.59,8.6,8.16,8.35,8.34,8.49,9.44,9.64,7.75
CEP55,11.08,11.29,11.1,11.15,11.07,11.08,10.57,10.87,11.27,11.1,11.33,10.9,11.14,10.8,10.84,10.62,10.84,10.75,10.83,10.8,10.01,9.89,10.25,9.98,9.99,10.13,11.24,11.06,11.1,10.84,9.26,10.96,11.24,11.33,11.24,10.84,10.77,10.77,11.2,11.3,11.36,10.7,10.73,10.55,10.55,10.52,10.43,11.27,11.4,10.64
CEP57,8.71,8.17,8.6,8.7,8.09,8.31,9.09,8.36,8.74,8.6,8.01,8.62,8.66,7.34,8.74,8.67,8.73,8.51,8.51,8.56,8.69,8.61,8.16,8.6,8.42,8.74,8.52,8.57,8.06,7.72,7.5,6.74,9.07,8.88,8.89,8.64,8.38,8.58,7.37,8.44,8.31,8.52,8.5,6.38,8.38,8.02,8.31,8.37,8.2,5.76
CEP57,8.29,8.59,8.04,8.11,7.81,7.91,6.93,7.71,8.62,8.12,8.57,8.23,8.41,6.85,8.38,8.16,8.34,7.82,7.98,8.04,8.31,8.3,8.8,7.92,8.08,8.34,8.05,8.18,8.36,6.95,4.74,6.87,8.05,8.2,8.13,8.08,8.06,7.9,7.15,7.94,8.12,8.44,8.55,6.81,7.72,7.95,7.88,8.21,8.31,4.56
CEP57,10.39,10.44,10.23,10.41,10.02,10.03,9.87,9.82,10.65,10.35,10.49,10.45,10.57,9.86,10.45,10.42,10.4,10.12,10.2,10.24,10.34,10.55,10.63,10.22,10.33,10.32,10.18,10.41,10.28,9.61,5.22,9.23,10.25,10.42,10.36,10.44,10.23,10.13,9.4,10.11,10.12,10.52,10.46,10.07,9.92,9.8,10.06,10.38,10.43,8.6
CEP57,6.5,6.18,6.25,5.92,6.22,6.48,6.57,6.01,6.51,6.48,5.87,5.94,6.03,5.12,6.55,6.71,6.77,6.43,6.44,6.49,6.54,6.39,6.32,6.57,6.6,6.66,6.48,6.14,6.29,4.87,6.13,5.91,6.86,6.44,6.64,6.49,6.44,6.02,6.26,6.15,6.29,6.58,6.6,4.34,6.25,6.43,6.28,6.03,5.81,4.48
CEP57,10.56,10.62,10.55,10.61,10.23,10.41,10.22,10.59,10.62,10.62,10.49,10.61,10.45,9.37,10.59,10.58,10.58,10.51,10.43,10.45,10.66,10.76,10.57,10.55,10.52,10.53,10.57,10.64,10.31,10.01,9.72,8.29,10.87,10.86,10.88,10.71,10.43,10.64,10.29,10.58,10.55,10.83,10.89,9.45,10.38,10.35,10.36,10.43,10.38,9.74
CEP57,3.84,3.3,3.71,3.72,3.58,3.55,3.28,3.44,3.76,3.78,3.43,3.58,3.58,4.1,3.79,3.88,3.61,3.67,3.62,3.62,3.58,3.4,3.7,3.72,3.46,3.61,3.46,3.7,3.68,3.75,5.24,3.75,3.59,3.57,3.43,4.12,3.5,3.33,4.11,3.35,3.73,3.22,3.45,4.65,3.62,3.53,3.26,4.43,3.43,5.23
CEP57,7.42,7.04,7.08,7.21,7.1,6.91,7.22,7.28,7.38,7.45,7.02,7.03,6.93,7.14,7.62,7.28,7.36,7.24,7.14,7.54,7.15,7.23,6.94,7.3,7.14,7.38,7.01,7.25,6.76,5.7,7.03,7.61,7.42,7.25,7.59,7.65,7.13,7.25,6.99,7.3,6.91,6.85,7.38,6.83,6.76,7.04,6.99,7.05,6.74,8.89
CEP57,5.74,5.51,5.58,5.62,5.02,5.23,5.47,5.97,5.76,5.86,5.31,5.55,5.54,4.73,5.65,5.55,5.54,5.46,5.34,5.68,5.12,5.67,5.26,5.27,5.45,5.22,5.18,5.88,5.12,4.25,5.08,5.13,5.52,5.83,5.88,5.6,5.09,5.75,4.18,5.43,5.61,5.46,5.29,4.52,5.38,5.11,5.23,5.47,5.4,4.81
CEP57,9.93,10.16,9.81,9.88,9.71,9.8,9.45,9.44,10.01,9.92,10.06,9.87,9.96,9.57,10.04,9.82,9.92,9.76,9.82,9.79,10.1,10.05,10.26,9.95,9.82,9.9,9.8,9.8,9.87,10,9.4,9.09,10.14,10.15,10.08,9.93,10.11,9.85,9.71,9.84,9.91,10.32,10.55,10.77,9.69,9.59,9.61,9.74,9.73,8.91
CEP57,4.77,4.53,4.8,4.34,4.32,4.94,4.92,4.29,4.48,4.73,4.58,4.23,4.29,7.07,4.96,4.86,5.02,4.81,4.64,4.55,4.65,4.65,4.58,4.87,4.45,4.43,4.6,4.94,4.63,3.49,5.91,4.66,4.87,4.51,4.68,4.68,4.51,4.67,4.63,4.55,4.73,4.28,4.67,5.84,4.57,4.27,4.35,4.56,3.87,7.24
CEP63,4.69,4.63,4.75,4.62,4.57,4.88,4.36,4.89,4.66,4.71,4.68,4.66,4.87,3.85,4.3,4.63,4.42,4.84,4.82,4.77,4.52,4.37,4.64,4.29,4.41,4.31,4.71,4.67,4.64,5.09,3.62,4.08,4.39,4.5,4.5,4.6,4.3,4.42,5.01,4.85,4.74,4.58,4.6,3.95,4.7,4.53,4.19,4.73,4.81,4.53
CEP63,8.8,8.87,8.7,8.61,8.34,8.62,8.15,8.58,8.86,8.66,8.92,8.65,8.61,8.15,8.39,8.15,8.42,8.83,8.75,8.86,8.35,8.32,8.5,8.27,8.2,8.41,8.61,8.63,8.7,8.2,7.15,5.58,8.38,8.32,8.28,8.35,8.42,8.23,8.46,8.61,8.53,8.4,8.46,7.68,8.45,8.44,8.34,8.45,8.64,6.56
CEP63,5.64,5.91,5.52,5.54,5.66,5.44,4.28,5.79,5.89,5.9,6.16,5.8,6.03,4.64,5.61,5.35,5.37,5.69,5.59,5.6,5.52,5.53,5.89,5.16,5.17,5.29,5.76,5.45,5.95,4.55,4.95,4.96,5.18,5.65,4.87,5.42,5.51,5.39,4.17,5.47,5.84,5.74,5.93,3.79,5.69,5.61,5.66,5.58,5.4,4.45
CEP63,5.41,5.23,5.64,5.74,5.8,5.41,5.12,5.62,5.18,5.48,5.39,5.71,5.38,6.07,5.63,5.66,5.42,5.79,5.44,5.49,4.98,5.44,5.11,5.62,5.9,5.37,5.36,5.47,5.54,4.62,4.18,5.73,5.12,5.39,5.51,5.59,5.66,5.49,6.19,5.48,5.71,5.79,5.8,5.72,5.66,5.7,5.24,5.46,5.67,5.36
CEP63,6.21,5.94,6.13,6.16,5.84,5.49,5.89,5.72,6.13,6.11,5.92,6.09,6.15,5.21,5.61,5.32,5.6,5.72,5.97,6.46,5.76,5.61,5.63,5.91,5.63,5.73,6.2,6.01,6.26,5.87,4.16,4.21,5.87,5.83,5.62,5.62,5.79,5.61,4.86,6.05,5.95,5.88,5.62,5.64,5.74,6.14,5.9,6.14,6.08,6.55
CEP68,6.37,6.38,6.37,6,6.38,6.5,5.68,6.16,6.52,6.46,6.68,5.95,5.89,5.43,6.64,6.65,6.61,6.65,6.8,6.62,6.61,6.68,7.06,6.61,6.54,6.53,6.48,6.27,6.47,5.87,5.8,7.06,6.22,6.04,6.33,6.65,6.16,6.04,5.75,6.5,6.69,7.11,7.11,6.77,6.52,6.72,6.32,6.32,5.94,6.04
CEP68,6.25,5.7,5.88,6.15,5.76,5.6,5.16,6.09,6.3,6.47,6.04,5.99,5.83,5.18,6.81,6.36,6.64,5.99,6,6.05,5.96,6.17,6.71,6.44,6.68,6.79,6.05,6.11,5.9,4.14,5.18,4.03,6.72,6.7,6.71,6.77,6,6.4,4.6,5.9,6.42,6.37,6.04,4.48,6.09,6.1,6.27,6.35,6.24,4.19
CEP68,6.23,6.2,6.41,6.25,6.63,6.13,6.66,5.78,6.13,6.28,6.1,6.32,6.23,6.64,6.52,6.45,6.45,6.18,6.24,6.27,6.49,6.33,6.37,6.45,6.4,6.55,6.3,6.46,6.19,6.08,6.23,5.53,6.77,6.58,6.51,6.71,6.27,6.42,6.67,6.43,6.56,6.42,6.44,5.91,6.25,6.33,6.5,6.2,6.12,5.37
CEP68,6.53,6.3,6.63,6.36,6.59,6.94,6.11,6.83,6.52,6.65,6.58,6.32,5.94,5.97,6.78,6.74,6.61,6.91,6.79,7.03,6.7,6.78,6.6,6.96,6.7,6.86,6.58,6.45,6.71,6.66,6.35,7.37,6.66,6.54,6.85,6.88,6.61,6.6,6.44,6.66,6.74,6.97,6.28,6.49,6.84,6.77,6.98,6.46,6.19,6.26
CEP68,9.24,9.55,9.35,9.3,9.16,9.31,8.64,9.21,9.33,9.36,9.67,9.29,9.23,8.93,9.43,9.25,9.31,9.52,9.43,9.53,9.44,9.48,9.51,9.42,9.42,9.41,9.25,9.31,9.44,8.35,6.64,9,8.95,8.99,9.03,9.35,9.3,9.26,8.88,9.43,9.25,9.91,9.9,9.55,9.38,9.38,9.16,9.39,9.45,9.16
CEP70,8.89,8.86,8.76,8.91,8.54,8.58,8.46,8.52,8.74,8.98,8.93,8.97,8.73,9.19,8.43,8.14,8.32,8.93,8.88,9.02,8.37,8.69,8.48,8.33,8.5,8.36,8.67,8.94,8.59,8.15,7.22,9.54,8.35,8.29,8.38,8.51,8.34,8.51,8.68,8.95,8.82,8.42,8.62,8.82,8.59,8.55,8.45,9.01,8.85,9.11
CEP70,6.96,6.88,7.03,6.89,6.69,6.63,7.03,6.86,6.98,6.79,6.86,6.73,6.69,4.27,6.37,6.24,6.43,7.02,6.97,7.09,6.82,6.55,6.71,6.3,6.31,6.3,6.84,6.76,6.82,7.03,6.72,6.88,6.5,6.39,6.34,6.53,6.68,6.35,6.6,7.03,6.91,6.35,6.74,6.66,6.34,6.59,6.53,6.8,6.89,6.98
CEP70,8.79,8.64,8.57,8.65,8.44,8.38,8.82,8.71,8.77,8.74,8.39,8.74,8.62,7,8.12,8.14,8.18,8.66,8.67,8.72,8.43,8.37,8.13,8.28,8.31,8.13,8.55,8.41,8.1,7.95,6.25,7.47,8.05,8.11,8.03,8.29,8.21,8.4,8.99,8.66,8.89,8.21,8.35,7.24,8.41,8.25,8.51,8.79,8.58,7.7
CEP70,7.11,6.9,6.95,6.94,6.29,6.53,6.22,6.85,7.11,7.03,6.48,7.11,6.84,5.34,6.86,6.35,6.7,7.22,7,7.35,6.69,6.87,6.38,6.83,6.98,6.64,6.88,7.04,6.48,5.6,5.18,6.66,6.75,6.75,6.77,6.7,6.7,6.99,5.83,7.08,6.99,6.61,6.23,5.26,7.05,6.28,6.78,6.95,6.71,5.96
CEP70,8.86,8.69,8.55,8.81,8.5,8.65,8.87,8.7,8.74,8.85,8.76,8.78,8.61,8.44,8.32,8.09,8.42,8.89,8.77,8.91,8.44,8.65,8.42,8.41,8.35,8.22,8.63,8.69,8.49,8.7,8.05,8.55,8.31,8.31,8.29,8.45,8.38,8.46,8.44,8.66,8.94,8.46,8.47,8.27,8.28,8.36,8.54,8.78,8.63,8.74
CEP70,6.98,6.65,6.91,6.75,6.4,6.94,6.44,6.55,6.8,6.88,6.63,6.73,6.64,5.79,6.44,6.25,6.26,6.78,6.89,6.86,6.41,6.14,6.28,6.24,6.51,6.36,6.86,6.58,6.3,6.46,6.27,6.14,6.24,6.13,6.23,6.57,6.37,6.48,6.47,6.8,6.82,6.64,6.45,5.5,6.15,6.91,6.26,6.93,6.84,5.78
CEP70,8.85,8.85,8.64,8.86,8.5,8.32,8.47,8.62,8.81,8.85,8.73,8.87,8.71,8.12,8.3,7.92,8.35,8.92,8.97,9.02,8.44,8.58,8.49,8.25,8.45,8.27,8.65,8.69,8.54,7.58,8.39,6.97,7.99,8.3,8.26,8.52,8.25,8.39,7.84,8.82,8.91,8.53,8.54,8.36,8.31,8.15,8.58,8.67,8.68,8.47
CEP70,7.31,6.92,6.96,7.13,6.18,6.06,5.88,7.04,7.01,7.2,7.06,7.18,6.98,5.66,6.83,6.53,7.07,7.12,6.97,7.04,6.85,6.76,6.24,6.75,6.78,6.7,7.04,7.26,6.77,6.81,5.69,5.47,6.68,6.99,6.64,6.83,6.72,7.06,5.79,7.45,7.31,6.78,6.78,5.75,7.22,6.5,6.8,7.06,7.25,6.11
CEP70,3.74,3.94,3.98,3.79,3.72,3.48,4.6,4,3.78,4,3.63,3.95,3.84,5.01,3.78,3.8,4.17,3.89,4.14,3.87,4.13,4.06,4.01,3.49,3.78,3.46,3.74,3.93,3.96,5.43,6.03,5.49,3.97,3.74,4,3.8,3.6,3.89,3.96,4.02,4.09,3.96,3.69,4.55,3.77,4.06,3.86,4.14,4.03,4.4
CEP70,6.1,5.62,5.89,5.76,5.89,5.35,5.22,5.69,5.9,5.87,5.47,5.75,5.63,6.14,5.54,5.9,5.46,6.05,5.99,6.16,5.69,5.62,5.05,5.76,5.57,5.88,5.97,5.84,5.21,5.14,5.33,5.19,5.74,6.31,5.74,5.65,4.92,5.77,4.6,5.9,5.69,5.38,5.44,5.69,5.82,5.77,5.8,5.88,6.06,5.28
CEP72,7.46,7.42,7.67,7.47,7.36,7.41,6.97,7.64,7.4,7.41,7.76,7.43,7.17,6.83,7.42,7.59,7.52,7.65,7.37,7.38,7.23,7.22,7.32,7.38,7.09,7.23,7.51,7.43,7.66,6.96,5.95,7.25,7.63,7.86,8.06,7.6,7.49,7.72,6.75,7.56,7.55,7.68,7.44,6.79,7.2,7.39,7.16,7.36,7.53,7.47
CEP72,3.91,3.77,4.53,3.95,4.04,3.89,4.15,4.03,4.28,4,3.83,3.91,4.1,5.32,4.2,4.38,4.05,3.87,3.91,4.01,4.41,4.03,3.66,3.9,3.86,3.85,4.23,3.96,3.96,4.67,4.27,6.45,4.09,4.29,3.91,4.05,4.53,4.05,3.95,4.18,4.31,4.27,4.36,4.56,3.91,4.63,4.01,4.46,3.93,4.26
CEP76,6.19,5.89,6.15,5.65,5.91,5.67,6.05,6.16,6.08,6.17,5.87,6.11,6.13,7.58,5.88,6,6.26,6.06,6.05,6.33,5.52,5.55,5.2,5.77,5.89,6.15,6.34,6.1,5.73,6.03,6.45,7.13,6.5,6.88,5.9,6.28,5.6,6.07,5.91,6.21,5.85,5.34,5.11,6.23,5.82,5.39,5.51,5.98,5.92,6.67
CEP76,6.9,6.71,6.75,6.9,6.34,6.36,6.34,6.57,6.85,6.79,6.32,6.74,6.48,7.51,6.82,6.89,6.79,6.97,6.78,7.01,6.56,6.42,6.31,6.59,6.82,6.43,6.98,7.05,6.64,6.07,5.52,7.03,7.15,7.43,7.4,6.9,6.94,6.82,5.76,6.74,6.65,6.01,6.31,7.06,6.47,6.33,6.47,6.68,6.66,8.23
CEP76,8.82,8.91,8.7,8.85,8.5,8.74,8.07,8.85,8.97,9.05,8.69,8.74,8.66,7.3,9.3,9.1,9.18,8.75,8.85,8.82,8.5,8.45,8.51,9.01,8.97,8.95,8.84,8.68,8.26,7.77,6.36,7.25,9.58,9.6,9.53,9.03,9.11,9.25,8.64,8.94,8.81,8.43,8.38,6.86,8.64,8.23,8.31,8.73,8.65,7.59
CEP78,8.78,9.32,8.93,8.85,9.04,8.88,8.21,8.63,8.89,8.78,9.33,8.65,8.79,7.65,8.85,8.79,9.02,8.77,8.84,8.75,8.62,8.4,8.86,8.44,8.5,8.42,8.94,8.81,9.15,9.08,6.63,8.45,9.13,9.29,9.23,8.81,8.8,8.66,8.59,8.7,8.88,8.69,8.93,8.32,9.04,8.86,8.73,8.67,8.99,7.79
CEP78,6.51,6.59,6.33,6.3,6.84,6.54,6.19,5.92,6.5,6.45,6.55,6.17,6.65,6,6.59,6.34,6.6,6.36,6.46,6.5,5.82,5.62,6.37,5.48,5.73,6.24,6.56,6.5,6.59,5.76,5.49,5.44,7.05,6.72,6.59,6.27,6.4,6.37,6.16,6.25,6.51,6.31,5.45,5.37,7.01,6.09,6.32,6.31,6.33,5.8
CEP78,4.38,3.98,4.2,4.08,4.06,4.51,5.51,3.76,4.44,3.92,4.1,4.07,3.9,4.17,4.11,3.89,4.17,4.19,3.91,3.84,4.84,4.26,4.11,4.24,4.09,3.86,4.24,3.92,4.2,4.59,5.63,4.99,4.56,4.16,4.35,4,3.97,3.91,3.92,3.84,3.86,3.94,4.68,5.93,3.77,4.1,4.24,4.21,4.03,3.92
CEP97,7.64,7.5,7.52,7.47,7.86,7.3,6.54,7.57,7.58,7.68,7.55,7.44,7.41,6.77,7.83,7.55,7.52,7.35,7.48,7.58,7.48,7.56,7.79,7.72,7.69,7.45,7.58,7.68,7.43,6.1,7.18,6.07,8.11,8.02,7.78,7.74,7.59,7.58,7.74,7.55,7.88,7.32,7.21,7.49,7.66,7.73,7.84,7.62,7.53,6.91
CEP97,6.19,6.23,6.18,6.18,6.2,6,6.33,6.05,6.06,6.01,6.3,6.23,6.06,6.39,6.42,6.19,6.06,5.92,6.23,6.19,6.12,6.17,5.94,6.14,6.14,6.07,6.03,6.32,5.97,4.24,6.8,6.46,6.38,6.45,6.67,6.36,5.43,6.01,5.46,6.27,6.07,5.84,5.47,6.74,6.1,5.71,5.97,6.21,5.66,6.51
CEPT1,8.8,8.75,8.76,8.76,8.55,8.35,7.96,8.2,8.93,8.8,8.79,8.77,8.61,7.22,9.05,9.01,8.99,8.9,9.07,9.02,8.87,8.88,8.79,8.77,8.93,8.8,8.78,8.75,8.67,6.92,5.74,5.43,8.92,9.1,9.03,8.89,8.86,8.89,8.39,8.65,8.82,8.49,8.58,7.04,8.62,8.35,8.74,8.75,8.51,6.22
CEPT1,8.75,8.74,8.89,8.8,8.86,8.81,8.22,8.42,8.93,8.82,9.08,8.75,8.83,8.79,9.12,8.94,9.17,9.08,9.19,9.02,8.77,8.75,8.96,8.82,8.83,8.86,8.79,8.76,8.66,7.9,6.26,8.21,8.97,9.02,8.93,8.95,8.9,9.04,8.05,8.84,8.84,8.57,8.83,7.88,8.75,8.64,8.8,8.84,8.76,8.1
CER1,3.81,4.19,3.71,3.95,4.3,4.05,5.56,3.94,3.84,4.11,4.07,4.31,3.89,4.48,4.11,3.89,4.15,3.84,4.06,3.96,3.9,4.05,4.18,3.99,3.87,4.31,3.89,4.05,3.78,4.53,6.76,5.87,3.92,3.71,3.8,3.73,4.32,4.31,5.66,3.96,4.1,3.96,4.01,4.78,3.91,4.68,4.01,4.45,3.72,5.08
CERCAM,8.15,8.18,8.32,8.11,8.12,8.34,7.93,8.24,8.14,8.13,8.08,7.87,8.07,5.58,7.78,8.11,8.1,8.19,8.04,7.84,8.44,8.14,8.44,8.11,8.21,8.14,8.45,8.11,8.51,7.7,4.64,7.88,8.11,8.03,7.76,8.15,8.34,8.17,7.98,8.22,8.34,8.1,8.61,5.76,7.57,7.9,7.83,8.12,8.44,5.75
CERCAM,7.32,7.11,7.6,7.44,6.87,7.45,7.07,7.74,7.3,7.47,6.69,7.4,7.12,5.92,7.41,7.43,7.45,7.43,7.38,7.59,7.14,7.25,7.18,7.58,7.27,7.4,7.46,7.64,7.16,6.11,6.36,5.94,7.16,7.29,7.37,7.5,7.44,7.55,7.04,7.39,7.16,7.42,7.22,5.62,6.53,6.51,7.18,7.46,7.31,6.53
CERCAM,7.59,6.89,7.56,7.54,7.15,7.46,7.01,7.66,7.44,7.64,6.94,7.19,7.45,6.41,7.37,7.55,7.57,7.71,7.42,7.53,7.7,7.59,7.23,7.37,7.32,7.57,7.74,7.71,7.07,5.84,4.52,5.54,7.58,7.4,7.28,7.36,7.39,7.62,6.57,7.53,7.47,7.44,7.36,5.32,6.89,7.22,6.6,7.57,7.39,6.69
CERCAM,6.93,6.63,7.28,6.95,6.96,7.07,6.58,7.33,7.1,7.03,6.48,6.92,6.89,5.17,6.8,6.58,7.07,7.19,6.97,6.91,7.18,7.07,7.19,7.07,7.18,7.55,7.19,7.01,7.5,5.26,4.16,6.74,6.99,6.76,6.82,7.23,7.26,7.02,7.66,6.87,7.3,6.95,7.35,5.16,6.91,6.32,6.95,7.04,7.06,5.03
CERCAM,6.52,6.21,7.03,6.61,6.57,6.99,5.41,6.77,6.47,6.77,6.17,6.47,6.26,4.31,6.64,6.78,6.6,6.67,6.75,6.43,6.66,6.66,6.66,6.81,6.53,6.95,7.03,6.67,6.85,6.31,5.24,4.45,6.8,6.55,6.5,6.72,7.1,6.73,5.6,6.89,6.87,6.58,7.12,4.94,6.55,6.12,6.41,6.94,6.81,4.7
CERK,8.67,8.16,8.53,8.5,8.38,8.26,8.25,8.62,8.5,8.51,8.39,8.55,8.16,7.86,8.38,8.47,8.24,8.47,8.43,8.54,8.3,8.45,8.28,8.24,8.27,8.29,8.33,8.61,8.18,7.39,4.85,7.33,8.23,8.16,8.36,8.39,8.16,8.23,7.92,8.22,8.25,8.84,8.62,7.31,8.22,8.36,8.61,8.36,8.3,8.27
CERK,9.7,9.6,9.71,9.73,9.73,9.81,9.79,9.82,9.63,9.81,9.87,9.73,9.46,8.03,9.63,9.63,9.58,9.65,9.59,9.79,9.51,9.73,9.57,9.64,9.68,9.49,9.74,9.72,9.64,9.63,6.65,8.19,9.48,9.43,9.56,9.48,9.52,9.58,9.39,9.65,9.72,10.05,9.98,8.38,9.61,9.78,9.61,9.7,9.75,8.15
CERK,6.03,5.53,6.08,6.18,6.35,5.76,5.59,6.43,6,6.42,6.07,6,5.5,6.91,5.86,5.87,5.84,6.25,5.91,6.06,5.77,5.33,5.6,5.97,5.87,5.36,6.22,6.43,6.27,5.96,7,5.95,5.87,6.02,6.07,6.01,5.71,6.22,6.81,6.38,6.32,5.8,6.05,6.5,5.82,5.85,6.15,6.12,5.78,5.55
CERKL,5.51,5.96,5.74,5.86,5.71,5.39,5.54,5.47,5.58,5.59,6,5.26,5.35,8.69,5.86,5.51,5.76,5.69,5.71,6.03,5.33,5.35,5.34,5.75,5.22,5.31,5.47,5.72,5.79,5.63,6.15,8.47,5.21,5.45,5.59,5.38,5.14,5.97,5.54,5.92,5.33,4.8,6.1,7.83,5.35,5.06,5.19,5.16,5.33,9.21
CERKL,3.94,4.28,3.9,3.88,4.48,3.74,4.61,3.79,4.18,3.87,4.19,4.22,4.33,4.69,3.94,3.84,4.19,3.87,3.97,3.84,4.06,4.17,4.14,3.95,3.8,3.82,4.03,4.06,4.02,4.52,5.69,5.31,3.8,4.14,4.07,3.98,4.17,4.27,4.7,3.73,3.98,4.08,4.14,3.98,4.02,3.86,4.02,3.76,3.92,4.79
CERKL,5.67,5.99,6.05,5.95,6.24,6.16,6.34,5.78,5.69,5.85,5.58,5.71,5.56,8.31,6.12,5.88,6.16,6.17,5.9,6.06,5.34,5.8,5.26,5.84,5.79,5.5,5.85,5.78,5.68,5.87,8.29,7.71,5.44,5.62,5.75,5.55,5.72,6.03,5.26,5.86,5.39,5.53,5.87,8.23,5.84,5.28,5.57,5.93,5.44,7.6
CES1,3.6,3.43,3.54,3.61,3.63,4.1,4.08,3.63,3.38,3.44,3.56,3.6,3.45,5.01,3.43,3.39,3.51,3.6,4.15,3.66,3.4,3.61,3.57,3.48,3.63,3.79,4.35,3.73,3.68,4.63,5.86,3.98,3.55,3.45,3.53,3.62,3.75,3.46,3.85,3.84,4.24,3.82,3.57,5.17,3.74,3.85,4.2,3.93,3.5,3.88
CES2,7.09,6.75,7.32,7.04,7.04,7.33,7.13,7.67,6.96,7.19,6.73,6.97,6.73,6.18,8.02,8.04,7.93,6.87,6.86,6.85,7.67,7.45,7.62,7.99,7.83,8.1,7.16,7.15,6.98,6.22,6.43,6.29,7.88,7.84,7.84,7.89,7.65,7.88,6.97,7.19,7.27,7.53,7.17,6.61,6.99,7.14,7.29,7.39,7.42,6.21
CES2,7.51,7.56,7.65,7.76,8,7.99,7.37,7.63,7.8,7.72,7.83,7.69,7.63,6.91,8.39,8.29,8.39,7.43,7.5,7.41,8.19,7.96,8.2,8.51,8.4,8.48,8.03,7.69,7.77,6.22,7.65,7.11,8.23,8.28,8.49,8.49,8.48,8.42,7.47,8.01,7.99,7.75,7.97,6.59,7.54,7.38,7.66,8.11,8.16,6.84
CES3,4.83,4.7,4.72,4.66,4.65,4.78,5.33,4.78,4.66,4.41,4.66,4.8,4.73,5.27,4.82,4.87,4.71,4.75,5.04,4.61,4.83,4.72,4.7,4.62,4.77,4.59,4.86,4.59,4.8,7.27,5.63,6.38,4.83,4.74,4.87,4.65,4.87,5.32,5.45,4.82,4.89,4.76,4.61,5.3,4.66,5.11,4.94,4.89,4.64,5.44
CES4,3.86,3.87,4.04,3.82,3.98,4.52,4.19,3.9,3.83,4.07,3.89,3.94,3.94,4.33,4.1,3.93,3.91,3.88,4.09,4.05,3.84,3.77,3.85,4.04,4.19,4.04,4.07,4.03,3.95,6.45,5.38,4.76,4.14,3.87,4.08,4.03,4.32,4.28,5.77,4,3.92,4.13,4.47,4.11,3.95,4.4,4.04,3.88,3.78,5.13
CES7,3.59,3.48,3.66,3.67,4.02,3.52,3.85,3.52,3.63,3.5,3.49,3.63,3.52,3.68,3.33,3.81,3.27,3.6,3.83,3.43,3.46,3.51,3.44,3.57,3.49,3.74,3.81,3.61,3.74,3.97,4.17,4.33,3.52,3.37,3.61,3.39,3.84,3.45,3.73,3.58,3.67,3.86,3.88,4.1,3.72,4.2,3.66,3.48,3.52,3.86
CES7,3.89,4.04,3.65,4.18,4.22,4.02,4.36,3.86,3.77,3.76,3.98,3.74,3.95,4.31,3.98,3.94,3.9,3.98,4.09,3.86,4.02,4.17,3.89,3.67,3.84,3.92,3.74,3.88,4.1,4.71,4.26,5.38,4,3.8,3.92,3.73,3.67,3.85,4.17,4.06,3.85,3.66,4.31,4.74,3.71,3.8,3.72,3.68,3.71,3.97
CES8,4.89,4.69,4.76,5,4.84,4.89,5.39,5.04,4.75,4.64,4.9,4.87,4.82,5.73,4.89,4.82,5.14,5.1,4.95,4.98,4.66,4.76,4.95,4.77,4.85,4.6,4.93,4.96,4.81,6.27,6.01,5.3,4.75,4.67,4.61,4.76,4.64,4.54,4.93,5.02,4.82,4.74,4.8,6.13,4.76,4.79,5.07,5.07,4.76,5.26
CES8,4.44,4.22,4.61,4.37,4.39,4.75,4.56,4.04,4.46,4.18,4.57,4.17,4.28,4.83,4.54,4.49,4.3,4.48,4.34,4.4,4.43,4.36,4.25,4.19,4.93,4.45,4.42,4.62,4.52,5.58,4.24,4.84,4.3,4.08,4.63,4.42,4.3,4.32,4.37,4.41,4.47,4.61,4.69,5.2,4.8,4.8,4.66,4.47,4.26,4.37
CES8,3.45,3.61,3.6,3.57,3.48,3.66,4.21,3.75,3.5,3.61,3.45,3.52,3.79,3.87,3.57,3.58,3.34,3.44,3.38,3.47,3.59,3.61,3.43,3.6,3.51,3.55,3.52,3.53,3.53,3.96,7.81,4.38,3.44,3.86,3.43,3.63,3.43,3.27,3.88,3.6,3.62,3.8,3.76,4.37,3.8,3.67,3.31,3.57,3.61,4.44
CES8,4.61,4.53,4.54,4.51,4.84,4.8,4.76,4.57,4.62,4.49,4.66,4.82,4.41,5.38,4.48,4.62,4.54,4.54,4.61,4.45,4.53,4.79,4.36,4.35,4.99,4.64,4.21,4.87,4.57,4.58,4.4,4.94,4.36,4.6,4.42,4.86,4.52,4.96,4.76,4.9,4.6,5.05,4.27,5.41,4.78,5.19,4.63,4.62,4.57,5.51
CES8,4.58,4.87,5.14,4.82,5.58,4.86,4.87,4.96,4.87,4.77,4.94,4.91,4.76,5.17,4.73,4.91,4.79,4.77,4.74,4.86,4.86,4.95,4.89,4.87,5.06,4.85,4.92,4.93,4.85,5.28,5.12,4.99,4.59,4.88,4.82,4.98,4.7,5.44,5.35,5.26,4.77,4.78,4.97,5.34,4.92,4.73,4.7,4.99,4.82,5.27
CES8,4.11,4.25,4.06,4.16,4.67,4.31,3.97,4.36,4.15,4.01,4.22,4.18,4.16,4.53,4.12,4.16,4.05,4.06,4.18,4.32,4.05,4.25,4.47,4.25,4.37,3.97,4.25,4.09,4.26,4.22,4.35,4.56,4.11,4.11,4.01,4.36,4,4.3,3.95,4.27,4.24,4.41,4.14,4.29,4.54,3.98,4.5,4.33,4.21,5.83
CETN1,4.26,4.33,4.12,4.31,4.01,4.52,3.89,4.4,4.08,4.08,4.17,4.28,4.23,5.23,4.22,4.24,3.97,4.01,4.08,4.19,3.95,4.17,4.54,4.25,4.2,4.57,4.29,4.21,4.17,4.28,5.54,4.5,4.09,4.29,4.24,4.19,4.29,4.18,4.75,4.22,4.1,4.34,4.24,5.36,4.33,3.93,3.83,4.33,4.14,5.31
CETN2,10.86,10.75,10.93,10.9,10.87,10.79,10.65,10.98,10.93,10.96,10.67,11.01,10.79,9.01,10.8,10.73,10.83,10.67,10.64,10.7,10.94,10.81,10.77,10.93,10.9,10.87,10.93,10.85,10.67,10.83,8.6,9.1,10.68,10.66,10.65,10.94,10.78,10.87,10.74,10.98,10.97,10.43,10.64,8.83,10.63,10.55,10.7,10.94,10.77,9.09
CETN3,9.19,9.44,9.04,9.21,8.56,8.84,8.58,8.73,9.63,9.15,9.23,9.32,9.4,8.65,8.63,8.47,8.68,8.87,8.97,8.86,9.22,9.06,9.37,8.59,8.68,8.77,9.01,9.12,9.45,8.61,5.43,8.21,8.38,8.41,8.31,8.67,8.56,8.64,8.42,8.99,9.07,8.87,8.76,8.7,9.25,9.1,8.98,9.23,9.45,8.17
CETP,3.89,3.58,3.9,3.72,4.18,4.27,5.3,3.65,3.82,3.94,4.06,3.83,3.59,4.67,3.59,4.02,4.72,3.65,3.77,3.88,4.01,3.67,3.86,4.26,3.93,4.48,3.89,3.97,3.76,5.32,6.73,5.5,3.74,3.67,3.95,4.04,4,4.15,5.6,4,3.89,4.13,4.21,5.03,5.22,4.31,4.54,4.51,3.95,5.87
CFB,4.06,3.97,4.47,4.15,4.64,4.48,4.34,4.3,4.09,4.44,4.3,4.04,3.79,4.57,4.16,4.19,4.01,4.28,4.13,4.28,4.59,4.32,4.24,4.08,4.53,4.04,4.37,4.73,4.18,3.5,5.83,6.03,3.89,4.19,5.02,4.46,4.34,4.15,5.08,4.24,4.31,4.57,4.77,4.76,4.09,5,4.72,4.1,4.12,5.67
CFC1 /// CFC1B,3.89,4.56,3.96,4.37,4.14,4.36,4.13,4,4.38,4.11,4.25,4.47,4.37,4.75,4.11,4.17,3.97,4.26,4.01,4.53,4.07,4.27,4.45,4.28,4.01,3.97,4.28,4.33,4.42,4.44,4.11,6.74,4.43,4.2,4.2,4.47,3.92,4.27,3.79,4.16,4.31,3.92,4.91,5.04,3.94,4.22,3.93,3.93,4.25,4.92
CFD,3.56,3.69,3.62,3.82,3.64,3.88,3.75,3.74,3.64,3.7,3.64,3.88,3.57,3.89,3.72,3.56,3.53,3.51,3.72,3.51,3.72,3.66,3.72,3.4,3.84,3.93,3.85,3.65,4.1,4.62,4.36,4.26,3.47,3.44,3.54,3.49,3.55,3.55,4.08,3.53,3.26,3.88,3.9,4.03,3.85,3.86,3.92,3.75,3.69,3.89
CFDP1,8.11,7.86,8.36,8.13,7.95,8.21,8.08,8.23,8.31,8.2,7.76,7.99,8.16,6.07,7.63,7.86,7.91,8.39,8.29,8.22,7.9,7.81,7.43,7.77,7.76,7.95,8.08,7.86,8.01,7.4,4.79,7.4,7.82,7.71,7.65,7.68,7.87,7.89,7.88,7.83,8.05,8.08,8.08,5.52,8.2,8.21,8.24,8.07,8.26,6.78
CFDP1,7.62,7.08,7.43,7.4,7.71,7.69,7.22,7.73,7.53,7.38,7.9,7.22,7.19,6.28,7.49,6.91,7.24,7.17,7.29,7.32,7.53,7.52,8.01,7.49,7.53,7.2,7.46,7.43,7.72,7.2,8.22,6.1,7.09,7.32,7.11,7.32,7.42,7.07,8.09,7.51,7.78,7.88,7.96,7.55,7.55,8.09,7.76,7.34,7.31,6.59
CFH,6.59,6.62,6.98,7.09,6.76,6.46,6.29,6.73,6.97,6.8,6.66,6.87,7.05,5.66,7.16,7.21,7.07,6.85,6.99,6.99,7.28,7.25,7.12,7.57,7.54,7.56,6.45,6.8,6.61,5.97,7.2,7.46,6.93,6.94,7.24,7.3,7.02,7.53,5.47,7.13,6.9,7.3,7.34,7.16,7.43,7.66,7.38,7.01,6.79,6.7
CFH,7.76,7.84,7.72,7.72,7.49,7.45,7.78,7.72,7.71,7.67,7.53,8,8.08,6.03,7.73,7.74,7.25,8.28,8.35,8.24,7.84,7.79,7.54,7.57,7.62,8.1,7.35,7.32,7.21,7.08,5.43,6.42,6.97,7.17,7.11,7.66,7.74,7.77,7.12,7.58,7.9,7.74,7.85,7.9,7.48,7.16,7.13,7.53,7.58,7.37
CFH /// CFHR1,8.03,8.45,8.11,8.19,7.64,8.03,7.23,7.94,8.13,8.18,7.98,8.34,8.6,7.42,8.07,7.73,7.81,8.69,8.57,8.66,8.08,8.17,8.05,8.08,8,8.19,7.9,7.65,7.56,7.68,8.85,7.09,7.22,7.43,7.26,7.94,8.2,8.14,7.5,8,8.02,7.99,8.06,6.48,7.58,7.6,7.44,7.97,7.8,5.85
CFH /// CFHR1,8.16,8.54,8.36,8.36,7.91,7.92,7.95,7.91,8.27,8.32,8.32,8.63,8.5,8.43,8.38,8.09,7.94,8.62,8.64,8.71,8.35,8.48,8.49,8.36,8.24,8.19,8.13,8.02,8.02,7.57,6.88,8.43,7.48,7.72,7.77,8.44,8.28,8.3,8.14,8.31,8.15,8.21,8.5,8.56,7.78,7.65,7.81,8.14,7.89,7.62
CFHR2,3.64,3.54,3.56,3.4,3.89,3.99,4.67,3.7,3.42,3.44,3.46,3.61,3.58,5.18,3.51,3.51,3.66,3.41,3.45,3.26,3.68,3.48,3.55,3.46,3.5,3.92,3.62,3.49,3.78,5.73,4.42,4.58,3.46,3.45,3.41,3.67,3.54,3.64,4.36,3.53,3.67,3.4,3.47,4.42,3.72,4.23,3.32,3.75,3.37,3.83
CFHR3,4.62,4.6,4.52,4.89,4.99,4.8,5.61,4.33,4.71,4.46,4.56,4.78,4.82,6.53,4.94,4.93,4.89,4.63,4.7,4.37,4.74,4.82,4.77,4.72,4.86,4.54,4.45,4.88,4.85,4.4,6.15,6.68,4.77,5.03,4.92,4.74,4.72,4.84,4.76,4.74,4.52,4.87,4.67,5.91,4.83,4.6,4.75,4.88,4.7,6.17
CFHR3,4.39,4.15,3.79,3.9,3.7,3.58,4.87,3.8,4.32,4.12,4.47,4.3,4.23,4.32,3.93,4.26,3.89,4.22,4.42,3.92,4.67,4.27,4.29,4.24,3.58,3.92,4.2,4.27,4.07,4.48,4.71,5.07,4.09,4.16,4.3,3.81,3.77,3.46,4.53,3.93,3.79,3.97,3.99,4.73,4.12,4.05,3.68,4.08,4,3.88
CFHR3,3.49,3.65,3.69,3.63,3.54,3.67,4.44,3.71,3.54,3.39,3.65,3.55,3.8,4.57,3.5,3.88,3.39,3.77,3.96,3.87,3.54,3.73,3.66,4.02,3.74,3.79,3.64,3.85,3.7,3.97,4.02,4.21,3.49,3.6,3.58,3.66,4.17,3.54,5.07,3.53,3.54,3.72,3.54,4.96,3.65,4.16,3.7,3.7,3.62,4.08
CFHR3,3.39,3.3,3.53,3.69,3.62,4.04,3.71,3.65,3.48,3.32,3.49,3.44,3.5,3.84,3.36,3.35,3.36,3.64,3.48,3.43,3.36,3.47,3.51,3.59,3.49,3.63,3.56,3.62,3.51,4.1,4.16,4.65,3.49,3.38,3.31,3.36,3.58,3.31,4.09,3.56,3.77,3.27,3.59,4.95,3.42,3.47,3.5,3.46,3.44,4.26
CFHR3,3.66,3.82,4.05,3.62,3.54,4.02,4.11,3.63,3.75,3.7,4.09,3.75,4.04,3.84,3.65,3.53,3.65,3.63,3.67,3.57,3.7,3.61,3.99,3.42,3.71,3.44,3.87,3.93,3.81,4.23,4.44,4.07,3.57,3.55,3.65,3.72,3.56,3.53,4.32,3.63,3.54,3.52,3.6,5.09,4.11,3.96,3.74,3.85,3.84,4.23
CFHR3 /// CFHR4,4,4.56,4.13,3.95,3.92,4.37,4.1,3.72,4.02,3.91,4.33,4.17,4.16,4.68,4.51,4.06,4.22,4.46,4.22,4.04,4.06,4.46,4.02,4.11,4.23,4.11,4.12,3.91,4.07,3.85,6.17,5.79,3.95,3.76,4.1,4.29,3.82,4.21,4.21,3.82,4.24,4.39,4.18,4.04,4.77,3.94,4.12,4.14,3.88,6.37
CFHR3 /// CFHR4,3.86,3.95,4.12,3.8,4.09,3.72,4.35,4.11,3.86,3.82,3.88,4.07,3.92,4.79,3.9,3.91,3.79,3.8,4.05,4,3.68,3.9,4,3.85,4.1,3.87,3.7,3.78,3.95,4.37,4.72,4.36,4,3.88,4.12,3.79,3.93,3.67,5.76,3.76,3.91,3.76,3.69,4.34,3.98,3.95,3.85,3.84,4.03,5.25
CFHR3 /// CFHR4,3.71,3.74,3.63,3.72,3.77,3.5,4.94,3.56,3.55,3.7,3.7,3.71,3.42,4.17,3.81,3.52,3.6,3.97,3.6,3.85,3.85,3.94,3.98,3.72,3.48,3.57,3.6,4.04,3.88,4.33,4.65,5,3.61,3.79,3.71,3.43,3.54,3.55,4.59,3.44,3.49,3.51,3.57,3.88,3.64,3.43,3.65,3.52,3.74,4.57
CFHR4,3.47,3.41,3.37,3.56,3.51,3.45,4.14,3.61,3.42,3.47,3.71,3.51,3.35,4.32,3.49,3.54,3.4,3.53,3.48,3.77,3.59,3.38,3.47,3.53,3.67,3.53,3.77,3.56,3.75,4.28,4.07,4.22,3.46,3.78,3.65,3.6,3.62,3.35,3.66,3.57,3.45,3.51,3.49,3.62,3.78,3.66,3.49,3.44,3.62,3.8
CFHR5,3.52,3.59,3.76,3.85,3.6,3.81,4.01,3.94,3.71,3.81,3.96,3.71,3.54,4.44,3.83,4.07,3.61,3.83,3.99,3.82,3.71,3.73,3.7,3.88,3.74,3.58,3.92,3.79,3.81,3.9,5.02,4.49,3.76,3.6,3.96,3.71,3.96,3.75,3.8,3.81,3.84,3.81,3.84,4.55,3.81,3.62,3.68,3.87,3.69,4.67
CFI,3.89,4.03,3.75,3.73,3.6,3.97,3.93,3.65,3.79,3.64,3.69,4.05,4.06,3.75,3.77,3.82,3.56,3.62,3.79,3.52,4.02,3.66,3.67,3.73,3.72,3.59,3.65,3.64,3.55,5.98,6.46,4.04,3.81,4.05,3.95,3.59,4.02,3.73,5.36,3.63,3.61,3.56,3.92,5.36,3.69,3.87,3.68,3.59,3.64,3.58
CFI,4.6,4.6,4.1,4.58,4.42,4.52,4.47,3.96,4.3,4.4,4.79,4.49,4.56,5.16,4.57,4.45,4.01,4.14,4.26,4.18,4.55,4.58,4.4,4.17,3.96,4.15,4.17,4.54,4.52,5.97,5.6,4.79,4.39,4.52,4.22,4.13,4.47,4.14,4.12,4.5,4.1,4.22,4.21,5.4,4.65,4,4.18,3.94,4.14,5.25
CFL1,12.75,12.57,12.72,12.75,12.32,12.45,12.25,12.71,12.83,12.78,12.27,12.76,12.76,11.19,12.53,12.48,12.66,12.77,12.73,12.81,12.78,12.62,12.39,12.65,12.65,12.69,12.72,12.68,12.39,11.25,10.57,9.07,12.71,12.63,12.52,12.57,12.44,12.72,12.25,12.6,12.47,12.28,12.36,10.79,12.42,12.22,12.37,12.61,12.43,11.45
CFL1,12.72,12.55,12.67,12.72,12.29,12.43,12.36,12.63,12.79,12.66,12.13,12.73,12.72,11.38,12.48,12.5,12.58,12.7,12.68,12.69,12.72,12.6,12.38,12.54,12.54,12.67,12.7,12.63,12.35,11.12,10.74,10.6,12.56,12.53,12.51,12.33,12.44,12.58,12.26,12.5,12.46,12.28,12.34,11.23,12.37,12.21,12.34,12.55,12.42,11.01
CFL1,13.09,12.89,13.09,13.12,12.79,12.86,12.8,13.11,13.13,13.11,12.63,13.02,13.08,11.12,12.81,12.87,13.03,13.09,13.09,13.13,13.13,12.87,12.64,12.93,12.86,13.1,13.12,12.96,12.64,11.75,11.37,10.79,13.02,13,12.86,12.86,12.87,13.06,12.75,12.84,12.85,12.67,12.76,10.95,12.8,12.7,12.79,13,12.81,10.86
CFL1,13.06,12.95,13.07,13.11,12.95,12.96,13.03,13.04,13.06,13.11,12.84,13.06,13.09,12.19,12.95,12.83,13,13.12,13.05,13.08,13.02,12.95,13.06,12.95,12.94,13,13.11,13.05,12.97,12.93,11.88,12.21,12.91,12.93,12.99,12.95,13.01,12.97,12.95,12.93,13.02,12.82,12.91,11.42,12.91,12.75,12.87,13.02,13,11.45
CFL1,11.18,11,11.17,11.22,10.86,10.9,10.75,11.27,11.18,11.28,10.79,11.14,11.19,10.39,10.9,10.94,11.09,11.28,11.24,10.97,11.14,10.88,10.75,10.88,10.88,11.09,11.2,11.21,10.9,9.93,9.4,9.13,11.07,11.04,11.13,10.86,10.92,11.05,10.74,10.89,11.02,10.72,10.93,9.77,10.99,10.89,10.83,11.12,10.95,10.24
CFL1,13.86,13.76,13.88,13.9,13.96,13.97,13.95,13.92,13.85,13.87,13.85,13.86,13.84,13.92,13.83,13.81,13.82,13.97,13.92,13.94,13.87,13.87,13.89,13.83,13.83,13.84,13.9,13.88,13.88,14.02,13.93,13.91,13.88,13.88,13.85,13.85,13.9,13.87,13.97,13.84,13.87,13.81,13.83,13.89,13.84,13.83,13.82,13.88,13.9,13.96
CFL2,6.09,6.34,6.11,6.37,6.05,6.09,4.45,5.76,6.36,6.41,6.63,5.99,5.82,5.32,6.15,5.84,6.05,5.8,6.09,6.29,5.61,5.83,6.41,6.06,5.75,5.81,6.28,6.39,5.91,6.18,5.29,5.53,5.47,5.61,5.22,5.86,6.01,5.76,5.35,6.07,6.02,5.85,5.95,6.16,5.94,6.32,6.02,6.31,6.07,5.68
CFL2,7.42,7.64,7.4,7.43,6.74,7.38,6.94,7.63,7.59,7.54,7.6,7.51,7.44,6.5,7.38,7.15,7.41,7.07,7.15,7.51,7.54,7.55,7.4,7.42,7.53,7.23,7.55,7.68,7.54,5.73,5.94,7.38,7.49,7.57,7.57,7.49,7.14,7.29,7.15,7.71,7.6,7.31,7.6,7.16,7.54,7.42,7.46,7.49,7.64,7.62
CFL2,5.24,5.1,5.21,5.22,5.09,4.84,5.42,4.93,5.1,5.23,4.68,5.18,5.03,5.41,4.99,5.08,5.28,4.94,5.01,5.11,4.83,5.11,4.78,5.01,5.04,4.83,5.29,5.04,5.03,5.91,4.89,4.96,5.27,5.11,5.02,5.17,5.21,5.27,4.76,5.21,5.29,5.12,4.8,5.17,5.11,5.01,5.01,5.06,5.43,4.77
CFLAR,12.16,12.34,12.17,12.16,12.24,12.14,12.22,12.18,12.18,12.12,12.3,12.4,12.23,11.79,12.2,12.23,12.31,12.1,12.24,12.31,12.51,12.39,12.37,12.49,12.42,12.5,12.26,12.15,12.28,12.35,11.54,11.92,12.46,12.53,12.49,12.29,12.25,12.31,12.07,12.29,12.16,12.36,12.32,11.98,12.6,12.44,12.63,12.34,12.25,11.85
CFLAR,9.43,8.89,9.36,9.06,9,9.29,9.66,9.09,9.26,9.19,8.97,8.95,9.13,7.11,9.3,9.5,9.41,9.39,9.42,9.7,9.95,9.78,9.53,9.9,9.63,9.79,9.24,9.17,9.36,8.89,6.46,6.61,9.5,9.17,9.33,9.48,9.3,9.11,9.7,9.21,9.24,9.94,9.66,7.89,9.83,9.91,9.61,9.16,8.96,6.95
CFLAR,9.73,9.11,9.42,9.32,8.81,9.12,9.64,9.33,9.51,9.46,8.76,9.3,9.32,8.17,9.5,9.48,9.67,9.64,9.81,9.83,10.11,10.03,9.34,10.05,9.92,10.02,9.47,9.52,9.05,8.45,9.01,8.36,9.64,9.47,9.63,9.63,9.29,9.52,9.32,9.16,9.3,9.81,9.77,7.57,9.96,9.95,9.72,9.45,8.99,6.34
CFLAR,8.93,8.54,8.71,8.62,8.51,8.69,9.41,8.58,8.81,8.83,8.63,8.53,8.93,7.18,8.74,8.91,8.92,8.88,9.01,8.8,9.36,9.35,9.15,9.23,9.21,9.23,8.86,8.57,8.78,7.75,7.17,5.74,9.02,8.6,8.74,8.78,8.52,8.52,8.91,8.62,8.79,9.42,9.34,5.99,9.36,9.41,9.05,8.79,8.7,5.59
CFLAR,12.14,12.26,12.2,12.18,12.21,12.19,12.07,12.18,12.22,12.21,12.17,12.33,12.51,11.34,12.27,12.23,12.29,12.18,12.18,12.14,12.55,12.46,12.52,12.44,12.44,12.54,12.2,12.24,12.25,12.19,9.98,11.02,12.45,12.52,12.5,12.3,12.32,12.32,12.01,12.19,12.2,12.41,12.55,11.41,12.76,12.73,12.66,12.35,12.34,11.17
CFLAR,9.62,9.26,9.57,9.39,9.22,9.36,9.21,9.5,9.53,9.46,9.01,9.48,9.27,4.95,9.57,9.7,9.72,9.77,9.87,9.76,10.17,10.07,9.79,10.16,10.18,10.04,9.61,9.46,9.25,8.23,5.39,7.12,9.82,9.52,9.7,9.76,9.29,9.53,9.23,9.4,9.28,10.16,9.9,6.8,10.06,9.95,9.89,9.45,8.98,5.92
CFLAR,8.95,8.74,8.92,8.65,8.58,8.7,9.32,8.64,8.86,8.64,8.73,8.6,8.72,8.2,8.94,8.88,8.99,8.83,8.9,8.84,9.45,9.35,9.21,9.22,9.24,9.2,8.92,8.8,8.86,8.4,8.16,8.22,9,8.65,8.78,9.08,8.98,8.59,8.71,8.88,8.76,9.38,9.29,7.68,9.37,9.14,9.27,8.72,8.4,8.09
CFLAR,10.71,10.35,10.38,10.4,10.1,10.38,10.35,10.39,10.68,10.5,10.13,10.48,10.72,9.33,10.56,10.49,10.69,10.52,10.52,10.61,11.21,10.94,10.77,10.92,10.83,11.03,10.6,10.51,10.53,10.19,6.98,8.64,10.85,10.71,10.57,10.55,10.55,10.33,10.48,10.36,10.45,10.82,10.81,9.55,11.1,10.91,10.88,10.67,10.58,8.22
CFLAR,5.25,5.18,5.19,5.67,4.98,5.6,5.92,5.21,5.77,5.54,5.35,5.38,5.31,6.27,5.52,5.23,5.42,5.31,5.25,5.39,6.25,5.82,5.73,5.82,5.36,5.47,5.34,5.63,5.15,4.91,5.84,6.9,5.21,5.32,5.74,5.27,4.98,5.27,4.63,5.78,5.07,5.64,5.37,6.48,5.02,5.13,5.48,5.13,5.52,6.19
CFP,5.28,5.05,5.06,5.23,5.38,5.05,5.17,5.33,5.08,5.09,5.18,5.18,5.05,5.45,5.1,5.28,5.23,5.24,5.19,5.08,5.24,5.29,5.19,5.14,5.36,5.25,5.32,5.11,5.54,5.24,5.69,5.56,5.3,5.28,5.02,5.14,5,5.22,6.41,5.24,5.03,5.36,5.11,5.61,5.38,5.52,5.02,5.3,5.38,5.38
CFTR,5.28,5.43,5.44,5.42,5.33,4.81,5.4,4.61,5.26,5.29,5.57,5.01,5.09,5.99,5.52,5.7,5.47,5.07,5.2,5.52,4.95,5.24,5.1,5.28,5.11,5.11,5.34,5.48,5.09,4.48,4.93,5.3,5.69,5.62,5.48,6.12,6.08,5.92,5.02,5.43,4.94,6.55,6.77,6.61,5.56,5.76,5.82,5.83,5.21,4.91
CGA,3.87,4.36,3.84,4.25,4,4.51,4.7,4.17,4.16,4.22,4.48,4.08,4.23,5.68,4.15,4.03,4.28,4.29,4.12,4.22,4.05,4.59,4.37,4.3,4.51,4.02,4.24,4.22,4.1,4.61,6.44,5.11,4.23,3.76,4.01,4.22,4.07,4.37,4.4,4.08,3.94,4.24,4.41,5.46,4.02,4.36,4.27,4.24,4.4,6.74
CGB /// CGB1 /// CGB2 /// CGB5 /// CGB7 /// CGB8,6.65,6.18,6.58,6.56,6.87,6.48,5.93,6.93,6.34,6.64,6.56,6.47,6.44,7.78,6.64,6.67,6.46,6.7,6.44,6.66,6.4,6.6,6.19,6.56,6.67,6.56,6.8,6.76,6.83,7.82,6.65,6.45,6.27,6.43,6.6,6.73,6.8,6.49,5.68,6.87,6.67,6.65,6.63,6.4,6.76,6.86,6.97,6.52,6.58,7.32
CGB /// CGB1 /// CGB2 /// CGB5 /// CGB7 /// CGB8,6.44,6.29,6.55,6.56,6.69,6.94,6.93,6.59,6.44,6.33,6.67,6.54,6.3,7.16,6.59,6.58,6.38,6.86,6.55,6.53,6.35,6.53,6.32,6.61,6.5,6.42,6.78,6.59,6.51,6.16,6.1,6.77,6.48,6.37,6.81,6.43,6.37,6.25,6.4,6.7,6.58,6.74,6.87,6.59,6.39,6.78,6.59,6.4,6.45,7.04
CGB /// CGB1 /// CGB2 /// CGB5 /// CGB7 /// CGB8,6.3,6.18,6.52,6.49,6.71,6.71,6.81,6.93,6.4,6.37,6.45,6.28,6.12,6.88,6.3,6.41,6.55,6.47,6.57,6.54,6.31,6.34,6.34,6.81,6.86,6.53,6.46,6.58,6.45,5.77,7.31,6.58,6.32,6.6,6.54,6.64,6.45,6.35,6.58,6.56,6.25,6.62,7.03,6.6,6.88,6.52,6.67,6.69,6.46,6.77
CGB /// CGB1 /// CGB2 /// CGB5 /// CGB7 /// CGB8,6.47,6.36,6.58,6.46,7.15,6.45,6.5,6.7,6.55,6.54,6.4,6.36,6.35,7.8,6.47,6.33,6.63,6.55,6.3,6.24,6.59,6.82,6.34,6.72,6.84,6.79,6.59,6.68,6.6,6.31,7.25,6.69,6.25,6.23,6.49,6.53,6.64,6.09,6.32,6.48,6.63,6.27,6.9,6.76,6.79,6.39,6.2,6.56,6.51,6.95
CGB1,3.69,3.68,3.6,3.87,4.14,3.83,3.67,3.84,3.77,3.52,3.53,3.64,3.85,4.03,3.76,3.8,3.68,3.86,3.81,3.64,3.81,3.76,3.76,3.7,3.61,3.77,3.73,3.55,3.88,3.76,3.94,4.11,4.12,3.68,3.75,3.65,3.79,3.7,4.16,3.68,3.76,4.02,3.72,4.16,3.49,4.31,4.62,3.54,3.7,4.24
CGB1 /// CGB2,3.93,3.5,3.55,3.59,3.47,3.54,3.9,3.73,3.45,3.64,3.58,3.71,3.68,3.72,3.49,3.39,3.53,3.36,3.49,3.46,3.49,3.73,3.53,3.43,3.59,3.4,3.87,3.42,3.65,4.34,5.69,4.09,3.61,3.36,3.64,3.72,3.69,3.28,4.26,3.32,3.44,3.4,3.39,4.6,3.8,3.91,3.54,3.29,3.53,3.83
CGB7 /// NTF4,5.07,4.83,5.17,5.09,4.93,5.44,6.42,5.25,4.89,4.91,5.1,4.96,4.71,5.31,5.06,4.84,5.05,5.2,5.12,4.98,4.91,5.08,5.09,5.1,5,5.56,5.02,5.25,4.75,6.11,5.38,5.37,4.75,5.15,5.27,5.12,4.88,5.41,5.08,5.13,5.14,5.47,5.11,4.87,5.38,5.27,5.3,5.18,4.95,5.22
CGGBP1,10.15,10.03,10.08,10.08,10.06,9.88,9.91,10.07,10.03,10.13,10.12,10.15,10.08,8.3,10.3,10.25,10.35,9.95,10,9.91,10.21,10.29,10.18,10.41,10.46,10.23,10.13,10.08,9.95,9.56,5.72,6.78,10.53,10.75,10.64,10.35,10.19,10.37,9.67,10.26,10.22,10.2,10.1,7.79,10.39,10.39,10.2,10.18,10.14,8.75
CGGBP1,10.27,10.39,10.03,10.11,9.63,9.59,9.69,9.83,10.22,10.19,10.16,10.24,10.24,9.44,10.14,10.04,10.14,10.04,10.03,10.18,10.29,10.22,10.3,10.15,10.1,10.25,10.01,10.03,9.85,9.03,8.13,8.56,10.1,10.21,10.16,9.99,9.75,10.14,9.81,10.02,10,10.01,9.95,9.35,10.05,9.77,10.06,10.04,10.13,9.29
CGGBP1,10.93,11.12,10.85,10.93,10.9,10.93,10.83,10.88,11.07,10.94,11.11,11.05,11,10.66,10.93,10.88,10.9,11.09,11.11,11.09,10.97,11,11.05,10.9,10.94,10.92,10.81,10.93,10.99,10.69,9.75,9.93,10.82,10.82,10.75,10.95,10.85,10.85,10.96,10.99,11.01,11.12,11.16,11.19,10.89,10.81,10.88,10.96,10.92,10.42
CGN,3.47,3.48,3.68,3.57,3.76,3.62,4.17,3.56,3.61,3.67,3.65,3.47,3.41,3.71,3.56,3.41,3.77,3.82,3.45,3.3,3.7,3.53,3.67,3.8,3.6,3.3,3.66,3.55,3.72,3.51,5.16,3.54,3.57,3.32,3.41,3.36,3.66,3.58,3.57,3.79,3.81,3.42,3.94,3.92,3.81,3.79,3.67,3.53,3.71,5.01
CGN,4.58,4.44,5.34,4.67,5.29,4.74,4.38,4.69,5.04,4.73,5.04,4.58,4.63,6.41,4.89,4.58,4.81,4.83,4.87,4.99,4.5,4.78,4.97,5.06,4.42,4.43,4.79,5.13,4.76,4.34,6.04,6.9,4.53,4.8,4.92,4.61,4.98,4.72,4.23,5.17,5.25,4.99,4.79,6.24,4.89,5.57,5.26,4.81,4.84,6.83
CGN,4.29,3.87,4.13,4.06,4.41,4.96,5.22,4.39,3.88,4.31,3.86,4,3.69,4.71,3.9,4.22,3.78,4.01,4.04,4.05,3.71,3.85,3.91,4.02,4.26,4.04,3.97,4.09,4.32,5.2,7.6,6.95,3.92,3.88,4.23,3.89,4.28,4.01,5.19,3.93,4.61,4.02,4.31,4.41,4.52,4.77,4.41,4.09,3.86,5.75
CGNL1,4.29,4.47,4.14,4.02,4.12,4.34,4.3,4.04,4.16,4.19,4.44,4.46,4.23,6.1,4.2,3.96,4.23,4.1,4.04,4.31,4.55,4.22,3.92,3.97,4.23,4.12,4.24,4.21,4.07,5.53,5.01,5.02,4.1,4.56,4.45,3.85,4.49,4.08,3.74,3.88,4.14,4.14,4.37,5.3,4.11,4.19,3.69,4.19,4.44,6
CGNL1,3.75,3.68,3.65,3.67,3.59,3.55,3.97,3.73,3.89,4.03,3.9,4.09,3.86,3.83,3.75,3.64,3.96,3.83,3.75,3.67,3.73,3.8,3.76,3.73,3.75,3.5,3.87,3.8,3.83,4.85,3.72,4.17,3.93,3.99,3.84,3.64,3.99,3.49,3.81,3.75,3.77,3.61,3.5,3.8,3.62,3.66,4.13,3.67,4.07,4.07
CGNL1,4.3,4.05,4.25,4.32,4.39,4.25,4.57,4.21,4.29,4.17,4.29,3.97,4.09,4.4,4.14,4.31,4.23,4.11,4.19,4.23,4.56,4.26,4.18,4.46,4.13,4.26,4.19,4.21,4.3,4.53,5.76,5.33,4.46,3.95,4.22,4.25,5.1,3.99,4.35,4.03,4.3,4.15,4.14,4.92,4.52,4.75,4.38,4.24,4.35,6.14
CGREF1,3.97,4.11,4.03,4.13,4.28,4.1,4.2,4.29,4.13,4.01,4.17,4.26,4.09,5.63,3.97,4.28,4.11,3.96,4.06,3.97,4.29,4.02,3.97,3.94,3.84,4.03,4.49,4.05,4.16,3.89,4.66,5.32,4.18,3.98,4.37,4.1,4.02,4.13,5.09,3.99,4.01,4.06,4.41,5.08,4.05,4.27,3.91,3.88,4.04,5.29
CGREF1,4.16,4.45,4.24,4.18,4.24,4.4,5.15,4.22,4.2,4.11,4.33,4.21,4.36,4.8,4.15,3.97,4.2,4.28,4,4.23,4.57,4.3,4.09,4.44,4.4,4.35,4.38,4.21,4.41,4.8,5.59,6.22,4.17,4.24,4.41,3.95,4.26,3.94,4.71,4.16,4.03,4.19,4.31,4.36,4.3,4.39,3.92,4.51,4.03,4.82
CGREF1,4.18,4.14,4.14,4.4,3.53,4.46,4.32,3.94,4.21,4.31,3.95,4.38,4.21,5.11,4.09,3.97,3.89,4.03,3.93,4.08,4.06,3.97,4.1,3.93,4.06,3.69,4.16,4.57,4.38,5.97,5.91,5.05,3.96,4.26,4.29,4.06,3.91,4.36,4.77,4.31,4.13,4.32,3.99,4.31,4.16,3.99,4.2,3.99,3.96,5.25
CGRRF1,8.7,8.84,8.82,8.61,8.82,8.44,8.73,8.8,8.67,8.88,8.63,8.92,8.95,8.75,9.38,9.55,9.45,8.6,8.61,8.62,9.24,9.02,8.95,9.33,9.36,9.46,8.78,8.78,8.73,8.74,8.69,7.89,9.76,9.89,9.83,9.33,9.49,9.47,9.1,8.96,8.9,8.6,8.82,8.21,8.73,8.97,8.83,9.02,8.97,8.85
CGRRF1,8.04,7.99,8.07,7.99,7.72,7.98,7.32,7.97,8.22,7.98,8.07,8.29,8.13,6.56,8.72,8.66,8.84,7.84,8.09,7.99,8.37,8.36,8.51,8.69,8.79,8.71,8.17,8.01,8.01,6.13,5.43,6.25,9,9.09,9.02,8.7,8.54,8.59,7.55,8.21,8.14,7.78,7.75,6.51,8.09,7.94,7.94,8.22,8.26,6.57
CGRRF1,5.89,6.11,6.15,6.25,6.16,6.06,4.99,6.13,6.13,6.15,6.49,6.38,6.18,5.95,6.66,6.7,6.84,5.88,5.95,6.19,6.2,6.08,6.33,6.64,6.71,6.73,6.12,6.2,5.99,4.71,8.12,5.29,7.15,6.7,6.79,7.02,6.61,6.9,6.09,6.5,6.46,5.89,6.04,6.32,6.26,6.15,6.17,6.24,6.26,5.28
CH25H,4.5,4.29,4.28,4.41,4.02,4.38,5.18,4.11,4.01,4.19,4.45,4.46,4.3,4.41,4.21,4.14,4.22,4.43,4.28,4.14,4.46,4.64,4.3,4.22,4.19,3.97,4.39,4.38,4.34,4.35,5.17,5.55,4.71,4.29,4.14,4.18,4.53,4.45,4.45,4.27,4.09,4.31,4.18,6.13,4.48,4.18,4.27,4.13,4.38,5.05
CHAC1,6.06,5.59,6.01,5.95,6.52,6.31,6.2,6.37,5.91,5.91,5.97,5.94,6.09,6.4,6.98,6.92,6.99,5.39,5.79,5.82,5.8,6.05,6.21,6.92,6.77,6.59,6.04,6.2,6.22,5.48,5.88,6.99,7.06,6.91,6.99,7.41,7.31,7.31,5.81,6.22,6.16,5.57,5.64,5.45,5.91,5.8,5.92,5.85,5.84,5.88
CHAC1,5.34,4.99,5.06,5.15,4.91,4.7,4.57,5.18,4.96,5,4.68,5.13,4.98,5.19,6.03,6.26,5.6,4.57,4.89,4.97,5.05,5.52,4.93,5.52,5.85,5.77,5.18,5.28,4.99,5.56,5.63,4.44,6.16,6.19,6,6.16,5.93,6.13,5.12,5.56,5.42,4.82,4.36,4.66,5.56,5.02,5.04,4.97,4.7,4.2
CHAC2,8.42,8.95,8.4,8.46,8.34,8.12,7.72,8.2,8.9,8.55,8.58,8.6,8.72,7.55,8.27,8.22,8.32,8.53,8.55,8.88,8.02,8.07,8.36,8.1,8.02,8.21,8.52,8.48,8.54,7.85,6.9,7.84,8.3,8.25,8.32,8.42,8.27,8.4,7.96,8.27,8.31,7.9,8.09,7.59,8.18,8.02,8.28,8.49,8.75,8
CHAD,3.81,3.65,3.69,3.72,3.82,4.11,4.28,3.67,3.69,3.62,3.81,3.46,3.68,4.19,3.74,3.84,3.88,3.86,3.7,3.61,3.82,3.82,3.54,3.57,3.74,3.79,3.96,3.63,3.64,4.37,4.7,4.16,3.8,3.77,3.77,3.93,3.63,3.6,3.79,3.74,3.88,3.65,3.71,4.13,3.69,3.81,3.71,3.52,3.74,4.74
CHADL,5.53,5.49,5.17,5.51,5.71,5.68,5.98,5.39,5.49,5.47,5.79,5.55,5.45,5.75,5.6,5.42,5.48,5.32,5.62,5.44,5.33,5.44,5.42,5.43,5.72,5.12,5.73,5.92,5.48,4.43,8.1,7.57,5.53,5.41,5.21,5.21,5.2,5.71,4.71,5.35,5.49,5.63,5.65,5.55,5.4,5.25,5.28,5.5,5.23,6.53
CHAF1A,8.51,8.37,8.44,8.58,8.65,8.61,8.61,8.96,8.35,8.48,8.42,8.08,8.01,6.9,8.4,8.47,8.32,8.67,8.76,8.81,7.53,7.68,7.68,8.09,8.04,7.91,8.72,8.56,8.7,7.15,7.74,7.21,8.99,9.08,8.9,8.53,8.31,8.48,7.85,8.5,8.33,8.2,8.21,8.17,8.43,8.53,8.48,8.38,8.1,7.57
CHAF1A,9.56,9.48,9.67,9.54,9.62,9.72,9.69,9.63,9.43,9.56,9.65,9.11,8.95,9.39,9.4,9.36,9.44,9.52,9.7,9.51,8.65,8.56,8.76,9.1,8.87,8.91,9.62,9.49,9.71,9.57,8.04,9.05,10.13,10.06,9.87,9.49,9.69,9.72,9.49,9.36,9.32,9.38,9.58,9.24,9.23,9.6,9.37,9.23,9.35,9.34
CHAF1A,7.57,7.01,7.37,7.16,7.08,7.35,7.67,7.53,7.44,7.5,6.92,6.74,6.57,5.01,7.48,7.37,7.54,7.53,7.55,7.65,6.43,6.26,6.03,7,6.97,7.08,7.49,7.3,7.2,7.38,8.57,6.95,8.07,7.43,7.9,7.58,7.52,7.23,7.27,7.23,7.08,6.53,6.68,6.54,7.36,6.99,7.27,6.97,6.68,5.32
CHAF1B,8.06,7.95,8.08,8.26,8.17,8.34,8.49,8.56,8.1,8.28,8.22,7.83,7.75,7.45,7.75,7.98,7.89,8.25,8.25,8.47,7.21,7.02,7.04,7.62,7.7,7.48,8.33,8.15,8.25,8.71,6.39,6.92,8.65,8.34,8.56,7.94,8.11,8.19,8.29,8.05,8.08,8.13,8.06,6.38,7.87,7.67,7.63,7.79,8,7.81
CHAF1B,5.78,5.8,5.58,5.51,5.45,5.96,5.02,5.78,5.65,5.56,5.7,5.83,6.06,5.35,5.49,5.77,5.5,5.8,5.42,5.32,5.83,5.67,5.52,5.27,5.2,5.5,5.68,5.65,5.5,5.7,6.13,6.47,5.75,5.74,5.66,5.26,6.07,5.34,4.27,5.28,5.33,5.44,6.01,6.6,5.54,5.8,5.29,5.26,5.86,5.76
CHAT,3.93,3.9,4,3.93,4.29,4.4,4.91,4.17,3.92,4.11,4.15,3.96,3.91,5,4.1,4.2,3.94,4.03,3.88,3.94,4,4.01,4,4.08,3.84,3.96,3.83,4.06,4.05,6.18,5.67,4.61,4.1,4,4.24,3.85,4.12,3.97,5.37,4.04,3.98,4.07,4.37,4.81,4.1,4.76,4.25,4.13,4,4.85
CHAT,4.8,4.97,4.57,4.69,4.48,4.62,5.37,4.77,4.93,4.8,4.66,4.84,4.88,6.28,4.7,4.97,4.65,5.14,4.69,4.88,4.73,5,4.69,5.29,4.81,4.67,4.66,4.81,4.68,6.22,7.26,6.54,5.19,4.82,4.98,5,5.03,5.04,5.09,4.85,4.91,4.67,5.21,6.69,4.8,4.25,5.24,5.14,4.77,5.69
CHCHD1,11.1,11.1,11.19,11.16,10.93,11.13,10.79,11.08,11.22,11.15,11,11.13,11.09,10.01,10.8,10.89,11.03,11.41,11.42,11.32,10.96,10.73,10.95,10.98,10.92,11.01,11.07,11.14,11.05,11.01,10.32,10.25,10.69,10.73,10.56,10.97,10.95,11.04,10.86,11.17,11.03,10.93,10.85,10.3,11.1,11.06,11.02,11.13,11.08,9.73
CHCHD10,11.48,11.47,11.49,11.46,11.77,11.7,11.56,11.34,11.45,11.45,11.36,11.39,11.42,10.63,11.34,11.4,11.49,11.54,11.57,11.39,11.68,11.59,11.59,11.42,11.43,11.49,11.62,11.48,11.7,11.85,10.71,10.89,11.4,11.28,11.4,11.35,11.69,11.52,12.01,11.41,11.56,11.26,11.45,10.23,11.49,11.45,11.41,11.44,11.53,9.33
CHCHD2,12.15,12.22,12.1,12.16,12.19,12.24,12.12,12.12,12.18,12.09,12.04,12.06,12.2,10.9,11.89,12.03,12.06,12.09,12.17,12.01,12.06,11.87,11.95,11.76,11.74,11.96,12.27,12.05,12.17,12.2,9.03,10.97,12.14,12.08,12.03,11.89,12.14,12.09,12.16,12.06,12.17,11.98,11.99,10.12,12.18,12.13,12.06,12.15,12.19,10.44
CHCHD2,12.18,12.35,12.22,12.22,12.09,12.15,12.13,12.32,12.27,12.26,12.06,12.15,12.25,10.01,11.95,12.02,12.06,12.14,12.18,12.07,12.06,11.88,11.89,11.8,11.88,11.91,12.24,12.17,12.24,12.14,10.07,11.01,12.1,12.14,12.09,11.98,12.08,12.13,12.1,12.07,12.19,11.95,11.99,9.92,12.13,12.08,12.08,12.22,12.18,9.77
CHCHD3,4.33,4.46,4.07,4.37,3.85,4.04,4.13,4.38,4.23,4.35,4.1,4.32,4.54,4.42,4.14,4.3,4.26,4.11,3.88,4.05,4.53,4.59,4.47,4.07,4.25,3.89,4.13,4.21,4.82,4.65,4.74,4.36,4.28,4.57,4.08,3.93,3.73,4.06,4.59,4.29,4.04,4.11,4.5,4.71,3.96,4.46,3.77,3.86,4.4,4.77
CHCHD3 /// LOC646572,11.11,11.03,10.99,11.02,11.04,10.88,11.22,10.71,11.21,10.9,10.99,10.99,11.05,10.6,10.88,10.98,10.92,10.89,10.97,11.06,10.85,10.69,10.72,10.75,10.67,10.87,11.03,10.95,11.18,11.03,9.56,10.17,11.1,11.04,10.95,10.94,11.11,10.97,11.12,10.82,10.91,10.81,10.81,10.34,11.08,11.06,10.84,10.91,11.07,10.05
CHCHD4,8.23,8.12,8.21,8.33,8.19,8.34,7.45,8.21,8.36,8.09,8.19,7.99,8.01,6.07,7.96,7.77,7.89,8.12,8.12,8.13,7.25,7.17,7.27,7.38,7.43,7.35,8.25,8.19,8.27,7.65,7.2,6.91,7.99,8.15,8.14,7.94,7.92,8.14,7.76,7.91,8.23,7.84,7.49,6.98,7.81,7.84,7.95,8.02,8.27,6.1
CHCHD4,7.21,6.79,7.09,7.05,6.4,6.76,5.8,7.12,7.01,7.13,6.38,6.68,6.83,4.6,7,6.65,6.78,6.98,7.05,7.13,6.55,6.49,6.09,6.42,6.3,6.38,6.99,7.06,6.6,5.37,4.8,4.29,6.96,7.28,6.83,6.99,6.57,7.16,6.31,6.88,6.76,6.43,6.35,6.07,6.85,6.56,6.75,6.86,6.9,6.36
CHCHD5,7.64,7.64,8.12,7.65,7.89,7.91,6.71,7.69,7.75,7.71,7.66,7.57,7.68,5.71,7.36,7.66,7.66,7.65,7.85,7.68,7.81,7.58,7.81,7.76,7.73,8.02,7.98,7.74,7.83,7.21,5.86,6.76,7.36,7.51,7.42,7.83,8.01,7.94,7.8,7.82,7.94,8.06,8.08,5.95,8.02,7.86,8.11,7.79,7.73,6.55
CHCHD6,7.31,7.13,7.32,7.4,7.66,7.61,6.52,7.19,7.12,7.09,7.57,7.44,7.22,7.31,7.58,7.56,7.59,7.47,7.5,7.53,8.21,7.81,8.2,7.83,7.77,7.91,7.46,7.3,7.47,7.77,6.21,6.83,7.33,7.41,7.39,7.64,7.67,7.53,6.96,7.33,7.37,7.66,7.59,7.65,7.65,7.68,7.24,7.39,7.4,6.59
CHCHD6,6.88,6.91,7.13,7.04,7.41,7.41,6.98,7.22,6.73,7.03,6.94,6.95,6.73,5.6,7.21,6.79,7.3,7.42,7.43,7.11,7.78,7.63,7.66,7.53,7.39,7.66,6.93,6.98,7.09,6.26,3.81,5.8,6.94,7.2,6.91,7.35,7.36,7.29,7.63,7.28,7.22,6.98,7.17,5.64,6.78,7.13,6.9,6.95,6.98,5.41
CHCHD7,8.06,7.86,7.89,8.08,8.03,7.99,7.75,8.34,8.13,8.08,8.07,8.17,8.27,7.57,8.22,8.21,8.25,8.02,7.95,8.15,8.23,8.34,8.36,8.47,8.52,8.38,7.97,8.04,7.98,7.18,7.62,7.28,8.43,8.54,8.62,8.25,8.26,8.46,7.6,8.16,8.12,8.13,8.23,7.88,8.13,8.12,7.98,8.21,8.32,7.8
CHCHD7,11.1,10.98,11,10.93,11.07,10.95,10.72,10.83,11.01,10.95,10.92,11.17,11.22,10.09,10.95,10.98,10.97,10.91,10.9,10.78,11.18,11.08,11.07,11.13,11.14,11.14,10.98,10.86,11.04,10.49,8.44,9.96,11.47,11.46,11.4,10.98,11.07,11.01,11.04,11.04,11.15,10.59,10.55,9.54,10.83,10.8,10.76,11.01,10.97,9.13
CHCHD8,10.13,10.32,10.17,10.16,10.21,10.19,10.15,10.17,10.31,10.15,10.17,10.1,10.19,8.14,9.68,9.93,9.96,10.17,10.31,10.23,10.01,9.87,9.97,9.69,9.72,9.85,10.13,10.2,10.25,10.5,5.75,8.63,9.78,9.75,9.77,9.71,10.1,10.01,10.26,10.22,10.12,9.99,10.05,8.72,10.13,10.12,10.12,10.12,10.22,8.79
CHD1,10.28,10.35,10.05,10.13,9.98,10.13,9.73,10.06,10.23,10.23,10.27,10.18,10.12,9.47,10.08,10.07,10.05,10.14,10.11,10.19,10.14,10.26,10.21,10.01,10.05,10.15,10.16,10.16,10.33,9.55,8.16,9.05,10.46,10.5,10.45,10.01,9.89,9.96,10.21,10.26,10.15,10.17,10.27,9.69,10.1,10.05,10.16,10.18,10.15,9.13
CHD1L,9.56,9.59,9.65,9.66,9.58,9.54,9.24,9.52,9.53,9.62,9.73,9.58,9.38,8.57,9.43,9.28,9.34,9.52,9.38,9.38,9.34,9.38,9.23,9.2,9.13,9.09,9.57,9.64,9.58,9.39,8.46,9.21,9.57,9.63,9.62,9.52,9.38,9.49,9.23,9.52,9.5,9.42,9.36,7.82,9.05,9.18,9.18,9.35,9.58,8.38
CHD1L,5.81,4.92,5.77,6.08,4.77,4.93,5.04,5.54,5.69,5.8,4.6,5.52,5.57,6.14,5.39,5.62,5.45,5.55,5.62,5.98,5.47,5.07,4.67,5.34,5.19,5.48,5.55,5.67,5.38,4.05,4.31,5.5,5.96,5.95,5.77,5.59,5.28,5.45,4.75,5.3,5.51,5.11,5.43,4.36,5.02,4.88,5.4,5.46,5.45,4.54
CHD2,6.55,6.62,6.8,6.44,6.69,6.42,6.46,6.27,6.67,6.79,6.35,6.41,6.47,5.39,7.06,6.9,7.09,7.17,7.16,7.54,7.01,6.66,6.98,7.14,6.85,7.03,7.08,6.62,6.34,5.69,5.81,6.55,6.57,6.61,6.69,7.24,6.39,7.24,6.57,6.87,6.52,6.4,6.62,6.3,7.03,6.75,6.36,6.85,6.82,5.56
CHD2,9.42,9.44,9.36,9.36,9.25,9.42,9.6,9.44,9.25,9.32,9.37,9.35,9.1,7.88,9.58,9.61,9.54,9.4,9.63,9.49,9.4,9.46,9.56,9.71,9.78,9.68,9.31,9.22,9.39,9.48,8.84,8.36,9.4,9.65,9.49,9.64,9.64,9.75,9.22,9.34,9.44,9.73,9.65,7.28,9.46,9.38,9.29,9.48,9.59,6.92
CHD2,4.29,4.21,3.97,4.29,4.32,4.88,4.22,3.97,3.93,4.06,4.12,4.33,4.14,4.62,3.97,4.09,4.05,4.29,4.12,4.21,4.45,4.35,3.89,3.9,4.09,3.78,4.41,4.39,4.36,5.31,4.62,4.04,4.33,4.27,4.37,4.13,4.15,4.29,4.11,4.23,4.02,4.39,4.08,4.11,3.96,4.5,4.1,4.2,4.09,4.91
CHD3,7.95,8.2,8.55,8.34,8.75,8.66,8.6,8.65,7.86,8.12,8.79,7.91,7.76,7.59,8.2,8.41,8.02,7.76,8.03,7.97,8.2,8.47,8.87,8.54,8.7,8.49,8.51,7.72,8.61,9.17,7.69,8.17,8.04,8.05,7.97,8.2,8.51,8.05,8.47,8.69,8.6,8.85,9.02,7.45,8.68,9.03,8.91,8.4,8.79,7.98
CHD3,9.85,9.94,10.05,9.95,10.32,10.25,10.15,9.95,10.03,9.98,10.32,9.89,9.92,9.96,9.87,9.82,9.82,9.72,9.75,9.82,10.03,10.09,10.41,9.93,9.96,10,10.02,9.74,10.13,9.5,8.05,9.77,9.72,9.8,9.84,9.66,9.94,9.85,10.22,10.17,10.28,10.41,10.53,10,10.21,10.51,10.26,9.97,10.39,9.34
CHD3,8.21,8.21,8.38,8.22,8.42,8.69,8.46,8.58,8.16,8.25,8.38,7.91,7.86,6.76,8.04,8.08,8.05,8.35,8.21,7.94,8.56,8.39,8.71,8.31,8.38,8.36,8.55,8.09,8.49,8.14,6.79,6.36,8.07,8.13,8.09,8.07,8.11,8.11,8.45,8.46,8.65,8.97,8.85,7.49,8.74,8.92,8.57,8.34,8.76,6.84
CHD3,8.11,7.99,8.1,8.19,8.54,8.35,8.62,8.4,8.09,8.16,8.38,7.93,8.12,7.9,8.15,8.05,7.96,7.93,7.95,7.9,8.38,8.35,8.59,8.13,8.3,8.23,8.06,8.02,8.31,7.82,7.08,7.72,8.02,8.07,8,7.92,8.16,7.95,8.26,8.34,8.36,8.5,8.55,8.07,8.38,8.46,8.4,8.16,8.5,8.12
CHD3,7.59,7.09,7.33,7.37,7.34,7.53,7.55,7.58,7.24,7.31,7.36,7.07,7.16,6.19,6.91,7.07,7.19,7.01,7.16,6.95,7.67,7.47,7.72,7.46,7.43,7.78,7.15,7.32,7.55,5.03,3.85,5.39,7.21,7.36,7.26,7.05,7.32,6.96,7.29,7.55,7.42,7.68,7.6,6.99,7.77,7.67,7.75,7.54,7.6,6.02
CHD4,8.94,8.74,8.98,8.56,9.04,10.06,9.62,9.07,9.04,8.8,9.08,8.07,7.98,7.09,8.66,8.68,8.85,9.32,9.33,9.37,9.05,8.85,9.24,9.02,8.88,9.1,9.09,8.55,8.94,5.53,6.52,7.13,9.04,8,8.75,9.04,8.74,7.88,9.6,9.19,9.25,8.97,9.16,6.7,9.11,8.96,8.92,8.71,8.09,6.87
CHD4,9.9,9.58,9.71,9.42,9.54,10.02,10.36,10.17,9.59,9.87,10.04,9.31,9.43,8.71,9.6,9.73,9.44,9.79,9.75,9.75,9.93,9.87,9.86,9.51,9.6,9.7,9.68,9.72,10.26,9.77,8.2,7.38,9.55,9.31,9.58,9.52,9.64,9.08,10.17,9.89,9.74,10.25,10.13,6.71,9.29,9.94,9.85,9.42,9.69,7.77
CHD4,8.67,8.77,8.84,8.79,8.84,8.93,8.99,9.17,8.63,8.75,8.76,8.58,8.61,5.67,8.33,8.47,8.43,8.76,8.81,8.64,8.8,8.85,8.93,8.64,8.65,8.56,8.78,8.66,8.87,7.89,6.32,6.49,8.51,8.54,8.55,8.67,8.61,8.65,8.87,8.82,8.81,8.88,8.86,7,8.43,8.46,8.61,8.87,8.91,6.85
CHD5,4.22,4.37,4.84,4.8,5.13,5.19,4.99,4.78,4.32,4.31,4.5,4.31,4.42,4.67,4.67,4.42,4.49,4.58,4.76,4.65,4.45,4.44,4.59,4.3,4.82,4.77,4.5,4.74,5.04,5.71,5.01,4.75,4.35,4.22,4.43,4.62,4.64,4.72,4.21,4.92,4.98,5.11,5.27,4.78,4.59,4.49,5.21,4.2,4.69,4.93
CHD5,5.51,5.67,5.59,5.54,5.7,5.36,5.96,5.53,5.32,5.43,5.53,5.61,5.41,6.41,5.25,5.59,5.47,5.65,5.74,5.64,5.83,5.5,5.35,5.71,5.25,5.63,5.45,5.29,5.5,4.5,6.21,6.4,4.96,5.41,5.4,4.94,5.08,5.49,6.3,5.93,5.73,5.73,5.73,5.48,5.32,5.06,5.16,5.25,5.58,6.25
CHD5,4.23,4.27,4.47,4.21,4.47,4.03,4.07,4.66,4.15,4.19,4.36,4.02,4.08,4.41,4.21,4.11,4.14,4.12,4.34,4.43,4.36,4.23,4.68,4.19,4.41,4.14,4.08,4.32,4.24,4.65,5.72,5.28,4.36,4.26,4.34,4.38,3.99,4.59,4.17,4.5,4.58,5.07,5.2,4.68,4.62,5.4,4.87,4.24,3.99,4.91
CHD6,8.08,8.29,7.6,7.96,7.54,7.45,6.64,7.57,8.01,7.93,8.03,8.08,8.35,7.63,7.89,7.78,7.72,7.56,7.5,7.7,8.34,8.42,8.71,7.96,8.22,8.38,7.59,7.72,7.86,7.22,6.82,7.41,7.94,7.95,7.97,7.74,7.65,7.67,6.79,7.87,7.88,8.27,8.36,7.25,8.24,8.25,8.26,7.9,8.09,6.42
CHD6,4.64,4.42,4.57,4.63,4.66,5.06,5.01,4.49,4.53,4.86,4.8,4.92,4.56,5.5,4.48,4.64,4.43,4.91,4.67,4.71,4.76,4.61,4.66,4.59,5.17,4.78,4.53,4.69,4.79,4.21,6.8,5.91,5.16,4.51,4.54,4.67,4.33,4.28,5.84,4.38,4.29,4.61,4.65,5.16,4.72,4.41,4.57,4.32,4.21,4.5
CHD7,5.71,4.7,5.42,5.23,4.84,4.33,3.85,5.28,5.34,5.32,4.6,4.96,5.01,5.12,4.84,5.54,4.75,5.52,5.32,5.23,4.94,5.27,4.34,5.01,5.09,5.16,5.11,5.3,4.8,4.85,7.79,5.14,5.37,4.96,5.12,4.94,5.47,5.25,5.09,4.58,4.93,4.9,4.91,5.29,5.26,5.26,4.67,5.17,5.31,5.1
CHD7,9.01,9.21,8.94,8.98,9.02,8.9,8.66,8.61,9.02,8.92,9.15,8.72,8.86,9.21,8.49,8.44,8.46,8.89,8.9,8.7,8.56,8.7,8.9,8.48,8.35,8.39,8.83,8.75,8.85,8.92,7.45,9.04,8.52,8.58,8.55,8.55,8.54,8.53,8.42,8.6,8.87,9.11,9.11,9.19,8.79,9.03,8.86,8.93,9.04,8.23
CHD7,7.41,6.68,7.26,7.29,7.27,7.04,6.92,7.41,7.32,7.58,6.68,7.05,7.25,6.73,7.07,6.73,7.13,7.26,7.41,7.49,6.8,7.08,6.37,7.08,7,7.13,7.19,7.67,7.28,5.5,5.21,5.27,6.8,7.04,7.15,7.16,6.88,7.21,6.7,7.22,7.15,7.24,7.48,7.44,7.16,7.33,7.32,7.47,7.23,7.3
CHD7,8.1,8.08,8,7.87,7.85,8.25,8.87,8.42,7.92,8.05,8,7.46,7.54,6.65,7.66,7.98,7.54,7.8,7.95,7.97,7.98,7.91,7.81,7.71,7.82,7.57,8.09,7.97,8.31,7.94,6.91,6.03,7.59,7.31,7.62,7.81,7.78,7.42,8.28,8.2,8.05,8.65,8.45,5.5,8.11,8.21,8.33,8.05,8.17,6.93
CHD8,9.74,9.65,9.85,9.68,10.27,10.25,10.17,10.24,9.63,9.65,10.13,9.62,9.53,9.12,9.9,9.95,9.84,9.73,9.85,9.77,9.92,9.85,10.01,9.96,9.89,9.81,10.01,9.64,10.25,9.88,8.84,10.21,9.92,10.04,9.96,9.87,10.04,9.65,10.23,10,10.01,10.34,10.24,9.19,9.75,10.11,9.98,9.73,9.9,9.3
CHD9,7.95,8.02,7.61,7.83,6.86,7.38,7.11,7.61,7.88,8.09,7.6,8.01,7.89,6.34,7.45,7.79,7.59,7.47,7.56,7.92,7.69,7.64,7.73,7.8,7.8,7.85,7.6,7.77,7.31,6.34,5.66,7.09,7.91,8.03,8.11,7.54,7.36,7.78,6.95,7.28,7.24,7.63,7.63,6.57,7.32,7.47,7.53,7.83,7.74,6.2
CHD9,7.21,6.81,7.06,6.92,6.57,6.56,6.36,7.27,6.86,7.17,6.66,6.89,6.86,6.79,6.78,6.87,6.79,6.84,7.03,7.23,6.85,6.78,6.69,6.98,6.87,6.8,6.96,6.97,7.03,6.31,4.67,4.29,7.3,7.39,7.18,6.93,6.52,7.12,6.51,6.94,6.67,6.95,6.69,4.96,6.2,6.34,6.67,6.83,6.8,4.73
CHD9,10.09,10.44,10.02,10.18,9.77,10.08,9.99,10,10.33,10.03,10.51,10.38,10.49,10.02,10.17,10.01,10.01,9.93,10.01,10,10.01,10.3,10.74,10.07,10.31,10.18,10,10.17,10.5,10.18,8.5,9.76,10.31,10.3,10.39,10.24,10.15,10.07,9.59,9.9,9.95,10.27,10.25,9.91,9.78,9.88,9.98,10.26,10.44,9.4
CHD9,10.76,11.06,10.69,10.85,10.6,10.77,10.69,10.62,10.79,10.85,11.12,10.81,10.96,10.61,10.71,10.68,10.63,10.46,10.59,10.69,10.74,10.84,11.16,10.77,10.85,10.82,10.71,10.71,10.99,10.9,10.16,10.05,10.86,11.07,10.92,10.79,10.63,10.72,10.26,10.58,10.59,11.08,11.07,9.97,10.48,10.55,10.61,10.79,11.03,9.65
CHDH,4.04,3.95,3.93,4.34,4.34,3.93,3.84,4.26,4.26,3.97,4.18,4.15,3.99,5.4,4.01,4.15,4,4.17,4.14,4.37,4.18,4.31,4.13,4.24,4.56,3.89,4.23,4.35,4.14,4.25,5.29,5.36,4.01,3.86,4.13,3.97,4.25,3.88,5.77,4.17,4.18,4.09,4.43,4.71,4.43,4.29,4.03,3.91,4.27,5.1
CHDH,4.9,4.81,4.62,4.92,5.1,4.54,4.81,4.78,4.83,4.6,4.77,4.78,4.74,4.69,4.57,4.79,4.87,4.81,4.63,4.89,4.96,4.97,4.84,4.64,4.65,4.42,4.41,4.8,4.67,4.9,4.79,4.44,4.49,5.05,5,5.18,4.46,4.42,4.48,4.59,4.86,4.79,4.91,4.28,4.53,4.74,4.94,4.89,4.65,4.45
CHDH,4.61,4.44,4.41,4.72,4.55,4.51,4.63,4.6,4.39,4.44,4.5,4.72,4.45,5,4.48,4.74,4.34,4.36,4.81,4.26,4.44,4.48,4.65,4.64,4.52,4.23,4.54,4.58,4.41,5.51,6.06,6.14,4.66,4.34,4.53,4.41,4.56,4.59,5.17,4.63,4.41,4.75,5.07,4.75,4.28,4.45,4.26,4.57,4.53,4.63
CHDH,5.21,5.19,5.49,5.62,5.39,5.59,5.63,5.58,5.27,5.48,5.65,5.53,5.33,5.65,5.68,5.57,5.23,5.57,5.64,5.43,5.38,5.39,5.44,5.49,5.21,5.45,5.24,5.58,5.8,5.39,5.38,6.18,5.49,4.98,5.37,5.22,5.6,5.26,5.39,5.55,5.77,5.89,5.47,5.53,5.43,5.89,5.29,5.61,5.45,5.73
CHEK1,9.42,9.45,9.32,9.39,8.89,8.95,8.62,9.22,9.56,9.48,9.25,9.29,9.29,8.06,8.96,8.84,9.09,9.47,9.5,9.56,8.47,8.5,8.58,8.59,8.7,8.62,9.45,9.4,9.19,7.93,6.87,7.66,9.25,9.5,9.38,9.14,8.93,9.01,8.51,9.16,9.16,8.92,8.83,6.97,8.9,8.7,8.67,9.08,9.03,6.59
CHEK1,9.34,9.26,9.52,9.39,9.87,9.44,8.99,9.31,9.47,9.47,9.47,9.32,9.19,9.22,9.36,9.13,9.3,9.84,9.77,9.78,8.76,8.71,8.81,9.03,8.79,8.68,9.58,9.41,9.29,8.86,7.78,9.75,9.2,9.49,9.57,9.46,9.17,9.37,8.81,9.34,9.11,9.14,9.33,9.64,9.08,9.03,9.14,9.15,9.16,9.1
CHEK1,9.42,9.28,9.45,9.46,9.32,9.32,9.26,9.49,9.41,9.45,9.24,9.19,9.13,8.1,9.3,9.21,9.26,9.83,9.78,9.8,8.55,8.58,8.46,8.98,8.87,8.9,9.4,9.45,9.24,9.31,6.78,8.35,9.49,9.6,9.64,9.44,9.1,9.35,8.95,9.43,9.16,9.23,9,7.98,9.22,8.97,9.22,9.24,9.13,7.97
CHEK1,9.58,9.56,9.5,9.52,9.2,9.27,9.07,9.4,9.67,9.62,9.38,9.45,9.45,6.19,9.21,9.1,9.26,9.69,9.78,9.84,8.74,8.81,8.56,8.71,8.93,8.86,9.46,9.52,9.22,9.27,5.15,7.06,9.61,9.63,9.73,9.26,9.19,9.25,9.06,9.32,9.16,9.02,8.97,6.08,8.9,8.78,9.11,9.29,9.24,5.64
CHEK1,10.25,9.91,10.21,10.28,9.94,9.91,9.99,10.2,10.25,10.33,9.85,10.05,9.91,7.76,9.94,9.87,9.92,10.59,10.49,10.62,9.45,9.48,9.25,9.67,9.69,9.52,10.22,10.25,9.93,9.72,7.82,9.55,10.4,10.43,10.45,9.98,9.83,10.18,9.8,10.07,9.93,9.8,9.67,8.22,9.8,9.74,9.87,10.05,9.84,7.75
CHEK1,9.86,9.99,9.87,9.93,9.97,9.85,9.59,9.85,10.01,10.04,9.99,9.77,9.64,9.28,9.88,9.77,9.9,10.33,10.38,10.49,9.36,9.35,9.33,9.68,9.62,9.56,9.85,10.01,9.67,9.35,7.95,9.01,10.1,10.14,10.22,9.91,9.82,10.07,9.63,9.59,9.64,9.66,9.71,9.25,9.75,9.52,9.71,9.52,9.35,9.3
CHEK2,7.51,7.14,7.53,7.55,7.21,7.36,7.46,7.57,7.59,7.6,7.4,7.66,7.37,6.18,7.43,7.2,7.22,7.49,7.4,7.54,7.02,7.2,7.24,7.17,7.24,6.89,7.4,7.36,7.36,6.97,5.29,4.78,7.43,7.5,7.66,7.29,7.28,7.43,6.61,7.35,7.44,6.84,6.95,5.9,6.62,6.75,7.11,7.34,7.34,5.13
CHEK2,4.96,4.78,5.09,4.9,4.51,5.03,4.81,4.67,4.68,4.92,4.77,4.77,4.78,5,4.55,4.61,4.83,5.06,4.87,4.5,4.66,4.81,4.63,4.59,4.86,4.86,4.68,4.89,4.89,4.22,7.36,6.13,4.96,4.76,4.93,4.76,4.8,4.82,4.76,4.66,4.99,4.87,4.72,5.11,4.46,5.32,4.69,5.2,5.01,4.64
CHEK2,7.15,6.95,7.17,7.33,7.19,6.95,7.15,7.48,7.25,7.4,7.29,7.14,7.07,6.09,7.22,7.03,7.18,7.16,7.36,7.33,6.82,6.96,6.91,7.04,6.98,7.08,7.12,7.39,7.14,7.4,7.04,6.16,7.18,7.35,7.44,7.36,7.06,7.36,6.76,7.21,7.24,6.8,6.96,5.73,6.81,7.08,7.02,7.14,7.18,6.66
CHERP,4.16,4.29,4.23,4.12,4.52,4.49,5.16,4.37,4.03,4.2,4.25,4.48,4.34,5.22,4.19,4.08,4.13,4.2,4.13,4.37,4.37,4.28,4.11,3.94,4.06,3.9,4.13,4.26,3.99,5.47,5.82,4.87,4.49,4.34,4.34,3.94,3.87,4.52,5.1,4.46,4.35,4.87,4.49,4.71,4.22,4.63,4.14,4.36,4.12,4.85
CHERP,9.88,10.16,9.99,10.01,10.27,10.11,9.92,10.01,9.92,9.98,10.44,9.85,9.83,10.34,9.71,9.73,9.79,10,9.93,9.99,9.83,9.9,10.11,9.58,9.58,9.63,10.1,10.04,10.21,10.58,9.11,10.66,9.7,9.85,9.87,9.72,10,9.75,9.97,10.1,10.17,10.18,10.17,10.23,10.04,10.1,9.99,10.13,10.31,9.93
CHERP,5.91,5.64,6.02,6.06,6.14,6.11,5.83,6.39,5.65,6.06,5.72,6.08,5.91,5.85,5.56,6,5.55,5.94,6.22,6.07,6.17,6.07,5.49,6.11,5.51,5.89,6.02,6.09,6.16,5.6,6,4.37,6.2,6.01,5.98,5.89,5.83,5.92,6.01,6.34,6.23,6.01,6.19,4.99,6.09,6.2,6.07,6.03,6.5,6.1
CHFR,6.2,5.81,6.49,6.41,6.2,6.48,6.8,6.45,6.42,6.36,6.16,6.4,6.24,5.47,6.63,6.56,6.52,6.56,6.14,6.56,6.58,6.51,6.17,6.67,6.92,6.67,6.34,6.38,5.97,6.63,6.33,5.1,6.33,6.35,6.48,6.48,6.3,6.69,6.43,6.58,6.56,6.09,6.31,5.21,6.8,6.32,6.92,6.68,6.45,6.54
CHFR,9.51,9.67,9.58,9.7,9.65,9.61,9.48,9.79,9.41,9.56,9.73,9.53,9.45,9.78,9.63,9.7,9.58,9.51,9.48,9.4,9.69,9.73,9.93,9.85,9.73,9.66,9.62,9.59,9.63,9.99,9.88,9.19,9.5,9.7,9.6,9.72,9.56,9.86,10.12,9.73,9.69,10.03,10.18,9.81,9.94,10.07,10.11,9.59,9.7,9.49
CHGA,4.37,4.16,4.26,4.41,4.42,4.79,4.46,4.59,4.3,4.3,4.44,4.56,4.15,5.58,4.57,4.52,4.49,4.73,4.52,4.41,4.17,4.41,4.2,4.3,4.7,4.39,4.42,4.25,4.98,4.98,6,6.87,4.46,4.61,4.44,4.41,4.38,4.13,4.67,4.67,4.49,4.11,4.41,6.24,4.51,4.53,4.62,4.51,4.34,6.41
CHGB,5.73,5.54,5.81,5.51,5.43,5.7,5.82,5.5,5.46,5.74,5.52,5.71,5.62,6.34,5.47,5.42,5.79,6.23,5.94,5.7,5.85,5.71,5.6,5.91,5.95,5.89,5.63,5.67,5.86,5.87,6.47,5.86,5.77,5.75,5.83,5.6,5.59,5.81,5.66,5.44,5.73,5.31,5.71,5.74,5.46,5.57,5.19,5.77,5.69,5.78
CHGB,6.46,6.4,6.24,6.38,6.54,6.15,5.42,6.35,6.46,6.46,6.35,6.13,6.18,4.84,6.3,6.13,6.37,6.1,5.93,6.14,6.66,6.54,6.38,6.45,6.64,6.2,6.2,6.6,6.34,4.62,5.29,4.58,6.49,6.5,6.81,6.35,5.72,6.03,5.28,6.84,6.58,6.2,6,6.49,6.54,6.14,6.4,6.58,6.53,5.14
CHGB,4.27,4.42,4.85,4.89,4.45,4.4,5.35,3.96,4.41,4.38,4.13,4.22,4.03,4.81,4.13,4.06,4.55,4.39,4.28,4.52,4.12,4.18,4.54,4.91,4.96,4.49,4.28,4.38,4.82,4.64,6.46,6.53,4.68,4.26,4.57,4.5,4.47,4.51,4.6,4.56,4.43,4.96,4.63,4.2,4.71,5.12,4.12,4.38,4.1,4.64
CHGB,4.62,4.44,4.46,4.67,4.5,4.42,4.16,4.95,4.52,4.45,4.68,4.56,4.43,4.49,4.67,4.5,4.68,4.84,4.5,4.7,4.47,4.56,4.42,5.04,4.37,4.72,4.97,4.7,4.36,4.57,6.07,5.37,4.51,4.78,4.8,5.1,4.82,5.06,4.76,4.91,4.9,4.13,4.38,6.52,4.64,4.86,4.98,4.68,4.68,5.25
CHI3L1,3.64,3.48,3.63,3.42,3.46,3.78,3.5,3.47,3.33,3.53,3.72,3.5,3.59,4.8,4.13,3.84,3.81,3.75,3.84,3.35,3.86,3.75,3.99,3.88,4.05,3.68,3.48,3.64,3.63,4.4,5.17,4.11,3.38,3.52,3.42,3.88,3.83,3.81,4.64,3.87,4.05,3.78,4.13,4.66,4.81,5.01,5.19,3.8,3.89,3.6
CHI3L2,4.15,3.96,4.18,3.99,4.15,4.23,3.93,3.82,3.61,3.92,3.65,4.24,3.81,4.65,4.24,4.43,4.15,4.15,4.25,4.29,4.21,3.93,3.91,4.25,3.8,4.22,4.07,3.87,3.91,5.21,4.26,3.78,4.04,4.05,4.35,3.72,4.2,4.05,4.73,4.5,4.03,4.41,4.43,3.69,4.22,5.17,3.98,3.89,4.16,5.71
CHI3L2,4.32,4.72,4.27,4.31,4.73,4.3,4.85,4.03,4.36,4.36,4.52,4.2,4.49,5.11,4.33,4.54,4.35,4.48,4.32,4.3,4.76,4.28,4.83,4.17,4.39,4.24,4.27,4.13,4.33,5.86,6.46,5.42,4.48,4.38,4.36,4.29,4.46,4.09,4.83,3.75,4.06,4.02,4.18,5.68,4.41,4.75,4.01,3.92,4.35,5.35
CHI3L2,4.27,4.69,4.44,4.27,4.31,4.29,4.37,4.1,4.24,4.23,4.65,4.44,4.47,5.38,4.26,4.33,4.29,4.34,4.16,4.21,4.38,4.8,4.44,4.06,4.21,4.25,4.22,4.26,4.43,5.31,5.27,4.69,4.45,4.21,4.42,4.23,4.34,4.25,4.9,4.21,4.07,4.44,4.33,5.41,4.26,4.42,4.15,4.01,4.2,5.38
CHIA,3.71,4.03,3.53,3.66,3.49,3.52,3.78,3.45,3.63,3.65,3.81,3.73,3.88,3.99,3.75,4.13,3.75,3.59,3.61,3.63,3.81,3.72,3.89,3.67,3.68,3.44,3.77,3.76,3.61,3.64,4.8,4.08,3.92,4.01,3.85,3.51,3.73,3.83,4,3.51,3.83,3.69,3.54,3.75,3.48,3.68,3.4,3.54,3.55,3.58
CHIC1,5.93,5.71,5.8,5.78,5.96,5.82,5.52,5.62,5.98,5.92,6.2,5.95,5.84,5.42,6.19,6.15,6.19,5.97,5.69,5.71,5.69,5.92,6.19,6.03,6.4,5.98,5.93,6.03,5.87,5.73,5.3,5.66,5.84,6.06,5.79,5.98,5.7,5.83,5.85,5.86,6.15,6.07,6.61,6.09,6.08,6.08,6.31,5.95,6.17,5.9
CHIC1,3.82,4.33,3.9,4,3.87,3.98,4.51,3.75,4.19,4.05,4.17,4.04,4.24,4.04,4.3,3.84,3.92,4.41,3.87,3.84,3.96,3.9,4.05,4.53,3.96,3.98,3.72,3.82,4.11,5.12,6.26,4.93,4.52,4.2,3.95,3.94,4.1,3.91,5.28,3.86,3.92,3.96,4.06,4.5,3.73,4.14,4.04,4.33,3.95,4.24
CHIC1,5.79,5.84,6.04,5.76,5.74,5.98,6.18,5.75,5.78,5.81,5.78,6.02,5.87,5.83,5.87,6.14,6.2,5.89,6.23,6.13,5.73,6.11,5.89,6.28,6.07,6.08,5.9,5.99,5.92,6.77,6.02,6.45,5.81,6.01,6.08,6.07,6.17,5.95,6.15,6.28,5.93,6.12,6.13,7.5,5.76,6.02,6.01,6.08,5.68,6.83
CHIC2,7.97,7.86,8.05,8.01,7.86,7.37,7.23,7.73,8.14,8.11,7.67,8.18,8.05,7.43,8.13,7.85,8.13,8.09,8.26,8.19,8.33,8.24,8.16,8.27,8.39,8.28,7.7,8.13,7.65,6.35,8.95,7.02,7.87,8.2,8,8.05,7.84,8.27,7.77,7.85,7.98,7.84,7.73,8.16,8.12,7.69,8.13,8.3,8,7.53
CHID1,4.82,4.77,4.73,4.7,5.03,4.85,5.32,5,4.83,4.76,4.81,4.84,4.83,5.18,4.8,5.2,4.7,5.01,4.93,4.56,5.27,4.91,4.84,4.8,4.92,4.93,4.97,4.94,5.22,6.43,6.94,4.97,4.69,4.8,4.89,4.75,5.24,4.83,5.53,5,5.31,5.15,5.01,4.92,5,5.09,4.94,4.68,4.71,5.23
CHID1,5.98,6,6.15,6.03,6.44,6.58,6.49,6.36,5.95,5.84,5.95,5.82,5.99,5.99,5.84,5.93,5.63,6.53,5.98,5.81,6,5.81,6.15,5.91,6.1,5.95,6.2,5.72,6.02,5.16,6.35,6.57,5.95,5.87,5.79,5.97,6.24,6.16,6.13,6.23,6.03,6.08,6.59,5.98,6.32,6.07,5.87,6.26,6.32,6.06
CHID1,9.41,9.29,9.62,9.56,9.62,9.53,9.04,9.63,9.47,9.42,9.13,9.44,9.36,8.36,9.34,9.22,9.38,9.55,9.77,9.52,9.36,9.21,8.97,9.32,9.27,9.28,9.64,9.56,9.49,9.32,7.41,8.99,9.09,9.14,9.17,9.36,9.26,9.28,8.99,9.61,9.44,9.38,9.31,8.86,9.65,9.49,9.47,9.34,9.39,8.1
CHID1,8.05,8.04,8.33,8.29,8.21,8.45,8.47,8.38,8.15,8.15,8.09,8.06,7.96,6.39,8.03,8.05,7.96,8.48,8.39,8.21,8.08,7.88,7.86,7.96,8.1,8.12,8.26,8.28,8.26,7.26,5.72,7.15,7.94,7.92,7.99,8.12,8.14,8.02,7.96,8.36,8.26,8.16,8.14,6.31,8.4,8.33,8.43,8.17,8.24,7.16
CHIT1,4.09,4.1,4.15,4.2,4.21,3.94,4.47,4.58,4.07,4.33,4.15,4.38,4.39,5.32,3.89,4,3.77,4.27,4.22,3.96,4.11,4.25,4.09,4.6,4.34,4.18,4.22,4.28,4.21,5.95,6.03,7,4.17,3.97,4.24,3.86,4.26,4.18,4.21,4.38,4.48,4.21,3.85,5,3.94,4.55,4.3,4.24,4.09,4.72
CHKA,8.99,8.94,9.1,9.13,9.2,9.24,8.86,9.3,9.26,9.11,9.21,9.12,9.18,8.69,9.31,9.24,9.3,9.08,9.06,9.14,9.4,9.4,9.51,9.4,9.46,9.35,9.3,9.02,9.16,8.11,8.81,8.98,9.15,9.19,9.2,9.25,9.15,9.31,9.14,9.43,9.45,9.23,9.13,7.98,9.13,8.97,9.15,9.37,9.39,8.74
CHKA,7.78,7.67,7.58,7.78,7.2,7.29,7.49,7.81,7.81,7.83,7.41,7.79,7.76,5.67,7.74,7.74,7.73,7.53,7.5,7.74,7.87,7.88,7.71,7.73,7.88,7.81,7.73,7.75,7.61,7.47,6.72,5.32,8,8,7.69,7.65,7.43,7.69,7.26,7.79,7.97,7.27,7.22,5.58,7.44,7.43,7.47,7.97,7.93,5.67
CHKB /// CHKB-CPT1B /// CPT1B,8.52,8.69,8.71,8.52,8.71,8.96,8.65,8.62,8.38,8.52,8.74,8.45,8.43,8.33,8.48,8.51,8.56,8.45,8.34,8.44,8.72,8.67,8.87,8.58,8.83,8.73,8.66,8.45,8.74,8.31,7.55,7.64,8.46,8.62,8.55,8.69,8.88,8.82,8.45,8.66,8.48,8.91,8.97,7.92,8.57,8.43,8.55,8.39,8.53,8.27
CHKB-CPT1B /// CPT1B,8.95,9.18,9.19,9.06,9.29,9.36,9.41,9.28,8.68,8.99,9.36,8.79,8.78,8.71,8.79,8.64,8.87,8.98,9.1,8.88,9.25,8.99,9.35,9.14,9.1,8.83,9.17,8.86,9.4,9.73,7.59,7.25,8.71,8.54,8.65,8.98,9.14,8.88,9.19,9.21,9.15,9.76,9.9,8.05,9.31,9.54,9.35,8.97,9.34,7.15
CHKB-CPT1B /// CPT1B,8.91,9,9.25,9.25,9.32,9.44,9.34,9.27,8.8,9.13,9.3,8.96,8.85,8.21,8.95,8.98,9,9.17,9.17,8.99,9.29,9.08,9.42,9.33,9.2,8.97,8.99,8.89,9.31,10.23,7.26,8.69,8.55,8.99,8.76,9.17,9.04,9.19,9.07,9.41,9.28,9.88,9.8,8.8,9.39,9.54,9.47,9.09,9.36,8.23
CHL1,4.43,4.55,4.11,4.4,4.08,4.29,4.21,4.16,4.44,4.04,4.39,4.37,4.51,4.74,4.17,4.2,4.2,4.23,4.22,4.01,4.33,4.61,4.46,4.09,4.09,4.07,4.37,4.22,4.34,5.22,5.04,4.56,4.31,4.02,4.16,3.86,4.35,3.99,4.56,3.65,4.3,4.35,4.13,4.86,3.95,4.15,3.92,4.15,4.3,4.54
CHL1,3.53,3.52,3.61,3.52,3.75,3.76,3.79,3.86,3.75,3.7,3.95,3.71,3.62,4.8,3.67,3.89,3.69,4.1,3.77,3.59,3.64,3.75,3.91,3.91,3.74,3.98,3.61,3.77,3.67,4.46,6.65,4.64,3.57,3.55,3.7,3.63,4.21,3.57,4.09,3.56,3.58,3.77,3.66,3.99,3.75,3.41,3.95,3.52,3.4,3.93
CHM,9.58,9.99,9.55,9.58,9.7,9.51,9.37,9.46,9.59,9.7,9.95,9.67,9.54,9.94,9.87,9.55,9.81,9.59,9.61,9.71,9.77,9.81,10.03,10.01,9.84,9.94,9.64,9.73,9.66,9.34,9.44,10.26,9.57,9.7,9.7,9.78,9.72,9.61,9.35,9.77,9.7,9.63,9.64,10.61,9.86,9.54,9.89,9.68,9.59,10.37
CHM,4.53,4.21,4.29,4.01,4.02,3.8,4.12,3.8,4.43,4.27,3.76,4.13,4.42,3.83,4.53,4.41,4.36,4.33,3.99,4.26,4.27,3.95,3.81,4.19,4.42,4.3,4.14,4.15,3.73,4.53,3.99,4.16,4.4,4.13,4.27,4.42,3.99,4.03,4.45,4.25,4.24,4.06,3.72,4.02,4.5,4.35,4.04,3.78,4.15,3.34
CHM,4.83,5.28,4.5,5.05,4.3,4.77,4.41,4.51,5.19,4.73,5.5,4.73,5.11,4.9,5.25,4.91,5.11,4.61,4.86,4.68,4.89,4.84,5.54,4.74,5.31,4.82,4.81,5.16,5.11,4.3,4.55,4.43,4.96,5.16,5.01,4.95,4.77,4.92,4.58,5.03,5.15,4.73,4.96,4.91,4.64,5.06,5.25,5.12,5.25,4.51
CHM,4.51,4.18,4.3,4.44,3.94,3.77,5.78,4.84,4.23,4.29,4.26,4.62,4.35,4.44,4.64,4.43,4.47,4.78,4.33,4.41,4.48,4.43,4.39,4.49,5.07,4.86,4.48,4.35,4.2,5.06,5.33,5.81,4.64,4.53,4.42,4.49,4.05,4.7,4.34,4.7,4.07,4.88,4.2,4.99,4.68,4.7,4.38,4.5,4.82,5.59
CHML,4.01,4.47,4.03,4.21,4.12,4.52,4,4.37,4.24,4.27,4.01,4.13,4.03,4.86,4.26,4.1,4.23,4,4.09,4.33,3.92,4,4.03,3.86,3.86,3.85,4.23,3.95,3.86,3.74,4.3,4.31,4.12,4.2,4.06,3.94,3.87,3.98,4.39,3.85,3.97,4.55,3.78,5.77,3.57,4.27,4.2,4.01,4.12,3.83
CHML,3.48,4.02,4.11,4.15,4.07,3.82,3.61,3.88,3.9,4.13,3.98,3.54,3.61,3.74,3.38,3.52,3.52,3.72,3.65,3.71,3.56,3.72,3.59,3.76,3.69,3.63,3.94,3.98,3.97,3.68,3.8,3.45,3.71,3.72,3.79,3.81,3.67,3.84,3.98,3.76,4.42,4,3.26,3.42,4.32,3.78,3.71,4,3.91,3.6
CHML,8.42,9.17,8.45,8.46,8.18,8.33,7.36,8.12,8.74,8.56,8.96,8.53,8.65,7.52,8.04,7.93,8.08,8.14,8.14,8.14,8.2,8.06,8.69,7.88,7.86,8.19,8.38,8.37,8.77,8.46,6.41,5.83,8.09,8.15,7.94,7.94,7.78,7.9,7.53,8.17,8.3,8.2,8.46,7.02,8.77,8.95,8.89,8.23,8.64,7.3
CHML,5.42,6.04,5.53,5.65,5.26,4.95,5.03,4.98,5.75,5.64,5.86,5.51,5.78,4.83,4.98,4.74,5.19,4.87,5.19,5.06,4.89,5.28,5.53,4.93,4.96,4.89,5.62,5.46,5.7,5.53,4.85,3.82,5.12,4.84,4.9,5.1,4.7,4.94,4.88,5.27,5.12,4.9,5.32,4.7,5.71,5.16,5.26,5.46,5.69,3.27
CHMP1A,10.65,10.58,10.82,10.64,10.97,10.82,10.66,10.87,10.51,10.77,10.81,10.62,10.4,11.32,10.75,10.81,10.64,10.84,10.76,10.69,10.8,10.84,10.85,10.89,10.91,10.72,10.72,10.73,10.82,10.94,11.24,11.56,10.64,10.74,10.74,10.88,10.86,10.79,10.71,10.82,10.75,10.98,10.92,11.35,10.73,10.83,10.82,10.74,10.9,11.51
CHMP1A,10.66,10.66,10.96,10.69,11.08,11,11.02,10.89,10.56,10.73,10.93,10.64,10.55,10.89,10.69,10.77,10.79,10.86,10.85,10.71,10.75,10.72,11.01,10.89,10.83,10.76,10.83,10.7,11.05,11.41,10.67,11.22,10.74,10.89,10.76,10.81,10.9,10.82,10.88,10.91,10.89,11,11.04,10.93,10.79,10.96,10.96,10.82,11.02,10.62
CHMP1A,7.3,6.66,7.19,7.1,6.27,6.46,5.7,7.26,7.27,7.22,5.99,7.12,7.16,5.72,7.09,7.28,7.28,7.37,7.4,7.46,7.28,7.13,6.51,7.5,7.4,7.55,6.93,7.37,6.25,5.6,6.47,5.72,7.33,7.32,7.19,7.18,7.14,7.36,5.75,7.09,6.56,6.66,6.4,5.59,7,7.16,7.05,7.06,6.59,5.94
CHMP1A,10.62,10.56,10.8,10.65,10.88,10.93,10.71,10.99,10.53,10.72,10.86,10.72,10.52,11.33,10.72,10.79,10.69,10.83,10.77,10.71,10.78,10.86,10.9,10.9,10.89,10.76,10.83,10.7,10.87,11.09,10.99,11.66,10.7,10.79,10.78,10.79,10.77,10.8,10.51,10.93,10.81,11.03,10.97,11.31,10.63,10.87,10.86,10.77,10.98,11.64
CHMP1A,8.5,8.28,8.75,8.56,8.8,8.59,8.32,8.94,8.46,8.71,8.32,8.55,8.41,7.74,8.61,8.74,8.66,8.76,8.78,8.64,8.72,8.57,8.76,8.79,8.88,8.75,8.79,8.59,8.62,8.96,7.42,7.51,8.66,8.71,8.69,8.72,8.51,8.8,7.49,8.8,8.7,8.86,8.79,8.65,8.76,8.72,8.82,8.76,8.72,8.12
CHMP1B,9.76,9.57,9.58,9.66,9.27,9.23,9.4,9.48,9.68,9.62,9.28,9.85,9.73,6.94,9.72,9.68,9.79,9.52,9.47,9.67,9.88,9.87,9.75,9.76,9.78,9.97,9.54,9.72,9.35,9.15,5.33,7.44,9.58,9.72,9.51,9.74,9.5,9.77,9.24,9.72,9.66,9.74,9.58,7.51,9.75,9.58,9.66,9.83,9.63,7.04
CHMP1B,9.07,9.25,9.14,9.2,9.44,9.18,8.78,8.94,9.2,9.08,9.31,9.35,9.22,8.92,9.35,9.15,9.4,9.29,9.39,9.29,9.18,9.27,9.33,9.34,9.45,9.24,9.22,9.21,9.14,8.86,8.02,9.62,8.87,8.87,8.88,9.28,9.41,9.08,9.28,9.13,9.12,9.33,9.56,9.58,9.4,9.32,9.29,9.15,9.24,8.78
CHMP2A,10.09,10.04,10.05,10.05,9.96,10.27,10.14,10,10.19,10.07,9.84,10.07,10.35,8.25,9.93,9.88,10.03,10.23,10.31,10.19,10.35,10.18,10.07,10.09,10.06,10.16,10.11,10,9.99,9.62,7.1,7.95,9.82,9.76,9.64,9.82,9.99,10.02,10.09,10.09,10.06,9.93,10.08,7.53,10.23,10.31,10.2,10.16,10.11,7.9
CHMP2B,8.61,8.78,8.49,8.74,8.39,8.41,8.1,8.71,8.78,8.79,8.76,8.79,8.62,8.16,8.84,8.51,8.7,8.55,8.79,8.85,8.63,8.73,8.75,8.77,8.71,8.57,8.47,8.63,8.36,6,4.91,6.69,8.54,8.6,8.58,8.55,8.46,8.69,7.62,8.67,8.68,8.47,8.34,7.8,8.5,8.37,8.58,8.73,8.66,8.28
CHMP2B,7.1,6.96,6.51,6.61,6,6.65,6.59,6.46,6.99,7.11,6.78,6.78,6.75,5.53,6.76,6.84,7,6.75,6.93,6.75,7.04,6.94,6.8,6.87,6.6,7.1,6.86,6.71,6.66,6.86,5.9,6.65,7.09,6.8,6.36,6.68,6.78,6.77,6.98,6.7,6.63,6.55,6.09,5.86,6.86,6.47,6.74,6.55,6.45,4.96
CHMP2B,8.32,8.82,8.14,8.19,8.13,8.47,7.58,7.72,8.66,8.43,8.6,8.45,8.55,6.97,8.32,8.22,8.53,8.26,8.32,8.36,8.54,8.42,8.64,8.2,8.32,8.6,8.33,8.25,8.44,7.54,5.62,6.56,8.54,8.37,8.24,8.3,8.2,8.22,7.64,8.21,8.28,7.93,7.92,6.27,8.16,7.92,8.24,8.48,8.64,7.18
CHMP4A,9.7,9.52,9.63,9.67,9.56,9.62,10.22,9.53,9.94,9.76,9.33,9.74,9.86,7.71,9.39,9.36,9.65,9.84,9.96,9.95,9.77,9.5,9.45,9.48,9.36,9.8,9.7,9.46,9.46,9.28,5.96,6.36,9.55,9.43,9.31,9.41,9.61,9.51,9.44,9.76,9.88,9.6,9.55,7.78,9.77,9.81,9.64,9.76,9.73,7.36
CHMP4A,11.9,11.8,11.92,11.95,11.96,11.9,11.8,11.96,11.88,11.96,11.78,11.93,11.89,10.12,11.98,11.84,11.96,12.16,12.1,12.11,11.98,11.88,11.73,11.9,11.97,12,11.94,11.93,11.74,11.77,8.62,10.42,11.75,11.81,11.79,11.99,11.85,11.93,11.81,12.03,12.02,11.82,11.96,10.32,11.96,11.83,11.9,11.96,11.9,10.22
CHMP4B,9.09,8.73,8.96,8.94,8.81,8.65,8.88,8.89,9.05,9.16,8.35,8.79,9,7.17,9.01,9.1,9.1,9.03,8.89,8.86,9.37,9.02,8.71,9.2,9.09,9.23,9.06,8.81,8.63,8.11,6.61,5.62,9.22,9.14,9.08,8.96,9.13,9.09,9.07,9.12,9.03,8.75,8.74,5.99,9.11,9.04,9.14,9.05,8.93,6.13
CHMP4B,10.3,10.13,10.28,10.33,10.15,10.25,10.2,10.49,10.21,10.39,10.27,10.4,10.26,9.56,10.51,10.55,10.44,10.26,10.22,10.27,10.56,10.64,10.5,10.59,10.6,10.61,10.33,10.35,10.04,9.62,8.75,9.11,10.5,10.5,10.57,10.57,10.48,10.73,10.31,10.51,10.42,10.48,10.36,10.03,10.54,10.57,10.63,10.49,10.37,10.3
CHMP4C,3.49,3.5,3.45,3.41,3.78,3.44,3.72,3.87,3.69,3.4,3.56,3.44,3.53,3.69,3.32,3.48,3.56,3.64,3.48,3.6,3.66,3.62,3.41,3.41,3.36,3.43,3.54,3.56,3.43,5.5,4.32,4.19,3.62,3.51,3.88,3.52,3.53,3.47,4.7,3.67,3.4,3.42,3.48,3.83,3.62,3.96,3.69,3.51,3.56,4.05
CHMP5,11.57,11.73,11.43,11.44,11.4,11.38,11.12,11.27,11.82,11.52,11.63,11.69,11.92,11.75,11.68,11.62,11.71,11.61,11.57,11.59,11.73,11.72,11.98,11.57,11.61,11.79,11.46,11.57,11.7,11.42,10.46,11.27,11.36,11.38,11.44,11.55,11.52,11.58,11.15,11.54,11.5,11.68,11.67,12.14,11.52,11.35,11.52,11.65,11.71,11.23
CHMP5,4.6,4.34,4.49,4.44,4.42,4.08,4.28,4.07,4.68,4.27,4.25,4.57,4.46,6.01,4.43,4.35,4.36,4.31,4.4,4.78,4.51,4.69,4.66,4.15,4.37,4.17,4.53,4.49,3.99,4.25,3.91,5.74,4.49,4.52,4.71,4.48,4.03,4.44,5.69,4.1,4.14,4.41,4.17,3.7,4.41,4.64,4.26,4.3,4.23,5.35
CHMP6,6.62,6.07,6.42,6.59,6.22,6.52,6.6,6.41,6.55,6.47,6.05,6.48,6.31,5.61,6.54,6.65,6.29,6.3,6.21,6.54,6.87,6.63,6.32,6.69,6.82,7.03,5.96,6.62,6.44,6.83,6.13,5.95,6.99,6.65,6.63,6.56,6.51,6.97,6.98,6.76,6.74,6.65,6.34,5.17,6.99,6.61,6.73,6.68,6.37,5.8
CHMP6,7,6.84,7.17,7.19,7.35,7.55,6.39,7.34,7.03,7.12,7.06,7.07,6.91,5.27,7.49,7.26,7.37,7.26,7.19,7.09,7.44,7.43,7.74,7.55,7.5,7.51,7.3,7.34,7.13,6.45,5.98,4.89,7.39,7.66,7.55,7.52,7.38,7.76,6.36,7.65,7.53,7.39,7.73,5.73,7.74,7.64,7.5,7.26,7.45,6.76
CHMP7,8.43,8.41,8.48,8.52,8.68,8.64,8.32,8.49,8.46,8.49,8.35,8.36,8.18,7.88,8.22,8.29,8.35,8.47,8.38,8.31,8.52,8.37,8.54,8.05,8.2,8.22,8.54,8.3,8.81,9.13,6.87,8.24,8.29,8.21,8.08,8.1,8.42,8.26,8.61,8.5,8.72,8.19,8.47,6.37,8.4,8.68,8.34,8.43,8.67,7.89
CHMP7,7.14,6.18,6.81,6.87,6.03,6.04,6.14,6.75,6.74,6.97,5.66,6.72,6.66,5.79,6.6,6.57,6.57,6.78,6.92,7.11,6.45,6.67,6.02,6.9,6.62,6.79,6.59,7.18,5.88,6.24,6.28,4.97,6.85,6.82,6.77,6.49,6.31,6.76,5.95,6.95,6.7,6.11,6,5.45,7.04,6.14,6.36,7,6.58,5.68
CHN1,9.72,9.82,9.75,9.74,9.55,9.69,9.34,9.75,9.88,9.8,9.68,9.96,9.92,9.45,9.97,9.76,9.8,9.43,9.44,9.5,9.66,9.76,9.83,9.67,9.79,9.66,9.64,9.72,9.49,8.91,5.93,8.13,9.88,9.94,9.94,10.08,9.7,9.9,9.6,9.64,9.71,9.89,9.81,9.07,10.41,10.41,10.35,9.7,9.64,8.35
CHN1,4.3,4.4,4.31,4.37,4.23,4.25,4.38,4.26,4.39,4.45,4.58,4.35,4.45,4.47,4.5,4.34,4.38,4.1,4.29,4.17,4.25,4.37,4.55,4.31,4.41,4.39,4.34,4.38,4.3,4.85,5.08,4.32,4.29,4.4,4.49,4.62,4.29,4.41,4.35,4.69,4.16,4.43,4.2,4.57,4.59,4.68,4.66,4.31,4.42,4.61
CHN1,8.9,8.59,8.65,8.76,8.07,8.24,7.08,8.35,8.87,8.95,8.18,8.95,8.93,6.7,8.88,8.57,8.96,8.24,8.37,8.46,8.75,8.66,8.18,8.68,8.73,8.83,8.55,8.65,8.1,7.15,5.54,6.42,8.99,8.91,8.81,8.89,8.52,8.99,7.92,8.41,8.43,8.42,8.24,6.62,9.34,9.24,9.31,8.73,8.5,7.09
CHN2,3.95,3.86,3.7,3.9,3.72,4.18,3.41,3.66,3.78,3.65,3.83,3.71,3.82,3.54,3.82,3.65,3.8,3.91,4,4.16,3.66,3.87,3.71,3.63,3.78,3.61,3.4,4.18,3.79,4.29,6.1,4.31,3.6,3.81,3.73,3.88,3.54,3.77,4.14,3.92,3.89,4.04,3.63,4.47,3.69,3.66,3.59,3.72,3.92,4.74
CHN2,3.81,3.77,3.95,4.16,4.1,3.76,3.83,3.82,3.69,3.69,3.65,3.8,3.81,4.24,3.88,3.62,3.87,3.73,4.32,3.97,3.74,3.83,3.96,3.87,3.96,3.81,3.79,3.88,3.81,5.23,4.38,4.74,3.63,3.79,3.95,3.67,3.74,3.96,4.6,4.04,4.1,3.76,4.32,3.9,4,3.96,3.79,3.82,3.87,4.22
CHN2,4.59,4.49,4.43,4.67,4.31,4.37,5.94,4.78,4.3,4.56,4.79,4.62,4.4,4.81,4.32,4.54,4.83,4.3,4.35,4.65,4.35,4.51,4.54,4.34,4.31,4.16,4.63,4.41,4.29,4.87,6.2,5.3,4.5,4.4,4.33,4.33,4.84,4.29,4.37,4.6,3.95,4.61,4.36,5,4.36,4.87,4.56,4.36,4.34,4.74
CHN2,4.89,4.59,4.49,4.51,4.41,4.64,4.73,4.42,4.37,4.22,4.53,4.56,4.46,4.59,4.41,4.63,4.49,4.54,4.54,4.32,4.53,4.45,4.34,4.41,4.5,4.28,4.67,4.48,4.47,5.65,5.39,4.55,4.62,4.65,4.34,4.33,4.54,4.44,4.65,4.37,4.44,4.41,4.47,4.48,4.61,4.61,4.46,4.45,4.49,4.73
CHN2,3.96,3.92,4.21,4.22,4.02,3.87,4.81,3.9,3.94,3.92,3.99,4.08,4.23,4.31,3.91,4.31,4.2,3.95,3.74,4.05,4.02,3.86,3.84,3.85,4.12,4.17,4.14,4.21,4.05,5.39,4.42,4.17,4.07,4.24,4.26,4.07,4.05,3.92,5.01,4.02,4.04,4.21,4.55,4.43,4.28,4.43,4.35,3.93,4.12,4.33
CHN2,4.86,5.11,4.74,4.89,4.9,4.51,5.02,4.71,4.91,4.78,4.97,4.9,5.25,5.7,4.83,4.87,4.63,4.76,5.03,4.77,4.75,4.92,4.93,4.8,4.91,4.62,4.63,4.91,4.73,4.68,5.73,6.07,4.9,4.87,4.96,4.6,4.66,4.85,5.03,4.6,4.78,4.75,4.78,6.3,4.77,4.87,4.81,5.02,4.8,5.9
CHN2,3.92,3.71,4.09,4.36,3.87,3.99,3.95,4.34,3.8,3.77,3.94,3.89,3.85,4.31,4.02,4.02,4.25,4.26,4.1,4.12,3.8,3.9,4,4.03,4.17,4.05,3.74,4.16,4.03,4.93,4.45,4.96,3.99,3.93,4.01,3.93,4.01,4.09,4.92,3.88,3.86,4.07,3.94,5.68,3.79,3.71,3.92,3.68,3.87,4.51
CHN2,4.53,4.69,4.65,4.67,4.14,4.53,4.58,4.73,4.62,4.74,4.64,4.86,4.46,5.23,4.55,4.56,4.44,4.44,4.44,4.89,4.75,4.56,4.6,4.61,4.47,4.48,4.62,4.67,4.82,5.37,6.02,5.59,4.8,4.53,4.46,4.42,4.46,4.57,4.33,5.16,4.31,4.56,4.45,5.23,4.96,4.33,4.53,4.71,4.82,5.17
CHN2,3.9,3.91,4.13,3.85,4.06,3.97,5.71,3.95,3.78,3.82,3.89,3.72,3.72,4.08,3.83,3.87,3.83,4.06,4.07,3.79,3.72,3.7,3.65,3.78,3.87,4.17,3.75,4.27,3.76,4.88,5.51,6.14,3.77,3.87,3.87,3.75,3.9,3.86,5.31,4.07,4.01,3.89,4.15,5.06,4.17,3.93,3.92,4.12,3.89,5.08
CHN2,3.92,4.15,3.87,3.99,4.32,4.3,4.47,3.86,3.94,4.01,4.06,3.85,4.07,4.15,4.08,4.08,3.94,3.83,4.18,4.09,3.91,3.96,3.97,4.06,3.81,3.85,3.89,3.89,3.82,4.28,5.42,4.02,4.06,3.94,4.08,4.02,4.54,3.97,3.91,3.84,3.93,3.76,4.08,3.87,4.31,3.83,4.08,3.86,3.92,4.68
CHN2,4.16,4.35,3.99,4.52,4.7,4.41,3.9,4.43,4.5,4.59,4.33,4.38,4.58,4.35,4.58,4.58,4.46,4.71,4.49,4.82,4.83,4.4,4.24,4.24,4.4,4.32,4.13,4.32,4.18,4.54,5.78,6.07,4.3,4.09,4.54,4.31,4.47,4.38,4.82,4.7,4.34,4.51,4.8,6.15,4.46,4.81,4.34,4.36,4.23,6.18
CHODL,4.71,4.68,4.67,4.65,4.84,4.79,6.29,4.28,4.87,4.74,5.02,5.26,4.79,6.19,5.14,5.22,4.67,4.88,4.52,4.7,4.35,4.97,4.74,4.74,4.58,4.47,4.87,4.95,4.92,4.52,5.41,5.7,4.5,4.91,5.05,4.5,5.01,5.07,4.54,4.83,4.39,5.06,5.25,5.41,4.27,5.18,5.21,4.71,4.73,5.35
CHODL,3.47,3.74,3.54,3.68,3.96,3.78,4.06,3.74,3.68,3.68,3.75,3.64,3.82,4.76,3.52,3.42,3.62,3.76,3.47,3.54,3.78,3.78,3.8,3.41,3.32,3.32,3.44,3.67,4.42,3.77,4.25,5.01,3.47,3.62,3.36,3.37,4.04,3.46,3.61,3.48,3.52,3.85,3.87,5.08,3.41,3.54,3.47,3.6,3.62,4.55
CHODL,3.82,4.12,3.87,3.85,3.62,3.89,3.68,3.66,3.73,3.85,3.85,3.82,3.74,4.71,3.59,3.51,3.64,3.87,4,3.64,3.68,3.83,3.9,3.53,3.47,3.59,3.61,3.83,3.65,4.47,3.87,3.95,3.69,3.76,3.68,3.59,3.48,3.66,4.16,3.66,4.14,3.6,3.53,4.34,3.72,3.95,3.71,3.75,3.58,5.06
CHODL,3.63,3.66,3.54,3.67,3.81,3.68,4.01,3.39,3.97,3.62,3.79,3.71,3.61,4.2,3.81,3.46,3.62,3.77,3.66,3.74,3.81,3.74,3.71,3.47,3.56,3.63,3.51,3.71,3.46,4.06,4.02,4.24,3.54,3.6,3.75,3.6,4.07,3.83,3.95,3.34,3.73,3.83,3.94,3.55,4,3.79,3.93,3.6,3.74,4.98
CHORDC1,10.01,10.18,9.61,9.85,9.46,9.58,9.22,9.56,10.34,9.96,9.97,10.02,10.24,9.66,9.71,9.53,9.73,9.71,9.77,9.79,9.98,9.82,10.02,9.41,9.61,9.78,9.82,9.86,9.96,9.52,7.75,9.34,9.91,9.86,9.71,9.5,9.58,9.58,9.29,9.62,9.64,9.46,9.47,9.4,9.37,9.28,9.41,9.75,10.15,9.32
CHORDC1,6.5,6.56,6.22,6.45,6.46,6.57,5.28,5.62,6.62,6.48,6.73,6.58,6.45,6.64,6.37,6.09,6.27,6.68,7.04,6.76,6.17,6.29,6.63,6.41,6.34,6.2,6.47,6.2,6.44,6.84,6.78,6.2,6.12,6.26,5.72,6.36,5.95,6.51,5.9,6.12,6.13,6.41,5.75,6.11,6.28,6.13,6.43,6.44,6.69,5.77
CHORDC1,5.72,5.99,5.68,5.89,5.17,5.51,5.46,5.39,5.94,5.89,6.19,5.7,5.75,5.5,5.69,5.59,5.86,5.69,6.05,5.85,5.45,5.2,5.96,5.63,5.77,5.48,5.88,5.72,5.45,6.88,6.11,6.25,5.29,5.6,5.25,5.54,6.03,5.65,5.64,5.56,5.42,5.24,5.67,5.06,5.5,4.81,5.58,5.79,5.91,5.2
CHORDC1,7.09,7.35,7.09,7.49,7.13,7.63,6.53,6.88,7.18,7.2,7.53,7.44,7.3,7.79,7.19,6.75,7.29,7.44,7.61,7.47,6.9,7.09,7.52,7,7.03,7.04,7.29,7.24,7.37,7.77,6.94,7.24,7.23,7.05,6.84,7.17,6.86,7.05,7.35,7.24,7.08,7.15,7.18,5.92,7.06,7.12,7.13,7.19,7.69,7.16
CHORDC1,9.77,9.69,9.39,9.47,8.83,9.05,8.67,9.28,9.73,9.74,9.33,9.65,9.82,8.79,9.41,9.2,9.55,9.53,9.61,9.71,9.57,9.32,9.35,9.26,9.22,9.42,9.56,9.59,9.27,8.94,7.15,9.01,9.63,9.67,9.53,9.16,9.1,9.37,9.22,9.3,9.27,8.97,8.93,7.66,9.12,8.85,9.21,9.56,9.58,7.87
CHORDC1 /// LOC727896,11.2,11.19,10.75,11.12,10.67,10.66,10.25,10.79,11.25,11.11,11.22,11.22,11.35,10.99,11.01,10.83,10.94,10.9,10.96,11.1,10.95,11.12,11.21,10.9,10.94,10.99,10.87,11.13,10.97,10.37,10.4,10.52,10.99,11.05,10.99,10.89,10.61,10.84,10.4,10.78,10.8,10.7,10.55,10.4,10.65,10.51,10.75,11.11,11.2,10.33
CHP,10.07,9.93,10.24,10.21,10.22,10.14,10.12,9.95,10.21,10.06,10.18,10.18,10.17,10.18,10.1,9.85,10.2,10.18,10.04,9.88,10.25,10.3,10.3,10.27,10.16,10.28,10.2,10.2,10.1,9.77,7.58,8.82,10.03,10,10.02,10.04,10.07,10.05,10.18,10.13,10.04,10.14,10.27,10.04,10.43,10.32,10.22,10.16,10.16,10.22
CHP,7.12,6.59,7.23,7.12,6.77,6.33,6.61,7.01,7.27,7.25,6.27,7.13,7.01,7.92,7.18,6.79,7.07,7.25,7.1,7.38,6.84,7.04,6.53,7.42,7.34,7.36,7.22,7.35,6.33,4.64,7.95,6.75,6.86,7,7.06,7.14,6.27,6.74,5.59,6.84,6.71,6.58,6.63,6.97,7.38,6.46,7.22,7.08,6.7,7.96
CHP2,4.63,4.66,4.38,4.44,4.1,4.43,4.38,4.32,4.41,4.6,4.82,4.42,4.56,5.57,4.33,4.11,4.5,4.65,4.16,4.53,4.54,4.32,4.64,4.38,4.58,4.39,4.68,4.56,4.42,4.89,5.93,6.13,4.38,4.25,4.5,4.07,4.24,4.74,4.2,4.12,4.15,4.48,4.42,4.96,4.42,4.15,4.56,4.38,4.09,5.51
CHP2,3.75,3.91,3.75,3.89,3.76,3.97,3.75,3.65,3.69,3.63,3.76,4.01,3.88,4.01,3.67,3.77,3.6,3.7,3.72,3.74,3.81,3.86,3.85,3.49,3.82,3.72,3.77,3.92,4.06,5.08,5.13,5.16,3.82,3.82,3.75,3.58,3.8,3.93,5.03,4.07,3.94,3.85,3.81,4.37,3.72,3.63,3.73,3.59,3.61,4.29
CHPF,7.26,7.1,7.28,7.44,7.45,7.56,7.75,7.48,7.26,7.28,6.69,7.15,7.13,7,7.33,7.57,7.41,7.61,7.32,7.34,7.37,7.26,7.03,7.52,7.34,7.49,7.37,7.43,7.13,7.24,7.35,7.7,7.51,7.28,7.49,7.27,7.3,7.48,7.9,7.37,7.36,7.35,7.45,7.34,7.27,7.19,7.52,7.46,7.03,8.26
CHPF,4.98,4.48,5.32,5.38,5.66,4.99,5.1,5.79,5.04,5.24,4.43,5.07,4.62,4.57,5.4,5.18,5.33,5.59,5.09,5.32,5.34,4.84,4.92,5.28,5.13,5.75,5.43,5.64,5.14,4.31,4.42,5.18,5.31,5.46,5.36,5.52,5.22,5.42,4.55,5.59,5.26,5.48,5.57,5.42,5.07,5.19,5.42,5.2,5.01,4.81
CHPF,7.65,7.37,8.09,7.76,8.26,8.04,7.55,8.35,7.72,7.83,8.04,7.39,7.22,8.55,7.93,7.9,7.97,7.95,8.13,7.72,8.07,7.6,7.93,7.99,8.04,7.81,7.99,7.87,8.29,8.18,8.11,9.91,8.22,8.27,8.25,7.89,8.15,7.94,8.33,8.15,8.2,7.99,8.13,8.72,7.87,8.36,8.35,7.87,8.29,9.25
CHPF2,7.73,7.92,8.05,7.79,8.11,8.18,8.12,7.8,7.64,7.79,7.92,7.7,7.42,6.91,7.74,7.71,7.88,7.93,7.89,7.73,7.94,8.09,8.32,8.08,8,7.98,7.89,7.81,8.18,7.13,6.5,7.84,7.49,7.82,7.7,7.97,7.85,7.99,8.79,8.08,8.05,8.3,8.29,7.05,7.99,8.32,8.49,8,8.08,7.16
CHPF2,7.49,7.53,7.34,7.66,7.78,7.53,6.36,7.67,7.27,7.37,7.32,7.57,7.5,5.94,7.48,7.43,7.61,7.41,7.46,7.46,7.72,7.83,7.83,7.75,7.82,7.56,7.66,7.5,7.41,6.16,5.61,7.08,7.59,7.32,7.47,7.49,7.19,7.77,7.49,7.79,7.24,7.86,7.75,7.02,7.81,7.72,7.9,7.53,7.47,7.16
CHPT1,6.39,6.3,6.52,6.33,6.01,6.22,6.44,6.44,6.42,6.54,6.47,6.3,6.18,5.1,6.45,6.27,6.32,6.08,6.23,6.23,5.62,5.68,5.75,6.04,6.06,6.08,6.37,6.44,6.35,6.35,4.69,5.64,6.17,6.37,6.18,6.33,6.42,6.2,6.06,6.06,6,6.27,5.99,5.32,6.72,6.61,6.24,6.15,6.24,4.71
CHPT1,8.77,8.72,8.74,8.69,8.76,8.65,8.2,8.59,8.91,8.8,8.91,8.63,8.45,8.27,8.62,8.52,8.67,8.52,8.56,8.63,7.88,8.14,8.25,8.27,8.52,8.34,8.8,8.72,8.75,9.14,5.5,8.52,8.5,8.71,8.72,8.65,8.53,8.65,7.94,8.65,8.47,8.54,8.78,8.7,8.84,9.1,9.13,8.63,8.55,9.16
CHRAC1,8.96,8.85,9.08,9.18,8.93,9.1,8.85,8.71,9.35,9.07,8.95,8.81,8.98,7.72,8.5,8.33,8.78,9.06,9.25,8.95,8.53,8.46,8.73,8.61,8.67,8.46,9.06,9.11,8.76,8.12,7.33,6.93,8.47,8.52,8.54,8.97,8.73,8.79,7.7,8.67,8.94,8.73,8.45,7.71,8.71,8.6,8.59,9.04,9.02,8.21
CHRAC1,10.44,10.26,10.61,10.55,10.6,10.49,10.07,10.53,10.58,10.37,10.49,10.21,10.2,9.45,10.02,9.98,10.25,10.65,10.63,10.49,9.94,10,10.09,10.1,10.21,9.96,10.53,10.53,10.24,10.04,10.4,10,10.01,10.19,10.14,10.29,10.23,10.33,10.06,10.29,10.14,10.32,10.35,10.41,10.35,10.29,10.31,10.39,10.2,10.3
CHRAC1,7.23,6.56,7.08,6.97,6,6.58,6.75,7.1,7.29,7.22,6.04,6.96,6.92,6.27,6.77,6.56,6.79,7.22,7.16,7.38,6.73,6.51,5.83,6.62,6.33,6.9,6.83,6.97,6.58,5.71,6.73,5.22,6.84,6.77,6.83,6.54,6.51,6.9,6.81,6.75,6.66,5.99,6.22,6.77,6.73,6.49,6.74,6.98,6.25,6.76
CHRAC1,7.15,6.32,7.14,7.04,6.15,6.6,6.5,7.18,6.99,6.71,6.07,6.88,6.68,6,6.75,6.51,6.8,6.92,7.13,7.22,6.61,6.5,6.3,6.62,6.55,6.72,6.87,6.94,6.38,5.13,6.76,5.98,6.98,6.79,6.46,6.74,6.37,6.97,6.37,6.71,6.44,6.26,6.49,6.24,7.07,6.35,6.83,6.91,6.65,6.05
CHRD,4.03,4.06,4.29,4.29,4.11,4.22,3.76,4.08,3.97,3.95,4.08,3.91,3.87,4.59,4.04,4.47,4.16,4.22,4.06,4.17,4.09,4.17,4.09,4.23,4.12,4.02,4.07,4.15,4.03,4.22,4.79,4.14,4.28,4.02,3.96,4.08,4.5,4.43,3.94,4.28,4.25,4.16,4.28,5.36,4.04,4.13,4.46,4.07,3.89,5.96
CHRD,3.54,3.53,3.15,3.62,3.84,3.46,3.73,3.39,3.46,3.45,3.25,3.46,3.44,3.7,3.53,3.43,3.46,3.56,3.58,3.62,3.73,3.44,3.61,3.48,3.73,3.65,3.61,3.51,3.92,4.02,3.52,3.48,3.53,3.43,3.72,3.29,3.53,3.28,3.94,3.45,3.66,3.81,3.91,4.32,3.75,3.69,3.34,3.64,3.48,3.98
CHRD,4.78,4.42,4.78,4.3,4.63,4.69,4.09,4.63,4.6,4.64,4.76,4.62,4.23,6.86,4.25,4.61,4.42,4.85,4.38,4.68,4.74,4.71,4.44,4.45,4.44,4.28,4.98,4.67,4.83,4.67,4.77,4.82,4.57,4.77,4.55,4.23,4.09,4.54,4.59,4.55,4.37,4.21,4.74,6.61,4.52,4.27,4.28,4.39,4.31,6.69
CHRD,4.56,4.43,3.97,4.56,4.56,4.43,3.62,4.58,4.28,4.56,4.42,4.75,4.56,5.04,4.34,4.64,4.78,4.58,3.89,4.29,4.56,4.6,4.44,3.86,4.33,4.67,4.47,4.34,4.12,5.69,4.51,4.11,4.32,4.16,4.49,4.34,4.41,4.26,5.34,4.5,3.94,4.32,4.19,4.64,4.55,3.68,4.38,4.39,4.33,4.54
CHRDL1,3.55,3.62,3.42,3.55,3.42,3.61,3.37,3.46,3.63,3.42,3.39,3.56,3.61,4.37,3.35,3.47,3.53,3.66,3.52,3.55,3.38,3.44,3.46,3.34,3.19,3.65,3.64,3.24,3.56,4.52,4.45,3.57,3.42,3.41,3.43,3.36,3.35,3.7,3.65,3.65,3.37,3.67,3.57,3.58,3.5,3.39,3.29,3.59,3.45,4.03
CHRDL1,4.72,4.58,4.71,4.92,5,5.52,4.49,4.84,4.61,4.72,5.06,4.71,4.5,6.9,4.86,4.89,4.52,5.01,4.61,4.8,4.54,4.56,4.63,4.68,5.01,4.81,4.75,4.87,4.67,5.57,6.07,6.38,4.76,4.7,4.7,5.08,5.46,4.87,4.84,5.11,4.8,4.78,5.28,4.78,4.63,4.63,5.12,4.9,5.13,6.94
CHRDL1,4.38,4.54,4.41,4.72,4.86,4.53,4.91,4.5,4.83,4.66,4.6,4.64,4.57,6.67,4.39,4.79,4.54,4.12,4.65,4.51,4.66,4.91,4.57,4.61,4.85,4.41,4.56,4.44,4.97,4.91,6.83,6.71,4.72,4.62,4.6,4.6,4.92,4.37,5.27,4.5,4.74,4.46,4.32,5.71,4.47,4.5,4.8,4.26,4.33,5.42
CHRDL2,4.46,4.25,4.36,4.68,4.21,4.67,5.39,4.49,4.39,4.49,4.74,4.48,4.43,6.08,4.44,4.72,4.42,4.36,4.61,4.37,4.54,4.54,4.51,4.22,4.35,4.18,4.52,4.71,4.78,4.5,5.55,5.53,4.15,4.43,4.43,4.48,4.51,4.53,4.12,4.49,4.42,4.38,4.82,5.39,4.42,4.29,4.25,4.33,4.4,5.76
CHRDL2,3.98,4.11,4.31,4.08,3.88,5.13,4.38,4.09,4.2,4.19,4.26,4.22,4.01,3.94,4.47,4.38,4.06,4.11,4.05,4.04,4.33,4.21,4.03,4.63,4.13,3.88,4.03,4.02,4.1,4.39,5.57,5.51,4.19,3.87,4.32,4.06,4.12,3.98,4.93,3.74,3.82,4.53,4.31,3.84,5.02,3.78,4.15,4.27,4.02,4.11
CHRDL2,4.54,4.77,4.81,4.7,5.15,4.67,5.23,4.63,4.61,4.54,5.06,4.69,4.69,5.77,4.55,4.85,4.47,4.79,4.88,4.78,4.54,4.56,4.88,4.57,4.73,4.83,4.63,4.78,5.04,4.91,6.27,5.94,4.71,4.69,4.93,4.56,4.82,4.92,5.04,5.16,4.32,4.75,4.82,6.42,4.73,5.04,5.09,4.73,4.81,4.58
CHRDL2,4.27,4.8,4.43,4.33,4.25,3.96,3.76,4.36,4.27,4.66,4.75,4.76,4.28,5.96,4.45,4.24,4.57,4.26,4.32,4.28,4.49,4.62,4.34,4.33,4.33,4.42,4.28,4.83,4.24,6.13,5.91,4.55,4.64,4.67,4.32,4.2,4.5,4.89,5.87,4.3,4.74,4.64,3.9,6.24,4.34,4.84,4.25,4.53,4.41,5.72
CHRFAM7A,3.58,3.71,3.55,3.71,3.63,4.12,4.43,3.55,3.55,3.7,3.69,3.58,3.71,3.96,3.57,4.13,3.77,3.69,3.77,3.42,3.57,3.76,3.82,4.12,3.56,4.06,3.6,3.76,3.58,4.1,4.79,4.19,3.7,3.82,3.8,4.09,3.65,3.84,3.64,3.59,3.8,3.67,3.72,4.33,3.67,4.12,3.93,3.82,3.76,6.01
CHRFAM7A,3.73,3.34,3.54,3.59,3.87,3.51,3.72,3.79,3.48,3.53,3.47,3.61,3.43,4.41,3.43,3.82,3.6,3.77,3.53,3.68,3.47,3.6,3.47,3.71,3.9,3.79,3.45,3.6,3.53,4.21,4.17,3.55,3.75,3.74,3.73,3.75,3.86,3.62,3.76,3.57,3.65,3.78,3.6,4.53,3.81,3.59,3.54,3.75,3.79,4.58
CHRFAM7A /// CHRNA7,4.43,4.46,4.27,4.59,4.78,4.65,4.74,4.09,4.34,4.46,4.82,4.67,4.54,4.79,4.81,5.11,4.88,4.25,4.43,4.31,4.57,4.77,4.96,5.09,5.38,4.83,4.46,4.35,4.33,4.66,4.54,4.67,5.53,5.31,5.09,5.66,4.99,4.8,4.63,4.39,4.45,4.59,4.64,5.02,4.42,4.33,4.42,4.46,4.49,4.39
CHRFAM7A /// CHRNA7,4.16,4,4.04,4.13,4.62,4.25,3.79,4.55,4.29,4.38,4.43,4.16,4.04,3.98,4.56,5.29,4.64,4.56,4.41,4.3,4.24,4.37,4.33,4.26,4.22,5.17,4.36,4.27,4.38,4.04,5.32,4.64,4.57,5.04,4.86,4.9,4.36,4.84,3.9,4.4,4.37,4.62,4.07,5.14,4.13,4.53,4.29,4.58,4.31,4.68
CHRM1,4.07,4.26,4.28,4.24,3.92,4.3,3.98,4.29,4.25,4.37,4.44,4.53,4.33,4.8,4.58,4.23,4.66,4.24,3.97,4.38,4.24,4.08,4.12,4.55,4.81,4.11,4.27,4.41,4.26,4.34,5.91,5.05,4.6,3.88,4.58,4.27,4.37,4.27,4.78,4.48,4.54,4.17,4.26,5.26,4.77,4.07,4.68,4.4,3.89,4.98
CHRM1,4.16,4.49,4,4.18,4.04,4.4,5.81,3.86,4.05,4.04,4.32,4.22,4.12,4.37,4.18,3.97,4.22,4.18,4.28,4.11,4.17,4.07,4.15,4.23,4.07,4.23,4.32,4.15,4.1,4.89,4.66,5.98,4.11,4.16,4.25,3.85,4.07,4.23,4.36,4.15,4.41,4.14,3.95,4.9,4.36,3.97,4.34,4.13,3.99,4.41
CHRM2,3.93,4.07,3.5,3.87,3.81,3.74,3.61,3.83,3.78,3.79,3.87,3.87,3.83,4.75,4.06,4.29,3.65,3.71,3.93,3.89,3.76,3.77,3.81,3.89,3.67,3.61,3.6,3.77,3.84,4.08,7.53,4.56,3.67,3.84,4.2,3.71,3.88,3.93,4.07,3.66,3.75,3.88,3.83,4.37,3.85,4.29,3.68,3.59,3.68,4.22
CHRM2,4.83,4.99,4.51,5.01,4.43,4.32,4.72,4.19,4.38,4.45,4.82,4.78,4.94,4.61,4.46,4.47,4.5,4.46,4.63,4.42,4.86,4.44,4.57,4.26,4.29,4.49,4.8,4.67,4.78,4.45,5.3,4.54,4.6,4.43,4.43,4.35,4.34,4.02,4.48,4.28,4.42,4.35,4.53,4.66,4.76,4.26,4.18,4.41,4.54,4.66
CHRM3,8.11,7.96,8,7.83,8.01,7.99,8.27,8.22,7.71,7.92,8.16,7.55,7.39,6.96,7.73,8.02,7.72,7.58,7.83,7.59,7.81,7.71,8.02,8.15,8.09,8.22,7.95,7.81,8.22,6.62,8.11,6.05,7.91,7.9,7.72,7.88,7.93,7.66,8.22,8.14,8.23,8.12,8.19,6.45,8.15,8.29,8.36,7.88,7.75,5.49
CHRM4,4.2,4.3,4.35,4.1,4.19,4.19,5.2,4.02,4.17,4.21,4.09,4.14,4.32,4.44,4.2,4.2,4.08,4.36,4.37,4.21,4.26,4.34,4.24,4.07,4.31,3.92,4.26,4.04,4.21,4.99,5,4.75,4.22,3.99,4.45,4.08,4.03,3.96,4.21,4.35,3.96,4.32,4.2,4.21,4.16,4.61,4.14,4.28,4.2,4.15
CHRM5,4.21,4.47,4.07,4.16,4.2,4.41,4.45,4.54,4.44,4.24,4.45,4.27,4.14,5.38,4.06,4.24,4.17,3.99,4.36,4.09,4.23,4.43,4.26,4.13,4.11,3.98,4.13,4.07,4.14,4.74,5.13,5.81,4.01,4.26,3.97,3.98,4.77,4.12,4.16,4.07,4.03,4.4,4.3,4.82,4.11,4.33,4.28,4.25,4.16,5.39
CHRM5,4.15,4.28,4.32,4.1,4.1,4.21,4.82,4.34,4.14,4.25,4.35,4.26,4.04,4.57,4.4,4.1,4,4.31,3.97,4.06,4.52,4.33,4.34,4.08,4.18,4.27,4.07,4.28,4.29,4.74,4.13,4.8,4.41,4.22,4.24,4.05,4.05,4.15,4.47,4.39,4.18,4.56,4.22,4.45,3.93,4.37,4.57,3.95,4.21,4.96
CHRNA1,5.28,4.79,4.85,4.65,3.8,4.27,4.27,4.49,4.93,4.89,5.57,4.53,4.32,4.5,4.95,4.68,4.36,4.01,4.47,4.87,4.22,4.79,4.65,4.29,4.61,4.23,4.66,4.38,4.41,4.84,5.37,4.41,4.07,4.21,4.58,5.46,4.58,4.68,4.31,4.66,4.51,4.53,6.01,4.4,4.57,5.18,4.79,3.83,4.13,4.9
CHRNA1,4.11,4.02,4.25,3.96,4.2,3.77,4.16,3.96,4.34,4.52,4.34,4.07,4.12,3.83,4.38,4.04,4.36,3.91,3.89,4.12,4.2,4.3,3.81,3.88,4.16,3.85,4.18,4.31,3.83,3.89,4.02,3.75,3.99,3.63,4.22,4.54,4.92,3.93,3.57,3.68,4.07,3.75,4.54,4.65,4.01,4,4.34,4.21,3.67,4.2
CHRNA10,5.4,5.47,5.63,5.58,5.52,5.76,5.63,5.74,5.24,5.47,5.45,5.55,5.65,6.59,5.36,5.52,5.32,5.55,5.28,5.58,5.92,5.77,5.55,5.38,5.46,5.66,5.42,5.38,5.55,5.88,7.09,6.02,5.7,5.56,5.61,5.41,5.72,5.36,6.03,5.38,5.34,5.69,5.83,5.9,5.59,5.58,5.6,5.57,5.65,6.12
CHRNA10,5.83,5.48,5.63,5.89,6.11,5.31,6.25,5.81,5.71,5.64,5.74,5.65,5.64,4.77,5.61,5.25,5.73,5.56,5.39,5.56,5.67,5.38,5.78,5.51,5.85,5.64,5.83,5.58,6.12,5.27,4.63,5.04,5.26,5.75,5.75,5.62,5.7,5.4,5.65,5.75,6.26,5.71,5.95,6.24,6.08,5.8,6.14,5.62,5.78,5.11
CHRNA2,4.88,5.01,4.81,4.98,4.85,5.19,4.47,5.32,5.13,5.15,5.01,5.07,4.88,5.94,4.92,5.19,4.87,4.89,4.92,4.88,5.02,5.19,4.88,4.89,5,4.66,4.69,5.23,4.72,4.72,5.46,6.64,4.8,4.73,5.09,5.08,4.88,5,4.94,5.06,4.81,4.86,5.29,4.99,5.17,4.68,4.91,5.1,5.21,5.65
CHRNA2,5.04,5.12,4.62,4.48,5.15,4.33,4.93,4.49,4.64,4.7,4.86,4.59,4.97,5.81,4.65,4.59,4.64,4.85,4.87,4.6,4.79,4.7,4.79,4.55,4.8,4.74,4.37,4.66,5.04,5.04,4.62,5.12,4.51,4.78,4.72,4.63,5.21,4.69,5.61,4.76,4.55,4.79,4.94,5.57,4.61,4.95,4.59,4.68,4.94,4.95
CHRNA2,4.54,4.45,4.13,4.51,4.52,4.37,5.03,4.64,4.67,4.47,4.79,4.6,4.46,4.71,4.45,4.77,4.47,4.85,4.23,4.68,4.51,4.59,4.44,4.64,4.59,4.49,4.42,4.63,4.64,5.43,4.37,6.39,4.65,4.4,4.38,4.17,4.58,4.66,5.49,4.37,4.63,4.27,4.92,5.14,4.79,4.56,4.48,4.45,4.18,5.81
CHRNA2,5.68,5.97,5.63,5.73,6.13,5.81,5.51,5.53,5.61,5.78,6.05,5.89,5.5,7.09,5.6,5.91,5.37,5.63,5.61,5.56,5.65,6.07,5.69,5.66,5.59,5.41,5.53,5.59,5.97,6.72,5.86,7.4,5.61,5.58,5.73,5.59,5.58,5.68,5.15,5.57,5.72,5.81,5.81,5.8,5.66,5.48,5.46,5.71,5.57,7.01
CHRNA3,3.82,3.66,3.54,3.69,3.48,3.75,3.69,3.56,3.95,3.7,3.51,3.8,3.76,3.83,3.51,3.78,3.58,4.15,3.61,3.62,3.82,3.79,3.63,3.6,3.61,3.65,3.61,3.75,3.53,3.85,3.86,3.7,3.87,3.66,3.79,3.56,3.44,3.55,4.63,3.29,3.68,3.54,3.68,4.01,3.45,3.46,3.57,3.78,3.41,4.23
CHRNA3,4.14,4.11,4.41,4.32,4.69,4.15,4.08,4.26,4.24,4.35,4.66,4.14,4.15,4.27,4.52,4.32,4.51,4.9,4.09,4.2,4.32,4.28,4.44,4.44,4.63,4.2,4.22,4.41,4.14,4.46,7.51,4.86,4.25,4.29,4.44,4.44,4.38,4.48,5.49,4.18,4.54,4,4.16,6.49,4.3,4.27,4.12,4.13,4.07,5.43
CHRNA3,4.57,4.3,4.04,4.56,4.22,4.33,5.1,4.22,4.49,4.43,4.56,4.15,4.21,5.78,4.58,4.52,4.21,4.33,4.63,4.36,4.13,4.43,4.19,4.6,4.47,4.39,4.38,4.24,4.65,4.72,4.3,5.83,4.04,4.2,4.25,4.64,4.42,4.55,5.46,4.12,4.59,4.66,4.96,5.97,4.06,4.37,4.4,4.43,4.07,5.48
CHRNA3,4.72,4.97,4.92,4.68,4.96,5.04,4.48,4.89,4.62,4.76,4.97,4.86,4.82,6.46,4.97,4.84,4.62,4.78,4.74,5.08,4.53,4.67,4.76,4.69,4.68,4.38,4.66,4.79,5.15,5.3,4.84,6.33,4.85,5.01,5.19,4.83,4.47,4.78,4.14,4.39,4.79,4.8,4.88,6.56,4.89,5.16,4.54,4.35,4.4,6.59
CHRNA4,5.21,5.48,5.38,5.6,5.51,5.61,6.49,5.22,5.47,5.49,5.63,5.32,5.57,6.34,5.31,5.4,5.27,5.58,5.4,5.59,5.68,5.58,5.21,5.38,5.1,5.35,5.51,5.7,5.57,5.18,6.38,5.85,5.45,5.48,5.58,5.1,5.24,5.38,5.13,5.31,5.42,5.62,6.19,6.25,4.78,5.62,5.42,5.34,5.31,7.18
CHRNA4,3.91,4.08,3.96,4.34,4.26,4.35,3.96,4.38,4.06,4.21,4.2,4.04,3.73,4.53,4.48,4.54,4.21,4.29,4.34,4.08,4.16,4.18,4.06,4.24,4.2,4.1,4.21,4.36,4.27,3.9,5.06,6.11,4.16,4.15,4.2,4.11,4.56,4.42,4.14,4.17,4.41,4.19,4.58,5.33,4.24,4.3,4.06,4.21,4.01,5.06
CHRNA5,3.98,4.08,4.04,3.97,4.31,3.94,3.91,4,4.11,3.96,4.2,3.8,3.91,4.4,4.16,3.91,4.05,3.83,4.1,4.16,3.59,3.74,3.83,3.74,3.71,3.51,4.28,3.81,4.05,3.78,5.87,3.82,4.16,4.12,4.1,4.18,3.92,4.12,4.09,3.93,4.03,3.88,4.02,4.12,3.85,4.1,4,3.88,3.97,3.84
CHRNA5,7.26,7.01,7.24,7.25,7.08,7.05,6.36,7.19,7.36,7.29,7.32,7.05,6.84,7.31,7.33,7.25,7.19,7.08,7.1,7.27,6.2,6.34,6.01,6.67,6.54,6.55,7.17,7.25,6.99,6.58,6.75,8.41,7.5,7.51,7.52,7.27,7.41,7.18,6.68,7.25,6.79,6.87,6.96,7.06,7.03,7.12,7.19,6.77,6.89,6.91
CHRNA6,5.12,4.79,5.08,4.91,4.57,5.28,5.97,4.55,4.67,5.12,5.24,4.99,4.88,5.4,5.02,4.99,5.35,4.83,5.08,5.18,5.17,5.12,5.2,5.22,5.32,5.1,4.8,4.85,4.97,4.81,5.39,5.2,5.37,5.55,5.39,5.45,5.11,5.28,4.82,4.77,4.93,5.8,4.95,5.29,4.73,4.41,5.06,4.6,5.02,4.77
CHRNA9,3.96,4.06,4.31,4.09,4.16,4.3,4.19,4.43,3.82,3.99,3.94,4,3.89,4.53,4.04,4.2,4.16,3.85,4.09,3.96,4.09,4,3.95,3.96,4.32,4.07,3.98,4.02,4.26,5.16,4.57,5.66,4.09,4.19,4.2,4.22,4.12,4.04,4.84,4.06,4.01,4,3.93,4.2,4.18,4.3,3.9,4.08,3.86,4.94
CHRNB1,6.68,6.87,6.59,6.67,6.86,6.56,7.18,6.33,6.86,6.96,6.86,6.98,6.92,7.29,6.53,6.4,6.38,6.9,6.74,6.61,6.75,6.61,6.93,6.5,6.55,6.58,6.65,6.76,6.9,5.55,7.72,6.9,6.33,6.41,6.21,6.55,6.94,6.5,6.42,6.67,6.72,6.74,6.66,7.41,6.65,6.32,6.7,6.8,6.85,6.93
CHRNB1,5.31,5.38,5.18,5.22,5.5,5.79,4.81,5.32,5.4,5.4,5.3,5.42,5.33,5.2,5.11,4.96,5.09,5.26,5.59,5.25,5.26,5.23,5.48,5.3,5.18,5.39,5.54,5.29,5.33,4.71,6,4.83,4.72,4.79,4.87,5.55,4.98,5.25,4.67,5.64,6,5.39,5.5,5.14,5.85,5.05,5.58,5.47,5.76,4.15
CHRNB1,5.93,5.77,6.19,6.21,5.97,6.12,5.94,5.99,6.08,6.01,5.91,6.34,6.17,6.36,5.78,6.14,5.89,6.25,6.18,6.27,6.19,6.08,5.95,6.12,6.08,6.32,6.02,6.18,5.84,4.61,5.39,5.76,5.92,5.62,5.78,6.12,5.98,6.15,5.33,6.13,5.87,6.14,5.84,5.66,6.16,6.03,6.03,6.56,5.96,6.42
CHRNB1,4.79,5.18,4.78,4.91,4.95,4.6,4.83,5.26,5.01,4.84,5.12,5.13,5.2,5.01,4.67,5.09,4.75,4.67,4.76,4.67,4.93,5.04,5.05,4.95,4.94,4.5,4.62,5.26,4.9,6.96,6.6,4.93,4.52,4.81,4.69,4.64,4.99,4.32,4.52,4.88,4.85,5.39,4.66,5.57,5.05,4.62,5.26,4.89,4.97,4.66
CHRNB2,3.56,3.92,3.67,3.87,3.98,3.86,3.72,3.76,3.8,3.75,3.95,3.98,3.87,4.64,3.73,3.8,3.87,3.72,3.82,3.67,3.74,3.73,3.62,4.07,3.64,3.83,4.04,3.94,4.12,6.01,4.74,4.86,3.77,3.67,3.73,3.76,4.27,4.12,3.79,3.89,3.74,3.92,4.2,3.94,3.98,3.82,3.75,3.65,3.85,4.8
CHRNB2,6,5.71,6.1,5.85,6.52,6.77,6.63,6.26,5.94,5.94,6.08,5.91,5.77,5.95,5.89,6.17,6.05,5.95,6.15,6.02,6.07,6.15,6.12,5.87,6.05,6,6.02,6.16,5.85,6.23,6.68,6.52,6.13,6.08,6.11,5.91,5.95,5.95,6.25,6.22,5.83,6.19,6.45,6.64,6.38,6.2,6.14,6.32,5.96,7.91
CHRNB2,4.8,5.24,5.42,5.29,5.11,5.2,5.71,5.76,5.21,5.22,5.24,5.27,5.19,6.68,4.98,5.3,5.01,5.3,4.91,5.37,5.36,5.25,5.04,5.39,5.12,5.43,5.26,5.29,5.27,4.86,5.23,6.15,5.21,5.19,5.23,5.19,5.31,5,5.8,5.14,5.47,5.53,5.09,5.34,4.88,5.94,5.14,5.41,5.16,5.35
CHRNB3,3.46,3.58,3.87,3.86,3.99,4.12,4.4,3.8,3.91,3.86,4.01,3.87,3.8,4.22,3.72,4.27,4.23,3.65,4.04,4.22,3.71,3.76,3.71,4.15,4.16,3.87,3.62,3.82,3.86,4.72,7.46,4.14,3.77,3.81,3.77,3.96,4.16,3.62,4.99,3.83,3.88,3.76,4.11,4.78,3.86,4.83,3.93,3.65,3.7,5.72
CHRNB4,4.37,4.33,4.59,4.27,4.55,4.55,4.17,4.31,4.46,4.25,4.52,4.45,4.36,4.53,4.22,4.45,4.32,4.46,4.4,4.53,4.39,4.68,4.47,4.77,4.33,4.3,4.4,4.69,4.58,4.95,5.8,4.33,4.21,4.42,4.66,4.09,4.53,4.39,4.59,4.54,4.54,4.36,4.77,4.47,4.7,4.68,4.78,4.44,4.48,4.46
CHRNB4,5.15,4.84,4.83,5,5.21,4.87,5.6,4.81,4.85,5.35,5.02,5.15,5.09,5.4,5.18,5.13,4.76,5.13,5.03,4.84,4.92,5.07,4.87,5.19,4.65,4.95,4.82,4.98,4.96,5.63,6.68,6.39,4.72,5.33,5.13,4.75,5.19,4.86,5.6,4.92,4.69,5.11,5.17,6.27,4.92,4.81,5.02,5.14,4.68,6.02
CHRND,4.43,4.46,4.62,4.91,4.79,4.96,5.09,4.88,4.53,4.94,4.86,4.37,4.98,5.84,4.66,4.7,4.63,4.96,4.66,4.77,4.62,4.84,5.06,4.66,4.78,4.67,4.7,4.73,4.78,4.92,4.1,4.6,4.61,4.44,4.69,4.18,4.63,4.5,4.8,4.44,4.52,4.76,4.68,5.26,4.79,5.11,4.33,4.43,4.46,6.37
CHRND,4.27,4.29,4.25,4.61,4,4.37,4.57,4.36,4.31,4.28,4.3,4.32,4.41,6.81,4.14,4.3,4.37,4.2,4.23,4.36,4.51,4.39,4.4,4.64,4.09,4.2,4.36,4.62,4.32,4.13,5.6,5.16,4.43,4.21,4.48,4.37,4.12,4.49,4.44,4.24,4.35,4.56,4.22,5.38,4.45,4.39,4.18,4.31,4.41,4.6
CHRND,4.55,4.09,4.57,4.5,4.33,5.05,4.4,5.01,4.14,4.34,4.46,4.34,4.15,4.94,4.29,4.37,4.47,4.65,4.78,4.56,4.24,4.42,4.27,4.56,4.63,4.37,4.34,4.56,4.38,4.95,5.59,4.95,4.51,4.31,4.8,4.24,4.63,4.39,5.23,4.32,4.58,4.6,4.55,5.56,4.59,4.94,4.43,4.52,4.16,5.06
CHRND,5.62,5.24,5.55,5.4,5.81,5.73,5.15,5.84,5.32,5.56,5.28,5.47,5.11,6.82,5.44,5.49,5.47,5.26,5.47,5.34,5.54,5.43,5.47,5.55,5.3,5.43,5.33,5.33,5.35,5.45,5.78,6.44,5.21,5.22,5.59,5.26,5.62,5.43,5.35,5.5,5.4,5.52,5.39,5.51,5.66,5.31,5.7,5.57,5.24,7.05
CHRND,4.5,4.66,4.69,4.72,4.78,4.69,4.88,4.49,4.67,4.64,4.71,4.46,4.51,5.93,4.48,4.72,4.52,4.64,4.75,4.86,4.48,4.85,5.08,4.77,4.47,4.63,4.65,4.71,4.66,5.33,4.7,5.06,4.63,4.73,4.63,4.66,4.71,4.64,4.52,4.49,4.44,5.04,5.04,5.9,4.87,4.66,4.79,4.66,4.39,5.96
CHRND,4.5,4.6,4.62,4.71,4.67,5.16,4.63,4.84,4.78,4.77,4.81,4.88,4.9,5.86,4.65,4.88,4.72,4.9,4.7,4.9,4.83,4.97,4.69,4.75,4.46,4.43,4.76,4.73,4.72,4.17,5.51,5.14,4.89,5.03,4.39,4.6,4.57,4.61,4.34,4.87,4.75,5.3,4.7,5.96,4.64,4.45,4.92,4.9,4.78,6.32
CHRNE,4.92,4.82,5.06,4.87,5.28,5.18,5.76,5.34,4.67,4.74,5.24,5.1,4.66,6.44,5.15,4.9,5.24,4.85,5.07,4.91,5.22,5.24,5.1,5.05,5.22,4.93,5.04,5.01,5.54,5.21,6.13,5.94,5.12,4.77,4.95,5.17,4.86,5.13,6.96,5.28,5.67,5.27,5.6,7.24,5.08,5.03,4.93,5.12,5.18,7.61
CHRNG,4.92,4.82,4.69,4.51,4.78,4.95,4.64,4.24,4.52,4.43,5.08,4.89,4.91,5.81,4.67,4.94,4.85,4.7,4.71,4.7,4.87,4.61,4.93,4.52,4.52,4.37,4.15,4.75,4.44,4.94,5.63,5.8,4.59,4.87,4.78,4.27,4.49,4.44,5.13,4.5,4.57,4.58,4.8,6.98,4.62,5.01,4.73,4.59,4.56,6.69
CHRNG,5.32,5.14,5.17,5.08,5.04,5.73,5.3,5.7,5.3,5.16,5.24,5.37,5.2,5.88,5.65,5.35,5.17,5.54,5.3,5.32,5.09,5.4,5.07,5.81,5.22,5.36,5.1,5.65,5.15,4.8,5.57,4.93,5.6,5.35,5.73,5.59,5.61,5.48,5.23,5.5,5.62,5.22,5.39,5.77,5.28,5.09,5.32,4.92,5.45,6.36
CHST1,4.12,4.13,4.17,4.48,4.14,4.21,5.15,4.55,4.02,4.14,4.43,4.22,4.08,4.88,4.19,4.44,4.36,4.06,4.33,4.11,4.36,4.45,4.3,4.44,4.22,3.84,4.08,4.54,4.16,4.13,5.3,6.01,4.26,4.19,4.37,4.65,4.07,4.62,4.23,4.13,4.26,4.06,4.15,4.89,4.49,4.19,4.35,4.01,4.11,5.46
CHST1,4.75,4.61,4.77,4.69,4.8,4.96,5.21,4.69,4.51,4.48,4.64,4.61,4.51,6.2,4.78,5.36,4.73,4.74,4.7,4.53,4.61,4.39,4.54,4.88,4.77,4.73,4.73,4.49,4.71,6.8,5.47,7.65,4.95,4.92,5.01,4.77,5.62,5.06,4.96,4.87,5.08,4.87,4.88,5.61,4.85,4.81,4.42,4.85,4.74,4.79
CHST1,4.48,4.87,4.36,4.78,4.73,4.6,4.55,4.53,4.45,4.73,5.15,4.82,4.62,5.79,4.63,4.46,4.48,4.49,4.71,4.61,4.6,4.67,4.89,4.95,4.66,4.7,4.83,4.97,4.86,4.21,4.66,5.06,4.38,4.48,4.84,4.56,4.51,4.64,4.7,4.94,4.49,4.79,4.69,6.38,5.21,5.11,4.39,5.04,4.63,6.5
CHST10,6.85,6.51,6.81,7.16,7.18,7.1,8.06,7.31,6.97,6.52,7.02,6.52,6.47,7.38,7.02,7.04,6.99,7.04,6.88,6.76,6.78,6.74,6.85,6.83,7,6.9,6.83,7,6.53,7.36,8.04,7.18,6.77,6.88,7.13,7.14,6.99,7.06,4.96,7.06,7.18,7.05,7.12,5.33,6.96,6.68,7.09,7.06,6.93,6.55
CHST10,5.23,5.26,5.48,5.59,4.5,5.31,4.8,5.76,5.8,5.37,5.21,5.24,5.24,5.1,5.62,5.4,5.6,5.24,5.48,5.55,5.27,5.02,5.12,5.32,5.65,5.82,4.97,5.6,5.03,4.59,4.17,5.8,5.55,5.44,5.91,5.42,4.52,5.57,5.34,4.88,5.04,4.83,5.08,4.99,4.87,5.38,5.51,5.13,5.11,4.63
CHST11,4.76,4.77,4.64,4.74,5.08,5.32,4.51,4.89,4.98,4.85,4.68,4.91,4.67,4.94,4.69,4.79,4.57,4.94,4.6,4.88,4.68,4.71,5.11,5.08,4.69,4.82,4.98,4.95,5.25,5.48,4.24,5.03,4.99,4.76,4.93,4.55,4.61,4.67,4.49,5.13,5.04,4.83,5.02,4.45,4.74,4.47,4.57,5.3,5.1,4.64
CHST11,4.15,4.05,4.07,3.82,3.66,4.4,3.3,4.19,4.05,4.12,4.02,3.71,3.71,3.83,3.9,4.17,4.36,4.24,4.42,4.5,4.03,4.33,4.09,4.73,4.15,3.95,3.99,4.04,4.36,4.43,4.06,4.53,4.08,3.78,3.8,4.27,4.11,3.7,5.03,4.14,4.17,4.61,4.29,4.78,4.05,3.93,3.94,4.49,3.76,5
CHST11,5.65,5.72,5.67,5.82,5.79,6.11,4.97,5.53,5.73,5.63,5.88,5.67,5.54,6.74,5.77,5.43,5.42,5.72,5.82,5.88,5.79,6.09,6.09,6.14,5.99,5.73,5.8,6.01,5.82,6.22,5.57,4.62,5.42,5.37,5.47,5.51,5.29,5.22,4.35,6.02,6.25,6.09,5.67,5.22,5.6,5.62,5.48,6.1,5.78,5.79
CHST12,8.21,8.31,8.32,8.34,8.46,8.35,8.15,8.14,8.23,8.3,8.26,8.52,8.09,8.22,8.18,7.86,8.13,8.39,8.37,8.21,8.35,8.51,8.39,8.36,8.33,8.33,8.34,8.32,8.35,7.34,7.93,8.08,7.99,7.99,7.99,8.22,8.03,8.14,8.43,8.28,8.51,8.47,8.63,7.51,8.38,8.3,8.29,8.53,8.36,7.36
CHST13,3.72,3.56,3.67,3.5,3.65,3.54,4.28,3.99,3.51,3.48,3.64,3.64,3.58,3.73,3.56,3.59,3.55,3.64,3.38,3.57,3.67,3.57,3.44,3.31,3.42,3.54,3.7,3.5,3.56,3.58,5.86,3.54,3.63,3.54,3.5,3.54,3.75,3.4,3.95,3.44,3.52,3.51,3.6,3.62,3.82,3.49,4.17,3.48,3.51,3.59
CHST13,4.16,4.28,4.16,4.19,4.04,3.95,4.55,4.3,4,4.15,4.01,4.08,4.07,5.36,4.31,4.35,3.93,3.99,4.08,4.4,3.99,4.16,3.95,4.37,4.17,4.12,3.91,4.15,4,4.01,4.46,4.21,4.1,4.23,4.13,4.08,3.97,4.17,3.9,4.68,4.41,4.54,3.98,4.94,4.54,4.47,4.13,4.08,3.91,3.79
CHST14,7.99,8.08,8.23,8.13,8.31,8.39,7.72,8.07,8.25,8.07,8.44,8.14,8,7.89,8.46,8.35,8.25,8.26,8.05,7.92,7.72,7.97,8,8.21,8.17,8,8.14,8.18,8.22,8.42,7.19,8.28,8.41,8.53,8.54,8.68,8.47,8.49,7.82,8.05,8.18,8.44,8.2,7.61,8.27,7.67,8.06,8.12,8.12,8.94
CHST15,5.04,4.87,4.71,5.12,5.14,5.17,4.56,5.14,4.96,4.84,5.14,5.18,5.04,5.56,5.27,5.07,5.05,5.01,4.65,5.03,5.32,5.36,4.92,5.28,5.18,4.99,5.14,4.77,4.8,5.21,5.9,5.16,5.08,4.91,4.93,5.14,4.71,5.01,5.11,4.85,4.64,4.78,4.89,5.78,4.62,4.87,4.98,4.96,5.09,4.67
CHST15,4.05,4.09,3.75,4.26,3.95,3.74,3.91,4.42,3.93,4.01,4.06,3.89,4.13,4.22,3.94,4.18,4.12,3.81,3.93,3.9,4.17,4.09,4.16,4.33,3.98,4.45,4.11,4.12,3.77,3.59,4.47,5.4,3.88,4.27,4.25,4.12,4.18,4.35,3.79,4,3.7,4.29,4.01,3.82,3.87,4.32,3.78,4.14,3.89,4.03
CHST15,3.87,4.09,3.75,3.97,4.37,4.58,3.76,3.62,3.96,4.04,4.16,4.21,3.86,4.76,4.09,4.58,4.11,3.98,4.18,4.11,4.19,4.28,4.31,4.16,4.22,3.8,4.3,3.96,4.46,3.83,4.03,3.48,4.17,4.4,4.16,4.23,4.01,4.39,4,3.7,4.01,4.11,4.08,4.46,4.02,4.07,4.21,3.81,4.12,5.63
CHST2,9.98,10.21,9.94,9.95,9.75,9.84,9.55,9.82,10.08,9.87,10.2,10.26,10.34,9.33,10,9.94,9.98,9.79,9.84,9.74,10.18,10.17,10.37,9.77,10,9.99,9.84,9.84,10.01,9.31,7.78,8.89,9.66,9.78,9.58,9.86,9.74,9.7,9.88,10.08,10.14,9.79,9.75,8.51,9.5,9.64,9.53,9.94,10.2,7.74
CHST2,10.34,10.62,10.26,10.3,10.22,10.16,10.34,10.04,10.46,10.32,10.49,10.37,10.66,9.51,10.36,10.15,10.24,10.17,10.2,9.99,10.37,10.5,10.7,10.34,10.33,10.36,10.17,10.02,10.45,10.62,9.3,9.86,10.05,10.22,9.87,10.07,10.19,10.14,10.26,10.25,10.5,10.12,10.23,9.47,9.89,9.95,9.9,10.41,10.52,8.87
CHST3,3.56,3.5,3.3,3.6,3.57,3.45,3.82,3.77,3.53,3.43,3.64,3.52,3.4,3.68,3.47,3.62,3.47,3.81,3.56,3.55,3.67,3.49,3.54,3.7,3.65,3.42,3.67,3.65,3.55,3.89,4.51,3.83,3.64,3.47,3.75,3.34,3.47,3.43,3.64,3.35,3.41,3.78,3.79,4.3,3.51,3.58,3.51,3.59,3.4,3.86
CHST3,4.17,3.99,3.91,4.16,4.6,4.1,5.22,4.1,3.79,3.85,4.09,4.17,3.94,4.52,4.11,3.97,4,4.38,3.86,4,3.87,4.01,3.95,3.92,4.5,4,4.01,4.09,4.09,4.73,6.09,5.4,4.22,3.88,4.03,3.94,4.03,4.07,4.4,4.09,3.81,4.28,3.89,5.85,3.89,4.05,4.18,4.11,3.95,4.92
CHST3,4.08,4.42,3.71,4.13,3.54,4.01,4.27,3.6,4.31,3.99,4.08,4.09,4.7,5.05,3.81,3.96,3.66,3.74,3.74,3.77,4.29,4.09,4.13,3.61,3.76,3.97,3.94,4.11,4.45,5.08,3.93,3.5,4.23,3.8,3.72,3.52,3.94,3.74,4.62,3.64,3.66,3.9,3.67,4.24,3.73,3.91,3.98,3.88,3.91,4.37
CHST4,4.62,4.61,4.11,4.91,4.68,4.48,4.61,4.56,4.71,4.45,4.79,4.51,4.67,5.96,4.43,4.66,4.44,4.76,4.66,4.38,4.87,4.88,4.82,4.57,4.6,4.24,4.42,4.98,5.14,4.62,5.8,5.49,4.62,4.37,4.67,4.62,4.46,4.52,4.93,4.34,4.28,4.6,4.23,4.65,4.71,4.49,4.9,5.1,4.59,5.99
CHST4,5.08,4.94,4.95,5.11,4.9,5.02,4.57,5.42,4.92,5.02,5.03,5.26,4.85,5.22,5.26,4.83,5.22,5.44,5.28,5.31,5.14,5.1,5.1,4.72,4.99,5.09,5.14,5.31,4.78,4.81,4.85,5.65,5.29,5.2,5.05,4.94,4.8,5.01,4.9,4.86,4.9,5.39,4.93,4.81,4.92,4.67,5.02,5.25,4.73,6.29
CHST5,4.48,4.69,4.5,4.47,4.78,4.59,5.14,5.09,4.09,4.44,4.41,4.51,4.43,4.51,4.3,4.55,4.43,4.37,4.37,4.49,4.27,4.47,4.25,4.4,4.46,4.45,4.7,4.53,4.6,6.39,5.72,4.49,4.53,4.42,4.33,4.28,4.78,4.3,5.12,4.42,4.64,4.33,4.5,5.51,4.63,4.56,4.64,4.63,4.28,5.56
CHST6,4.26,4.24,4.17,4.34,4.8,4.86,5.61,4.32,4.19,4.18,4.32,4.43,4.36,5.17,4.41,4.51,4.4,4.2,4.28,4.74,4.14,4.52,4.15,4.33,4.13,4.24,4.65,4.26,4.23,5.28,6.41,4.57,4.4,4.61,4.38,4.73,5.01,4.48,5,4.33,3.92,4.25,4.74,5.49,4.86,5.14,4.52,4.6,4.27,5.13
CHST6,3.65,3.65,3.98,3.82,4.12,4.41,5,3.77,3.75,3.91,3.98,3.74,3.91,4.16,4.1,4.65,4.15,3.92,3.55,3.7,4,4.13,4.37,4.45,4.1,4.48,3.97,3.69,3.88,4.84,4.09,4.31,4.01,4.16,4.36,4.22,5.12,4.2,5.87,3.68,3.98,3.91,3.94,4.37,3.93,3.65,4.16,4.08,3.81,4.4
CHST7,5.65,5.69,5.85,5.66,6.05,6.03,5.84,5.89,5.79,5.6,5.78,5.7,5.29,5.84,6.34,5.92,5.83,5.86,5.73,5.7,5.74,5.89,5.67,5.91,5.91,6.02,6.16,5.9,6.02,5.67,5.21,5.74,6.16,6.35,6.24,6.08,6.28,6.11,6.4,6.21,5.99,5.91,5.99,4.56,6.02,5.99,5.68,6.09,5.72,5.63
CHST8,3.9,3.65,3.87,3.58,5.1,3.87,4.64,4,3.61,3.88,3.63,3.83,3.72,4.1,3.84,3.68,3.68,3.88,3.56,3.96,3.74,3.92,3.8,4.16,3.95,3.79,3.92,3.76,3.69,4.45,7.1,4.31,3.54,4.08,4.24,3.68,3.48,3.5,4.74,4.08,4.1,3.81,4.17,4.71,3.73,4.05,4.07,3.65,3.48,4.37
CHST9,3.4,3.58,3.58,3.61,3.5,3.4,4.07,3.46,3.41,3.46,3.48,3.65,3.39,3.8,3.55,3.66,3.54,3.46,3.58,3.39,3.39,3.45,3.43,3.53,3.46,3.52,3.41,3.52,3.44,3.66,4.71,3.97,3.92,3.47,3.8,3.43,3.88,3.45,3.52,3.42,3.39,3.51,3.68,4.78,3.35,4.17,3.47,3.63,3.38,4.01
CHST9,4.43,4.37,4.41,4.53,4.18,4.81,4.61,4.35,4.4,4.44,4.41,4.44,4.57,5.39,4.51,4.45,4.68,4.32,4.23,4.46,4.38,4.54,4.63,4.65,4.85,4.36,5.03,4.43,4.22,4.49,7.98,6.5,4.56,4.47,4.58,4.48,4.34,4.06,4.73,4.36,4.61,4.62,4.46,5.33,4.53,4.36,4.76,4.53,4.28,6.47
CHST9,3.47,3.5,3.44,3.25,3.26,3.43,3.47,3.32,3.46,3.49,3.53,3.37,3.45,4.5,3.5,3.69,3.39,3.35,3.54,3.45,3.41,3.53,3.5,3.46,3.33,3.42,3.62,3.33,3.49,4.31,3.83,4.04,3.66,3.48,3.39,3.5,3.38,3.5,3.74,3.46,3.79,3.56,3.71,3.89,3.6,3.55,3.31,3.46,3.45,5.55
CHSY1,6.95,5.9,6.89,6.56,5.75,5.76,5.93,7.01,6.68,6.9,5.32,6.72,6.36,5.46,6.93,6.97,6.95,6.87,6.76,7.09,6.52,6.76,5.82,6.94,7.17,7.11,6.33,6.91,5.71,6.28,7.1,6.16,6.79,7.01,7.17,6.94,7.01,7.14,4.21,6.73,6.5,5.41,5.92,6.18,6.21,5.89,6.91,6.77,6.43,5.54
CHSY1,7.07,6.57,6.85,6.75,5.31,5.39,6.38,6.88,6.98,7.08,6.39,6.9,6.8,4.74,7.22,7.05,7.02,6.69,6.72,6.89,6.75,6.78,6.2,6.88,7.15,6.93,6.77,6.86,6.04,6.49,6.86,4.91,6.93,7.05,7.06,7.13,6.2,7.07,5.59,6.75,6.56,6.41,6.29,5.09,6.53,5.83,6.93,6.96,6.47,5.62
CHSY1,9.59,9.72,9.63,9.74,9.66,9.73,9.23,9.47,9.73,9.67,9.9,9.72,9.66,9.13,9.81,9.83,9.73,9.61,9.57,9.48,9.62,9.72,9.94,9.7,9.7,9.73,9.54,9.74,9.72,9.45,8.58,8.67,9.7,9.64,9.82,9.81,9.8,9.7,9.41,9.53,9.73,9.75,9.74,9.79,9.46,9.41,9.69,9.7,9.9,9.03
CHSY3,5.4,5.5,5.3,5.52,5.36,5.32,4.9,5.41,5.39,5.19,5.36,5.24,5.26,5.32,5.13,4.89,5.09,5.39,5.59,5.32,4.87,5.02,5.29,5.03,4.99,5.18,5.74,5.42,5.04,5.21,4.4,4.71,5.05,5.27,5.3,5.5,5.26,5.02,4.87,5.65,5.29,5.28,5.47,5.89,4.95,5.36,5.17,5.25,5.2,4.88
CHSY3,5.17,5.33,5.24,4.8,4.96,5.23,4.6,5.09,5.11,5.37,5.14,4.98,5.13,5.59,4.68,4.62,4.5,5.45,5.21,5.34,4.71,4.99,4.71,4.72,4.85,4.61,5.16,5.18,4.94,4.24,4.58,4.33,4.79,5.26,5.11,4.52,4.5,4.84,5.06,5.44,5,5.4,4.95,4.92,4.83,4.62,4.57,5.13,5.04,4.43
CHTF18,9.3,9.36,9.48,9.43,9.7,9.73,9.02,9.66,9.22,9.35,9.75,8.97,8.86,8.3,9.55,9.39,9.52,9.42,9.35,9.35,8.91,8.93,9.22,9.08,9.2,9.02,9.58,9.24,9.71,10.34,7.92,9.27,9.68,9.82,9.69,9.57,9.8,9.68,9.68,9.64,9.6,9.51,9.64,8,9.29,9.01,9.04,9.15,9.54,8.1
CHTF18,4.27,4.45,4.36,4.4,4.52,4.53,3.92,4.73,4.27,3.96,4.49,4.27,4.04,4.81,4.31,4.44,3.95,4.19,3.89,4.25,4.26,4.33,4.32,4.46,4.43,3.94,3.95,4.22,4.65,4.33,5.76,4.39,3.91,4.41,4.29,4.52,4.22,4.08,3.99,4.78,4.15,4.24,4.54,5.12,4.32,4.08,3.78,4.51,4.27,4.68
CHTF8,11.17,11.06,11.18,11.13,11.36,11.32,11.06,11.35,11.03,11.11,11.22,11.11,11.07,10.47,11.27,11.21,11.13,11.32,11.24,11.22,11.12,11.13,11.02,11.03,11.07,11.07,11.2,11.13,11.25,11.37,9.89,11.19,11.37,11.37,11.4,11.21,11.37,11.24,11.38,11.34,11.32,11.36,11.43,10.25,11.25,11.32,11.32,11.18,11.33,11.05
CHUK,7.82,8.09,7.68,7.76,7.63,7.75,8.01,7.5,8.03,7.89,8.11,7.97,8.01,7.4,7.87,7.58,7.77,7.54,7.68,7.73,7.88,7.77,8.07,7.57,7.68,7.7,7.71,7.8,8.05,7.56,6.78,7.82,7.78,7.77,7.87,7.7,7.54,7.5,7.65,7.59,7.87,7.74,7.48,7.29,7.47,7.5,7.56,7.87,8.19,7.85
CHURC1,8.47,8.75,8.52,8.56,8.54,8.83,8.75,8.35,8.62,8.48,8.77,8.55,8.53,7.54,8.9,8.69,8.84,8.78,8.96,8.66,8.84,8.8,8.99,8.8,8.8,8.75,8.74,8.63,8.65,8.45,6.77,7.82,8.18,8.06,8.25,8.77,8.64,8.58,8.77,8.6,8.86,8.82,8.76,7.53,8.85,8.69,8.84,8.57,8.56,7.65
CHURC1,5.8,5.36,5.53,5.97,5.41,5.43,5.6,4.97,5.89,5.76,5.49,5.66,6.26,4.43,5.96,5.97,5.94,5.91,5.96,5.88,6.08,6.26,5.83,5.66,5.54,5.89,5.94,6.09,5.92,6.2,3.44,5.16,5.65,5.5,5.64,5.8,5.54,5.55,5.12,5.81,5.69,5.72,5.68,5.46,6.1,5.8,5.29,5.99,5.85,5.43
CHURC1,8.7,8.58,8.67,8.69,7.96,8.2,7.92,8.27,8.69,8.69,8.51,8.66,8.61,9.16,8.97,8.91,8.76,9.11,9.03,9,8.98,8.99,8.49,8.91,8.94,8.85,8.56,8.55,8.37,6.8,6.68,9.17,8.32,8.53,8.64,8.86,8.68,8.82,7.13,8.31,8.51,8.98,8.75,8.73,8.86,8.55,8.57,8.74,8.48,8.55
CHURC1,4.58,4.22,4.59,4.31,3.51,4.3,4.47,4.3,4.36,4.43,4.22,4.1,4.34,4.69,4.25,4.29,4.4,4.37,4.6,4.6,4.27,4.39,4.29,4.45,4.31,4.87,3.97,4.31,4.14,4.88,5.16,4.57,3.86,4.11,4.22,4.24,4.19,4.4,4.44,4.34,4.39,4.66,4.18,3.49,4.02,4.19,4.25,4.21,4.12,4.09
CIAO1,10.37,10.5,10.36,10.32,10.15,10.18,9.99,10.22,10.34,10.45,10.29,10.37,10.4,9.51,10.48,10.41,10.55,10.36,10.37,10.46,10.33,10.43,10.48,10.35,10.36,10.43,10.26,10.32,10.33,10.3,9.57,9.77,10.08,10.28,10.06,10.38,10.33,10.46,9.74,10.35,10.46,10.63,10.49,9.12,10.25,10.32,10.41,10.43,10.62,9.28
CIAO1,10.07,10.01,10.18,10.11,10.33,10.29,10.03,9.96,10.16,9.98,10.12,10.1,10.1,7.81,9.9,10.03,10.02,10.12,10.14,9.93,10.03,9.94,10.05,9.93,9.89,10.06,10.34,10.1,10.11,9.76,7.08,8.01,10.15,9.97,10.03,9.9,10.07,10,10.09,10.03,10.12,9.91,9.92,7.82,10.18,10.04,10.03,10.1,10.22,8.63
CIAO1,8.72,8.15,8.51,8.35,8.19,8.52,8.54,8.47,8.52,8.58,8.1,8.28,8.4,6.25,8.7,8.63,8.68,8.87,8.77,8.76,8.61,8.52,8.35,8.65,8.56,8.68,8.5,8.5,8.27,6.16,4.98,5.73,8.46,8.37,8.4,8.68,8.55,8.34,8.79,8.54,8.48,8.52,8.46,5.86,8.32,8.31,8.53,8.34,8.21,5.48
CIAO1,9.27,9.06,9.09,9.06,8.83,8.89,8.8,9.16,9.29,9.27,8.7,9.15,9.21,8.13,9.29,9.43,9.33,9.3,9.27,9.44,9.34,9.15,8.72,9.06,9.26,9.29,9.18,9.17,8.81,7.61,5.44,7.73,9.07,9.03,9.04,9.18,8.87,9.06,8.69,9,9.06,8.83,8.8,7.63,9.14,8.88,8.95,9.03,8.88,7.68
CIAPIN1,9.28,8.95,9.27,9.28,9.08,9.3,8.78,9.42,9.51,9.37,9.18,9.29,9.2,7.32,9.44,9.05,9.46,9.31,9.32,9.29,9.31,9.18,9.19,9.27,9.23,9.12,9.26,9.22,9.12,9.21,6.93,6.75,9.37,9.49,9.24,9.49,9.24,9.46,8.52,9.38,9.2,9.03,8.87,7.1,8.95,8.95,8.82,9.31,9.32,7.24
CIAPIN1,9.72,9.5,9.83,9.7,9.89,9.64,9.65,9.79,9.71,9.78,9.55,9.79,9.69,7.85,9.95,9.78,9.88,9.85,9.79,9.73,9.67,9.68,9.5,9.82,9.84,9.73,9.77,9.82,9.72,8.9,5.32,8.52,9.97,9.79,9.92,9.94,9.81,9.94,9.43,9.93,9.67,9.56,9.56,7.87,9.53,9.43,9.49,9.86,9.86,8.14
CIAPIN1,9.47,9.1,9.41,9.42,9.05,9.24,8.62,9.5,9.33,9.42,9.15,9.44,9.33,6.68,9.67,9.55,9.58,9.38,9.49,9.55,9.34,9.37,9.1,9.45,9.5,9.55,9.42,9.48,9.3,8.17,5.75,5.44,9.55,9.57,9.5,9.53,9.37,9.7,8.8,9.35,9.27,9.21,8.87,6.39,9.07,8.98,9.16,9.43,9.51,7.05
CIAPIN1,8.62,8.24,8.59,8.62,8.38,8.46,8.27,8.76,8.66,8.78,8.18,8.6,8.57,6.42,8.81,8.71,8.64,8.78,8.61,8.71,8.64,8.63,7.93,8.69,8.59,8.67,8.55,8.7,8.36,6.96,6.09,6.06,8.8,8.72,8.74,8.7,8.72,8.73,7.66,8.55,8.33,8.26,8.12,4.91,8.53,8.06,8.49,8.62,8.49,5.82
CIAPIN1,5.03,5.13,5.18,5.44,5.17,5.08,4.19,5.04,4.97,5.12,5.43,5.29,5.19,5.75,4.99,4.75,5,5.23,5.1,5.09,5.02,5.71,5.29,5.1,4.89,5.13,4.98,5.18,5.05,5.47,6.48,6.23,5.34,4.95,5.13,4.79,5.34,5.11,6.23,4.93,4.87,5.36,5.11,5.18,4.74,5.19,4.85,4.91,5.08,6.39
CIAPIN1,4.91,4.44,4.8,4.97,4.61,4.97,4.66,5.14,5.09,4.97,4.8,4.84,4.74,4.81,5,5.04,4.89,5.06,4.99,5.32,4.96,4.99,4.68,5.29,5.02,5.17,4.97,4.67,4.47,5.95,5.12,5.68,5,4.96,4.96,5.2,5.31,4.82,5.3,5.04,4.75,4.62,4.9,4.75,4.62,5.06,4.85,5.16,4.56,5.75
CIB1,11.15,11.29,11.32,11.27,11.58,11.35,11.42,11.31,11.29,11.23,11.31,11.33,11.12,11.44,11.43,11.51,11.58,11.39,11.41,11.35,11.4,11.25,11.43,11.33,11.38,11.4,11.4,11.31,11.56,11.4,10.48,11.28,11.35,11.35,11.43,11.5,11.56,11.42,11.39,11.35,11.35,11.34,11.45,11.76,11.5,11.51,11.5,11.39,11.35,11.69
CIB2,5.51,5.32,5.77,5.32,5.56,6,5.54,5.13,5.02,5.53,5.67,5.38,5.35,6.06,5.28,5.37,5.15,5.56,5.21,5.54,5.41,5.66,5.47,5.32,5.58,5.33,5.24,5.71,5.63,5.99,7.87,7.02,5.42,5.58,5.71,5.61,5.4,5.46,6.27,5.16,5.34,5.8,5.49,5.46,5.88,5.4,5.58,5.1,5.2,6.15
CIB2,4.67,4.81,4.85,4.97,4.78,4.76,4.68,4.91,4.78,4.97,4.84,5.08,4.93,4.94,4.76,5.22,4.97,4.68,4.93,4.98,4.93,5.1,4.91,4.73,4.82,4.9,5.06,4.63,4.97,4.69,5.69,6.82,5.04,5.24,4.93,4.63,4.77,4.72,5.07,4.95,4.73,4.84,4.8,4.8,4.94,4.78,4.76,4.88,4.77,5.28
CIB2,3.97,4.12,4.08,4.28,4.2,4.62,3.9,4.27,4.25,3.98,4.43,4.2,4.07,5.54,4.22,4.12,4.09,4.31,4.04,4.4,4.43,4.23,3.98,4.26,4.62,3.93,3.93,4.54,4.62,4.28,5.15,5.12,4.74,4.27,4.29,4.07,4.66,4.08,4.78,4.43,4.05,4.28,3.94,5.87,4.24,4.57,4.41,4.4,4.07,4.16
CIB3,4.75,5.07,4.83,4.55,4.68,4.46,4.07,4.64,4.75,4.68,4.54,4.81,4.75,4.95,4.69,4.55,5.04,4.48,4.54,4.68,4.49,4.8,4.8,4.51,4.46,4.45,4.75,4.62,4.83,4.61,4.76,5.42,4.66,4.9,4.95,4.45,4.65,4.6,3.88,4.43,4.66,4.36,4.64,3.99,4.38,4.66,4.29,4.67,4.9,4.81
CIB4,3.78,3.85,4,3.87,4.26,4.09,3.89,3.81,3.77,4.07,4.17,3.7,3.74,5.21,3.82,3.71,3.86,3.8,3.99,3.98,3.64,3.88,3.98,3.59,4.17,3.97,3.95,4.24,4.47,4.09,6.36,5.04,3.87,3.84,3.87,3.71,3.93,3.74,3.69,3.91,4.04,4.19,3.93,6.08,3.69,3.9,3.61,3.87,3.94,6.32
CIC,8.32,8.39,8.51,8.5,8.99,8.82,9.07,8.66,8.2,8.38,8.79,8.36,8.31,9.16,8.54,8.62,8.54,8.33,8.37,8.14,8.34,8.44,8.73,8.67,8.53,8.38,8.49,8.33,8.94,7.65,8.44,9.13,8.68,8.51,8.58,8.79,8.78,8.67,8.56,8.73,8.6,8.74,8.98,9.16,8.14,8.44,8.5,8.53,8.91,9.07
CIDEA,4,4.26,4.26,4.25,4.64,4.45,4.04,4.01,4.25,4.48,4.31,4.31,4.27,5.02,3.97,4.42,3.99,4.31,4.29,4.01,4.12,4.23,4.12,4.3,4.31,4.22,4.01,4.53,4.07,4.15,5.02,5.43,4.23,4.3,4.43,4.06,4.07,4.01,4.19,4.35,4.02,4.21,4.45,4.63,4.62,4.78,4.05,4.31,4.04,5.6
CIDEB,8.17,7.98,8.51,8.39,8.77,8.6,8.7,8.66,8.2,8.25,8.21,7.93,7.78,7.62,7.85,7.98,8.06,8.32,8.29,8.32,7.3,7.1,7.22,7.65,7.75,7.74,8.51,8.14,8.32,8.59,7.2,8.02,7.78,8.02,8.05,8.15,8.12,8.08,7.98,8.04,8.12,8.37,8.42,6.69,7.98,8.05,8.01,7.95,8.13,7.64
CIDEB,9.28,9.17,9.49,9.5,9.74,9.71,9.31,9.48,9.37,9.38,9.31,9.2,9.04,8.55,9.1,8.97,9.02,9.43,9.41,9.32,8.47,8.23,8.28,8.72,8.77,8.69,9.49,9.42,9.33,9.04,9.51,9.15,9.05,9.08,9.25,9.06,9.16,9.25,9.16,9.07,9.09,9.35,9.26,8.67,9.16,9.1,9.02,9.1,9.02,8.55
CIDEC,3.96,4.35,4.45,4.21,4.62,4.62,4.39,4.7,4.14,4.51,4.36,4.36,4.27,5.16,4.44,4.32,4.14,4.76,4.36,4.8,4.14,4.28,4.37,4.26,4.55,4.46,4.19,4.44,4.2,4.48,6.7,5.19,4.46,4.6,4.46,4.31,4.36,4.47,5.18,4.57,4.22,4.29,4.49,4.6,5.04,5.06,4.87,4.18,4.29,4.9
CIDEC,4.05,4.06,4.25,4.2,4.47,4.23,4.42,4.75,3.96,4.2,4.06,4.02,4.15,4.9,4.15,4.34,4.2,4.22,4.29,4.38,4.27,4.3,4.11,4.5,4.52,4.3,4.79,4.22,4.12,4.3,6.14,4.72,4.28,4.46,4.13,4.26,4.43,4.32,4.92,3.97,4.43,4.4,4.35,5.83,4.29,4.29,4.41,4.37,4.1,5.96
CIDEC,4.44,4.48,4.83,4.62,5.29,5.22,4.46,5.1,4.39,4.38,4.7,4.57,4.48,5.32,4.48,4.52,4.49,4.69,4.52,4.66,4.91,4.25,4.52,4.55,4.88,4.6,4.3,4.54,4.58,5.51,4.79,6.24,4.6,4.5,4.45,4.38,4.81,4.64,4.94,4.5,4.43,4.95,4.93,5.51,4.84,4.92,4.82,4.48,4.51,4.94
CIDEC,4.05,4.22,4.14,4.13,4.73,4.93,4.3,5.24,3.85,4.22,4.29,4.37,4.27,4.77,4.56,4.46,4.21,4.01,4.33,4.55,4.42,3.99,4.44,4.21,4.85,4.27,4.37,4.26,4.5,5.97,7.64,7.44,4.22,4.21,4.36,4.34,5.69,4.38,5.03,4.56,4.47,4.29,4.96,4.85,4.35,4.57,4.41,4.57,4.72,5.19
CIDEC,4.47,4.56,4.81,4.48,4.4,4.67,4.54,4.58,4.73,4.77,4.15,4.57,4.61,5.06,4.62,4.37,4.41,4.63,4.68,4.2,4.54,4.78,4.66,4.61,4.4,4.45,5.05,4.33,4.21,4.36,3.92,6.97,4.64,4.5,4.5,4.8,4.45,4.42,3.89,4.97,4.47,4.24,4.49,4.04,4.44,3.98,4.42,4.65,4.55,3.85
CIDEC,5.23,5.05,5.29,5.28,4.9,5.17,4.4,4.81,5.27,5.37,5.44,5.34,5.16,5.05,5.33,4.92,5.59,5.02,5.33,5.07,5.4,5.54,5.39,5.5,5.26,5.08,5.39,5.31,4.76,5.53,4.66,5.2,4.92,5.1,5.27,5.37,5.28,5.13,5.04,5.72,5.87,4.81,4.85,4.63,5.24,4.75,5.37,5.73,5.24,5.04
CIDEC,5.3,5.36,5.16,5.34,5.23,5.5,4.92,5.49,5.62,5.36,5.6,5.34,5.42,5.25,5.73,5.48,5.56,5.16,4.82,4.93,5.73,5.49,5.87,5.37,5.57,5.35,5.17,5.37,5.42,5.26,5.76,5.65,5.64,5.59,5.65,5.57,5.44,5.43,5.15,5.05,5.49,5.26,5.36,5.35,5.17,4.8,5.17,5.48,5.25,5.56
CIITA,6.4,6.47,6.98,6.73,7.3,6.73,7.45,6.04,6.85,6.91,6.73,6.69,6.62,5.75,6.78,6.55,6.46,7.07,7.09,6.92,5.78,6.15,6.3,6.11,5.98,6.2,6.78,6.74,7.04,8.34,7.15,6.56,6.19,6.61,6.63,6.91,7.2,6.93,5.54,6.29,6.42,6.8,6.81,5.85,6.05,5.92,6.08,6.67,6.53,5.93
CIITA,5.1,5.27,5.89,5.22,5.8,5.62,5.89,6.11,5.27,5.19,5.51,5.28,4.93,5.28,5.51,4.97,5.2,5.76,5.4,6.24,5.34,5.14,5.14,5.12,5.13,5.22,5.36,5.47,5.7,5.73,5.52,7.13,5.09,5.29,5.33,5.22,5.89,5.91,5.2,5.83,5.21,5.51,5.13,7.38,5.02,4.73,4.93,5.47,5.48,5.79
CIITA,5.31,5.04,5.04,5.65,5.28,5.09,5.36,5.22,5.36,5.29,5.32,5.16,5.09,5.58,5.26,5.08,5.42,5.47,5.29,5.31,5.13,5.25,4.91,4.86,5.14,5.08,5.54,5.52,4.99,4.45,4.86,5.92,5.31,5.15,5.53,5.06,5.46,5.15,4.72,5.02,5.16,5,5.39,5.24,5.24,5.03,4.99,5.33,5.21,5.34
CIITA,3.56,3.75,3.44,3.86,3.73,3.6,4.64,4.18,3.73,3.59,3.73,3.76,3.59,4.4,3.97,3.7,3.56,3.54,4.01,3.75,3.44,3.72,3.66,3.82,3.73,3.45,4.19,3.47,3.23,4.11,6.26,3.98,3.56,3.69,3.72,3.39,4.03,3.8,5.13,3.61,3.87,3.72,3.74,4.62,3.41,3.76,4.11,3.79,3.69,4.48
CILP,4.36,4.29,4.43,4.54,4.58,4.11,4.87,4.3,4.31,4.47,4.83,4.42,4.34,5.35,4.68,4.99,4.33,4.41,4.24,4.38,4.08,4.33,4.29,4.2,4.26,4.36,4.28,4.55,4.09,5.75,4.26,4.37,4.3,4.31,4.28,4.16,4.18,4.46,4.21,4.14,4.35,4.22,5.09,4.67,4.14,4.08,4.33,4.13,4.13,4.75
CILP2,4.29,4.08,4.24,4.53,4.13,4.78,4.55,4.7,4.43,4.5,4.63,4.29,4.25,5.26,4.57,4.84,4.22,4.58,4.3,4.43,4.36,4.31,4.45,4.7,4.59,4.57,4.41,4.43,4.5,4.9,6.2,7.99,4.09,4.13,4.43,4.42,4.5,4.67,5.1,4.56,4.27,4.84,4.64,4.93,4.42,4.17,4.43,4.23,4.42,4.81
CINP,9.32,9.22,9.53,9.36,9.54,9.66,9.01,9.47,9.29,9.31,9.08,9.37,9.17,6.95,9.27,9.18,9.37,9.65,9.69,9.57,9.66,9.43,9.24,9.31,9.34,9.35,9.47,9.38,9.35,8.51,7.7,7.26,9.1,9.2,9.18,9.33,9.31,9.48,9.33,9.54,9.47,9.09,9.07,6.38,9.52,9.29,9.3,9.31,9.38,7.77
CIR1,6.47,6.51,6.97,6.72,7.22,6.91,7.07,6.57,6.64,6.84,6.73,6.45,6.81,6.48,6.91,7,7.2,7.26,6.92,7.07,7.23,6.48,7.06,6.95,6.89,7.18,7.01,6.44,6.82,6.69,5.72,5.27,7.34,7.05,6.88,7.03,7.66,7.02,6.85,7.04,6.91,6.96,7.16,6.72,7.2,6.84,6.9,7.03,7.02,4.72
CIRBP,11.71,11.43,11.74,11.73,11.53,11.51,11.5,11.8,11.71,11.8,11.34,11.61,11.65,11.59,11.66,11.62,11.69,11.64,11.73,11.72,11.69,11.73,11.41,11.74,11.72,11.74,11.72,11.8,11.55,11.07,11.67,11.84,11.45,11.56,11.59,11.59,11.51,11.87,11.32,11.7,11.62,11.75,11.63,11.71,11.68,11.56,11.7,11.78,11.68,11.79
CIRBP,10.57,10.36,10.7,10.69,10.59,10.58,10.5,10.58,10.69,10.67,10.5,10.53,10.57,10.3,10.52,10.47,10.65,10.59,10.7,10.61,10.52,10.6,10.6,10.74,10.69,10.64,10.66,10.69,10.55,10.37,9.93,10.26,10.39,10.5,10.45,10.54,10.43,10.65,10.44,10.68,10.6,10.73,10.71,10.4,10.74,10.55,10.65,10.66,10.67,9.96
CIRBP,7.3,6.25,7.22,7.2,6.08,6.51,5.75,7.11,7.17,7.28,6.28,6.92,6.9,6.89,7.14,6.69,7.06,7,7,7.24,6.99,7,6.35,7.09,7.13,7.12,7.06,7.13,6.57,5.59,4.78,6.37,7.09,7.08,6.87,7.12,6.61,7.34,6.06,6.84,6.71,6.93,6.59,5.81,6.96,6.78,6.9,6.88,6.77,6.15
CIRH1A,10.24,10.2,10.28,10.21,10.31,10.19,10.31,10.21,10.29,10.23,10.14,10.11,10.18,8.73,10.22,10.1,10.22,10.2,10.17,10.02,9.94,9.97,9.7,10,9.95,9.99,10.31,10.29,10.25,9.88,6.3,8.83,10.36,10.37,10.39,10.16,10.19,10.25,10.05,10.3,10.13,9.97,10,8.38,10.28,10.25,10.34,10.27,10.35,9.32
CISD1,9.91,10.06,10.08,9.96,9.99,9.81,9.45,10.08,10.09,9.99,9.99,10.1,10.1,8.09,9.54,9.48,9.68,9.98,10.02,9.88,9.52,9.58,9.42,9.46,9.56,9.58,9.96,10.04,10.05,10.28,7.97,7.75,9.64,9.67,9.55,9.65,9.6,9.78,9.62,9.86,9.79,9.66,9.66,8.81,9.95,9.74,9.79,9.96,10,8.5
CISD1,5.13,6.16,5.44,4.88,5.08,4.9,5.1,4.79,5.41,5.24,5.16,5.41,5.54,5.54,4.82,4.93,5.07,5.05,5.08,5.33,5.33,4.92,5.01,4.53,4.46,4.91,5.47,4.92,5.31,5.79,5.52,5.51,5.04,4.9,4.8,5.09,4.62,4.64,5.32,4.5,4.93,4.85,5.49,4.73,4.68,4.99,4.58,4.76,5.33,4.71
CISD2,11.34,11.41,11.38,11.38,11.09,11.19,11.28,11.4,11.35,11.48,11.11,11.38,11.29,11.58,10.86,10.87,10.83,11.17,11.29,11.23,10.91,10.84,10.59,10.75,10.78,10.87,11.4,11.41,11.29,10.81,10.38,10.92,10.8,10.79,10.7,10.73,10.78,10.93,11.12,11.28,11.29,10.82,10.82,11.05,11.34,11.14,11.34,11.3,11.1,11.08
CISD2,9.92,10.04,10.07,10.01,10.16,10.07,10,10.09,9.97,10.03,9.98,9.77,9.87,8.06,9.64,9.53,9.69,10.01,10.02,9.77,9.54,9.38,9.48,9.59,9.52,9.5,10.05,9.82,9.9,10.13,7.37,9.57,9.43,9.37,9.37,9.57,9.76,9.62,9.89,9.93,9.83,9.62,9.75,8.33,10.2,9.99,10.03,9.85,9.88,8.99
CISD3,4.71,4.65,4.71,4.93,5.44,4.93,4.82,5.28,4.92,4.81,4.87,4.9,4.51,6.27,4.72,4.83,4.51,5.02,4.91,4.79,4.79,4.79,4.76,4.97,4.74,4.91,4.9,5.05,5.28,4.48,6.83,5.15,4.71,4.82,4.81,4.81,5.13,4.67,4.94,5.03,4.9,5.05,5.01,5.91,5.03,4.56,5.04,4.99,4.74,6.23
CISD3,6.99,7.25,7.2,7.25,7.71,7.65,6.47,7.14,7.07,7.13,7.18,7.12,7.08,7.11,6.45,6.55,6.65,7.56,7.44,7.28,6.38,6.52,6.7,6.8,6.64,6.75,7.05,7.11,7.17,5.83,7.61,6.33,6.73,6.68,6.73,6.58,6.37,6.81,6.08,7.02,7.56,7.41,7.21,5.1,7.06,7.27,6.95,7.3,7.26,6.73
CISH,5.16,5.22,5.24,5.3,5.47,5.45,5.29,5.44,5.2,5.12,5.2,5.47,4.99,5.43,5.11,4.92,5.01,5.42,5.3,5.25,5.38,5.23,5.21,4.98,5.12,5.15,5.55,5.21,5.2,5.33,6.5,5.41,5.66,5.61,5.25,5.17,5.47,5.21,4.79,5.48,5.49,5.08,5.35,5.3,5.16,4.89,5.31,5.32,5.3,6.54
CIT,7.62,7.7,7.61,7.78,7.62,7.64,7.13,7.9,7.68,7.63,8.08,7.36,7.14,7.62,7.73,7.81,7.61,7.47,7.58,7.64,7.09,7.07,7.2,7.07,7.22,7.08,7.67,7.73,7.9,7.18,8.16,7.61,7.75,7.82,7.94,7.94,7.78,7.64,7.04,7.83,7.77,7.67,7.51,6.95,7.02,7.1,7.23,7.61,7.65,7.06
CIT,4.1,4.37,4.02,4.23,3.97,4.01,4.07,3.63,3.84,4.22,4.29,3.77,3.92,5.29,4.15,3.65,3.96,4.01,4.24,4.03,3.73,4.18,4.25,4.07,4.25,3.81,3.83,4.21,4.02,4.91,5.9,3.82,3.81,3.99,4.18,3.92,4.07,4.01,3.57,3.86,3.84,3.72,4.27,4.43,3.84,4.75,4.04,4,4.02,4.61
CITED1,4.82,4.52,4.74,4.83,4.69,4.78,4.79,4.54,4.61,4.64,4.8,4.91,4.69,4.7,4.68,4.54,4.57,4.77,4.61,4.72,4.66,4.72,4.76,4.82,4.87,4.42,4.7,4.76,4.58,4.75,5.17,5.53,4.75,4.81,4.66,4.97,4.75,4.82,5.4,4.74,5.14,4.6,4.47,4.84,4.73,4.63,4.82,4.77,4.56,4.88
CITED2,9.22,9.42,9.28,9.38,9.07,9.24,8.29,9.16,9.49,9.32,9.33,9.57,9.68,8.9,10.21,10.01,9.96,9.4,9.4,9.23,9.98,10.02,10.12,10.03,10.01,10.1,9.32,9.27,9.14,8.52,6.2,7.76,10.1,10.14,10.06,10.25,10.25,10.27,9.45,9.29,9.4,9.14,8.84,8.67,8.97,9.05,9.05,9.48,9.51,9.21
CITED2,6.66,6.31,6.54,6.55,5.87,6.32,5.75,6.28,6.54,6.5,5.75,6.74,6.85,5.88,7.29,7.12,7.29,6.71,6.44,6.69,7.17,7.24,6.9,7.47,7.43,7.61,6.44,6.63,6.29,5.6,4.95,6.13,7.34,7.2,7.31,7.38,7.13,7.68,6.05,6.5,6.37,6.19,5.95,5.86,6.34,5.84,6.37,6.58,6.48,5
CITED4,5.07,4.48,4.56,4.72,5.05,5.18,5.14,4.82,4.52,4.64,4.45,4.43,4.44,5.19,4.88,4.84,4.57,4.26,4.46,4.5,4.68,4.81,4.75,4.68,4.55,4.42,4.87,4.58,4.88,5.76,7.05,6.15,4.41,4.4,4.63,4.37,4.48,4.29,5.82,5.02,4.34,4.89,4.58,5.63,4.49,4.63,4.89,4.78,4.71,4.43
CIZ1,9.21,9.28,9.39,9.29,9.43,9.62,9.17,9.45,9.09,9.24,9.44,9.28,9.16,7.64,9.06,9.17,9.08,9.12,9.02,9.02,9.3,9.19,9.46,9.16,9.14,9.11,9.32,9.1,9.43,9.26,8.16,8.4,9.15,9.09,9.08,9.22,9.29,9.23,9.38,9.4,9.51,9.71,9.82,8.52,9.1,9.33,9.32,9.26,9.46,7.81
CIZ1,8.72,8.86,9.01,8.82,9.23,8.77,9.21,9.21,8.65,8.82,8.93,8.64,8.61,7.37,8.52,8.84,8.72,8.66,8.58,8.5,8.87,8.67,8.96,8.79,8.68,8.68,8.83,8.66,8.94,8.09,6.8,6.85,8.63,8.65,8.65,8.86,9,8.88,9.18,9.07,9.16,9.39,9.34,7.94,8.8,8.95,8.94,8.86,9.12,6.09
CKAP2,9.77,9.76,9.51,9.6,9.15,9.35,9.23,9.63,9.68,9.76,9.36,9.68,9.56,8.19,10.05,9.87,9.92,9.54,9.63,9.81,9.34,9.22,9.18,9.66,9.47,9.65,9.5,9.57,9.09,8.69,6.33,7.95,10.71,10.56,10.54,9.85,9.62,10.04,9.24,9.67,9.41,8.81,8.75,7.66,8.97,8.72,9,9.47,9.54,8.72
CKAP2,8.49,8.77,8.34,8.38,8.1,8.29,7.65,8.21,8.81,8.58,8.68,8.42,8.83,8.12,8.71,8.4,8.76,8.31,8.41,8.55,8.17,8.2,8.35,8.27,8.12,8.4,8.4,8.47,8.46,7.72,7.64,7.49,8.98,9.15,8.8,8.69,8.5,8.58,8.37,8.39,8.4,7.65,7.84,7.35,7.89,7.54,7.67,8.49,8.7,7.37
CKAP2,6.1,5.87,5.92,5.99,4.97,5.03,5.38,5.62,6.14,5.95,5.14,5.94,6.2,5.06,6.16,6.11,6.23,5.83,5.81,6.02,5.25,5.28,5.42,5.54,5.37,5.76,5.74,5.83,5.13,5.72,5.79,5.82,6.73,6.84,6.76,5.95,5.61,5.57,4.66,5.56,5.34,4.6,4.77,4.71,5.18,5.01,4.84,5.75,5.96,4.69
CKAP2,9.07,8.89,8.83,8.93,8.55,8.06,6.68,9.05,8.96,9.08,8.8,8.95,8.92,7.37,9.31,9.18,9.29,9,8.96,9.16,8.49,8.56,8.35,8.9,8.98,8.84,8.82,8.83,8.58,5.95,5.84,6.94,9.78,9.97,9.93,9.18,8.77,9.33,7.88,8.96,8.73,8.17,8.1,5.86,7.97,7.74,8.33,8.8,8.75,7.6
CKAP2,6.29,6.28,6.01,6.14,5.47,5.82,6.31,5.82,6.35,6.23,5.98,5.84,6.3,5.07,6.43,6.38,6.6,6.26,6.45,6.27,5.71,5.42,5.73,6.46,6.1,6.06,6.01,6.2,5.75,4.91,4.97,4.19,7.23,7.33,7.23,6.43,5.96,6.46,5.65,5.93,5.81,5.49,5.02,4.99,6.03,5.35,5.58,6.35,6.2,5.41
CKAP2L,8.6,8.35,8.58,8.43,8.04,8.56,8.68,8.51,8.54,8.56,8.46,8.15,7.89,7.38,8.5,8.46,8.48,8.78,8.74,8.79,7.3,7.36,7.01,7.68,7.64,7.54,8.42,8.63,8.5,7.2,7.72,6.75,9.39,9.26,9.46,8.58,8.36,8.54,8.35,8.64,8.32,8.13,7.77,7.5,7.6,7.32,7.68,8.43,8.3,6.64
CKAP2L,7.66,7.39,7.4,7.71,7.21,7.23,6.49,7.52,7.61,7.67,7.12,7.28,7.39,7.45,7.7,7.53,7.42,7.65,7.66,7.84,6.25,6.61,6.17,6.92,6.95,6.46,7.36,7.67,7.1,5.4,5.25,6.77,8.34,8.31,8.28,7.66,7.5,7.68,6.61,7.32,7.33,6.67,6.81,6.18,6.67,6.32,6.78,7.26,7.27,6.94
CKAP4,8.35,8.29,8.21,8.48,8.34,8.51,7.92,8.42,8.42,8.51,8.55,8.21,7.88,8.15,7.72,7.78,7.76,7.88,8.01,7.72,8.04,8.21,7.91,7.78,7.76,7.64,8.59,8.41,8.3,7.66,6.92,8.68,8.32,8.3,8.44,8.22,8.04,7.97,6.92,8.29,8.04,8.77,8.37,8.2,8.63,8.63,8.64,7.9,8.16,8.22
CKAP4,7.07,6.96,6.76,7.22,6.87,6.95,6.49,7.29,7.02,7.36,7.06,6.94,6.61,6.14,6.82,6.67,6.57,7.02,6.84,6.65,6.5,6.93,6.77,6.56,6.64,6.65,7.24,7.22,6.99,6.23,7.62,6.41,7.23,6.8,7.14,7.06,6.59,6.62,6.83,6.74,6.82,7.39,7.16,7.47,7.16,7.01,7.44,6.75,6.78,7.19
CKAP5,8.79,8.94,8.69,8.77,8.78,8.83,8.72,8.84,8.72,8.88,8.91,8.67,8.7,6.88,8.75,8.65,8.55,8.63,8.77,8.8,8.34,8.47,8.37,8.4,8.52,8.26,8.87,8.85,8.86,8.94,6.62,6.48,8.89,8.94,8.79,8.73,8.75,8.65,8.76,8.85,8.86,8.74,8.68,7.39,8.24,8.12,8.34,8.83,8.92,7.48
CKAP5,9.7,9.5,9.45,9.58,9.31,9.38,9.66,9.67,9.5,9.62,9.3,9.46,9.45,7.1,9.45,9.48,9.47,9.57,9.61,9.59,9.23,9.22,8.98,9.17,9.2,9.25,9.59,9.53,9.42,8.97,8.59,6.72,9.79,9.83,9.73,9.45,9.28,9.37,9.59,9.61,9.56,9.53,9.35,7.31,9.06,9.1,9.1,9.46,9.55,6.65
CKB,5.73,5.76,5.8,5.77,5.37,5.82,5.92,6.62,5.99,5.83,5.76,5.61,5.73,5.86,6.09,6.07,6.35,5.61,5.8,5.86,6.91,6.75,6.79,6.81,6.79,6.58,6.14,5.91,6.09,6.71,4.78,5.83,6.48,6.69,6.53,6.68,6.76,6.61,6.76,5.99,5.85,5.96,6.46,6.72,6.18,5.63,6.1,6.1,5.97,5.88
CKLF,10,10.13,9.93,9.92,9.89,9.81,10.17,9.83,10.16,9.96,10.19,9.89,9.9,9.24,9.63,9.52,9.47,10.14,10.27,10.22,9.14,9.09,9.16,9.19,9.31,9.28,9.96,9.89,10.17,10.05,8.88,9.35,9.66,9.72,9.53,9.72,9.54,9.41,9.76,9.97,10.01,9.65,9.63,9.97,10.1,10.06,9.94,9.91,9.96,9.02
CKLF,9.79,9.88,9.78,9.76,9.79,9.74,9.68,9.61,9.79,9.82,9.68,9.56,9.57,7.31,9.3,9.36,9.32,9.83,10.06,9.92,8.94,8.82,8.99,8.97,8.99,9.11,9.76,9.64,9.74,9.36,8.33,8.34,9.4,9.37,9.43,9.56,9.32,9.49,9.42,9.7,9.65,9.49,9.55,6.94,9.81,9.69,9.74,9.54,9.44,7.42
CKLF /// CMTM1,5.65,5.13,5.29,4.81,4.51,4.78,5.94,5.27,5.59,5.54,5.22,4.75,4.91,4.82,5.34,4.8,4.93,5.21,4.78,5.57,4.86,4.54,4.87,5.29,4.73,4.9,4.65,5.4,4.81,4.38,5.58,5.81,4.57,4.84,4.91,5.47,4.99,4.73,5.21,4.76,5.31,4.65,4.77,4.78,4.7,4.63,5.22,4.59,4.03,3.94
CKM,4.49,4.39,4.64,4.73,4.53,4.76,4.46,4.51,4.31,4.57,4.47,4.51,4.56,5.18,4.5,4.59,4.55,4.86,4.75,4.54,4.43,4.58,4.61,4.79,4.3,4.62,4.61,4.92,4.55,4.47,6.41,5.76,4.51,4.49,4.56,4.4,4.81,4.76,4.53,4.64,4.57,4.83,4.48,6.52,4.34,5.55,4.4,4.68,4.6,5.64
CKM,4.5,4.08,4.16,4.3,4.53,4.03,4.09,4.02,4.13,4.16,4.07,4.09,4.17,4.79,3.99,4.02,4.18,4.26,4.15,3.9,4.63,4.21,4.16,4.12,3.97,4.5,4.29,4.15,4.17,4.31,5.07,4.44,4.48,4.23,4.06,4.23,4.54,4.06,5.1,4.17,4.28,4.28,3.96,4.7,4.06,4.07,4.32,4.1,4.12,5
CKMT1A /// CKMT1B,6.03,5.8,5.71,5.92,6.8,6.28,6.03,6.1,5.96,5.79,5.99,6.05,6.04,6.33,5.97,6.15,5.9,6.08,5.89,5.85,5.81,6.19,5.89,5.8,5.85,5.86,5.79,5.99,6.24,6.98,6.09,7.01,5.91,5.83,5.91,5.81,6.17,5.81,6.29,6.03,6.34,5.8,6.02,6.44,6.07,6.73,6.23,6.22,5.84,7.37
CKMT1A /// CKMT1B /// LOC100292542,4.23,4,4.02,3.84,4.32,4.28,4.29,3.77,3.62,4.12,3.78,4.04,3.89,4.13,4.25,3.91,3.99,4.07,3.63,3.85,4.28,4,3.72,4,3.94,4.22,4.45,3.98,3.76,4.55,4.78,4.87,4.12,3.74,4.01,3.77,4.46,3.89,4.48,3.96,3.85,4.4,4.06,4.2,3.89,3.83,4,3.88,3.95,4.5
CKMT1B,4.52,4.47,3.98,4.4,4.26,3.82,3.71,3.96,4.33,4.28,4.09,4.47,4.74,4.8,4.05,3.91,4.04,4.28,4.2,4.17,4.61,4.69,4.2,4.1,4.06,3.96,4.32,4.29,4.66,4.3,4.92,4.96,4.4,4.06,4.49,3.9,4.05,3.74,3.82,3.9,3.74,4.26,4.27,4.17,4.11,3.86,3.65,4.07,4.1,3.85
CKMT1B,4.15,4.25,4.02,4.17,4.67,3.87,3.79,3.65,3.93,3.81,4.46,4.31,4.55,4.67,4.12,4.25,3.86,4.1,4.08,3.82,4.45,4.48,4.42,4.02,4.37,3.92,4.06,4,4.7,4.24,5.99,3.62,4.16,4.18,4.36,3.86,4.09,3.87,4.64,3.85,4.12,4.4,3.94,4.92,4.13,4.28,4.08,3.75,4,4.42
CKMT1B,5.6,6.46,5.16,5.68,5.49,5.55,5.11,5.26,5.73,5.56,6.12,5.77,5.85,7.66,5.4,5.6,5.74,5.67,5.88,5.23,5.67,5.52,5.82,5.29,5.73,5.15,5.93,5.72,5.37,5.18,6.78,7.14,5.67,5.66,5.53,5.29,5,5.52,5.48,5.46,5.29,5.65,5.49,7.16,5.49,5.39,5.58,5.91,5.43,6.77
CKMT1B,4.78,4.77,4.56,4.41,4.28,5.14,5.64,4.11,4.63,4.4,4.72,4.83,4.66,5.77,4.59,4.36,4.78,4.78,4.78,4.19,4.83,4.72,4.79,4.4,4.09,4.51,4.48,4.61,5.26,4.93,4.49,5.88,5.06,4.61,4.52,4.19,4.9,4.67,5.81,4.34,4.36,4.35,4.62,5.32,4.54,4.61,4.53,4.38,4.55,4.77
CKMT1B,3.65,3.5,3.36,3.71,3.48,3.56,4.81,3.52,3.45,3.89,3.59,3.72,3.44,4.32,3.8,3.48,3.7,3.54,3.45,3.64,3.38,3.82,3.54,3.62,3.57,3.31,3.82,3.31,3.62,4.29,5.57,3.53,3.57,3.84,3.78,3.61,3.94,3.56,4.01,3.26,3.34,3.77,3.73,5.35,3.49,3.55,3.5,3.44,3.49,3.85
CKMT2,3.95,3.99,3.85,4.03,3.7,3.99,3.75,4.08,3.92,4.07,4.02,3.98,3.96,4.23,4.16,3.66,3.83,3.61,4.03,3.67,3.97,4.15,3.83,3.83,3.67,3.68,3.62,3.74,4.02,4.63,5.1,5.78,3.93,3.76,3.67,3.84,3.99,3.71,4.14,3.95,3.77,3.75,3.94,4.27,3.52,3.61,3.6,3.68,3.69,5
CKS1B,9.56,9.44,9.47,9.6,9.46,9.54,9.04,9.42,9.81,9.59,9.49,9.42,9.59,7.54,9.54,9.38,9.46,9.52,9.54,9.44,8.82,8.78,8.84,8.71,8.78,8.91,9.41,9.59,9.54,9.1,6.24,5.72,9.38,9.41,9.33,9.5,9.31,9.37,8.67,9.21,9.33,9.19,8.99,7.84,8.8,8.79,8.8,9.36,9.47,6.78
CKS1B,9.88,9.68,9.88,9.86,9.9,9.68,10.33,9.81,9.92,9.87,9.53,9.58,10.01,8.39,9.61,9.72,9.79,9.97,9.92,9.67,9.28,8.93,8.44,8.84,8.87,9.26,9.89,9.7,9.94,9.73,8.57,8.63,10.12,9.99,9.6,9.5,9.87,9.79,9.95,9.44,9.6,9.25,9.58,6.97,9.17,9.43,8.76,9.56,9.67,7.46
CKS1B,9.81,9.78,9.71,9.7,9.7,9.6,9.23,9.66,9.87,9.88,9.62,9.78,9.84,7.37,9.75,9.73,9.75,9.72,9.81,9.76,9.12,8.95,8.99,8.88,9,9.15,9.65,9.75,9.71,9.39,6.58,6.99,9.63,9.72,9.63,9.65,9.75,9.66,9.54,9.47,9.65,9.03,9.37,6.68,9.02,9.15,8.93,9.44,9.67,6.25
CKS2,12.21,12.3,12.22,12.21,12.08,12.21,12.22,12.19,12.22,12.23,12.12,12.17,12.29,10.76,12.01,12.11,12.08,12.12,12.2,12.06,11.81,11.69,11.69,11.61,11.71,11.75,12.21,12.16,12.28,12.04,10.03,10.66,12.34,12.34,12.3,11.93,12.02,12.01,12.34,12.39,12.46,11.74,11.75,10.35,11.92,11.74,11.7,12.4,12.45,10.98
CLASP1,9.24,9.28,9.21,9.21,9.37,9.25,8.96,9.08,9.08,9.23,9.25,9.11,9.04,8.34,9.02,8.96,9.02,9.24,9.33,9.44,9.12,9.05,9.16,9.08,8.97,9.2,9.17,9.08,9.22,8.52,8.22,9.06,8.82,8.93,9.01,9.19,9.05,9.03,8.81,9.15,9.24,9.21,9.32,8.54,9.02,9.15,9.13,9.15,9.38,8.25
CLASP1,5.4,4.98,5.2,5.51,4.87,5.82,4.75,5.73,5.4,5.36,5.4,5.5,5.15,5.9,5.22,5.57,5.04,5.24,5.52,5.48,5.55,5.35,5.27,5.35,5.83,5.34,5.34,5.46,5.07,5.11,5.47,4.53,5.55,5.51,5.28,5.31,5.35,5.19,4.97,5.62,5.1,5.22,5.04,4.51,5.3,5.13,5.47,5.25,5.33,5.17
CLASP1,6.78,6.42,6.94,6.79,5.85,6.02,6.17,5.97,6.63,6.66,5.7,6.63,6.66,6.01,6.21,6.17,6.72,6.83,6.54,6.87,6.68,6.57,5.89,6.24,6.38,6.49,6.64,6.72,6.26,5.04,5.19,6.31,6.9,6.67,6.69,6.13,6.01,6.16,5.93,6.59,6.25,6.33,6.23,5.81,6.35,6.32,6.41,6.65,6.39,6.02
CLASP2,10.39,10.49,10.26,10.29,10.46,10.26,10.44,10.33,10.25,10.32,10.41,10.38,10.34,10.17,10.23,10.33,10.2,10.06,10.04,10.22,10.3,10.33,10.29,10.19,10.17,10.12,10.31,10.38,10.38,9.8,9.13,9.92,10.55,10.63,10.61,10.11,10.26,10.19,9.87,10.33,10.28,10.16,10.28,10.21,10.38,10.39,10.43,10.28,10.35,10.1
CLASP2,4.88,4.99,5.2,4.98,4.95,4.99,5.79,5.08,5.01,5.27,5.34,4.94,4.89,5.85,5.04,4.86,5.06,4.75,4.89,5.14,4.85,5.02,5.06,4.92,5.23,5.03,5.22,5.17,5.11,5.1,6.2,6.63,4.87,4.8,5.07,4.9,5.21,5.01,6.09,5.68,5.46,4.83,5.15,5.71,5.02,5.67,5.58,5.09,4.93,6.5
CLASP2,7.68,7.6,7.64,7.73,7.39,7.19,7.41,7.48,7.71,7.59,7.59,7.67,7.61,6.9,7.43,7.44,7.29,7.52,7.67,7.58,7.38,7.24,7.61,7.25,7.45,7.49,7.58,7.82,7.63,7.37,7.07,6.38,7.5,7.58,7.64,7.5,7.12,7.5,7.48,7.6,7.55,7.29,7.32,7.08,7.65,7.73,7.68,7.51,7.73,6.7
CLASP2,9.02,9.22,9.02,9.12,9.1,9.17,8.65,8.95,9.09,9.09,9.36,8.91,8.89,9.34,8.92,8.79,8.96,8.97,9.09,9.09,8.75,8.86,9.07,8.91,8.84,8.79,9.11,9.08,9.13,9.09,8.75,8.6,8.97,9.04,8.87,9.01,8.7,8.81,9.3,9.05,9.17,8.88,9,9.15,9.06,9.29,9.18,8.94,9.06,9.35
CLASP2,6.47,5.82,5.86,6.17,6.24,6.16,6.01,6.43,6.17,6.42,6.16,5.9,5.92,5.1,6.34,6.61,6.23,5.8,5.86,6.23,5.94,5.99,5.73,6.23,6.27,5.97,6.39,6.43,5.75,4.14,5.58,5.37,6.4,6.49,6.11,6.05,6.11,6.36,6.9,6.32,6,6.4,5.93,4.93,6.29,6.37,6,6.08,5.81,6.4
CLASP2,5.37,5.39,4.93,5.26,5.04,5.12,4.99,5.02,5.33,5.22,5.26,5.29,5.34,5.84,5.25,5,4.95,4.97,5.43,5.12,5.27,5.17,5.34,5.18,5.11,5.07,5.25,5.13,5,4.82,5.6,6.02,5.33,5.16,5.07,4.97,5.39,5.11,4.97,5.44,5.12,4.95,4.88,5.33,4.94,5.12,4.79,5.29,5.08,5.33
CLASP2,4.98,5.29,4.88,5.36,5.23,5.17,5.26,5.28,5.08,5.18,5.55,5.09,5.03,5.18,5.17,5.38,4.94,4.75,5.05,5.12,4.86,5.05,5.36,5.29,5.09,5.15,5.35,5,5.46,4.69,4.98,4.95,4.7,5.09,4.99,5.41,5.12,5.13,4.84,5.01,5.31,5.32,5.84,4.88,5.02,5.4,5.4,5.2,5.18,4.92
CLASP2,7.87,7.59,7.7,7.66,7.66,7.7,7.21,7.89,7.73,7.89,7.89,7.43,7.27,7.1,7.69,7.82,7.87,7.31,7.62,7.65,7.68,7.94,7.73,7.68,7.85,7.54,7.59,8.09,7.98,7.21,8.6,7.49,7.63,7.83,7.72,7.84,7.81,7.6,6.71,7.81,7.99,8.09,8.27,8.26,8.07,8.2,8.03,7.75,7.68,7.36
CLASP2,7.02,6.35,6.62,6.97,5.76,5.25,5.67,6.91,6.92,6.92,5.6,6.87,6.9,4.71,7.01,6.71,6.69,6.69,6.92,7.15,6.9,6.74,6.31,6.89,7.02,7.05,6.54,7.01,5.57,6.64,5.68,4.56,7.47,7.08,7.07,6.44,5.89,7.05,5.79,6.86,6.39,5.66,4.85,5.95,6.81,6.02,6.44,6.65,6.37,6.12
CLASP2,7.68,7.23,7.52,7.55,7.61,7.64,7.41,7.6,7.73,7.53,7.59,7.32,7.6,6.88,7.47,7.33,7.56,7.47,7.62,7.44,7.29,7.37,7.17,7.26,7.43,7.28,7.63,7.67,7.62,7.73,5.61,7.15,7.66,7.6,7.59,7.28,7.65,7.56,7.54,7.6,7.41,7.41,7.12,6.46,7.53,7.64,7.77,7.7,7.62,6.27
CLC,4.56,4.79,4.39,4.69,4.11,4.26,4.67,4.56,4.64,4.64,4.42,4.85,4.62,4.61,4.33,4.32,4.15,4.2,4.48,4.45,4.5,4.59,4.43,4.07,4.32,4.14,4.3,4.4,4.55,5.85,6.82,4.41,4.83,4.51,4.58,4.37,4.55,4.08,4.42,4.43,4.32,4.27,4.34,4.57,4.91,4.21,4.43,4.04,4.46,4.57
CLCA1,3.61,3.75,3.94,3.64,3.44,4.04,3.59,3.78,3.54,3.57,3.7,3.76,3.63,4.23,3.8,3.76,3.91,4.14,3.79,4.01,3.64,3.81,3.81,3.55,3.99,3.45,3.96,3.66,3.57,3.85,6.75,4.22,3.6,3.6,3.57,3.68,3.83,3.62,4.22,3.47,3.56,3.77,3.68,4.2,3.78,3.79,3.93,3.68,3.65,4.51
CLCA2,3.53,3.73,3.87,3.72,3.92,3.72,4.16,3.81,3.84,3.79,3.84,3.71,3.7,7.16,3.79,4.11,3.57,4.09,3.93,3.87,3.88,3.92,3.87,3.7,3.98,3.77,3.78,3.8,3.89,4.41,5.53,5.46,3.73,3.57,3.72,3.92,3.77,3.71,4.85,3.65,3.59,3.93,3.99,4.45,3.98,3.77,3.71,3.8,3.65,6.36
CLCA2,3.39,3.72,3.44,3.58,3.68,3.68,3.68,3.53,3.66,3.67,3.69,3.62,3.65,5.18,3.5,3.49,3.38,3.49,3.62,3.44,3.5,3.6,3.57,3.35,3.64,3.46,3.5,3.52,3.46,4.97,6.21,4.18,3.57,3.59,3.62,3.5,3.79,3.5,3.89,3.52,3.35,3.56,3.89,3.89,3.69,3.5,3.75,3.62,3.57,3.8
CLCA2,3.77,3.87,3.8,3.87,4.11,3.64,3.74,4.17,4.05,3.78,4.03,3.84,3.96,4.4,3.85,3.86,4.29,4.1,3.71,3.92,3.96,3.73,3.85,3.92,3.86,3.94,3.76,3.76,3.78,4.73,6.26,3.72,3.53,3.81,3.65,3.88,3.81,3.79,4.66,3.74,3.78,3.7,4.2,3.75,4.31,4.21,4.17,4.18,3.75,4.58
CLCA3P,3.55,3.58,3.51,3.48,3.44,3.5,3.9,3.48,3.28,3.37,3.45,3.43,3.32,3.97,3.71,3.88,3.52,3.44,3.43,3.4,3.43,3.75,3.43,3.46,3.46,3.29,3.28,3.33,3.48,5.57,6.35,3.98,3.71,3.34,3.33,3.41,4.16,3.3,4.31,3.5,3.51,3.41,3.38,4.57,3.63,3.53,3.41,3.33,3.51,4.93
CLCA4,3.57,3.52,3.34,3.58,3.55,3.61,3.48,3.29,3.51,3.71,3.65,3.52,3.58,4.38,3.5,3.33,3.52,3.48,3.61,3.51,3.37,3.71,3.53,3.38,3.45,3.48,3.3,3.52,3.41,3.86,5.46,4.4,3.53,3.69,3.38,3.55,3.41,3.55,3.85,3.31,3.28,3.59,3.52,4.17,3.54,4.17,4.01,3.31,3.37,5.51
CLCA4,4.02,4.27,4.21,4.16,4.16,4.1,4.22,3.96,4.1,4.24,4.29,4.27,4.3,5.61,4.38,3.95,4,3.9,3.93,4.22,4.16,4.63,4.33,3.87,4.1,4.09,3.76,4.18,4.03,4.67,4.87,4.79,4.19,4.64,4.35,4.13,3.52,3.96,3.53,3.98,4.01,3.88,4.27,4.7,3.68,4.01,3.91,4.32,4.04,4.66
CLCC1,5.31,5.35,5.53,5.26,6.15,5.96,6.5,5.34,5.26,5.32,5.71,5.46,5.08,7.11,5.31,5.31,5.45,5.52,5.81,5.53,5.26,5.05,5.29,5.37,5.42,4.79,5.52,5.61,5.6,7,6.63,6.36,5.18,5.61,5.54,5.15,4.96,5.5,5.98,5.41,5.65,5.62,5.65,6.81,5.26,5.44,5.47,5.58,5.37,8.1
CLCC1,8.4,8.46,8.61,8.44,8.29,8.37,7.96,8.36,8.76,8.59,8.21,8.29,8.36,7,8.53,8.45,8.69,8.07,8.33,8.44,8.28,8.14,8.35,8.42,8.33,8.43,8.54,8.48,8.23,8.05,7.4,5.95,8.81,8.76,8.8,8.47,8.46,8.76,7.44,8.52,8.62,8.2,8.3,7.66,8.15,8.15,8.2,8.45,8.61,6.64
CLCC1,7.13,6.5,7.25,7.03,6.75,7.28,7,7.1,7.07,7.2,6.53,6.68,6.62,4.2,7,7.32,7.16,7.03,7.13,7.03,7.02,6.6,6.48,7.14,7.08,7.01,7.11,6.9,6.82,5.06,6.64,7.17,7.76,7.65,7.49,7.16,7.46,7.48,6.12,7.35,6.62,6.83,6.67,4.6,7.27,7,7.32,6.99,6.85,4.66
CLCC1,8.08,8.52,8.15,8.44,8.57,8.17,8.12,8.26,8.36,8.35,8.44,8.18,8.31,8.85,8.36,8.38,8.35,8.53,8.51,8.45,7.97,8.07,8.26,8.26,8.11,8.31,8.25,8.52,8.38,8.23,8.12,8.99,8.22,8.23,8.09,8.27,8.26,8.08,8.11,8.19,8.48,7.76,8.32,8.38,8.29,8.04,8.09,8.28,8.32,9.18
CLCF1,5.28,5.42,5.49,5.31,5.32,5.36,5.09,5.22,5.33,5.11,5.47,5.3,5,5.96,5.1,5.83,5.64,5.41,5.16,5.26,5.73,5.95,5.44,5.1,5.41,5.42,5.64,5.34,5.99,5.94,7.65,6.21,6.66,6.43,6.23,5.32,5.71,5.82,5.9,5.79,5.58,6.37,6.12,5,5.56,5.81,5.65,5.06,5.37,6.22
CLCF1,3.75,3.85,3.66,3.87,4.25,4.2,4.21,4.32,3.55,3.93,3.76,4.19,4,4.22,3.97,3.84,4.07,3.81,4.02,3.77,3.81,4.17,3.61,3.85,3.82,3.76,4.33,3.78,3.82,3.75,5.03,3.71,4.53,4.22,3.95,3.85,3.94,3.67,4.69,4.21,3.97,4.54,3.73,3.72,4.13,3.72,4.13,4.06,3.8,3.8
CLCF1,4.86,4.9,4.88,4.95,4.97,4.78,5.51,5.25,4.89,4.71,5.08,4.98,4.96,5.25,5.02,4.89,4.81,5.21,4.87,4.73,5.21,4.84,4.86,4.99,5.02,4.96,4.95,4.65,5.06,5.33,5.12,5.09,5.2,5.11,5.21,4.94,4.69,4.77,4.74,5.52,4.86,5.04,5,5.38,5.19,5.08,4.96,5.24,4.79,5.24
CLCN1,4.01,3.81,3.93,3.99,4.23,4.34,4.12,3.98,4.09,3.91,4.04,4.01,3.95,5.47,4.09,4.1,4.06,4.02,4.26,4.09,3.81,3.94,3.95,4.08,4.13,4.27,4.09,3.99,4.01,5.07,4.32,5.07,4.08,3.97,3.98,3.96,4.3,4.3,4.16,3.93,4.04,4.32,3.84,5.17,4.15,4.26,4,4.17,4.03,4.46
CLCN2,4.21,4.21,3.98,4.02,4.84,3.71,3.86,3.8,3.95,3.93,3.95,4.23,4.22,3.95,3.69,4.09,3.88,3.76,3.73,3.86,4.21,4.06,3.86,3.99,3.76,3.92,4,4.24,4.06,4.04,4.39,4.41,4.41,4.28,4,3.97,3.85,3.76,3.79,4.06,3.84,3.72,3.82,4.31,3.9,4.74,3.92,4.11,4,4.57
CLCN2,5.75,5.6,5.91,5.65,6.31,6.19,6.81,6.42,5.67,5.86,5.6,5.58,5.37,5.44,5.66,5.74,5.69,6.08,5.6,5.76,6.26,6.05,6.1,5.73,6.08,5.94,6.04,5.91,5.87,7.51,6.21,5.45,5.97,6.09,6.01,5.78,5.67,5.73,6.12,6.05,6.49,6.2,6.55,5.85,6.22,6.37,6.18,5.82,5.98,6.61
CLCN2,3.99,4.09,4.04,4.12,4.03,4.34,4.48,4.26,4.28,4.21,4.04,4.26,4.18,4.19,4.16,4.26,4.2,4.09,4.19,4.12,4.18,4.25,4.12,4.18,4.23,4.07,4.32,4.23,4.34,4.36,5.54,4.29,4.32,4.1,4.18,3.94,4.59,4.12,5,4.11,4.35,4.06,4.02,4.93,4.21,4.12,4.21,4.16,3.97,5.07
CLCN3,8.25,7.72,7.94,7.67,8.01,8.05,8.19,7.98,8,7.83,7.78,7.68,7.46,6.04,8.07,8.19,8.08,8.31,8.25,8.35,8.21,7.82,8,8.22,7.95,8.26,7.92,7.96,7.89,5.65,6.62,6.48,8.12,7.63,8.08,8.06,7.83,7.56,8.16,8.31,8.03,8.15,7.88,7.16,7.98,8.4,8.24,8,7.74,5.85
CLCN3,9.01,9.17,8.98,9.02,8.95,8.84,8.83,8.76,9.05,9.09,9.25,8.94,8.95,8.43,8.87,8.75,8.98,9.01,8.98,8.94,9.03,9.09,9.16,8.95,8.92,8.86,8.94,9.1,9.16,7.47,8.08,7.86,8.71,8.55,8.73,8.9,8.68,8.82,8.96,9.12,9.14,8.88,9.02,8.6,8.97,9.16,9.07,8.97,9.27,8.12
CLCN3,9.17,9.39,9.09,9.32,9.62,9.35,8.66,9.34,9.24,9.34,9.61,9.29,9.12,9.19,9.41,9.36,9.31,9.29,9.34,9.38,9.49,9.58,9.55,9.45,9.56,9.49,9.25,9.41,9.42,8.78,8.57,7.51,8.97,9.01,9.08,9.19,9.41,9.25,9.12,9.39,9.35,9.45,9.5,9.69,9.29,9.6,9.5,9.33,9.17,8.87
CLCN4,9.42,9.49,9.39,9.31,9.45,9.81,9.24,9.19,9.46,9.36,9.52,9.27,9.1,7.72,9.75,9.48,9.74,9.66,9.73,9.61,9.54,9.47,9.54,9.85,9.59,9.71,9.57,9.43,9.25,8.29,7.61,8.83,9.56,9.15,9.22,9.74,9.43,9.16,9.29,9.55,9.71,9.28,9.33,7.95,10.03,9.83,9.94,9.32,9.13,7.54
CLCN4,6.56,6.17,6.81,6.85,6.46,6.54,5.93,6.85,6.76,6.93,6.33,7.11,6.81,5.57,6.73,6.95,6.68,7.03,6.95,7.24,6.36,6.6,6.37,7.04,7.22,6.81,6.68,6.89,6.26,4.96,7.72,5.98,6.35,6.49,6.37,6.79,6.65,6.78,5.87,7.2,6.61,6.05,6.43,4.93,7.07,6.83,7.2,7.18,6.88,6.35
CLCN4,8.98,9.12,9.03,8.93,9.01,9.17,8.62,8.81,9,9.04,9.15,9.18,9.07,7.63,8.92,8.86,9.04,9.25,9.2,9.09,8.91,8.91,9.24,9.02,9.06,8.95,9.06,8.95,9.06,8.66,7.84,7.54,8.47,8.44,8.24,8.93,8.8,8.68,8.32,9.14,9.02,8.91,8.87,8.31,9.18,9.17,9.14,8.92,9.02,8.04
CLCN4,8.03,7.87,8.14,8.1,8.02,8.22,8.2,8.27,8.21,8.21,8.15,8.16,7.87,6.98,8.08,7.97,8.02,8.03,8.24,8.06,8.27,8.2,8.22,8.17,8.26,8.33,8.11,8.25,7.98,6.86,7.38,7.3,8.02,7.9,7.88,8.42,8.18,8.45,7.32,8.48,8.25,7.7,7.84,7.28,8.88,8.81,8.62,8.24,8.16,7.34
CLCN5,5.92,5.61,5.58,5.68,5.79,6.15,6.5,6.01,5.46,5.91,6.06,5.53,5.48,5.39,6.41,6.07,6.07,5.71,5.79,5.66,5.66,6.08,5.67,6.3,5.97,5.97,5.8,5.97,6.24,5.34,5.65,5.08,6.37,6.08,6.04,5.9,5.59,5.42,6.14,6.27,6.06,6.17,5.83,5.09,6.22,6.29,6.01,5.09,5.35,5.1
CLCN5,7.26,7.04,7.33,7.35,7.63,7.38,6.35,7.4,6.95,7.31,7.34,7.36,7.17,6.6,7.37,7.49,7.21,6.62,7.01,7.04,7.15,7.56,7.39,7.5,7.41,7.26,7.28,7.37,7.12,4.52,5.15,6.47,7.28,7.62,7.63,7.47,6.7,7.23,6.72,7.65,7.45,7.14,7.27,5.58,7.27,7.71,7.59,7.3,7.33,5.48
CLCN5,5.7,5.56,5.34,5.62,5.3,5.24,4.83,5.57,5.63,5.78,5.77,5.38,5.71,6.02,5.49,5.81,5.75,5.65,5.4,5.51,5.45,5.53,5.89,5.78,5.94,5.21,5.45,5.69,5.95,4.48,4.77,6.62,5.76,6.31,6.06,5.36,4.8,5.31,4.86,5.58,5.6,5.21,5.18,5.37,5.5,5.46,5.5,5.74,5.49,5.94
CLCN6,4.08,4.26,4.5,4.08,3.86,4.26,4.54,4.5,4.04,4.18,4.16,4.17,3.78,4.37,4.05,3.89,3.96,4.06,4.31,4.27,4.16,4.46,3.99,4.15,3.78,3.9,4.46,4.42,4.07,4.16,4.39,4.67,4.41,4.12,4.13,4.18,3.78,4.3,4.15,4.16,4.26,4.04,3.75,4.94,4.98,4.12,4.64,4.56,4.09,4.72
CLCN6,7.06,7.08,7.33,7.33,7.27,7.18,6.38,7.61,7.18,7.41,7.23,7.22,7.19,6.43,6.97,6.68,6.89,7.02,6.9,6.75,7.23,7.09,7.43,7.27,7.33,7.21,7.27,7.25,7.36,6.78,5.32,6.24,6.92,7.17,6.89,6.96,7.1,6.89,7.09,7.42,7.35,7.67,7.41,5.69,7.19,7.08,7.35,7.14,7.5,6.08
CLCN6,7.92,8.33,8.37,8.35,8.35,8.38,8.59,8.21,8.18,8.14,8.42,8.32,8.32,7.73,7.91,8.07,7.73,8.09,7.94,8.02,8.38,8.29,8.45,8.23,8.08,8.14,8.2,8.24,8.29,8.12,6.83,6.3,8.22,8.18,7.99,7.95,7.77,8.08,7.9,8.2,8.5,8.3,8.51,7.2,8.4,8.38,8.36,8.42,8.53,7.77
CLCN6,4,3.65,4.12,4.22,4.02,4.23,4.26,4.01,3.9,4.06,4.14,3.92,3.82,4.1,4.3,4.07,4.05,4.07,3.72,3.98,4.05,4.02,4.01,4.31,4.17,4.23,3.95,4.14,4.44,4.12,5.73,4.72,4.05,3.8,4.13,4.1,3.87,4.27,5.59,4.14,4,3.99,4.09,4.07,4.07,4.58,3.79,4.01,3.78,4.47
CLCN6,4.39,4.25,5.04,4.09,4.52,4.43,4.75,4.34,4.31,4.25,4.3,4.29,4.25,5.59,4.6,4.45,4.31,4.43,4.37,4.53,4.4,4.29,4.18,4.74,4.2,4.59,4.43,4.18,4.17,6.04,4.53,5.17,4.49,4.03,4.53,4.5,4.82,4.42,3.82,4.47,4.57,4.27,4.1,4.97,4.66,4.85,4.81,4.17,4.63,6.35
CLCN6,4.35,4.38,4.39,4.62,3.89,4.38,5.09,4.42,4.55,4.59,4.38,4.24,4.27,4.99,4.46,4.24,4.32,4.26,4.37,4.59,3.93,4.34,4.31,4.56,4.33,4.29,4.59,4.21,4.32,4.97,4.03,6.08,4.49,4.61,4.12,4.74,4.37,4.24,4.38,4.56,4.41,4.27,4.37,5.23,4,3.93,4.26,4.38,4.21,4.18
CLCN7,5.22,4.71,4.9,4.6,4.46,4.69,4.85,5.27,4.91,5.18,4.65,4.81,4.84,4.87,5.43,5.04,5.27,4.97,4.82,5.09,5.07,4.96,5.19,5.54,5.42,4.44,4.89,4.98,5.09,4.49,4.32,5.36,4.83,5.02,4.78,4.94,5.19,5.41,5.06,5.19,5.13,5.09,5.2,4.56,4.93,5.02,5.13,5.32,5.11,4.98
CLCN7,8.58,8.73,8.69,8.7,9,9,8.87,8.82,8.44,8.65,8.9,8.58,8.49,8.82,8.75,8.76,8.74,8.72,8.56,8.49,8.78,8.57,9.01,8.94,8.89,8.86,8.77,8.58,9.04,8.75,9.14,8.81,8.63,8.6,8.52,8.79,8.85,8.65,9.04,8.94,8.92,9.24,9.2,9.44,8.99,8.92,8.92,8.74,9,9.07
CLCNKA,5.76,5.54,5.58,5.73,5.83,5.83,5.17,5.86,5.68,5.28,5.26,5.52,5.31,5.5,5.48,5.58,5.6,5.88,5.66,5.48,5.63,5.54,5.42,5.49,5.35,5.69,5.35,5.9,5.32,4.88,5.51,4.89,5.68,5.43,5.87,5.68,5.13,5.49,5.28,5.7,6.11,5.67,5.63,5.85,6.51,5.43,5.95,5.44,5.37,5.54
CLCNKA,6.09,5.83,6.11,6.09,6.11,6.09,5.94,5.93,6.1,5.8,6.01,6.18,5.98,5.76,5.9,6.09,6.08,6.02,6.26,6.06,6.09,5.8,6.05,6.23,6.1,6.03,6.25,6.17,6.19,5.79,6.72,4.99,6.23,6.3,5.99,6.04,6.04,6.08,7.14,5.76,6.56,6.27,6.28,6.19,5.76,6.16,6.08,6.42,5.85,6.48
CLCNKA /// CLCNKB,4.12,3.9,3.74,4.06,4.17,4,5.3,4.01,4.13,3.76,4.26,4.18,4.12,6.15,3.89,4.29,3.69,4.06,4.16,4.22,3.9,4.16,4.06,4.14,4.08,3.87,3.81,4.04,4.44,4.59,6.09,4.69,4.13,4.04,3.99,3.85,3.86,3.92,4.32,3.9,4.33,4.19,3.88,5.83,3.92,3.96,3.98,3.93,4.08,6.18
CLCNKA /// CLCNKB,4.2,4.56,4.52,4.31,4.68,4,4.1,4.59,4.42,4.13,4.32,4.56,4.37,4.4,4.29,4.21,3.9,4.22,4.04,4.53,4.19,4.62,4.3,4.18,4.22,4.04,4.19,4.29,4.41,4.27,5.78,5.75,4.37,4.33,4.42,4.33,4.1,4.47,3.84,4.72,4.63,4.46,4.87,6.57,4.25,4.44,4.68,4.55,4.21,4.44
CLCNKA /// CLCNKB,4.39,4.54,4.85,4.59,4.58,4.7,4.19,4.73,4.63,4.5,4.36,4.79,4.74,5.22,4.82,4.7,4.54,4.33,4.59,4.48,4.83,4.97,4.39,4.21,4.47,4.66,4.45,4.73,4.83,5.97,4.24,4.21,4.77,4.71,4.83,4.63,4.45,4.57,4.82,4.73,4.54,4.59,4.7,4.27,4.32,4.63,4.89,4.24,4.72,3.98
CLCNKB,5.3,5.18,5.1,5.66,5.36,5.25,5.5,5.25,5.26,5.42,5.58,5.17,5.31,6.22,5.15,5.4,5.15,5.32,5.5,5.15,5.55,5.55,5.32,5.55,5.4,4.86,5.27,5.6,5.07,4.08,5.96,5.54,4.75,5.41,5.09,5.22,5,5.33,5.26,5.69,4.95,5.3,5.38,5.85,4.68,5.1,4.81,5.28,5.36,5.76
CLCNKB,4.38,4.78,4.75,4.62,4.72,4.95,4.83,5.02,4.63,4.69,4.81,4.8,4.7,5.69,4.79,4.73,4.56,4.52,4.74,4.52,4.71,4.73,4.76,4.63,4.51,4.69,4.74,4.79,4.93,4.49,6.26,6.26,4.45,4.41,4.67,4.41,5.17,4.57,4.45,4.46,4.77,4.79,4.73,5.71,5.1,5.15,4.35,4.82,4.7,4.52
CLDN1,9.31,9.34,9.14,9.21,8.98,9.2,8.91,8.89,9.49,9.17,9.34,9.53,9.68,7.85,10.48,10.4,10.55,9.27,9.39,9.25,9.82,9.79,10.04,10.12,10.07,10.18,9.16,9.17,9.16,8.88,6.09,8.56,10.36,10.21,10.18,10.51,10.53,10.43,8.74,9.05,9.12,9.01,9.01,7.42,9.14,9.13,8.99,9.41,9.51,7.56
CLDN1,8.77,8.25,8.52,8.47,8.27,8.29,8.3,8.55,8.5,8.6,7.99,8.98,8.81,7.11,9.95,9.94,9.76,8.69,8.58,8.79,9.17,8.97,8.66,9.48,9.47,9.61,8.49,8.49,8.06,6.75,6.14,5.7,10.1,10.06,10.03,9.89,9.62,10.15,7.8,8.57,8.41,7.82,7.6,6.25,8.74,8.48,8.64,8.86,8.74,6.31
CLDN1,10.24,10.14,10.08,10.25,10.08,10.17,9.75,10.11,10.38,10.31,10.41,10.55,10.61,9.78,11.61,11.47,11.41,10.15,10.21,10.31,10.8,11.01,10.98,11.19,11.23,11.16,10.15,10.3,10.18,9.93,7.24,9.24,11.56,11.44,11.56,11.55,11.4,11.61,9.83,10.34,10.42,10.12,10.09,9.44,10.23,10.08,10.34,10.52,10.45,9.12
CLDN1,9.35,8.92,8.94,9.18,8.31,8.4,7.84,9.14,9.36,9.39,8.65,9.66,9.58,9.08,10.71,10.64,10.64,9.21,9.23,9.53,9.81,9.98,9.41,10.14,10.29,10.31,8.96,9.44,8.53,7.09,7.7,7,10.63,10.71,10.62,10.63,10.33,10.73,7.32,9.06,8.86,8.52,8.55,7.87,8.92,8.47,9.08,9.43,9.12,8.19
CLDN10,4.04,4.09,4,4.01,4.21,4.15,4.13,4,4.14,4.02,4.21,4.07,4.12,5.57,3.99,4.07,3.99,4.02,4.2,4.15,4.1,4.13,4.14,4.18,3.89,3.88,4.39,3.93,4.17,5.1,5,4.66,3.93,4.08,3.96,3.95,3.88,3.98,4.71,4.02,3.94,4.07,4.17,5.3,4.07,4.14,4.01,4.1,4.07,5.33
CLDN10,3.81,3.97,3.78,3.8,4.09,3.91,4.45,3.87,3.82,3.86,4.15,3.96,3.95,4.48,3.87,3.9,4.08,3.89,3.92,3.93,4.01,3.92,3.88,4.2,3.87,3.86,4.01,4.09,4.11,4.2,5.29,4.12,4.02,4.2,3.95,3.91,3.78,3.75,4.54,3.9,4.13,4.25,3.9,5.47,4.3,3.87,4.11,4.13,3.91,4.75
CLDN11,3.5,3.71,3.5,3.86,3.51,3.52,4.31,4.07,3.56,3.59,3.99,3.41,3.5,4.07,3.4,3.46,3.34,3.88,3.56,3.42,3.38,3.49,3.46,3.62,3.25,3.63,3.48,3.68,3.62,4.62,4.35,5.35,3.39,3.63,3.59,3.16,3.39,3.55,3.83,3.56,3.48,3.41,3.77,4.33,3.38,3.6,3.41,3.79,3.46,3.98
CLDN11,4.38,4.53,4.6,4.61,5.15,4.84,4.65,5.06,4.69,4.61,4.78,4.66,4.54,5.2,4.7,4.5,4.45,4.49,4.64,4.63,4.59,4.81,4.78,4.45,4.68,4.79,4.32,4.69,4.56,5.19,7.08,5.16,4.54,4.47,4.92,4.65,4.53,4.52,5.04,4.45,4.49,4.88,4.63,5.24,4.57,4.86,4.68,4.69,4.49,5.41
CLDN11,5.12,5.46,5.28,5.31,5.39,5.46,6.09,5.71,5.27,5.38,5.77,5.57,5.24,7.09,5.45,5.27,5.23,5.55,5.29,5.41,5.56,5.49,5.4,5.46,5.54,5.51,5.55,5.55,5.45,6.6,5.36,6.34,5.48,5.05,5.58,5.19,5.3,5.52,5.54,5.75,5.37,5.66,5.85,7.06,5.46,5.9,5.35,5.49,5.55,6.82
CLDN12,5.37,5.34,5.54,5.6,5.2,5.52,5.21,5.34,5.7,5.38,5.58,5.38,5.38,7.32,5.41,5.74,5.41,5.54,5.29,5.13,5.52,5.58,5.31,5.4,5.42,5.33,5.16,5.63,5.45,5.54,6.31,5.84,5.35,5.32,5.43,5.43,5.37,5.33,5.44,5.3,5.5,5.69,5.64,7.51,5.28,5.45,5.78,5.51,5.15,6.6
CLDN12,4.59,4.91,4.77,4.79,4.88,4.58,4.87,4.49,4.8,4.83,4.93,5.02,5.32,5.74,5.17,4.84,4.76,4.77,4.75,4.54,5.13,4.79,4.99,4.85,5.07,5.17,4.71,4.83,4.72,4.56,6.07,4.59,5.02,4.59,4.72,4.66,4.91,4.58,4.59,4.56,4.7,4.82,4.67,4.78,5.14,5.85,5.29,4.59,4.98,4.93
CLDN12 /// GTPBP10,8.59,8.67,8.65,8.58,8.14,8.52,8.16,8.34,8.68,8.47,8.67,8.5,8.47,8.51,8.88,8.92,9.01,8.76,8.79,8.79,8.84,8.53,8.72,8.77,8.82,8.84,8.71,8.44,8.63,7.95,6.64,7.51,9.26,9.25,9.26,8.9,9.09,8.78,7.98,8.75,8.66,8.43,8.76,7.94,8.51,8.67,8.67,8.59,8.65,7.84
CLDN14,4.28,4.27,4.39,4.59,4.61,4.84,4.65,4.89,4.28,4.27,4.56,4.47,4.31,5.05,4.47,4.41,4.44,4.68,4.59,4.38,4.38,4.49,4.59,4.65,4.5,4.59,4.35,4.5,4.47,5.62,6.69,4.46,4.41,4.05,4.69,4.47,4.47,4.59,5.33,4.47,4.38,4.45,4.57,5.66,4.48,4.34,4.83,4.56,4.24,4.54
CLDN15,9.03,8.96,9.14,9.28,9.61,9.45,9.29,9.37,9.02,9.25,9.21,9.1,8.91,9.51,9.29,9.23,9.31,9.22,9.31,9.27,9.37,9.32,9.39,9.4,9.53,9.26,9.32,9.29,9.29,9.27,9.31,10.01,8.77,8.75,8.86,9.43,9.44,9.52,9.69,9.24,9.4,9.8,9.47,8.66,9.19,9.33,9.18,9.26,9.39,9
CLDN15,6.52,7.01,6.63,6.61,6.51,6.46,5.07,6.62,6.42,6.35,6.84,6.39,6.42,5.81,6.28,6.12,6.02,6.43,6.32,6.13,6.62,6.47,6.86,6.26,6.56,6.24,6.76,6.51,6.65,7.98,6.43,4.74,6.05,6.32,5.86,6.63,6.89,6.63,6.88,6.64,6.82,6.62,6.63,5.35,6.56,6.52,6.24,6.48,6.4,5.38
CLDN16,5.86,5.39,5.7,5.63,4.95,5.78,5.19,5.75,5.93,5.8,5.03,5.48,5.28,4.83,6.01,5.61,6.01,5.77,5.85,6.29,5.73,5.6,5.54,6.26,6.03,6.46,5.6,5.63,5.12,5.42,6.78,6.34,5.91,5.37,5.65,5.62,5.61,5.84,5.39,5.47,5.74,5.77,5.95,5.84,6.38,5.58,6.24,5.44,5.09,4.52
CLDN16,7.23,6.17,6.89,6.88,6.87,6.43,6.45,7.14,6.83,7.21,6.04,6.46,6.29,7.25,6.92,7.09,7.13,6.94,6.82,7.25,6.75,6.72,6.29,7.27,6.89,7.22,6.67,6.8,6.34,5.87,5.1,8.08,6.93,6.48,7.07,6.96,6.78,6.98,6.12,6.85,6.79,7.2,6.92,5.86,7.29,7.19,7.35,6.45,6,7.11
CLDN17,4.39,4.54,4.31,4.61,4.73,5.16,5.11,4.86,4.36,4.48,5.05,4.49,4.34,5.82,4.63,4.64,4.79,4.81,4.72,4.42,4.64,4.86,4.33,4.58,4.6,4.42,4.41,4.4,4.72,4.79,4.85,6.19,4.58,4.44,4.34,4.52,4.63,4.83,5.45,4.79,5.36,4.48,4.51,6.33,5.26,4.72,5.07,4.48,4.48,6
CLDN18,4.76,4.8,5.09,5.25,5.24,4.77,5.77,5.26,4.86,4.97,5.1,4.75,4.85,4.78,4.86,4.83,4.81,4.86,4.71,5.06,4.99,4.94,5.29,4.57,4.89,4.57,5.13,5.17,4.79,5.42,6.52,6.08,5.08,4.51,4.91,4.61,5.08,5.07,5.22,4.97,4.51,5.64,5.64,5.02,5.38,5.22,5.76,4.73,4.74,6.05
CLDN18,4.28,4.4,4.23,4.32,4.44,4.05,3.98,4.3,4.14,4.18,4.22,4.34,4.39,4.26,4,4.25,3.89,4.53,4.49,4.18,4.25,4.17,4.27,4.45,4.06,4.17,4.31,4.23,4.31,4.13,4.02,5.3,3.93,4.04,3.92,3.95,4.17,3.95,4.61,4.15,3.94,4.21,3.95,5.04,4.25,4.29,4.08,4.1,4.35,5.08
CLDN18,4.17,4.45,4.34,4.69,4.84,4.23,4.78,4.56,4.38,4.34,4.5,4.37,4.32,5.09,4.43,4.63,4.56,4.4,4.24,4.24,4.49,4.42,4.36,4.67,4.48,4.4,4.59,4.48,4.34,4.61,5.24,5.26,4.43,4.16,4.57,4.38,4.7,4.24,4.27,4.21,4.44,4.69,4.31,5.38,4.73,4.89,4.64,4.39,4.2,5.1
CLDN19,4.84,4.69,4.83,5.1,5.39,4.82,5.36,4.99,4.88,4.97,4.98,5.02,5.03,5.78,4.75,5.02,4.92,4.9,5.06,4.89,4.88,4.98,5.04,4.95,4.79,4.92,4.9,5.03,5.17,5.95,5.39,4.72,4.96,4.85,4.87,4.81,5.08,4.93,6.19,5.26,4.91,5.15,5.13,5.54,4.94,4.55,5.19,5.19,5.1,6.54
CLDN19,3.97,3.85,3.69,3.74,3.76,3.79,4.68,3.91,4.05,3.82,3.92,3.85,3.81,4.36,4.01,3.53,3.68,3.76,3.63,3.95,3.83,3.78,3.57,3.96,3.72,3.51,4,3.76,3.68,4.99,4.65,4.03,3.72,3.72,3.87,3.6,3.8,4.14,3.74,4.11,3.51,3.49,3.6,3.99,3.9,3.72,3.48,3.65,3.55,3.75
CLDN19,6.66,6.66,6.76,6.93,6.98,7.44,6.78,6.88,6.64,6.69,6.81,6.71,6.52,7.32,6.78,7.07,6.99,6.71,6.77,6.58,6.44,6.92,6.61,6.75,6.91,6.81,6.69,7,6.89,7.46,7.15,6.95,6.77,6.66,6.91,6.67,6.72,6.85,7.16,6.96,6.74,7.12,6.67,6.95,6.98,7.05,6.94,6.68,6.69,7.55
CLDN19,5.01,4.47,4.49,4.74,4.84,4.92,4.59,5.04,4.81,5.1,4.99,4.55,4.51,5.33,4.66,4.94,4.56,5.06,4.82,4.77,4.83,5,4.55,4.7,4.75,4.77,4.9,4.81,4.76,4.81,5.2,5.26,4.71,4.76,4.76,4.5,4.47,4.77,4.68,4.97,4.53,4.78,4.78,5.29,4.53,4.92,4.65,4.69,4.87,5.2
CLDN2,4.34,4.41,4.58,4.55,4.5,4.45,4.86,4.48,4.56,4.45,4.49,4.49,4.48,5.29,4.36,4.39,4.26,4.42,4.51,4.4,4.36,4.57,4.41,4.63,4.59,4.3,4.43,4.68,4.45,5.27,5.58,5.13,4.31,4.52,4.35,4.28,4.28,4.53,4.77,4.21,4.4,4.54,4.48,5.05,4.83,4.63,4.37,4.62,4.28,5.39
CLDN2,4.61,4.39,4.59,4.64,4.51,4.32,4.46,4.23,4.53,4.53,4.67,4.59,4.49,4.72,4.75,4.77,4.61,4.24,4.39,4.27,4.52,4.4,4.52,4.32,4.32,4.04,4.43,4.51,4.6,4.29,4.54,5.91,4.39,4.47,4.43,4.2,4.2,4.73,4.39,4.25,4.07,4.54,4.61,5.44,4.53,4.49,4.3,4.43,4.15,5.29
CLDN20,3.8,4.48,3.94,4,3.98,4.07,4.19,3.75,4.28,4.16,4.2,4.18,4.39,4.85,3.82,4.28,3.7,3.95,4.09,3.79,3.98,3.97,4.24,3.96,3.93,3.73,4.04,4.22,4.56,4.34,5.17,3.82,3.88,4.3,4.21,3.85,3.79,3.69,4.17,3.63,3.96,4.07,4.13,5.41,3.83,3.8,4.02,3.94,4.09,4.32
CLDN22,3.99,4,4.07,4.16,4.04,4.22,4.17,3.74,4.04,4.06,4.31,3.91,4.02,5.35,3.95,3.86,4.07,3.84,3.95,3.83,3.96,4.09,3.94,3.8,4.01,3.95,3.95,4.34,4.03,5.17,5.28,5.36,3.94,4.05,3.89,3.89,4.34,3.95,3.92,3.7,3.76,3.73,3.85,5.03,3.6,3.9,3.93,4.17,3.87,5.62
CLDN22,4.44,4.48,4.49,4.32,4.36,4.77,4.77,4.4,4.48,4.36,4.46,4.42,4.51,5.48,4.43,4.7,4.28,4.64,4.35,4.3,4.85,4.68,4.45,4.44,4.37,4.19,4.46,4.5,4.59,4.69,4.72,4.88,4.68,4.67,4.65,4.52,4.38,4.26,4.83,4.33,4.49,4.51,4.76,4.83,4.97,4.81,4.4,4.39,4.59,5.33
CLDN23,4.35,4.08,4.15,4.18,4.92,4.18,5.57,4.05,4.24,4.1,4.02,4.18,3.97,4.73,4.26,4.29,4.08,4.05,4.09,4.13,4.06,4.11,4.13,4.07,4.12,4.05,4.29,4.35,4.24,5.04,6.05,4.25,4.23,4.15,4.29,4.21,4.51,4.23,4.21,4.13,4.38,4.69,4.12,4.71,4.4,4.13,4.23,4.21,4.03,4.22
CLDN3,4.06,4.39,4.42,4.32,4.37,4.12,5.51,4.32,4.29,4.1,4.24,4.13,4.17,4.85,4.01,3.96,4.09,4.11,3.96,4.2,4.36,4.23,4.11,4.27,4.46,4.07,4.16,4.08,4.35,5.47,4.54,4.76,4.25,3.97,4.21,4.3,4.84,3.97,4.36,3.98,4.11,3.92,4.27,4.83,4.4,4.7,4.62,4.19,4.2,4.44
CLDN4,5.95,6.02,5.75,5.94,5.77,5.82,6.27,5.67,5.76,5.75,6.08,6.12,6.1,6.78,5.77,5.94,5.69,5.92,5.78,5.58,5.98,6.22,6,5.74,5.82,5.89,5.92,6.14,6.08,6.69,6.2,7.11,5.97,5.93,6.13,5.52,6.07,5.37,5.98,5.77,5.76,6.01,6.16,6.64,5.57,5.9,5.63,5.74,5.86,5.97
CLDN4,6.48,6.59,6.42,6.63,6.89,6.82,6.4,6.78,6.69,6.45,6.82,6.63,6.91,7.08,6.73,6.86,6.55,6.63,6.36,6.48,6.59,6.92,6.55,6.49,6.74,6.59,6.63,6.88,7.04,6.24,7.09,6.96,6.74,6.66,6.79,6.62,6.63,6.48,6.33,6.4,6.6,6.87,6.89,7.31,6.88,6.83,6.92,6.83,6.55,7.74
CLDN4,4.12,4.25,4.28,4.05,4.41,3.87,5.52,4.43,4.02,4.1,4.12,3.99,4.21,5.61,4,4.18,4.11,4.28,3.94,4.09,4.56,4.07,4.13,4.15,4.47,4.04,4.37,4.19,4.26,4.1,4.46,4.76,4.23,3.97,4.29,4.05,4.2,4.12,4.71,4.51,4.26,4.43,4.67,3.89,4.3,4.33,4.28,4.17,4.03,5.09
CLDN5,4.57,4.23,4.58,4.56,4.45,4.91,5.17,4.39,4.48,4.41,4.4,4.59,4.28,5.3,4.56,4.47,4.16,4.39,4.58,4.82,4.58,5.06,4.32,4.49,4.3,3.87,4.33,4.34,4.36,4.74,5.51,5.05,4.49,4.26,4.07,4.57,4.61,4.69,4.85,4.15,4.24,4.49,4.63,6.02,4.5,5.03,4.82,4.84,4.43,5.54
CLDN6,4.38,4.76,4.25,4.51,4.56,4.3,4.68,4.07,4.3,4.28,4.62,4.4,4.74,5.36,4.24,4.06,4.24,4.28,4.51,4.39,4.19,4.35,4.74,4.48,4.09,4.16,4.36,4.3,4.36,5.26,5.55,5.24,4.49,4.48,4.1,4,4.32,4.04,5.18,4.5,4.33,4.4,4.1,5.57,4,4.5,4.02,4.44,4.09,5.23
CLDN7,4.81,4.99,4.6,4.55,5.04,4.31,5.31,4.82,4.39,4.58,4.72,5,4.93,5.53,4.66,4.6,4.71,4.6,4.36,4.76,5.01,4.48,4.59,4.57,4.47,4.43,4.51,4.58,4.33,5.91,4.98,5.63,4.61,4.58,4.68,4.53,4.12,4.41,4.5,4.79,4.59,4.43,4.84,4.44,4.18,4.71,4.71,4.49,4.3,5.22
CLDN8,3.51,4.02,3.66,3.84,4.04,4.14,4.32,3.79,3.66,3.78,3.96,3.7,4.03,4.01,3.54,3.66,3.51,3.66,3.59,3.65,3.93,3.76,3.86,3.54,4.02,3.44,3.54,3.63,3.83,4.65,7.18,3.9,3.8,3.71,3.94,3.54,3.61,3.51,3.93,3.72,3.57,3.51,3.71,4.5,3.59,3.72,3.62,3.69,3.52,4.91
CLDN8,3.83,3.81,3.88,3.96,4.52,3.9,4.48,3.8,3.74,3.94,3.9,3.98,3.75,4.24,3.93,3.93,3.86,3.91,3.91,4.25,3.67,3.88,3.93,3.95,4.29,3.71,3.75,3.98,3.8,4.49,6.25,4.59,3.79,3.79,3.95,4.15,3.88,3.84,4.18,4.06,4,3.93,3.79,4.6,3.93,4.36,3.95,3.98,3.77,5.63
CLDN9,4.46,4.36,4.52,4.73,4.99,4.78,4.22,4.52,4.47,4.52,4.59,4.31,4.14,4.87,4.35,4.51,4.32,4.6,4.77,5.03,4.37,4.24,4.44,4.75,4.43,4.27,4.48,4.7,4.49,4.29,5.85,5.27,4.61,4.22,4.36,4.35,4.73,4.77,5.31,4.21,4.9,4.56,4.83,4.96,4.88,4.65,4.95,4.53,4.31,6.18
CLDND1,12.11,12.16,11.94,12.06,12.05,12.04,11.86,12.09,12.11,12.12,12.02,12.01,12.19,11.12,12.17,12.22,12.24,11.99,12.06,12.14,12.39,12.25,12.27,12.06,12.2,12.23,12.08,12.06,12.18,12.29,10.05,11.64,12.14,12.06,12.06,12.2,12.26,12.26,11.99,12.13,12.1,12.11,12.15,11.1,12.15,12.13,12.16,12.06,12.3,10.68
CLDND1,11.05,10.73,10.89,10.99,10.5,10.5,10.4,11.04,11.13,11.13,10.42,11.12,10.99,11.13,11.27,11.24,11.3,11.11,11.12,11.21,11.28,11.18,10.66,11.29,11.27,11.31,11,11.23,10.55,9.69,9.84,10.8,11.23,11.26,11.26,11.24,10.93,11.4,10.53,11.02,10.91,10.59,10.45,10.49,11.13,10.74,11.09,11.15,10.73,11.05
CLDND2,4.74,4.57,4.93,4.92,5.31,4.78,5.15,5.24,4.68,4.66,5,4.87,4.71,6.47,4.58,4.6,4.59,5.16,4.81,4.94,4.59,4.73,4.79,4.76,4.83,4.98,4.9,5.12,4.86,5.51,5.47,5.41,4.63,4.84,4.73,4.79,4.66,4.61,4.81,4.96,4.96,5.04,4.85,5.13,5.02,4.37,4.78,4.74,4.77,5
CLEC10A,3.31,3.38,3.45,3.69,3.49,3.49,3.36,3.34,3.56,3.33,3.55,3.43,3.52,4.22,3.43,3.52,3.52,3.25,3.69,3.43,3.52,3.26,3.35,3.36,3.43,3.68,3.69,3.44,3.46,3.58,5.08,4.4,3.34,3.37,3.53,3.67,3.68,3.29,5.12,3.65,3.36,3.72,3.45,3.63,3.36,3.31,3.58,3.37,3.58,5.45
CLEC10A,3.36,3.38,3.35,3.39,3.69,4.14,4.28,4.17,3.4,3.35,3.44,3.47,3.27,3.68,3.5,3.45,3.29,3.31,3.26,3.49,3.13,3.29,3.28,3.55,3.45,3.5,3.47,3.28,3.25,3.66,4.86,5.75,3.35,3.3,3.28,3.41,3.65,3.57,3.7,3.49,3.68,3.77,3.31,3.86,3.55,3.23,3.68,3.52,3.29,4.03
CLEC10A,4.34,4.26,4.26,4.25,4.51,4.19,4.68,4.3,4.22,4.13,4.18,4.11,4.33,4.37,4.26,4.39,4.15,4.33,4.2,3.97,3.96,4.15,4.13,4.13,4.37,4.01,4.18,4.23,4.05,4.59,4.13,5.77,4.45,4.55,4.31,4.31,4.34,4.09,5.9,3.85,4.22,4.16,4.67,4.53,4.44,4.48,3.91,4.63,4.23,5.28
CLEC11A,7.48,7.31,7.94,7.72,8.06,7.79,5.85,8.04,7.44,7.56,7.57,7.41,7.25,7.95,7.4,7.56,7.49,7.77,8.01,8.08,7.27,7.04,7.24,7.73,7.56,7.27,7.83,7.81,7.9,6.79,7.25,7.53,7.06,7.16,7.12,7.54,7.43,7.69,8.01,7.79,7.6,7.72,7.78,7.25,8.14,7.62,8.3,7.56,7.52,8.16
CLEC11A,7.31,6.95,7.64,7.45,7.88,7.86,6.62,7.75,7.39,7.4,7.05,7.1,6.83,6.51,7.14,7,7.22,7.66,7.73,7.91,6.9,7.02,6.9,7.26,7.13,7.15,7.65,7.39,7.63,5.91,6.07,6.16,6.84,6.45,6.94,7.53,7.04,7.29,6.47,7.45,7.48,7.5,7.27,7.4,7.94,7.72,7.76,7.43,7.13,7.59
CLEC11A,7.34,7.1,7.46,7.47,7.71,7.77,7.02,7.54,7.28,7.36,7.26,7.27,7,7.82,7.22,7.16,7.18,7.63,7.52,7.67,7.25,7.26,7.22,7.29,7.18,7.21,7.43,7.6,7.2,6.82,7.3,7.84,7.21,7.09,7.14,7.27,7.68,7.43,6.85,7.52,7.67,7.37,7.38,7.01,7.65,7.49,7.84,7.28,7.14,7.83
CLEC11A,6.72,6.4,6.86,6.9,7.09,6.84,5.63,7.17,6.68,6.85,6.48,6.6,6.51,6.59,6.52,6.58,6.55,6.82,6.95,6.97,6.71,6.47,6.37,6.65,6.35,6.64,6.78,6.77,6.71,6.44,7.53,6.44,6.25,6.53,6.31,6.62,6.71,6.84,6.7,6.92,6.91,6.7,6.4,6.6,7.21,7.4,6.93,6.84,6.48,7.16
CLEC11A,7.41,7.32,7.97,7.66,8.19,7.93,7.65,7.79,7.51,7.55,7.66,7.37,7.16,7.22,7.44,7.4,7.48,7.87,7.87,7.95,7.17,7.32,7.25,7.7,7.46,7.35,7.54,7.66,7.68,5.78,7.58,8.4,7.16,7.18,7.12,7.6,7.46,7.39,7.19,7.66,7.61,7.71,7.63,7.72,8.04,8.11,7.74,7.61,7.62,8
CLEC12A,3.81,3.76,4,3.62,3.7,3.57,4.1,3.56,3.64,3.9,3.92,3.86,3.76,4.21,3.62,3.79,3.69,3.59,3.73,3.91,3.7,4.02,3.85,3.72,3.66,3.85,3.61,3.86,4.04,4.78,3.57,4.33,3.62,3.87,3.74,3.56,3.61,3.56,4.47,3.74,3.57,3.78,3.95,4.3,3.63,3.5,3.46,3.4,4,5.02
CLEC12A /// CLEC12B,3.65,4.08,3.76,3.78,3.5,4.55,3.6,3.99,3.73,3.59,3.55,3.66,3.94,4.21,3.78,3.83,3.67,3.98,3.81,3.73,3.64,3.54,3.99,3.98,3.58,3.99,3.78,3.65,3.91,4.14,5.6,5.09,3.68,3.49,3.67,4.01,3.81,3.63,3.94,3.85,3.77,3.85,3.69,3.77,3.67,3.63,3.63,3.62,3.7,4.7
CLEC12A /// CLEC12B,3.45,3.4,3.4,3.54,3.7,3.85,4.14,3.5,3.45,3.49,3.49,3.5,3.64,4.76,3.47,3.57,3.36,3.34,3.33,3.49,3.33,3.39,3.48,3.61,3.49,3.53,3.57,3.38,3.5,3.95,5.47,4.28,3.55,3.32,3.46,3.32,3.77,3.4,4.4,3.24,3.65,3.28,3.69,5.49,3.52,3.34,3.28,3.45,3.46,3.71
CLEC12B,3.71,3.89,3.59,3.64,3.7,3.55,3.87,3.47,3.84,3.96,4.02,3.96,3.92,5.02,3.49,3.79,3.56,3.63,3.78,3.75,3.82,3.98,3.86,3.58,3.52,3.24,3.66,3.75,3.63,3.7,4.6,3.68,3.69,3.57,3.69,3.49,4,3.36,3.78,3.44,3.86,3.8,3.59,4.33,3.49,3.72,3.62,3.52,3.69,4.66
CLEC12B,3.97,3.92,3.74,3.76,3.69,3.66,4.38,3.96,3.65,3.67,3.87,3.78,3.7,4.62,3.55,4.23,3.8,3.99,3.66,3.81,3.78,3.81,3.83,4.04,4.41,3.68,3.66,3.78,3.96,3.6,6.56,5.24,3.77,3.75,4.13,3.98,3.62,3.68,3.9,3.83,3.89,3.76,3.8,4.53,3.65,3.84,3.81,3.67,3.64,4.05
CLEC12B,3.78,3.54,3.7,3.91,3.6,4.01,4.2,3.65,3.75,3.54,3.75,3.93,3.72,3.75,3.87,3.72,3.64,3.85,3.78,3.74,3.68,3.89,3.93,3.92,3.66,3.86,3.58,3.85,4.07,4.82,3.97,6.17,3.53,3.71,3.84,3.72,3.66,3.85,4.6,3.62,3.75,3.41,3.97,5.17,3.67,4.17,3.73,3.75,3.69,4.07
CLEC14A,4.95,4.82,4.63,5.08,4.69,5.06,5.08,4.59,4.96,5.08,4.93,4.97,4.92,5.32,4.83,4.63,4.82,4.67,4.71,4.87,4.79,4.84,5.13,4.77,4.66,5.06,4.98,5.06,4.75,5.38,5.3,4.66,4.89,4.99,4.94,4.75,4.65,4.56,5.22,4.69,4.93,4.77,4.79,5.27,4.73,4.85,4.95,4.86,4.71,5.93
CLEC16A,8.85,8.92,8.87,8.9,8.93,9.05,8.39,8.92,8.81,8.82,9.13,8.88,8.9,8.54,9.06,8.76,9.03,8.79,8.79,8.89,9.06,9.1,9.26,9.04,8.98,8.79,8.9,8.82,9.17,9.62,8.05,8.57,8.55,8.61,8.74,8.96,9.17,8.99,8.91,9.07,9.06,9.02,9.18,7.05,9.18,9.12,9.15,8.93,9.09,6.89
CLEC16A,5.7,5.48,5.72,5.71,6.14,5.82,6.1,6.04,5.66,5.9,5.73,5.82,5.6,6.28,6.05,6.16,6.24,5.81,5.94,5.96,5.88,6.2,5.96,6.34,6.42,6.18,5.77,5.9,5.84,6.17,6.01,7.33,6.16,5.98,5.91,6.29,5.82,5.92,5.96,6.06,6.07,5.99,5.86,5.68,5.85,5.8,5.8,5.85,5.82,6.58
CLEC16A,4.98,4.88,5.07,4.98,4.87,4.72,4.55,4.75,4.95,5.06,4.99,5.18,4.86,4.67,5.16,5.16,5.34,4.92,5.04,5.08,5.73,5.23,4.93,5.23,5.34,5.8,5.04,5.2,4.95,4.99,5.96,4.75,5.16,5.28,5.4,5.16,4.9,5.19,4.98,5.47,5.24,5.17,4.82,4.46,5.08,5.48,5.14,4.87,5.03,4.99
CLEC17A,5.32,5.81,5.43,5.59,5.76,5.4,5.77,5.52,5.48,5.32,5.57,5.42,5.56,6.45,5.56,5.31,5.74,5.64,5.24,5.55,5.37,5.69,5.41,5.31,5.56,5.29,5.39,5.54,5.74,7.13,5.72,7.4,5.43,5.23,5.41,5.42,5.08,5.57,5.93,5.37,5.1,5.51,5.49,6.21,5.3,5.13,5.13,5.46,5.33,5.68
CLEC17A,4.35,4.24,4.22,4.24,4.36,4.81,4.67,4.58,4.03,4.33,4.4,4.29,3.97,5.25,4.3,4.6,4.37,4.12,4.25,4.29,4.18,4.12,4.12,4.53,4.61,4.54,4.61,4.68,4.04,4.16,5.19,6.45,4.28,4.25,4.34,4.48,4.45,4.42,4.55,4.22,4.71,4.92,4.56,5.59,4.46,4.72,4.49,4.45,4.08,4.95
CLEC18A /// CLEC18B /// CLEC18C,4.68,4.96,4.32,4.74,5.44,4.7,4.32,4.88,4.62,4.77,4.98,5.04,4.7,5.87,4.67,4.77,4.49,5.11,4.63,4.88,4.58,4.93,5.14,4.69,4.89,4.81,4.9,4.92,5.11,5.23,6.07,5.11,4.86,4.46,4.56,4.51,4.8,4.5,5.54,4.89,4.7,5.07,4.74,6.65,5.4,5.19,4.73,4.62,4.94,4.61
CLEC18B,3.75,3.64,3.64,3.93,3.98,3.69,3.59,3.53,3.55,3.8,4,3.67,3.66,4.77,3.66,3.48,3.66,3.63,3.65,3.64,4.07,3.78,3.89,3.7,3.46,3.51,3.96,3.7,3.75,4.21,4.02,3.92,4,3.71,3.67,3.66,4.44,3.65,3.58,3.49,3.62,3.6,3.88,4.24,3.35,4.15,3.43,3.74,3.76,3.82
CLEC1A,4.36,4.08,4.65,4.65,4.55,4.58,4.72,4.15,4.39,4.17,4.52,4.49,4.27,6.01,4.56,4.61,4.52,4.43,4.36,4.44,4.14,4.59,4.65,4.2,4.42,4.22,4.29,4.35,4.46,4.61,5.74,5.81,4.43,4.65,4.49,4.31,4.56,4.71,4.81,4.07,4.3,4.71,4.53,6.22,4.31,4.65,4.49,4.28,4.51,5.79
CLEC1A,4.09,4.37,4.39,4.03,5,4.16,6.05,4.1,4.1,4.26,4.38,4.31,4.35,5.41,4.23,4.64,4.22,4.33,4.44,4.01,4.12,4.36,4.32,4.27,4.67,3.79,4.25,4.57,4.23,4.37,4.41,5.14,4.34,4.27,4.14,4.36,4.12,4.19,4.46,4.18,4.28,4.14,4.45,4.71,4.13,4.04,4.4,3.93,4.04,4.47
CLEC1A,5.08,5.35,4.99,5.24,4.96,5.11,5.04,4.85,5.15,5.15,5.35,5.23,5.28,5.97,5.33,5.07,4.78,5.25,5.29,4.87,5.02,5.39,5.11,4.8,4.8,4.63,4.96,5.24,5.07,7.49,7.61,5.78,5.26,4.98,5.36,4.88,5.07,5.07,5.84,4.97,5.08,5.13,5.3,6.34,4.64,4.8,5.06,5.17,4.96,5.41
CLEC1A,3.55,4.09,3.5,3.53,3.7,3.51,4.39,3.73,3.97,3.96,3.97,4.35,3.93,3.79,3.72,3.56,3.88,3.98,3.55,3.57,3.75,3.93,3.94,3.74,3.5,3.51,3.75,3.68,3.81,6.06,3.82,4.24,3.92,3.79,3.92,3.67,3.77,3.51,4.68,3.57,3.64,3.45,3.66,4.38,3.73,3.48,3.79,3.94,3.5,3.97
CLEC1B,3.81,3.99,3.98,3.81,3.96,4,3.97,3.87,3.88,4.01,4.15,3.91,3.9,4.47,4.08,3.95,3.96,3.63,4.12,3.81,4.12,4.04,3.98,3.75,3.79,3.83,3.97,3.89,3.87,4.66,4.78,4.14,3.83,4.01,3.73,3.67,4.32,3.73,3.89,3.99,3.9,3.71,4.31,4.27,4.16,4.11,3.95,3.89,3.71,4.34
CLEC2A,3.4,3.63,3.43,3.46,3.19,3.55,3.57,3.32,3.36,3.64,3.53,3.41,3.73,4.32,3.47,3.44,3.45,3.53,3.59,3.3,3.43,3.4,3.33,3.4,3.62,3.42,3.63,3.47,3.36,3.4,3.3,4.24,3.54,3.47,3.33,3.22,4.31,3.47,3.28,3.23,3.38,3.41,3.45,4.97,3.41,3.29,3.33,3.45,3.59,4.49
CLEC2A,4.28,4.48,4.04,4.29,4.67,4.54,4.61,4.15,4.46,4.28,4.63,4.61,4.72,4.89,4.43,4.24,4.19,4.17,4.15,4.21,4.55,4.48,4.52,4.27,4.22,4.1,4.36,4.37,4.52,4.52,5.36,4.72,4.39,4.26,4.36,4.23,4.18,4.01,4.47,4.22,4.42,4.12,4.71,6.15,4.5,3.94,4.19,4.41,4.27,6.62
CLEC2A,3.67,3.77,3.5,3.52,3.76,3.55,3.54,3.38,3.59,3.54,3.8,3.79,3.93,3.68,3.44,3.35,3.81,3.76,3.62,3.53,3.38,3.6,3.73,3.4,3.55,3.54,3.57,3.56,3.68,3.97,5.3,3.68,3.81,3.6,3.4,3.4,3.69,3.48,4,3.28,3.58,3.7,3.7,3.83,3.87,3.66,3.68,3.55,3.52,3.48
CLEC2B,4.86,5.04,5.34,5.33,5.11,5.57,5.37,5.58,4.77,4.73,5.47,5.34,5.02,6.04,4.8,4.31,4.51,5.54,5.57,5.35,5.02,5.1,4.5,4.66,4.74,4.97,5.33,5.13,5.55,5.68,5.65,5.99,5.08,4.84,5.05,5.21,5.25,5.06,5.49,5.57,5.26,5.37,4.21,6.56,5.9,6.21,6.06,5.48,5.5,5.32
CLEC2B,3.95,4.19,3.93,3.91,4.03,3.99,4.16,3.92,3.86,4.12,4.06,4.05,4.03,4.49,3.89,3.85,3.98,4.06,3.84,3.62,4.18,3.86,3.88,3.78,4.07,3.67,4.36,4.01,4.48,4.45,4.41,4.83,3.94,3.77,4.01,3.8,3.76,3.9,4.36,3.92,3.88,3.98,4.03,4.52,4.07,4.17,3.83,3.77,3.96,4.69
CLEC2D,8.06,8.07,8.14,8.22,8.26,8.18,7.23,8.32,8.27,8.19,8.32,8.17,7.95,7.12,8.2,8.35,8.24,8.59,8.52,8.55,7.99,8.16,8.29,8.1,8.09,8.18,8.14,8.21,8.21,7.69,6.78,6.18,8.07,8,8.03,8.31,8.23,8.31,7.67,8.23,8.25,8.16,7.89,6.7,8.31,7.97,8.32,8.2,8.35,6.89
CLEC2D,10.24,10,9.89,10.03,9.66,9.84,10.04,9.79,10.3,10.1,9.84,9.82,10.18,8.1,9.99,10.03,10.1,10.15,10.23,10.26,10.09,9.9,9.77,9.82,9.81,9.94,10.02,9.86,9.85,8.86,7.75,7.53,10.01,9.95,9.84,10,9.86,10.05,9.46,10.05,10.08,9.28,9.16,5.77,10.12,9.94,10.01,9.9,10.01,7.93
CLEC2D,10.69,10.6,10.5,10.63,10.3,10.49,10.44,10.59,10.74,10.64,10.4,10.57,10.73,8.53,10.6,10.56,10.69,10.84,10.86,10.87,10.86,10.5,10.46,10.39,10.29,10.64,10.67,10.6,10.71,10.05,9.4,8.58,10.64,10.54,10.64,10.48,10.58,10.6,10.54,10.65,10.64,10,10.14,9.19,10.6,10.39,10.44,10.62,10.66,9.36
CLEC2D,10.77,10.82,10.6,10.67,10.57,10.6,10.71,10.39,10.81,10.71,10.66,10.5,10.84,9.88,10.49,10.66,10.81,10.79,10.75,10.85,10.9,10.55,10.67,10.37,10.38,10.6,10.74,10.54,10.68,10.51,9.9,10.26,10.61,10.51,10.51,10.53,10.67,10.57,10.7,10.66,10.77,10.05,10.39,9.26,10.73,10.67,10.56,10.6,10.83,10.48
CLEC2L,4.65,4.54,4.69,4.59,4.48,4.62,4.32,4.84,4.69,4.63,5.07,4.66,4.52,5.32,4.72,4.59,4.34,4.87,4.51,4.66,4.72,5.02,4.85,4.39,4.51,4.65,4.26,4.58,4.9,4.65,4.86,5.22,4.72,4.51,5.02,4.84,4.28,4.7,4.66,4.42,5.13,4.62,4.45,5.97,4.48,4.68,4.91,4.55,4.49,5.92
CLEC3A,3.44,3.73,3.63,3.67,3.7,3.86,4.59,3.66,3.7,3.53,3.53,3.6,3.83,5.79,3.48,3.83,3.75,3.44,3.66,3.58,3.68,3.65,3.65,3.25,3.69,3.69,3.58,3.69,3.87,4.31,6.25,5.08,3.48,3.79,3.76,3.45,3.56,3.78,3.85,3.61,3.74,3.48,3.74,4.91,3.76,3.61,3.64,3.58,3.69,4.7
CLEC3B,4.87,5.11,5.12,4.59,5.21,5.02,4.72,4.94,5.02,5.01,5.23,5.01,5.1,5.7,4.93,4.86,4.67,5.13,5.19,4.77,5.1,5.17,5.17,4.87,4.91,4.57,4.77,4.92,4.97,4.02,5.41,7.24,4.58,4.85,4.94,4.81,4.94,4.71,5.03,4.8,4.96,5.17,5.26,6.16,5.56,4.67,5,4.85,5.23,6.45
CLEC4A,6.21,5.82,6.26,6.37,6.01,6.13,6.4,6.22,6.09,6.14,6.33,6.16,5.95,6.4,6.4,6.18,6.13,6.06,5.8,5.97,5.97,6.16,6.52,5.94,6.01,6.33,5.96,6.11,6.23,6.04,6.26,6.97,5.56,5.9,5.66,6.01,5.59,5.86,5.29,6.5,6.39,6.32,6.27,7.09,6.16,6.1,5.6,5.91,6.52,7.03
CLEC4C,3.47,3.26,3.84,3.68,3.38,3.77,4.14,3.43,3.42,3.45,3.51,3.6,3.4,3.73,3.73,3.64,3.58,3.65,3.76,3.49,3.58,3.47,3.38,3.46,3.39,3.68,3.47,3.63,3.69,4.24,4.81,4.38,3.86,3.75,3.51,3.31,3.5,3.64,4.15,3.77,3.76,3.91,3.98,4.77,3.42,3.72,3.55,3.52,3.55,3.61
CLEC4C,4.28,4.26,4.31,4.5,4.65,4.38,4.37,4.56,4.33,4.36,4.78,4.55,4.35,5.07,4.52,4.07,4.28,4.35,4.25,4.24,4.14,4.31,4.3,4.12,4.36,4.46,4.39,4.36,4.37,4.49,4.62,5.3,4.37,4.25,4.29,4.11,5.04,4.39,5.01,4.88,4.21,4.45,4.25,4.3,4.21,4.27,4.21,4.18,4.25,6.04
CLEC4C,4.96,5.31,4.84,4.89,4.79,4.69,4.95,4.56,4.84,4.81,5.01,5.1,5.16,5.24,4.73,4.85,4.88,5,4.89,4.73,5.12,4.9,4.71,4.82,4.86,4.8,4.58,4.71,4.84,5.06,4.91,5.03,5.02,4.89,4.89,4.91,4.68,4.6,4.95,4.87,4.73,4.89,4.79,5.52,4.65,4.8,4.53,5.04,4.8,5.97
CLEC4D,4.13,4.01,4.01,4.19,4.09,3.64,4.75,4.39,4.04,4.06,4.11,4.38,4.21,4.26,4.13,3.91,3.98,4.2,4.11,3.93,4.27,3.99,3.96,4.23,3.83,3.91,3.89,4.39,3.86,4.38,5.7,5.39,4.13,4.11,4.19,4.03,4.19,3.99,4.17,4.19,4.02,4.33,3.91,5.2,4.36,3.92,4.09,4.23,4.06,4.96
CLEC4D,4.41,4.46,4.42,4.56,4.4,4.2,4.73,4.64,4.51,4.75,4.45,4.5,4.48,5.67,4.35,4.48,4.34,4.43,4.07,4.6,4.37,4.53,4.67,4.16,4.92,4.53,4.25,4.6,4.62,4.41,5.3,4.5,4.47,4.67,4.62,4.5,3.96,4.35,4.33,4.36,4.78,4.48,4.54,4.52,4.27,4.4,4.4,4.49,4.28,5.88
CLEC4E,4.57,4.68,4.86,4.85,5.07,4.63,4.02,4.56,4.77,4.59,4.75,4.87,4.52,6.53,4.8,5.25,4.86,5.15,4.53,4.92,4.77,4.62,4.75,4.72,4.7,4.5,4.64,4.78,4.89,6.45,7.23,6.06,4.87,4.68,4.74,4.97,4.53,4.39,4.32,4.35,4.39,4.43,4.67,5.42,5.14,4.53,5.16,4.98,4.5,8.34
CLEC4E,3.96,4.02,4.06,3.97,4.1,4.13,4.15,4.11,3.99,4.08,4.07,4.2,3.94,4.58,4.29,4.23,4.3,4,3.87,4.11,4.16,4.46,4.15,4.49,4.17,3.99,3.91,4.08,4.14,3.89,4.47,4.74,4.19,4.24,3.91,4.11,4.09,4.2,4.97,4.23,4.05,3.9,3.97,4.5,4.44,4.25,4.24,3.85,4.17,4.81
CLEC4F,5.14,5.26,5.38,5.34,5.53,5.34,4.53,5.12,5.16,5.08,5.17,5.29,4.97,6.17,5.36,5.23,5.37,5.28,5.15,5.04,5.17,5.18,5.12,5.04,5.26,5.08,5.24,5.25,5.33,6.74,5.94,5.19,5.14,5.28,5.26,4.9,4.77,5.45,4.97,5.39,5.37,5.33,4.94,5.18,5.35,5.43,5.14,5.09,4.51,5.52
CLEC4F,4.12,4.01,4.01,4.18,4.01,3.97,4.18,4.52,4.09,3.99,4.14,4.11,4.19,4.54,3.97,4.18,3.92,4.06,4.18,4.1,4.03,4.1,4.12,4.22,4.11,4.11,4.06,4.23,4.18,5.91,4.05,4.3,4.07,3.93,4.23,3.99,4.35,4.16,4.66,4.08,4.29,4.29,3.94,5.09,4.11,4.25,4.6,4.09,3.89,3.94
CLEC4F,3.95,4.17,4.2,4.2,4.16,4.53,4.95,3.78,3.88,3.99,4.13,4.02,3.9,6.11,4.19,4.04,4.16,4.16,4.12,3.84,4.35,4.06,4.05,4.39,4.09,4.2,3.88,4.01,3.95,5.13,5.91,6.1,4.09,4.02,4.27,3.96,4.18,4.15,4.96,3.85,4.45,3.94,3.94,4.54,3.76,4.1,4.78,3.82,3.84,4.64
CLEC4G,4.82,4.78,5.13,4.97,5.22,5.57,5.23,4.94,4.68,4.77,4.98,4.84,5.02,5.22,4.63,5.15,4.56,5.01,4.86,4.72,4.95,5.14,4.84,4.79,4.7,5.12,5.23,5.18,5.16,6.1,5.66,5.06,4.91,4.8,4.81,4.71,5.13,4.79,5.63,5.24,4.89,4.98,5.18,5.82,5.15,4.91,4.57,5.05,5.03,5.86
CLEC4G,3.85,4.14,4.23,3.89,3.92,4.11,3.96,3.83,3.88,3.86,4.14,3.98,3.97,4.63,4.15,3.85,4,4.02,4.04,4.03,3.85,4.25,3.89,3.95,3.95,4,3.94,3.99,4.06,4.35,6.13,7.11,3.93,3.92,3.78,4.28,3.63,3.99,4.06,3.96,4.08,3.72,3.81,4.86,4.54,4.09,3.86,3.98,3.79,5.08
CLEC4G,3.77,4.01,4.13,3.88,3.87,3.81,3.57,3.77,3.81,4.18,4.06,3.98,4.11,5.68,3.97,4.24,3.99,4.1,3.87,3.97,4.05,4.15,4.12,3.82,4.1,3.89,4.14,4.06,3.78,4.12,7.67,4.94,3.93,3.89,3.97,3.76,3.9,4.11,4.09,4,4.19,4.38,3.79,5.42,3.85,3.82,4.18,3.78,3.9,5.16
CLEC4G,4.18,4.34,4.31,4.44,4.68,4.27,4.14,4.18,4.15,4.26,4.29,4.13,4.09,5.28,4.14,4.27,4.25,4.44,4.15,4.27,4,4.28,4.39,3.93,3.89,4.3,4.18,4.15,4.43,4.85,5.03,4.03,4.31,4.38,4.15,4.02,4.12,4.17,4.33,4.23,4.02,4.2,4.41,4.6,4.33,3.99,4.45,4.44,4.03,5.51
CLEC4M,4.62,4.81,4.74,4.81,4.87,4.66,4.61,4.88,4.68,4.48,4.72,4.81,4.83,4.9,4.73,4.69,4.55,4.79,4.7,4.95,4.98,4.83,4.77,4.82,4.84,4.68,5.01,4.99,4.83,5.03,6.52,5.12,4.79,4.82,4.76,4.65,4.98,4.54,4.11,4.57,4.61,4.67,4.77,5.77,4.57,4.88,4.65,4.69,4.64,5.43
CLEC4M,3.81,3.85,3.93,4.04,3.94,3.78,4.65,3.97,3.85,3.82,4.2,3.89,3.78,5.65,3.79,4.3,3.81,4,3.8,3.69,4.12,3.84,3.87,3.79,4.03,4.21,4.2,3.88,4.23,5.29,6.09,5.83,4.16,4.28,4.03,3.86,4.24,3.75,3.9,4.39,3.75,4.06,4.35,4.38,3.98,4.24,3.88,3.76,3.67,4.48
CLEC4M,4.77,4.61,4.56,4.72,5.2,4.56,5.23,4.57,4.42,5.04,4.79,4.68,4.68,5.63,4.79,4.72,4.52,5.09,4.8,4.81,4.73,4.75,4.67,4.67,4.71,5.05,4.74,4.89,4.99,4.94,6.51,4.79,4.47,4.6,4.67,4.64,4.75,4.87,5.32,4.8,4.5,4.86,4.52,5.7,4.38,5.04,4.31,4.71,4.64,4.66
CLEC4M,3.61,3.5,3.61,3.67,3.54,3.66,4.27,3.69,3.8,3.9,3.72,3.74,3.44,4.69,3.75,3.91,3.47,4.03,3.68,3.46,3.35,3.68,3.6,3.71,3.95,3.44,3.84,3.64,3.81,5.03,5.49,4.65,3.54,3.68,3.79,3.58,3.51,3.61,4.17,3.59,3.84,3.53,3.81,4.66,3.88,3.96,3.66,3.71,3.72,4.63
CLEC4M,4,3.93,3.87,4.07,4.12,4.14,4.83,3.85,3.95,4.09,3.92,3.9,3.84,4.11,4.03,4.45,4.03,3.96,3.79,4.24,4.08,3.84,3.88,3.76,4.15,3.89,4.22,4.04,3.84,5.37,4.82,6.2,3.93,3.85,3.95,4.15,4.38,3.85,4.29,3.84,4.02,3.95,4.08,4.27,4.07,4.1,4.09,3.96,4.03,5.37
CLEC4M,4.57,4.41,4.6,4.6,4.72,4.98,5.14,5.22,4.49,4.45,4.43,4.48,4.31,5.36,4.48,4.31,4.44,4.47,4.54,4.72,4.89,4.68,4.49,4.68,4.58,4.6,4.38,4.7,4.51,5.16,6.37,5.94,4.53,4.43,4.64,4.55,4.72,4.74,5.24,4.69,4.79,4.78,4.96,5.98,4.84,4.95,4.53,4.68,4.47,5.64
CLEC4M,3.62,3.82,3.73,3.58,3.94,3.79,4.5,3.86,3.55,3.7,3.64,3.55,3.51,4.17,3.73,3.6,3.84,3.67,4.05,3.67,3.82,3.72,3.82,3.84,3.72,3.77,3.93,3.62,3.75,4.91,4.41,4.76,3.63,3.6,3.64,3.7,4.24,3.83,4.46,3.93,3.75,3.78,4.36,4.17,3.81,4.38,4,3.82,3.79,4.03
CLEC4M,3.97,3.79,4.04,3.97,4.14,4.42,4.48,3.97,3.85,3.89,3.93,4.1,4.09,5.86,4.08,4.33,4.08,3.91,3.84,3.99,4,4.07,3.99,4.09,4.01,4.23,3.89,3.97,3.81,3.67,5.86,5.46,3.91,3.75,4.15,3.92,4.05,4.04,3.97,3.94,4.03,4.04,3.8,4.97,4.12,3.93,3.75,4,4.1,5.35
CLEC4M,4.6,4.67,4.64,4.6,5.28,4.89,4.66,4.66,4.73,4.61,4.83,4.86,4.77,5.9,4.74,5.26,4.7,4.59,5.02,4.62,4.86,5.01,4.83,4.77,4.8,4.61,4.8,4.99,4.64,4.36,4.85,4.74,4.63,4.83,4.77,5.03,4.75,4.6,4.73,4.87,5.33,5.34,5.18,5.86,4.91,4.69,5.14,4.93,4.9,5.27
CLEC4M,4.17,4.57,4.57,4.41,4.6,4.62,4.77,4.38,4.54,4.41,4.63,4.52,4.42,5.79,4.29,4.26,4.37,4.63,4.42,4.46,4.7,4.48,4.32,4.58,4.39,4.37,4.78,4.74,5.03,4.86,5.65,5.68,4.42,4.44,4.48,4.56,4.52,4.42,3.98,4.7,4.54,4.83,4.58,5.79,5.04,4.06,4.59,4.57,4.75,6.57
CLEC5A,3.62,3.59,3.43,3.82,3.61,3.7,3.79,3.57,3.43,3.44,3.68,3.39,3.47,3.91,3.4,3.4,3.84,3.48,3.49,3.53,3.46,3.62,3.52,3.47,3.93,3.35,3.72,3.6,3.51,4.31,5.21,5.4,3.68,3.76,3.51,3.62,3.81,3.54,4.48,3.54,3.48,3.46,3.52,5.69,3.63,3.54,3.67,3.64,3.37,4.11
CLEC5A,4.04,3.81,3.63,3.64,3.57,3.73,3.8,3.44,3.65,3.6,3.7,3.73,3.64,4,3.55,3.95,3.64,4,3.7,3.67,3.75,3.82,3.76,3.58,3.6,3.64,3.65,3.6,3.67,4.27,5.36,4.35,3.64,3.68,3.74,3.53,3.78,3.5,4.13,3.33,3.53,3.83,3.61,3.99,3.45,4.01,3.61,3.69,3.88,3.78
CLEC5A,4.34,4.57,4.32,4.24,4.64,4.27,4.09,4.66,4.36,4.33,4.36,4.21,4.28,4.35,4.03,4.42,4.23,4.39,4.26,4.23,4.31,4.33,4.24,4.36,4.45,3.87,4.47,4.47,4.4,4.61,4.3,4.69,4.51,4.22,4.56,4.34,4.31,4.48,5.07,4.33,4.26,4.38,4.55,4.6,4.17,4.24,4.41,4.05,4.05,5.23
CLEC6A,3.83,3.79,3.61,3.69,3.91,3.9,3.9,3.7,3.59,3.47,3.6,3.81,3.79,4.98,3.82,3.74,3.73,3.72,3.84,4.2,3.72,3.69,3.66,3.69,3.65,3.72,3.76,3.7,3.58,5.33,5.51,4.12,3.86,3.61,3.7,4.07,3.77,3.55,3.73,3.6,3.77,4.05,3.97,4.6,4.3,4.17,4.52,3.69,3.65,4.32
CLEC6A,3.76,3.99,3.47,3.73,3.67,3.94,4.27,3.9,3.83,3.9,4.19,3.75,3.73,4.73,3.8,3.78,4.04,3.64,3.63,3.75,3.74,3.84,3.82,3.58,3.63,3.76,3.85,3.86,3.86,3.86,5.25,6.11,3.69,3.71,3.64,3.72,3.72,4.08,3.98,3.78,3.81,3.8,3.74,4.59,3.5,3.77,3.7,3.7,3.72,4.7
CLEC7A,3.64,3.67,3.41,3.45,3.71,3.64,3.65,3.52,3.53,3.65,3.54,3.48,3.54,4.81,3.65,3.47,3.53,3.48,3.65,3.48,3.58,3.68,3.57,3.52,3.39,3.66,3.7,3.39,3.51,3.81,5.29,4.19,3.58,3.47,3.56,3.52,3.58,3.36,3.88,3.43,3.56,3.49,3.85,5.07,3.54,3.78,3.78,3.35,3.62,4.31
CLEC7A,4.1,4.19,3.65,4.24,4,3.98,4.41,4.13,4.15,3.64,4.24,3.78,4.03,4.05,3.91,3.84,4.06,4.09,4.23,3.85,4.27,3.92,3.84,4.14,3.84,3.99,4.06,4.09,4.42,4.42,3.98,3.84,3.98,4.36,3.96,4.24,3.73,3.75,4.07,4.09,3.96,3.82,3.88,4.2,3.76,3.9,4.08,3.97,4.32,4.33
CLEC7A,3.56,3.63,3.47,3.53,3.63,3.33,3.26,3.74,3.39,3.35,3.45,3.4,3.53,4.64,3.61,3.83,3.5,3.37,3.45,3.3,3.39,3.38,3.62,3.53,3.65,3.27,3.4,3.44,3.69,4.49,5.08,4.6,3.19,3.25,3.4,3.19,3.66,3.38,3.8,3.54,3.64,3.42,3.76,4.57,3.26,3.55,3.33,3.3,3.25,3.69
CLEC7A,3.64,3.66,3.46,3.76,3.48,3.75,3.51,3.53,3.51,3.54,3.7,3.6,3.49,4.37,3.6,3.72,3.49,3.7,3.49,3.41,3.48,3.66,3.5,3.61,3.64,3.65,3.48,3.63,3.82,3.81,4,5.52,3.55,3.47,3.45,3.57,3.83,3.58,3.83,3.53,3.61,3.59,3.36,6.22,3.59,3.83,3.64,3.81,3.5,5.93
CLEC7A,3.86,3.73,3.71,3.54,3.59,4.5,4.16,3.7,3.7,3.78,3.72,3.75,3.74,4.09,3.72,3.76,3.69,3.66,3.69,3.69,3.86,3.63,3.77,3.62,3.79,3.67,3.65,3.65,4.36,3.62,5.67,4.11,3.46,3.93,3.84,3.71,3.86,4.02,4,3.57,3.96,3.64,3.85,4.45,3.55,4.01,3.87,3.87,3.62,4.53
CLEC7A,3.3,3.36,3.42,3.39,3.33,3.38,3.73,3.52,3.45,3.53,3.5,3.45,3.76,4.36,3.57,3.59,3.35,3.46,3.52,3.32,3.54,3.46,3.33,3.46,3.62,3.33,3.54,3.45,3.53,3.85,4.41,3.62,3.56,3.63,3.36,3.41,4.02,3.33,4.47,3.54,3.55,3.53,3.33,5.38,3.51,3.7,3.69,3.27,3.61,4.07
CLEC7A,4.02,4.6,3.9,4.08,4.02,4.35,4.78,3.93,4.26,4,4.36,4.69,4.43,4.7,4.07,3.99,4.25,4.14,3.81,3.89,4.75,4.29,4.13,4.15,3.83,4.13,4.12,4.13,4.08,4.13,4.6,5.2,4.58,4.15,4.11,4.05,4.24,3.89,4.07,4.01,4.14,4.1,3.83,4.1,3.77,3.88,4.03,4.07,4.1,4.95
CLEC7A,3.6,3.43,3.5,3.35,3.79,3.85,4.17,3.74,3.71,3.38,3.75,3.33,3.47,4.56,3.53,3.44,3.49,3.58,3.51,3.3,3.53,3.52,3.51,3.48,3.39,3.23,3.64,3.39,3.54,3.43,4.09,4.86,3.4,3.53,3.59,3.88,3.52,3.68,5.09,3.37,3.53,3.9,3.55,4.76,3.59,3.55,3.72,3.69,3.61,4.95
CLEC7A,3.21,3.14,3.39,3.49,4.13,3.29,4,3.44,3.17,3.22,3.33,3.32,3.15,3.71,3.29,3.48,3.24,3.37,3.2,3.33,3.19,3.29,3.2,3.18,3.38,3.24,3.17,3.31,3.37,5.68,5.42,4.4,3.57,3.24,3.19,3.36,3.5,3.29,3.87,3.24,3.31,3.84,4.26,4.17,3.36,3.26,3.43,3.22,3.18,3.71
CLEC7A,3.28,3.46,3.43,3.41,3.6,3.5,4.85,3.95,3.44,3.42,3.75,3.47,3.23,3.61,3.45,3.59,3.33,3.47,3.48,3.17,3.63,3.55,3.47,3.48,3.42,3.55,3.44,3.52,3.6,3.94,4.11,3.67,3.41,3.63,3.64,3.17,3.54,3.33,4,3.9,3.32,3.21,3.84,3.6,3.54,3.94,3.58,3.58,3.44,4.81
CLEC7A,4.49,5.38,4.57,4.41,4.83,4.63,5.39,4.27,4.57,4.64,4.64,5.41,5.18,5.98,4.98,4.44,4.49,4.78,4.33,4.42,4.73,5.02,5.31,4.42,4.58,4.26,4.58,4.89,5.04,4.24,5.65,5.62,4.82,4.42,4.68,4.19,4.59,4.6,5.08,4.82,4.54,5.06,4.42,5.57,4.25,4,4.25,4.56,4.31,4.88
CLEC7A,3.68,3.89,3.8,4,4.48,4.05,4.08,3.46,4.18,3.73,4.11,3.85,3.75,5.61,3.99,3.94,3.7,3.94,3.87,3.91,3.88,3.83,3.96,3.83,3.62,3.95,4.04,4.09,3.8,4.07,4.58,4.26,3.76,3.95,3.87,3.82,4,3.71,3.8,3.58,3.98,3.89,3.98,5.36,3.8,3.61,3.89,3.9,3.85,4.06
CLEC9A,3.66,3.79,3.86,3.49,3.58,3.48,3.65,3.42,3.62,3.77,3.81,3.79,3.75,4.82,3.52,3.62,3.77,3.66,3.49,3.4,3.72,3.66,3.63,3.62,3.67,3.59,3.44,3.51,3.63,5.03,4.05,3.94,4.07,3.75,3.61,3.67,3.68,3.82,3.59,3.36,3.51,3.62,3.55,4.77,3.54,3.64,3.42,3.54,3.7,4.12
CLECL1,7.25,6.98,7.32,7.39,7.21,7.15,6.96,7.29,7.18,7.35,7.38,7.27,7.1,6.95,7.23,7.22,7,7.64,7.49,7.48,6.83,6.98,7.06,7.31,7.1,7.09,7.15,7.31,7,7.98,7.3,7.6,6.2,6.86,6.94,7.22,6.98,7.17,7.6,7.61,7.33,6.88,7.14,7.1,6.6,6.85,6.83,7.49,7.17,7.44
CLGN,3.4,3.45,3.75,3.52,3.67,3.59,3.44,3.45,3.51,3.68,3.57,3.52,3.61,4.05,3.49,3.37,3.86,3.67,3.66,3.33,3.51,3.45,3.63,3.83,3.74,3.91,3.54,3.55,3.41,4.91,4.21,4.57,3.5,3.7,3.63,3.74,3.45,3.76,4.07,3.74,3.45,3.53,3.72,4.37,3.67,3.41,3.54,3.62,3.59,4.16
CLGN,3.55,3.51,3.59,3.41,3.5,3.93,3.91,3.74,3.46,3.52,3.35,3.47,3.6,3.83,3.58,3.46,3.63,3.49,3.54,3.51,3.36,3.2,3.43,3.36,3.34,3.4,3.41,3.46,3.49,3.43,5,3.71,3.43,3.37,3.65,3.57,3.5,3.35,4.15,3.88,3.25,3.48,3.48,4.89,3.49,3.34,3.38,3.5,3.79,3.96
CLGN,3.97,3.75,3.92,3.88,4,3.68,3.91,3.49,3.71,3.77,3.74,3.76,3.85,4.7,3.8,3.78,3.79,3.91,3.89,3.46,3.54,3.83,3.94,3.79,3.82,3.52,4,3.68,4.03,4.74,5.15,4.94,4.02,3.83,3.9,3.75,3.79,3.76,3.77,3.55,3.7,3.87,3.79,4.5,3.74,3.71,3.98,3.57,3.7,3.77
CLGN,3.32,3.22,3.39,3.33,4.02,3.24,3.8,3.26,3.43,3.33,3.32,3.14,3.24,3.96,3.25,3.33,3.15,3.33,3.24,3.12,3.2,3.36,3.24,3.37,3.35,3.32,3.33,3.43,3.38,3.67,3.86,4.32,3.13,3.46,3.44,3.36,3.33,3.38,4.09,3.39,3.18,3.61,3.39,3.3,3.3,3.98,3.23,3.27,3.36,3.65
CLGN,3.45,3.69,3.45,3.57,3.64,3.52,3.98,3.37,3.55,3.52,3.95,3.51,3.62,3.86,3.63,3.7,3.56,3.58,3.39,3.76,3.61,3.64,3.63,3.44,3.42,3.46,3.71,3.54,3.51,4.26,5.22,4.14,3.62,3.78,3.74,3.68,3.52,3.68,4.36,3.53,3.6,3.89,3.37,4.31,3.72,3.56,3.69,3.55,3.85,3.74
CLIC1,11.54,11.56,11.67,11.54,11.6,11.67,11.49,11.49,11.67,11.49,11.44,11.6,11.64,9.23,11.51,11.45,11.62,11.69,11.76,11.68,11.54,11.44,11.6,11.61,11.55,11.62,11.64,11.48,11.63,11.67,8.81,10.22,11.43,11.21,11.3,11.38,11.49,11.53,11.51,11.74,11.69,11.53,11.58,9.62,11.41,11.43,11.29,11.65,11.66,9.05
CLIC1,11.52,11.41,11.49,11.43,11.38,11.54,11.56,11.25,11.53,11.44,11.28,11.49,11.59,9.68,11.36,11.42,11.39,11.51,11.59,11.43,11.48,11.36,11.44,11.53,11.37,11.55,11.51,11.37,11.5,11.47,9.19,9.98,11.26,11.19,11.03,11.29,11.37,11.36,11.6,11.4,11.53,11.39,11.42,9.57,11.26,11.33,11.16,11.5,11.52,8.95
CLIC1,11.75,11.79,11.88,11.78,11.72,11.83,11.73,11.85,11.8,11.76,11.61,11.81,11.8,10.09,11.74,11.72,11.79,11.89,11.99,11.92,11.71,11.63,11.78,11.86,11.8,11.81,11.85,11.74,11.79,11.61,9.44,10.26,11.57,11.57,11.53,11.71,11.63,11.73,11.56,11.91,11.87,11.7,11.73,10.2,11.62,11.58,11.54,11.83,11.79,9.83
CLIC2,5.68,6.21,5.88,5.77,5.66,5.88,5.62,5.71,6.02,5.86,6.01,5.95,5.98,5.59,6.18,5.96,6.46,5.91,6.23,5.78,6.27,6.17,6.57,6.34,6.12,6.07,5.77,5.66,6.07,6.12,6.84,6.31,5.67,5.97,5.72,6.19,6.13,5.8,6.09,5.84,5.76,6.35,5.99,5.85,6.86,6.15,6.45,6.04,6.52,5.68
CLIC2,5.48,5.39,5.5,5.8,5.18,5.31,5.78,5.69,5.89,5.9,5.13,5.81,5.56,5.21,6.38,6.17,6.18,6,5.71,5.96,5.73,6.05,5.55,6.47,6.01,6.18,5.6,5.75,5.21,5.6,6.73,3.98,5.94,5.91,5.96,5.76,5.4,6.13,6.44,5.8,5.93,5.58,6.02,5.42,6.23,6.58,6.68,5.97,5.88,4.12
CLIC2,5.03,5.06,5.01,5.13,5.06,5.36,5.31,5.18,4.9,5.27,5.11,5.02,5.07,5.13,5.44,5.15,5.21,5.43,5.41,5.19,5.23,5.31,5.04,5.28,5.83,5.51,5.13,5.21,5.16,4.66,5.57,5.76,5.13,5.21,5.4,5.14,4.81,5.32,5.58,5.19,5.35,5.32,5.44,5.47,5.6,5.47,5.42,5.42,5.21,5.18
CLIC3,3.4,3.6,3.54,3.73,3.88,3.73,4.35,3.55,3.65,3.58,3.73,3.46,3.57,4.35,3.42,3.68,3.67,3.82,3.7,3.69,3.72,3.42,3.67,3.67,3.55,3.79,3.79,3.79,3.77,3.71,4.21,5.25,3.86,3.73,3.88,3.91,3.74,3.93,4.46,3.96,3.75,3.76,4.33,4.59,3.7,3.55,3.55,3.86,3.57,4.78
CLIC4,5.99,6.14,6.2,5.83,5.77,6.23,5.05,5.72,6.01,6.07,6.23,6.08,6.07,6.29,5.96,5.66,6.1,5.49,5.53,5.59,5.83,5.47,6.04,5.91,5.82,6.2,6.15,5.86,6.04,5.1,5.82,8.31,6.95,6.44,6.53,6.3,5.94,6.18,6.12,6.45,6.37,6.06,5.6,6.02,5.22,5.32,5.94,6.18,6.14,6.98
CLIC4,8.47,8.37,8.36,8.46,8.32,8.24,7.52,8.4,8.49,8.44,8.44,8.71,8.33,8.81,8.98,8.85,8.77,7.89,7.95,8.08,8.26,8.4,8.27,8.7,8.71,8.49,8.37,8.51,8.21,6.68,7.21,6.53,9.08,9.12,9.11,8.72,8.34,8.87,7.6,8.56,8.33,7.6,7.84,8.86,8.25,8.3,8.68,8.52,8.46,8.57
CLIC4,9.2,9.42,9.16,9.17,8.97,9.23,8.9,8.91,9.4,9.14,9.29,9.18,9.38,8.86,9.34,9.17,9.36,8.88,8.91,9.03,9.08,8.83,9.21,9.04,9.09,9.34,9.22,9.09,9.07,8.67,7.47,8.46,9.41,9.37,9.39,9.34,9.44,9.25,9.04,9.15,9.15,8.73,8.8,8.87,9.04,9.09,9.06,9.12,9.35,7.41
CLIC5,5.48,6.02,5.52,5.85,5.92,6.1,5.11,5.34,5.93,5.79,6.12,5.3,5.15,5.87,5.45,5.39,5.5,5.85,5.96,6.32,5.08,5.8,5.93,5.39,5.82,5.42,6.05,5.83,5.97,5.11,5.47,6.14,5.33,5.15,5.28,6.01,5.22,5.72,5.44,5.83,5.64,6.24,6.64,6.98,6.08,5.75,5.85,6.04,6.12,5.57
CLIC5,3.65,3.56,3.85,3.75,3.79,3.65,3.92,3.64,3.82,3.97,3.76,3.72,3.75,4.13,3.55,4.31,3.67,3.97,3.71,3.95,3.52,3.61,3.48,3.76,3.54,3.63,3.55,3.95,3.99,3.89,5.17,4.64,3.79,3.64,3.76,3.71,3.87,3.66,3.87,3.82,3.48,3.71,3.99,4.52,3.65,4.08,4.11,3.75,3.74,4.31
CLIC5,3.97,3.72,4.23,3.85,4.42,4.49,3.9,3.71,3.67,3.82,4.2,3.75,3.69,4.01,4.06,3.94,3.76,4.12,4.32,4.29,3.9,3.79,3.86,3.88,4.09,4.21,4.02,4.11,4.13,3.77,4.16,4.45,4.04,3.74,4.14,4.13,4.21,4.15,3.75,4.21,4.02,3.82,4.24,3.95,3.82,3.9,4.56,4.33,3.76,4.19
CLIC5,4.72,4.79,4.72,5.36,5.44,4.84,4.73,5.05,4.78,5.15,5.04,5.06,4.58,7.25,4.99,4.76,4.76,5.59,5.47,4.88,4.67,4.83,4.69,4.84,4.57,4.95,4.89,4.82,4.71,5.98,5.95,8.05,4.6,5.38,4.65,5.35,5.37,5.27,4.45,4.87,4.7,5.15,5.41,4.6,4.8,5.14,5.51,4.96,5.37,5.5
CLIC6,3.67,3.7,3.74,3.67,3.74,4.04,4.8,3.85,3.63,3.68,3.91,3.65,3.6,4.4,3.55,3.72,3.87,3.59,3.79,3.86,3.78,4.04,3.76,3.85,3.64,3.51,3.67,3.75,3.7,4.18,4.44,4.93,3.71,3.77,3.67,3.68,3.87,3.48,4.63,3.69,3.86,3.69,3.77,5.13,3.61,4.11,3.59,3.69,3.62,4.86
CLINT1,9.85,9.97,9.95,9.88,9.85,9.6,9.87,10.11,9.72,9.84,9.72,9.82,10.02,10.05,9.76,9.95,9.79,9.9,9.78,9.84,9.74,9.78,9.79,9.62,9.7,9.78,9.84,9.91,9.86,9.78,9.37,9.92,9.77,9.82,9.86,9.73,9.79,9.77,10.01,9.9,9.86,9.82,9.68,9.93,9.86,9.72,9.98,9.89,9.93,9.61
CLINT1,9.64,10.19,9.6,9.65,9.58,9.58,8.75,9.51,9.91,9.71,9.94,9.75,10.03,9.57,9.65,9.52,9.74,9.49,9.62,9.69,9.52,9.47,9.72,9.5,9.54,9.63,9.65,9.58,9.82,9.39,8.7,9.37,9.47,9.5,9.25,9.55,9.58,9.49,9.43,9.65,9.61,9.48,9.47,9.23,9.59,9.48,9.6,9.62,9.95,8.86
CLINT1,7.51,6.72,7.26,7.32,7.05,6.38,6.07,7.34,7.32,7.27,6.56,7.29,7.28,5.22,7.17,7.16,7.54,7.04,7.18,7.3,7.09,6.7,6.39,7.32,6.99,7.27,7.05,7.14,6.54,6.32,5.48,5.05,7.4,7.57,7.34,7.14,7.01,7.23,6.08,7.26,7.14,6.08,6.36,4.93,7.1,6.88,7.36,7.38,7.01,5.46
CLINT1,10.57,10.76,10.46,10.54,10.22,10.17,10.09,10.35,10.57,10.66,10.59,10.68,10.68,11.34,10.45,10.47,10.53,10.49,10.5,10.63,10.4,10.41,10.37,10.32,10.33,10.41,10.43,10.56,10.36,10.28,10.22,11.5,10.37,10.56,10.37,10.38,10.28,10.47,10.35,10.47,10.5,10.26,10.27,10.63,10.4,10.19,10.32,10.51,10.55,11.19
CLIP1,9.81,10,9.78,9.88,9.98,9.78,9.89,10.03,9.8,9.88,9.98,9.94,10.03,10.08,9.8,9.86,9.83,9.89,9.9,10.02,10.03,9.87,9.82,9.66,9.69,9.79,9.89,9.86,9.98,10.49,9.77,10.04,9.78,9.84,9.83,9.71,10.1,9.75,10.03,9.93,9.84,10.14,10.18,10.32,9.77,9.78,9.66,9.78,10.04,9.77
CLIP1,6.99,6.66,6.69,6.99,6.27,5.94,5.04,6.43,7.04,7.2,6.4,6.9,6.93,5.49,6.75,7.29,6.68,6.92,7.1,6.81,6.7,6.83,6.14,6.92,6.84,7.07,6.99,6.86,6.26,4.04,6.03,3.88,6.95,6.82,6.72,6.68,6.64,6.7,5.4,6.36,6.77,6.63,6.68,5.17,6.37,5.89,6.66,6.87,6.91,6.1
CLIP1,6.87,6.74,6.38,6.6,6.17,6.59,6.87,6.68,6.94,6.93,6.25,6.8,6.75,5.17,6.7,6.86,6.94,6.7,6.74,6.78,6.67,6.73,6.6,6.71,6.71,6.62,6.36,6.85,6.4,5.59,4.34,6.03,6.54,6.61,6.66,6.51,6.88,6.68,6.28,6.74,6.42,7.03,6.88,5.7,6.28,6.37,6.59,6.88,6.81,5.21
CLIP1,9.54,9.68,9.5,9.46,9.61,9.37,9.78,9.49,9.56,9.47,9.8,9.65,9.64,9.57,9.5,9.51,9.52,9.72,9.54,9.47,9.63,9.67,9.61,9.34,9.44,9.43,9.55,9.6,9.68,9.21,9.14,8.73,9.41,9.33,9.4,9.31,9.63,9.44,9.51,9.44,9.49,9.81,9.86,9.82,9.47,9.29,9.25,9.57,9.65,9.1
CLIP2,8.82,8.84,9.06,8.83,9.24,9.23,9.07,9.18,8.75,8.79,9.05,8.83,8.79,8.13,8.91,8.84,8.97,8.55,8.55,8.38,9.25,9.29,9.56,9.08,9.03,9.09,8.97,8.72,9.13,9.59,8.09,8.37,8.94,9.06,8.92,9.18,9.13,9.08,8.25,9.11,9.3,9.77,9.75,8.72,8.88,9.06,9.06,9,9.26,8.13
CLIP3,4.66,4.4,4.53,4.75,4.57,4.42,4.7,4.51,4.54,4.57,4.32,4.49,4.67,4.9,4.52,4.57,4.68,4.48,4.66,4.57,4.83,4.82,4.61,4.76,4.36,5.23,4.63,4.67,4.48,5.46,5.2,5.61,4.96,4.76,4.56,4.62,5.32,5.01,5.62,4.63,4.6,4.61,5.25,4.43,4.6,4.48,5.09,4.64,4.38,5.63
CLIP3,7.86,7.66,7.83,7.74,8.38,8.08,7.79,7.92,7.71,7.84,8.11,7.93,7.8,7.35,8.11,7.96,7.95,7.75,7.82,7.65,8.65,8.67,8.79,8.58,8.54,8.63,8.06,7.92,7.91,5.68,6.18,5.66,8.19,8.19,7.82,8.01,8.52,8.19,6.73,8.27,8.22,8.51,8.74,7.89,7.99,8.5,8.4,7.95,8.47,7.57
CLIP4,6.76,6.85,6.75,6.7,6.32,6.23,6.02,6.65,6.92,6.72,7.19,6.81,6.66,6.77,6.32,6.1,6.21,6.7,6.62,7.01,6.58,6.88,6.92,6.43,6.63,6.4,6.59,7.17,6.41,5.19,8.05,6.71,6.33,6.52,6.54,6.64,5.63,6.48,5.12,6.55,6.81,6.54,6.76,7.62,5.96,6.01,6.66,7.13,6.68,7.78
CLIP4,4.42,4.14,4.31,4.21,3.92,4.08,4.65,4.55,4.25,4.08,4.03,4.58,4.44,4.25,4.09,4.13,4.08,4.34,3.9,4.38,4.04,4.36,4.09,3.97,4.2,3.93,4.11,4.34,4.2,4.59,4.73,3.98,4.32,4.28,4.28,3.89,3.91,3.98,4.66,4.09,3.9,3.88,3.99,3.59,4.09,4.13,4.43,4.02,4.43,4.63
CLIP4,4.4,4.05,4.24,4.37,4.24,4.74,4.22,4.29,4.31,4.28,4.54,4.01,4.17,4.78,4.25,3.98,3.92,4.21,4.18,4.03,4.08,4.55,4.05,3.9,4.09,4.1,4.65,4.67,4.11,4.32,5.34,4.71,3.92,3.98,3.92,4,4,4.32,4.02,4.66,4.44,4.01,4.33,3.93,4.03,3.87,4.37,4.38,4.03,4.58
CLIP4,4.56,4.7,4.39,4.71,4.25,4.71,4.55,4.2,4.71,4.84,4.77,4.74,4.58,5.42,4.44,4.11,4.41,4.94,4.68,4.48,4.72,4.81,4.64,4.67,4.55,4.39,4.77,4.67,4.76,4.64,5.34,4.72,4.61,4.67,4.59,4.29,4.35,4.4,4.96,4.3,4.59,4.71,4.56,4.52,4.54,4.16,4.11,4.33,4.83,5.01
CLK1 /// PPIL3,8.53,7.85,8.28,8.35,7.22,7.46,7.6,8.31,8.42,8.49,7.56,8.51,8.08,6.33,9.1,8.96,8.97,8.54,8.51,8.93,8.59,8.54,7.78,8.99,9.15,9.09,8.14,8.62,7.66,5.91,4.73,6.18,8.94,9.04,9.09,8.96,8.3,8.98,7.39,8.43,8.24,8.24,7.72,6.15,8.17,7.7,8.34,8.36,8.05,7.85
CLK1 /// PPIL3,9.84,9.94,9.77,9.78,9.48,9.37,9.31,9.67,9.85,9.78,9.94,9.87,10,8.82,10.04,10.1,10.06,9.65,9.74,9.77,10.07,9.92,10.31,10.01,10.11,10.2,9.67,9.78,9.87,9.94,7.93,9.32,10.2,10.16,9.92,10.05,9.87,10.07,9.65,9.83,9.82,10.04,10.01,8.66,9.82,9.78,9.73,9.79,10.01,8.7
CLK1 /// PPIL3,8.6,8.44,8.29,8.37,7.64,7.58,7.21,8.17,8.62,8.62,7.96,8.45,8.71,7.19,8.71,8.74,8.72,8.23,8.33,8.33,8.72,8.71,8.42,8.54,8.7,8.92,8.28,8.38,8.2,6.15,6.33,6.72,8.9,8.88,8.57,8.55,8.26,8.58,5.94,8.23,8.13,8.39,8.18,7.34,8.01,8.05,8.17,8.44,8.5,6.64
CLK2,10.8,10.91,10.83,10.82,10.83,10.91,11.14,10.78,10.77,10.87,10.94,10.78,10.66,10.74,10.51,10.5,10.7,10.69,10.68,10.59,10.8,10.72,10.84,10.5,10.55,10.62,10.81,10.8,10.98,11.04,10.46,10.62,10.59,10.52,10.53,10.56,10.75,10.66,10.97,10.77,10.75,10.8,10.93,10.71,10.86,10.88,10.72,10.64,10.68,10.74
CLK2,10.01,9.92,10.01,10.08,10.02,10.07,10,10.15,9.94,9.99,9.86,9.93,9.97,7.81,9.63,9.65,9.68,9.8,9.87,9.8,9.9,9.93,9.95,9.71,9.75,9.81,10.11,9.95,10.12,10.12,5.1,8.48,9.72,9.61,9.63,9.72,9.85,9.79,9.51,9.95,10.03,10.13,10.12,7.58,10.06,10.02,10.02,9.89,10.06,7.52
CLK2,9.63,9.46,9.6,9.62,9.23,9.62,9.64,9.67,9.49,9.62,9.34,9.52,9.37,7.79,9.09,9.37,9.2,9.35,9.45,9.39,9.33,9.44,9.37,9.29,9.26,9.34,9.58,9.69,9.47,8.68,5.82,7.96,9.28,9.3,9.17,9.24,9.27,9.31,9.15,9.45,9.61,9.47,9.51,7.31,9.66,9.62,9.54,9.4,9.52,7.12
CLK3,9.2,9.25,9.3,9.19,9.57,9.24,9.41,9.17,9.11,9.05,9.04,9.22,9.22,8.2,9.37,9.49,9.48,9.41,9.29,9.15,9.62,9.35,9.58,9.33,9.4,9.6,9.18,8.92,9.32,9.15,9.31,9.01,10,9.84,9.74,9.38,9.81,9.53,9.1,9.12,9.22,9.09,9.51,8.53,9.2,9.24,9.09,9.14,9.33,8.5
CLK3,5.76,5.67,5.33,5.44,5.21,5.04,5.11,5.86,5.66,5.62,5.77,5.63,5.63,6.94,5.34,5.45,5.54,5.39,5.3,5.58,5.71,5.54,5.8,5.36,5.27,5.44,5.35,5.59,5.4,5.71,8.12,7.64,5.33,5.51,5.45,5.62,5.52,5.39,5.34,5.32,5.39,5.59,5.81,6.97,5.3,5.5,5.55,5.48,5.5,8
CLK3,7.12,6.69,6.9,6.83,6.45,6.75,6.46,6.86,6.81,7.01,6.47,7,6.88,6.71,7,7.34,7.3,6.9,6.95,7.25,7.05,7.16,6.78,7.35,7.14,7.39,6.63,7.11,6.6,5.07,7.18,4.36,7.33,7.4,7.47,7.19,7.34,7.11,5.77,6.78,6.7,6.57,6.5,5.21,7.25,6.49,6.75,6.75,6.61,6.13
CLK4,5.24,5.67,5.29,5.55,5.32,5.3,5.58,5.21,5.52,5.38,5.81,5.59,5.47,5.45,5.9,5.89,6.01,5.05,5.41,5.47,5.65,5.57,5.87,6.05,5.97,5.86,5.4,5.53,5.31,6.91,4.72,5.64,5.98,5.98,5.94,5.75,5.59,5.88,5.62,5.26,5.32,5.62,5.91,5.58,5.47,5.57,5.61,5.38,5.36,6.96
CLK4,8.6,8.77,8.59,8.65,8.64,8.71,8.08,8.47,8.46,8.51,8.86,8.65,8.59,9.13,9.02,9.15,8.99,8.54,8.46,8.7,8.77,8.59,8.95,9,8.99,8.8,8.43,8.51,8.72,7.55,8.51,8.4,9.02,9.24,9.02,8.78,8.84,8.85,8.34,8.48,8.51,8.83,8.76,9.22,8.59,8.74,8.68,8.46,8.68,8.76
CLK4,8.02,8.14,7.95,7.9,7.92,8.05,8.06,7.81,8.11,8.05,7.92,8.17,8.17,7.55,8.35,8.37,8.35,7.76,7.77,8.08,8.28,8.11,8.23,8.36,8.31,8.48,7.91,7.98,8.1,6.92,7.48,6.68,8.51,8.3,8.24,8.22,8.1,8.08,7.6,7.99,7.98,8.5,8.24,7.35,7.99,7.76,8.03,7.92,8.16,6.24
CLK4,6.74,6.16,6.27,6.31,5.59,5.82,5.59,6.37,6.46,6.65,5.63,6.23,6.2,5.68,7.19,6.78,6.95,6.32,6.25,6.54,6.31,6.49,5.82,7.06,6.75,7.06,6.06,6.43,5.97,6.04,6.5,6.11,6.75,7.2,7.07,6.74,6.38,6.7,6.11,6.35,6.51,6.36,5.73,6.15,5.83,5.76,6.18,6.46,6.27,5.93
CLK4,7.45,6.83,6.9,7.12,6.33,6.4,6.69,7.27,7.16,7.42,6.6,7.18,7.13,4.72,7.64,7.68,7.57,6.97,7.11,7.35,7.26,7.45,6.94,7.56,7.64,7.77,6.95,7.28,6.87,6.22,5.67,4.55,7.78,7.87,7.7,7.42,7,7.6,6.4,6.97,6.96,7.25,6.65,5.56,6.83,6.69,7.03,7.14,6.99,5.05
CLK4,4.4,4.14,4.48,4.08,4.68,4.68,5.23,4.39,4.28,4.03,4.43,4.25,3.95,4.28,4.46,4.07,4.42,4.32,4.43,4.44,4.01,4.17,4.32,4.65,4.67,4.58,4.15,4.19,4.25,4.82,4.71,4.45,4.07,4.06,4.34,4.51,4.4,4.21,4.54,4.28,4.54,4.85,4.33,3.99,4.26,4.9,4.74,4.37,4.3,4.6
CLK4,6.64,5.95,6.37,6.82,6.26,6.1,5.41,6.58,6.58,6.95,6.21,6.57,6.3,5.78,6.61,6.59,6.63,6.85,6.51,6.91,6.38,6.73,6.14,6.76,7.28,6.7,6.49,6.88,5.73,5.64,6.52,5.16,6.77,7.36,7.07,7.07,6.45,7,4.84,6.64,6.53,6.39,5.93,6.79,6.49,6.29,6.35,7.05,6.47,6.82
CLK4,3.73,3.64,3.71,3.85,3.9,3.95,4.32,3.76,3.68,3.45,3.86,3.86,3.59,4.32,3.72,3.76,3.94,3.9,3.82,3.68,3.36,3.79,3.79,3.81,3.92,3.37,3.66,3.64,3.78,3.68,5.29,5.48,3.82,3.7,4.11,3.76,3.71,3.44,4.27,3.37,3.65,3.48,3.48,4.59,3.93,3.53,3.94,3.43,3.39,5.07
CLK4,4.34,4.02,4.48,4.57,3.87,4.18,4.33,4.28,4.13,4.41,3.91,4.25,4.33,4.33,4.81,4.4,4.45,4.28,4.57,4.35,4.48,4.07,4,4.97,4.54,4.23,4.13,4.05,4.09,4.37,5.05,6.1,4.42,4.06,4.1,4.29,3.83,4.41,3.74,4.25,4.06,4.03,4.11,4.84,4.25,4.11,4.2,4.23,4.06,5.51
CLLU1,3.6,3.58,3.68,3.62,3.95,3.59,3.55,3.96,3.81,3.65,3.5,3.44,3.35,3.69,3.82,3.93,3.38,3.39,3.53,3.83,3.57,3.71,3.65,3.46,3.67,3.95,3.66,3.73,3.54,4.92,3.84,4.46,3.45,3.58,3.59,3.81,3.48,3.51,3.8,4.09,3.76,3.84,3.55,3.57,3.63,4.01,3.5,3.55,3.73,3.98
CLLU1OS,4.82,4.95,4.96,5.36,4.63,5.34,4.73,5.06,5.01,4.95,5.35,4.98,4.8,5.59,5.11,5.11,5.07,5.41,5.04,5.22,4.89,5.1,5.44,5.23,5.01,4.77,5.09,5.39,5.2,5.04,4.84,5.49,5.07,4.82,5.12,4.94,4.84,4.82,4.65,5.32,4.73,5.06,4.9,5.31,4.4,4.75,5.24,5,5.05,5.29
CLMN,4.04,4.01,4.07,3.8,3.75,3.86,3.98,3.92,3.93,4.21,3.85,4,4.06,4.62,3.93,3.8,3.98,3.99,3.93,3.98,4.24,3.8,4.19,4.06,3.84,3.61,4.03,4.2,4.05,4.12,5.23,5.57,4.16,4.19,3.84,3.83,4.37,3.94,4.48,3.92,3.99,3.76,3.98,4.05,3.93,3.83,3.89,3.94,3.87,4.61
CLMN,4.61,5.35,4.7,5.14,4.73,4.91,4.47,5.09,4.74,4.65,4.92,5.07,5.05,6.37,4.91,5.1,4.73,4.66,4.52,4.89,4.82,4.72,5.23,4.86,4.97,4.62,4.67,4.86,5.04,6.46,6.49,4.73,4.59,5.04,4.74,4.68,4.73,4.39,4.21,4.55,4.56,4.96,4.88,5.11,4.56,5.56,4.66,4.8,4.47,4.65
CLN3,8.8,8.65,8.9,8.83,9.11,8.95,8.5,9.23,8.76,8.89,8.79,8.67,8.56,7.57,9.09,9.11,8.77,8.75,8.77,8.68,8.9,9,8.94,9.11,9.12,8.85,8.78,9.06,8.95,8.69,6.54,7.5,8.79,8.84,8.9,8.84,9.01,9.07,9.16,9.05,9,9.04,9.01,8.25,8.84,8.79,9.02,8.95,8.81,8.6
CLN3,8.09,7.8,8.36,8.11,8.39,8.34,8.1,8.28,7.81,8.08,7.87,8.1,7.91,6.66,8.15,8.19,8.18,8.12,8.01,7.93,8.2,8.02,8.34,8.25,8.38,8.31,8.3,7.9,8.25,7.07,4.95,6.41,8.15,8.07,7.9,8.31,7.9,8.28,7.68,8.41,8.15,8.35,8.24,6.26,8.06,8.1,8.17,8.24,8.36,6.77
CLN3,8.04,7.71,8.12,8.03,8.41,8.39,7.62,8.46,8.13,8.02,8.12,8.06,7.99,6.29,8.35,8.14,8.2,7.94,8.08,7.89,8.27,8.17,8.51,8.31,8.47,8.4,8.36,7.99,8.35,7.98,6.2,6.74,8.13,8.03,7.86,8.24,8.08,8.2,6.87,8.46,8.35,8.32,8.41,5.7,8.28,8.38,8.07,8.24,8.4,7.42
CLN3,8.18,7.82,8.07,8.38,8.19,8.15,8.06,8.38,7.95,8.06,8.13,8.16,7.94,8.54,8.28,8.4,8.25,8.31,8.05,8.08,8.22,8.31,8.06,8.51,8.44,8.54,8.29,8.46,8.05,6.16,8.88,8.09,8.01,8.18,8.27,8.26,8.14,8.43,7.73,8.09,7.9,8.16,8.05,8.52,8.16,8.14,8.19,8.25,7.92,8.69
CLN3,9.36,9.1,9.34,9.42,9.13,9.33,9.22,9.7,9.25,9.38,9.35,9.57,9.33,9.13,9.51,9.41,9.4,9.31,9.28,9.38,9.51,9.61,9.45,9.65,9.7,9.53,9.29,9.59,9.2,6.23,5.65,8.77,9.27,9.26,9.3,9.57,9.17,9.5,8.65,9.47,9.35,9.32,9.12,9.39,9.25,9.34,9.41,9.41,9.27,9.48
CLN3,7.88,7.59,7.77,7.83,7.6,7.56,6.99,8.1,7.69,7.8,7.62,7.9,7.79,7.36,8,7.75,7.9,7.63,7.81,8.02,7.79,8.08,7.74,7.93,7.96,8.13,7.76,7.95,7.83,6.83,6.61,6.93,7.58,7.77,7.79,7.96,7.46,7.98,7.34,8,7.73,7.85,7.63,7.19,7.55,7.72,7.87,7.99,7.85,7.99
CLN3,8.32,7.85,8.41,8.06,8.47,8.06,8.04,8.7,8.05,8.13,8.16,8.24,8.07,7.21,8.39,8.41,8.62,8.26,8.24,8.29,8.45,8.47,8.43,8.64,8.48,8.44,8.36,8.27,8.51,7.51,7.01,7.97,8.38,8.44,8.23,8.34,8.4,8.43,8.52,8.52,8.35,8.66,8.62,6.72,8.3,8.31,8.48,8.44,8.71,7.05
CLN3,8.69,8.55,8.89,8.76,8.64,8.46,8.62,9.12,8.68,8.91,8.25,8.62,8.72,8.17,8.86,8.99,8.98,8.81,8.91,8.88,8.87,8.86,8.8,9,9.18,9.09,8.72,8.82,8.62,7.29,8,7.81,8.62,8.62,8.72,8.93,8.83,9.01,9.12,8.83,8.68,8.75,8.65,8.07,8.79,8.76,8.93,8.82,8.7,9.8
CLN5,9.51,9.67,9.49,9.59,9.66,9.53,9.08,9.59,9.57,9.57,9.77,9.62,9.55,9.97,9.55,9.63,9.66,9.7,9.8,9.74,9.7,9.79,9.8,9.78,9.7,9.77,9.62,9.73,9.51,8.39,9.92,8.28,9.33,9.35,9.35,9.58,9.47,9.6,9.21,9.74,9.77,9.49,9.64,9.98,9.7,9.6,9.68,9.63,9.58,10.04
CLN5,6.43,6.57,6.96,6.88,6.3,6.56,4.62,6.35,6.74,6.52,6.77,6.35,6.29,4.22,6.81,6.15,6.65,6.72,7.09,7.07,6.32,6.44,6.92,6.84,6.76,6.86,6.46,6.18,6.48,5.58,5.95,4.23,6.12,6.09,6.56,6.87,6.69,6.85,5.48,6.61,6.89,6.37,6.67,4.41,6.46,6.69,6.62,6.82,6.87,5.9
CLN5,6.33,6.38,6.57,6.57,6.32,5.81,4.92,6.47,6.57,6.6,6.69,6.42,6.4,5.18,6.66,6.29,6.61,6.75,6.93,6.9,6.58,6.63,6.8,6.86,6.58,6.74,6.35,6.46,6.55,6.25,4.61,5.68,6.28,5.96,5.87,6.84,6.32,6.61,6.13,6.36,6.54,6.62,6.53,5.38,6.43,6.26,6.06,6.74,6.93,5.47
CLN6,7.61,7.49,7.71,7.53,7.99,7.95,7.72,7.74,7.53,7.4,7.94,7.29,7.15,5.87,7.17,7.32,7.43,7.51,7.56,7.12,7.08,6.64,6.99,6.92,7.02,7.01,7.85,7.51,8.15,6.98,5.29,5.72,7.65,7.51,7.41,7.5,7.76,7.45,7.78,7.29,7.81,7.91,7.52,5.44,7.66,7.39,7.74,7.47,7.75,5.18
CLN6,7.82,7.11,7.94,7.82,7.12,7.72,7.74,8.07,7.68,7.74,7.16,7.42,7.18,6.57,7.56,7.6,7.53,7.71,7.79,7.53,7.05,7.12,6.82,7.54,7.15,7.36,7.64,7.94,7.17,6.22,5.75,5.7,7.76,8.11,7.98,7.66,7.42,7.69,7.75,7.36,7.37,7.51,7.43,6.77,7.66,7.45,7.71,7.5,7.27,6.32
CLN8,6.74,6.48,6.36,6.8,6.45,6.51,6.24,6.81,6.74,6.75,6.46,6.69,6.48,4.78,7.26,7.29,7.15,6.73,6.54,6.75,6.44,6.19,6.53,7.3,7.05,7.4,6.82,6.97,6.52,4.99,4.3,4.76,7.71,7.83,7.88,7.24,6.84,7.38,4.76,7.07,6.87,6.62,6.41,5.16,6.66,6.09,6.84,6.84,6.66,4.42
CLN8,5.74,5.03,5.35,5.34,5.6,5.34,5.7,5.66,5.22,5.51,5.53,5.13,4.79,7.34,5.71,5.33,5.92,5.28,5.76,5.54,5.59,5.29,5.38,5.76,6.01,5.55,5.86,5.48,5.34,6.56,6.62,4.44,5.62,4.92,5.44,5.57,5.63,5.14,5.54,5.67,5.96,5.62,5.27,6.18,5.68,4.93,5.23,5.12,5.29,6.43
CLN8,7.08,6.64,6.86,6.98,7.45,7.47,6.32,7.25,7.05,6.88,7.48,7,6.81,7.47,7.5,7.65,7.62,7.2,7.24,7.2,6.88,6.65,6.94,7.59,7.41,7.55,7.1,7.17,7.27,6.36,6.99,7.66,7.58,7.64,7.57,7.43,7.61,7.44,6.71,7.41,7.05,6.93,6.87,6.76,7,6.9,7.24,7.21,7.08,6.44
CLN8,6.58,6.62,6.34,6.63,6.47,6.69,5.4,7.12,6.59,6.71,6.8,7.05,6.74,6,6.88,6.98,7.09,6.77,6.67,6.6,6.87,6.57,6.67,6.71,7.16,6.71,6.46,6.64,6.94,6.58,6.29,7.22,6.33,6.67,6.33,6.69,6.58,6.92,6.05,6.76,6.72,6.73,6.68,7.83,6.87,6.23,6.76,6.56,7.06,5.77
CLNK,3.84,3.4,3.5,3.81,4.06,4.04,4.08,3.84,3.68,3.73,3.89,3.76,3.59,4.54,3.87,4.11,3.93,3.8,3.87,3.71,3.63,3.6,3.75,3.85,4.05,3.45,3.78,3.73,3.7,4.05,4.62,4.94,3.78,3.86,3.77,3.49,3.81,3.78,4.17,3.67,3.75,4.18,3.98,4.08,4.28,4.31,4,3.65,3.71,5.89
CLNK,3.8,3.89,3.78,3.88,3.93,4.3,4.19,3.85,3.77,4.01,3.85,3.88,3.87,5.69,3.84,3.82,3.78,4.28,3.79,4.13,3.88,3.91,3.86,4.01,3.91,3.97,3.99,3.89,4.31,5.15,6.93,5.05,3.7,3.86,3.89,3.9,4.11,4.24,5.29,3.79,3.97,3.94,4.1,4.44,3.95,4.13,4.01,4.19,4.01,5.08
CLNS1A,10.95,10.98,10.91,10.88,10.83,10.83,10.63,10.74,11.03,10.97,10.99,10.88,11.2,9.97,10.56,10.66,10.73,10.7,10.79,10.85,10.92,10.79,10.95,10.65,10.67,10.64,10.95,10.9,10.96,11.04,8.53,9.43,10.52,10.61,10.49,10.69,10.69,10.78,10.67,10.85,10.81,10.91,11,9.09,10.82,10.79,10.79,10.95,11.07,9.77
CLOCK,8.51,8.7,8.52,8.39,8.41,8.45,7.78,8.58,8.47,8.66,9.02,8.46,8.45,7.44,8.49,8.19,8.41,8.06,8.38,8.32,8.31,8.49,8.55,8.48,8.43,8.38,8.36,8.49,8.84,8.07,6.79,7.67,7.99,8.38,8.13,8.42,8.41,8.17,7.61,8.34,8.61,8.77,8.52,7.48,8.6,8.7,8.89,8.59,8.79,7.25
CLOCK,6.78,7.11,6.5,6.74,6.63,6.72,6.39,6.61,6.72,6.77,6.51,6.4,6.73,6.15,6.51,6.38,6.46,6.74,6.42,6.53,6.64,6.3,6.43,6.5,6.67,6.52,6.5,6.72,6.83,6.21,6.79,6.32,6.64,6.72,7.08,6.53,6.66,6.64,6.42,6.5,6.47,6.55,6.77,7.2,6.56,6.49,6.5,6.55,6.66,7.24
CLP1,9.39,9.52,9.35,9.44,9.62,9.42,8.7,9.38,9.58,9.42,9.41,9.55,9.59,7.92,9.69,9.63,9.85,9.41,9.39,9.4,9.59,9.61,9.79,9.73,9.75,9.82,9.46,9.41,9.38,9.18,5.7,8.46,9.99,9.99,10.06,9.71,9.81,9.77,9.39,9.52,9.49,9.19,9.23,9.05,9.21,9.25,9.25,9.54,9.49,8.58
CLPB,3.91,3.87,4.18,4.09,4.24,3.84,3.47,3.87,4,4.11,4.03,3.92,3.95,3.68,3.92,4.05,4.24,4.02,4.12,3.99,3.89,4.18,3.98,3.8,3.91,3.93,4.07,4.5,4.17,4.02,3.76,4.46,3.77,3.85,3.9,4.6,3.92,4.01,3.9,4.26,4.31,3.67,4.22,4.98,4.02,3.87,5.19,4.24,4,4.19
CLPB,8.3,8.23,8.47,8.37,8.56,8.75,8.28,8.4,8.26,8.24,8.35,8.27,8.25,7.28,8.21,7.94,8.31,8.26,7.99,7.64,8.48,8.05,8.21,8.17,8.11,8.13,8.59,8.21,8.55,8.67,6.84,8.56,8.28,8.23,8.17,8.2,8.31,8.32,8.2,8.44,8.44,7.97,8.05,7.59,8.66,8.88,8.72,8.31,8.33,7.86
CLPP,10.44,10.49,10.56,10.5,10.62,10.62,10.77,10.6,10.35,10.45,10.38,10.37,10.44,9.41,10.11,10.19,10.19,10.44,10.48,10.42,10.36,10.13,10.21,10.13,10.13,10.19,10.6,10.42,10.73,10.44,7.6,9.01,10.3,10.18,10.17,10.18,10.41,10.35,10.5,10.51,10.36,10.4,10.56,8.51,10.49,10.52,10.47,10.42,10.53,9.24
CLPS,5.05,5.01,4.81,4.75,5.19,4.81,5.01,4.54,4.54,4.78,4.82,4.61,4.46,5.92,4.72,4.85,4.81,4.39,4.78,4.5,4.97,4.76,4.52,4.45,4.45,4.51,4.63,5.09,5.23,4.69,6.01,4.92,4.94,5.09,4.68,4.66,4.84,4.5,5.2,4.35,4.87,4.75,4.84,5.04,4.88,4.45,4.62,4.36,4.46,5
CLPTM1,7.69,7.52,7.95,7.71,8.04,7.68,7.49,7.99,7.64,7.58,7.28,7.52,7.51,5.06,7.76,7.98,7.81,7.94,7.91,7.66,7.6,7.51,7.61,7.87,8.02,7.9,7.76,7.84,7.66,7.77,8.78,5.74,7.51,7.54,7.52,7.98,7.77,7.99,7.26,7.82,8.11,7.72,7.75,5.47,7.7,7.73,7.82,7.85,7.78,6.77
CLPTM1,8.49,8.46,8.78,8.75,8.96,9,8.72,8.69,8.7,8.63,8.65,8.49,8.32,9.09,8.69,8.83,8.9,8.99,8.92,8.86,8.67,8.42,8.66,8.92,8.89,8.87,8.87,8.75,8.64,8.45,9.13,9.32,8.57,8.51,8.59,9.03,9,8.77,9.05,8.91,8.93,8.83,8.89,9.34,8.66,8.57,8.76,8.93,8.85,9.25
CLPTM1,8.99,8.71,9.01,8.98,8.53,8.35,7.85,8.61,9.06,9,8.05,8.8,8.64,6.91,8.99,8.62,9.08,9.12,9.2,9.16,8.87,8.73,8.83,9.15,8.98,9.13,8.94,8.82,8.32,7.54,5.55,6.16,8.73,8.83,8.57,9.09,8.67,9.08,8.1,8.86,8.98,8.7,8.38,7.38,8.52,8.33,8.59,8.89,8.72,5.65
CLPTM1,8.87,8.58,9,8.89,8.71,8.74,7.9,8.62,8.89,8.78,8.42,8.67,8.45,6.5,8.93,8.81,8.97,9.08,9.16,9.05,8.86,8.68,8.72,9.05,8.92,9.04,8.98,8.7,8.34,6.08,6,5.05,8.72,8.77,8.61,8.98,8.85,8.96,8.59,8.93,8.89,8.59,8.5,7.19,8.55,8.3,8.66,8.91,8.75,7.23
CLPTM1,9.69,9.44,9.7,9.76,9.1,9.23,8.27,9.85,9.76,9.71,9.05,9.71,9.5,8.24,9.85,9.73,9.8,9.83,9.94,9.9,9.63,9.66,9.44,9.84,9.87,9.82,9.7,9.72,9.07,6.52,7.1,7.98,9.62,9.54,9.58,9.87,9.57,9.86,8.63,9.72,9.73,9.28,9.35,8.14,9.52,9.06,9.44,9.76,9.63,8.19
CLPTM1,8.55,8.06,8.66,8.58,8.29,8.28,7.32,8.62,8.48,8.6,7.91,8.34,8.27,6.97,8.6,8.33,8.61,8.8,8.73,8.87,8.35,8.5,8.22,8.67,8.74,8.72,8.65,8.6,8.17,5.31,5.98,6.25,8.4,8.5,8.31,8.67,8.33,8.65,8.4,8.74,8.63,8.37,8.18,5.67,8.27,8.04,8.37,8.67,8.41,7.13
CLPTM1,9.18,8.96,9.18,9.21,8.88,8.99,8.43,9.3,9.24,9.16,8.63,9.07,8.95,9.03,9.3,9.16,9.32,9.46,9.46,9.48,9.13,9.1,9.13,9.37,9.4,9.28,9.26,9.19,8.83,6.83,6.73,8.82,9.11,9.08,9.09,9.29,9.25,9.33,8.54,9.16,9.27,8.81,9.03,8.17,8.85,8.96,9.05,9.18,9.06,7.85
CLPTM1L,11.12,11.17,11.2,11.19,11.26,11.27,10.99,11.28,11.12,11.17,11.25,11.18,11.15,10.04,11.1,11,11.04,10.97,10.95,11.06,11.05,11.09,11.01,11.07,11,10.98,11.29,11.22,11.32,11.34,9.87,10.89,10.86,10.95,10.94,11.04,10.96,10.98,11.11,11.27,11.27,11.18,11.15,10.17,11.3,11.19,11.33,11.2,11.33,10.31
CLPX,6.95,6.84,6.92,6.49,6.73,6.61,6.63,6.92,7.02,6.85,6.66,6.69,6.69,5.46,6.67,6.74,6.71,6.69,7,6.68,6.65,6.5,6.73,6.73,6.46,6.8,6.79,6.66,7.02,6.36,5.2,5.44,6.82,6.86,6.76,6.66,6.61,6.64,7.05,6.97,6.77,6.52,6.32,4.89,6.61,6.58,6.67,6.83,7.3,4.99
CLPX,7.67,6.83,7.25,7.16,6.4,6.48,7.27,6.93,7.36,7.27,6.49,7.27,7.41,5.27,7.11,7.25,6.97,7.39,7.1,7.19,7.02,6.66,6.52,6.77,6.92,7.47,7,7.03,6.47,6.57,6.98,6.36,7.71,7.5,7.23,6.85,7.13,7.01,6.7,7.24,6.98,6.46,6.18,5.47,6.91,5.82,6.83,7.03,7.2,5.13
CLPX,6.5,5.67,6.61,6.05,5.87,5.68,6.02,6.08,6.24,6.35,5.37,6.15,6.15,4.15,5.79,5.91,6.14,6.48,6.29,6.53,5.97,5.81,5.31,6.18,5.87,6.17,5.95,6.05,5.65,5.91,6.03,4.77,6.3,6.3,6.44,5.74,5.96,6.17,6.26,6.08,6.1,5.19,5.48,5.04,5.85,5.81,6.13,6.43,6.54,5.05
CLPX,6.62,6.1,6.67,6.39,6.38,6.51,5.9,6.33,6.48,6.6,6.31,6.28,6.58,5.03,5.86,6.21,6.42,6.44,6.63,6.64,6.13,6.28,6.18,6.24,6.23,6.44,6.56,6.15,6.4,7.86,4.38,5.72,6.99,6.54,6.43,6.3,6.29,6.47,6.34,6.46,6.47,6.2,6.05,4.94,6.08,5.94,6.26,6.61,7.09,5.55
CLPX,7.92,7.89,7.99,8,7.88,7.7,7.03,7.75,7.88,8.08,7.76,8,7.9,6.78,7.58,7.67,7.76,7.94,7.94,8.07,7.74,7.84,7.73,7.89,7.97,7.71,8,7.76,7.87,7.21,5.89,6.43,7.93,7.91,7.84,7.78,7.62,7.88,7.88,8.18,8.02,7.6,7.41,6.66,7.78,7.63,7.63,7.87,8.27,6.24
CLRN1,5.69,5.83,5.38,5.99,6.34,6.09,5.81,6.14,5.95,5.83,5.96,6.03,5.61,7.72,5.85,6.13,5.74,5.82,5.92,5.8,5.82,5.94,5.8,5.83,5.7,5.47,5.71,6.02,6.07,6.33,6.99,6.2,5.69,5.8,5.84,5.74,5.68,5.58,6.17,5.65,5.63,6.33,5.86,8.07,6.15,5.86,5.92,5.69,5.7,7.11
CLRN1,3.88,3.9,3.57,3.69,3.53,3.85,3.83,4.04,4.05,3.97,3.81,4.17,4.02,4.03,3.66,3.68,3.8,3.86,3.59,3.54,3.86,3.77,3.84,3.58,3.77,3.53,3.74,3.82,3.86,4.1,4.45,4,4.05,4,3.65,3.66,3.81,3.53,3.56,3.47,3.55,3.69,3.86,3.58,3.5,3.53,3.68,3.55,3.78,4.82
CLRN2,6.08,6.38,5.89,6.46,6.65,6.57,7.76,6.02,6.18,6.28,6.31,6.94,6.84,5.76,6.33,6.26,5.97,6.55,6.35,6.16,6.33,6.29,6.41,5.84,6.17,6.2,6.24,6.29,6.67,7.48,5.61,8.32,6.61,6.26,6.23,6.17,6.45,6.19,6.66,5.97,6.6,6.63,6.8,7.95,6.5,6.62,6.17,6.55,6.31,7.42
CLRN3,4.2,4.02,4.08,4.18,4.01,4.15,3.97,3.83,4.15,4.17,4.12,4.23,4.1,5.55,4.05,4.28,4.06,4.48,4.16,4.13,4.15,4.28,4.07,4.11,4.35,4.09,3.96,4.2,4.45,4.54,6.07,4.36,4.47,4.08,4.2,4.45,4.44,4.35,4.49,3.95,4.17,4.16,4.38,4.3,4.33,4.11,4.44,4.12,4,5.4
CLSPN,6.81,6.19,6.46,6.49,5.6,6.07,5.76,6.02,6.26,6.36,5.69,5.95,5.95,7.01,5.93,6.07,6.4,6.34,6.73,6.55,5.24,5.56,5,5.65,5.75,5.49,6.32,6.43,5.91,4.6,5.09,6.17,7.02,6.92,6.95,6.06,5.92,5.82,6.43,5.89,5.61,5.22,5.95,4.6,5.38,5.48,5.87,6.06,5.82,5.09
CLSTN1,7.22,6.75,7.64,7.35,7.13,6.97,6.75,7.49,7.11,7.27,7.07,6.93,6.83,6.39,7.63,7.41,7.36,7.27,7.17,7.29,7.32,7.42,7.34,7.61,7.33,7.11,7.4,7.49,7.12,5.41,5.6,6.47,7.09,7.05,7.33,7.47,7.16,7.47,7.27,7.59,7.57,7.19,6.9,6.24,7.65,7.37,7.82,7.44,7.38,6.98
CLSTN1,5.03,4.86,5.25,4.82,5.01,4.92,5.14,5.09,5.04,5.03,5.11,5.04,4.9,6.19,4.93,5.18,4.81,4.72,5.03,4.86,4.81,5.25,5.06,4.97,5.25,5.06,4.78,5.18,4.98,5.2,5.73,5.27,4.55,4.97,4.58,5.05,5.2,4.89,5.48,5.63,5,5.18,5.11,4.81,5.69,5.53,5.41,4.97,5,5.53
CLSTN1,7.15,7.14,7.46,7.41,7.81,7.17,7.78,7.82,7,7.1,6.87,6.93,6.69,8.01,7.15,7.65,7.13,7.08,7.06,7.36,7.23,7.31,6.94,7.29,7.48,7.13,7.16,7.3,7.52,5.56,6.55,6.67,6.92,7.4,7.09,7.14,7.36,7.48,7.82,7.61,7.78,7.05,7.41,7.26,7.4,7.29,7.68,7.33,7.45,7.92
CLSTN1,8.75,8.84,9.08,8.94,9.19,9.06,9.33,9.21,8.72,8.78,9.17,8.71,8.61,7.88,8.81,8.88,8.8,8.82,8.83,8.66,8.94,8.87,9.08,9.03,8.91,8.75,8.98,8.78,8.91,8.44,8.15,9.38,8.75,8.67,8.45,8.87,9.01,9,9.13,9.25,9.18,9.12,9.24,7.49,9.08,9.25,9.07,8.86,8.99,8.57
CLSTN2,4.31,4.37,4.69,4.66,4.97,5.3,5.96,5.01,4.45,4.41,4.51,4.45,4.27,4.7,5.25,4.89,4.75,4.54,4.62,4.66,4.52,4.35,4.29,4.87,4.87,4.78,4.61,4.46,4.45,6.25,6.22,4.77,4.75,4.59,4.8,4.6,4.8,5.04,4.71,4.41,4.58,4.72,4.27,5.76,4.61,4.72,5.07,4.73,4.52,5.55
CLSTN2,8.16,8.22,8.37,8.11,8.55,8.51,8.5,8.15,8.19,8.34,8.51,8.22,8.16,7.85,8.84,8.68,8.85,7.83,8.03,7.86,8.85,8.86,9.04,9.21,9.15,8.96,8.25,8.4,8.53,6.11,6.14,5.77,8.75,8.8,8.89,8.74,8.66,8.58,7.77,8.68,8.56,8.27,8.22,7.57,9.31,9.2,9.25,8.48,8.86,7.15
CLSTN3,5.36,5.3,5.54,5.69,5.95,5.37,5.67,5.52,5.52,5.4,4.98,5.28,5.02,5.55,5.67,5.63,5.61,5.75,5.59,5.58,5.36,6.01,5.19,5.98,5.98,5.72,5.24,5.4,5.52,5,5.64,5.38,5.57,5.24,5.51,5.49,5.14,5.57,5.8,5.22,5.26,5.57,5.78,5.2,5.74,5.71,5.89,5.44,5.31,5.44
CLSTN3,8.43,8.48,8.48,8.54,9.06,9.07,8.43,8.84,8.24,8.46,8.74,8.63,8.46,8.91,8.59,8.6,8.54,8.47,8.5,8.36,8.98,9.09,9.05,9.03,8.96,8.9,8.52,8.62,8.79,8.29,7.41,8.51,8.31,8.28,8.37,8.77,8.76,8.6,7.84,8.84,8.66,8.79,8.81,9.18,8.67,8.93,8.8,8.57,8.72,9.05
CLTA,11.63,11.53,11.63,11.56,11.63,11.63,11.74,11.73,11.55,11.6,11.39,11.55,11.66,10.09,11.47,11.71,11.59,11.45,11.37,11.34,11.93,11.67,11.54,11.7,11.46,11.74,11.63,11.39,11.68,11.42,9.21,10,11.82,11.71,11.68,11.54,11.74,11.58,11.72,11.53,11.59,11.63,11.87,9.98,11.73,11.62,11.63,11.53,11.7,9.88
CLTA,6.83,6.44,6.84,6.98,6.99,7.04,7.2,7.04,7.1,6.91,6.54,6.79,6.77,7.3,6.81,6.65,6.84,7.01,6.6,7.01,7.12,6.78,6.35,6.87,6.61,6.79,7.18,6.9,6.77,6.91,5.99,7.55,7.04,6.95,6.96,6.61,6.99,6.64,7.24,7.17,6.95,6.69,7.01,7.23,7.01,7.23,7.02,7.06,6.82,7.48
CLTA,8.84,8.81,8.86,8.79,8.87,9.04,9.31,9.04,8.92,8.92,8.72,8.71,8.91,8.02,8.83,8.88,8.85,8.69,8.62,8.55,9.03,8.87,8.81,8.81,8.67,8.94,8.97,8.88,8.89,8.92,8.91,8.03,8.96,8.87,8.89,8.66,8.99,8.73,8.84,8.82,8.89,8.87,8.88,6.91,9.08,9.06,8.78,8.81,8.81,6.95
CLTA,7.51,7.35,7.5,7.45,7.58,7.51,7.62,7.25,7.5,7.51,7.4,7.54,7.44,6.93,7.45,7.45,7.43,7.35,7.18,7.21,7.56,7.52,7.27,7.45,7.52,7.48,7.59,7.53,7.36,7.52,6.97,6.79,7.72,7.53,7.49,7.36,7.51,7.55,7.88,7.45,7.58,7.54,7.63,7.07,7.55,7.36,7.56,7.39,7.67,7.31
CLTA,11.71,11.73,11.7,11.74,11.55,11.75,11.46,11.63,11.88,11.71,11.75,11.77,11.95,7.9,11.7,11.71,11.78,11.39,11.49,11.38,11.93,11.84,11.96,11.56,11.71,11.87,11.73,11.72,11.89,11.58,6.53,8.74,11.69,11.64,11.57,11.68,11.78,11.72,11.48,11.67,11.74,11.85,11.84,8.81,11.74,11.7,11.71,11.8,11.93,8.48
CLTA,9.9,9.72,9.77,9.74,9.76,9.8,10.06,9.67,9.79,9.73,9.46,9.63,9.81,8.3,9.61,9.85,9.75,9.54,9.5,9.49,9.98,9.8,9.75,9.67,9.62,9.9,9.78,9.6,9.74,9.94,8.36,7.77,9.77,9.8,9.61,9.62,9.97,9.76,9.27,9.77,9.74,9.77,9.78,8.78,9.92,9.98,9.84,9.79,9.85,8.52
CLTA,11.09,11.07,10.98,11.03,10.72,10.84,10.98,11.08,11.16,11.1,10.82,11.03,11.25,9.88,10.94,11.01,11.04,10.71,10.77,10.73,11.34,11.12,11.1,10.92,10.97,11.2,11.01,10.94,11.09,10.55,7.71,9.96,11.18,11.05,10.91,10.87,11,11.02,10.67,10.98,10.93,10.96,11.01,9.49,11.04,10.9,10.99,11,11.08,8.97
CLTA,10.78,10.81,10.69,10.63,10.21,10.49,10.52,10.67,10.7,10.77,10.52,10.82,10.89,9.01,10.58,10.66,10.74,10.39,10.44,10.36,10.97,10.74,10.65,10.66,10.67,10.85,10.7,10.65,10.64,9.99,8.16,9,10.87,10.72,10.63,10.57,10.69,10.68,10.34,10.6,10.54,10.71,10.6,8.72,10.73,10.53,10.68,10.68,10.71,8.84
CLTA,11,10.84,10.99,10.93,11.05,11.07,11.09,10.94,10.95,10.98,10.84,10.87,11.09,9.49,10.77,10.96,10.9,10.74,10.68,10.59,11.16,11.12,10.94,11.02,10.96,11.04,11,10.87,10.88,10.77,8.41,9.81,11.07,11.04,10.91,10.9,11.01,11.06,11.14,10.9,10.92,11.01,11.04,9.07,10.96,10.93,10.94,10.88,10.98,9.24
CLTB,9.07,8.97,9.3,9.02,9.56,9.38,9.27,9.42,8.97,9.15,9.14,9.07,8.95,7.58,9.31,9.39,9.36,9.49,9.32,9.22,9.25,9.16,9.15,9.27,9.42,9.39,9.21,9.1,9.3,9.19,7.43,7.14,9.41,9.42,9.3,9.36,9.66,9.41,9.62,9.33,9.28,9.38,9.33,6.96,9.18,9.25,9.13,9.14,9.18,8.17
CLTC,3.56,3.62,3.62,3.5,3.64,3.51,3.66,3.85,3.54,3.69,3.57,3.61,3.68,4.31,3.83,3.82,3.59,3.6,3.71,3.66,3.64,3.64,3.84,3.63,3.78,3.85,3.72,3.63,3.91,3.74,5.05,3.77,3.5,3.51,3.68,3.52,4.39,3.67,4.48,3.6,3.68,3.94,3.68,4.01,3.71,3.63,3.45,3.61,3.7,4.55
CLTC,12.81,12.84,12.71,12.79,12.76,12.74,12.62,12.63,12.79,12.74,12.8,12.79,12.77,12.44,12.71,12.71,12.74,12.77,12.84,12.82,12.74,12.84,12.84,12.79,12.74,12.74,12.76,12.82,12.75,12.61,11.54,12.05,12.62,12.66,12.65,12.65,12.54,12.59,12.59,12.74,12.8,12.61,12.62,12.3,12.75,12.76,12.8,12.78,12.82,11.92
CLTC,11.25,10.91,10.92,11.08,10.15,10.35,10.49,10.78,11.21,11.19,10.58,11.19,11.14,9.57,10.93,10.95,10.98,10.93,11.05,11.07,10.99,11.01,10.8,11.03,11.05,11.01,10.94,11.17,10.4,8.64,8.3,9.19,10.75,10.74,10.73,10.82,10.36,10.76,10.28,10.71,10.85,10.21,9.94,8.04,10.79,10.55,11.01,11.08,10.9,9.7
CLTC,10.72,10.47,10.48,10.58,9.87,9.95,9.96,10.36,10.58,10.76,10.09,10.69,10.69,9.05,10.5,10.41,10.45,10.42,10.53,10.69,10.64,10.56,10.2,10.5,10.54,10.57,10.45,10.6,10.13,9.53,7.65,6.87,10.3,10.36,10.28,10.28,10.05,10.23,9.53,10.31,10.31,9.86,9.9,7.34,10.41,10.19,10.43,10.51,10.37,8.26
CLTC,7.7,8.08,7.58,7.77,7.52,7.61,7.3,7.56,8.01,7.88,8.22,7.67,7.92,7.55,7.64,7.06,7.64,7.63,7.58,7.57,7.62,7.64,8.08,7.53,7.7,7.58,7.65,7.67,8.06,6.95,5.73,6.48,6.94,7.03,7.1,7.54,7.27,7.05,7.65,7.7,7.92,6.95,7.26,7.08,7.7,7.81,7.65,8,8.34,5.94
CLTCL1,4.31,4.45,4.36,4.31,4.81,4.78,4.45,4.34,4.41,4.31,4.71,4.41,4.43,4.86,4.25,4.37,4.15,4.29,4.33,4.16,4.41,4.48,4.81,4.55,4.16,4.42,4.3,4.66,4.34,4.53,6.41,5.57,4.31,4.51,4.4,4.53,4.39,4.12,4.91,4.21,4.67,4.8,4.45,5.54,4.63,4.5,4.36,4.26,4.34,4.61
CLTCL1,4.31,4.56,4.46,4.41,4.42,4.79,4.81,4.18,4.36,4.49,4.99,4.37,4.31,4.19,4.33,4.05,4.38,4.91,4.41,4.06,4.42,4.33,4.45,4.18,4.04,4.33,4.6,4.46,4.2,4.45,4.69,4.04,4.27,4.63,4.37,4.5,4.35,4.45,5.86,4.46,4.57,4.2,4.33,6.31,4.35,4.37,4.12,4.28,4.42,4.54
CLTCL1,4.69,4.66,4.8,4.87,4.75,4.47,5.09,5.05,4.63,4.81,4.61,4.48,4.82,5.67,4.56,4.71,4.75,4.75,4.83,4.55,4.66,4.77,4.45,4.47,4.68,4.8,4.73,4.87,4.45,4.9,4.26,5.49,4.6,4.63,4.83,4.73,4.69,4.64,4.49,4.91,5.08,4.57,4.88,4.18,4.91,4.88,4.68,5.08,4.41,4.5
CLTCL1,4.6,4.48,4.53,4.72,4.98,5.15,4.9,4.44,4.51,4.21,4.72,4.74,4.68,5.34,4.85,4.8,4.52,4.78,4.48,4.22,4.66,4.92,4.83,4.64,4.71,4.81,4.54,4.6,4.73,5.04,6.26,5.47,4.8,4.66,4.92,4.55,4.87,4.46,4.37,4.54,4.97,5.37,4.84,5.34,4.34,4.83,5.23,4.68,4.54,5.51
CLU,3.51,3.85,3.71,3.85,4.25,4.14,4.62,3.72,3.79,3.82,3.8,3.73,3.69,4.33,4.13,3.82,3.69,3.61,3.75,3.65,3.96,3.67,3.72,3.76,3.68,3.67,4.18,3.75,3.75,3.94,4.99,3.83,3.53,3.94,3.58,3.52,3.52,3.64,4,3.75,3.8,3.77,4,5.63,4.01,3.71,3.79,3.67,3.88,5.94
CLU,6.64,6.35,6.84,6.53,7.08,6.93,6.93,6.34,6.35,6.38,6.74,6.38,6.23,6.21,6.47,6.41,6.42,6.73,6.87,6.81,6.14,6.36,6.32,6.38,6.59,6.43,6.37,6.39,6.2,4.99,5.94,5.17,6.84,7.03,7.16,6.65,6.63,6.75,6.18,6.87,6.76,6.23,6.33,6.74,8.13,7.73,7.83,6.64,6.48,6.81
CLUAP1,8.04,7.96,8.17,8.09,8.42,8.15,8.1,7.87,8.15,8.09,7.95,8.22,8.32,7.08,8.81,8.88,9,8.1,8.15,8.13,8.39,8.17,8.1,8.72,8.68,8.74,8.03,7.96,8,7.5,5.86,6.75,9.08,9.13,9.01,8.81,9.05,8.77,7.55,8.28,8.18,8.18,8.33,7.68,8.12,7.89,7.77,8.06,8.11,7.03
CLUAP1,6.9,6.3,6.51,6.43,6.74,6.77,6.69,6.24,6.51,6.6,6.67,6.51,6.48,7.49,7.05,6.86,7.05,6.67,6.78,6.66,6.48,6.77,6.78,6.83,6.93,6.76,6.53,6.67,6.47,5.75,5.71,6.06,6.74,6.7,6.71,6.87,6.97,6.9,6.8,6.53,6.47,6.87,6.92,7.69,6.61,6.48,6.74,6.72,6.79,7.37
CLUL1,4.04,4.5,4.3,4.39,4.17,4.01,4.12,4.35,4.24,4.28,4.6,4.45,4.2,5.51,4.01,3.92,4.16,4.29,4.35,4.43,4.36,4.34,4.31,4.05,4.33,4.09,4.04,4.42,4.12,3.92,5.79,4.22,4.06,4.29,3.99,4.08,4.66,4.18,4.67,4.18,4.06,3.99,4.02,5.11,4.05,4.76,4.46,4.3,4.01,4.63
CLYBL,7.12,6.9,7.28,7.33,7.38,6.77,6.95,7.08,7.26,7.11,6.98,7.09,6.95,5.28,6.44,6.51,6.71,7.69,7.53,7.52,7.02,6.87,6.83,7.18,6.9,6.97,7.26,7.24,7.1,5.55,5.74,4,6.49,6.5,6.5,6.66,6.91,6.88,6.12,7.48,7.28,7.07,7.09,5.22,7.53,7.13,7.47,7.29,7.4,5.3
CLYBL,7.2,6.93,7.24,7.16,7.17,6.85,6.25,7.2,7.34,7.27,6.95,7.15,7.05,6,6.48,6.07,6.59,7.44,7.7,7.56,6.8,6.95,6.87,6.89,6.86,7.29,7.21,7.16,7.19,4.47,4.44,5.13,6.59,6.57,6.28,6.44,6.63,6.76,6.24,7.53,7.23,6.4,6.74,5.34,7.28,7.76,7.62,7.33,7.27,6.59
CLYBL,4.18,4.46,4.56,4.71,4.6,4.58,4.74,4.39,4.55,4.39,4.45,4.35,4.64,5.9,4.35,4.52,4.05,4.44,4.29,4.4,4.34,4.4,4.49,4.23,3.98,4.08,4.22,4.58,4.36,4.02,5.99,4.84,4.21,4.08,4.31,4.21,4.4,4.29,4.47,4.24,4.13,4.51,4.41,4.39,4.95,4.4,4.15,4.26,4.86,4.43
CMA1,4,3.95,3.66,3.97,4.26,3.88,3.92,3.86,3.97,3.88,3.9,4.12,4.08,4.47,4.3,4.01,4.22,4.13,3.74,3.8,4.27,4.04,4.13,4,4,3.94,3.81,4.07,3.59,4.69,6.11,6,4.12,3.91,4.25,4.26,3.72,4.06,4.29,3.82,3.78,3.85,3.81,5.19,3.94,3.91,4.15,4.09,3.99,4.5
CMAH,6.79,6.37,6.78,6.81,6.72,6.54,6.76,6.85,6.64,6.75,6.26,6.76,6.67,6.19,6.13,6.51,6.4,6.22,6.69,6.63,6.17,6.05,6.02,6.54,6.07,6.51,6.62,6.5,6.5,6.68,7.6,5.34,6.65,6.84,6.76,6.38,6.49,6.67,6.85,6.75,6.79,7.03,6.64,4.93,6.8,6.69,6.24,6.78,6.75,5.73
CMAH,8,7.35,7.57,7.67,7.24,7.39,7.3,7.75,7.76,7.88,6.82,7.95,7.8,6.21,7.39,7.29,7.46,7.78,7.61,7.73,7.19,7.06,6.5,7.41,7.34,7.1,7.62,7.73,7.12,6.86,6.15,7.44,8.18,8.01,7.95,7.74,7.02,7.79,7.37,7.73,7.97,7.66,7.37,6.25,6.91,6.35,6.95,7.89,7.78,6.49
CMAH,8.72,8.6,8.35,8.4,7.77,8.08,8.12,8.33,8.48,8.68,8.28,8.37,8.59,6.8,8,7.81,8,8.01,8.02,8.43,7.71,7.8,7.7,7.69,7.77,7.71,8.25,8.32,8.21,8.46,6.42,7.42,8.09,8.24,8.26,8.04,7.81,8.16,7.96,8.21,8.3,8.72,8.62,7.63,7.46,7.35,7.84,8.29,8.35,6.72
CMAH,8.21,8.5,8.15,8.23,7.76,7.6,8.04,7.9,8.54,8.33,8.13,8.28,8.52,6.94,7.64,7.61,7.66,7.75,7.76,7.94,7.44,7.34,7.75,7.38,7.29,7.33,8.03,8.08,8.35,8.25,7.55,6.41,7.82,7.93,7.83,7.94,7.6,7.67,7.12,7.98,8.19,8.63,8.45,7.78,7.44,7.38,7.32,8.13,8.69,7.29
CMAH,8.49,8.57,8.26,8.34,7.86,7.52,7.71,8.23,8.68,8.48,8.25,8.49,8.45,6.53,7.81,8.03,8,8.11,8.05,8.21,7.74,7.67,7.61,7.7,7.88,7.74,8.24,8.4,8.07,8.06,5.64,5.36,8.38,8.39,8.24,8.16,7.58,8.16,8.08,8.33,8.02,8.45,8.14,7.7,7.74,7.52,7.74,8.36,8.37,5.63
CMAS,9.3,9.32,9.34,9.45,9.29,9.19,9.25,9.52,9.39,9.4,9.33,9.33,9.29,7.76,9.19,8.9,9.16,9.3,9.41,9.5,9.2,9.36,9.18,9.4,9.26,9.18,9.44,9.36,9.14,8.6,8.14,8.52,9.09,9.06,9.08,9.18,8.76,9.24,9.09,9.46,9.33,9.37,9.37,7.7,9.62,9.51,9.6,9.27,9.19,6.57
CMAS,8.94,8.84,8.78,8.96,8.64,8.78,7.89,8.76,8.9,8.84,8.74,8.75,8.69,7.3,8.54,8.38,8.59,8.73,8.72,8.85,8.89,8.77,8.66,8.67,8.64,8.75,8.79,8.67,8.44,9.4,7.9,7.26,8.29,8.51,8.48,8.56,8.61,8.64,8.64,8.66,8.7,8.74,8.65,6.78,9.22,9.13,9.22,8.76,8.73,7.5
CMBL,4.64,4.65,4.56,4.52,4.43,4.51,4.67,4.25,4.61,4.74,4.78,4.76,4.47,4.92,4.55,4.61,4.48,4.71,4.68,4.52,5.25,4.81,4.96,4.57,4.38,4.18,4.42,4.79,4.74,4.6,4.87,5.22,4.74,4.8,4.5,4.58,4.63,4.47,4.58,4.55,4.68,4.37,4.56,5.12,4.47,4.37,4.73,4.42,4.62,5.06
CMBL,3.78,3.63,3.77,3.79,3.69,3.86,3.87,3.61,3.66,3.83,4.04,3.84,3.75,6.53,3.7,4.09,3.74,3.88,3.82,3.86,3.75,3.75,3.61,4.17,3.81,3.59,3.7,3.88,3.83,4.41,5.7,5.09,3.99,3.8,3.8,3.7,3.92,3.61,4.28,4.03,4.01,4.01,4.01,5.38,3.74,3.95,3.77,3.89,3.95,5.69
CMC1,8.1,8.55,8.07,8.01,8.03,8.14,7.19,7.7,8.41,8.24,8.31,8.24,8.45,6.61,7.96,7.88,8.14,8.13,8.15,8.16,8.34,8.11,8.21,7.82,7.77,8.1,8.23,8.09,8.42,7.7,4.35,4.98,7.78,7.82,7.81,7.95,7.92,7.82,7.77,8.04,8.2,7.97,8.18,6.52,8.08,8.08,7.82,8.14,8.28,6.45
CMIP,9,9.1,8.96,9.04,9.15,9.14,8.69,9.07,9.09,8.98,9.38,9.19,9.18,9.41,9.17,9.05,9.09,8.79,8.89,8.68,9.17,9.41,9.53,9.21,9.26,9.21,9.08,9.13,9.31,8.87,10.01,9.71,9.01,9.05,8.98,9.1,9.15,9.06,8.65,9.05,9.18,9.41,9.24,8.97,9.14,9.17,9.29,9.02,9.26,8.88
CMIP,6.08,6.07,6.21,6.44,6.62,6.83,6.47,7.25,6.06,6.44,6.53,6.52,6.17,6.64,6.48,6.45,6.46,6.22,6.15,6.1,6.44,6.47,6.66,6.64,6.65,6.55,6.34,6.36,6.62,6.83,4.15,6.45,6.15,6.09,6.43,6.46,6.63,6.58,6.31,6.39,6.47,6.76,6.66,6.67,6.35,6.68,6.39,6.26,6.67,6.9
CMIP,7.68,7.52,7.95,7.57,7.61,8.08,8.23,8.14,7.33,7.72,8.16,7.46,7.19,8.69,7.97,7.91,7.55,7.57,7.47,7.35,7.78,7.91,8.17,8.23,8.11,7.79,7.84,7.57,8.11,7.32,7.82,8.51,7.73,8,7.62,7.93,7.8,7.85,7.2,8.18,7.82,8.51,7.82,8.05,7.96,8.24,8.19,7.53,7.95,7.24
CMIP,4.81,4.43,5.11,4.67,4.26,4.98,4.95,5.18,4.54,4.76,4.79,4.44,4.84,4.93,4.94,4.88,4.86,4.75,4.77,4.75,4.72,4.66,4.64,4.61,4.46,5.19,4.81,4.92,4.75,4.59,5.08,5.25,4.69,4.62,4.73,4.73,4.44,4.8,4.39,4.73,4.97,5.18,4.61,5.19,4.65,4.84,4.85,4.63,4.76,4.61
CMKLR1,5.12,5.79,4.92,5.15,5.23,5.44,5.59,4.65,5.04,4.94,5.03,5.31,5.67,6.27,4.83,4.64,5.12,4.95,5.2,5.01,5.47,5.23,5.35,5.09,4.93,4.75,5.26,5.34,5.25,4.91,6.08,5.26,5.22,4.91,4.87,4.93,5,4.73,5.12,4.97,5.13,5.14,5.8,6.05,4.86,5.13,4.84,5.1,5.19,6.96
CMKLR1,3.9,3.79,4.15,3.95,3.87,4.05,4.03,3.64,3.93,3.77,3.89,4,3.96,4.78,3.74,4.28,3.7,4.05,4.18,4.01,4.13,3.93,3.95,3.68,4.23,4.08,3.78,3.99,3.67,4.4,6.47,4.82,3.82,3.89,4.28,3.54,4.06,4.06,3.95,3.98,3.95,3.83,4.09,5.11,3.84,4.35,3.88,4.15,3.84,5.15
CMKLR1,3.88,4.02,3.78,3.86,3.51,4.12,4.52,4.09,3.75,3.95,3.85,3.95,4.11,4.15,3.91,3.79,3.77,3.9,3.97,4.1,3.89,4.25,4.04,3.75,3.89,3.72,3.93,3.91,3.77,3.66,4.19,3.68,3.97,3.77,4.08,3.86,4.16,3.79,4.65,3.68,3.92,4.09,4.11,3.94,3.61,3.85,4.16,3.81,3.67,4.82
CMKLR1,3.9,3.95,3.95,3.97,3.68,4.07,4.06,3.83,3.93,3.8,3.84,4.13,3.96,4.2,3.83,3.81,3.76,3.6,3.65,3.71,4.01,3.81,3.85,3.74,3.61,3.81,3.76,3.89,3.97,4.34,5.32,5.46,3.86,3.77,3.9,3.96,3.87,3.77,3.64,3.89,3.71,3.97,3.87,3.93,3.99,3.61,3.6,3.79,4.07,5.3
CMPK1,10.15,9.79,9.7,10.04,9.31,9.22,8.35,9.47,10.27,10.13,9.56,10.18,10.11,7.89,9.89,9.78,9.84,9.58,9.76,9.85,9.8,9.86,9.56,9.75,9.77,9.8,9.83,10.16,9.58,8.46,6.74,7.07,9.69,9.75,9.75,9.98,9.35,9.88,8.9,9.58,9.44,9.3,9.09,7.11,9.38,9.15,9.66,10.03,9.79,7.11
CMPK1,10.96,11.15,10.9,10.96,10.85,10.96,10.63,10.58,11.18,10.89,11.1,11.04,11.08,10.33,10.88,10.72,10.88,10.84,10.84,10.79,10.97,10.93,11.07,10.64,10.83,10.81,10.96,10.98,10.87,10.91,8.64,10.31,10.7,10.72,10.67,10.92,10.76,10.82,10.73,10.73,10.81,10.86,10.84,10.63,10.64,10.66,10.77,10.96,11.09,10.52
CMPK1,9.71,9.84,9.66,9.75,9.46,9.41,9.08,9.65,9.85,9.77,9.64,9.82,10.01,7.78,9.4,9.48,9.59,9.43,9.46,9.48,9.75,9.51,9.79,9.42,9.33,9.41,9.58,9.74,9.56,8.99,8,7.83,9.51,9.58,9.37,9.47,9.31,9.53,9.38,9.5,9.47,9.34,9.29,7.87,9.54,9.18,9.35,9.66,9.77,8.72
CMPK2,3.62,3.68,3.64,3.5,3.64,3.5,3.77,3.63,3.7,3.71,3.49,3.51,3.68,3.7,3.56,3.47,3.67,3.58,3.61,3.91,3.68,3.77,3.69,3.55,3.52,3.53,3.6,3.65,3.48,4.86,3.77,3.86,3.63,3.63,3.68,3.4,3.51,3.35,4.35,3.63,3.49,3.56,3.59,4.09,3.41,3.98,3.75,3.59,3.46,4.37
CMPK2,3.87,3.89,3.8,4.1,3.64,4.03,4,3.71,4.1,3.72,3.99,3.91,3.89,4.25,4.02,3.95,3.92,3.7,3.73,3.76,3.96,3.94,3.8,3.9,3.94,4.04,4.03,4,3.93,3.76,4.25,4.88,4.12,4.05,3.88,3.85,3.95,3.88,4.01,3.79,3.71,3.75,4.17,4.16,3.83,4.04,3.84,3.78,3.78,4.04
CMPK2,5.07,5.07,5.23,4.97,4.92,5,5.71,5.16,4.97,4.92,4.96,5.1,5.08,5.48,5.12,5.2,4.87,5.1,4.84,4.86,4.83,5.34,5.35,5.06,5.26,4.91,4.75,5.61,5.13,5.18,6.23,5.96,5.06,4.87,4.95,4.73,4.78,4.79,5.04,4.76,4.58,5.11,4.81,5.67,5.19,5.15,5.5,4.84,4.94,5.34
CMTM1,5.06,4.96,5.12,4.93,5.62,4.97,4.75,4.59,4.7,4.93,4.8,4.98,4.88,6.08,4.66,5.01,4.96,4.88,4.85,5.11,4.59,4.82,4.49,4.78,4.41,4.46,5.01,4.87,4.95,4.66,5.34,4.61,4.83,4.68,4.88,4.76,4.98,4.8,4.68,4.71,4.94,4.58,4.87,5.66,4.91,4.83,5.16,4.67,4.7,5.49
CMTM1,5.55,5.5,5.41,5.58,5.42,5.88,6.04,5.48,5.3,5.25,5.66,5.38,5.74,4.71,5.35,5.33,5.11,5.73,5.22,5.39,5.17,5.07,5.02,5.13,4.66,4.82,5.51,5.46,5.58,5.78,5,5.86,5.03,5.27,5.19,5.17,5.24,5.22,6.18,5.82,5.03,5.52,5.02,4.89,6.09,5.71,5.7,5.28,5.32,5.86
CMTM1,3.7,3.69,3.57,3.48,4.25,3.74,4.88,3.53,3.65,3.57,3.77,3.75,3.88,4.28,3.56,3.7,3.71,3.83,3.62,3.61,4.07,3.74,3.72,3.88,3.75,3.8,3.65,3.66,3.71,4.33,4.66,5.01,3.74,3.57,3.87,3.47,3.58,3.67,4.08,3.77,3.68,3.82,3.91,3.64,3.73,3.78,3.65,3.62,3.61,4.08
CMTM2,4.09,4.65,4.22,4.49,4.23,4.86,4.18,4.43,4.35,4.56,5.01,4.4,4.62,6.61,4.33,4.36,4.22,4.3,4.49,4.22,4.32,4.51,4.53,4.48,4.51,4.33,4.35,4.4,4.61,4.1,5.79,5.65,4.39,4.31,4.33,4.24,3.75,4.24,4.2,4.38,4.81,4.53,4.58,6.07,4.36,4.63,4.58,4.71,4.31,5.6
CMTM3,10.7,10.82,10.79,10.73,10.78,10.84,10.66,10.56,10.84,10.77,10.83,10.88,10.85,9.9,11.12,11.02,11.18,10.68,10.76,10.69,11.12,11.11,11.19,11.07,11.1,11.15,10.71,10.64,10.83,11.07,9.7,10.27,11.33,11.34,11.34,11.18,11.24,11.15,10.73,10.79,10.8,10.91,11.01,10.07,10.77,10.72,10.73,10.77,10.81,9.98
CMTM3,9.45,9.45,9.53,9.46,9.43,9.32,8.88,9.57,9.38,9.5,9.32,9.55,9.5,8.59,9.79,9.92,9.75,9.42,9.51,9.41,9.92,9.87,9.84,9.92,9.94,9.91,9.43,9.44,9.47,9.29,5.26,6.16,10.08,9.99,9.97,9.91,9.78,10.07,9.08,9.44,9.45,9.76,9.61,8.99,9.5,9.5,9.44,9.55,9.53,7.72
CMTM4,5.05,5.02,4.9,5.07,5.35,4.82,4.95,5.27,5.23,5.13,5.19,4.69,4.88,5.6,5.15,4.85,5.07,5.42,5.14,5.24,4.6,4.91,4.78,4.78,4.96,5.12,5.04,5.44,5.12,4.68,5,5.09,5.17,4.88,5.13,4.95,5.39,5.37,4.57,5.05,5,4.9,4.96,5.38,4.63,4.87,5.08,4.67,4.77,5.34
CMTM4,5.58,5.31,5.86,5.98,6.1,6.21,5.92,5.79,5.75,6.1,6,5.63,5.19,6.29,6.13,5.96,6.03,6.07,5.87,5.89,5.75,5.87,5.95,5.96,6.16,6.11,6.26,6.1,5.73,5.93,6.13,5.9,5.77,6.03,6.17,6.18,6.39,6.09,6.14,6.22,6.31,6.19,6.08,6.25,6.12,5.9,6.06,6.23,5.99,5.86
CMTM4,4.16,4.15,4.3,4.35,4.31,4.54,5.46,4.07,4.13,4.17,4.21,4.23,4.23,5.01,4.12,4.26,4.38,4.41,4.35,4.35,4.29,4.26,4.18,4.01,4.25,4.2,4.38,4.3,4.16,4.61,5.58,5.83,4.51,4.29,4.39,4.06,4.6,4.57,5.52,4.44,4.44,4.18,4.23,5.53,4.29,4.13,4.75,4.25,4.17,4.51
CMTM5,5.52,5.41,5.7,5.92,5.32,6.29,6.1,5.91,5.53,5.83,5.89,5.56,5.52,6.95,5.67,5.83,5.97,5.98,5.67,5.76,6.07,5.8,5.64,5.84,5.85,6.12,5.88,5.72,5.83,5.72,5.26,5.9,5.74,5.69,6.16,5.56,5.37,5.81,5.42,6.1,6.15,5.85,6.39,7.05,5.99,5.59,5.49,6.04,5.5,7.41
CMTM5,4.96,4.91,4.76,5.17,4.8,5,4.73,5.07,4.71,5.01,5.08,4.73,4.84,6.19,4.96,4.84,5.21,4.66,5.1,4.98,4.89,5.11,4.78,5.02,5.24,4.8,4.9,4.87,5.16,5.39,5.55,6,4.96,4.86,4.98,4.75,5.07,5.03,5.55,5.31,4.9,5.05,4.92,6.67,5.09,5.15,5.16,4.98,4.75,6.76
CMTM5,5.79,5.6,5.51,5.83,5.64,5.85,5.31,5.8,5.67,5.81,6.08,5.89,5.7,7.26,5.76,5.96,5.91,6,5.61,5.84,5.85,6.21,5.45,5.81,5.86,5.6,5.86,5.94,5.62,5.57,7.08,6.31,5.6,5.72,5.9,5.87,5.6,5.7,5.56,5.73,5.58,5.77,5.86,7.12,5.97,5.77,5.44,5.47,5.61,6.58
CMTM5,4.35,4.26,4.46,4.34,4.73,4.33,4.61,4.28,4.3,4.4,4.55,4.45,4.23,5.1,4.85,4.43,4.25,4.41,4.27,4.94,4.61,4.57,4.37,4.22,4.48,4.33,4.37,4.62,4.93,5.17,6.22,5.41,4.47,4.28,4.58,4.49,4.39,4.19,4.33,4.37,4.63,4.32,4.77,4.99,4.49,5.44,4.36,4.78,4.49,6.86
CMTM5,4.25,3.73,3.85,3.88,3.86,4.07,3.75,4.31,3.86,3.86,3.84,3.81,3.86,3.95,4.11,4.17,4.11,3.78,3.94,3.87,3.71,3.67,3.82,3.92,3.84,3.75,3.66,4.07,3.64,3.83,4.3,4.91,4.38,3.92,4.1,3.82,4.19,4.08,3.44,3.69,4.08,3.92,3.67,4.64,3.54,3.49,4.08,3.71,3.62,4.01
CMTM6,11.61,11.65,11.53,11.66,11.46,11.48,11.19,11.46,11.71,11.65,11.7,11.75,11.79,11.48,11.59,11.52,11.51,11.53,11.5,11.52,11.59,11.73,11.8,11.54,11.63,11.66,11.49,11.68,11.48,11.27,10.96,11.12,11.23,11.42,11.28,11.49,11.37,11.41,11.3,11.56,11.65,11.55,11.45,11.52,11.32,11.37,11.34,11.69,11.71,11.21
CMTM6,12.29,12.23,12.23,12.2,12.18,12.21,12.09,12.32,12.22,12.29,12.25,12.31,12.25,11.8,12.24,12.28,12.18,12.2,12.21,12.21,12.3,12.36,12.31,12.31,12.32,12.3,12.19,12.28,12.29,12.2,11.55,11.58,12.07,12.11,12.11,12.14,11.99,12.15,11.96,12.28,12.26,12.3,12.22,11.69,12.01,12,12.13,12.26,12.25,11.73
CMTM7,9.82,9.63,9.93,9.91,10.14,10.02,9.75,10.05,9.83,9.88,9.84,9.76,9.7,8.87,9.69,9.67,9.72,9.93,9.81,9.95,9.69,9.45,9.47,9.84,9.71,9.74,10.03,9.87,9.89,9.69,8.02,9.46,9.67,9.73,9.88,9.88,9.91,9.82,9.54,9.81,9.76,9.95,10,9.1,10.06,10.15,9.94,9.86,9.86,8.66
CMTM8,3.9,3.85,3.83,3.89,3.75,3.88,4.28,3.75,3.89,3.7,4.07,3.75,3.89,5.15,3.85,3.85,3.6,3.86,3.72,3.63,3.8,3.87,3.9,4.09,3.89,3.92,3.73,4.07,3.89,3.96,5.76,4.42,3.77,3.66,3.83,3.67,3.71,3.67,3.96,3.63,3.71,3.74,3.8,4.86,4.04,3.63,3.87,3.81,3.61,5.03
CMYA5,4.19,4.12,4.1,3.99,4.36,4.11,4.28,4.13,4.15,4.23,4.25,4.29,4.09,4.3,3.99,4.21,4.14,4.23,3.99,4.02,4.05,4.33,4.15,4.19,3.89,3.88,4.07,4.39,4.19,4.31,5.99,6.13,3.98,4.22,3.92,3.9,4.26,4,5.04,3.96,4.29,4.38,4.35,5.01,4.1,4.18,4.3,4.17,4.22,4.22
CNBD1,3.56,3.5,3.64,3.58,3.65,3.55,3.7,3.31,3.49,3.47,3.6,3.66,3.34,4.75,3.57,3.5,3.43,3.51,3.54,3.56,3.44,3.52,3.6,3.54,3.46,3.46,3.74,3.73,3.66,4,6.29,4.06,3.63,3.63,3.58,3.51,3.37,3.62,3.59,3.63,3.46,3.51,3.77,3.82,3.5,4.21,3.6,3.68,3.31,4.92
CNBP,12.06,12.04,11.86,11.93,11.62,11.66,11.72,11.89,12.04,12.03,11.7,11.89,12.03,9.75,11.9,11.87,11.99,11.85,11.86,11.98,11.85,11.74,11.66,11.76,11.75,11.91,11.9,11.94,11.68,11.69,8.67,9.52,11.88,11.86,11.76,11.94,11.76,11.88,11.51,11.86,11.82,11.66,11.59,10.04,11.81,11.71,11.85,11.89,11.99,9.7
CNBP,8.61,8.77,8.76,8.77,8.96,8.73,7.75,8.56,8.87,8.85,8.94,8.76,8.51,9.64,8.85,8.66,8.85,9.04,8.91,9.01,8.65,8.57,8.45,8.6,8.68,8.71,8.81,8.92,8.59,9.15,8.04,9.41,8.52,8.71,8.82,8.8,8.69,8.58,8.04,8.72,8.79,8.44,8.63,9.73,8.87,8.68,8.72,8.82,8.56,9.68
CNBP,12.08,12.02,11.94,11.98,11.63,11.67,11.78,11.91,12.01,12.06,11.72,11.94,12.08,10.4,11.86,11.88,12,11.84,11.93,11.98,11.87,11.74,11.61,11.75,11.73,11.92,11.9,11.94,11.85,11.55,9.9,10.31,11.9,11.96,11.75,11.77,11.8,11.93,11.67,11.94,11.78,11.61,11.63,10.03,11.82,11.73,11.82,11.88,12.04,10
CNBP,10.74,10.77,10.61,10.67,10.16,10.27,10.19,10.48,10.94,10.65,10.28,10.59,10.9,8.72,10.57,10.45,10.73,10.48,10.55,10.69,10.52,10.29,10.45,10.4,10.38,10.77,10.54,10.57,10.52,9.86,8.29,8.95,10.46,10.52,10.39,10.49,10.42,10.6,10.23,10.5,10.47,10.18,10.28,8.28,10.54,10.35,10.34,10.66,10.81,8.23
CNBP,10.84,10.36,10.47,10.58,9.72,10.07,9.79,10.23,10.79,10.73,9.8,10.57,10.72,8.43,10.54,10.52,10.62,10.46,10.54,10.65,10.39,10.21,9.74,10.37,10.38,10.59,10.44,10.65,10.1,9.47,7.8,6.63,10.53,10.55,10.28,10.48,10.08,10.57,9.73,10.35,10.11,9.97,9.74,8.46,10.41,10.17,10.28,10.5,10.35,9.61
CNBP,11.83,11.52,11.6,11.66,11.11,11.23,11.29,11.51,11.78,11.79,10.99,11.67,11.7,8.3,11.75,11.67,11.68,11.57,11.66,11.74,11.5,11.44,10.99,11.54,11.56,11.61,11.61,11.75,11.24,10.65,8.97,10.36,11.69,11.71,11.57,11.65,11.5,11.67,11.19,11.4,11.44,11.2,11.11,8.08,11.5,11.36,11.59,11.62,11.45,8.79
CNDP1,3.8,4.01,3.65,3.78,4.32,4.14,4.36,4.02,3.71,3.97,4,3.8,3.84,4.36,3.88,3.82,3.69,4.51,4.07,4.28,3.82,3.9,3.75,3.98,3.82,4.02,3.89,3.82,4,4.95,6.23,5.75,3.82,3.63,4.1,3.79,3.81,3.82,4.66,3.81,3.94,3.97,4.03,5.11,3.77,3.82,4.2,3.84,3.92,4.52
CNDP1,4.31,4.5,4.17,4.23,4.36,4.19,4.37,4.34,4.19,4.1,4.44,4.6,4.43,4.72,4.29,4.65,4.31,4.11,4.11,4.36,4.12,4.18,4.61,3.97,3.85,4.23,4.03,4.19,4.26,5.24,6.25,5.65,4.35,4.42,4.24,4.12,3.8,4.04,4.46,4.23,4.14,4.21,4.02,4.02,3.84,4.12,4.2,4.03,4.16,4.86
CNDP2,7.71,6.91,7.8,7.62,6.78,7.43,7.75,7.53,7.7,7.65,6.72,7.67,7.4,6.09,7.77,7.61,7.57,7.88,7.88,7.97,7.51,7.32,6.82,7.85,7.52,7.55,7.72,7.8,6.82,5.24,5.64,4.37,7.47,7.54,7.48,7.48,7.24,7.79,6.89,7.75,7.42,7.14,6.84,5.58,7.48,6.88,7.32,7.53,7.24,6.35
CNDP2,8.92,8.61,8.67,8.74,7.66,8.14,8.68,8.64,8.78,8.84,8.23,8.54,8.72,4.16,8.44,8.16,8.65,8.68,8.83,8.87,8.57,8.14,8.09,8.33,8.38,8.48,8.68,8.5,8.43,7.13,5.73,4.83,8.52,8.49,8.09,8.43,8.27,8.59,7.42,8.48,8.31,8.1,7.77,5.45,8.37,8.26,8.29,8.55,8.61,4.47
CNDP2,8.65,7.99,8.6,8.62,8.26,8.3,8.53,8.87,8.43,8.67,7.69,8.3,8.3,6.21,8.33,8.37,8.38,8.69,8.73,8.87,8.36,8.26,7.8,8.5,8.41,8.43,8.58,8.56,8.05,6.75,7.26,6.87,8.49,8.46,8.45,8.51,8.46,8.59,8.01,8.43,8.49,8.27,8.12,6.91,8.5,8.33,8.41,8.55,8.37,7.58
CNDP2,11.59,11.57,11.74,11.73,11.8,11.77,11.59,11.78,11.66,11.73,11.82,11.64,11.53,11.51,11.74,11.6,11.69,11.86,11.78,11.86,11.51,11.53,11.53,11.61,11.68,11.51,11.76,11.73,11.68,11.64,11.61,11.05,11.51,11.51,11.67,11.68,11.59,11.69,11.47,11.81,11.66,11.48,11.64,11.51,11.53,11.46,11.65,11.63,11.56,11.72
CNFN,4.88,5.65,4.92,5.36,4.73,5.02,4.76,5.23,5.19,4.96,5.14,5.25,5.46,4.69,4.95,4.71,4.68,4.96,4.89,4.99,5.27,5.17,5.23,4.67,4.89,4.75,4.96,5.05,5.12,4.84,4.8,4.48,4.68,4.84,4.82,4.83,4.83,4.81,4.73,4.85,4.99,5.14,4.88,5.25,5.07,5.07,4.44,4.99,5.08,4.9
CNGA1,3.51,3.56,3.42,3.52,3.74,3.59,4.27,3.68,3.51,3.61,3.55,3.57,3.64,3.84,3.36,3.51,3.45,3.57,3.44,3.38,3.6,3.48,3.48,3.71,3.51,3.37,3.68,3.52,3.41,3.83,3.56,3.66,3.64,3.42,3.55,3.5,3.46,3.28,3.92,3.54,3.54,3.56,3.74,3.39,3.23,3.92,3.46,3.28,3.51,4
CNGA1,3.86,3.92,3.78,3.99,4.1,3.89,4.15,3.7,3.75,3.71,3.82,3.7,3.96,4.33,3.55,3.68,3.79,3.82,3.8,3.72,4.18,3.86,3.82,3.76,3.57,3.66,3.83,3.78,3.73,4.15,5.46,5.29,3.95,3.7,3.86,3.67,4.5,3.64,4.54,3.92,3.97,3.75,4.41,4.28,4.01,3.89,3.67,3.77,3.71,4.35
CNGA1,3.65,3.54,3.51,3.52,3.49,3.84,4.43,3.45,3.49,3.4,3.54,3.69,3.71,4.6,3.72,3.47,3.55,3.75,3.57,3.43,3.74,3.88,3.51,3.66,3.47,3.61,3.38,3.46,3.71,4.1,5.12,5.37,3.79,3.45,3.62,3.49,3.86,3.55,3.81,3.66,3.76,3.83,3.85,5.3,3.74,3.91,3.66,3.58,3.6,4.51
CNGA2,4.68,4.4,4.56,4.56,5.57,4.6,4.46,4.58,4.47,4.64,4.92,4.61,4.64,5.61,4.45,4.72,4.43,4.61,4.44,4.62,4.31,4.71,4.51,4.93,4.83,4.32,4.64,4.6,4.57,4.99,5.01,6.11,4.56,4.64,4.69,4.43,4.63,4.47,5.9,4.27,4.65,4.67,4.39,5.74,4.19,4.55,4.29,4.66,4.59,5.13
CNGA2,4.4,4.63,4.6,4.41,4.67,4.46,5.13,5.44,4.49,4.78,4.98,4.55,4.58,4.75,4.82,4.44,4.84,4.64,4.65,4.65,4.43,4.76,4.89,4.57,4.77,4.26,4.55,4.95,4.26,5.2,5.08,5.6,4.72,4.7,4.68,4.48,4.45,4.84,4.11,4.73,4.49,4.86,4.59,6.94,4.57,4.39,4.89,4.8,4.24,6.28
CNGA3,3.67,3.42,4,3.97,3.71,4.18,3.9,3.64,3.65,3.67,3.96,3.78,3.55,5.83,3.93,3.53,3.79,3.7,3.84,3.7,3.77,3.95,3.66,3.77,3.67,3.54,3.37,3.71,3.63,5.16,4.68,5.01,3.96,3.52,3.49,3.68,3.85,3.71,4.28,3.62,3.68,3.72,3.47,5.23,3.94,3.91,3.47,3.65,3.58,4.38
CNGA3,4.09,4.36,4.28,4.11,4.66,4.3,5.37,4.26,4.22,4.06,4.25,4.11,4.2,5.12,4.22,4.36,4.3,4.51,4.19,4.32,4.65,4.4,4.18,4.06,4.09,4.11,4.23,4.31,4.57,5.13,6.86,4.2,4.61,4.04,4.23,4.15,4.26,3.74,5.35,4.01,4.57,4.19,4.27,5.43,4.14,4.38,4.66,3.91,4.19,4.46
CNGA4,4.08,4.02,3.81,4.09,4.27,4.13,4.54,4.16,3.99,4.09,4.13,4.26,4.18,5.06,4.04,4.19,3.82,4.05,3.86,4.23,4.06,4.23,4.05,4.16,4.02,4.18,4.17,4.29,4.09,5.52,5.09,4.63,4.03,3.81,4.11,3.96,3.81,4.06,3.98,4.18,4.16,4.07,3.88,5.15,4.21,4.07,4.34,4.02,4.13,3.98
CNGA4,3.64,3.81,3.63,3.92,3.8,4.05,3.56,3.83,3.65,3.78,3.74,3.72,3.84,3.86,3.6,3.65,3.89,3.68,3.82,3.63,3.63,3.77,3.67,3.64,3.62,3.71,3.53,3.63,4.05,4.24,4.72,3.89,3.63,3.96,3.72,3.87,3.88,3.78,4.82,3.54,3.49,3.73,3.99,3.66,3.86,4.07,4.26,3.72,3.82,4.84
CNGB1,4.35,4.68,4.77,4.43,4.63,4.8,5.87,4.29,4.41,4.51,4.7,4.49,4.54,5.63,4.8,4.51,4.71,4.6,4.63,4.43,4.64,4.64,4.54,4.33,4.57,4.47,4.45,4.68,4.73,4.47,5.75,5.3,4.67,4.7,4.57,4.54,4.4,4.35,4.94,4.68,5.07,4.7,4.65,6.62,4.71,4.55,4.64,4.58,4.61,6.26
CNGB1,4.07,4.87,4.09,4.24,4.25,3.88,4.34,4.22,3.93,4.24,4.6,4.58,4.8,5.17,4.38,4.19,4.41,4.05,3.87,4.11,4.64,4.53,4.23,4.37,3.9,4.14,4.08,4.37,4.46,5.86,5.55,4.5,4.08,4.2,4.15,3.97,4.39,4,4.14,4.32,4.03,4.03,4.39,4.72,4.05,4.19,3.88,3.87,4.18,4.85
CNGB1,3.56,3.42,3.25,3.61,3.63,3.64,3.94,3.62,3.51,3.53,3.36,3.5,3.64,3.62,3.34,3.35,3.37,3.35,3.27,3.64,3.58,3.4,3.47,3.43,3.23,3.34,3.53,3.62,4.03,3.95,4.83,4.28,3.36,3.18,3.45,3.41,3.37,3.3,3.77,3.37,3.25,3.61,3.41,3.7,3.3,3.38,3.35,3.19,3.54,3.74
CNGB1,3.81,4.03,3.8,4.25,4.34,3.71,4.34,4.07,4.01,4,4.4,4.11,3.97,4.26,3.94,3.95,3.93,3.85,4.06,3.82,3.76,4.04,3.81,4.03,4.2,3.93,4.13,4.2,4.08,3.99,4.65,4.56,3.85,3.84,3.83,3.94,3.86,3.69,5.19,3.72,3.8,4,4.32,4.09,3.7,4.71,3.89,4.58,4.09,4.33
CNGB3,3.59,3.96,3.85,3.64,3.76,4.05,4.01,3.73,3.56,3.64,3.7,3.72,3.56,4.76,3.54,3.53,3.47,3.71,3.65,3.72,3.54,3.68,3.74,3.77,3.36,3.77,3.71,3.73,3.79,3.96,5.36,5.98,3.63,3.77,3.67,3.59,3.5,3.76,4.4,3.46,4.09,3.8,3.8,4.07,3.61,3.73,3.82,3.62,3.68,4.69
CNGB3,3.65,3.64,4.09,3.64,4.28,3.91,3.79,4.05,3.76,3.75,3.72,3.72,3.77,3.71,3.65,3.74,3.67,3.68,3.6,3.54,3.69,3.75,3.57,3.85,3.77,3.86,3.63,3.91,3.78,3.92,4.43,4.08,3.68,3.56,3.74,3.91,3.68,3.95,3.75,3.68,3.77,3.77,3.53,3.77,3.7,3.59,3.83,3.7,3.71,4.44
CNIH,10.69,10.91,10.72,10.76,10.64,10.63,10.37,10.48,10.9,10.63,10.78,10.8,10.84,10.07,10.65,10.43,10.73,10.61,10.58,10.54,10.55,10.6,10.74,10.47,10.63,10.57,10.73,10.67,10.72,10.54,8.65,9.66,10.52,10.56,10.5,10.74,10.5,10.62,10.22,10.71,10.69,10.73,10.71,10.85,10.6,10.43,10.56,10.81,10.69,10.27
CNIH2,6.28,6.07,6.58,6.5,6.66,7.01,6.16,6.73,6.5,6.49,6.72,6.29,6.25,6.28,6.32,6.28,6.43,6.18,6.42,6.28,6.29,6.39,6.39,6.57,6.49,6.46,6.26,6.49,6.4,6.05,6.27,6.04,6.18,6.18,6.44,6.43,6.33,6.49,6.19,6.39,6.46,6.51,6.77,6.35,6.58,6.49,6.28,6.59,6.35,6.68
CNIH3,4.58,4.92,4.88,4.86,5.25,4.72,4.84,5.05,5.06,4.95,4.84,4.98,4.96,5.79,5.75,5.71,5.69,4.68,4.99,4.53,5.07,5.23,5.05,5.3,5.35,5.35,4.97,4.78,5.05,4.9,4.48,5.94,5.91,5.67,5.42,6.04,5.47,5.39,4.73,5.14,5.08,4.87,5.08,5.11,5.54,5.63,5.14,5.31,5.03,6.22
CNIH4,11.25,11.38,11.32,11.23,11.29,11.28,11.07,11.42,11.23,11.3,11.31,11.34,11.17,11.07,11.61,11.63,11.54,11.29,11.39,11.31,11.23,11.17,11.11,11.44,11.54,11.36,11.32,11.29,11.25,11.26,10.39,11.06,11.64,11.81,11.83,11.61,11.54,11.62,11.41,11.52,11.32,11.31,11.24,11.18,11.52,11.4,11.48,11.3,11.21,11.13
CNIH4,6.79,6.51,6.75,6.95,6.31,6.97,7.64,6.72,6.76,6.86,6.79,7.09,6.7,5.51,7.45,6.99,7.25,6.86,7.07,6.91,6.54,6.93,6.98,6.93,7.14,6.97,6.89,6.76,6.69,5.79,6.48,6.82,6.99,7.32,7.09,7.37,7.33,7.17,5.53,7.16,6.7,6.86,6.97,6.17,7.03,6.85,7.28,7.06,7.22,6.72
CNKSR1,4.82,5.13,4.65,4.83,5.42,4.7,4.61,4.59,4.65,4.87,5.04,5,4.97,5.85,4.59,4.69,4.76,4.97,4.78,5.01,4.95,4.47,4.68,4.76,4.47,4.64,4.78,4.82,5.28,5.85,5.17,5,4.67,4.58,4.69,4.55,4.73,4.66,5.74,4.81,4.85,4.61,5.4,4.62,5.22,5.54,5.04,4.61,5.26,6.45
CNKSR2,4.1,3.83,4.27,4.03,4.05,3.97,4.58,4.12,4.23,3.98,3.82,3.82,3.8,3.91,3.87,3.7,3.95,3.87,4.03,3.83,3.68,3.97,3.66,4,3.78,4.64,4.08,3.97,4.01,4.42,4.31,4.8,4.31,4.27,4.5,4,3.6,4.02,3.95,3.8,3.62,3.8,3.86,4.57,3.91,3.64,4.32,4.42,3.99,4.02
CNKSR2,6.11,6.09,6.03,6.09,6.01,5.83,5.47,6.23,6.13,6.33,6.78,5.94,5.6,6.18,5.31,5.36,5.53,6.46,5.92,6.07,5.45,5.1,5.62,5.01,5.16,4.93,5.98,6.17,5.93,5.22,5.38,6.51,5.72,5.99,5.8,5.59,5.74,5.44,5.44,5.76,5.48,5.81,5.46,5.45,5.88,5.66,5.48,6.16,5.97,5.49
CNKSR2,4.04,4.15,4.01,4.1,3.79,4.32,4.51,3.9,4.3,4.14,4.19,3.84,4.29,4.71,3.65,4.29,4.03,4.58,3.91,3.87,4.02,4.3,4.22,4,3.73,4,4.08,4,3.88,4.2,4.92,4.04,4.18,4.34,4.13,3.81,4.2,3.83,4.53,3.8,3.86,4.17,3.85,5.62,3.73,3.92,4.12,3.87,3.9,4.28
CNKSR3,7.89,7.89,7.75,7.72,7.51,7.31,7.12,7.67,7.79,7.78,7.84,8.23,8,7.02,8.21,8.02,8.12,7.26,7.58,7.72,8.16,8.26,8.36,8.58,8.48,8.49,7.75,7.7,7.48,7.25,6.59,8.31,8.24,8.35,8.19,8.29,7.99,8.08,7.49,7.97,7.74,7.6,7.72,7.33,7.88,7.97,7.9,7.86,7.79,6.43
CNN1,3.89,3.7,4.09,3.94,3.97,4.15,4.01,4.13,3.81,3.53,3.76,3.89,3.73,4.64,3.71,4.1,4.02,4.19,3.93,4.12,3.72,3.73,3.83,4.25,3.99,4.08,3.88,3.8,3.72,5.5,5.26,4.97,4.07,3.8,3.89,4.05,4.04,3.91,4.33,3.8,4.11,4.27,3.96,4.13,3.86,4.07,4.03,3.86,3.85,4.17
CNN1,4.36,4.61,4.24,4.17,5.07,4.48,3.98,4.03,4.42,4.29,4.17,4.38,4.35,5.06,4.41,4.37,4.05,4.24,4.14,4.01,4.57,4.53,4.4,4.13,4.1,4.05,4.33,4.25,4.42,3.64,4.29,4.21,4.16,4.18,4.38,4.47,4.12,3.97,4.07,4.38,4.07,4.19,4.11,5.53,4.18,3.72,4.16,4.4,4.24,4.12
CNN1,4.04,3.73,3.62,3.7,3.93,4.2,4.53,4.03,3.66,3.88,3.86,3.82,3.66,4.21,3.88,3.65,3.83,3.76,3.87,3.73,3.57,3.67,3.84,4.01,3.64,3.64,3.9,3.72,3.97,4.51,3.98,4.11,3.99,3.97,4.09,3.56,3.86,3.71,5.19,4.05,4.04,4.02,3.85,5.24,4.11,3.93,3.67,3.66,3.96,4.42
CNN1,5.4,5.1,5.35,5.77,6.07,5.75,5.59,5.23,5.37,5.47,5.59,5.53,5.61,6.82,5.75,5.95,5.57,5.63,5.52,5.62,5.54,5.56,5.5,5.54,5.52,5.42,5.33,5.68,6.16,4.99,5.3,6.26,5.84,5.26,5.72,5.63,5.79,5.51,5.56,5.54,5.56,5.68,6.15,6.8,5.57,6.02,5.66,5.54,5.49,6.76
CNN2,7.54,6.76,7.37,7.5,6.23,6.57,6.65,7.66,7.15,7.29,6.55,7.23,7.36,6.99,7.37,7.65,7.48,7.6,7.68,7.72,7.67,7.18,6.77,7.58,7.28,7.75,7.49,7.44,6.78,4.74,6.99,8.83,7.63,7.53,7.28,7.66,7.57,7.72,6.7,7.39,7.32,7.21,7.14,8.06,7.72,7.85,7.22,7.4,7.19,6.79
CNN2,8.79,7.99,8.91,8.62,7.4,7.91,8.16,8.73,8.54,8.78,7.26,8.68,8.71,7.37,8.56,8.64,8.7,8.82,8.89,8.94,8.75,8.78,7.95,8.82,8.81,8.78,8.67,8.66,7.97,7.03,8.42,6.86,8.66,8.76,8.6,8.91,8.77,9.27,8.16,8.42,8.35,8.41,8.09,8.01,8.65,7.98,8.65,8.52,8.49,7.57
CNN2,6.84,6.12,6.94,6.67,5.66,5.78,6.39,7,6.73,6.96,5.17,6.52,6.52,4.48,6.69,6.6,6.89,6.85,6.78,7.02,6.69,6.49,6.03,6.89,6.77,6.95,6.79,6.6,5.97,4.68,6.15,7.08,6.65,6.96,6.51,7,6.67,7.61,5.39,6.72,6.42,6.28,6.28,4.37,6.04,5.96,6.43,6.63,6.25,4.39
CNN2,9,8.61,8.85,8.9,7.94,8.1,8.28,8.88,8.94,8.91,7.75,8.84,8.96,5.09,8.7,8.85,8.86,8.84,8.76,8.88,9.19,8.85,8.45,8.82,8.78,8.94,8.79,8.62,8.27,6.87,5.6,6.17,8.8,8.92,8.57,8.93,8.8,9.18,7.57,8.64,8.64,8.44,8.52,5.52,8.71,8.53,8.63,8.85,8.74,5.13
CNN2,8.57,8.18,8.6,8.5,7.87,8.29,8.69,8.9,8.49,8.56,8.14,8.63,8.53,7.22,8.65,8.7,8.52,8.75,8.7,8.73,8.82,8.93,8.12,8.72,8.76,8.77,8.53,8.52,8.03,8.2,6.92,8.08,8.56,8.71,8.5,8.88,8.71,9.15,7.95,8.47,8.46,8.72,8.51,7.32,8.62,8.57,8.89,8.57,8.64,7.79
CNN2,6.21,5.57,6.04,6.2,5.03,5.75,6.2,6.58,6.16,6.3,5,6.32,5.98,4.99,6.14,6.45,6.41,6.34,6.46,6.39,6.1,6,5.47,6.43,6.4,6.15,6.03,6.14,5.54,5.67,5.34,6.54,6.09,6.14,6.3,6.37,6.36,6.65,4.48,6.2,5.85,5.97,5.19,5.62,5.43,5.45,6.24,6.28,5.88,5.89
CNN2,9.06,8.83,9.15,9.15,9.25,8.87,9.17,9.51,8.96,9.15,8.89,9.12,9.16,8.58,9.15,9.34,9.04,9.13,9.1,9.14,9.45,9.33,9.01,9.18,9.29,9.19,9.19,8.97,9.01,9.19,8.35,7.79,8.94,9.13,9.01,9.5,9.42,9.62,8.99,8.93,9,9.15,9.16,7.9,9.29,9.3,9.37,9.2,9.39,8.22
CNN2,8.81,8.74,8.86,8.84,8.62,8.73,8.78,9.33,8.78,8.94,8.34,8.88,8.85,7.5,8.8,9.07,8.78,8.99,8.89,8.91,9.1,9.04,8.57,8.8,8.87,8.97,8.82,8.76,8.51,8.5,7.08,8.31,8.91,8.85,8.81,9.17,8.97,9.28,8.6,8.62,8.79,8.87,8.83,8.03,8.94,8.88,8.77,8.87,8.83,8.33
CNN3,3.65,3.98,3.68,3.76,3.93,3.69,3.85,3.84,3.87,3.67,3.74,3.58,3.85,4.77,3.71,3.69,3.74,3.72,3.7,3.7,3.75,3.83,3.85,3.58,3.65,3.72,3.73,3.65,4.14,4.21,4.67,5.85,3.69,3.7,3.86,3.66,3.62,3.61,3.64,3.61,3.8,3.58,3.88,4.14,3.43,3.66,3.52,3.64,3.83,3.99
CNNM1,3.85,3.91,4.02,3.61,3.72,4.11,4.15,3.65,3.83,3.83,3.81,3.81,3.63,4.23,3.7,3.75,3.81,3.74,3.83,3.8,3.87,3.81,3.68,4.04,3.88,3.93,4,3.47,3.96,5.56,5.22,4.62,4.04,3.58,3.96,3.82,3.94,4.09,4.68,3.98,3.82,3.65,4.15,3.97,4.08,3.86,3.64,3.94,3.84,4.43
CNNM1,4.01,4.01,3.82,4,4.04,4.14,4.16,3.96,3.84,3.82,4.03,4.01,3.91,3.9,3.69,3.93,3.96,3.91,3.96,3.92,3.89,4.15,4.05,3.94,4.19,3.92,3.93,4.14,3.94,5.01,5.32,4.54,4.09,3.85,3.67,3.65,3.98,3.67,4,4.03,3.82,3.97,3.88,4.94,3.67,3.95,3.83,3.78,3.8,4.77
CNNM1,4.47,4.35,4.29,4.52,4.84,3.8,5.88,4.56,4.43,4.41,4.34,4.34,4.58,5.9,4.23,4.31,4.44,4.2,4.24,4.46,4.31,4.54,4.49,4.48,4.15,4.77,4.15,4.52,4.64,5.19,5.24,4.8,4.36,4.22,4.56,4.37,4.1,4.34,4.77,4.37,4.28,4.5,4.79,5.13,4.06,4.12,4.83,4.64,4.39,5.66
CNNM2,4.72,4.77,5.04,4.8,4.6,4.83,5.41,4.83,4.79,4.63,4.64,4.85,4.39,4.45,5.03,4.53,4.68,4.44,4.62,4.89,4.77,4.52,4.73,4.92,4.7,4.46,4.85,4.53,4.86,4.4,3.86,4.15,4.83,4.39,4.4,4.63,4.7,4.85,5.34,4.83,4.59,4.96,4.4,4.6,4.55,4.81,5.05,5.01,4.74,5.27
CNNM2,5.76,5.27,5.27,5.85,5.53,5.68,6.55,5.83,5.52,5.9,5.65,5.54,5.32,5.4,5.39,5.49,5.75,5.84,5.76,5.78,5.74,5.78,5.69,5.92,6.17,5.65,5.61,5.59,5.71,5.87,5.73,5.97,6.02,5.75,6.13,5.58,5.52,5.75,6.34,6.04,5.61,6.07,5.48,6.26,6.09,5.97,6.13,5.79,5.7,5.39
CNNM3,7.72,7.72,7.75,7.77,7.71,7.71,7.55,7.95,7.58,7.8,7.62,7.57,7.54,7.04,7.67,7.86,7.85,7.96,8.07,7.87,7.69,7.59,7.36,7.53,7.69,7.67,7.66,7.94,7.59,7.59,7.19,7.06,7.62,7.72,7.65,7.79,7.81,7.76,8.25,7.42,7.43,7.86,8.02,7.52,7.72,7.56,7.55,7.74,7.82,6.65
CNNM3,9.2,9.34,9.3,9.24,9.5,9.38,8.24,9.51,9.18,9.27,9.49,9.23,9.18,9.63,9.25,9.41,9.2,9.34,9.5,9.34,9.22,9.12,9.16,9.15,9.25,9.19,9.3,9.2,9.28,10.11,9.81,9.52,8.97,9.11,9.17,9.23,9.25,9.31,8.87,9.24,9.19,9.55,9.52,9.78,9.09,8.92,9.02,9.26,9.37,9.33
CNNM3,7.37,7.31,7.61,7.31,7.82,7.97,7.11,7.43,7.59,7.27,7.56,7.13,6.72,6.8,7.7,7.54,7.74,7.96,8.17,7.64,7.27,7.26,7.12,7.55,7.46,7.49,7.62,7.33,7.4,7.37,6.97,7.83,7.59,7.35,7.62,8.06,7.62,7.45,7.49,7.5,7.98,7.75,7.86,7.59,7.64,7.16,7.42,7.4,7.45,6.73
CNNM3,8.3,8.15,8.46,8.34,8.8,8.73,8.69,8.87,8.17,8.32,8.7,8.37,8.06,8.21,8.64,8.66,8.43,8.62,8.47,8.54,8.17,8.34,8.25,8.28,8.56,8.37,8.39,8.42,8.67,8.6,6.88,7.39,8.61,8.57,8.59,8.56,8.66,8.45,8.13,8.46,8.55,8.73,8.85,8.75,8.28,8.13,8.23,8.16,8.27,8.59
CNNM4,7.53,7.57,7.74,7.51,7.48,7.64,7.32,7.87,7.66,7.53,7.93,7.55,7.46,8.29,7.71,7.87,7.79,7.44,7.25,7.08,7.72,7.76,8.05,7.97,7.92,7.81,7.46,7.52,7.87,5.9,7.98,8.5,8.01,7.95,8.03,7.73,8.14,7.88,7.6,7.73,7.83,7.77,7.53,7.61,7.42,7.52,7.33,7.63,8,8.32
CNNM4,4.94,4.73,4.6,5.07,5.22,5.1,4.77,5.27,4.81,4.84,4.75,4.69,4.56,5.08,4.95,5.08,5.25,4.7,4.84,4.91,4.79,4.81,4.67,5.12,5.15,4.97,5.33,4.6,4.9,4.21,6.68,4.5,5.6,4.91,4.98,5.47,4.86,4.58,5.25,5.05,4.76,4.72,5,6.14,5.21,4.76,4.78,5.26,4.59,4.55
CNO,8.79,8.77,8.59,8.81,8.56,8.67,8.3,8.49,8.94,8.75,8.25,8.81,8.77,7.16,8.62,8.69,8.9,8.57,8.73,8.68,8.92,8.69,8.65,8.66,8.7,8.75,8.63,8.79,9.1,5.7,5.71,5.51,8.34,8.57,8.36,8.72,8.73,8.67,7.93,8.74,8.76,8.63,8.56,6.48,8.41,8.44,8.62,8.74,8.85,7.49
CNOT1,9.98,9.75,9.73,9.82,9.5,9.69,9.61,9.65,9.86,9.78,9.67,9.7,9.89,8.13,9.78,9.8,9.95,9.54,9.69,9.75,9.94,9.98,10.25,9.81,9.8,9.92,9.88,9.79,9.76,9.54,8.25,8.65,9.93,9.94,9.85,9.75,9.88,9.86,9.38,9.66,9.8,9.45,9.64,7.4,9.69,9.82,9.64,9.83,9.94,8.01
CNOT1,7.53,7.59,7.41,7.52,7.61,7.6,5.96,7.23,7.46,7.62,7.63,7.54,7.36,7.97,7.51,7.52,7.56,7.1,7.43,7.43,7.41,7.48,7.55,7.37,7.48,7.61,7.58,7.48,7.54,7.59,7.92,8.62,7.38,7.65,7.53,7.45,7.51,7.52,6.46,7.3,7.32,7.13,7.51,8.9,7.33,7.11,7.12,7.51,7.53,8.01
CNOT1,6.82,6.49,6.89,6.52,6.55,6.1,5.68,6.08,6.56,6.68,6.38,6.75,6.56,5.08,6.76,6.68,6.73,6.75,7.09,6.96,6.5,6.81,6.79,7.23,7.05,7.02,6.76,6.62,6.12,5.04,7.78,5.34,7.08,7.18,7.3,6.5,6.62,7.08,5.7,6.96,6.79,6.44,6.38,6.12,6.84,6.82,6.9,7.13,7.21,4.97
CNOT1,4.74,4.7,4.87,5,4.53,4.44,4.8,4.99,4.87,4.77,4.81,4.69,4.34,4.19,4.58,4.35,4.75,5.13,5,5.39,4.96,5.15,4.62,4.97,4.84,4.83,4.58,5.24,4.67,5.17,5.18,4.25,5.26,4.57,5.06,5.04,4.25,4.77,4.56,4.84,4.99,4.37,4.41,5.4,5.3,4.27,4.63,4.65,4.26,4.68
CNOT10,9.8,9.79,9.8,9.78,9.95,9.83,9.86,9.86,9.69,9.79,9.76,9.52,9.65,9.11,9.61,9.72,9.61,9.78,9.91,9.69,9.58,9.35,9.48,9.49,9.4,9.51,9.77,9.6,9.85,9.57,8.63,9.93,10.05,10.08,9.99,9.7,9.78,9.68,9.55,9.69,9.69,9.95,10.06,9.08,9.7,9.82,9.57,9.75,9.82,9.54
CNOT10,9.31,9.2,9.18,9.2,8.64,8.61,9.39,9.17,9.21,9.45,9,9.1,9.07,6.92,9.15,9.11,9.15,9.07,9,9.29,9.05,8.95,8.68,8.97,8.99,8.88,9.09,9.23,8.69,7.44,5.64,7.59,9.5,9.47,9.5,8.91,8.63,9.13,8.47,9.04,8.86,8.88,8.94,6.5,8.87,8.72,8.83,9.06,8.89,5.79
CNOT10,7.32,6.91,7.19,7.28,6.72,7.28,6.12,6.99,7.55,7.28,7.39,6.75,6.59,5.62,7.25,7.04,7.18,6.67,7.19,7.25,6.52,7.22,7.25,6.9,7.25,7.08,7.23,7.46,7.27,4.87,6.49,4.19,6.94,6.85,7.09,7.34,6.48,6.87,5.55,6.81,6.98,7.57,6.79,5.13,6.89,6.82,7.55,7.14,7.07,4.32
CNOT2,8.97,9.2,9.04,8.96,9.15,9.14,9.42,9.14,9.05,9.06,9.14,9.01,9.08,7.99,8.95,8.96,8.9,9.13,9.07,9.08,8.88,8.84,9.03,8.94,8.98,8.91,9.11,8.92,9.31,9.58,7.77,7.84,8.67,8.69,8.72,9.05,9.04,8.97,9.28,9.17,9.14,9.14,9.37,6.68,9.16,9.04,9.22,9.05,9.17,7.14
CNOT2,9.5,9.5,9.47,9.39,9.17,9.31,9.58,9.28,9.48,9.54,9.31,9.48,9.62,9.6,9.26,9.3,9.34,9.35,9.39,9.41,9.32,9.29,9.23,9.17,9.19,9.33,9.43,9.38,9.44,9.91,9.69,8.93,9.19,9.39,9.19,9.22,9.14,9.23,8.91,9.32,9.39,9.43,9.57,9.11,9.4,9.45,9.54,9.46,9.77,9.65
CNOT2,9.07,9.23,9.01,9.03,8.71,8.8,8.93,8.57,9.05,9.1,9.15,9.13,9.33,6.58,8.81,8.99,8.95,9.07,9.04,8.92,9.04,8.94,9.12,8.72,8.82,8.89,8.95,8.85,9.3,9.28,7.16,7.44,8.7,8.83,8.67,8.75,9.05,8.97,8.57,8.93,8.98,9.13,9.08,7.44,8.85,9.04,8.95,8.96,9.39,7.9
CNOT3,7.3,7.43,7.35,7.4,7.79,7.61,6.62,7.28,7.21,7.48,7.63,7.08,6.96,6.23,7.24,7.36,7.4,7.58,7.63,7.43,7,7.2,7.5,7.24,7.2,7.25,7.53,7.09,7.74,6.35,4.1,5.88,7.6,7.54,7.44,7.38,7.57,7.43,6.76,7.63,7.53,7.43,7.21,4.95,7.39,7.52,7.38,7.54,7.85,5.72
CNOT3,6.54,6.18,6.75,6.81,7.06,6.6,5.78,7.33,6.5,6.77,6.04,6.42,6.47,5.62,6.72,6.6,6.61,7.32,7.08,7.14,6.82,6.23,6.1,6.53,6.69,7.03,7.05,6.85,6.62,5.85,5.62,5.81,7.37,7.41,7.01,6.92,7.03,7.12,5.85,6.98,7.06,6.43,6.77,6.88,7.12,6.97,6.43,6.65,6.94,5.25
CNOT3,6.94,6.78,7.25,6.93,7.49,7.18,6.53,6.95,6.76,6.86,7.06,6.83,6.72,6.87,6.93,6.89,7.09,7.18,7.11,7.3,6.98,6.65,6.91,7.08,6.94,6.99,7.1,6.95,7.1,5.94,6.53,5.39,6.69,7.11,7.19,7.03,7.31,7.14,6.95,7.09,7.44,7.32,6.75,6,6.96,6.83,6.98,7.08,6.93,6.59
CNOT4,8.66,8.75,8.69,8.71,8.88,8.86,8.72,8.77,8.68,8.64,8.9,8.66,8.82,8.36,8.63,8.7,8.7,8.68,8.64,8.54,8.82,8.64,8.79,8.85,8.75,8.67,8.84,8.58,8.87,8.91,8.53,8.46,8.73,8.75,8.76,8.59,8.98,8.47,8.59,8.74,8.91,8.91,8.94,8.27,8.81,8.92,8.8,8.64,9.01,7.81
CNOT4,4.33,4.88,3.88,4.41,3.78,3.8,3.96,3.68,4.5,4.43,4.54,4.52,4.62,4.07,3.85,3.85,4.46,3.94,4,4.29,4.48,4.38,4.46,4.16,4.3,4.24,3.8,4.22,4.25,4.47,4.05,3.75,4.06,4.33,4.18,4.04,3.63,4.28,4.24,4.15,3.96,3.78,3.99,4.09,3.67,3.82,3.85,4.05,4.16,3.96
CNOT4,5.95,5.68,5.63,5.88,5.89,5.83,5.81,5.52,5.73,5.93,5.45,5.67,5.67,5.59,5.9,5.62,5.77,6.15,6.03,5.63,5.94,5.7,5.41,5.47,6.04,5.87,6.11,5.59,5.57,4.69,5.92,4.61,5.98,6.12,5.72,5.83,5.81,5.88,6.71,5.65,6.01,5.26,5.85,7.19,5.7,5.88,5.47,5.85,5.34,7.33
CNOT4,6.79,6.79,6.65,6.55,5.93,6.13,5.2,6.17,6.69,6.78,6.25,6.68,6.58,5.39,6.54,6.49,6.76,6.48,6.4,6.57,6.95,6.55,6.61,6.6,6.63,6.74,6.47,6.83,6.23,4.38,5.14,4.65,6.21,6.65,6.51,6.69,6.11,6.78,4.69,6.58,6.67,6.52,6.04,4.8,6.3,6.69,6.38,6.54,6.59,4.84
CNOT4,4.91,4.85,4.9,4.95,4.3,4.93,4.51,4.81,5.15,5.16,4.66,4.73,4.95,7.04,4.92,4.84,4.89,5.02,4.72,5.12,4.97,4.91,5.15,5.3,5.2,5.07,4.61,5.24,4.64,4.21,4.4,4.4,5.34,4.91,4.85,5.2,4.66,4.84,5.05,4.65,5.42,4.8,4.77,4.94,4.59,4.26,5.08,4.78,4.84,4.44
CNOT4,8.11,8.55,8.08,8.01,8.47,8.65,7.02,7.96,8.11,8.16,8.82,8.18,7.96,8.9,8.12,8.36,8,7.9,8.11,7.85,8.01,8.19,8.76,8.23,8.56,8.09,8.36,7.99,8.5,7.24,7.84,7.34,7.53,8.04,7.93,8.08,8.19,7.94,8.46,8.4,8.28,8.56,8.63,8.86,8.21,8.24,8.39,8.25,8.13,8.24
CNOT4,4.21,4.01,4.1,4.03,4.48,4.33,4.01,4.42,4.18,4.26,4.7,3.92,3.76,4.09,4.51,4.02,4.64,4.17,4.34,3.93,4.06,4.63,4.23,4.09,4.26,4.32,3.94,3.92,4.34,6.23,5.76,3.94,4.44,4.22,3.83,4.47,4.87,3.82,4.39,4.76,4.9,5.3,4.53,4.52,4.91,4.14,4.25,3.94,4.15,4.37
CNOT6,9.06,9.05,8.96,9.1,9.01,8.75,8.2,9.07,9.02,9.21,9.04,9.05,8.98,7.7,9.06,9.07,9.18,9.06,9.25,9.16,9.1,9.12,8.96,9.1,9.21,9.18,8.99,9.08,8.9,8.33,6.78,7.52,8.64,8.9,8.81,9.25,8.9,9.12,8.22,8.98,8.99,8.81,9.19,7.72,8.95,8.82,8.91,9.01,8.83,8.68
CNOT6,9.67,9.46,9.44,9.56,9,8.94,9.14,9.69,9.51,9.76,9.13,9.67,9.56,7.66,9.56,9.49,9.58,9.41,9.46,9.6,9.66,9.65,9.17,9.57,9.59,9.52,9.51,9.72,9,8.42,6.45,7.64,9.54,9.64,9.64,9.42,9.18,9.54,8.97,9.49,9.3,9.2,9.04,7.28,9.24,8.87,9.34,9.52,9.45,8.3
CNOT6,7.99,7.87,8.01,8,8.08,7.94,8.25,7.76,8.07,8.03,7.81,7.89,7.93,6.41,7.94,8.14,8.03,8.13,8.1,8.25,8.06,8.1,8.07,8.16,8.14,8.06,7.96,7.84,7.91,7.08,6.79,5.79,7.61,7.78,7.68,8.09,7.95,7.96,7.07,7.78,7.86,8.03,8.12,6.35,8.16,7.91,7.85,8.14,8.09,6.31
CNOT6,9.08,9,8.87,9.03,8.9,8.74,8.64,8.71,9.1,9,9.04,9.09,9.11,8.37,9.06,8.73,9,8.91,8.93,8.95,8.97,8.93,8.97,8.99,8.91,8.8,8.92,9.01,8.89,8.24,6.71,8.46,8.9,8.98,8.85,8.91,8.68,8.77,8.54,8.98,8.93,8.83,8.63,8.01,8.65,8.68,8.85,8.91,9.14,8.31
CNOT6L,6.5,6.21,6.3,6.17,5.75,5.82,5.92,5.67,6.54,6.41,6.1,6.31,6.2,6.53,6.73,6.42,6.49,6.2,6.1,6.32,6.1,6.44,6.06,6.48,6.47,6.34,6.05,6.19,5.97,6.21,6.98,6.02,6.35,6.82,6.7,6.46,6.34,6.32,7.3,6.23,6,5.75,5.77,5.81,5.91,6.08,5.95,6.15,6.08,5.74
CNOT6L,6.97,6.41,6.51,6.6,5.89,5.77,6.56,6.58,6.86,6.6,6.33,6.67,6.48,5.64,6.84,6.95,6.94,6.58,6.68,6.74,6.81,6.72,6.46,6.85,6.69,6.89,6.6,6.68,6.18,5.45,6.89,5.62,7.04,6.97,6.91,6.91,6.52,6.85,6.35,6.6,6.43,5.67,5.76,6.44,6.34,6.34,6.66,6.52,6.12,5.86
CNOT6L,7.66,7.16,7.17,7.14,6.53,6.4,6.89,7.26,7.65,7.41,6.88,7.53,7.27,6.86,7.66,7.53,7.65,6.97,7.27,7.51,7.5,7.55,7.03,7.73,7.77,7.73,7.11,7.46,6.71,6.95,6.13,5.48,7.97,7.71,7.82,7.54,7.05,7.38,7.15,7.23,7.1,6.5,6.6,5.79,7.1,6.92,7.38,7.21,7.04,6.97
CNOT6L,8.4,8.43,8.14,8.28,8.08,8.01,7.77,8.11,8.49,8.37,8.35,8.2,8.3,7.58,8.41,8.45,8.41,8.27,8.26,8.31,8.45,8.49,8.57,8.54,8.5,8.51,8.23,8.29,8.23,7.36,7.48,6.48,8.51,8.49,8.6,8.51,8.29,8.36,8.1,8.28,8.24,8.1,8.14,7.54,8.26,8.4,8.23,8.22,8.32,7.81
CNOT6L,4.44,3.81,4.13,4.14,3.47,4.12,3.44,4.17,4.45,4.32,3.91,4.15,3.85,3.7,4.74,4.75,4.89,4.1,4.7,5.35,4.12,4.13,4.13,4.4,4.69,4.8,4.53,4.05,3.79,4.09,4.46,4.48,5.04,4.54,4.94,4.76,4.25,4.56,3.69,4,4.06,3.67,3.96,4.63,4.01,4.11,4.64,4.18,4.04,5.55
CNOT6L,5.36,4.89,5.23,5.15,5.07,5.09,5.24,5.01,5.3,5.36,4.59,5.2,4.85,5.89,5.5,5.49,5.8,5.41,5.27,5.6,5.17,5.42,4.93,6.03,5.78,5.82,5.18,5.22,4.57,4.37,5.08,4.58,5.29,5.32,5.36,5.83,5.19,5.31,4.73,5.01,4.89,4.64,4.66,5.94,5.84,5.23,5.52,5.01,4.75,4.62
CNOT6L,6.26,6.32,6.71,6.57,6.58,6.48,5.9,6.17,6.42,6.8,6.65,6.32,6.66,5.49,6.63,6.17,6.57,6.88,7.18,7.12,6.32,6.42,6.58,6.42,6.09,6.37,6.58,6.51,6.42,5.58,5.42,7.47,5.9,5.93,6.12,6.71,6.81,6.59,5.63,6.43,6.27,6.62,6.81,6.65,6.86,6.59,6.48,6.47,6.44,5.59
CNOT7,10.99,11.34,11.1,11.09,10.98,10.99,10.74,10.88,11.15,11.08,11.16,10.98,11.13,11.07,10.84,10.75,11.02,11.05,10.94,11.06,10.95,10.9,11.21,10.75,10.84,10.96,11.07,10.88,11.13,10.81,10.46,10.75,10.75,10.68,10.54,10.94,10.79,10.79,10.85,11.05,10.91,10.85,10.93,10.93,11.05,10.82,10.89,10.97,11.1,10.57
CNOT7,11.15,11.13,10.98,10.93,10.74,10.91,10.77,10.83,11.16,11.05,11.05,10.98,11.01,10.55,11.01,10.89,10.94,10.86,10.92,11.01,11.04,10.97,11.07,10.89,10.98,10.91,11.02,11.03,11.15,10.51,9.9,9.44,10.8,10.76,10.74,10.98,10.76,10.73,10.79,11.02,11,10.87,10.79,9.76,10.92,10.97,10.95,10.92,10.9,9.64
CNOT7,11.27,11.24,11.1,10.96,10.95,11.05,10.85,10.94,11.23,11.18,11.19,11.07,11.1,10.37,11.12,11.03,11.04,11.01,11.02,11.12,11.11,11.08,11.13,10.98,11.09,11.01,11.14,11.12,11.22,10.63,9.45,9.76,10.9,10.94,10.94,11.13,10.83,10.85,10.78,11.16,11.15,11.04,10.91,10.14,11.02,11.01,11.03,11.09,11,10.05
CNOT7,12.03,12.02,11.82,11.8,11.67,11.87,11.7,11.76,11.94,11.95,11.92,11.84,11.75,11.64,11.85,11.8,11.84,11.79,11.82,11.9,11.86,11.91,11.93,11.83,11.76,11.8,11.88,11.93,11.97,11.41,11.13,11.44,11.7,11.61,11.69,11.89,11.58,11.63,11.53,11.91,11.88,11.8,11.66,11.09,11.73,11.71,11.88,11.76,11.73,11.19
CNOT7,8.11,7.91,7.84,7.79,7.49,7.5,7.11,7.71,7.97,7.92,7.8,7.8,7.82,6.94,7.7,7.6,7.67,7.58,7.47,7.58,7.79,7.87,7.76,7.87,7.88,7.66,7.67,8.01,7.82,7.13,6.14,5.6,7.64,7.83,7.64,7.8,7.3,7.79,7.5,7.88,7.83,7.34,7,6.58,7.96,7.85,8.15,7.83,7.66,7.5
CNOT7,11.04,11.28,10.91,10.93,10.85,10.96,10.85,10.77,11.11,11.11,11.19,11.01,11.01,10.76,10.87,10.87,11.01,10.98,11.02,11,11,10.89,11.18,10.87,10.81,10.91,11,10.78,11.07,10.88,9.67,10.54,10.71,10.69,10.49,10.78,10.78,10.71,10.75,10.95,10.89,10.76,10.92,10.93,11.09,10.84,10.97,11.01,11.06,10.5
CNOT8,10.03,9.72,9.91,9.98,9.85,9.66,9.9,10.23,9.8,10.07,9.66,10.13,9.92,9.28,9.98,10.01,9.83,9.99,9.96,10.17,9.95,10,9.52,9.9,9.9,9.81,9.97,10.04,9.71,9.04,7.03,8.56,9.94,10.1,9.99,9.95,9.82,10.11,9.79,10.14,9.84,9.59,9.42,9.1,9.93,9.58,9.92,10.08,9.98,9.75
CNOT8,7.1,7.26,6.88,7.05,6.7,6.28,6.15,6.67,7.34,7.1,7.03,6.95,7.37,5.61,7.08,6.58,7.13,6.83,6.98,6.96,7.36,6.97,7.41,6.55,6.81,6.98,6.75,6.84,7.13,6.3,4.98,5.66,6.6,6.81,6.62,6.76,6.65,6.88,6.25,6.76,6.63,6.68,6.94,5.94,6.48,6.98,6.45,7.01,7.47,5.56
CNOT8,8.72,8.2,8.5,8.53,7.86,7.75,7.74,8.48,8.66,8.72,8.33,8.72,8.73,7.41,8.56,8.68,8.54,8.4,8.76,8.74,8.65,8.57,8.17,8.43,8.46,8.55,8.46,8.59,8.12,8.02,4.59,6.74,8.38,8.58,8.52,8.35,8.15,8.67,7.48,8.47,8.2,8,7.56,6.11,8.17,7.97,8.29,8.78,8.52,6.86
CNOT8,9.72,9.43,9.62,9.67,9.49,9.26,9.61,9.85,9.52,9.78,9.23,9.74,9.72,7.84,9.66,9.58,9.61,9.73,9.68,9.83,9.7,9.58,9.23,9.52,9.61,9.59,9.62,9.69,9.51,8.09,5.22,9.38,9.65,9.78,9.61,9.54,9.44,9.8,9.07,9.8,9.51,9.27,9.18,6.78,9.47,9.14,9.58,9.77,9.61,8.29
CNP,5.68,5.68,5.49,5.62,5.75,5.6,5.83,5.72,5.55,5.51,5.88,5.62,5.71,6.71,5.71,5.51,5.69,6.29,5.65,5.93,5.68,5.63,5.63,5.79,5.81,5.56,5.55,5.73,6.05,5.16,6.87,6.66,5.43,5.55,5.64,5.72,5.53,5.79,5.57,5.58,5.44,5.79,6.17,6.47,5.96,5.54,5.62,5.75,5.68,7.67
CNP,9.6,9.43,9.77,9.63,9.87,9.9,9.73,9.57,9.46,9.4,9.57,9.53,9.47,8.88,9.43,9.37,9.5,9.98,9.86,9.69,9.41,9.49,9.56,9.59,9.49,9.51,9.75,9.59,9.65,9.62,8.44,9.56,9.87,9.84,9.89,9.46,9.53,9.45,9.92,9.61,9.7,9.61,9.71,9.42,9.27,9.21,9.18,9.52,9.76,9.61
CNP,6.86,6.41,7.05,6.79,6,6.62,5.93,6.82,6.83,6.78,6.13,6.64,6.4,7.02,6.99,6.49,6.65,7.18,7.13,7.26,6.57,6.65,6.4,7.04,6.9,6.83,6.89,7.06,6.27,4.52,5.71,5.36,7.16,7.25,7.26,6.7,6.76,6.87,5.78,6.81,6.77,6.51,6.48,4.62,6.49,4.97,6.44,6.84,6.45,6.88
CNP,6.51,5.68,6.43,5.9,5.95,5.8,5.28,6.04,6.39,6.41,5.62,5.87,5.76,4.96,6.16,6.26,6.06,6.64,6.72,6.67,6.05,6.05,5.73,6.44,6.25,6.23,6.33,6.3,5.81,5.88,5.23,5.17,6.7,6.74,6.49,6.13,5.53,6.31,5.99,6.38,6.06,6.45,5.79,4.94,5.96,6.3,6.05,6.35,5.92,4.89
CNP,12.05,12.02,12.16,12.12,12.26,12.18,12.1,12.05,11.99,12.02,12.24,12.09,11.92,12.17,12.04,11.95,12.03,12.31,12.32,12.29,11.94,11.88,11.99,12.08,12.02,11.92,12.09,12.08,12.08,11.96,11.85,12,12.31,12.33,12.4,12.04,12.03,12.04,12.1,12.11,11.99,11.99,12.04,12.14,11.65,11.68,11.75,12.01,11.86,12.14
CNP,7.92,7.57,8.18,7.88,7.43,7.65,6.8,7.7,7.89,7.99,7.25,7.77,7.64,6.28,7.77,7.67,7.86,8.39,8.16,8.32,7.72,7.66,7.09,7.92,7.96,8.01,7.82,7.98,7.48,5.08,7.4,6.14,8.18,8.17,8.21,7.69,7.8,7.8,7.46,8.01,7.61,7.62,7.37,8.11,7.49,6.98,7.57,7.68,7.41,8.04
CNP,7.86,7.7,7.76,7.91,7.63,7.86,8,7.79,7.79,7.8,7.55,7.83,7.68,8.55,7.87,7.66,7.76,8.21,8.07,8.04,7.76,7.68,7.54,7.87,7.86,7.73,7.97,7.79,7.81,6.59,6.96,6.46,8.03,8.19,8.02,7.61,7.64,7.85,7.02,7.84,7.86,7.81,7.55,7.79,7.55,7.59,7.67,7.89,7.61,7.54
CNP,6.33,5.83,6.36,6.52,6.41,6.47,5.76,6.23,6.32,5.99,6.42,6.18,6.1,7.79,6.36,6.45,5.97,6.57,6.32,6.21,6.56,6.6,6.35,5.76,6.1,5.8,6.28,6.22,6.69,5.88,5.22,7.22,6.05,6.44,6.5,6.34,5.99,6.32,6.44,6.1,6.08,6.26,6.68,6.96,6.16,6.47,5.77,6.26,6.17,7.41
CNPY1,4.27,4.08,4.05,4.31,3.86,4.19,4.2,3.81,4.05,4.12,4.19,4.03,4,4.92,3.83,3.87,3.98,4.06,4.1,4.02,3.99,3.82,3.97,4.43,3.86,4.04,4.01,3.94,4.1,5.23,6.77,6.55,4.1,4.16,4.12,3.85,3.99,3.82,4.32,3.86,4.03,4.38,4.16,4.75,4.07,4.31,4.17,4.07,3.99,4.96
CNPY2,11.11,11.12,11.18,11.13,11.23,11.16,11.23,11.24,11.21,11.15,11.01,11.18,11.27,9.62,10.79,10.75,10.87,11.06,11.17,11.27,10.91,10.78,10.79,10.82,10.81,10.84,11.16,11.14,11.18,10.94,9.8,10.41,10.68,10.67,10.54,10.81,10.9,10.89,11.06,11.14,11.1,10.89,10.89,9.36,10.96,10.81,10.9,11.12,11.22,9.13
CNPY2,9.42,8.94,9.31,9.26,9.39,9.55,9.63,9.52,9.53,9.5,9.19,9.47,9.46,6.02,8.81,8.97,9.08,9.42,9.55,9.27,9.28,8.98,9.05,8.98,8.93,9.1,9.45,9.46,9.3,8.66,7.24,5.88,8.91,8.77,8.76,8.99,9.26,9.11,9.56,9.15,9.52,9.07,8.87,6.69,9.37,9.35,9.16,9.5,9.34,6.19
CNPY2,8.91,8.89,8.78,8.77,9.05,9.06,8.88,8.71,8.87,8.94,9,8.48,8.66,8.42,8.58,8.36,8.6,8.86,8.81,8.84,8.93,8.78,9.06,8.8,8.6,8.66,8.97,8.75,9,8.28,8.39,7.66,8.18,7.86,8.24,8.57,8.5,8.3,8.91,8.78,8.94,8.76,8.91,7.73,8.61,8.22,8.45,8.84,8.88,8.4
CNPY3,5.96,5.53,6.04,6.06,5.71,5.99,5.39,5.8,6.03,6.03,5.35,5.99,5.77,4.9,5.49,5.19,5.6,5.86,6.09,5.86,5.26,5.39,5.48,5.73,5.69,5.82,5.88,6.04,5.53,6.12,5.57,4.94,5.66,5.48,5.4,5.45,5.63,6.04,5.73,6.2,5.81,5.42,5.63,4.15,6.1,5.36,5.73,5.91,6.06,5.41
CNPY3,7.3,7.06,7.48,7.31,7.7,7.41,6.97,7.15,7.19,7.16,7.21,6.74,6.92,3.72,6.64,6.38,6.54,7.05,6.94,6.86,6.75,6.39,6.95,6.82,6.53,6.65,7.45,7.16,7.54,6,4.68,4.01,6.78,6.97,6.76,6.76,6.97,6.86,6.39,7.44,7.53,7.46,7.54,4.06,7.33,7.3,6.82,7.03,7.45,4.1
CNPY3,7.27,7.17,7.5,7.25,7.64,7.86,7.17,7.47,7.27,7.34,7.35,7.15,6.94,6.37,6.71,6.72,7.01,7.21,7.28,7.03,6.55,6.67,6.95,6.82,6.93,7.03,7.4,7.22,7.48,6.72,5.49,7.33,6.79,6.81,7,7.01,6.65,7.1,7.59,7.06,7.59,7.09,7.52,6.13,7.08,7.08,7.11,7.23,7.29,5.64
CNPY4,6.32,5.84,6.5,6.34,6.26,5.87,6.82,6.31,6.38,6.45,6.12,6.12,5.96,5.04,6.09,6.05,6.1,6.22,6.11,6.38,5.96,6.07,6.1,6.15,6.58,6.22,6.31,6.09,6.07,5.55,6.05,5.52,5.95,6.09,6.16,6.1,6.03,6.06,5.55,6.33,6.35,6.11,5.95,6.88,5.92,5.64,5.91,6.05,6.05,5.38
CNR1,4.99,5.1,5.16,5.2,4.87,4.52,4.79,4.92,5.22,4.94,5.06,4.88,5.25,6.01,5.89,5.87,5.58,5.01,4.58,5.04,5.13,5.48,5.43,5.68,5.72,5.73,4.89,5.28,5.18,4.43,5.54,5.86,5.4,5.49,5.53,5.8,4.71,5.75,4.62,5.4,5.3,5.78,4.82,5.06,5.65,5.67,5.6,5.19,5.47,5.36
CNR1,8.31,8.43,7.99,8.29,8.11,8,7.95,7.95,8.46,8.29,8.6,8.33,8.21,8.27,8.95,8.96,8.98,7.95,7.98,7.87,8.75,8.64,8.99,8.82,9,8.88,8.24,8.17,8.38,8.93,5.96,7.01,8.17,7.99,8.07,8.95,8.75,8.78,7.75,7.94,8.25,9.47,9.46,8.55,8.84,8.96,9.06,8.28,8.38,7.2
CNR2,3.98,4.2,3.88,4.17,4.09,4.14,4.66,4.08,4.19,4.17,4.14,4.36,4.14,4.51,3.97,4.3,4.09,4.05,3.97,3.9,3.91,4.06,4.11,3.73,4.07,4.02,3.96,4.07,3.86,5.25,4.38,4.64,4.15,4.03,4.33,3.86,4.41,3.66,4.59,4.15,3.68,4.23,4.8,4.98,4.01,3.75,4.06,4.11,4.14,4.48
CNRIP1,4.38,4.52,4.28,4.39,4.84,4.63,4.61,4.86,4.19,4.36,4.5,4.42,4.26,5.21,4.31,4.77,4.44,4.41,4.31,4.76,4.39,4.15,4.52,4.55,4.73,4.28,4.57,4.36,4.63,4.84,6.34,6.59,4.21,4.38,4.39,4.62,4.71,4.5,5.38,5.12,4.76,4.9,4.95,5.71,4.48,4.73,4.55,4.66,4.49,5.49
CNRIP1,4,4.05,4.02,3.87,3.56,3.47,3.64,3.72,3.92,3.79,4.01,3.99,3.91,4.55,3.68,3.67,3.71,3.66,3.67,3.7,3.64,4.38,4.05,3.75,4.16,3.93,3.74,3.93,3.62,4.48,3.36,3.71,3.8,3.57,3.63,3.78,3.88,3.78,3.64,3.88,3.64,3.85,3.61,4.06,3.53,4.81,3.48,3.69,4.12,5.04
CNTD1,3.97,4.17,3.8,4.05,3.94,3.81,4.34,3.94,4.08,4.12,3.91,4.12,4.24,4.72,4.04,4.14,3.88,4.19,3.91,4,4.19,3.98,4.23,4.15,4.2,3.87,3.79,4.01,4.01,4.38,4.55,3.87,4.23,4.05,3.91,3.86,4.26,3.7,4.67,3.8,4.1,4.12,4.04,4.84,3.87,4.06,4.31,4.25,3.82,4.51
CNTD1,4,4.36,4.45,4.29,4.39,3.82,4.17,4.36,4.4,4.17,4.68,4.19,4.02,6.54,4.11,4.31,4.33,4.27,4.16,4.39,4.23,4.6,3.98,4.34,4.46,4.19,4.13,4.64,4.34,4.27,3.99,7.28,4.21,4.09,4.28,4.63,4.19,4.67,4.48,4.49,4.13,4.29,4.47,6.38,3.97,4.26,4.2,4.31,3.98,7.25
CNTD1,4.29,4.47,4.23,4.29,4.76,4.27,4.56,4.91,4.27,4.56,4.49,4.56,4.52,4.41,4.19,4.7,4.07,4.29,4.29,4.11,4.47,4.45,4.33,4.48,4.21,3.88,4.31,4.33,4.39,5.26,4.05,5.61,4.39,4.56,4.2,4.45,4.61,4,4.32,4.31,4.17,3.99,4.27,5.19,4.08,4.27,4.23,4.14,4.32,4.73
CNTD2,4.2,4.12,4.53,4.43,4.45,4.05,3.72,4.28,4.14,4.75,4.73,4.5,4.31,5.35,4.43,4.29,4.07,4.58,4.8,4.35,4.5,4.2,4.31,4.29,4.87,4.45,4.06,4.31,4.05,4.05,7.21,5.2,4.29,4.25,4.32,4.35,4.64,4.14,4.25,4.13,4.24,4.13,4.38,5.65,4.4,4.82,4.85,4.38,4.23,7.05
CNTD2,3.88,3.68,4.02,3.75,4.43,4.52,3.88,4.13,3.87,3.88,3.82,4.14,3.85,4.26,3.91,3.85,3.58,4,3.69,4.18,3.96,3.81,3.92,3.96,3.87,3.98,4.19,3.85,3.85,3.74,5.3,4.21,3.84,3.78,4.07,3.73,3.92,3.98,3.89,4.06,4.09,3.84,3.89,4.51,4.01,4.13,4.21,4.13,3.67,5.61
CNTF /// ZFP91 /// ZFP91-CNTF,4.52,4.51,4.57,4.66,4.41,5.1,5.23,4.87,4.6,4.74,4.47,4.82,4.43,4.45,4.77,4.4,4.75,4.69,4.98,4.55,4.44,4.94,4.37,4.66,4.54,4.75,4.79,4.59,4.65,4.52,7.62,5.2,4.6,4.46,4.68,4.6,4.53,4.58,4.55,4.6,4.61,4.44,4.44,5.33,4.48,4.56,5.06,4.5,4.3,4.65
CNTF /// ZFP91-CNTF,4.53,4.13,4.54,4.79,4.73,3.9,3.94,4.03,4.47,4.88,4.5,4.45,4.39,4.5,4.64,4.84,4.36,4.53,4.24,4.68,4.19,4.34,4.27,4.5,5.14,4.24,4.3,4.51,4.44,4.65,4.74,5.32,4.49,4.28,4.06,4.47,4.11,4.52,3.72,4.02,4.5,4.32,4,3.91,4.28,4.25,4.21,4.69,4.39,4.3
CNTFR,4.97,4.95,5.09,5.32,5.32,5.53,5.9,5.58,5.1,5.13,5.31,5.19,4.71,6.39,5.15,5.54,5.19,5.53,5.23,5.29,5.14,5.16,5.09,5.21,5.07,5.18,5.27,5.24,5.51,6.63,6.45,6.96,5.03,4.98,5.3,5.34,5.41,5.39,5.22,5.24,5.53,5.36,5.11,5.07,5.08,5.31,5.58,5.25,5.38,5.86
CNTLN,3.87,3.86,4.13,4.02,4.04,4,4.26,4.28,4,4,4.13,4.02,3.89,5.06,3.98,3.83,3.94,3.98,4.05,3.92,3.93,3.98,4.21,4.33,4.13,4.18,3.8,4.21,3.81,4.74,5.94,5.83,3.92,3.89,4.27,3.92,4.08,3.93,4.83,3.96,4.51,4.46,4.03,4.66,4.33,4.56,4.09,4.11,4.05,5.83
CNTLN,4.11,4.23,4.04,4.23,4.25,4.05,3.97,4.28,4.12,4.25,4.31,4.13,4.09,4.86,4.21,4.65,4.12,4.31,4.08,4.16,4.26,4.21,4.19,4.21,4.29,4.04,4.14,4.28,4.3,4.76,4.68,4.68,3.99,4.01,4.05,4.37,3.94,4.21,4.06,4.26,4.08,4.24,4.65,4.5,4.29,4.16,4.45,4.13,3.99,4.9
CNTLN,3.73,3.37,3.33,3.52,3.81,3.35,3.48,3.47,3.28,3.27,3.4,3.58,3.52,3.76,3.41,3.2,3.36,3.47,3.23,3.21,3.46,3.4,3.35,3.45,3.24,3.59,3.33,3.24,3.35,3.59,4.24,4.21,3.7,3.38,3.51,3.59,3.39,3.31,4.54,3.59,3.52,3.49,3.6,3.91,3.48,3.54,3.64,3.25,3.45,3.93
CNTLN,3.57,3.51,3.62,3.49,3.48,3.66,4.2,3.55,3.51,3.51,3.61,3.65,3.57,4.73,3.76,3.42,3.38,3.59,3.44,3.42,3.47,3.65,3.76,3.35,3.63,3.51,3.49,3.59,3.5,3.71,4.34,4.97,3.56,3.6,3.41,3.43,3.5,3.59,3.76,3.44,3.54,3.41,3.55,3.98,3.69,3.67,3.83,3.57,3.59,4.31
CNTN1,4.06,4.14,4.14,4.35,4.57,4.11,5.27,4.23,4.22,4.22,4.3,4.11,4.17,5.14,4.16,4.61,4.15,4.28,4.24,4.33,4.09,4.34,4.35,4.06,4.25,4.05,4.21,4.3,4.54,5.21,4.75,4.44,4.03,4.62,4.1,4.26,4.49,4.34,4.6,4.1,4.18,4.13,4.56,5.14,3.98,4.66,4.36,4.22,4.34,4.67
CNTN1,3.53,3.59,3.34,3.41,3.77,3.68,3.66,3.31,3.61,3.67,3.38,3.43,3.5,4.04,3.49,3.69,3.44,3.42,3.44,3.27,3.52,3.59,3.56,3.54,3.33,3.58,3.73,3.62,3.42,3.75,6.77,3.81,3.35,3.34,3.38,3.64,3.58,3.58,4.45,3.47,3.41,3.69,3.85,4.59,3.7,3.91,3.44,3.25,3.51,4.81
CNTN1,3.8,3.76,3.86,3.82,4.26,3.85,4.14,3.88,3.77,3.89,4.06,3.82,3.72,5.82,3.9,3.92,3.6,3.97,4.12,3.94,3.39,3.84,3.89,4.01,4.06,3.87,3.92,3.87,3.7,4.69,4.67,4.25,4.21,3.87,3.59,3.95,3.75,3.83,4.02,3.98,4,4.11,4,4.26,3.8,4.14,4.32,4.1,3.6,4.91
CNTN1,3.46,3.67,3.57,4.21,3.63,3.33,4.13,3.7,3.5,3.58,3.55,3.6,3.69,3.85,3.53,3.54,3.6,3.73,3.65,3.92,3.57,3.45,3.49,3.67,3.32,3.36,3.72,3.35,3.56,3.97,4.2,3.81,3.52,3.45,3.35,3.4,3.48,3.45,3.82,3.57,3.38,3.8,3.44,3.92,3.48,3.73,3.84,3.73,3.6,3.7
CNTN1,3.65,3.73,3.41,3.61,3.85,3.35,3.39,3.54,3.49,3.55,3.55,3.5,3.52,4.61,3.44,3.93,3.55,3.56,3.78,3.5,3.48,3.47,3.46,3.44,3.54,3.38,3.41,3.57,3.4,4.41,6.2,5.74,3.69,3.62,3.29,3.44,3.5,3.36,4.26,3.46,3.53,3.5,3.79,7.6,3.67,3.89,3.94,3.69,3.51,4.38
CNTN2,5.06,5.05,5.4,5.35,5.34,5.24,5.48,5.37,5.22,5.21,5.51,4.92,4.82,6.27,5.3,5.22,5.54,5.36,5.56,5.06,5.03,5.39,5.27,5.51,5.62,5.26,5.32,5.29,5.42,5.06,5.27,6.24,5.3,5.3,5.3,5.54,5.81,5.25,4.88,5.18,5.53,5.59,5.27,7.19,5.51,5.27,5.59,5.06,5.14,6.51
CNTN2,3.7,4.05,3.9,3.82,3.66,4.03,4.05,3.79,3.97,3.8,3.67,3.74,4,4.37,3.7,3.8,3.81,4.16,4.08,3.97,4.03,3.86,4.03,3.92,3.59,3.99,3.94,4.01,4.37,3.74,4.54,4.31,3.7,3.69,3.94,3.75,3.67,3.96,3.6,3.72,3.6,3.8,4.1,3.9,3.83,3.74,3.68,3.86,3.87,3.48
CNTN2,3.67,4.03,3.81,3.83,3.69,3.75,4.25,4.23,3.79,3.82,4.11,4,3.79,3.77,3.91,3.65,3.68,4.08,3.59,3.66,4.14,3.85,4.16,3.71,3.8,4.24,3.95,3.77,3.92,4.88,5.91,4.78,3.56,3.88,4.19,3.91,4.34,3.96,4.55,4.05,3.92,3.77,3.93,4.38,3.67,3.97,3.85,3.75,3.77,4.46
CNTN3,4.11,4.47,4.14,4.05,4.21,4.16,3.87,4.03,4.17,4.23,4.09,4.38,4.28,4.7,3.93,4.3,4.01,3.91,4.42,4.26,4.26,4.52,4.38,4.21,4.04,4.27,4.4,4.36,4.07,4.25,6.93,4.95,4.13,3.93,4.46,4.2,4.13,4,3.47,3.91,4,4.34,4.2,5.05,4.06,3.9,4.75,4,4.01,5.43
CNTN3,3.33,3.51,3.49,3.39,3.69,3.48,3.81,3.49,3.44,3.36,3.39,3.62,3.41,5.65,3.46,3.35,3.66,3.58,3.48,3.38,3.26,3.64,3.48,3.46,3.59,3.58,3.56,3.53,3.31,5.16,5.64,4.92,3.44,3.69,3.61,3.55,3.81,3.44,3.71,3.64,3.44,3.54,3.45,4.16,4.01,4.22,3.76,3.42,3.44,4.97
CNTN4,4.5,4.81,4.13,4.31,4.06,3.98,4.45,4,4.46,4.33,4.69,4.64,5.09,4.85,4.3,4.6,4.33,4.57,4.23,4.14,4.85,4.78,4.94,4.24,4.2,3.99,4.43,4.29,4.3,4.58,6.03,4.92,4.87,4.89,4.46,4.13,4.11,4.19,4.23,4.01,3.86,4.52,4.6,4.69,4.07,4.13,3.91,4.2,4.25,4.76
CNTN4,3.85,3.75,3.83,3.88,3.93,4.57,4.12,3.93,3.82,3.82,3.77,4.01,3.65,3.62,3.73,3.59,3.59,4.13,3.76,4.03,3.82,3.97,4.06,3.69,3.8,3.85,4.09,3.96,3.98,3.56,4.58,3.8,3.87,4.1,3.97,3.84,4.19,3.66,4.3,3.64,3.59,4.06,3.87,4.35,3.81,3.61,3.91,3.76,3.87,7.22
CNTN5,3.73,4.25,3.94,3.8,4.12,3.85,3.87,3.73,3.91,4.03,4.03,3.95,3.87,4.61,3.71,3.82,3.97,3.71,3.82,3.73,4.03,3.8,3.78,3.75,3.89,3.77,3.85,3.81,3.8,3.93,5.59,6.05,3.89,3.88,3.66,3.74,3.85,3.82,4.06,4.01,3.86,3.68,3.82,5.32,3.69,3.84,3.82,3.88,4.04,3.87
CNTN5,3.99,4.02,4.05,3.94,3.77,3.82,4.16,4.23,3.87,4.04,4.06,3.82,3.85,4.8,4.14,4.11,3.83,3.9,3.93,4.01,4.08,4.03,3.98,3.81,3.77,3.81,3.92,3.84,3.93,3.86,5.59,6.18,3.9,3.97,4.03,3.91,4.22,3.87,4.33,3.97,3.77,4.15,4.15,4.86,4.26,3.85,3.94,3.82,4.12,4.8
CNTN5,3.59,3.39,3.28,3.55,3.21,3.58,3.64,3.65,3.42,3.64,3.57,3.43,3.37,5.36,3.58,3.34,3.59,3.35,3.42,3.43,3.42,3.49,3.38,3.7,3.69,3.4,3.4,3.56,3.87,4.6,5.21,3.66,3.41,3.43,3.44,3.42,3.57,3.61,4.27,3.61,3.58,3.45,3.63,5.36,3.37,3.45,3.76,3.47,3.52,4.73
CNTN5,3.39,3.33,3.37,3.42,3.42,3.53,3.58,3.44,3.42,3.36,3.46,3.14,3.48,4.61,3.44,3.48,3.31,3.36,3.38,3.15,3.5,3.5,3.32,3.38,3.42,3.77,3.31,3.34,3.43,4.09,4.39,6.4,3.44,3.28,3.51,3.41,3.31,3.56,4.62,3.39,3.44,3.42,3.49,3.48,3.39,3.67,3.51,3.69,3.36,5.8
CNTN6,4.43,4.89,4.35,4.36,4.78,4.27,4.22,4.18,4.36,4.47,4.65,4.52,4.83,4.7,4.38,4.14,4.34,4.3,4.38,4.25,4.51,4.48,4.51,4.22,4.25,4.27,4.44,4.23,4.44,4.31,6.03,5.07,4.5,4.46,4.54,4.21,4.35,4.19,4.53,4.11,4.15,4.4,4.41,5.41,4.15,4.24,4.47,4.19,4.3,5.06
CNTNAP1,5.41,5.3,5,5.56,4.95,4.93,5.58,5.84,5.21,5.33,5.26,5.34,5.14,5.6,5.31,5.49,5.16,5.3,5.16,5.28,5.55,5.37,5.42,5.27,5.47,4.99,5.54,5.45,5.35,5.03,6.37,5.2,5.1,5.29,5.12,5.02,5.37,5.08,5.45,5.29,5.21,5.13,5.18,6.51,5.08,5.17,4.95,5.12,5.35,6
CNTNAP2,3.67,3.73,3.56,3.65,3.72,3.99,4.23,3.49,3.74,3.62,3.63,3.72,3.81,3.98,3.91,3.77,3.49,3.71,3.66,3.76,3.69,3.72,3.69,3.51,3.58,3.63,3.56,3.83,3.87,4.19,4.01,4.81,3.82,3.48,3.73,3.9,3.56,3.58,4.32,3.53,3.72,3.76,3.76,4.88,3.83,3.62,3.76,3.65,3.79,3.82
CNTNAP2,4.54,4,4.1,4.09,4.3,4.48,4.6,4.32,4.11,4.05,4.41,3.98,3.99,4.66,4.18,4.15,3.95,4.47,4.18,4.54,4.15,4.4,4.22,4.17,4.33,4.3,3.9,4.13,4.08,5.03,5.51,4.83,4.12,4.24,4.31,3.94,4.05,4.15,5.06,4.2,4.1,4.35,4.39,5.51,4.01,4.47,4.53,4.06,4.02,5.93
CNTNAP2,4.01,4.15,4.02,3.97,4.19,4.51,4.45,4.08,4.19,4.02,4.07,3.91,4.19,4.3,4.03,4.07,4.02,4.11,3.99,3.77,3.89,4,3.94,3.94,3.66,3.77,3.98,3.98,4.45,5.7,5.4,5.34,3.76,4.2,4.03,3.93,4.12,4.08,4.33,4.03,3.81,4.04,3.82,4.89,4.62,3.98,3.88,4.02,3.82,4.36
CNTNAP2,4.27,4.09,3.92,4.71,4.05,4.02,4.75,4.52,4.18,4.3,4.41,4.44,4.16,5.01,3.94,4.17,4.08,3.97,4.17,4.24,4.15,4.28,4.38,4.01,4.16,4.05,4.13,4.22,4.26,5.27,5.2,3.92,4.14,4.2,3.94,3.9,4.31,3.93,4.39,4.16,4.16,4.19,4.47,4.8,4.05,4.1,4.35,4.03,4.18,4.83
CNTNAP3,4.11,4.08,3.99,4.41,3.98,4.01,4.09,4.04,3.96,3.87,4.42,4.05,4.11,5.88,4.19,3.97,4.32,4.31,4.28,4.1,3.91,4.2,4.07,4.07,3.9,4.07,4.19,4.11,4.41,3.51,6.03,4.45,4.09,4.14,4.33,4.4,4,4.04,4.28,4.01,4.02,4.31,4.1,5.1,4.45,3.98,4.4,4.12,3.9,5.13
CNTNAP3 /// CNTNAP3B,3.78,4.05,3.93,3.87,3.96,3.71,4.1,4.05,3.71,3.95,3.9,3.97,4.11,5.03,3.7,3.98,3.91,4.07,3.77,3.64,3.89,3.91,4,4.05,3.77,3.89,4.24,4.02,4.02,4.67,5.25,4.73,4.14,3.88,3.87,3.64,3.88,3.94,4.08,3.95,3.84,4.17,4.12,4.13,3.78,3.89,3.92,3.88,4.08,4.93
CNTNAP3 /// CNTNAP3B,5.6,5.37,5.59,5.6,5.94,5.57,5.51,5.89,5.63,5.55,5.98,5.65,5.48,6.07,5.68,6.04,5.42,5.71,5.55,5.66,5.48,5.64,5.58,5.7,5.8,5.35,5.33,5.74,5.73,5.74,7.02,5.79,5.77,5.78,5.79,5.55,5.76,5.7,6.6,5.49,5.71,6,5.78,7.09,5.59,5.68,5.3,5.67,5.49,7.4
CNTNAP4,3.77,3.92,3.94,3.94,4.06,4.16,4.31,4.36,4.19,4.1,4.27,3.97,4.04,5.02,3.99,4.06,3.81,4.11,3.87,3.78,4.29,4.19,4.16,4.32,4,3.95,3.89,3.91,4.25,4.74,5.34,4.79,4.11,4.17,4.05,4.01,4.06,3.97,4.2,3.85,4.17,4.33,4.18,4.32,4.05,4,4.19,3.86,4.13,5.84
CNTNAP5,4.44,4.6,4.51,4.68,4.18,4.54,4.16,4.33,4.29,4.6,4.76,4.55,4.59,5.88,4.58,4.64,4.49,4.31,4.59,4.59,4.28,4.68,4.46,4.43,4.39,4.24,4.44,4.96,4.45,3.8,6.76,4.48,4.49,4.48,4.53,4.88,4.49,4.59,4.29,4.31,4.51,4.2,4.66,5.1,4.51,4.31,4.44,4.71,4.32,4.99
CNTROB,8.39,8.46,8.66,8.59,8.91,8.7,8.91,8.78,8.37,8.53,8.57,8.35,8.25,8.31,8.27,8.18,8.36,8.57,8.5,8.28,8.45,8.4,8.68,8.44,8.31,8.39,8.69,8.47,8.66,8.43,6.38,8.04,8.49,8.43,8.5,8.23,8.43,8.43,9.24,8.89,9.1,8.54,8.81,8.29,8.22,8.38,8.35,8.82,9.03,7.79
CNTROB,6,6.11,5.93,5.89,6,5.87,6.38,6.32,5.9,6.11,5.77,6.05,6.49,5.59,5.5,5.61,5.41,5.64,5.84,5.6,6.02,6.08,5.72,5.82,5.59,5.7,6.09,5.77,5.49,5.93,6.68,6.2,6.07,6.15,5.83,5.6,5.7,5.69,6.86,5.79,5.78,5.84,5.34,5.66,5.44,5.56,5.54,5.85,5.79,5.41
CNTROB,4.86,4.81,4.9,4.94,5.3,5.17,4.7,5.47,4.93,5.27,4.61,4.86,4.81,4.76,4.87,4.88,4.9,4.87,4.88,5.44,5.08,4.6,4.6,4.95,5.16,5.19,5.01,5.08,5.2,4.41,3.92,5.83,4.89,5.18,5.29,4.79,4.73,4.9,4.9,5.37,5.02,5.25,5.29,4.97,5.22,4.6,5.04,5.07,5.05,4.33
COASY,8.89,8.72,9.06,8.95,8.88,9.05,8.92,8.86,8.8,8.76,8.7,8.81,8.72,5.96,8.57,8.65,8.62,8.8,8.99,8.76,8.75,8.51,8.67,8.68,8.65,8.65,8.95,8.69,8.93,8.11,7.41,7.74,8.69,8.53,8.5,8.61,8.82,8.82,8.84,8.98,8.93,8.57,8.62,5.83,8.91,9.1,8.84,8.63,8.93,5.66
COASY,8.79,8.66,8.78,8.68,8.59,8.77,8.74,8.81,8.68,8.6,8.47,8.58,8.59,6.63,8.35,8.5,8.39,8.69,8.62,8.65,8.54,8.29,8.41,8.48,8.43,8.49,8.87,8.48,8.8,8.96,7.21,6.7,8.54,8.38,8.44,8.46,8.62,8.63,8.26,8.8,8.69,8.52,8.47,5.63,8.77,8.94,8.82,8.54,8.87,6.32
COASY,6.93,6.49,6.99,7.24,6.64,6.89,5.67,6.86,6.86,6.8,6.23,6.87,6.76,6.54,6.53,7.04,6.96,7.02,6.88,6.92,6.73,6.8,6.42,6.9,6.91,6.88,6.84,7.03,6.62,6.04,5.82,5.38,6.75,6.47,6.68,6.6,6.7,6.92,6.78,6.71,6.89,6.8,6.41,5.6,7,6.89,7.04,7.12,6.73,5.71
COBL,4.72,4.65,4.92,5,4.78,4.6,6.02,5,4.87,4.63,5.11,4.8,4.81,6.27,4.69,5.12,5,4.86,4.79,4.82,4.66,4.92,4.98,5.02,5.06,4.87,4.9,5.06,5.1,4.55,7.21,6.39,4.73,4.97,5.1,4.92,4.7,4.84,5.13,4.72,4.98,4.95,5.25,6.14,4.91,5.15,5.05,5.09,4.81,7.21
COBL,3.56,3.47,3.58,3.7,3.84,3.81,4.16,4.35,3.44,3.59,3.49,3.88,3.6,4.27,3.44,3.73,3.46,3.88,3.67,3.87,3.69,3.74,3.43,3.59,3.88,3.35,3.72,3.61,3.56,4.22,5.72,4.16,3.68,3.49,3.49,3.6,3.43,3.76,3.93,3.92,3.63,3.78,3.85,4.44,4.41,3.75,3.97,3.7,3.55,3.99
COBL,3.86,4.12,4.05,3.96,3.81,4.29,5.04,4.29,3.96,4.06,4.1,3.93,4.11,5.17,4.28,4.19,3.83,3.92,3.91,3.84,4.12,4.09,4.06,3.96,3.78,3.83,4.03,3.8,4.13,4.88,4.91,4.69,4.06,4.07,3.84,3.94,4.27,4.29,4.36,3.71,3.75,4.04,4.43,4.55,3.72,4,4.16,3.96,4.01,5.22
COBL,3.88,3.8,3.88,4.05,4.07,3.61,3.82,4.12,4.12,4,4.3,3.96,3.89,5.21,3.86,4.36,3.65,3.66,4.01,3.82,3.85,4.04,4.23,3.83,4.12,3.6,3.69,4.18,3.71,5.48,4.51,5.23,3.93,4.4,4.04,3.83,3.65,3.9,5.16,4.05,3.99,4.1,3.66,4.74,3.73,4.11,4.37,4.13,3.61,4.05
COBL,4.06,3.94,3.9,4.14,3.81,3.81,3.68,3.98,4,3.88,3.89,4.05,4.26,4.68,4.25,4.03,3.71,3.84,3.8,3.82,4.08,4,4,3.94,3.67,3.67,3.68,3.79,4.02,3.68,5.5,3.62,4.05,4.21,4.09,3.79,4.1,3.97,3.92,3.7,3.98,4.13,3.92,5.42,3.87,4.18,3.98,3.84,4.02,3.89
COBLL1,3.87,3.61,3.67,3.8,3.49,3.66,4.84,3.56,3.97,3.6,3.81,3.76,3.83,4.08,3.86,4.33,3.93,3.93,3.57,4.14,3.67,3.58,3.61,3.85,3.84,3.98,3.78,4,3.45,4.22,5.92,3.88,4.53,4.46,4.34,3.78,3.65,4.34,5.06,3.89,3.81,3.44,3.6,3.88,3.44,3.54,3.92,3.9,3.84,3.29
COBLL1,6.39,6.66,6.59,6.64,6.28,6.58,6.2,6.02,6.47,6.53,6.9,6.23,6.24,6.36,6.58,6.25,6.59,6.39,6.45,6.56,5.86,6.11,6.18,6.38,6.43,6.46,6.38,6.2,6.45,7.14,6.06,6.15,6.83,6.96,7.1,6.93,6.11,6.81,5.9,6.66,6.38,6.26,6.05,6.24,6.13,6.25,6.17,6.61,6.49,6.49
COBLL1,3.83,3.78,4.09,3.8,3.6,3.87,3.96,3.93,3.95,3.95,3.88,3.64,3.63,5,3.73,3.8,3.66,3.79,3.7,3.7,4.15,3.75,3.73,3.6,3.78,3.73,3.69,3.8,3.84,5.05,6.26,4.63,3.83,4.04,3.89,4.05,4.16,3.72,4.6,3.91,3.89,3.68,3.75,5.01,3.74,4.07,3.81,3.76,3.71,3.92
COBRA1,8.47,8.17,8.63,8.51,8.7,8.67,8.35,8.54,8.44,8.41,8.4,8.36,8.29,7.92,8.31,8.23,8.3,8.71,8.53,8.45,8.38,8.29,8.39,8.42,8.36,8.36,8.63,8.26,8.51,8.44,7.63,8.21,8.02,8.08,8.04,8.33,8.21,8.38,8.47,8.71,8.67,8.73,8.76,8.12,8.54,8.67,8.62,8.51,8.65,7.79
COCH,3.7,3.83,3.7,3.81,3.76,3.74,4.8,4.13,4.01,3.92,3.83,3.79,3.67,4.57,3.79,3.73,3.77,3.87,3.94,3.62,3.75,4.04,3.88,3.74,3.8,3.73,3.72,3.98,4.13,4.47,6.73,3.93,3.53,4.03,3.96,3.67,4,3.67,4.1,3.72,3.77,4.13,3.63,5.61,4.08,4.16,3.73,3.69,3.81,6.01
COCH,4.39,4.27,4.2,4.29,4.5,4.42,5.28,4.45,4.11,4.13,4.35,4.52,4.43,4.55,4.49,4.36,4.35,4.64,4.48,4.28,4.21,4.36,4.26,4.26,4.01,4.14,4.27,4.18,4.23,5.38,5.32,5.95,4.28,4.25,4.17,4.43,4.24,4.02,4.81,4.33,4.47,4.34,4.87,5.52,4.65,4.45,4.26,4.51,4.06,4.36
COG1,4.96,4.86,5.08,5.09,4.77,4.89,4.41,4.68,5,4.92,4.89,5.3,4.94,5.38,5.01,4.93,4.74,4.86,5.01,5.32,5.09,4.95,4.87,5.13,5.26,4.85,5.01,4.84,5.06,5.05,5.76,5.43,4.98,5.06,5.38,4.8,4.65,5.18,6.1,4.73,4.61,4.78,5.04,5.56,4.73,4.76,4.98,4.97,4.6,5.02
COG1,10.39,10.47,10.46,10.47,10.78,10.75,10.97,10.58,10.29,10.37,10.55,10.48,10.36,10.32,10.71,10.68,10.67,10.63,10.65,10.67,10.75,10.7,10.66,10.77,10.71,10.72,10.53,10.34,10.59,10.69,10.25,10.3,10.83,10.8,10.86,10.65,10.84,10.7,10.79,10.56,10.5,10.6,10.71,10.34,10.6,10.65,10.48,10.44,10.42,10.19
COG2,7.62,7.44,7.67,7.64,7.33,7.37,7.04,7.71,7.5,7.71,7.42,7.47,7.4,6.82,7.32,7.39,7.3,7.72,7.77,7.63,7.47,7.22,7.42,7.2,7.29,7.18,7.46,7.55,7.56,7.91,6.39,5.42,7.56,7.34,7.26,7.36,7.42,7.27,7.54,7.45,7.6,7.16,6.95,5.01,7.45,7.35,7.21,7.46,7.71,7.25
COG2,9.03,9.08,9.11,9.09,9.35,9.2,9.18,9.11,9.07,9.04,9.2,9.02,8.88,8.85,8.95,8.9,8.89,9.17,9.1,9.13,9.01,8.96,9.12,8.85,8.96,8.77,9.06,9.1,8.89,8.98,7.58,7.97,8.84,8.87,8.94,8.96,8.97,8.89,9.08,9.06,9.18,8.98,9,8.37,9.22,9,9.1,9.01,9.01,7.63
COG3,5.51,5.12,5.28,5.47,5.13,4.83,4.97,5.44,5.54,5.62,5,5.23,5.21,4.93,5.53,4.96,5.39,5.49,5.34,5.36,5.12,5.5,5.08,5.55,5.27,5.5,5.26,5.24,4.71,5.73,5.18,5.75,5.25,5.52,5.24,5.26,5.53,5.2,4.87,5.15,5.35,5.01,4.78,4.89,5.61,4.78,5.03,5.46,5.24,5.08
COG3,6.15,5.51,5.66,5.56,4.94,4.58,5.27,5.51,5.85,5.92,5.39,5.94,5.44,5.82,5.77,5.73,5.68,6.2,5.61,5.63,5.78,5.69,5.43,6.32,5.95,5.61,5.75,5.76,4.63,5.74,5.36,6.54,5.81,6.29,5.82,5.57,5.13,5.39,5.88,5.35,5.79,5.74,4.99,5.66,5.55,5.54,5.61,5.83,5.51,6.2
COG3,3.75,3.85,4.03,3.78,3.98,3.85,3.88,3.72,3.99,3.71,3.83,3.74,3.56,4.05,3.62,4.06,3.84,3.9,3.78,4.07,3.55,3.64,3.56,3.83,3.78,3.57,3.57,3.83,3.69,4.6,4.27,4.32,3.85,3.92,3.74,3.38,3.55,3.76,4.35,3.74,3.43,3.74,3.45,3.54,3.59,4.54,3.73,3.58,3.76,3.8
COG3,7.13,7.3,7.08,7.05,7.21,6.97,6.36,6.9,7.12,7.2,7.19,7.19,7.14,6.87,6.94,6.98,6.93,6.78,7.01,6.89,7.18,7.22,7.32,6.92,7.06,6.93,6.97,7.07,7.13,6.3,6.61,6.21,6.87,7.01,6.71,6.9,6.74,6.76,6.31,7.1,7.02,7.04,6.81,6.3,6.83,6.73,6.93,7.16,7.25,6.23
COG4,8.34,8.25,8.39,8.33,8.08,8.63,8.52,8.09,8.32,8.32,8.24,8.22,8.33,5.16,8.34,8.38,8.67,8.64,8.76,8.63,8.52,8.4,8.51,8.27,8.43,8.39,8.39,8.17,8.44,7.46,5.28,5.96,8.22,8.11,8.09,8.58,8.77,8.63,7.81,8.17,8.41,8.48,8.79,6.03,8.62,8.18,8.11,8.38,8.29,6.16
COG4,8.73,8.7,8.86,8.8,8.84,8.94,8.84,8.67,8.62,8.7,8.85,8.62,8.55,7.4,8.89,8.82,8.86,9.07,9.15,9.05,8.96,8.77,9.09,8.96,9.02,8.74,8.69,8.48,8.81,8.74,5.5,6.09,8.68,8.65,8.67,8.89,9.16,9.01,9.07,8.73,8.75,8.95,9.03,7.66,8.85,8.81,8.75,8.62,8.6,5.45
COG4,8.27,8.14,8.25,8.27,8.36,8.3,8.51,8.17,8.06,8.12,7.92,8.15,8.03,6.54,8.33,8.25,8.27,8.51,8.49,8.55,8.41,8.37,8.45,8.45,8.4,8.28,8.24,8.12,8.07,7.2,7.97,5.26,8.09,8.07,8.12,8.4,8.56,8.47,8.38,8.29,8.13,8.49,8.59,7.14,8.37,8.43,8.51,8.16,7.98,6.78
COG4,9.43,9.39,9.59,9.48,9.61,9.65,9.69,9.49,9.27,9.45,9.53,9.41,9.43,8.23,9.5,9.5,9.6,9.77,9.81,9.79,9.55,9.48,9.74,9.6,9.56,9.52,9.38,9.37,9.68,9.69,8.24,7.43,9.35,9.34,9.46,9.64,9.65,9.6,9.56,9.44,9.37,9.64,9.89,7.23,9.51,9.66,9.45,9.31,9.43,7.84
COG5,9.22,9.18,9.23,9.28,9.03,9.21,9.1,9.33,9.32,9.44,9.08,9.39,9.29,8.87,9.25,9.07,9.19,9.32,9.29,9.43,9.31,9.42,9.3,9.43,9.36,9.36,9.32,9.38,9.11,6.67,7.9,8.49,8.96,9.07,9.08,9.21,9,9.26,9.22,9.47,9.4,9.24,9.16,9.31,9.32,9.22,9.42,9.35,9.45,8.31
COG5,8.48,8.35,8.52,8.54,8.31,8.39,8.09,8.47,8.44,8.43,8.36,8.49,8.53,6.93,8.38,8.13,8.36,8.51,8.67,8.47,8.67,8.51,8.47,8.49,8.37,8.57,8.44,8.6,8.36,7.52,7,6.45,8.02,8.24,8.2,8.46,8.23,8.39,7.45,8.44,8.58,8.45,8.53,6.39,8.63,8.51,8.52,8.5,8.6,5.99
COG5,7.95,7.81,7.93,7.92,7.34,7.63,7.61,8.07,7.83,8,7.58,8.09,7.93,7.82,7.51,7.65,7.74,7.99,8.03,8.05,8.09,8.16,7.79,8,8.11,7.87,7.98,7.98,7.83,7.98,7.11,6.89,7.71,7.64,7.88,7.84,7.64,7.8,7.29,8.04,8.05,7.83,7.5,7.7,8.03,7.83,7.91,7.97,8.05,6.65
COG6,7.17,6.81,7.01,7.16,5.9,6.57,6.62,6.92,7.23,7.29,6.58,7.27,7.1,5.94,7.28,7.23,7.42,7,7.14,7.42,7.34,7.19,7.1,7.57,7.37,7.16,7.06,7.02,6.62,6.03,7.44,5.57,7.39,7.23,7.37,6.96,6.45,7.14,6.23,7.33,7.06,6.03,6.05,4.95,6.86,6.65,6.96,7.06,7.11,5.58
COG6,9.17,9.57,9.02,9.29,9.27,9.12,7.65,8.98,9.34,9.34,9.46,9.62,9.63,8.67,9.42,9.39,9.46,9.2,9.23,9.35,9.44,9.47,9.6,9.29,9.41,9.38,9.11,9.34,9.13,8.09,8.4,7.26,8.97,9.1,9.04,9.33,8.86,9.07,8.92,9.33,9.31,9.04,9,8.06,8.95,8.68,9.1,9.38,9.33,9.33
COG6,3.26,3.76,3.7,3.51,3.66,3.75,3.53,3.81,3.66,3.48,3.59,3.65,3.56,5.45,3.52,3.49,3.42,3.41,3.49,3.37,3.5,3.43,3.45,3.48,3.35,3.92,3.54,3.53,3.49,5.58,5.63,5.75,3.48,3.49,3.48,3.59,3.56,3.63,4.52,3.77,3.47,3.44,3.46,5.5,3.52,3.63,3.66,3.71,3.48,5.2
COG7,6.44,6.53,6.92,6.2,6.67,7.18,5.69,7,6.67,6.58,6.7,6.29,6.38,5.94,6.57,6.39,6.89,6.75,6.69,6.72,6.72,6.38,6.8,6.79,6.71,6.46,6.79,6.54,6.71,5.94,6.62,6.08,6.55,6.34,6.51,6.8,6.51,6.58,6.25,6.67,6.72,6.93,6.81,4.81,6.82,6.36,6.44,6.91,6.59,5.38
COG8 /// PDF,7.78,7.57,7.96,7.73,8.09,7.94,7.86,8.11,7.83,7.87,7.77,7.57,7.65,7.52,7.61,7.78,7.75,8.09,7.87,7.83,7.61,7.74,7.31,7.83,7.74,7.78,8.02,7.77,7.93,6.43,8.2,6.84,8.14,7.96,7.83,7.69,8.07,8.03,7.76,8.03,7.86,7.51,7.78,7.99,7.99,7.82,7.91,7.83,7.78,7.33
COG8 /// PDF,10.27,10.36,10.22,10.32,10.3,10.29,9.98,10.2,10.26,10.26,10.37,10.22,10.35,9.41,10.19,10.05,10.24,10.24,10.26,10.25,10.12,10.05,10.16,10.2,10.16,10.1,10.27,10.21,10.41,10.18,9,9.71,10.25,10.33,10.3,10.22,10.36,10.3,10.06,10.44,10.23,10,10.09,9.6,10.31,10.14,10.19,10.23,10.29,9.26
COIL,8.52,8.52,8.55,8.5,8.83,8.61,8.36,8.48,8.53,8.66,8.64,8.56,8.42,7.81,8.8,8.58,8.78,8.64,8.63,8.74,8.4,8.42,8.61,8.41,8.47,8.53,8.51,8.64,8.57,7.82,6.71,8.29,8.44,8.6,8.57,8.63,8.6,8.53,8.21,8.63,8.29,8.44,8.47,8.14,8.73,8.51,8.42,8.49,8.7,7.03
COIL,7.42,7.35,7.06,7.12,7.41,7.83,7.46,7.43,7.23,7.34,7.26,6.87,7.03,5.85,7.54,7.67,7.44,7.81,7.67,7.4,7.31,7.04,7.33,7.51,7.22,7.46,7.49,7.44,7.46,7.34,5.84,5.36,7.65,7.2,7.64,7.49,7.47,6.99,7.35,7.21,7.23,7.22,7.38,6.16,7.61,7.2,7.24,6.92,6.59,5.36
COL10A1,3.76,4.12,3.83,4.04,4.53,3.86,4.32,3.68,3.96,3.89,3.94,4.42,3.9,4.99,3.9,4.24,3.91,3.84,3.91,3.95,3.8,3.95,3.92,3.93,3.74,3.7,3.94,3.93,4.11,4.15,6.08,4.64,3.97,3.99,3.59,3.83,3.82,3.93,4.27,3.79,4.15,4.02,3.79,5.44,3.75,4.02,4.09,3.77,4.1,5.58
COL10A1,3.66,3.87,3.59,3.92,3.92,4.15,4.01,3.9,3.92,3.58,3.69,3.94,3.74,4.45,3.76,3.79,3.57,3.75,3.71,3.67,3.64,3.81,3.98,3.65,4.07,3.77,3.72,3.87,3.82,5.67,6,4.31,3.79,3.95,3.77,4.04,3.83,3.84,4.09,3.87,3.83,3.72,3.71,6.39,3.84,4.08,3.73,3.84,3.85,3.94
COL11A1,3.49,3.55,3.45,3.49,3.53,3.64,3.66,3.45,3.46,3.41,3.47,3.4,3.54,3.48,3.35,3.42,3.31,3.36,3.6,3.43,3.57,3.44,3.38,3.33,3.36,3.41,3.5,3.49,3.45,3.82,3.78,3.96,3.32,3.58,3.33,3.31,3.46,3.33,3.9,3.42,3.3,3.52,3.36,3.24,3.55,3.73,3.38,3.35,3.35,3.88
COL11A1,3.33,3.35,3.4,3.47,3.68,3.63,3.43,3.31,3.17,3.32,3.38,3.24,3.36,3.43,3.36,3.25,3.12,3.51,3.35,3.12,3.41,3.33,3.29,3.11,3.37,3.1,3.45,3.31,3.29,4.05,4.31,4.4,3.47,3.26,3.48,3.28,3.38,3.18,4.16,3.22,3.24,3.29,3.43,3.84,3.39,3.38,3.24,3.21,3.36,3.95
COL11A1,3.48,3.54,3.71,3.54,3.55,3.81,3.66,3.5,3.43,3.55,3.49,3.6,3.66,3.67,3.42,3.41,3.44,3.41,3.71,3.27,3.65,3.53,3.57,3.39,3.32,3.7,3.76,3.72,3.98,3.56,4.97,3.57,3.75,3.5,3.6,3.3,3.46,3.39,3.43,3.48,3.4,3.77,3.68,5.56,3.64,3.55,3.79,3.5,3.51,4
COL11A1,4.08,3.94,3.93,4.56,3.84,4,3.8,4,4.16,3.98,4.56,4.15,4.16,6.12,4.18,4.38,4.08,4.52,3.99,3.94,4.21,4.08,4.17,4.05,4.08,3.94,4.01,4.16,4.1,3.5,6.1,6.52,3.9,3.95,4.11,3.83,4.39,3.94,4.39,3.95,4.05,3.91,3.8,5.46,3.87,4.06,4.09,4.43,4.11,6.67
COL11A1,3.49,3.34,3.35,3.53,3.61,3.63,3.85,3.41,3.3,3.4,3.44,3.43,3.48,3.52,3.57,3.48,3.4,3.42,3.5,3.64,3.44,3.55,3.52,3.46,3.59,3.62,3.42,3.47,3.55,4.09,4.05,4.74,3.85,3.43,3.34,3.55,3.81,3.96,4.87,3.32,3.65,3.65,3.66,4.21,3.58,3.49,3.72,3.4,3.47,4
COL11A1,4.3,4,4.32,4.14,4.36,4.27,4.2,4.35,4.27,4.12,4.12,4.32,4.31,4.97,4.38,4.42,4.21,4.26,4.23,4.35,4.53,4.38,3.95,4.15,4.38,4.11,4.32,4.14,4.31,4.69,5.51,5.03,4.14,3.99,4.21,4.11,4.01,4.13,4.33,4.21,4.34,4.71,4.65,5.06,4.13,4.36,4.41,4.34,4.2,4.98
COL11A1,3.68,3.82,3.67,3.82,3.56,3.43,3.52,3.24,3.51,3.89,3.81,3.86,3.7,4.1,3.62,4.01,3.7,3.53,3.74,3.81,3.57,3.82,3.68,3.75,3.78,3.9,3.77,3.73,3.49,3.83,5.51,4.71,3.56,3.66,3.74,3.79,3.95,3.69,3.45,3.76,3.67,3.58,3.62,4.2,3.33,4.01,3.83,3.53,3.65,4.35
COL11A2,5.33,5.85,5.98,5.87,6.29,6.16,6.53,6.59,5.79,6.01,6.37,5.93,5.83,5.78,5.75,5.98,6.17,5.77,5.7,5.75,5.85,6.07,6.6,6.26,6.1,5.86,5.96,5.77,5.92,4.96,6.9,6.94,5.51,5.59,5.32,6.3,6.27,5.87,6.79,6.27,6.34,6.75,6.52,6.53,6.19,6.28,6.57,6.13,6.14,5.4
COL11A2,4.76,4.91,4.33,4.63,4.46,4.3,4.4,4.36,4.39,4.56,4.68,4.69,4.68,5.03,4.39,4.4,4.36,4.19,4.56,4.49,4.47,4.46,4.87,4.68,4.61,4.07,4.65,4.65,4.64,4.82,4.41,5.93,4.76,4.35,4.05,4.52,4.19,4.29,5.29,4.46,4.61,4.77,4.58,5.27,4.49,4.88,4.54,4.57,4.53,4.71
COL11A2,6.31,6.41,6.66,6.49,6.7,6.52,7.59,6.82,6.16,6.26,6.73,6.31,5.84,6.7,6.44,6.53,6.42,6.59,6.66,6.42,6.5,6.64,7.09,6.68,6.68,6.74,6.42,6.47,6.56,6.28,7.97,7.73,6.05,5.95,6.1,6.45,6.91,6.73,6.86,6.64,6.65,7.15,6.82,7.32,6.88,7.04,7.06,6.48,6.91,7.21
COL12A1,3.71,3.76,3.78,4,3.72,4.46,4.3,3.76,3.85,3.89,3.95,3.93,4.03,3.84,3.75,3.98,3.83,3.7,3.68,3.8,3.66,3.83,3.82,4.01,4.18,3.76,3.78,3.72,4.3,4.35,4.12,4.39,3.86,3.84,3.84,3.7,3.76,4.03,4.16,3.8,3.73,4.12,3.75,3.78,4.01,4.58,3.82,3.77,3.93,4.81
COL12A1,3.67,3.61,3.56,3.48,4.15,3.65,3.68,3.52,3.45,3.63,3.6,3.54,3.45,4.04,3.7,3.62,3.41,3.58,3.69,3.51,3.69,3.48,3.69,3.47,3.3,3.46,3.53,3.45,3.55,3.99,5.28,4.62,3.44,3.49,3.64,3.62,3.3,3.46,3.63,3.55,3.37,3.37,3.68,4.23,3.47,3.48,3.66,3.44,3.47,4.3
COL12A1,4.26,3.77,4.08,4.18,4.04,4.07,4.12,4.01,3.9,4.27,4.22,4.06,4.02,5.87,4.09,3.81,4.08,4.36,3.86,3.98,3.92,4.23,4.03,4.15,4.07,3.94,3.86,3.78,4.15,3.96,5.6,4.55,4.26,4.02,4.04,4,3.93,3.89,4.95,3.84,4.07,4.16,4,4.62,3.97,3.96,3.81,3.78,4.02,5.19
COL12A1,3.56,3.47,3.29,3.61,3.52,4.1,3.66,3.64,3.42,3.33,3.31,3.73,3.31,4.55,3.21,3.38,3.67,3.35,3.49,3.53,3.49,3.48,3.68,3.43,3.32,3.54,3.56,3.7,3.93,3.65,4.63,4.31,3.48,3.68,3.63,3.73,3.58,3.38,3.62,3.37,3.45,3.35,3.88,4.19,3.39,3.54,3.41,3.31,3.38,3.69
COL13A1,3.63,3.5,3.14,3.72,3.48,3.62,3.84,4.05,3.71,3.8,3.72,3.52,3.54,4.08,3.69,3.68,3.58,3.32,3.51,3.62,3.71,3.85,3.73,3.47,3.45,3.53,3.49,3.54,3.42,4.62,3.91,3.97,3.48,3.37,3.39,3.38,3.81,3.85,3.84,3.67,3.39,3.58,3.36,3.58,4.01,3.69,3.82,3.44,3.69,3.86
COL13A1,3.26,3.52,3.82,3.65,3.57,3.72,3.96,3.69,3.34,3.44,3.47,3.5,3.5,3.82,3.68,3.45,3.42,3.7,3.63,3.39,3.53,3.6,3.57,3.59,3.81,3.54,3.68,3.7,3.44,4.31,4.63,4.4,3.43,3.27,3.63,3.82,3.67,3.72,3.56,3.54,3.67,3.87,3.82,4.37,3.42,3.47,3.4,3.76,3.39,4.11
COL13A1,3.49,3.58,3.68,3.7,4.24,4.26,4.41,3.71,3.73,3.73,3.54,3.52,3.45,4.62,3.82,3.59,3.58,4.08,3.57,3.5,3.63,3.8,3.51,3.71,3.5,3.45,3.94,3.51,3.85,3.94,4.39,3.91,3.73,3.62,3.71,3.81,4.01,3.57,5.04,3.89,3.74,3.52,3.62,4.42,3.56,3.72,4.43,3.77,3.69,4.79
COL13A1,3.8,3.71,3.69,4.04,4.03,3.79,3.76,3.78,3.91,3.66,4,3.94,3.75,4.41,3.87,3.94,3.75,3.82,4.18,3.98,3.87,3.89,3.87,4.04,4.25,3.82,4.08,3.65,4.53,3.68,4.59,5.03,3.92,3.69,4.01,3.89,3.73,4.07,3.87,3.44,3.9,4.05,3.73,4.52,3.86,3.97,3.91,3.71,3.84,5.49
COL14A1,4.11,4.82,4.36,4.4,4.82,4.29,4.98,4.18,4.34,4.66,4.24,4.88,4.35,5.02,4.32,4.07,4.39,4.27,4.44,4.33,4.47,4.76,4.72,4.29,3.95,4.03,4.29,4.34,4.5,4.99,4.96,4.7,4.26,4.45,4.17,4.63,4.07,4.11,4.13,4.13,4.22,4.17,4.78,4.43,4.12,4.3,4.22,4.29,4.48,4.61
COL14A1,3.47,3.47,3.54,3.44,3.3,3.71,4.4,3.3,3.36,3.44,3.37,3.44,3.44,3.41,3.34,3.48,3.37,3.32,3.3,3.3,3.57,3.46,3.41,3.38,3.61,3.52,3.53,3.32,3.49,3.59,5.31,3.81,3.37,3.33,3.38,3.3,3.47,3.33,4.07,3.21,3.56,3.41,3.38,3.85,3.37,3.34,3.32,3.49,3.29,3.59
COL14A1,4.2,4.42,4.37,4.21,4.62,4.59,4.48,4.62,4.27,4.15,4.38,4.55,4.24,6.47,3.99,4.04,3.86,4.62,4.49,4.33,4.21,4.15,4.21,3.93,4.31,3.83,4.18,4.36,4.13,4.65,4.81,5.87,4.21,4.53,4.25,4.09,3.98,4.23,4.87,4.24,4.11,4.11,4.23,4.96,4.06,3.9,4.24,4.24,4.43,5.31
COL14A1,3.69,3.93,3.61,3.76,4.03,3.5,3.9,3.84,3.91,4.03,3.83,3.67,3.97,4.39,3.66,4.02,4.15,4.13,3.45,3.87,3.72,3.78,3.7,3.66,3.86,3.4,3.43,3.75,3.59,3.98,6.06,4.49,3.68,3.65,3.57,3.74,3.49,3.62,3.58,3.49,3.46,3.71,3.69,3.66,3.46,4.18,3.78,3.87,3.96,3.92
COL15A1,4.62,4.91,4.42,4.66,4.5,4.04,4.65,4.21,4.88,4.85,4.97,5.17,5.21,5.29,4.88,4.6,4.63,4.79,4.74,4.3,4.85,4.66,4.66,4.32,4.42,4.11,4.67,4.28,4.99,5.23,5.12,5.78,4.68,4.61,4.66,4.73,4.74,4.72,5.14,4.28,4.36,5.21,4.7,5.28,4.57,4.86,4.47,4.45,4.6,5.41
COL16A1,4.4,4.44,4.51,4.38,4.18,4.46,5.16,4.26,4.64,4.06,4.32,4.36,4.23,6.46,4.21,4.36,4.22,4.64,4.11,4.25,4.61,4.51,4.45,4.31,4.41,4.09,4.41,4.36,4.43,5.87,4.83,4.86,4.99,4.32,4.41,4.34,4.11,4.72,5.11,4.18,4.2,4.57,5.19,4.15,4.08,4.68,4.43,4.42,4.18,4.98
COL17A1,4.17,4.01,3.9,3.76,4.26,4.16,4.1,3.74,3.77,3.89,4.35,3.84,3.8,4.89,3.76,4.34,3.5,3.66,3.71,3.56,3.96,3.94,3.84,4.1,4.04,3.83,3.6,3.98,4.22,4.12,6.97,4.6,3.5,3.89,4.01,3.92,3.56,3.58,4.63,3.69,3.71,4.34,4.39,4.48,3.6,3.9,3.7,3.82,3.76,5.15
COL17A1,4.26,4.58,3.98,4.43,4.18,4.2,3.55,4.25,4.42,4.17,4.7,4.54,4.57,5.89,4.41,4.65,4.21,4.47,4.27,4.29,4.23,4.35,4.6,4.5,4.67,4.3,4.29,4.36,4.56,4.56,6.52,6.74,4.43,4.38,4.26,4.32,4.3,4.47,4.48,4.25,4.55,4.51,4.6,6.68,4.08,4.21,4.07,4.05,4.1,5.07
COL18A1,4.68,4.52,4.39,4.69,4.92,4.46,4.53,4.7,4.7,4.57,4.66,4.27,4.45,4.74,4.46,4.84,4.2,4.53,4.48,4.91,4.39,4.48,4.29,4.8,4.55,4.87,4.55,4.7,4.47,4.35,4.25,4.78,4.27,4.44,4.81,4.32,4.24,4.27,4.65,4.39,4.64,4.41,4.49,4.09,5.3,4.18,4.23,4.8,4.46,4.3
COL18A1,5.81,5.69,6.35,5.9,6.22,5.95,5.62,6.22,5.81,5.95,6.04,5.94,5.75,6.87,5.79,5.72,5.93,6.04,6.01,5.94,5.62,5.63,5.81,6.06,5.71,6.03,6.01,6,6.01,5.95,5.65,6.23,5.41,6,6.04,5.86,5.33,6.06,5.27,5.81,6.06,6.46,5.94,6.04,5.86,6.06,6,6.08,6.05,7.52
COL19A1,3.47,3.51,3.49,3.52,3.35,3.83,3.6,3.39,3.44,3.35,3.46,3.56,3.49,3.57,3.44,3.66,3.41,3.46,3.44,3.36,3.38,3.42,3.83,3.4,3.59,3.51,3.27,3.29,3.34,3.98,4.7,3.99,3.42,3.51,3.49,3.36,3.53,3.41,3.95,3.55,3.49,3.4,3.45,3.49,3.21,3.48,3.57,3.49,3.49,3.88
COL19A1,4.46,4.5,4.32,4.31,4.23,4.29,3.93,4.59,4.22,4.33,4.25,4.47,4.28,4.51,4.33,4.95,4.28,4.23,4.05,4.26,4.5,4.42,4.59,4.18,4.52,4.16,4.29,4.25,4.46,5.24,5.23,4.15,4.45,4.49,4.37,4.37,4.28,4.4,4.27,4.57,4.8,4.31,3.84,5.14,4.74,4.12,4.08,4.63,4.25,4.02
COL1A1,5.54,5.11,6.33,6.15,6.54,6.26,4.97,5.99,5.95,5.85,5.64,5.64,5.31,4.14,5.28,4.85,5.38,5.59,6.2,5.79,5.86,4.99,5.59,5.58,5.9,5.02,6.12,5.67,4.94,4.87,5.77,4.01,5.48,5.42,5.56,5.6,5.18,6.01,4.6,5.86,5.71,5.68,5.77,5.28,5.43,4.55,5.55,5.88,5.93,3.94
COL1A1,4.31,4.24,4.61,4.96,5.2,4.74,5.19,4.62,4.64,4.61,4.52,4.5,4.33,4.69,4.5,4.65,4.54,4.86,4.58,4.76,4.35,4.6,4.3,4.68,4.47,4.69,4.79,4.49,4.64,5.11,4.28,5.03,4.44,4.32,4.5,4.42,4.55,4.67,4.77,4.68,4.79,4.76,4.96,5.52,4.93,4.34,4.6,4.98,4.75,5.77
COL1A1,4.4,4.38,4.43,4.2,4.3,4.35,4.62,5.13,4.46,4.41,4.19,4.2,4.4,4.47,4.2,4.36,4.04,4.29,4.04,4.2,4.13,4.32,4.18,4.27,4.29,4.19,4.31,4.22,4.29,4.84,4.83,6.53,4.2,4.18,4.19,4.41,4.8,4.44,4.67,4.45,4.3,4.77,4.64,4.3,4.45,4.58,4.58,4.38,4.27,4.53
COL1A1,4.92,4.11,5.12,4.9,4.04,4.88,4.26,4.61,4.83,4.51,4.25,4.33,4.28,3.75,4.36,4.5,4.35,4.66,5.06,4.62,4.5,4.8,4.09,4.34,4.77,4.41,4.99,4.46,4.2,4.64,5.24,5.09,4.44,4.81,4.65,4.49,4.53,5.31,4.6,4.29,4.27,4.78,5.55,4.96,4.36,3.86,4.64,4.44,4.47,4.1
COL1A1,4,4.45,4.33,4.74,4.6,4.88,4.54,4.13,4.52,4.36,4.6,4.63,4.33,5.05,4.53,4.42,5,4.45,4.57,4.85,4.35,4.45,4.49,4.94,4.99,4.45,4.53,4.7,4.26,4.33,4.61,4.11,5.01,4.42,4.8,4.34,4.36,4.68,4.26,4.3,4.65,4.65,4.57,4.79,4.1,4.06,4.68,4.84,4.47,6.41
COL1A2,4.59,4.72,4.63,4.63,4.83,4.67,5.04,5.37,4.75,4.73,4.86,4.74,4.64,7.08,5.07,4.61,4.57,4.97,4.4,4.63,4.55,4.85,4.62,4.41,4.79,4.44,4.58,4.65,4.82,4.73,5,6.18,4.69,4.77,4.86,4.77,4.45,4.4,5.02,4.26,4.76,4.63,4.37,7.5,4.45,4.51,4.6,4.5,4.45,6.95
COL1A2,3.53,3.4,3.38,3.46,3.45,3.47,3.71,3.2,3.42,3.48,3.54,3.59,3.52,4.81,3.42,3.44,3.53,3.29,3.53,3.45,3.52,3.52,3.44,3.38,3.55,3.46,3.36,3.39,3.49,3.76,4.04,3.84,3.54,3.49,3.41,3.29,3.61,3.35,3.78,3.24,3.36,3.28,3.62,3.6,4.16,3.72,3.25,3.59,3.42,3.81
COL1A2,3.87,3.72,3.55,3.66,3.7,4.02,4.06,3.51,3.61,3.56,3.76,3.67,3.67,4.69,3.42,3.59,3.54,3.67,3.48,3.33,3.67,3.43,3.73,3.36,3.73,3.39,3.46,3.44,3.87,4.49,4.48,4.27,3.64,3.62,3.65,3.31,3.54,3.55,3.5,3.42,3.39,3.7,3.89,5.17,3.58,4.02,3.47,3.4,3.58,3.35
COL1A2,3.64,3.64,3.8,3.66,3.66,4.04,5.52,3.55,3.57,3.55,3.71,3.56,3.64,4.43,3.63,3.81,3.83,3.51,3.92,3.71,3.79,3.85,3.66,3.59,3.6,3.73,3.9,3.79,3.89,4.02,6.48,3.93,3.83,3.72,3.91,3.48,3.97,3.57,4.76,3.65,3.58,4.01,4.03,5.91,3.77,3.75,3.74,3.62,3.71,3.69
COL1A2,3.29,3.2,3.31,3.4,3.4,3.32,3.89,3.5,3.28,3.38,3.44,3.32,3.26,3.54,3.33,3.49,3.92,3.74,3.19,3.53,3.77,3.25,3.35,3.44,3.5,3.39,3.46,3.36,3.33,3.6,4.35,3.6,3.5,3.52,3.61,3.46,3.65,3.32,3.81,3.55,3.62,3.39,3.5,3.52,3.18,3.85,3.69,3.52,3.79,4.32
COL1A2,4.06,3.86,4.24,4.07,4.32,3.92,4.49,4.55,4,3.97,4.1,3.98,3.67,4.99,3.99,4.09,4.04,4.09,3.98,3.95,4.07,4.18,4.12,4.27,4.09,4.09,4.02,4.12,4.27,3.84,5.05,4.44,4.09,3.77,3.88,4.2,4.42,4.2,3.94,4.06,4.47,4.31,4.11,5.49,4.18,4.37,4.15,4.06,4.47,4.69
COL20A1,4.54,4.53,4.76,4.39,4.8,5.13,4.94,5.29,4.63,4.73,5.05,4.75,4.64,4.74,5.27,4.98,4.83,4.88,5.06,4.99,4.98,4.76,4.99,5.11,5.4,5.28,4.79,4.78,4.69,4.65,5.03,4.81,4.48,4.77,4.87,5.27,4.5,5.13,4.53,4.89,4.93,5.92,5.44,5.49,5.47,5.07,5.62,4.99,5.11,4.96
COL21A1,3.64,3.82,3.6,3.76,3.96,3.56,3.76,3.73,3.79,3.83,3.82,3.74,3.8,4.68,3.77,3.73,3.59,3.54,3.99,3.77,3.6,3.83,3.85,3.56,3.89,3.78,3.86,3.87,3.53,4.27,4.5,4.44,3.71,3.57,3.79,4.11,3.67,3.74,3.99,3.65,3.68,3.56,3.5,4.52,3.81,3.73,4.11,3.89,3.57,4.65
COL21A1,4.34,4.55,4.39,4.17,3.94,3.98,4.78,4.04,4.38,4.06,4.64,4.49,4.45,5.71,4.02,4.06,4.06,4.06,4.31,4.21,4.12,4.44,4.38,4.64,4.23,3.92,4.31,4.3,4.03,4.67,4.65,4.88,4.12,3.94,4.36,4.28,4.36,4.36,4.85,4.04,3.91,4.04,3.86,4.9,4.02,4.27,3.93,4.3,4.02,4.9
COL21A1,4.04,3.98,4.12,4.07,4.65,4.31,3.97,4.7,3.84,4,4.28,4.11,3.95,5.73,4.17,4.01,4.36,3.98,4.3,4.2,4.08,4.21,4.1,4.16,4.13,3.85,3.86,3.88,4.04,4.77,4.88,4.51,3.83,3.97,4.51,4.13,4.17,4.06,4.01,4.19,3.95,4.09,3.9,4.3,4.92,4.08,4.31,4.16,4.1,5.56
COL22A1,6.97,6.98,7.06,7.04,7.13,7.19,7.2,7.18,6.97,7.32,7.59,7.15,6.86,7.37,7.28,7.27,7.14,7.2,7.37,7.13,7.54,7.62,7.64,7.47,7.6,7.66,7.24,7.19,7.27,6.73,7.04,8.31,7.37,7.1,7.36,7.55,7.37,7.39,6.45,7.2,7.18,8.06,8.31,7.69,7.38,7.21,7.62,7.12,7.31,7.75
COL22A1 /// LOC100293055,3.66,3.47,3.67,3.68,3.54,3.83,4.38,3.67,3.64,3.74,3.93,3.83,3.55,4.3,3.77,3.89,3.69,3.56,3.81,3.65,3.84,3.75,3.75,3.84,3.92,3.88,3.55,3.85,3.88,3.9,3.49,5.52,3.66,3.68,3.6,3.75,3.79,3.92,4.55,3.48,3.86,4.23,3.85,5.36,4.2,3.79,3.9,3.68,3.63,4.32
COL23A1,3.56,3.7,3.55,3.86,4.18,3.84,4.46,3.85,3.71,3.57,4.34,3.71,3.77,4.25,3.68,3.87,3.57,3.99,3.62,3.77,3.7,3.7,3.74,3.85,3.64,3.93,3.72,3.67,3.83,4.58,4.82,6.27,3.63,3.66,3.88,3.73,3.99,4,4.15,3.55,3.7,3.6,3.88,4.32,3.77,4.08,3.7,3.83,3.6,4.3
COL24A1,3.44,3.32,3.24,3.31,3.4,3.62,3.78,3.55,3.29,3.36,3.34,3.35,3.34,4.03,3.51,3.28,3.42,3.29,3.39,3.26,3.42,3.64,3.42,3.23,3.44,3.31,3.32,3.56,3.32,3.8,3.88,4.09,3.49,3.43,3.44,3.42,3.54,3.25,4.44,3.26,3.52,3.48,3.43,3.6,3.43,3.59,3.27,3.38,3.41,3.91
COL24A1,4.07,3.97,4.25,4,5,4.39,5.1,4.13,4.26,4.01,4.35,4.13,4.18,5.42,4.04,3.94,3.87,4.26,4.19,4.52,4.18,4.02,4.05,3.92,3.98,4.3,4.08,4.14,4.17,4.55,6.01,5.66,3.82,3.94,4.05,3.91,4.41,4.14,4.89,3.98,4.45,4.27,4.14,6,4.28,4.16,4.38,4.02,3.9,4.68
COL25A1,4.12,3.84,3.76,3.93,4.06,4.02,3.71,4.06,3.89,3.98,3.89,3.94,3.8,3.93,3.91,3.64,3.68,3.71,3.8,3.64,3.77,3.99,3.73,3.73,3.73,3.6,3.78,3.67,3.69,4.22,6.3,4.07,4.06,4,3.84,3.8,3.81,3.74,3.75,3.98,3.44,3.53,3.42,3.63,3.71,3.61,3.49,3.81,3.86,4.51
COL25A1,3.24,3.2,3.62,3.41,3.31,3.22,3.44,3.34,3.35,3.12,3.32,3.14,3.34,3.39,3.35,3.16,3.4,3.25,3.41,3.25,3.38,3.4,3.41,3.26,3.25,3.36,3.29,3.28,3.4,3.51,3.62,4.71,3.32,3.28,3.48,3.2,3.41,3.34,3.24,3.21,3.3,3.45,3.27,3.49,3.38,3.33,3.29,3.37,3.25,3.97
COL25A1,4.12,4.18,4.43,4.3,5.35,4.15,4.8,4.64,4.31,4.41,4.27,4.22,4.34,5.16,4.7,4.62,4.48,4.83,4.62,4.58,4.25,4.37,4.31,4.28,4.82,4.42,4.27,4.37,4.76,4.98,5.45,6.07,4.38,4.42,4.63,4.54,4.24,4.06,5.06,4.64,4.73,4.67,4.9,4.86,4.6,4.74,4.18,4.23,4.66,5.2
COL25A1,3.63,3.64,3.42,3.79,4.37,3.69,3.35,4.13,3.76,3.68,3.81,3.64,3.48,4.19,3.99,3.5,3.52,3.83,3.58,3.66,3.41,3.69,3.71,3.81,3.45,3.48,3.81,3.84,3.74,3.32,4.72,4.44,3.51,3.68,3.64,3.76,3.7,3.73,3.48,3.72,3.55,3.46,3.95,4.85,3.63,4.71,3.88,3.63,3.58,4.41
COL27A1,4.95,4.9,4.92,4.87,5.05,4.92,4.66,5.08,5.13,5.17,5.04,5.03,5.05,6,5.35,5.41,5,5.12,5.31,5.1,5.34,5.31,5.33,5.03,5.22,5.2,4.97,5.19,5.36,6.54,6.09,7.02,4.83,5.23,5.03,5.13,5.45,4.97,5.57,5.19,5.59,5.32,5.32,5.53,4.86,4.89,5.04,5.18,5.14,6
COL28A1,3.79,3.83,3.49,3.54,3.84,3.34,3.6,3.63,3.71,3.85,3.79,3.67,3.82,4.27,3.65,3.59,3.52,3.57,3.4,3.63,3.91,3.97,4.13,3.39,3.58,3.5,3.64,3.57,3.93,3.74,5.5,4.33,4.11,3.61,3.51,3.49,3.31,3.52,3.86,3.68,3.45,3.69,3.53,4.21,3.4,3.84,3.9,3.47,3.46,5.53
COL29A1,4.29,4.15,3.98,4.07,4.03,3.71,4.28,3.98,4.17,4.57,4.13,3.93,3.88,4.67,3.92,4.38,3.95,4.13,4.01,4.03,4.09,4.05,3.88,3.93,3.88,3.95,3.99,4.05,4.19,4.38,5.53,4.33,4.23,3.98,3.82,3.92,4.13,4.12,4.53,3.88,3.93,3.82,3.93,4.65,3.76,3.7,3.76,3.6,3.99,4.68
COL2A1,3.53,3.59,3.37,3.84,3.9,3.64,3.98,3.74,3.38,3.72,3.54,3.45,3.6,3.81,3.83,3.83,3.73,4.02,3.78,3.48,3.88,3.56,3.64,3.74,4,3.74,3.44,3.57,3.78,4.83,4.02,5.39,4.17,3.67,3.7,3.59,3.63,3.79,3.7,3.66,3.77,3.63,3.82,7.03,3.45,4.15,3.63,3.52,3.79,5.93
COL3A1,3.46,3.42,3.34,3.29,3.32,3.47,3.81,3.32,3.4,3.24,3.31,3.34,3.28,4.06,3.27,3.32,3.22,3.4,3.4,3.24,3.39,3.46,3.44,3.29,3.3,3.36,3.36,3.37,3.42,4.31,4.73,3.92,3.28,3.31,3.44,3.27,3.42,3.32,4.21,3.25,3.29,3.57,3.25,3.99,3.44,4.23,3.56,3.29,3.4,3.37
COL3A1,4.49,4.39,4.29,4.47,3.99,4.33,4.55,5.03,4.47,4.17,4.22,4.29,4.41,3.94,4.22,3.92,3.81,4.69,4.36,4.47,4.13,4.35,4.4,4.16,4.13,3.84,4.27,4.2,4.22,4.12,5.63,4.21,4.12,3.99,3.92,4.42,4.49,4.5,3.86,4.44,4.16,4.07,4.14,4.59,4.96,4.77,5.47,4.18,4.1,3.88
COL3A1,4.26,4,4.17,3.82,4,3.98,4.68,4.03,4.06,3.98,3.9,3.99,4.34,4.3,3.93,4.18,3.89,4.21,4.1,3.97,4.31,3.91,3.82,4.2,3.69,4.04,4.04,4.13,4.02,3.72,6.22,4.76,4.04,4.21,3.97,3.9,4.27,4.28,4.32,4.5,4.17,4.05,4.07,4.3,5.28,4.74,4.08,4.01,4.3,4.28
COL3A1,5.82,6.39,6.03,5.68,5.6,5.49,4.99,6.26,5.66,5.69,6.35,5.99,5.61,6.54,6.15,5.4,5.83,6.13,6.09,5.95,5.54,5.85,5.63,5.66,5.87,5.71,5.75,5.72,5.49,5.63,5.51,5.35,5.18,5.38,5.55,5.75,5.81,5.6,5.08,6.04,5.8,5.65,6.21,5.66,6.69,6.91,6.57,5.64,5.89,6.2
COL3A1,3.37,3.27,3.45,3.39,3.61,3.61,3.93,3.52,3.34,3.33,3.36,3.25,3.13,4.02,3.43,3.49,3.2,3.42,3.36,3.35,3.3,3.46,3.27,3.44,3.41,3.37,3.53,3.3,3.51,4.38,3.69,4.15,3.45,3.51,3.52,3.42,3.53,3.27,4.06,3.5,3.24,3.3,3.45,3.39,3.53,3.79,3.54,3.31,3.3,4.43
COL4A1,11.86,11.92,11.78,11.86,11.85,11.94,12,11.94,11.91,11.82,11.99,11.78,11.98,11.65,11.57,11.71,11.68,11.81,11.86,11.97,12.06,12.09,12.21,11.93,11.96,11.94,11.88,11.78,12.13,12.64,10.9,11.7,11.86,11.92,11.86,11.87,12.09,11.88,12.03,11.85,11.99,12.36,12.36,11.99,12.24,12.41,12.29,11.87,12.19,11.5
COL4A1,10.53,10.5,10.38,10.36,10.34,10.18,10.2,10.38,10.29,10.46,10.28,10.4,10.44,9.26,10.03,10.12,10.09,10.23,10.25,10.28,10.6,10.63,10.51,10.39,10.51,10.55,10.37,10.41,10.33,10.44,7.5,10.04,10.34,10.38,10.15,10.27,10.33,10.31,10.17,10.21,10.24,10.49,10.39,7.61,10.64,10.71,10.7,10.31,10.36,8.91
COL4A1,7.12,6.75,6.87,6.75,6.78,7.67,7.81,6.81,7.25,7.31,7.21,6.34,6.19,5.93,7.32,7.16,7.15,7.29,7.17,7.43,7.25,7.53,7.55,7.81,7.98,7.59,6.92,7.44,7.25,6.38,8.01,6.08,7.44,6.5,7.33,7.17,7.25,6.74,6.23,7.23,7.11,7.56,7.56,7.3,7.72,7.88,8.27,6.78,6.4,6.23
COL4A2,10.27,10.36,10.31,10.3,10.63,10.42,10.78,10.62,10.2,10.2,10.15,10.14,10.38,10.06,9.9,10.12,9.87,10.35,10.33,10.15,10.61,10.37,10.56,10.27,10.23,10.26,10.4,10.03,10.6,11.45,9.54,10.19,10.1,10.01,9.84,9.94,10.41,10.19,10.48,10.35,10.57,10.97,11.01,9.68,10.76,11.08,10.75,10.3,10.72,9.71
COL4A2,11.35,11.42,11.39,11.39,11.47,11.52,11.53,11.51,11.3,11.31,11.39,11.23,11.41,10.09,10.99,10.94,11.12,11.39,11.51,11.51,11.51,11.35,11.63,11.48,11.3,11.4,11.38,11.18,11.6,11.95,9.44,10.61,11.06,11.18,10.98,11.32,11.4,11.29,11.31,11.43,11.49,11.84,11.87,10.56,11.69,11.92,11.72,11.41,11.69,10.03
COL4A2,9.36,9.28,9.37,9.32,9.34,9.32,9.37,9.71,9.02,9.24,9.08,9.19,9.33,7.27,8.81,9.1,8.84,9.49,9.47,9.41,9.62,9.44,9.41,9.41,9.33,9.46,9.33,9.17,9.51,8.87,6.43,7.61,8.9,9.09,8.98,9.12,9.3,9.28,9.1,9.34,9.53,9.96,9.86,7.49,9.65,10.07,9.83,9.36,9.57,7.64
COL4A3,3.38,3.45,3.16,3.46,3.35,3.37,3.48,3.22,3.41,3.36,3.4,3.44,3.36,3.68,3.53,3.24,3.17,3.25,3.15,3.3,3.49,3.71,3.36,3.14,3.16,3.57,3.24,3.4,3.48,4.51,5.16,4.06,3.57,3.34,3.63,3.33,3.34,3.43,4.18,3.21,3.27,3.3,3.41,3.58,3.29,3.4,3.23,3.13,3.24,3.87
COL4A3,3.75,3.74,3.7,3.66,3.36,3.37,3.8,3.41,3.59,3.42,3.79,4.17,3.64,3.63,3.83,3.69,3.56,3.62,3.81,3.76,3.45,3.6,3.77,3.7,3.65,3.42,3.46,3.73,3.65,4.15,5.55,4.05,3.58,3.53,3.58,3.78,3.94,3.45,3.46,3.5,3.42,3.66,3.73,4.51,3.55,3.73,3.85,3.56,3.83,6.29
COL4A3BP,6.7,6.38,6.59,6.35,6.2,6.3,5.56,6.32,6.47,6.59,6.53,6.2,6.2,5.92,6.22,6.04,6.65,6.31,6.29,6.45,6.63,6.2,6.49,6.76,6.39,6.89,6.41,6.46,5.92,5.45,6.02,5.26,6.66,6.34,6.57,6.59,5.66,6.33,5.38,6.87,6.74,6.51,6.24,4.68,7,6.67,6.63,6.52,6.37,4.75
COL4A3BP,9.31,9.66,9.32,9.54,9.31,9.51,8.72,9.34,9.49,9.39,9.57,9.42,9.3,10.04,9.24,9.19,9.4,9.53,9.61,9.66,9.22,9.4,9.67,9.55,9.62,9.4,9.4,9.42,9.29,9.74,7.83,9.58,8.9,8.97,8.94,9.27,9.16,9.24,9.41,9.61,9.45,9.61,9.61,10.28,9.72,9.65,9.66,9.54,9.56,7.8
COL4A3BP,8.64,8.56,8.44,8.31,7.86,8.59,8.84,8.41,8.46,8.53,8.71,8.09,8.12,7.37,8.54,8.67,8.54,8.94,8.63,8.71,8.63,8.56,8.62,8.67,8.65,8.69,8.65,8.41,8.87,8.15,4.84,6.78,8.77,8.33,8.44,8.5,8.13,8.01,8.25,8.62,8.82,9.06,8.84,7.16,8.89,8.86,8.79,8.35,8.13,7.11
COL4A3BP,7.45,7.76,7.17,7.1,7.09,7.49,7.31,6.88,7.69,7.41,7.52,7.32,7.19,7.79,7.41,7.36,7.58,7.28,7.27,7.39,7.37,7.54,7.65,7.38,7.4,7.42,7.51,7.43,7.47,7.5,6.66,7.47,7.22,7.25,7.26,7.35,6.93,6.9,7.6,7.87,7.46,7.22,7.27,6.68,7.36,7.53,7.35,7.51,7.44,7.54
COL4A4,4.76,4.8,4.4,4.75,4.42,4.51,4.98,4.28,4.43,4.47,4.91,5.02,5.08,6.05,4.52,4.58,4.33,4.58,4.81,4.46,4.65,5.06,4.93,4.53,4.67,4.43,4.59,4.57,4.73,6.09,5.55,4.87,4.61,4.63,4.96,4.49,5.06,4.54,4.82,4.38,4.66,4.69,4.65,6.45,4.53,5.12,4.47,4.49,4.58,4.99
COL4A4,3.32,3.42,3.13,3.19,3.57,3.35,3.73,3.15,3.29,3.39,3.38,3.27,3.44,3.44,3.05,3.18,3.17,3.17,3.25,3.29,3.21,3.26,3.18,3.17,3.02,3.29,3.44,3.29,3.15,3.46,4.14,4.26,3.29,3.38,3.27,3.29,3.49,3.26,3.74,3.16,3.42,3.18,3.36,3.38,3.26,3.45,3.19,3.19,3.09,4.02
COL4A5,8.19,8.36,8.26,8.32,8.02,7.76,7.84,8.64,8.12,8.4,8.32,8.35,8.44,7.68,8.15,8.38,8,8.19,8.34,8.24,8.52,8.77,8.57,8.55,8.61,8.56,8.15,8.21,8.14,7.15,7.41,8.48,7.64,7.85,7.68,8.24,8.35,8.39,8.29,8.41,8.31,8.43,8.52,6.22,8.19,8.3,8.44,8.31,8.47,7.34
COL4A5,8.56,8.66,8.53,8.68,8.75,8.55,8.47,8.57,8.58,8.65,8.87,8.82,8.71,8.31,8.64,8.57,8.44,8.56,8.62,8.63,8.86,9.05,9.11,8.91,8.91,8.8,8.44,8.48,8.5,8.76,8.23,8.63,8.13,8.16,8.25,8.66,8.43,8.6,7.78,8.54,8.66,8.8,8.81,8.95,8.58,8.64,8.74,8.74,8.83,8.24
COL4A5,4.32,4.18,4.17,4.15,4.93,4.15,3.73,4.59,4.26,4.22,4.41,4.17,3.98,4.25,4.46,4.41,4.33,4.55,4.76,4.36,4.09,4.26,4.42,4.38,4.32,4.29,4.12,4.18,4.26,5.61,7.44,6.05,4.16,4.08,3.94,4.35,3.99,4.35,4.43,4.04,4.29,4.05,4.06,4.82,3.91,4.37,4.18,4.19,4.31,4.83
COL4A6,6.08,6.36,6.4,6.46,5.93,6.13,5.96,6.05,6.45,6.29,6.73,6.31,6.56,6.3,6.23,6.31,5.97,6.39,6.41,6.43,6.31,6.74,6.87,6.53,6.42,6.52,6.27,6.19,5.98,6.21,6.28,5.71,6.18,6.11,6.26,6.31,6.46,6,6.08,5.89,6,6.25,5.56,5.64,6.22,6.67,6.43,6.28,6.47,5.38
COL4A6,4.42,4.49,4.34,4.24,3.89,3.6,3.89,3.98,3.96,4.33,3.98,4.35,4.57,3.62,4.08,3.95,4.12,3.91,3.89,4.17,4.4,4.17,3.83,3.94,4.44,3.67,3.79,4.17,3.98,4.07,5.41,3.66,4.18,4.17,3.79,4.11,3.81,3.84,4.02,4.01,3.84,4.77,4.13,3.65,3.9,3.73,4.21,3.92,4.12,3.96
COL4A6,5.08,4.68,5.14,5.26,5.42,5.06,6.21,5.23,5.02,5.1,5.2,5.2,5.27,6.66,5.25,5.44,5.22,5.13,5.24,5.16,5.59,5.24,5.04,5.49,5.3,5.26,4.95,5.13,5.23,5.83,6.16,7.62,5.14,5.27,5.33,5.11,5.18,5.05,4.44,4.84,5.24,5.5,5.27,6.83,5.1,5.59,5,5.16,5.08,7.62
COL4A6,3.87,3.9,3.99,4.4,4.09,4.6,4.18,4.23,4.1,3.86,3.93,4.09,3.79,5.15,4.09,4.15,4.05,4.03,4.29,3.89,4.02,3.95,3.97,4.17,4.1,4.28,4.2,3.93,4.16,4.38,5.87,4.65,4,3.91,4.29,4.22,4.26,3.7,4.95,3.94,4.05,3.95,3.97,4.71,4.26,3.93,4.4,4.49,4.03,4.12
COL4A6,4.95,4.69,5.2,5.23,4.99,4.87,4.53,4.87,5.09,4.92,4.82,4.9,4.95,6.17,4.83,4.88,5.14,5.03,4.99,4.98,5.12,5,5.13,5.02,5.1,5.11,4.94,5.06,4.86,5.19,5.58,5.47,4.78,4.81,5.12,5,4.46,4.69,4.68,5.02,5.07,4.99,4.9,5.87,4.9,5.26,5.66,5.22,4.97,5.45
COL4A6,3.95,3.95,3.89,4.02,3.94,4.25,3.91,4.02,4.04,4.06,4.22,4.08,4.16,5.05,4.33,4.03,4.03,4.23,4.25,3.94,4.08,4.29,4.28,4.22,4.28,4.03,3.85,4.05,4.42,4.81,4.64,4.54,4.3,4.2,3.94,4.16,4.17,4.05,4.2,4.22,4.02,4.14,3.85,4.4,4.4,4.1,4.47,4.44,3.99,4.45
COL4A6,5.34,5.66,5.79,5.5,6.03,6,4.7,5.34,5.49,5.56,5.65,5.56,5.87,6.83,5.46,4.99,5.31,6.19,5.42,5.62,5.58,5.59,5.54,5.4,5.37,5.45,5.82,5.61,5.1,6.38,6.36,5.37,5.76,5.52,5.33,5.32,5.82,5.4,5.46,5.14,5.29,5.69,5.39,6.33,5.68,4.92,5.36,5.53,5.49,6.31
COL5A1,3.92,3.98,3.79,3.67,3.72,3.86,3.97,3.64,3.68,3.61,3.92,3.89,3.99,4.34,3.77,4.02,3.65,3.58,3.56,3.66,3.75,3.82,3.91,3.71,3.76,3.64,3.36,3.73,3.87,4.27,4.59,5.4,3.76,3.74,3.55,3.5,3.79,3.7,4.66,3.38,3.58,3.79,3.69,4.93,3.53,3.69,3.96,3.7,3.64,4.52
COL5A1,4.24,4.14,4.1,4.23,4.07,4.25,4.05,4.06,4.36,3.88,4.19,4.23,4.16,5.9,4.25,3.93,3.95,4.11,4.15,4.02,4.03,4.24,4.38,4.4,3.89,4,4.18,4.28,4.03,4.1,5.91,5.4,4.21,4.16,3.94,4.11,4.03,3.87,4.37,4.03,4.27,4,4.2,4.5,4.04,3.95,4.08,3.92,3.97,5.31
COL5A1,5.69,5.43,5.69,5.65,5.37,6,5.99,5.62,5.45,5.55,5.71,5.69,5.46,6.76,5.84,5.76,5.61,5.75,6.07,5.83,5.9,6.08,5.87,5.9,6.25,5.4,5.78,5.76,5.97,5.86,8.4,7.2,5.63,5.53,5.77,5.62,6.06,5.98,6.15,5.85,5.25,5.94,5.94,7.11,5.68,5.32,5.64,5.87,5.51,7.06
COL5A1,5.29,5.3,5.21,5.28,5.48,5.22,5.16,5,5.16,5.37,5.44,5.54,5.45,5.81,5.45,5.4,5.38,5.32,5.07,5.21,5.56,5.25,5.39,5.33,5.22,5.12,5.11,5.26,5.35,5.55,5.66,6.01,5.4,5.51,5.34,5.04,5.3,5.4,5.28,4.87,5.06,5.44,5.46,7.02,5.3,5.88,5.25,5.29,5.4,5.87
COL5A2,4.05,3.92,4.09,4.22,4.08,4.16,4.05,4.03,3.83,3.95,3.87,3.78,3.96,5.16,3.98,3.88,4.13,4.37,4.17,3.72,4.43,4.06,4.07,3.84,4.34,3.95,4.18,3.86,3.83,4.95,3.8,5,4.03,4,3.9,3.99,4.06,4.17,4.02,4.32,4.77,4.26,4.62,4.17,4.39,3.87,4.56,4,4.21,3.99
COL5A2,4.34,4.25,4.39,4.24,4.64,4.7,4.8,4.41,4.32,4.19,4.12,4.35,4.27,5.29,4.33,4.32,4.22,4.26,4.38,4.04,4.53,4.33,4.14,4.55,4.3,4.25,4.39,4.31,4.05,4.96,5.37,4.57,4.21,4.16,4.53,4.64,4.65,4.14,5.43,4.59,4.11,4.54,4.36,4.48,5.08,5.3,4.34,4.43,4.54,5.19
COL5A2,3.2,3.14,3.15,3.17,3.4,3.32,3.59,3.16,3.19,3.25,3.08,3.12,3.28,3.35,3.17,3.24,3.38,3.34,3.25,3.28,3.2,3.18,3.22,3.26,3.28,3.18,3.45,3.13,3.22,3.54,4.85,4.06,3.31,3.2,3.29,3.12,3.5,3.42,3.63,3.35,3.21,3.26,3.25,4.19,3.44,3.25,3.23,3.42,3.15,3.58
COL5A2,4.14,4.03,4.09,3.92,4.32,4.57,3.5,4.24,3.88,4.26,4.18,4.12,4.19,3.88,4.3,4.44,4.16,4.21,4.18,4.26,4.03,4.11,3.82,4,4.33,3.66,4.32,4.1,3.88,3.46,3.97,3.76,4.08,4.08,4.34,4.12,3.87,4.28,3.52,4.43,4.15,4.03,4.66,3.52,4.03,3.75,4.02,4.14,3.96,4.84
COL5A2,3.68,3.8,4.01,3.89,3.99,4.64,4.8,4.37,3.76,3.85,3.86,3.92,3.55,4.73,3.89,3.63,3.87,3.96,4.02,4.06,3.61,3.93,3.91,3.78,3.89,3.97,3.8,3.89,3.76,4.1,4.31,4.18,4.08,3.64,3.98,3.72,3.86,4.07,4.76,3.96,4.12,3.87,3.86,3.89,4.1,3.79,3.92,3.92,3.92,4.25
COL5A2,5.78,5.72,5.68,5.9,5.5,6.17,4.5,5.62,5.67,5.62,6.16,5.84,5.48,6.28,5.78,5.75,5.99,5.96,5.94,5.96,6,5.9,6.17,5.96,6.29,5.72,5.57,5.69,5.9,4.88,6.1,6.29,5.05,5.63,5.59,5.88,6,5.6,6.04,6.41,6.19,6.32,6.08,6.83,6.16,6.48,6.31,5.81,5.57,6.62
COL5A3,4.84,5.18,4.49,5.05,4.4,4.91,4.64,4.4,4.71,4.57,4.53,5.05,5.26,5.52,4.52,4.83,4.63,4.43,4.69,4.8,4.99,5,4.9,4.93,4.71,4.31,4.46,4.92,4.81,5.88,5.22,5.5,4.65,4.84,4.62,4.55,4.78,4.53,4.8,4.62,4.79,4.5,4.72,4.83,5.03,4.64,4.82,4.58,4.78,6.34
COL6A1,4,4.21,3.98,3.98,4.05,3.96,4.31,4.35,4.03,3.92,3.95,4.02,4.13,3.99,3.99,4.22,3.93,4.21,4.11,4.1,4.4,3.96,4.09,3.96,4.45,4.18,4.21,4.13,4.1,5.51,4.17,5.31,4.39,4.1,4.28,4.46,4.19,4.01,5.76,4.21,3.99,4.22,3.96,4,4.18,4.05,4.72,4.14,4.04,4.37
COL6A1,5.55,5.37,5.73,5.75,6.4,5.73,6.04,5.62,5.51,5.49,5.92,5.86,5.66,6.07,5.59,5.88,5.42,5.67,5.46,5.67,5.77,5.78,5.69,5.71,5.62,5.46,5.44,5.83,5.8,6.07,5.39,6.44,5.59,5.58,5.57,5.72,5.85,5.57,6.15,5.88,5.67,5.94,5.77,6.23,5.82,5.97,5.63,5.57,5.34,5.57
COL6A1,5.15,4.6,4.93,5.23,5.37,5.19,5.29,5.04,4.92,4.82,4.93,4.82,4.78,4.74,5.07,5.08,4.79,5.26,5,5.14,5.11,5.28,5.1,4.9,4.98,5,4.99,5.12,5.24,5.68,5.38,5.66,5.08,4.88,4.9,4.85,4.96,5.19,6.03,4.98,5.18,5.27,4.95,5.09,5.31,5.26,4.98,5.29,4.95,5.32
COL6A1,3.64,3.87,3.81,4.19,4.69,4.1,4.4,3.91,3.94,4.01,3.7,3.81,3.86,4.2,3.83,4.36,4.01,4.05,3.82,3.71,3.91,3.64,3.71,4.29,3.91,3.94,3.75,4,3.86,5.09,5.54,4.82,3.94,3.76,3.93,4.27,3.72,3.74,4.43,3.95,3.59,4.04,3.8,4.81,4.03,3.92,3.93,4.13,3.89,4.47
COL6A1,4.04,4.19,4.02,3.98,3.95,3.86,4.39,3.83,4.11,4.1,3.79,4.27,3.87,4.99,4.02,4.04,3.99,4.13,4.15,4.27,4.45,3.89,3.99,3.99,4.12,3.67,3.63,3.99,3.92,3.79,6.49,3.9,4.01,4.04,4,4,3.81,3.9,3.53,4.2,3.77,4.04,4.18,4.73,3.93,4.29,4.2,3.79,3.89,4.55
COL6A1,5.65,5.79,5.53,5.58,5.62,5.65,5.35,5.37,5.57,5.5,5.97,5.7,5.63,5.74,5.5,5.48,5.66,5.42,5.64,5.46,5.63,5.61,5.92,5.67,5.73,5.41,5.56,5.65,5.96,5.8,5.27,5.54,5.55,5.72,5.49,5.65,5.59,5.63,5.32,5.69,5.61,5.82,5.75,5.33,5.32,5.58,5.27,5.54,5.52,6.01
COL6A2,4.43,4.3,4.25,4.22,4.45,4.45,4.82,4.46,4.42,4.29,4.69,4.36,4.19,4.66,4.53,4.55,4.42,4.65,4.29,4.49,4.13,4.46,4.28,4.36,4.33,4.24,4.56,4.68,4.45,5.26,6.61,4.18,4.6,4.51,4.51,4.44,4.64,4.43,4.93,4.49,4.28,4.78,4.57,4.43,4.69,4.56,4.31,4.6,4.41,4.28
COL6A2,5.45,5.33,5.38,5.1,5.69,5.14,5.29,5.07,5.18,5.19,5.2,5.31,5.27,5.72,5.33,5.43,5.11,5.31,5.14,5.29,5.24,5.35,5.19,5.31,5.24,4.92,5.01,5.44,5.28,5.01,6.22,4.16,5.2,5.38,5.53,5.02,5.2,5.39,5.99,5.06,5.36,5.94,5.59,5.66,5.33,5.74,5.5,5.21,5.26,5.72
COL6A2,4.62,4.74,4.4,4.49,5.08,5.04,5.48,4.6,4.52,4.86,4.49,4.61,4.52,4.94,4.51,4.64,4.5,4.91,4.71,4.51,4.23,4.53,4.64,4.72,4.95,4.52,4.65,4.81,4.51,4.37,6.26,4.83,5.03,4.52,5.28,4.93,5.11,4.82,6.04,4.75,4.38,5.03,4.95,5.68,5.08,4.48,4.71,4.42,4.53,4.81
COL6A2,4.92,4.79,5.17,4.83,5.15,5.01,5.59,4.96,4.57,4.76,4.79,5.15,4.6,5.71,5.04,5.32,5.18,4.87,4.62,5.52,5.19,5,4.75,4.98,4.95,5.06,5,4.96,5.13,4.93,4.37,4.92,4.8,5.11,4.73,5.58,5.25,4.61,5.47,5.02,5.35,5.58,5.68,5.52,5.33,5.08,4.93,5.1,4.69,5.21
COL6A3,4.54,4.7,4.44,4.22,4.41,3.67,3.83,4.25,4.43,4.23,4.23,4.67,4.65,4.57,4.14,4.26,4.16,4.24,4.14,4.26,4.36,4.61,4.39,4.29,4.26,4.16,4.25,4.35,4.38,4.85,4.15,4.75,4.07,4.24,4.18,4.31,3.91,3.93,3.75,3.93,4.18,4.08,4.07,4.73,4.1,3.9,4.04,4.38,4.08,4.8
COL6A3,4.04,4.3,4.1,4.11,3.88,4.13,4.15,3.97,4.42,3.85,4.18,4.29,4.24,4.36,4.08,3.64,3.82,4.03,3.94,3.91,4.14,4.11,4.39,3.94,4.39,3.9,3.93,4.12,4.27,4.55,3.86,3.9,3.79,3.89,4.12,4.03,3.95,3.81,4.03,3.82,4.03,4.2,3.53,4.48,3.77,3.65,3.94,3.89,4.02,4.48
COL6A3,4.27,3.95,3.98,4.1,4.61,4.16,4.08,4.01,4.08,4.2,4.02,4.11,4.04,4.61,4.25,4.12,3.91,4.3,3.96,3.98,4.57,4.14,4.1,4.11,4.3,4.1,3.99,4.06,4.29,4.53,7.04,4.7,4.12,3.98,4.22,3.88,4.03,4.15,4.42,3.97,3.9,3.89,4.39,4.52,4.61,3.98,3.97,4.14,4.4,4.2
COL6A6,4.03,4.37,4.37,4.52,4.61,4.3,5.04,4.26,4.48,4.38,4.32,4.26,4.23,4.97,4.32,4.37,4.3,4.21,4.38,4.2,4.65,4.71,4.58,4.52,4.51,4.37,4.33,4.25,4.41,5.03,4.79,5.75,4.31,4.47,4.2,4.13,4.53,4.23,5.27,4.16,4.27,4.48,4.48,5.15,4.41,4.34,4.01,4.51,4.35,5.14
COL7A1,6.66,6.3,6.57,6.75,7.03,7.06,5.76,7.03,6.65,6.94,6.93,6.92,6.7,6.17,7.51,7.24,6.99,6.83,6.76,6.67,7.16,7.3,7.33,7.58,7.6,7.51,6.78,6.64,6.93,7.16,6.75,6.84,7.61,7.95,7.64,7.47,7.7,7.51,5.98,7.14,7.44,7.49,7.66,6.28,7.07,7.1,7.43,6.98,7.22,7.11
COL8A1,4.19,4.27,4.25,4.34,4.78,4.33,4.97,4.86,4.33,4.38,4.44,4.37,4.31,5.67,4.19,4.61,4.46,4.35,4.41,4.4,4.78,4.44,4.18,4.29,4.37,4.33,4.51,4.31,4.62,4.74,6.32,5.85,4.15,4.39,4.32,4.61,4.24,4.64,4.42,4.62,4.67,4.93,4.25,5.05,4.41,5.02,4.62,4.23,4.23,5.22
COL8A1,3.21,3.52,3.51,3.52,3.88,3.38,4.59,3.55,3.48,3.49,3.54,3.4,3.3,4.54,3.47,3.54,3.63,3.25,3.54,3.52,3.34,3.49,3.67,3.38,3.43,3.19,3.37,3.39,3.58,4.95,5.62,4.4,3.47,3.46,3.38,3.44,3.98,3.73,4.24,3.42,3.45,3.42,3.75,5.61,4.02,3.96,3.44,3.46,3.4,3.96
COL8A1,3.84,3.94,3.94,4.09,3.86,3.89,3.98,3.68,3.98,3.94,4.14,3.97,3.79,5.85,4.06,3.98,4,3.91,3.74,3.81,3.91,3.85,3.98,3.77,3.66,3.93,3.94,3.77,4.29,4.59,6.44,5.62,4.05,3.8,3.82,3.68,4.24,3.98,4.56,3.84,3.81,4.08,3.83,6.58,4.32,3.63,3.98,3.78,3.77,4.45
COL8A2,4.03,4.22,3.9,3.89,3.94,3.86,4.2,4.17,4,4.23,4.33,4.27,3.91,5.18,3.79,4.14,3.86,4.08,4.01,4.11,4.16,3.77,4.04,4.02,3.96,4.04,3.99,4.06,3.72,3.96,5.35,5.19,4.08,4.03,3.97,3.98,3.89,3.88,4.63,4.01,3.9,3.94,4.16,4.94,3.77,3.91,4.06,4.03,3.63,4.37
COL8A2,4.82,4.69,4.62,4.6,5.43,4.73,4.64,4.48,4.73,4.62,4.52,4.68,4.76,5.1,4.47,4.85,4.51,5,4.53,4.78,4.9,5.02,4.65,4.68,4.05,4.66,4.58,4.78,4.59,5,5,4.49,4.61,4.51,4.72,4.62,5.02,4.58,4.65,4.39,4.67,4.65,4.78,5.23,4.58,4.73,4.48,4.59,4.38,5.58
COL9A1,4.1,4.06,4.09,3.95,4.05,4.09,3.73,3.93,3.98,4.13,4.73,4.15,4.17,5.19,4.39,4.22,4.19,4.3,4.2,3.98,4,4.02,4.07,4.13,4.18,3.81,3.93,3.92,4.12,4.61,6.13,5.12,4.04,4.25,4.18,4.12,3.92,4.19,4.37,4.01,3.88,4.09,3.77,3.92,4.11,4.06,3.82,4.05,4.16,5.59
COL9A1,4.36,4.26,4.48,4.42,4.73,4.43,4.71,5.06,4.15,4.34,4.91,4.68,4.18,4.67,4.55,4.65,4.48,4.18,4.33,4.68,4.68,4.55,4.52,4.53,4.52,4.38,4.38,4.61,4.59,5.18,5.44,5.14,4.36,4.23,4.54,4.44,4.46,4.49,4.7,4.98,4.09,4.6,5.09,5.45,4.21,4.63,4.8,4.82,4.18,5.4
COL9A1,4.05,3.97,4.21,4.33,4.13,3.88,4.17,4.11,4.14,4.24,4.54,4.35,4.3,4.51,4.37,4.25,4.2,4.65,4.19,4.18,4.25,4.25,4.36,4.14,4.13,4.11,4.24,4.02,4.3,4.25,4.53,4.42,4.24,4.34,4.1,4.32,4.23,4.13,4.32,3.89,4.19,4.19,4.03,4.37,4.08,4.02,4.39,4.13,4.36,5.67
COL9A1,3.6,3.67,4.02,3.6,3.61,3.65,3.9,3.68,3.57,3.77,3.82,3.8,3.68,3.72,3.61,3.67,3.56,3.51,3.63,3.56,3.59,3.49,3.78,3.72,3.59,3.37,3.79,3.84,3.47,4.13,3.57,4.19,3.55,3.75,3.82,3.54,3.75,3.54,3.67,3.66,3.64,3.89,3.62,4.1,3.71,3.26,3.72,3.62,3.8,4.16
COL9A2,7.1,6.92,7.2,7.36,7.52,7.2,7.01,7.42,7.15,7.11,6.75,7.07,6.96,7.43,7.32,7.42,7.06,7.11,7.2,7.43,7.48,7.47,7.33,7.59,7.42,7.4,6.98,7.04,7.32,8.04,7.32,7.64,7.27,7.08,7.16,7.05,7.33,7.46,7.89,7.15,7.33,7.57,7.26,7.28,7.13,7.41,7.48,7.31,7.34,7.7
COL9A3,3.55,3.34,3.57,3.52,3.45,3.87,3.36,3.97,3.35,3.55,3.43,3.42,3.38,4.1,3.4,3.3,3.63,3.43,3.43,3.58,3.54,3.56,3.4,3.56,3.44,3.53,3.49,3.37,3.22,4.31,5.13,3.96,3.6,3.78,3.46,3.45,3.65,3.43,3.17,3.67,3.27,3.54,3.47,4.87,4.05,3.28,3.68,3.5,3.45,3.55
COLEC10,4.26,4.42,4.49,4.47,4.68,4.36,4.62,4.11,4.39,4.11,4.67,4.4,4.22,5.83,4.45,4.65,4.3,4.5,4.66,4.41,4.09,4.6,4.56,4.42,4.06,4.88,4.17,4.31,4.77,5.26,4.59,5.21,4.08,4.25,4.55,4.25,3.98,4.4,4.29,4.26,4.05,4.4,4.76,5.83,4.13,4.29,4.42,4.21,4.31,6.1
COLEC11,3.87,3.86,3.93,3.35,4.01,4.57,3.66,4.1,3.73,3.74,3.86,3.97,3.63,3.96,3.92,3.6,3.84,3.64,3.58,3.7,3.49,3.65,3.85,3.5,3.95,3.76,3.85,3.86,3.73,3.96,4.94,3.88,3.65,3.59,3.79,3.71,3.75,4.02,3.6,4.15,4.27,3.8,3.8,4.36,4,3.88,3.43,3.84,3.95,4.32
COLEC12,4.59,5.05,4.78,4.86,4.64,4.58,4.31,4.6,4.76,4.84,4.69,5.04,4.75,4.93,4.78,4.95,4.88,4.98,4.67,4.66,4.91,4.47,4.7,4.63,4.55,4.43,4.62,4.98,4.89,4.64,5.74,4.8,4.73,4.76,4.99,4.91,4.81,5.01,5.17,4.65,4.63,5.03,4.65,4.9,4.75,4.59,4.51,4.68,4.61,6.23
COLQ,5.95,5.78,5.71,6.31,6.28,6.21,5.65,6.31,5.94,6.23,6.19,6.4,6.01,6.1,5.83,6.4,6.06,6.09,6.08,5.9,5.92,5.81,6.26,6,6.41,6.15,5.88,6.12,6.39,6.73,5.54,6.93,5.91,5.91,5.72,5.97,5.94,5.95,6.41,6.2,6.01,6.6,6.57,7.05,6.2,6.65,6.2,6.31,6.12,6.56
COLQ,4.93,4.52,4.58,4.39,4.88,4.93,5.26,4.36,4.99,4.71,4.39,4.72,4.63,4.93,4.77,4.55,4.51,4.53,4.8,4.46,4.58,4.52,4.78,4.62,4.68,4.73,4.62,4.84,4.92,5.26,5.18,4.63,4.67,4.32,4.35,4.53,4.38,4.41,4.45,4.84,4.89,4.33,4.91,4,4.33,5.5,4.9,4.54,4.34,5.3
COMMD1,10.24,10.41,10.37,10.26,10.3,10.34,10.32,10.24,10.35,10.29,10.21,10.35,10.46,8.67,10.15,10.32,10.31,10.37,10.45,10.26,10.73,10.47,10.37,10.41,10.39,10.6,10.35,10.24,10.3,10.22,7.85,9,10.34,10.35,10.14,10.29,10.49,10.39,10.39,10.38,10.53,10.26,10.53,8.4,10.33,9.98,10,10.36,10.42,8.44
COMMD10,9.7,9.71,9.58,9.71,9.4,9.4,9.59,9.64,9.67,9.75,9.63,9.95,9.79,8.84,9.52,9.54,9.4,9.77,9.7,9.86,9.64,9.67,9.67,9.61,9.79,9.64,9.57,9.78,9.55,8.57,6.69,8.16,9.21,9.32,9.24,9.63,9.26,9.62,9.33,9.7,9.47,9.45,9.24,8.63,9.49,9.36,9.56,9.75,9.52,8.25
COMMD10,7.44,7.8,7.14,7.41,6.89,7.19,6.41,6.74,7.74,7.33,7.67,7.52,7.86,7.66,7.2,6.68,7.29,7.47,7.38,7.42,7.3,7.32,7.81,7.37,7.29,7.32,7.5,7.38,7.47,6.17,4.53,5.81,6.83,6.69,6.81,7.22,7.25,7.2,6.34,7.54,7.45,6.87,7.08,6.83,7.47,7.1,6.99,7.29,7.48,6.4
COMMD10,4.51,4.93,4.46,4.48,4.38,4.58,4.4,4.16,4.41,4.88,4.7,4.55,4.93,4.46,4.25,4.58,4.49,4.77,4.5,4.95,4.77,4.64,4.65,4.36,4.44,4.28,4.57,4.56,4.68,4.34,4.85,5.17,4.39,4.33,4.31,4.01,4.28,4.05,4.23,4.17,4.28,4.12,4.16,4.35,4.08,4.28,4.15,4.71,4.32,4.29
COMMD2,9.37,9.59,9.48,9.45,9.57,9.74,9.59,9.67,9.44,9.44,9.5,9.58,9.36,9.8,9.7,9.71,9.67,9.66,9.53,9.6,9.68,9.68,9.67,9.53,9.68,9.69,9.49,9.49,9.48,9.44,10.4,9.96,9.66,9.68,9.65,9.76,9.93,9.6,9.71,9.58,9.65,9.5,9.48,9.91,9.56,9.57,9.43,9.57,9.47,10.12
COMMD2,9.74,10.06,9.74,9.79,9.6,9.86,9.64,9.72,9.97,9.78,10.13,9.93,9.91,10.13,10.2,10.04,10,9.93,9.98,9.98,9.89,10.04,10.16,9.98,10.08,9.97,9.79,9.87,9.82,9.82,8.46,9.8,10.06,10.04,9.88,10.19,10.1,10,9.83,9.98,10,9.61,9.96,9.61,9.78,9.53,9.72,9.86,9.94,9.06
COMMD2,7.62,7.48,7.64,7.52,7.29,7.19,7.23,7.43,7.75,7.74,7.37,7.63,7.54,5.09,7.81,7.88,7.91,7.93,7.78,7.75,7.96,7.76,7.44,7.72,7.66,7.91,7.5,7.54,7.36,5.12,5.93,7.58,7.76,7.74,7.63,7.79,7.79,7.71,7.67,7.47,7.51,7.34,7.13,6.82,7.73,7.14,7.45,7.48,7.39,7
COMMD3,11.61,11.6,11.7,11.66,11.83,11.8,11.82,11.59,11.6,11.62,11.57,11.65,11.67,11.34,11.52,11.61,11.61,11.98,11.89,11.77,11.71,11.61,11.52,11.56,11.53,11.61,11.69,11.57,11.72,11.91,10.58,11.6,11.44,11.38,11.32,11.54,11.77,11.57,11.92,11.69,11.73,11.65,11.77,11.05,11.86,11.83,11.72,11.67,11.56,10.94
COMMD3,10.98,11.03,11.04,10.99,11.01,10.97,11.01,10.89,10.99,11.05,10.8,11,11.19,9.78,10.9,10.95,10.96,11.23,11.26,11.1,10.99,10.94,10.88,10.86,10.89,11.03,10.93,10.93,10.96,11.09,8.99,10.47,10.68,10.6,10.56,10.83,10.96,10.97,11.21,10.92,10.99,10.95,11.04,9.6,11.21,11.12,11.01,10.99,11.05,10.03
COMMD3,4.11,3.96,4.04,4.06,4,3.9,5.25,4.11,4.12,4.22,4.39,4.08,4.22,4.03,4.11,4.39,4.35,4.21,3.9,4.41,4.15,4.12,4.35,4.19,4.35,4.09,4.03,4.19,3.89,4.42,6.01,4.76,4.21,3.8,3.98,4.25,4,4.21,5.23,4.44,4.03,4.33,4.47,4.21,4.64,3.9,5.35,4.04,3.91,5.79
COMMD4,9.71,9.71,9.93,9.86,10,10.07,9.61,9.84,9.8,9.84,9.65,9.63,9.61,7.05,9.75,9.7,9.72,10.01,10.05,9.9,9.53,9.46,9.48,9.7,9.58,9.51,9.84,9.82,9.89,8.77,6.17,8.51,9.74,9.7,9.73,9.79,9.88,9.93,9.55,9.88,9.93,9.76,9.87,8.13,9.78,9.79,9.7,9.64,9.61,7.16
COMMD4,5.82,5.97,6.03,5.98,6.17,6.46,6.96,6.25,5.89,6.17,6.08,5.75,6,6.41,6.2,6.01,5.91,6.09,6.16,6.27,5.99,5.96,5.94,6.41,6.18,5.95,6.01,6.18,6.2,6.36,7.23,6.45,6.26,6.23,6.13,6.27,6.11,5.94,6.91,6.39,6.32,6.26,6.26,6.72,6.43,6.46,6.58,6.43,6.01,6.33
COMMD4 /// LOC440292 /// LOC646670,10.39,10.22,10.48,10.46,10.39,10.4,10.28,10.44,10.47,10.37,10.12,10.22,10.36,8.37,10.15,10.27,10.36,10.52,10.57,10.49,10.17,10.03,10.08,10.09,10.01,10.08,10.44,10.39,10.47,9.54,7.04,7.66,10.26,10.24,10.25,10.23,10.33,10.45,9.87,10.27,10.39,10.36,10.29,7.46,10.31,10.09,10.05,10.41,10.32,9.06
COMMD5,8.61,8.56,8.58,8.74,8.77,8.88,7.59,8.34,8.86,8.78,8.95,8.7,8.5,8,8.66,8.44,8.61,8.68,8.66,8.58,8.34,8.62,8.78,8.69,8.78,8.57,8.81,8.85,8.82,7.78,7.07,7.67,8.35,8.53,8.59,8.75,8.68,8.68,8.28,8.74,8.61,8.92,8.73,8.53,8.73,8.45,8.82,8.59,8.83,8
COMMD5,8.98,8.83,9.01,8.87,9.35,9.26,9.2,9.28,8.86,9.1,8.72,8.9,8.87,8.03,8.76,8.87,8.82,8.96,8.93,8.96,8.92,8.82,8.72,8.84,8.83,8.84,9.06,8.97,8.87,8.79,8.95,9.47,8.84,8.85,8.76,8.85,9.05,9.15,9.11,9.06,9.01,9.02,9.17,8.73,9.19,9.41,8.98,9.15,8.93,7.49
COMMD6,10.98,11.14,10.97,11.02,10.88,10.98,10.98,10.93,11.09,10.99,11.02,11.09,11.17,9.67,10.81,10.91,10.87,10.92,11.02,10.93,11.11,11.08,11.28,11,11.02,11.11,10.98,10.97,11.05,11.43,8.87,10.43,10.7,10.64,10.58,10.93,11.01,11.03,11.14,11.11,11.14,11.29,11.22,10.52,11.38,11.32,11.27,11.06,10.98,9.78
COMMD6,11.04,11.18,11.06,11.07,10.99,11.02,10.87,11.03,11.23,11.1,11.13,11.17,11.23,10.5,10.92,10.92,10.92,11.02,11.06,11.02,11.34,11.19,11.32,11.09,11.17,11.2,11.11,11,11.15,11.26,10.32,10.7,10.74,10.75,10.74,11.1,11.24,11.19,11.16,11.21,11.27,11.41,11.43,10.69,11.47,11.37,11.32,11.2,11.16,10.7
COMMD6,4.16,4.55,4.4,4.49,4.36,4.44,3.78,4.51,4.57,4.34,4.5,4.29,4.54,4.18,4.24,4.25,4.15,4.01,4.29,4.08,4.46,4.36,4.54,4.55,4.59,4.16,4.33,4.31,4.45,4.5,5.9,4.57,4.31,4.45,4.07,4.34,4.67,4.23,3.81,4.32,4.25,4.75,4.25,4.21,4.57,4.14,5.23,4.31,4.61,4.22
COMMD6,11.2,11.34,11.21,11.17,11.1,11.16,11.11,11.22,11.25,11.23,11.17,11.3,11.52,10.29,11.01,11.06,11.07,11.13,11.16,11.25,11.46,11.3,11.5,11.14,11.24,11.28,11.19,11.15,11.2,11.3,9.49,10.26,10.94,10.92,10.83,11.09,11.18,11.16,11.21,11.28,11.36,11.54,11.52,10.76,11.57,11.5,11.48,11.24,11.29,9.91
COMMD6,10.69,10.9,10.76,10.7,10.63,10.74,10.73,10.68,10.82,10.69,10.78,10.76,10.99,9.82,10.5,10.66,10.62,10.64,10.67,10.72,10.93,10.84,10.96,10.63,10.61,10.8,10.75,10.64,10.81,11.11,8.41,9.73,10.4,10.41,10.36,10.64,10.78,10.65,10.8,10.83,10.93,10.97,11.13,10.43,11.15,11.1,10.96,10.8,10.78,9.37
COMMD7,9.95,10.01,10.09,10.02,10.26,10.1,9.78,10.19,9.95,9.99,9.93,10.23,10.02,8.82,10.24,10.18,10.18,10.1,10.05,9.92,10.27,10.21,10.24,10.3,10.32,10.23,10.12,10.01,9.96,9.61,7.11,9.29,10.04,10.08,10.08,10.22,10.04,10.15,10.17,10.29,10.1,10.16,10.2,8.7,9.87,9.93,9.95,10.16,10.1,8.7
COMMD8,9.77,10.21,9.69,9.88,9.58,9.83,9.6,9.53,9.98,9.81,10.02,9.96,10.05,9.62,9.57,9.54,9.67,9.93,9.95,9.85,9.84,9.76,10.08,9.47,9.69,9.66,9.75,9.91,9.84,9.36,8.46,9.28,9.27,9.15,9.2,9.7,9.3,9.44,9.65,9.88,9.84,9.55,9.73,9.29,9.95,9.95,9.91,9.99,9.89,8.95
COMMD9,4.39,4.34,4.58,4.4,4.57,3.91,4.22,4.29,4.4,4.56,4.31,4.37,4.3,4.47,4.73,4.22,4.95,4.53,4.59,4.58,4.52,4.61,4.5,4.58,4.94,4.66,4.96,4.6,4.41,6.23,4.47,5.01,3.97,4.17,4.55,4.61,4.08,4.62,5.28,4.54,4.55,5.02,4.42,4.49,4.77,4.38,5.12,4.55,5,5.39
COMMD9,9.87,9.75,9.9,9.88,9.97,10,9.94,9.85,9.79,9.73,9.84,9.78,9.63,8.9,9.67,9.63,9.68,9.85,9.86,9.74,9.89,9.75,9.84,9.81,9.84,9.85,9.91,9.71,9.9,9.52,9.54,8.89,9.56,9.55,9.41,9.63,9.89,9.73,10.05,10.02,9.9,9.81,10.06,9.11,9.99,10.07,9.79,9.84,9.85,8.98
COMMD9,6.1,5.89,6.22,5.91,5.83,6.03,5.81,6.02,6.11,6.12,6.08,6.04,6.1,6.67,6.03,5.94,5.74,6.24,5.63,5.85,5.9,5.92,5.85,5.79,5.81,5.57,6.19,5.9,5.76,5.2,5.97,6.97,5.74,5.81,6.01,6.05,5.98,5.74,5.6,5.54,5.56,5.99,5.65,6.22,5.84,5.23,5.88,5.71,5.98,7.02
COMMD9,7.65,7.22,7.69,7.41,7.33,7.34,7.19,7.62,7.54,7.57,7.04,7.49,7.4,5.69,7.41,7.28,7.36,7.6,7.56,7.6,7.77,7.48,7.27,7.4,7.47,7.69,7.51,7.59,7.3,5.7,6.7,6.87,7.35,7.13,7.25,7.46,7.5,7.61,7.58,7.64,7.59,7.44,7.35,5.66,7.57,7.45,7.34,7.75,7.51,4.3
COMMD9,4.23,5.09,3.84,3.92,3.92,4.11,4.74,4.02,4.52,4.36,3.95,4.75,4.47,4.38,4.25,3.94,4.58,4.44,3.96,4.28,4.46,4.56,4.27,4.53,4.77,4.14,4.55,4.21,4.18,5.84,5.02,4.87,4.3,4.1,4.44,4.03,3.93,4.31,4.08,3.71,4.01,4.5,4.13,5.93,3.93,4.01,4.37,4.07,4.58,4.58
COMP,4.59,4.58,4.92,4.68,5.46,4.89,5.19,5.4,4.91,4.78,4.9,4.78,4.74,5.56,4.85,4.89,4.63,5.08,4.5,4.87,4.81,4.92,4.67,4.56,5,4.82,4.86,4.75,5.06,4.45,5.76,5.68,4.66,4.83,5.09,4.9,4.89,5.02,5.02,4.96,4.92,5.06,4.82,5.94,4.7,5.56,5.27,4.82,4.88,5.56
COMT,4.65,4.32,4.55,4.71,4.68,5.33,4.37,5.24,4.59,4.47,4.76,4.29,4.25,4.76,4.38,4.43,4.24,4.69,4.78,4.64,4.37,4.46,4.42,4.84,5.13,4.46,4.4,4.52,4.76,5.78,5.08,5.12,4.3,4.55,4.51,4.59,4.87,4.65,4.65,4.49,4.79,4.91,5.19,5.62,4.25,4.78,5,4.69,4.87,5.07
COMT,10.96,11.09,11.09,11.07,11.18,11.09,11.02,10.97,11.23,10.99,11.06,11.08,11.17,10.92,11.05,10.92,11.09,11.16,11.1,11.09,11.19,11.09,11.28,11.03,11.02,11.11,11.16,11.09,11.18,11.35,10.29,10.75,10.91,10.92,10.84,10.99,11.17,10.96,11.09,11.13,11.08,11.19,11.35,10.87,11.08,11.03,10.96,11.1,11.06,9.96
COMT,9.55,9.56,9.68,9.7,9.92,9.78,9.62,9.76,9.6,9.61,9.57,9.61,9.69,8.95,9.58,9.56,9.71,9.9,9.84,9.75,9.91,9.66,9.69,9.74,9.67,9.79,9.8,9.61,9.71,9.46,9.22,9.05,9.54,9.42,9.45,9.64,9.8,9.69,9.89,9.83,9.87,9.88,9.96,8.69,9.76,9.78,9.57,9.76,9.65,8.59
COMT,8.35,8.14,8.32,8.27,8.39,8.26,8.16,8.41,8.38,8.46,8.01,8.38,8.28,6.95,8.29,8.3,8.19,8.5,8.47,8.48,8.26,8.4,8.16,8.35,8.3,8.4,8.4,8.46,8.22,5.39,6,6.38,8.17,8.06,8.15,8.22,8.37,8.5,7.84,8.29,8.32,8.34,8.14,6.91,8.32,8.2,8.09,8.34,8.17,7.43
COMTD1,6.5,6.34,6.63,6.64,6.94,7.23,6.58,6.96,6.43,6.55,6.25,6.19,6.23,6.37,6.86,7.05,7.04,6.83,6.94,7.03,6.61,6.34,6.41,6.82,6.79,6.83,6.64,6.5,6.86,6.4,5.62,5.35,6.92,6.85,6.75,7.1,7,7.13,5.95,6.8,6.5,6.98,6.87,6.91,6.57,6.87,6.69,6.55,6.63,5.13
COMTD1,6.88,6.5,7.24,7.05,7.5,7.02,6.59,7.14,6.98,6.94,6.74,6.58,6.52,6.68,7.53,7.59,7.65,7.45,7.36,7.23,6.96,6.74,6.88,7.13,7.17,7.4,7.18,6.92,7.43,7.35,7.05,6.04,7.13,7.38,7.34,7.48,7.96,7.62,6.28,7.17,7.06,7.15,7.27,5.92,7.29,7.45,6.92,6.93,7.38,5.1
COPA,6.42,6.65,6.2,6.48,6.58,5.98,5.93,6.34,6.4,6.47,6.99,6.5,6.49,6.16,6.62,6.34,6.55,6.3,6.4,6.43,6.64,6.61,7.12,6.76,6.5,6.48,6.57,6.26,6.32,5.56,5.86,6.42,6.13,6.17,6.18,6.44,6.72,6.36,6.37,6.87,6.49,6.3,6.4,5.5,6.12,6.17,6.25,6.88,6.73,6.1
COPA,10.39,10.36,10.42,10.33,10.34,10.45,10.5,10.64,10.35,10.63,10.37,10.37,10.3,9.69,10.57,10.71,10.47,10.49,10.45,10.35,10.71,10.79,10.52,10.64,10.68,10.63,10.49,10.61,10.42,9.76,9.25,8.67,10.48,10.52,10.54,10.61,10.53,10.5,10.26,10.66,10.6,10.64,10.38,9.78,10.43,10.5,10.52,10.52,10.48,10.1
COPB1,11.17,11.25,11.14,11.24,11.27,11.15,10.71,11.12,11.25,11.2,11.37,11.29,11.26,11.01,11.24,11.17,11.15,11.2,11.2,11.22,11.35,11.39,11.37,11.24,11.29,11.24,11.15,11.18,11.22,10.91,10.64,11.04,11.17,11.23,11.27,11.16,11.1,11.04,11.12,11.21,11.29,11.25,11.23,11.37,11.2,11.09,11.14,11.2,11.25,10.98
COPB1,6.63,6.65,7.01,6.85,7.05,7.01,7.95,7.28,6.65,6.87,7.3,6.75,6.61,6.78,6.86,7.14,6.81,6.46,6.43,6.38,7.24,7.04,7.27,6.96,7.13,7.04,7.2,6.96,7.35,7.23,8.01,7.11,6.51,6.64,6.64,6.79,6.67,6.58,6.99,6.85,7.16,7.5,7.39,6.77,6.97,7.08,7,6.7,7.2,6.25
COPB2,9.34,9.27,9.28,9.39,8.98,8.89,8.93,9.19,9.41,9.39,9.08,9.46,9.54,6.92,9.15,9.07,9.2,9.26,9.29,9.22,9.5,9.41,9.06,9.2,9.23,9.28,9.31,9.31,8.94,7.95,5.55,7.29,9.21,9.28,9.12,9.04,8.99,9.22,8.39,9.31,9.13,8.8,8.73,6.35,9.19,9.27,9.06,9.33,9.26,7.31
COPB2,7.94,6.75,7.45,7.78,6.25,6.25,7.42,7.06,7.61,7.52,6.57,7.91,7.56,6.22,7.78,7.17,7.55,7.71,7.74,7.95,7.53,7.28,6.47,7.77,7.41,7.85,7.47,7.58,6.5,4.22,5.73,5.54,8.14,7.76,7.69,7.27,6.46,7.58,6.11,7.25,6.63,6.23,6.19,6.81,6.75,6.09,6.85,7.4,7.11,6.93
COPE,10.23,10.24,10.3,10.21,10.26,10.27,10.31,10.43,10.14,10.12,9.92,10.27,10.23,7.08,10.03,10.18,10.14,10.47,10.38,10.4,10.34,10,10.12,10.22,10.18,10.27,10.27,10.04,10.19,9.92,8.26,6.56,10.22,10.17,10.02,10.23,10.28,10.25,10.47,10.38,10.24,10.03,10.06,7.32,10.21,10.09,10.09,10.33,10.15,7.67
COPE,10.04,9.99,10.16,10.07,10.02,10.07,9.92,10.1,9.98,9.92,9.72,10.07,10.05,8.01,9.94,9.94,9.96,10.32,10.29,10.23,10.12,9.9,9.98,10.1,9.98,10.1,10.01,9.97,10.01,9.82,6.58,9.06,10.07,9.95,9.85,9.98,10.05,10.09,10.3,10.06,10.08,9.87,9.84,8.18,9.99,9.98,9.75,10.09,10,8.33
COPE,10.71,10.82,10.76,10.57,10.41,10.6,10.51,10.84,10.77,10.59,10.37,10.67,10.68,8.75,10.54,10.49,10.54,10.83,10.72,10.79,10.73,10.62,10.59,10.64,10.68,10.71,10.63,10.51,10.48,10.02,8.1,9.45,10.44,10.56,10.4,10.57,10.64,10.68,10.49,10.63,10.62,10.46,10.48,9.35,10.57,10.51,10.43,10.63,10.74,9.3
COPE,10.76,10.76,10.73,10.67,10.66,10.7,10.75,10.71,10.59,10.65,10.32,10.72,10.73,8.79,10.55,10.56,10.58,10.89,10.84,10.85,10.78,10.59,10.65,10.73,10.65,10.71,10.69,10.64,10.69,10.33,7.73,8.54,10.56,10.58,10.45,10.61,10.71,10.69,10.68,10.69,10.63,10.54,10.58,7.87,10.72,10.58,10.33,10.65,10.65,7.49
COPE,5.35,5.31,5.63,5.84,6.07,5.89,5.21,6.34,5.61,5.62,5.77,5.09,5.22,6.34,6.01,5.99,5.72,5.57,5.81,5.94,5.57,5.42,5.75,5.84,5.69,5.57,5.5,5.69,5.51,5.32,6.18,5.37,5.11,5.16,5.76,6.08,5.62,5.6,5.92,5.69,6.01,6.2,6.14,6.08,5.93,6.27,6.05,5.99,5.59,7.03
COPE /// HOMER3,6.82,6.55,6.96,6.89,6.51,6.74,6.67,6.81,6.8,6.88,6.42,6.78,6.87,5.55,6.94,6.79,6.87,7.01,6.8,7.01,6.78,6.79,6.69,6.81,6.91,7.06,6.96,6.88,6.73,4.59,6.63,5.71,6.78,6.83,6.84,6.88,6.9,7,6.45,7.02,6.86,6.57,7.41,6.18,6.7,6.65,6.75,7.3,6.83,5.76
COPG,8.92,8.8,9.17,8.92,9.17,9.22,9.2,9.12,8.85,8.94,8.93,8.86,8.85,7.28,8.9,8.73,8.9,9.23,9.22,8.91,9.1,8.85,9.04,8.69,8.81,8.86,9.06,8.67,8.88,8.39,7.16,6.69,8.96,8.86,8.87,8.86,8.95,8.87,9.25,8.95,9.07,8.63,8.84,7.89,9.14,9,9,9.03,9.22,7.59
COPG2,7.87,7.37,7.84,7.69,7.44,7.35,7.38,7.77,7.85,7.89,7.21,7.57,7.59,4.77,7.21,7.4,7.49,7.58,7.79,7.85,7.49,7.58,7.17,7.38,7.37,7.61,7.73,7.94,7.3,6.13,5.98,5.13,7.02,7.29,7.11,7.51,7.38,7.29,6.23,7.53,7.84,8.03,7.85,4.39,7.84,7.72,7.79,7.55,7.78,4.55
COPG2,7.72,7.29,7.5,7.5,6.78,6.79,6.73,7.38,7.4,7.71,6.88,7.59,7.39,7.35,7.21,7.3,7.2,7.24,7.47,7.64,7.47,7.49,6.92,7.4,7.28,7.4,7.34,7.82,6.89,6.5,5.11,6.18,7.23,7.27,7.21,7.15,6.93,7.19,5.73,7.32,7.1,7.52,6.91,5.71,7.33,6.91,7.58,7.34,7.05,6.63
COPS2,10.52,10.49,10.32,10.41,10.21,10.22,10.2,10.43,10.54,10.48,10.33,10.45,10.67,9.27,10.36,10.42,10.49,10.47,10.45,10.44,10.53,10.39,10.3,10.26,10.18,10.42,10.37,10.42,10.29,10.19,6.7,7.12,10.5,10.5,10.31,10.25,10.33,10.3,10.25,10.21,10.26,10.17,10.1,8.06,10.37,10.14,10.31,10.44,10.56,7.86
COPS2,8.25,8.59,8.33,8.18,8.61,8.19,8.07,8.28,8.36,8.21,8.28,8.34,8.25,6.94,8.45,8.26,8.5,8.5,8.56,8.22,8.14,8.32,8.32,8.38,8.28,8.29,8.08,8.31,8.25,8.21,6.99,8.14,8.25,8.26,8.18,8.31,8.27,8.23,8.11,8.05,8.09,8.04,8.26,6.8,8.31,8.38,8.35,8.19,8.26,7.39
COPS2,6.02,6.43,5.76,6.05,5.8,5.84,5.11,5.43,6.15,5.92,6.45,5.98,6.13,6.46,6.1,5.92,6.2,5.9,5.98,6.18,5.95,5.86,6.29,5.87,6.02,6.02,6.06,5.96,5.91,4.95,5.21,5.94,5.69,5.87,5.75,6.03,6,6.08,5.25,5.78,5.86,5.95,5.9,5.92,5.85,5.78,5.98,5.96,6.09,5.88
COPS3,10.73,10.96,10.61,10.73,10.78,10.77,10.6,10.54,10.88,10.74,10.93,10.74,10.83,9.48,10.82,10.62,10.79,10.73,10.75,10.65,10.63,10.42,10.51,10.37,10.37,10.5,10.79,10.67,10.95,10.6,9.63,9.5,10.82,10.69,10.71,10.68,10.63,10.58,10.42,10.64,10.57,10.59,10.72,9.58,10.67,10.63,10.56,10.6,10.68,9.16
COPS4,9.16,9.29,9.16,9.09,8.9,9.16,8.81,9.01,9.33,9.17,8.98,9.2,9.4,8.26,9.03,9.15,9.18,9.32,9.45,9.37,9.27,9.17,9.11,9.04,8.95,9.2,9.19,8.95,8.85,9.16,6.54,7.28,9.05,9.02,9.01,8.99,8.89,9.03,8.62,9.19,9.16,8.92,8.87,7.51,9.18,9.01,9.02,9.23,9.13,7.77
COPS4,10.55,10.56,10.5,10.48,10.51,10.56,10.26,10.31,10.69,10.52,10.63,10.63,10.62,9.77,10.54,10.29,10.57,10.72,10.74,10.76,10.67,10.57,10.71,10.46,10.28,10.43,10.57,10.54,10.4,10.63,7.82,8.49,10.3,10.35,10.33,10.44,10.45,10.39,10.18,10.56,10.52,10.37,10.34,9.54,10.52,10.41,10.41,10.59,10.64,9.1
COPS5,9.28,9.17,9.07,9.06,8.71,9.03,8.65,8.85,9.63,9.29,9.21,9.2,9.61,8.02,9.16,9.02,9.26,9.3,9.33,9.39,9.31,9.16,9.33,8.9,9,9.17,9.09,9.04,9.38,8.73,6.28,7.01,9.02,9.07,8.91,9.01,9.12,9.21,8.6,9.18,9.08,8.92,9.07,7.74,9.08,9.04,8.81,9.16,9.58,7.94
COPS5,10.2,10.1,10.11,10.03,9.67,9.8,9.8,9.67,10.26,10.2,10.07,10.21,10.31,8.42,10.06,10.06,10.12,10.16,10.27,10.24,10.22,10.09,10.23,9.91,9.95,10.25,10.03,10.11,10.07,9.62,7.56,7.94,9.86,9.93,9.73,9.94,9.95,10.13,9.6,9.88,9.95,9.9,9.97,8.75,9.94,9.86,9.87,10.19,10.09,7.95
COPS6,10.57,10.58,10.68,10.62,10.58,10.58,10.57,10.51,10.58,10.54,10.48,10.47,10.64,8.05,10.43,10.42,10.53,10.87,10.84,10.97,10.5,10.35,10.47,10.57,10.48,10.51,10.65,10.52,10.6,10.77,8.72,9.13,10.32,10.37,10.42,10.52,10.44,10.63,10.54,10.66,10.61,10.47,10.5,8.34,10.41,10.44,10.31,10.62,10.7,8.42
COPS6,4.8,4.42,4.86,4.8,4.57,4.77,4.93,4.81,4.82,4.72,4.18,4.15,4.6,4.25,4.46,4.25,4.74,5.02,4.8,4.87,4.48,4.51,4.45,4.6,4.81,4.62,4.46,4.76,4.57,4.03,3.9,3.94,4.58,4.58,4.27,4.67,4.5,4.48,4.82,4.95,4.88,4.4,4.93,3.72,4.73,4.24,4.59,4.37,4.71,3.61
COPS7A,9.13,9.32,9.09,8.99,9.09,9.13,8.93,9.41,9.07,9.11,9.3,9.23,9.07,9.22,9.2,9.09,9.11,9,9.15,9.07,9.34,9.28,9.53,9.25,9.23,9.27,9.14,9.12,9.27,9.41,7.42,8.66,8.69,8.75,8.8,9.24,9.07,9.23,8.86,9.31,9.27,9.32,9.3,7.38,9.11,9.16,9.29,9.18,9.37,8.76
COPS7A,8.57,8.07,8.49,8.49,8.1,7.66,7.22,8.75,8.46,8.5,7.56,8.54,8.31,7.33,8.44,8.56,8.35,8.56,8.63,8.76,8.72,8.68,7.9,8.68,8.68,8.7,8.32,8.59,8.05,6.4,6.65,6.75,8.19,8.18,8.07,8.45,8.05,8.67,7.35,8.38,8.29,8.11,8.16,6.13,8.39,8.15,8.44,8.51,8.13,6.64
COPS7A,7.33,6.54,7.18,7.22,6.58,6.4,6.68,7.09,7.36,7.36,6.14,7.07,7,5.26,7.29,7.09,7.35,7.17,7.43,7.54,7.12,7.13,6.66,7.64,7.3,7.48,7.27,7.16,6.47,4.73,4.93,4.63,6.88,6.72,6.62,7.2,6.68,7.49,4.94,7.13,6.86,6.08,6.18,4.33,7.05,6.95,7.02,7.02,7.12,4.6
COPS7A,8.14,8.04,8.42,8.06,7.47,7.97,7.71,8.12,8.34,8.28,7.41,8.13,8.19,5.73,8.21,8.07,8.24,8.29,8.37,8.23,8.39,8.28,8.07,8.44,8.34,8.44,8.19,8.18,7.98,7.73,7.65,7.22,7.72,7.81,7.73,8.09,8.07,8.3,7.74,8.13,8.09,7.82,7.77,6.53,8.17,7.75,8.08,8.2,8.22,7.28
COPS7A,8.03,7.69,8.08,7.98,7.61,7.91,7,8.21,8.03,8.05,7.32,8.02,7.83,7.31,7.91,8.09,8.07,8.08,7.99,8.11,8.01,8.1,7.91,8.28,7.82,8.37,7.95,8.08,7.96,7.91,6.72,6.73,7.7,7.87,7.64,8.12,8.34,8.16,7.58,8.1,8.17,7.78,7.54,6.91,8.01,7.89,7.97,8.12,7.9,8.5
COPS7A,8.41,8.1,8.35,8.46,8.54,8.58,8.99,8.65,8.25,8.41,8.24,8.45,8.19,7.3,8.4,8.46,8.46,8.46,8.44,8.34,8.65,8.57,8.43,8.38,8.48,8.52,8.3,8.24,8.51,8.3,8.25,7.88,8.06,8.04,7.95,8.31,8.61,8.57,8.21,8.4,8.53,8.58,8.38,7.38,8.57,8.68,8.51,8.5,8.39,8.16
COPS7B,8.88,8.73,8.93,8.96,9.16,8.88,8.51,9.07,8.87,8.91,8.85,8.79,8.64,9.09,8.88,8.96,8.72,8.98,8.97,8.94,8.8,8.71,8.7,8.81,8.8,8.69,8.82,8.99,8.7,9.19,8.28,9.17,8.67,8.62,8.8,8.93,8.97,9.08,9.07,8.99,8.97,9.14,8.93,9.6,8.95,8.95,9.16,8.82,8.84,9.08
COPS8,10.42,10.49,10.37,10.45,10.4,10.29,10.15,10.24,10.49,10.45,10.36,10.47,10.4,9.35,10.48,10.37,10.47,10.26,10.25,10.16,10.5,10.46,10.48,10.44,10.46,10.46,10.43,10.47,10.3,10.31,9.5,9.26,10.48,10.41,10.42,10.53,10.46,10.48,10.24,10.46,10.5,10.21,10.2,9.02,10.57,10.34,10.48,10.48,10.47,9.48
COPS8,9.69,9.4,9.54,9.54,9.29,9.22,9.32,9.44,9.69,9.6,8.92,9.65,9.62,8.08,9.59,9.57,9.67,9.51,9.58,9.52,9.56,9.43,9.17,9.46,9.51,9.68,9.49,9.46,9.24,8.07,6.06,7.52,9.64,9.67,9.56,9.6,9.26,9.72,9.26,9.51,9.32,8.9,8.82,7.77,9.51,9.28,9.3,9.62,9.41,7.51
COPZ1,10.03,9.86,10.16,10.11,9.97,10,10.05,10.28,10.15,10.17,9.79,10.22,10.22,7.85,10.14,10.14,10.16,10.1,10.17,10.17,10.35,10.24,10.01,10.25,10.29,10.29,10.15,10.1,9.89,9.13,6.99,8.14,9.89,9.93,9.93,10.2,10.09,10.28,9.97,10.1,10.02,9.97,9.91,7.67,10.06,9.96,10.08,10.11,10.06,8.04
COPZ1,10.02,9.81,10.26,10.11,10.13,10.16,10.07,10.2,10.08,10.09,9.94,10.07,9.96,9.44,10.24,10.27,10.17,10.38,10.43,10.33,10.28,10.36,10.17,10.35,10.38,10.27,10.11,10.07,9.97,10.3,8.18,8.46,9.82,9.77,9.88,10.2,10.08,10.29,9.47,10.13,10.06,10.06,10,9.75,10.17,10.16,10.24,10.22,10.16,9.06
COPZ2,4.38,4.46,4.58,4.68,4.98,4.8,4.59,4.54,4.32,4.39,4.5,4.47,4.43,4.4,4.39,4.78,4.61,4.61,4.51,4.74,4.39,4.43,4.47,4.53,5.09,4.92,4.43,4.46,4.7,4.7,5.52,3.88,4.11,4.79,4.51,4.74,4.76,4.52,5.54,4.32,4.54,5.12,4.61,6.03,5.04,4.44,5.05,4.6,4.81,5.32
COQ10A,6.45,6.18,6.61,6.68,6.4,6.85,6.46,7.02,6.6,6.57,6.88,6.8,6.53,6.05,6.98,6.8,6.95,7.06,6.93,6.76,6.97,6.94,6.97,7.08,6.87,6.74,6.37,6.57,6.83,6.3,6.89,6.56,6.24,6.52,6.25,7.06,6.75,7.09,6.07,6.36,6.25,6.78,6.82,6.43,6.29,6.27,6.64,6.2,6.97,5.78
COQ10B,8.75,8.88,8.7,8.72,8.46,8.66,8.22,8.39,8.74,8.63,8.94,8.76,8.88,8.45,8.83,8.71,9.1,8.66,8.74,8.55,9.25,9.05,8.96,9.01,8.91,9.15,8.67,8.54,8.82,7.87,7.85,8.34,8.85,9.03,8.89,8.67,8.68,8.85,8.38,8.85,8.85,8.31,8.56,8.24,8.77,8.67,8.26,8.82,9.02,8.03
COQ10B,6.72,6.37,6.55,6.62,5.51,6.15,5.03,6.29,6.97,6.62,6.21,6.84,7.07,5.76,6.89,6.71,6.84,6.42,6.86,6.75,6.98,6.82,6.73,7.21,7.17,7.02,6.57,6.79,6.38,4.99,5.11,5.14,6.57,6.94,6.46,6.8,6.39,6.57,5.63,6.78,6.48,6.06,5.37,5.56,6.28,6.02,6.28,6.69,6.73,5.47
COQ10B,10.51,10.68,10.55,10.53,10.65,10.53,10.48,10.4,10.48,10.56,10.69,10.63,10.56,11.12,10.81,10.75,10.78,10.61,10.54,10.56,10.79,10.87,10.82,10.89,10.92,10.81,10.56,10.6,10.47,10.27,10.01,10.58,10.65,10.82,10.84,10.63,10.58,10.61,10.75,10.65,10.58,10.39,10.46,10.95,10.45,10.33,10.41,10.63,10.51,11.06
COQ2,9.37,9.2,9.11,9.19,9.35,9.18,9.01,9.15,9.21,9.29,9.34,9.01,9.05,6.81,9.13,9.02,9.28,9.52,9.48,9.53,8.84,8.66,8.66,8.64,8.73,9.02,9.38,9.35,9.31,9,8.55,7.83,9.08,9.07,9.07,9.23,9.26,9.32,8.73,9.19,9.18,9.14,9.31,7.35,8.91,9.14,8.89,9.28,9.33,8.22
COQ2,8.33,8.07,8.45,8.27,8.34,7.98,8.53,8.55,8.32,8.42,8.14,8.05,8.06,6.16,8.26,8.2,8.31,8.69,8.77,8.66,7.88,7.8,7.44,8.07,8.04,8.14,8.39,8.49,8.28,7.7,5.57,5.36,8.33,8.29,8.26,8.31,8.16,8.37,7.91,8.31,8.34,8.42,8.22,6.98,8.23,8.16,8.32,8.35,8.3,7.53
COQ2,4.98,4.76,5.1,4.95,4.63,4.91,4.81,5.01,5.17,5.09,4.98,4.7,4.51,5.21,4.81,5.01,4.8,4.66,4.77,5.26,4.69,4.6,4.7,4.95,5.07,4.92,4.75,5.34,5.07,4.75,5.59,4.91,4.59,4.31,4.63,4.78,4.54,4.94,4.41,4.8,4.73,4.81,5.17,5.08,5.03,5.1,5.15,5.22,4.79,4.64
COQ3,9.17,9.18,9.23,9.21,9.22,9.11,8.47,9.12,9.27,9.28,9.17,9.06,9.11,7.77,9.17,9.21,9.21,9.63,9.57,9.38,8.81,8.71,8.7,8.93,8.98,8.9,9.22,9.27,9.13,9.09,7.38,7.49,8.91,8.92,8.96,9.27,9.12,9.29,8.61,9.18,9.05,8.79,8.64,7.97,9.34,9.32,9.29,9.26,9.27,7.44
COQ4,8.5,8.14,8.7,8.54,8.38,8.66,8.42,9.02,8.35,8.6,8.08,8.5,8.38,7.59,8.6,8.56,8.57,8.75,8.76,8.71,8.62,8.41,8.27,8.49,8.67,8.57,8.62,8.67,8.58,8.69,6.69,7.77,8.45,8.53,8.29,8.62,8.51,8.82,7.43,8.61,8.4,8.78,8.76,7.47,8.43,8.32,8.5,8.58,8.49,6.8
COQ4,4.1,4.09,4.12,4.2,3.99,4.05,4.61,3.92,3.84,3.86,4.07,3.95,3.93,4.45,4.18,4.62,4.24,4.2,4.14,4.44,4.39,4.04,3.91,4.03,4.08,3.98,4.06,4.06,3.74,3.63,5.33,5.36,4.15,3.94,4.15,4.16,4.06,4.31,4.9,3.82,4.05,3.98,4,4.73,4.09,3.96,4.58,4.06,4.01,4.9
COQ5,9.44,9.43,9.4,9.42,9.49,9.53,9.32,9.34,9.5,9.56,9.32,9.56,9.47,9.42,9.48,9.42,9.39,9.51,9.59,9.55,9.46,9.47,9.4,9.5,9.43,9.45,9.43,9.53,9.35,7.95,6.57,8.99,9.18,9.05,9.26,9.6,9.31,9.47,9.22,9.58,9.7,9.55,9.44,9.43,9.6,9.28,9.64,9.56,9.35,8.8
COQ5,8.5,8.59,8.3,8.37,8.09,8.39,7.88,8.1,8.46,8.45,8.46,8.53,8.52,6.36,8.35,8.23,8.44,8.42,8.37,8.4,8.56,8.32,8.46,8.14,8.33,8.29,8.43,8.35,8.5,7.62,7.76,5.09,8.04,7.97,7.99,8.48,8.33,8.4,7.65,8.43,8.44,8.27,8.35,5.92,8.53,8.48,8.33,8.46,8.62,5.26
COQ5,9,8.83,9.03,8.92,8.78,8.45,8.53,8.87,8.9,9.01,8.65,9.03,9.03,6.11,8.92,8.9,8.96,9.09,9.12,9.06,9.02,8.95,8.71,8.96,8.88,8.96,8.97,9.04,8.73,8.11,5.06,6.24,8.72,8.74,8.55,8.89,8.77,9.02,8.52,8.87,8.9,8.95,8.83,6.6,8.97,8.92,8.99,9.09,8.91,4.6
COQ6,7.98,7.32,8.04,7.82,7.8,8.19,7.49,7.89,7.86,7.86,7.52,7.86,7.56,7.66,8.21,8.23,8.2,8.05,8.15,8.21,7.88,7.83,7.83,8.24,8.1,8.16,7.86,7.99,8.01,7.15,6.16,6.88,8.28,8.23,8.37,8.23,8.05,8.47,8.36,8.09,7.99,8.02,8.13,7.4,7.85,7.23,7.81,7.94,7.92,5.95
COQ6,7.25,7.22,7.52,7.48,7.45,7.46,7.34,7.71,7.27,7.48,7.24,7.51,7.17,6.34,7.63,7.51,7.57,7.47,7.5,7.61,7.45,7.36,7.32,7.64,7.51,7.66,7.41,7.49,7.2,7.23,6.74,6.87,7.74,7.95,7.86,7.7,7.64,7.67,7.12,7.44,7.32,7.33,7.25,6.86,7.34,7.2,7.13,7.52,7.01,7.39
COQ6,6.68,5.85,6.52,6.26,5.87,6.49,5.48,6.14,6.49,6.58,5.94,6.41,6.25,4.52,6.68,6.62,6.62,6.49,6.75,6.63,6.62,6.49,6.2,6.76,6.77,6.76,6.51,6.56,5.79,4.81,5.66,6.46,6.73,6.72,6.81,6.61,6.27,6.98,4.81,6.57,6.88,6.4,5.61,4.04,6.27,5.95,6.15,6.65,6.51,4.25
COQ6,4.95,4.81,4.92,4.93,5.11,4.54,4.68,4.83,4.6,5.08,5.12,4.89,4.89,5.74,5.06,5.2,4.75,4.8,5.02,4.89,4.87,5.07,4.58,5.14,5.47,4.94,4.45,5.18,4.78,4.57,4.34,6.3,5,5.2,5.12,4.58,4.42,4.79,5.3,4.65,4.69,4.8,5.33,5.47,5.01,4.38,4.93,4.92,4.9,6.01
COQ6,4.01,4.31,3.81,4.03,4.71,4.56,4.35,4.08,4.16,4.34,4.06,4.32,4.18,4.12,4.17,4.21,4.11,4.12,4.01,3.86,4.15,4.11,4.26,4.33,4.24,3.81,3.72,4.22,4.12,5.17,5.57,4.78,4.23,4.75,4.02,4.18,4.28,3.8,5.28,3.84,4.09,4.54,4.32,3.67,4.48,4.81,4.3,3.76,3.8,5.34
COQ7,7.26,6.83,7.48,7.43,7.32,7.37,7.59,7.05,7.25,7.35,7.09,6.98,6.87,6.64,7.01,7.05,7.03,7.37,7.54,7.34,7.24,7.06,6.9,7.35,7.14,7.04,7.33,7.21,7.2,5.79,8.01,5.39,6.98,7.31,7.33,7.21,6.87,7.22,6.9,7.32,7.63,7.17,7.18,5.83,7.42,7.42,7.67,7.25,7.29,6.84
COQ9,10.14,10.09,10.17,10.18,10.28,10.28,10.16,10.38,10.05,10.2,10.1,10.14,10.11,7.44,10.2,10.26,10.26,10.44,10.39,10.46,10.23,10.04,10.08,10.21,10.14,10.13,10.29,10.19,10.31,10.42,5.65,8.32,10.2,10.29,10.35,10.27,10.39,10.44,10,10.26,10.12,10.15,10.14,7.46,10.01,9.76,9.97,10.14,10.18,8.22
COQ9,4.34,4.43,4.08,4.44,4.68,4.31,4.71,4.19,4.54,4.57,4.3,4.54,4.61,4.65,4.25,4.71,4.72,4.54,4.55,4.39,4.5,4.41,4.58,5.05,4.51,4.49,4.18,4.74,4.46,4.64,4.29,5.01,4.4,4.95,4.35,4.37,4.14,4.45,4.07,4.5,4.42,4.34,4.29,5.63,4.36,4.34,4.19,4.4,4.35,4.56
COQ9,4.41,4.22,4.37,4.05,4.26,4.6,4.83,4.38,4.37,4.6,4.32,4.05,4.25,4.61,4.42,4.4,4.3,4.46,4.5,5.3,4.58,4.58,4.4,4.52,5.07,4.88,4.43,4.92,4.49,4.49,4.91,4.76,4.22,4.55,4.25,4.54,4.29,4.43,4.44,4.52,4.5,4.19,4.27,4.64,4.37,4.13,4.44,4.35,4.55,5.3
COQ9,4.58,4.3,4.94,4.44,3.97,3.73,4.13,4.28,4.57,4.45,4.99,4.61,4.44,5.9,4.45,4.58,4.43,4.44,4.35,4.48,4.69,4.4,4.47,4.63,4.58,4.38,4.59,4.54,4.29,4.33,4.55,4.53,4.94,4.49,4.45,4.34,4.33,4.07,3.6,4.47,4.36,4.9,3.88,4.36,4.49,4.31,4.35,4.26,4.53,6.09
CORIN,3.36,3.55,3.65,3.58,3.56,3.91,3.74,3.65,3.84,3.85,3.44,3.58,3.72,4.22,3.52,3.56,3.62,3.66,3.61,3.73,3.73,3.6,3.82,3.69,3.61,3.46,3.57,3.68,3.55,4.02,4.07,4.56,3.57,3.7,3.5,3.65,3.49,3.5,3.59,4.01,3.57,3.89,3.74,3.78,3.69,3.39,3.71,3.57,3.5,4.48
CORIN,3.76,3.85,3.49,3.53,3.71,3.47,4.04,3.4,3.87,3.77,3.73,4.08,3.8,4.16,3.91,3.89,3.71,3.52,3.55,3.7,4.1,3.67,3.59,3.97,3.78,3.52,3.91,3.86,3.72,4.59,5.48,3.76,3.55,3.45,3.73,3.73,3.73,3.88,3.93,3.64,3.58,3.5,3.57,3.87,3.44,3.56,3.47,3.65,3.78,4.5
CORIN,4.47,4.75,5.01,4.83,4.61,4.42,4.86,5.02,4.4,4.7,4.48,4.5,4.35,4.3,4.56,4.64,4.55,4.45,4.23,4.45,5.15,4.52,4.54,4.8,4.59,4.06,4.55,4.78,4.55,4.77,4.35,4.34,4.62,4.95,4.32,4.64,4.95,4.85,5.08,4.25,4.08,4.74,4.77,4.56,4.3,4,4.48,5.04,4.54,5.37
CORIN,4.15,4.35,3.77,3.75,3.82,3.99,4.88,3.82,3.95,3.94,3.92,3.85,4.03,3.97,3.94,3.71,3.84,4.03,4.12,3.86,3.81,3.84,3.98,4.16,3.81,3.79,4.29,3.82,3.83,4.92,5.01,4.41,4.08,4.35,4.05,3.59,3.78,3.99,4.68,3.89,3.95,3.87,3.83,4.08,3.8,3.79,4.06,3.73,3.75,4.53
CORIN,3.68,3.5,3.43,3.61,3.56,3.31,3.69,3.59,3.46,3.64,3.57,3.44,3.46,5.41,3.42,3.54,3.59,3.36,3.65,3.36,3.47,3.56,3.48,3.57,3.43,3.69,3.62,3.62,3.6,3.93,5.67,5.06,3.61,3.61,3.36,3.44,3.5,3.43,3.55,3.33,3.48,3.41,3.59,4.93,3.34,3.41,3.47,3.43,3.54,4.72
CORO1A,10.88,10.87,11.02,10.85,10.86,10.85,10.99,11.05,10.85,10.76,10.75,10.88,10.78,10.01,10.64,10.63,10.6,11.2,11.21,11.13,10.47,10.47,10.42,10.48,10.44,10.4,10.97,10.92,10.91,9.74,10.17,9.39,10.46,10.58,10.46,10.78,10.79,10.82,10.71,10.62,10.55,10.23,10.3,8.6,10.32,10.14,10.27,10.7,10.61,9.63
CORO1A,9.99,9.78,9.91,9.91,9.28,9.6,9.34,9.74,9.98,9.95,9.42,9.9,9.86,8.36,9.69,9.48,9.65,10.23,10.33,10.44,9.46,9.48,9.11,9.53,9.56,9.54,9.81,9.96,9.44,7.88,7.58,6.49,9.37,9.55,9.41,9.77,9.57,9.78,9,9.53,9.36,8.81,9.05,8.79,9.14,8.84,9.04,9.69,9.12,8.47
CORO1A,10.78,10.88,10.97,10.79,10.69,10.78,10.49,10.98,10.73,10.92,10.72,10.82,10.7,10.38,10.65,10.62,10.6,11.16,11.21,11.14,10.57,10.42,10.38,10.39,10.43,10.46,10.91,10.75,10.93,9.73,8.39,8.85,10.49,10.48,10.45,10.64,10.84,10.82,10.34,10.63,10.52,10.2,10.41,9.15,10.18,10,10.21,10.62,10.56,10.1
CORO1A,10.45,10.6,10.64,10.55,10.61,10.58,10.7,10.56,10.41,10.44,10.33,10.41,10.38,9.73,10.26,10.38,10.34,10.89,10.87,10.79,10.23,10.07,10.04,10.1,10,10.16,10.66,10.38,10.62,9.57,7.73,9.42,10.28,10.17,10.16,10.37,10.57,10.47,10.35,10.42,10.33,9.95,10.05,8.54,9.92,9.89,9.88,10.3,10.35,9.35
CORO1B,5.35,5.17,5.3,5.5,5.8,5.72,4.24,5.72,5.07,5.18,5.14,5.35,4.99,5.41,5.2,5.42,5.37,5.61,5.34,5.74,5.58,5.5,5.8,5.7,5.77,5.38,5.59,5.13,5.47,4.95,5.84,5.22,5.54,5.31,5.53,5.28,5.38,5.41,5.17,5.98,5.27,5.92,5.93,4.56,5.32,5.29,5.57,5.57,5.42,5.66
CORO1B,6.93,6.34,7.05,6.92,7.5,7.17,6.73,6.66,6.86,6.6,6.92,6.53,6.62,6.02,6.92,6.86,7.13,7.12,7.18,6.97,6.95,6.94,7.16,7.2,7.11,7.25,7.26,6.85,6.95,6.12,6.19,7.12,7.07,6.79,7.03,7.07,7.18,6.99,7.6,7.4,7.16,7.18,7.36,7.01,7.04,7.14,7.1,6.64,6.89,6.15
CORO1B,3.75,3.84,3.81,3.72,3.85,3.55,3.64,3.94,3.6,4.06,3.86,4.01,4.12,4.45,3.91,3.72,3.82,3.84,3.81,3.8,3.95,4.31,4.06,3.96,3.4,3.9,3.85,3.73,3.85,3.23,3.84,3.62,3.54,3.85,4.01,3.66,3.85,3.59,3.57,3.96,3.8,3.98,3.88,3.88,4.22,3.72,3.83,3.71,3.68,4.19
CORO1B,4.44,3.98,4.23,4.25,4.77,4.5,5.78,4.59,4.31,4.31,4.3,4.26,4.04,4.28,4.67,4.63,4.55,4.5,4.27,4.38,4.44,4.74,4.64,4.64,4.36,4.77,4.51,4.4,4.45,5.37,4.04,4.61,4.33,4.85,4.7,4.27,4.74,4.68,5.19,4.91,4.14,4.07,4.63,4.48,4.57,4.77,4.53,4.56,4.67,4.14
CORO1C,8,7.49,8.06,7.96,7.37,7.44,7.19,7.99,7.94,8.01,7.11,8.04,7.98,6.4,7.63,7.72,7.83,7.76,7.84,7.98,7.78,7.7,7.16,7.7,7.7,8.02,7.95,7.79,7.2,6.72,5.27,5.6,8,8.07,7.91,7.38,7.88,7.92,7.94,7.87,7.99,7.06,7.27,6.53,7.71,7.6,7.63,7.8,8.09,5.44
CORO1C,8.29,8.38,8.2,8.25,7.68,8.34,7.8,8.1,8.44,8.24,8.21,8.38,8.49,7.46,8.08,7.78,8.15,8.03,8.06,8.04,8.13,8.06,8.25,8.23,8.01,8.13,8.22,8.11,8.16,7.47,6.56,7.4,8.32,8.18,8.29,8.09,8.07,8.06,8.69,8.04,8.33,7.81,7.41,7.69,8.21,7.8,7.86,8.12,8.09,7.21
CORO1C,10.71,10.72,10.73,10.76,10.73,10.7,10.31,10.74,10.74,10.85,10.74,10.79,10.65,10.56,10.73,10.57,10.66,10.63,10.61,10.81,10.64,10.61,10.6,10.82,10.76,10.75,10.73,10.74,10.54,10.04,10.36,10.41,10.76,10.77,10.9,10.79,10.63,10.74,10.56,10.81,10.67,10.41,10.49,10.84,10.67,10.63,10.67,10.63,10.62,10.73
CORO1C,9.18,9.25,9.41,9.15,9.05,8.83,9,8.97,9.35,9.27,9.13,9.25,9.51,8.37,9.23,9,9.19,9.18,9.14,9.27,9.18,9.14,9.16,9.32,9.26,9.24,9.19,9.11,9.06,8.2,7.71,8.46,9.33,9.31,9.31,9.11,9.08,9.23,9.12,9.12,9.18,8.79,8.79,8.38,9.42,9.08,9.12,9.27,8.99,8.31
CORO1C,9.92,9.85,10.02,9.99,10,9.87,9.85,9.85,9.85,9.96,10.04,10,9.83,10.07,9.76,9.79,9.8,10.19,10.18,10.04,9.69,9.58,9.79,9.87,9.87,9.73,9.86,9.85,9.8,9.92,7.87,9.84,9.61,9.7,9.71,9.84,9.81,9.86,9.91,9.83,9.81,9.65,9.74,9.13,10.04,10.04,10.03,9.76,10,9.39
CORO2A,3.84,4.04,3.73,3.77,3.78,3.86,3.97,3.65,3.8,3.64,4.05,3.89,3.83,4.64,3.85,4.03,3.76,3.98,3.93,3.98,3.74,3.66,3.73,3.91,3.65,3.77,3.83,3.93,3.84,4.97,4.53,4.34,3.7,3.71,3.74,3.65,3.61,3.61,4.79,3.85,3.63,3.82,4.05,4.59,3.65,3.84,3.8,4,3.98,4.69
CORO2A,4.41,4.32,4.41,4.43,4.14,4.53,4.3,4.35,4.45,4.36,4.74,4.4,4.32,4.69,4.3,4.4,4.35,4.58,4.36,4.37,4.36,4.63,4.32,4.26,4.26,4.25,4.59,4.25,4.51,4.48,4.64,4.63,4.46,4.33,4.47,4.41,4.25,4.58,4.15,4.81,4.43,4.55,4.14,4.25,4.46,4.49,4.09,4.26,4.37,5.07
CORO2A,3.95,4.3,4.12,4.07,4.61,4.08,4,4.19,4.08,4.04,4.17,4.01,4,4.35,4.32,3.89,4.27,4.05,4.2,4,4.31,4.16,4.1,4.19,4.07,4.07,3.85,3.9,4.43,4.8,5.55,4.2,4.07,4.08,3.9,4.1,3.81,4.26,4.83,3.88,4.69,4.08,4.53,4.98,4.25,4.48,4.2,3.9,4.23,5.36
CORO2A,4.57,4.34,4.4,4.31,4.45,4.62,4.54,4.39,4.19,4.49,4.34,4.43,4.2,4.71,4.32,4.37,4.42,4.81,4.36,4.09,4.44,4.47,4.38,4.34,4.09,4.25,4.18,4.3,4.43,5.02,6.07,6.2,4.24,4.48,4.32,4.15,4.74,4.32,5.43,4.19,4.16,4.07,4.36,5.79,4.54,4.54,4.37,4.19,4.31,4.76
CORO2B,3.84,3.64,3.82,3.78,4.14,4.47,4.22,3.81,3.72,3.92,3.82,3.79,3.65,5.3,3.99,3.76,3.93,3.81,3.68,3.77,3.86,4.06,3.79,4.03,3.68,3.97,3.95,3.78,3.89,4.43,4.01,4.58,3.78,3.82,3.78,3.84,4.1,3.63,4.73,3.92,3.84,4.27,3.99,5.64,4.25,4.1,3.63,3.8,3.8,4.43
CORO2B,4.16,4.24,4.02,4.48,4.23,4.66,3.9,3.94,4.19,4.08,4.34,4.39,4.11,5.06,4.14,4,4.02,4.04,4.07,3.92,4.17,4.12,4.27,4.08,4.2,4.19,4.18,4.42,4.26,5.4,5.27,5.49,4.17,4.24,4.19,4.11,3.86,4.39,4.62,4.18,4.42,3.94,3.96,5.7,3.95,3.91,3.87,4.08,3.96,4.61
CORO2B,4.19,4,4.08,4.28,4.85,4.19,5.09,4.18,4,4,4.06,4.27,4.24,5.65,4.22,4.24,3.95,4.28,4.27,3.96,4.12,4.25,4.03,3.95,4.02,4,4.03,4.27,4.33,5.77,5.98,5.49,4.23,3.76,4.24,4.2,4.05,4.11,5.16,4.25,4.46,4.24,4.19,5.63,4.39,4.26,4.36,4.37,4.06,5.52
CORO6,4.02,3.85,3.68,3.87,4.07,4.01,3.85,3.8,3.9,3.64,3.96,3.85,3.83,4.97,4.06,3.87,3.69,3.67,3.76,3.83,4,3.98,3.76,4.05,3.89,3.8,3.96,4.04,3.91,4.78,5.17,5.54,3.79,3.85,4.12,3.98,3.98,3.94,5.16,4.23,3.73,3.92,4.13,5.32,3.89,4.21,3.93,3.95,4.37,4.09
CORO7,8.64,8.91,8.91,8.74,9.25,9.08,9.04,8.89,8.56,8.7,9.14,8.63,8.55,8.25,8.62,8.67,8.66,8.96,8.86,8.81,8.68,8.88,9.09,8.79,8.92,8.57,8.84,8.72,9.21,9.14,9.42,8.87,8.58,8.56,8.57,8.74,8.75,8.66,9.31,9.03,8.88,9.11,9.21,8.61,8.67,8.68,8.77,8.76,9,8.2
CORO7,6.11,6.17,6.52,6.4,6.47,5.88,5.74,6.75,6.18,6.28,6.25,6.38,5.86,6.16,6.26,6.24,5.93,6.28,6.43,6.38,6.31,6.09,6.34,6.26,6.44,6.51,6.28,6.23,6.3,6.16,6.36,7.52,6.26,6.28,6.25,6.26,5.93,6.49,6.12,6.4,6.39,6.06,6.46,5.6,5.96,6.2,5.85,6.14,6.4,5.7
CORO7,6.19,5.67,6,5.97,5.81,6,5.71,6.13,5.77,5.99,5.83,6.02,5.89,6.28,5.78,6,5.92,6.13,6.03,5.64,5.84,5.96,5.95,5.86,6.08,6,6.15,5.81,5.97,6.07,5.63,4.6,6.25,6.07,5.96,5.73,5.78,5.75,6.4,5.66,5.77,6.19,6.14,5.25,5.83,6.03,6,6.02,5.9,5.87
CORO7,6.45,6.06,6.7,6.53,7.18,6.45,7.19,7.04,6.28,6.32,6.58,6.35,6.01,6.36,6.44,6.68,6.79,6.99,6.84,6.77,6.62,6.59,6.47,6.67,6.78,6.27,6.65,6.41,6.98,6.22,6.68,6.24,6.36,6.28,6.36,6.78,6.6,6.58,6.45,6.95,6.96,7.09,6.7,5.65,6.72,6.81,6.83,6.63,6.78,6.28
CORO7,8.96,8.98,9.08,9.02,9.46,9.33,9.5,9.32,8.7,8.94,9.38,8.79,8.65,8.96,8.82,9.02,8.94,9.1,9.03,9.1,8.98,8.88,9.28,9.02,9.07,8.84,9.1,8.94,9.38,9.7,8.22,9.17,8.79,8.86,8.81,9.01,9.12,8.99,9.24,9.2,9.2,9.38,9.29,9.85,9.03,9.21,8.92,9.06,9.12,9.64
CORT,5.77,5.6,5.69,5.9,6.22,5.95,5.73,6.03,5.95,5.81,5.99,5.73,5.81,5.8,5.73,6.07,5.89,5.81,5.82,5.89,5.52,5.45,5.25,5.6,5.75,5.65,5.96,5.56,6,6.02,5.19,5.34,5.71,5.85,5.87,6.08,5.55,5.91,5.46,6,5.95,5.79,5.9,5.38,5.74,6.26,5.82,5.95,6.14,5.26
COTL1,9.29,9.15,9.33,9.23,9.51,9.28,8.86,9.29,9.29,9.32,9.22,9.23,9.25,7.86,9.35,9.29,9.27,9.31,9.2,9.2,9.58,9.65,9.68,9.37,9.55,9.49,9.42,9.3,9.34,9.24,5.55,8.61,9.4,9.34,9.28,9.37,9.24,9.2,9.23,9.42,9.32,9.09,9.2,7.65,9.55,9.41,9.5,9.44,9.62,7.63
COTL1,6.23,5.97,6.18,6.27,6.42,6.42,6.99,6.45,6.16,6.26,5.57,6.24,6.23,5.29,6.06,6.26,6.07,6.2,6.23,6.2,6.29,6.34,5.73,6.24,6.43,6.73,5.97,6.26,5.69,5.55,7.07,6.29,6.57,6.24,6.33,6.06,6.43,6.3,6.3,6.3,6.28,6.22,6.45,7.32,6.51,6.47,6.31,6.09,6.04,5.8
COTL1,6.8,6.41,6.74,6.64,6.21,6.63,6.39,6.87,6.88,6.73,6.17,6.46,6.46,6.39,6.53,6.57,6.57,6.79,6.73,6.47,7.09,6.61,6.31,6.91,6.65,6.95,6.82,6.81,6.33,6.73,6.72,5.66,6.59,6.79,6.65,6.44,6.45,6.77,6.33,6.52,6.9,6.19,6.04,6.06,6.78,6.51,6.85,6.81,6.27,6.04
COX10,7.54,7.28,7.73,7.73,8.09,7.85,8.12,7.84,7.53,7.58,7.59,7.53,7.21,7.53,7.36,7.56,7.41,7.8,7.69,7.84,7.57,7.29,7.44,7.74,7.57,7.66,7.5,7.64,7.73,8.27,7.17,8.44,7.64,7.61,7.65,7.66,7.83,7.88,7.54,7.72,7.7,7.82,7.68,7.24,7.74,7.56,7.71,8.02,7.81,7.05
COX10,6.13,5.52,6.48,6.05,5.68,5.61,5.59,6.48,6.09,5.87,5.5,6.16,5.96,5.96,6.01,6.14,6.08,6.44,6.19,6.32,5.67,5.84,5.55,6.15,6.09,6.13,6.16,6.31,5.76,6.16,5.86,7.74,5.83,6.15,6.12,6.18,5.7,6.53,5.52,6.55,6.12,5.63,6.02,5.82,5.5,5.12,6.11,6.41,6,5.91
COX11,7.81,7.96,8,7.99,8.24,8.13,7.51,7.97,7.91,7.98,8.34,8.02,8.12,6.52,8.17,8.13,8.17,8.27,8.32,8.35,8.11,8.06,8.19,8.05,8.08,8.09,7.98,7.95,8.16,7.93,4.56,6.01,7.85,7.76,7.76,8.15,8.14,8.14,7.83,8.09,8.23,7.86,8.08,8.17,8.21,7.96,8.15,8.06,8.02,5.6
COX11,6.29,6.35,6.16,6.04,6.28,6.14,5.77,6.01,6.66,6.3,6.4,6.33,6.16,5.57,6.56,6.22,6.36,6.93,6.76,6.73,6.04,6.1,6.73,6.43,6.32,6.51,6.12,6.21,5.59,5.14,7.23,6.39,6.02,5.86,6.04,6.38,5.61,6.48,4.77,6.11,6.44,5.83,5.92,5.44,6.18,6.44,6.59,6.31,6.61,5.95
COX11,10.33,10.51,10.33,10.39,10.12,10.1,9.72,10.11,10.44,10.4,10.19,10.53,10.6,10.11,10.32,10.29,10.37,10.48,10.51,10.72,10.48,10.34,10.35,10.25,10.32,10.39,10.3,10.4,10.17,9.94,8.76,9.75,10.08,10.15,10.11,10.26,10.19,10.33,9.77,10.3,10.17,9.69,9.81,9.27,10.35,10.02,10.3,10.38,10.38,9.97
COX11,9.44,9.85,9.5,9.51,9.41,9.57,9.23,9.06,9.67,9.56,9.6,9.53,9.7,9.67,9.45,9.43,9.63,9.67,9.71,9.67,9.57,9.38,9.68,9.33,9.32,9.64,9.57,9.36,9.57,9.2,7.78,7,9.3,9.26,8.98,9.4,9.38,9.5,9.24,9.26,9.37,9.03,9.24,8.59,9.58,9.32,9.39,9.6,9.7,8.04
COX11,8.95,8.86,8.81,8.74,8.4,8.5,8.27,8.58,9.06,8.92,8.48,9.04,9.17,7.71,8.76,8.8,8.83,8.87,9.06,8.97,8.93,8.75,8.67,8.69,8.83,8.84,8.65,8.84,8.69,7.8,8,7.65,8.59,8.68,8.53,8.83,8.62,8.85,8.18,8.56,8.72,8.04,8.05,7.8,8.64,8.35,8.76,8.9,8.81,8.09
COX11,7.87,7.81,7.92,7.9,7.27,7.38,7.24,7.71,7.99,7.98,7.71,8.06,8.04,6.97,7.91,7.9,7.98,7.76,7.9,8.23,7.82,7.72,7.73,7.93,8.03,7.94,7.75,8.01,7.67,7.13,6.03,7.17,7.6,7.86,7.64,7.98,7.54,8,7.18,7.93,7.72,7.17,7.09,6.09,7.86,7.48,7.93,7.87,7.88,6.85
COX15,3.24,3.33,3.35,3.23,3.61,3.57,5.11,3.4,3.34,3.2,3.5,3.22,3.27,3.92,3.47,3.51,3.61,3.22,3.42,3.22,3.32,3.47,3.16,3.75,3.34,3.5,3.38,3.37,3.39,4.38,5.31,4.43,3.45,3.35,3.41,3.44,3.86,3.5,4.22,3.39,3.26,3.48,3.47,3.96,3.42,3.79,3.39,3.3,3.38,4.24
COX15,8.5,8.24,8.55,8.62,8.72,8.62,8.56,8.42,8.46,8.47,8.57,8.48,8.4,7.22,8.81,8.57,8.7,8.8,8.83,8.82,8.6,8.56,8.55,8.66,8.7,8.64,8.54,8.44,8.43,7.29,7.67,6.44,8.47,8.66,8.64,8.92,8.66,8.9,8.03,8.64,8.51,8.74,8.62,7.17,8.56,8.27,8.54,8.6,8.38,7.41
COX15,7.45,7.25,7.46,7.47,7.64,7.64,7.24,7.43,7.37,7.43,7.32,7.46,7.26,7.05,7.35,7.53,7.4,7.42,7.52,7.49,7.63,7.34,7.31,7.53,7.37,7.49,7.11,7.44,7.36,7.98,6.12,7.05,7.69,7.69,7.65,7.41,7.72,7.35,7.88,7.39,7.5,7.47,7.19,7.23,7.61,7.36,7.35,7.18,7.3,6.99
COX15,4.87,4.89,5.23,5,4.98,5.3,4.48,5.21,4.98,5.05,5.41,5,4.85,5.71,4.93,4.66,4.94,5.15,5.06,5.16,4.9,4.96,5.07,4.82,5.02,4.75,5.1,5.1,5.1,4.61,4.75,5.96,4.62,4.91,4.73,5.08,5.28,5.14,4.78,5.14,5.11,5.3,5.15,4.63,5.07,5.24,5.19,5.07,5.03,4.86
COX15,7.22,6.83,7.13,7.27,6.96,7.27,6.27,6.87,7.22,7.32,7.16,7.24,7.09,7.19,7.22,7.28,7.5,7.43,7.32,7.46,7.27,7.44,7.16,7.27,7.2,7.17,7.01,7.26,7.08,6.95,7.76,6.82,7.16,7.41,7.46,7.45,7.46,7.43,7.02,7.41,7.3,7.19,7.38,7.23,6.97,7.01,7.24,7.22,7.22,7.05
COX15,7.85,7.51,7.86,7.93,7.81,7.47,7.1,8.06,7.93,7.93,7.97,7.92,7.56,7.21,7.96,7.89,7.71,7.8,7.97,8.01,7.92,7.9,7.73,7.83,7.72,7.63,7.84,7.85,7.75,6.5,6.18,6.83,7.49,7.77,7.89,7.98,7.33,7.78,7.52,8.03,7.77,8.05,7.78,7.56,7.86,7.53,7.84,7.76,7.72,8.79
COX15,6.41,6.1,6.35,6.23,6.41,6.37,5.65,6.47,6.31,6.42,6.17,6.05,6.33,5.96,6.58,6.36,6.24,6.57,6.33,6.57,6.01,6.37,6.34,6.54,6.45,6.51,6.47,6.36,6.2,4.38,6.16,6.23,6.19,6.12,6.51,6.5,6.41,6.47,6.31,6.55,6.63,6.35,5.99,6.02,6.13,5.84,6.4,6.62,6.46,5.93
COX16,7.01,7.17,7.3,7.46,7.87,7.28,6.92,7.36,7.35,7.47,7.44,7.57,7.24,7.6,7.29,7.11,7.28,7.6,7.36,7.58,7.06,7.79,6.89,7.32,7.51,7.38,7.52,7.56,7.76,6.72,7.26,8.32,6.84,6.66,6.85,7.57,7.27,7.28,6.92,7.09,7.41,7.33,7.58,6.34,7.57,7.37,7.44,7.55,7.52,7.22
COX16,10.62,10.63,10.68,10.61,10.71,10.55,10.35,10.53,10.62,10.68,10.51,10.75,10.64,10.4,10.43,10.42,10.57,10.82,10.8,10.68,10.53,10.41,10.48,10.55,10.52,10.47,10.67,10.6,10.53,9.9,10.4,10.79,10.23,10.28,10.26,10.49,10.35,10.56,10.6,10.75,10.65,10.41,10.35,10.14,10.91,10.71,10.75,10.68,10.51,9.85
COX17,12.01,11.94,11.97,11.95,12.01,12,11.89,12.09,11.97,11.98,11.98,12.06,11.96,11.24,11.76,11.86,11.74,12.08,12.02,12.02,11.89,11.79,11.77,11.83,11.82,11.79,11.97,11.98,12.02,11.92,11.45,11.69,11.69,11.65,11.65,11.82,11.77,11.89,12.09,12.19,12.08,11.98,11.99,11.12,12.16,12.14,12.28,12.08,11.96,11.03
COX18,8.24,8.43,8.47,8.28,7.99,7.82,7.85,8.48,8.36,8.49,8.14,8.17,8.33,7.75,8.05,7.94,8.04,8.56,8.61,8.63,8.14,8.15,8.04,8.19,8.11,8.12,8.31,8.18,8.14,8.22,5.2,8.67,7.71,7.95,7.73,8.27,8.05,8.2,6.95,8.34,8.13,8.3,8.14,7.49,8.27,8.2,8.53,8.26,8.22,6.92
COX18,6.26,6.14,6.35,6.38,6.16,5.4,6.17,6.33,6.21,6.22,6.47,6.21,5.9,5.63,6.21,5.91,5.62,6.4,6.68,6.34,6.12,6.11,5.91,6.22,6.12,5.53,5.98,6.37,5.68,6.56,6.63,5.52,5.8,6.18,6.05,6.04,5.82,5.87,4.89,6.31,6.17,6.15,5.97,5.77,5.85,6.1,6.4,6.3,6.23,7.49
COX18,4.65,4.71,4.7,5.21,4.82,5.18,5.39,4.67,4.67,5.05,5.28,5.12,4.75,6.02,4.91,4.79,4.61,5.06,5.08,5.23,5.06,5.02,5.03,5.08,4.62,4.99,4.69,5.14,4.63,5.99,6.19,8.45,4.62,4.62,4.93,4.83,4.85,4.71,4.58,4.86,4.92,5.05,5.17,7.53,5.17,5.07,4.86,4.99,4.95,6.07
COX19,6.34,5.95,6.33,6.47,6,6.61,6.53,6.56,6.23,6.47,6.28,6.12,6.27,6.07,6.34,6.42,6.15,6.2,6.55,6.19,5.98,6.3,6.52,6.02,6.51,6.18,6.55,6.09,6.47,6.06,6.15,7.09,5.94,6.47,6.02,6.29,6.05,6.17,6.37,6.63,6.53,6.58,6.83,6.82,6.37,6.21,6.27,6.13,6.56,4.87
COX19,8.78,8.82,8.83,8.78,9.1,8.82,8.07,9.14,8.8,8.98,9.05,8.83,8.57,8.15,8.92,8.78,8.77,8.58,8.84,8.83,8.65,8.91,8.77,9.07,8.95,8.76,9.02,8.96,8.73,8.75,7.64,8.29,8.61,8.56,8.71,8.99,8.64,8.83,8.93,9.06,9.1,9,9.05,6.62,9.07,9.1,9.11,9.01,8.83,7.76
COX19,9.52,9.36,9.54,9.45,9.54,9.55,9.3,9.55,9.56,9.53,9.68,9.51,9.2,8.72,9.88,9.82,9.94,9.65,9.68,9.81,9.56,9.67,9.71,9.91,9.88,9.77,9.6,9.56,9.65,9.04,7.92,9.08,9.76,9.77,9.94,9.96,9.82,9.9,9.63,9.73,9.65,9.62,9.4,8.35,9.68,9.58,9.77,9.69,9.43,9.41
COX19,6.89,6.79,7.16,6.88,7.27,7.48,6.42,6.97,6.93,7.07,6.88,6.92,6.89,6.46,7.07,7.1,6.98,7.17,7.12,7.2,6.94,7.04,7.21,7.24,7.04,7.11,7.1,7.02,7.14,7,5.15,5.82,6.48,6.87,6.75,7.16,7.18,7.04,5.89,7.15,7.1,7.58,7.42,7.67,7.28,7.44,7.3,7.1,7.23,6.53
COX4I1,12.49,12.36,12.52,12.39,12.47,12.46,12.32,12.45,12.48,12.46,12.33,12.41,12.49,10.66,12.34,12.38,12.48,12.33,12.34,12.37,12.65,12.54,12.44,12.46,12.48,12.55,12.56,12.36,12.46,12.4,10.55,11.35,12.54,12.5,12.36,12.47,12.54,12.54,12.45,12.54,12.54,12.54,12.62,10.3,12.66,12.61,12.62,12.47,12.58,10.67
COX4I1,8.96,8.67,8.97,9.02,8.89,9.05,8.68,9.04,8.61,8.94,8.98,8.9,8.92,7.7,8.69,8.75,8.76,8.58,8.74,8.75,9.06,9.21,9.07,9,9.15,8.95,8.81,8.93,9.12,8.31,6.05,7.99,8.62,8.74,8.54,8.89,8.76,8.76,8.49,8.96,8.96,9.48,9.14,8.39,9.37,9.21,9.29,9.13,9.22,8.11
COX4I1,11.72,11.63,11.72,11.67,11.72,11.86,11.75,11.56,11.75,11.76,11.48,11.66,11.88,10.55,11.6,11.58,11.74,11.62,11.65,11.58,11.91,11.79,11.81,11.68,11.58,11.81,11.78,11.68,11.83,11.75,10,11.05,11.73,11.7,11.57,11.69,11.81,11.66,11.76,11.77,11.77,11.88,11.95,10.8,11.93,11.87,11.82,11.77,11.82,10.75
COX4I2,3.58,3.6,3.48,3.62,3.49,4.2,4.46,3.96,3.56,3.85,3.66,3.63,3.74,4.01,3.73,4,3.69,3.57,3.53,3.54,3.85,3.71,3.53,3.49,3.47,3.65,3.87,3.68,3.9,3.92,5.5,4.22,3.69,3.75,3.91,3.86,3.91,3.29,4.27,3.99,3.69,4.26,3.99,4.16,3.96,4.16,3.64,3.81,4.09,3.84
COX4NB,9.29,9.22,9.21,9.17,9.37,9.25,8.82,9.22,9.39,9.22,9.2,9.22,9.19,8.27,9.31,9.08,9.27,9.15,9.28,9.14,9.21,9.07,9.2,9.11,9.11,9.25,9.3,9.15,9.12,9.11,6.46,8.19,9.51,9.41,9.37,9.31,9.29,9.37,8.59,9.25,9.35,9.03,8.71,7.02,9.26,9.02,9.11,9.32,9.43,7.38
COX4NB,7.98,8,8.14,8.31,8.21,8.33,7.88,7.99,8.22,8.06,8.22,8.06,7.96,6.43,8.2,8.24,8.15,8.3,8.25,8.2,7.98,8,7.98,8.21,8.2,8.21,8.22,8.2,8.32,8.41,6.57,6.27,7.97,8.15,8.22,8.37,8.2,8.4,7.99,8.31,8.25,8.27,8.2,5.89,8.21,7.97,8.36,8.26,8.33,7.39
COX5A,12.74,12.8,12.75,12.73,12.64,12.72,12.62,12.81,12.71,12.74,12.69,12.79,12.72,12.19,12.61,12.61,12.62,12.73,12.81,12.74,12.69,12.69,12.65,12.63,12.66,12.67,12.76,12.78,12.65,12.73,12.4,12.23,12.49,12.51,12.49,12.66,12.59,12.61,12.61,12.69,12.73,12.72,12.66,12.2,12.75,12.71,12.72,12.73,12.59,12.02
COX5B,11.03,11.09,11.13,11.06,11.11,11.09,10.76,11.05,11.13,10.97,10.98,11.09,11.21,9.31,10.72,10.68,10.89,11.31,11.31,11.1,11.07,10.95,11.06,10.79,10.86,10.82,11.11,10.87,11.08,10.82,8.44,9.64,10.8,10.7,10.53,10.76,10.89,10.81,11.06,11.12,11.17,10.83,10.97,8.67,11.02,10.98,10.82,11.13,11.01,9.06
COX6A1,13.59,13.63,13.59,13.56,13.67,13.63,13.47,13.5,13.56,13.6,13.65,13.61,13.54,13.24,13.59,13.53,13.58,13.64,13.66,13.58,13.6,13.58,13.63,13.58,13.6,13.57,13.63,13.57,13.6,13.49,13.15,13.31,13.52,13.53,13.51,13.61,13.58,13.57,13.56,13.63,13.61,13.45,13.49,13.23,13.61,13.56,13.58,13.62,13.61,13.17
COX6A1,3.57,3.73,3.65,3.77,3.5,4.14,4.06,3.61,3.67,3.82,3.69,3.59,3.82,4.05,3.61,3.56,3.74,3.7,3.85,3.69,3.78,3.88,3.77,3.68,3.61,3.66,3.5,3.71,3.85,4.1,4.24,4.15,3.24,3.49,3.68,3.79,4.06,3.71,3.38,3.92,4.1,3.59,3.72,5.34,3.6,4.28,3.86,3.86,3.48,4.56
COX6A2,4.74,4.94,4.93,5,5.09,5.21,5.74,4.9,4.79,5.05,4.91,4.9,4.77,5.39,5.1,4.91,4.99,5.16,4.93,5.06,5.2,4.98,4.82,4.89,5.01,4.99,4.8,4.98,4.92,5.01,4.92,6.48,4.7,5,5.06,5.06,4.97,4.82,4.81,5.3,4.98,5.13,5.51,5.44,5.11,5.25,5.01,5.16,5.18,5.13
COX6B1,12.43,12.63,12.57,12.47,12.52,12.48,12.48,12.47,12.42,12.46,12.33,12.48,12.54,10.98,12.29,12.34,12.39,12.62,12.64,12.58,12.57,12.39,12.49,12.33,12.3,12.36,12.57,12.37,12.49,12.6,10.9,11.05,12.32,12.23,12.23,12.29,12.4,12.45,12.45,12.53,12.51,12.41,12.43,10.78,12.46,12.37,12.39,12.47,12.51,10.75
COX6B2,5.57,5.65,5.43,5.68,5.64,5.29,5.1,5.97,5.57,5.48,5.64,5.33,5.57,7.09,5.32,5.47,5.34,5.52,5.25,5.57,5.54,5.54,5.21,5.32,5.24,5.42,5.48,5.5,5.29,5.45,5.72,5.88,5.38,5.73,5.51,5.52,5.23,5.18,5.06,5.15,5.42,5.45,5.48,6.31,5.33,5.37,5.6,5.47,5.19,6.03
COX6B2,3.87,3.61,3.85,3.85,4.18,3.66,4.02,4.05,3.67,3.61,4.19,3.64,3.72,4.49,3.78,4.13,4.03,3.94,3.89,3.82,3.87,3.87,3.81,3.68,3.6,3.68,3.7,3.9,3.93,4.52,4.57,5.04,3.84,3.95,4.02,3.77,3.86,3.95,3.95,3.89,3.78,4.18,3.67,4.85,3.67,4.13,3.91,4.03,3.77,4.42
COX6B2,4.64,4.41,4.78,4.69,4.86,5.25,4.62,4.84,4.55,4.82,5,4.65,4.64,5.57,4.94,4.92,4.68,4.94,5.12,4.92,4.63,4.78,4.79,4.92,5.06,4.87,4.63,5.07,4.79,5.57,5.91,5.9,4.65,4.43,4.85,4.71,4.67,4.96,5.51,4.83,4.82,4.86,4.91,6.76,4.97,4.64,4.94,4.48,4.76,6.08
COX6C,12.52,12.43,12.51,12.48,12.57,12.58,12.4,12.41,12.59,12.56,12.53,12.51,12.58,12.23,12.46,12.47,12.44,12.62,12.64,12.54,12.59,12.55,12.56,12.46,12.48,12.46,12.54,12.47,12.54,12.57,12.07,12.47,12.27,12.35,12.34,12.39,12.5,12.45,12.49,12.51,12.48,12.37,12.39,12.2,12.63,12.61,12.62,12.54,12.53,12.16
COX6C,12.65,12.56,12.66,12.64,12.61,12.65,12.65,12.58,12.73,12.7,12.65,12.68,12.78,11.84,12.54,12.57,12.54,12.73,12.76,12.62,12.76,12.66,12.66,12.51,12.56,12.6,12.64,12.62,12.74,12.67,11.72,11.77,12.42,12.33,12.4,12.6,12.64,12.65,12.68,12.64,12.68,12.5,12.48,11.81,12.79,12.72,12.7,12.72,12.68,11.23
COX6C,4.34,4.75,4.64,4.78,4.44,4.26,4.34,4.7,4.41,4.65,4.66,4.32,4.51,5.71,4.52,4.5,4.29,4.8,4.58,4.32,5.06,4.38,4.58,4.34,4.71,4.3,4.51,4.7,4.97,3.87,6.47,4.31,5.19,4.5,4.46,4.26,4.54,4.26,4.7,4.27,4.33,4.66,4.39,5.1,3.94,4.31,4.57,4.62,4.54,4.59
COX7A1,4.17,4.29,4.28,4.38,4.68,4.42,4.98,4.37,4.11,4.44,4.28,4.47,4.5,5.02,4.24,4.62,4.23,4.41,4.46,4.29,4.45,4.35,4.2,4.06,4.44,4.43,4.28,4.88,4.21,6.72,4.61,5.51,4.36,4.31,4.82,4.59,4.45,4.45,5.83,4.78,4.47,4.38,4.38,4.23,4.28,4.79,4.6,4.56,4.22,6.54
COX7A2,13.24,13.32,13.24,13.23,13.37,13.35,13.21,13.21,13.29,13.16,13.4,13.36,13.39,13.02,13.22,13.29,13.23,13.26,13.24,13.12,13.36,13.27,13.39,13.12,13.22,13.23,13.27,13.23,13.43,13.51,12.75,12.91,13.05,13.13,13.13,13.17,13.26,13.17,13.31,13.32,13.35,13.2,13.27,12.97,13.37,13.37,13.32,13.34,13.35,13
COX7A2,11.14,11.12,11.07,11.06,11.1,11.12,10.91,10.81,11.29,11.07,11.18,11.15,11.4,9.41,10.87,10.96,10.99,11.02,11.06,10.91,11.29,11.04,11.34,10.85,10.89,11.07,11.13,10.86,11.34,11.05,9.06,8.88,10.8,10.75,10.6,10.79,10.97,10.95,10.98,11.11,11.25,10.96,10.97,9.41,11.34,11.13,11.13,11.18,11.33,8.38
COX7A2,11.56,11.69,11.59,11.55,11.66,11.62,11.46,11.57,11.62,11.52,11.65,11.62,11.79,10.67,11.46,11.52,11.47,11.57,11.62,11.55,11.73,11.57,11.65,11.4,11.44,11.54,11.64,11.51,11.62,11.54,9.62,11,11.24,11.34,11.23,11.39,11.57,11.49,11.62,11.64,11.66,11.43,11.51,10.58,11.84,11.76,11.66,11.64,11.69,10.72
COX7A2,11.79,11.94,11.79,11.8,11.86,11.88,11.78,11.81,11.86,11.82,11.96,11.9,11.89,11.41,11.73,11.77,11.75,11.77,11.85,11.67,11.93,11.83,11.91,11.7,11.77,11.73,11.85,11.78,11.9,11.8,10.46,11.29,11.58,11.46,11.44,11.7,11.78,11.72,11.82,11.86,11.87,11.69,11.77,10.82,11.99,11.87,11.94,11.85,11.85,11.2
COX7A2,4.05,4.31,4.01,3.98,4.71,4.2,4.19,3.73,4.31,3.95,3.99,4.19,4.25,4.78,3.93,3.99,4,4.18,4.27,3.83,4.04,4.37,4.02,3.92,4.02,3.82,4.14,3.95,4.21,4.53,4.83,4.92,4.09,4.16,3.8,3.87,4.07,3.9,4.04,3.77,4.01,3.84,4.05,4.52,3.84,4.16,3.92,3.95,3.97,4.37
COX7A2L,11.4,11.31,11.45,11.42,11.51,11.44,11.25,11.47,11.62,11.46,11.26,11.57,11.58,9.17,11.53,11.57,11.61,11.3,11.32,11.28,11.56,11.59,11.5,11.54,11.57,11.5,11.41,11.49,11.32,11.31,9.02,8.8,11.29,11.26,11.36,11.63,11.48,11.65,11.45,11.57,11.49,11.74,11.6,10.25,11.46,11.33,11.44,11.48,11.39,10.23
COX7A2L,11.17,10.91,11.13,11.05,10.84,10.78,11.03,11.04,11.12,11.16,10.51,11.16,11.18,9.8,11.15,11.16,11.16,10.92,10.96,10.99,11.36,11.2,10.83,11.16,11.02,11.31,11.03,11.05,10.86,10.51,9.82,9.75,11.02,11.07,10.84,10.96,11.15,11.31,11.12,11.07,11,11.33,11.21,9.39,11.14,11.02,11.06,11.13,11,9.08
COX7B,12.29,12.43,12.26,12.19,12.17,12.16,11.85,12.18,12.35,12.23,12.33,12.36,12.44,11.68,12.29,12.13,12.14,12.39,12.39,12.21,12.23,12.25,12.27,12.07,12.18,12.11,12.28,12.26,12.46,12.4,10.96,11.66,11.91,11.98,11.86,12.21,12.2,12.23,12.15,12.2,12.27,12.09,11.97,11.01,12.23,12.22,12.25,12.32,12.42,11.42
COX7B,12.26,12.4,12.29,12.26,12.3,12.19,12.11,12.15,12.33,12.34,12.26,12.39,12.43,12.04,12.22,12.26,12.23,12.42,12.45,12.42,12.28,12.28,12.29,12.17,12.2,12.2,12.33,12.3,12.38,12.43,10.79,11.71,12.01,12.13,11.96,12.22,12.23,12.25,12.28,12.29,12.31,12.19,12.14,11.47,12.31,12.3,12.33,12.36,12.39,11.3
COX7B2,4.23,4.19,4.08,4.12,4.17,4.21,4.48,4.13,4.12,3.96,4.16,4.33,4.03,4.32,4.11,4.02,3.99,4.09,4.1,4.24,4.11,4.26,4.05,3.98,4.06,4.01,3.99,4.12,4.34,4.2,6.39,4.76,4.11,4.07,3.95,3.88,4.05,4.02,4.85,4.17,4.01,4.05,3.98,4.51,3.98,4.19,4.19,3.83,4.04,4.8
COX7C,13.4,13.44,13.39,13.43,13.58,13.54,13.44,13.23,13.49,13.34,13.45,13.41,13.5,13.2,13.36,13.37,13.3,13.37,13.39,13.33,13.53,13.39,13.56,13.3,13.33,13.47,13.48,13.35,13.5,13.59,12.95,13.02,13.32,13.28,13.26,13.34,13.5,13.29,13.57,13.36,13.51,13.46,13.49,13.28,13.57,13.51,13.43,13.44,13.52,12.89
COX8A,12.66,12.7,12.75,12.7,12.73,12.7,12.53,12.78,12.66,12.74,12.65,12.76,12.6,12.42,12.82,12.75,12.82,12.78,12.84,12.9,12.7,12.68,12.67,12.81,12.89,12.71,12.73,12.74,12.69,12.35,12.37,12.32,12.65,12.71,12.8,12.88,12.71,12.91,12.64,12.82,12.7,12.55,12.58,12.43,12.48,12.42,12.58,12.74,12.63,12.37
COX8A,12.61,12.59,12.66,12.62,12.72,12.64,12.48,12.69,12.57,12.59,12.6,12.73,12.57,12.53,12.74,12.73,12.73,12.71,12.81,12.82,12.61,12.6,12.66,12.72,12.74,12.65,12.65,12.65,12.63,12.4,12.28,12.24,12.6,12.75,12.72,12.76,12.68,12.79,12.59,12.77,12.62,12.54,12.47,12.42,12.43,12.45,12.53,12.65,12.55,12.65
COX8C,3.96,4.02,3.97,4.22,4.26,3.83,4.17,3.72,3.81,3.89,4.25,4.01,3.85,3.97,3.9,4.15,3.88,3.94,4.09,3.99,4.15,4.14,3.86,3.87,4,3.88,4.1,4.07,4.14,4.65,5.07,4.55,3.74,4.1,3.92,4.14,4.64,4.09,4.37,3.87,4.02,4.25,3.99,4.05,3.94,4.1,3.98,4.07,3.72,3.99
CP,3.69,3.72,3.8,3.67,3.91,3.78,4.29,3.59,3.63,3.61,4.06,3.62,3.56,4.09,3.91,3.64,3.92,3.69,3.78,3.65,3.5,3.54,3.53,3.28,3.73,3.43,3.65,3.62,3.76,4.05,6.21,4.61,3.66,3.57,3.61,3.68,3.68,3.94,4.31,3.85,3.88,3.67,4.18,5.29,3.7,3.96,4.22,4.09,3.68,5.44
CP,3.81,3.8,3.96,4.03,4.25,3.76,4.82,3.77,3.8,4.1,3.73,3.89,3.79,4.6,3.88,4.32,3.78,3.6,3.88,3.66,3.8,3.73,3.94,3.68,4.26,3.58,4.04,3.83,4.06,4.46,4.27,4.76,3.99,3.75,3.74,3.73,3.82,3.82,5.07,3.79,3.84,3.97,4.64,4.11,4.13,3.95,3.83,3.83,3.69,4.29
CP,3.91,3.93,3.83,3.92,4.08,3.92,4.24,3.94,3.76,3.98,3.86,3.84,3.88,5.05,3.88,4.13,4.35,4.08,3.91,3.75,4.14,3.79,4.23,4.03,3.78,4.23,3.79,3.88,4.38,5.11,5.87,4.67,4.15,4.07,3.73,4.1,4.38,3.71,4.51,3.7,4,3.9,3.96,4.5,4.14,4.3,4.03,3.81,3.93,4.24
CP,4.59,4.73,4.81,4.91,4.84,4.68,4.78,4.34,4.77,4.71,4.9,4.63,4.92,5.19,4.7,4.7,5.02,4.72,4.7,4.69,4.74,4.62,4.74,4.38,4.46,4.65,4.65,4.78,5.05,5.25,5.33,5.88,4.77,4.79,4.68,4.55,4.94,4.41,4.39,4.24,4.22,4.65,4.64,5.19,4.45,4.54,4.47,4.2,4.59,6.02
CP110,10.49,10.73,10.38,10.54,10.57,10.67,10.36,10.42,10.52,10.52,10.8,10.32,10.71,10.6,11.11,11.09,11.05,10.59,10.66,10.79,10.51,10.44,10.64,10.74,10.75,10.81,10.55,10.55,10.63,10.12,9.82,10.42,10.93,11,11.08,11.1,11.16,11,10.36,10.44,10.31,10.31,10.41,9.99,9.99,10.26,10.09,10.53,10.53,10.51
CP110,8.49,8.64,8.14,8.31,7.96,8.14,7.88,8.29,8.65,8.39,8.54,8.42,8.41,7.54,9.03,8.99,9.05,8.38,8.47,8.57,8.3,8.48,8.64,8.56,8.55,8.64,8.3,8.54,8.51,7.32,6.27,7.54,8.77,8.82,9.06,9.16,8.84,8.69,7.38,8.21,8.07,7.81,8.08,6.47,7.7,7.86,7.74,8.32,8.35,6.06
CP110,8.93,8.66,8.53,8.65,7.99,8.12,8.28,8.78,8.93,8.79,8.5,8.89,8.7,7.94,9.28,9.46,9.33,8.87,8.84,9.15,8.71,8.65,8.37,9.1,8.99,9.11,8.6,8.97,8.28,7.25,6.68,6.66,9.54,9.57,9.61,9.46,9.04,9.3,8.43,8.39,8.43,7.72,7.78,6.7,8.19,7.81,8.21,8.65,8.21,7.58
CPA1,3.86,4.08,4.1,3.91,4.3,4.17,4.34,3.76,4.03,3.87,4.25,4.08,3.82,4.3,4,3.79,4.04,4.17,3.81,4.18,4.26,3.78,4.21,3.98,3.83,3.95,3.83,4.05,3.91,4.44,6,4.42,3.91,3.96,4.01,3.84,5.23,4.13,5.76,4.09,4.26,4.02,3.98,3.9,3.82,4.74,4.23,3.76,3.97,5.45
CPA1,3.85,3.95,3.7,4.18,4.11,3.99,4.09,4.22,3.91,3.99,3.9,3.89,3.88,4.2,3.69,3.89,3.76,4.13,3.76,3.66,4.16,4.03,3.67,3.87,3.75,3.72,3.91,3.99,4.09,4.06,4.79,5.11,4.02,4.04,4.01,3.77,4.12,4.02,4.33,3.87,3.77,3.98,4.46,3.82,3.71,4.21,3.92,4.06,3.9,5.51
CPA2,4.6,4.71,4.22,4.57,5.07,4.39,4.96,4.79,4.41,4.37,4.32,4.37,4.33,5.77,4.52,4.44,4.52,4.34,4.36,4.47,4.89,4.87,4.71,4.75,4.2,4.37,4.66,4.45,4.44,4.59,6.1,5.48,4.41,4.55,4.28,4.72,4.2,4.2,5.53,4.6,4.21,4.66,4.66,6.41,4.47,4.64,4.19,4.29,4.24,4.65
CPA2,3.88,4.02,3.69,3.92,3.99,4.01,4,4,3.93,4.02,3.86,4.1,3.84,4.22,3.98,4.38,3.87,3.99,4.02,3.71,3.9,4.07,4.31,3.76,3.88,3.73,4.06,3.86,4.02,4.3,4.6,4.77,4.08,3.89,3.9,3.96,4.05,3.8,4.06,4.11,4.09,4.14,4.4,4.89,4.11,3.93,3.87,3.79,4.28,4.48
CPA3,3.72,3.62,3.92,3.8,3.63,3.78,3.49,4.01,3.82,3.84,3.75,3.72,3.65,5.08,3.89,3.95,3.81,3.69,3.9,4.1,3.79,3.83,3.79,4.32,3.82,3.79,3.82,3.9,3.53,4,4.95,6.1,3.87,3.77,3.89,3.93,3.83,3.94,3.69,4.17,4.04,4.02,3.96,4.88,3.9,4.45,3.8,3.77,3.65,4.63
CPA4,4.2,4.31,4.57,4.59,4.57,4.09,5.23,4.67,4.49,4.78,4.44,4.48,4.27,6.76,4.55,4.72,4.37,4.55,4.39,4.71,4.28,4.86,4.34,4.86,4.61,4.59,4.52,4.52,4.65,4.45,7.52,6.05,4.73,4.28,4.47,4.48,4.31,4.47,5.08,4.74,4.27,4.65,4.45,6.44,4.52,4.42,5.16,4.72,4.32,7.28
CPA4,3.89,3.84,3.77,3.86,4.02,4.05,3.74,3.68,4.03,3.86,3.86,3.85,4.02,3.91,3.87,4.06,3.88,3.88,3.82,3.83,3.91,3.89,4.12,3.82,3.75,3.66,3.76,3.82,3.88,4.69,4.81,5.47,3.77,3.85,3.84,3.88,4,3.88,4.01,3.76,3.83,3.83,3.8,4.65,3.66,3.87,3.72,3.82,3.84,4.63
CPA4,4.42,4.69,4.39,4.5,4.4,4.47,5.79,4.93,4.68,4.44,4.99,4.57,4.64,5.61,4.39,4.5,4.62,4.52,4.38,4.68,4.31,4.7,4.4,4.64,4.53,4.57,4.69,4.64,5.08,4.92,5.96,4.55,4.66,4.66,4.52,4.67,4.31,4.39,4.38,4.33,4.31,4.36,4.46,4.62,4.32,4.43,4.45,4.4,4.25,6.23
CPA5,3.96,4.11,4.5,3.96,3.87,4.26,4.32,4.09,3.95,3.93,4.16,4.17,4.09,3.87,4.01,3.88,4.02,4.44,3.75,3.95,4,3.93,4.16,4.23,3.94,3.91,3.81,4.14,4.39,4.34,6.76,4.18,3.95,3.82,4.04,3.6,3.83,3.69,4.66,4.1,3.72,4.06,3.86,4.56,3.77,3.95,3.81,4.03,3.89,3.98
CPA6,3.75,3.97,3.8,3.63,3.63,3.83,3.79,3.89,3.8,3.62,4.15,3.73,3.8,4.53,3.6,3.67,3.41,3.62,3.49,3.72,3.88,3.78,3.72,3.64,3.78,3.94,3.8,3.91,3.77,5.87,4.77,4.72,3.9,3.78,3.68,4.05,3.86,3.67,4.08,3.75,3.78,3.56,3.67,4.03,3.56,3.7,3.6,3.86,3.62,3.75
CPA6,4.45,4.73,4.17,4.32,4.12,3.99,4.42,4,4.46,4.47,5.02,4.35,4.55,4.28,4.16,4.31,4.3,4.35,4.02,4.33,4.3,4.26,4.26,4.14,4.27,3.99,4.42,4.43,4.53,5.22,4.47,4.43,4.16,4.51,4.35,4.1,4.44,4.2,4.77,3.99,3.94,4.27,4.34,4.79,4.21,4.11,4.2,4.05,4.1,5.34
CPAMD8,5.04,4.83,5,5.18,5.23,5.84,6.48,4.78,4.98,4.93,5.06,4.87,4.99,6.34,4.84,5.06,5.37,5.31,5.03,5.18,5.08,5.02,4.92,5.15,5.18,5.13,5.46,4.89,5.18,5.19,8.03,7.3,5.63,4.94,4.92,5.41,5.11,5.3,5.33,5.28,4.88,5.23,5.25,7.63,5.34,5.64,5.59,4.93,5.22,7.27
CPAMD8,4.6,4.64,4.61,4.71,5.84,5.22,4.69,4.42,4.65,4.39,4.55,4.73,4.61,4.8,4.77,5,4.75,4.44,4.57,4.87,4.98,4.81,4.54,4.56,4.69,4.87,4.58,4.57,4.82,5.42,6.3,5.64,4.65,4.61,4.59,4.54,4.66,4.5,5.41,4.79,4.89,4.67,4.8,4.52,4.74,4.91,4.75,4.82,4.61,5.81
CPAMD8,4.5,4.38,4.33,4.3,4.55,4.29,4.49,4.75,4.44,4.31,4.61,4.59,4.36,5.39,4.57,4.4,4.41,4.61,4.65,4.4,4.38,4.42,4.43,4.17,4.59,4.12,4.92,4.28,4.21,4.22,5.65,4.69,4.39,4.72,4.1,4.27,4.3,4.27,5.14,4.14,4.11,4.38,4.52,5.95,4.28,4.22,4.19,4.24,4.25,4.73
CPB1,4.07,4.01,3.89,3.71,3.92,3.79,3.75,4.08,3.97,3.93,4.14,4.03,3.97,4.95,3.76,3.71,3.95,3.8,3.89,4,3.96,3.9,4.48,3.72,3.6,3.76,4.18,3.99,4.28,4.09,4.03,3.9,3.92,4.05,4.15,4.02,3.9,3.8,4.18,3.91,3.84,3.92,4.31,4.4,3.84,3.75,3.87,3.81,3.9,4.4
CPB1,3.6,3.49,3.44,3.32,4.08,3.68,3.78,3.49,3.37,3.47,3.39,3.49,3.48,4.4,3.41,3.61,3.36,3.51,3.45,3.36,3.53,3.49,3.59,3.59,3.54,3.34,3.37,3.34,3.71,4.32,6.25,4.51,3.49,3.63,3.48,3.59,3.53,3.41,4.89,3.38,3.37,3.87,3.38,4.24,3.44,3.59,3.88,3.57,3.4,3.89
CPB2,4.51,4.2,4.37,4.1,4.89,4.53,4.88,4.36,4.32,4.42,4.6,4.52,4.33,4.54,4.33,4.84,4.32,4.57,4.31,4.4,4.35,4.39,4.38,4.36,4.69,4.32,4.4,4.41,4.26,4.88,7.63,5.74,4.4,4.69,4.54,4.26,4.8,4.21,5.11,4.19,4.48,5.17,4.42,5.43,4.49,4.2,4.19,4.39,4.27,5.52
CPD,6.72,6.79,6.6,6.62,6.18,5.9,5.54,6.47,6.58,6.75,6.59,6.9,6.68,7.25,6.82,7.1,6.89,6.6,6.46,6.79,6.46,6.66,6.53,7.05,6.54,6.73,6.63,6.59,6.34,5.93,6.48,6.23,6.91,7.06,7.04,6.69,6.46,6.47,6.42,6.45,6.47,6.31,6.09,5.79,6.05,5.65,6.04,6.44,6.44,6.25
CPD,8.32,8.49,8.2,8.38,8.13,8.24,7.2,8.26,8.42,8.38,8.5,8.5,8.33,7.56,8.58,8.38,8.49,8.52,8.38,8.55,8.18,8.14,8.25,8.48,8.57,8.42,8.36,8.46,8.27,8.27,5.73,7.12,8.28,8.45,8.58,8.52,8.33,8.55,7.65,8.3,8.15,8.41,8.55,7.98,7.87,7.46,7.88,8.38,8.35,6.49
CPD,8.32,7.99,8.21,8.31,8.02,7.9,7.62,8.34,8.25,8.25,8.4,8.29,8.02,8.19,8.52,8.48,8.56,8.36,8.35,8.43,8.27,8.39,8.45,8.47,8.55,8.34,8.34,8.31,7.9,6.93,6.48,6.71,8.43,8.79,8.54,8.55,8.22,8.43,7.39,8.41,8.41,8.17,7.9,7.91,7.97,8.01,8.31,8.37,8.39,7.88
CPD,8.04,7.91,7.94,8,8.16,8.1,7.32,7.87,8.21,8.09,7.99,8.11,8.11,8,8.4,8.11,8.35,8.19,8.33,8.18,8.15,8.31,8.19,8.32,8.4,8.32,7.98,8.2,7.78,7.61,4.83,7.28,8.05,8.2,8.07,8.38,7.95,8.08,7.5,8.1,8.27,8.24,7.91,7.28,8.01,7.44,7.97,8.17,8.14,7.21
CPE,3.68,3.55,3.85,3.93,3.53,3.85,4.11,3.79,3.61,3.6,3.68,3.63,3.59,3.63,3.6,3.45,3.51,3.53,3.8,3.86,3.73,3.58,3.69,3.67,3.59,3.6,3.58,3.57,3.33,3.53,4.29,6.14,3.53,3.45,3.62,3.51,3.37,4.3,3.64,3.27,3.59,3.83,3.75,3.91,4.14,3.42,4.1,3.32,3.48,4.13
CPE,3.53,3.84,3.61,3.84,3.59,3.31,3.84,3.36,3.53,3.65,3.72,3.57,3.93,4.33,3.62,3.71,3.41,3.37,3.47,3.47,3.49,3.52,3.54,3.4,3.47,3.48,3.66,3.42,3.44,4.87,4.56,4.94,3.84,3.94,3.77,3.46,4.1,3.63,3.93,3.49,3.54,3.52,3.81,4.03,3.94,3.65,3.38,3.47,3.29,4.05
CPEB1,3.55,3.64,3.55,3.67,3.44,3.34,3.45,3.55,3.6,3.5,3.72,3.51,3.48,4.67,3.96,3.55,3.74,3.71,3.74,3.65,3.68,3.71,3.71,3.86,3.73,3.47,3.73,3.43,3.46,3.58,5.38,3.96,3.87,3.51,3.55,3.63,3.84,3.53,3.36,3.38,3.54,3.86,3.76,4.13,3.63,3.67,3.71,3.33,3.51,6.23
CPEB1,5.01,4.77,4.96,4.98,5.48,5.25,4.88,4.81,4.39,4.89,4.97,4.69,4.78,4.97,4.55,5.49,4.77,5.01,4.96,4.8,4.63,4.83,4.94,4.74,4.93,4.87,5.08,4.92,5.29,5.94,4.56,5.29,4.97,4.7,4.76,4.81,4.8,4.99,4.38,5.11,4.93,4.76,5.09,4.53,4.91,5.38,4.73,4.49,5.01,5.21
CPEB1,3.3,3.5,3.28,3.46,3.62,3.3,4.06,3.25,3.29,3.33,3.46,3.3,3.52,3.32,3.18,3.24,3.43,3.29,3.47,3.13,3.43,3.26,3.21,3.21,3.21,3.21,3.31,3.21,3.58,3.77,3.91,3.84,3.61,3.5,3.35,3.36,3.66,3.22,3.64,3.25,3.3,3.47,3.21,4.06,3.46,3.49,3.38,3.25,3.25,3.67
CPEB1,3.81,3.74,3.5,3.6,3.51,3.56,3.47,3.52,3.65,3.7,3.58,3.7,3.8,3.75,3.46,3.5,3.66,3.53,3.67,3.4,3.63,3.93,3.65,3.55,3.68,3.44,3.69,3.44,3.59,5.03,5.82,3.63,3.82,3.8,3.68,3.43,3.69,3.33,3.77,3.4,3.85,3.54,3.54,3.88,3.62,3.53,3.49,3.67,3.71,3.62
CPEB1,3.46,3.45,3.38,3.34,3.82,3.38,4.52,3.38,3.39,3.38,3.44,3.41,3.45,3.81,3.54,3.63,3.5,3.37,3.44,3.25,3.5,3.7,3.51,3.48,3.75,3.46,3.63,3.45,3.56,3.86,3.53,4.05,3.4,3.6,3.83,3.52,3.66,3.27,3.88,3.21,3.33,3.51,3.59,4.71,3.5,3.46,3.37,3.52,3.61,4.15
CPEB1,3.97,3.89,4.03,3.92,4.3,4.09,3.86,4.09,4.01,3.94,3.79,3.79,3.8,5.52,3.85,4.06,3.89,3.96,4.18,4.11,4.26,4.02,3.88,4.21,3.83,3.87,3.86,3.8,4.32,6.79,6.33,5.73,4.28,3.95,3.91,3.97,3.97,3.98,3.89,4.23,3.82,4.23,4.53,5.54,3.8,3.8,4.81,4.03,4.17,5.38
CPEB1,4.03,4.17,4.43,3.95,4.23,4.19,3.78,4.19,4.32,3.89,4.19,4.09,3.82,3.81,4.46,4.04,4.02,4.32,4.46,3.95,4.36,3.95,4.24,4.15,4.14,3.93,4.33,4.1,4.09,4.66,4.14,4.71,3.95,3.72,4.21,3.7,4.34,4.09,4.27,4.61,4.16,4.04,4.22,4.78,4.4,3.9,3.93,4.29,4.37,4.78
CPEB2,5.87,5.74,5.72,5.94,5.59,5.98,5.24,5.72,5.67,5.75,5.75,5.99,5.64,6.41,5.72,5.63,5.63,5.55,5.67,5.54,5.95,6.15,6.29,5.96,6.03,5.92,5.71,5.78,5.85,6.03,5.11,6.02,5.93,5.61,5.8,5.69,5.57,5.85,5.46,6.16,5.8,5.97,5.46,6.04,6.21,5.97,6.36,6.21,6.03,6.06
CPEB2,6.05,6.4,5.87,6.1,6.04,5.66,5.36,5.38,6.14,5.9,6.46,6.14,6.28,6.29,6.08,5.86,5.96,5.57,5.79,5.9,6.35,6.36,6.85,5.85,6.3,6.17,5.87,5.82,6.15,5.45,5,6.15,5.97,5.97,6.22,5.93,6.06,5.94,5.64,6.04,6.01,6.28,5.8,5.94,6.11,6.24,6.35,6.2,6.4,6.22
CPEB2,3.83,3.32,3.37,3.44,3.38,3.58,3.29,3.36,3.46,3.48,3.38,3.59,3.68,3.56,4.05,3.65,3.75,3.87,3.5,3.81,3.45,3.46,3.37,3.86,3.74,3.87,3.76,3.68,3.49,3.3,4.49,4.06,3.94,3.77,4.02,3.72,3.26,3.95,3.23,3.33,3.41,3.54,3.34,3.54,3.72,3.42,3.57,3.82,3.45,3.71
CPEB3,6.5,6.71,6.88,7.07,7.1,6.56,6.98,6.65,6.77,6.84,6.97,6.63,6.61,6.86,6.96,6.52,6.67,6.55,6.74,6.8,6.66,6.63,6.99,6.85,6.92,6.66,6.57,6.82,6.89,7.28,7.44,7.08,6.16,6.46,6.73,6.92,6.87,6.79,6.82,7.21,6.87,7.17,6.79,7.35,6.83,6.81,6.93,6.8,6.89,7.27
CPEB3,3.95,3.91,4.36,4.17,3.94,3.81,4.17,4.12,3.96,4.08,4.15,4.02,3.89,4.03,3.97,4.16,3.85,3.82,4.34,4.03,4.11,4.1,4.1,3.73,3.89,4.36,4,4.42,4.28,4.2,4.24,5.54,3.89,3.76,3.96,4.1,4.45,3.86,5.47,4.18,4.26,4.18,4.51,4.69,3.72,4.12,4.52,4.3,3.79,3.93
CPEB3,4.12,4.26,4.13,4.09,4.18,3.95,5.13,4.33,4.16,4.16,4.13,4.23,3.97,4.7,4.33,4.06,3.75,4.07,4.15,3.87,4.1,3.98,4.11,3.85,4.32,3.66,4.04,4.15,3.72,4.17,3.39,4.52,4.39,3.95,4.27,3.91,3.52,3.66,4.78,4.11,3.94,4.1,3.88,4.13,4.26,3.92,3.72,3.94,4.1,4.42
CPEB4,7.41,6.83,6.67,6.76,7.25,6.83,6.76,7.5,6.98,7.23,7.46,6.93,6.82,6.81,7.72,7.91,7.84,6.91,6.79,7.08,7.85,8.2,7.84,7.78,7.78,7.8,6.99,7.23,7.69,5.7,5.7,6.36,7.83,7.59,7.82,7.57,7.62,6.99,7.57,7.5,7.51,7.62,7.68,5.45,7.01,7.94,7.44,6.77,7.56,5.64
CPEB4,7.22,7.07,6.3,7.13,6.21,6.55,6.47,6.82,7.08,7.12,7.08,7.45,7.3,7.35,7.74,7.66,7.81,6.49,6.62,6.76,7.74,7.44,7.59,7.94,7.66,7.75,6.69,7.02,6.88,6.23,6.71,6.47,7.99,7.78,7.69,7.65,7.28,7.35,6.82,7.31,7.31,6.96,6.67,5.34,6.82,7.2,7.15,7.25,7.34,7.37
CPEB4,8.09,8.58,7.75,7.96,7.8,8,7.69,7.69,8.17,8.01,8.49,8.43,8.47,8.74,8.82,8.59,8.67,7.65,7.74,7.86,8.55,8.65,9.11,8.63,8.78,8.78,7.89,8,8.12,7.34,8.47,7.76,8.59,8.8,8.89,8.52,8.23,8.36,7.95,8.34,8.13,8.19,7.92,9.1,7.88,7.84,8.21,8.56,8.45,8.24
CPEB4,7.01,6.84,6.28,6.37,5.66,6.14,5.26,6.18,7.1,6.75,6.55,6.73,6.77,5.21,7.87,7.73,7.87,6.49,6.55,6.67,7.67,7.58,7.62,7.88,8.02,7.87,6.66,6.65,6.35,5.4,5.09,5.31,7.75,7.58,7.61,7.62,6.76,7.05,5.89,6.91,6.34,6.37,6.6,5.37,6.77,6.74,6.86,6.85,6.39,5.08
CPLX1,3.99,4.03,4.27,4.2,4.44,3.91,4.08,3.84,4.07,3.94,4.15,4.12,4.07,4.75,4.28,4.28,4.1,4.06,4.2,4,4.16,4.11,4.24,4.11,4.05,4.2,4,4.29,4.05,4.05,5.65,5.36,3.95,4.17,3.91,4.2,4,4.35,4.47,4.26,3.86,4.72,4.04,4.46,4.16,4.07,4.07,4,4.09,5.03
CPLX2,5.1,5.51,5.02,5.34,5.47,5.15,4.98,5.02,5.23,5.22,5.39,5.53,5.32,5.7,5.05,4.8,4.78,4.84,5.09,5.02,5.26,5.43,5.18,5.08,4.89,4.87,5.35,5.13,5.33,5,5.75,5.74,5.25,5.15,5.25,4.96,4.69,5.14,5.37,4.79,5.04,5.35,5.31,6.75,5.03,5.09,4.94,4.96,5.07,6.14
CPLX2,4.23,4.36,4.44,4.67,4.95,4.71,4.9,4.51,4.56,4.31,4.53,4.62,4.62,5.98,4.54,4.54,4.76,4.83,4.49,4.52,4.79,4.79,4.4,4.59,4.42,4.53,4.8,4.75,4.68,4.82,4.79,6.01,4.52,4.33,4.39,4.43,4.6,4.59,4.75,4.54,4.48,4.6,4.77,5.55,4.59,4.97,4.94,4.3,4.51,4.62
CPLX2,4.16,4.29,4.25,4.65,4.64,4.59,4.46,4.34,4.03,4.58,4.19,4.26,4.14,4.91,4.41,4.32,4.27,4.39,4.31,4.18,4.3,4.25,4.3,4.15,4.29,4.44,4.12,4.37,4.43,4.92,5.17,4.64,4.38,4.16,4.22,4.4,4.58,4.08,4.87,4.19,4.39,4.24,4.43,5.59,4.26,3.96,3.93,4.45,4.27,4.58
CPLX2,4.49,4.16,4.42,4.3,4.71,4.16,4.05,4.59,4.46,4.35,4.44,4.45,4.29,5.51,4.43,4.21,4.56,4.59,4.34,4.12,4.39,4.54,4.35,4.45,4.53,4.39,4.52,4.56,4.47,5.56,6.91,6.37,4.3,4.42,4.49,4.23,4.3,4.55,4.84,4.34,4.77,4.73,4.22,4.6,4.32,4.36,4.31,4.62,4.49,4.95
CPLX3 /// LMAN1L,4.09,4.02,4.09,4.24,4.06,4.3,4,4.52,4.26,4.24,4.13,4.24,4.09,5.29,4.18,4.12,4.23,4.25,4.08,4.16,4.02,4.43,4.45,3.93,3.85,4.06,4.09,4.48,4.01,4.68,5.26,5.02,4.11,4.12,4.41,4.19,4.16,4.38,4.4,4.05,3.68,4.02,4.2,5.4,4.39,4.17,4.26,4.08,4.3,5.92
CPLX4,4.29,4.36,4.11,4.33,4.35,4.54,3.9,4.2,4.21,4.32,4.34,4.47,4.57,5.72,4.23,4.66,4.1,4.39,4.54,4.23,4.3,4.32,4.29,4.43,4.02,4.38,4.67,4.4,4.58,6.2,4.69,4.48,4.33,4.54,4.4,4.02,4.38,4.27,4.68,4.1,4.16,4.25,4.46,5.4,4.26,4.71,4.15,4.35,4.27,4.33
CPLX4,4.32,4.73,4.08,4.47,4.02,4.22,3.97,4.2,4.23,4.09,4.31,4.53,4.49,5.59,4.01,4.21,4.3,4.05,4.11,3.9,4.7,4.56,4.35,4.11,4.03,4.09,4.07,4.24,4.37,4.64,4.49,4.03,4.32,4.26,4.28,4.21,4.02,4.09,4.37,4.07,3.92,4.2,4.4,4.23,3.64,4.09,3.79,4.21,4.12,4.24
CPLX4,4.81,5.03,4.78,4.66,4.85,4.85,5.11,4.53,4.77,4.77,4.64,4.88,4.8,5.98,4.58,4.72,4.64,4.78,4.7,4.68,4.78,5.05,4.72,4.58,4.44,4.65,4.67,4.84,4.93,5.67,5.45,6.53,4.75,4.58,4.8,4.74,4.8,4.73,4.95,4.54,4.9,4.52,5.04,6.06,4.43,4.86,4.53,4.59,4.67,5.61
CPM,8.11,8.17,8.26,8.22,8.34,8.3,8.02,7.93,8.2,8.06,8.19,7.89,8.02,7.93,7.6,7.42,7.29,8.17,8.08,8.08,7.75,7.75,7.94,7.69,7.67,7.42,8.21,8,7.95,6.6,5.61,6.29,7.75,7.82,7.86,7.76,7.8,7.46,7.56,7.82,8.22,7.63,7.75,7.58,8.01,7.8,7.92,8.07,7.74,6.31
CPM,7.45,7.88,7.32,7.26,6.37,6.99,7.03,7.22,7.82,7.71,7.61,7.32,7.59,6.24,6.97,6.54,6.84,7.17,7.28,7.44,7.59,7.13,7.58,6.6,6.89,6.85,7.32,7.15,7.45,6.64,6.14,8.02,6.93,6.91,6.95,7.12,6.84,6.4,5.86,7.61,7.34,6.73,6.96,6,7.03,7.44,6.88,7.32,7.59,6.44
CPM,3.91,4.35,3.69,3.68,3.86,3.42,3.84,3.63,3.84,3.87,3.99,4.04,4.09,3.62,3.81,3.81,3.67,3.78,3.54,3.61,4.01,3.84,3.96,3.6,3.62,3.43,3.73,3.69,3.72,3.79,4.11,4.18,3.56,3.89,4.14,3.5,3.44,3.68,4.16,3.45,3.75,3.82,3.82,3.55,3.74,3.47,3.62,3.56,3.56,4.1
CPM,4.07,4.13,4.21,3.89,3.74,4.09,4.18,4.02,3.82,3.91,4.02,4.26,3.84,3.89,3.92,3.79,3.77,3.67,4.09,4.02,3.88,3.81,3.91,4.12,4.09,3.86,3.84,3.92,4.03,4.14,5.38,3.6,3.86,3.57,3.95,3.95,4.02,3.77,4.78,3.95,4.03,4.05,4.2,4.7,4.02,4.27,4.02,3.84,3.79,4.36
CPM,7.7,7.76,7.64,7.47,7.61,7.9,7.24,7.42,7.48,7.53,7.8,7.58,7.57,6.67,7.11,6.97,6.82,7.47,7.44,7.55,7.55,7.54,7.45,7.21,7.13,7.02,7.68,7.48,7.69,7.06,6.41,6.74,7.37,7.27,7.5,7.18,7.18,7.05,6.77,7.74,7.46,7.32,7.26,7,7.56,7.64,7.56,7.33,7.51,6.44
CPN1,4.52,4.39,4.16,4.31,4.34,4.71,4.68,4.24,4.3,4.53,4.46,4.39,4.47,4.91,4.4,4.7,4.23,4.33,4.32,4.22,4.17,4.34,4.1,4.12,4.14,4.46,4.4,4.19,4.83,4.26,4.77,5.27,4.33,4.52,4.36,4.26,4.34,4.14,5.32,4.22,4.29,4.43,4.48,5.03,4.4,4.15,4.17,4.32,4.27,4.7
CPN2,3.92,3.55,4.06,3.86,4.02,3.67,4.68,4.41,3.78,3.75,3.62,3.75,3.65,4.16,3.8,4.06,3.9,4.1,3.82,3.73,3.59,4.04,3.88,3.91,4.06,3.71,3.92,3.8,3.61,4.59,4.64,4.6,3.75,3.97,3.94,3.85,3.75,3.62,4.13,3.82,3.92,4.19,3.81,4.11,4.39,4.1,3.6,4.11,3.99,4.33
CPN2,4.16,4.31,4.33,4.42,4.44,4.34,4.55,4.96,4.37,4.25,4.33,4.38,4.49,4.8,4.29,4.26,4.3,4.34,4.33,4.4,4.28,4.48,4.49,4.19,4.34,4.34,4.59,4.41,4.27,4.81,5.15,4.49,4.28,4.22,4.62,4.13,4.59,4.25,4.81,4.46,4.32,4.17,4.49,5.01,4.79,4.89,4.63,4.34,4.28,6.28
CPNE1,10.44,10.24,10.63,10.57,10.55,10.51,10.56,10.76,10.48,10.49,10.2,10.5,10.41,8.69,10.46,10.37,10.49,10.79,10.81,10.88,10.29,10.39,10.36,10.68,10.65,10.59,10.53,10.47,10.35,10.05,9.53,9.52,10.34,10.46,10.23,10.52,10.46,10.58,10.39,10.58,10.44,10.58,10.54,8.85,10.73,10.45,10.57,10.38,10.31,9.31
CPNE1,9.78,9.64,10.02,9.98,10.22,10.03,10.01,10.07,9.82,9.91,9.62,9.84,9.79,7.62,9.84,9.78,9.88,10.24,10.18,10.28,9.79,9.76,9.74,10.01,10.01,9.97,9.94,9.85,9.83,9.54,7.45,8,9.76,9.76,9.67,9.89,10.02,9.97,9.59,9.99,9.89,10.06,10.02,8.05,10.05,10,9.98,9.82,9.78,8.5
CPNE1 /// NFS1,9.19,8.94,9.1,9.28,9.14,9.11,9.05,9.09,9.08,9.24,9.1,9.22,9.16,8.53,8.99,8.87,8.91,8.92,8.97,8.99,8.91,9.08,9.22,8.95,9.06,8.93,9.18,9.15,9.08,9.02,7.13,7.61,8.66,8.78,8.75,9.04,8.81,9.04,8.37,9.15,8.91,8.87,8.97,6.4,8.72,8.81,8.86,9.14,9.33,8.2
CPNE1 /// NFS1,7.78,7.37,7.73,7.59,7.25,7.29,6.88,7.62,7.83,7.83,7.28,7.76,7.68,5.83,7.35,7.58,7.5,7.63,7.84,7.79,7.35,7.65,7.41,7.7,7.64,7.66,7.6,7.9,7.4,5.74,5.17,4.61,7.28,7.41,7.46,7.66,7.2,7.73,6.34,7.65,7.58,7.27,7.06,4.39,7.37,7.01,7.58,7.75,7.3,5.3
CPNE1 /// NFS1,7.7,7.26,7.71,7.74,7.32,7.41,7.69,7.5,7.86,7.78,7.09,7.62,7.49,4.8,7.5,7.63,7.5,7.48,7.81,7.72,7.45,7.54,7.45,7.71,7.24,7.62,7.48,7.77,6.93,5.16,5.55,5.66,7.36,7.29,7.39,7.63,6.99,7.62,5.34,7.52,7.49,7.58,7.08,6.37,7.14,7.12,7.31,7.82,7.52,5.64
CPNE2,8.15,8.12,8.29,8.33,8.59,8.51,7.6,8.52,7.98,8.15,8.09,7.86,7.71,8.02,7.82,7.62,7.76,8.24,8.2,8.01,7.79,7.84,7.83,7.79,7.78,7.6,8.5,8.09,8.31,8.1,7.6,8.85,7.84,7.72,8.08,7.95,7.86,7.79,8.42,8.29,8.46,8.78,8.77,8.92,8,7.97,7.91,8.31,8.14,7.92
CPNE3,7.21,6.83,7.16,6.81,6.66,6.67,7.54,6.91,6.97,7.12,7.39,6.39,6.3,6.21,7.55,7.36,7.4,7.27,7.39,7.52,7.14,7.16,7.23,7.31,7.35,7.5,6.89,6.97,7.25,5.6,6.44,6.88,7.19,6.96,7.25,7.54,7.23,7.08,6.15,7.38,7.04,7.91,7.12,6.16,7.23,7.47,7.08,6.71,6.7,5.35
CPNE3,9.04,9.2,9.16,9.12,9.02,8.89,8.87,9.08,9.04,9.13,9.39,9.36,9.12,9.42,9.49,9.5,9.47,9.21,9.13,9.21,9.5,9.53,9.52,9.33,9.31,9.35,9.17,9.24,9.1,8.85,8.52,9.25,9.22,9.31,9.22,9.52,9.42,9.4,8.75,9.11,9.01,9.26,9.3,9.42,9,8.98,9.16,9.14,9.1,8.67
CPNE3,7.17,6.76,7.15,7.25,7.06,6.89,6.57,6.86,7.17,7.26,6.77,7.09,7.05,7.05,7.69,7.42,7.53,7.23,7.32,7.2,7.49,7.46,7.12,7.45,7.5,7.59,7.29,7.15,6.93,6.3,6.3,6.82,7.41,7.29,7.52,7.45,7.02,7.49,6.45,7.54,7.28,6.73,6.94,6.21,7.47,6.98,7.24,7.11,7.12,6.11
CPNE3,7.31,7.34,7,7.14,6.61,6.82,6.96,6.86,7.34,7.26,7.1,7.45,7.03,6.84,7.8,7.31,7.55,6.93,7.15,7.41,7.55,7.57,7.7,7.65,7.41,7.41,7.18,7.24,6.78,5.44,4.3,4.69,7.26,7.15,7.28,7.68,7.22,7.07,5.58,7.15,7.09,6.86,6.79,6.62,6.75,7.16,7.01,6.97,6.9,6.2
CPNE4,3.72,3.73,3.66,3.63,3.82,3.32,3.6,3.62,3.77,3.69,3.75,3.75,3.82,4.67,3.72,3.69,3.75,3.87,3.68,3.6,3.83,3.89,3.9,4.1,3.92,3.91,3.82,3.85,3.49,4.24,4.22,3.42,3.75,3.7,3.62,3.66,3.72,3.6,3.76,3.66,4.08,3.71,3.65,3.61,5.11,3.83,4.17,3.63,3.94,3.74
CPNE4,3.56,3.87,4.25,3.83,3.79,3.74,4.31,4.34,3.68,3.82,3.93,4.27,3.98,4.2,3.86,3.97,3.99,3.98,3.94,4.18,4.09,3.93,4.04,3.7,3.92,3.96,3.81,3.85,4.13,3.92,4.76,4.59,3.9,3.94,4.2,4.13,3.85,4.24,3.46,4.17,4.16,4.3,3.92,3.86,4.93,5.49,4.72,3.64,3.83,4.08
CPNE4,4.22,3.8,3.73,4.06,3.5,3.87,3.72,3.89,4.07,3.82,4.05,4.17,4.11,5.29,3.96,4.32,3.87,3.95,3.99,3.91,4.26,4.07,4.22,4.01,3.64,3.54,3.8,3.99,3.77,4.12,4.5,3.8,3.77,4.13,3.96,3.68,3.8,4.25,4.5,3.64,3.73,3.54,3.88,4.48,3.71,3.6,3.88,4.17,3.86,6.1
CPNE5,4.49,4.25,4.5,4.55,4.35,4.75,4.66,4.57,4.33,4.44,4.67,4.57,4.25,5.4,4.7,4.7,4.32,4.54,4.64,4.44,4.32,4.53,4.46,4.43,4.53,4.36,4.32,4.61,4.32,5.3,5.29,5.81,4.65,4.44,4.52,4.59,4.49,4.51,5.4,4.23,4.1,4.82,4.44,5.78,4.49,4.38,4.56,4.76,4.54,5.34
CPNE6,5.02,4.89,4.56,4.56,4.7,4.54,4.98,3.87,4.52,4.54,4.7,5,4.95,4.87,4.35,4.39,4.24,4.67,4.33,4.48,4.72,4.83,4.7,4.29,4.67,4.3,4.83,4.74,4.3,5.02,5.03,5.34,4.66,4.69,4.54,4.4,4.4,4.31,5.8,4.38,4.45,4.3,4.55,5.04,4.37,4.53,4.39,4.56,4.47,5.25
CPNE6,4.78,4.9,5.04,4.82,5.02,4.75,5.75,5.23,4.98,4.99,4.91,5.13,4.96,5.22,4.99,5.09,4.87,4.92,4.8,5,5.16,4.88,4.84,4.8,4.85,5.03,4.77,5.06,4.9,4.98,5.6,6.36,4.86,5,5.01,4.99,5.26,5.13,4.86,5.09,5.16,5.39,5.03,5.92,5.29,5.36,5.23,4.94,4.91,5.63
CPNE7,8.47,8.5,8.69,8.8,9.25,8.96,8.53,9.07,8.4,8.51,9.01,8.32,7.98,8.49,7.94,8.07,7.68,8.65,9.06,8.8,7.8,7.87,8.04,8.06,8.19,7.71,8.54,8.59,8.8,9.1,8.31,8.91,8.12,8.08,8.1,8.19,8.12,8.21,8.59,8.75,8.69,9.26,9.23,8.39,8.34,8.49,8.53,8.57,8.7,8.48
CPNE7,7.5,7.61,8.18,8.12,8.42,8.25,7.65,8.11,7.86,8.01,8.23,7.43,7.32,6.72,7.26,7.2,6.94,7.96,8,8.07,6.78,7.2,7.15,7.33,7.36,6.83,8.02,8.03,8.21,7.58,5.45,6.77,7.2,7.26,7.61,7.29,7.41,7.35,7.49,7.61,8,8.69,8.27,7.38,7.5,7.63,7.73,7.94,8.07,7.81
CPNE8,7.78,7.18,7.3,7.5,6.53,6.43,7.32,7.41,7.64,7.55,6.24,7.74,7.65,7.04,7.67,7.3,7.37,7.21,7.31,7.34,7.82,7.76,7.13,7.72,7.92,8.11,7.35,7.29,6.04,6.26,6.23,6.48,8.34,8.12,7.9,7.65,7.08,7.87,6.74,7.22,6.76,6.74,6.17,5.64,7.17,6.65,7.14,7.29,6.87,6.65
CPNE8,9.76,9.97,9.71,9.86,9.66,9.59,9.23,9.54,10.15,9.94,9.7,9.89,10.06,9.9,9.77,9.72,9.81,9.56,9.59,9.68,10.06,10.08,10.35,9.99,9.88,10.18,9.89,9.79,9.67,9.02,8.89,9.48,10.16,10.34,10.31,9.85,9.92,9.91,9.01,9.63,9.55,9.84,9.76,9.83,9.66,9.57,9.55,9.73,9.89,9.74
CPNE9,4.32,4.62,4.74,4.45,4.28,4.84,4.36,5.1,4.39,4.54,4.42,4.46,4.31,5.11,4.62,4.08,4.42,4.77,4.5,4.6,4.67,4.53,4.46,4.56,4.67,5.66,4.72,4.58,4.65,6.23,5.76,5.79,4.43,4.52,4.78,4.87,4.36,4.52,4.3,4.58,4.91,4.59,4.7,5.04,4.94,4.98,4.9,4.41,4.3,5.08
CPNE9,4.41,4.45,4.4,4.71,4.65,4.94,4.21,4.39,4.51,4.45,4.61,4.6,4.6,4.67,4.53,4.65,4.4,4.53,4.56,4.62,4.62,4.66,4.47,4.33,4.62,4.31,4.78,4.9,4.76,5.04,6.15,5.05,4.45,4.36,4.46,4.46,4.55,4.57,4.68,4.56,4.63,4.98,4.69,6.59,4.29,4.96,5.08,4.48,4.46,6.06
CPNE9,4.29,4.1,4.35,4.28,4.39,4.08,4.89,4.2,4.28,4.42,4.39,4.42,4.24,6.3,4.38,4.14,4.22,4.5,4.33,4.36,4.7,4.52,4.32,4.3,4.31,4.19,4.63,4.34,4.38,4.46,5.34,6.36,4.29,4.04,4.44,4.51,4.46,4.26,4.06,4.2,4,4.11,4.49,4.61,4.37,4.4,4,4.49,4.34,5.51
CPO,4.86,4.37,4.96,4.7,5.08,4.49,4.54,4.64,4.93,4.84,4.96,4.51,4.55,6.11,5.06,4.58,4.8,4.69,4.81,4.76,5.04,4.86,4.58,4.72,4.77,4.68,5.03,4.74,4.94,4.18,4.31,8.73,4.45,4.47,4.74,4.51,4.68,4.9,4.26,4.66,5.04,5.03,4.89,7.28,4.79,4.14,4.75,4.58,4.79,6.79
CPOX,8.93,8.48,8.59,8.62,7.55,7.64,8.5,8.57,8.8,8.96,7.96,8.64,8.66,6.82,8.61,8.65,8.77,8.53,8.69,8.77,8.74,8.76,8.07,8.53,8.54,8.66,8.54,8.9,7.91,7.06,5.73,5.01,8.71,8.72,8.33,8.79,8.53,8.92,7.31,8.42,8.38,7.82,7.9,5.61,8.3,8.34,8.46,8.68,8.52,5.44
CPOX,8.48,7.73,7.99,8.03,6.52,6.88,7.68,8.04,8.25,8.36,6.73,8.09,7.9,6.67,8.37,8.39,8.25,8.17,8.29,8.63,8.08,7.83,6.96,8.03,8.08,8.1,7.99,8.3,6.92,5.16,4.61,6.14,8.21,8.14,8.15,8.2,7.57,8.47,6.42,7.73,7.29,6.62,6.72,5.75,7.67,7.23,7.92,8.09,7.76,6.4
CPOX,9.8,10.06,9.59,9.76,9.56,9.59,9.34,9.33,10.14,9.79,9.85,9.65,10.02,8.01,9.77,9.68,9.82,9.51,9.78,9.74,9.92,9.81,9.92,9.47,9.61,9.61,9.73,9.82,9.87,9.15,6.26,8.21,9.6,9.52,9.58,9.69,9.54,9.75,9.36,9.45,9.67,9.21,9.35,7.61,9.58,9.53,9.6,9.72,9.89,8.33
CPPED1,5.12,4.71,4.97,5.2,4.83,5.11,5.61,5.4,5,4.77,5.09,4.98,4.91,4.98,5.11,5.27,4.85,4.96,5.11,4.95,5.1,5.14,4.98,5.02,5.21,5.41,5.1,5.32,4.93,5.95,6.71,5.78,5.14,4.95,4.95,5.24,5.17,5.07,5.22,5.49,5.05,5.12,5.03,6.49,5.02,5.46,5.23,5.41,5.48,6.57
CPPED1,7.42,7.33,7.64,7.52,7.15,6.97,7.69,7.17,7.56,7.62,7.27,7.67,7.36,6.21,7.28,6.93,7.26,7.77,7.58,7.9,7.31,7.16,7.24,7.47,7.24,7.54,7.48,7.51,7.35,7.6,7.16,7.74,6.79,6.91,6.85,7.53,7.33,7.03,7.67,7.78,7.76,7.38,7.5,7.01,7.45,7.43,7.1,7.67,7.58,6.1
CPPED1,7.53,6.97,7.63,7.43,7.38,7.16,7.1,7.34,7.36,7.18,6.97,7.45,7.1,6.41,7.09,7.25,6.87,7.57,7.57,7.8,7.17,7.13,6.85,7.52,7.22,7.25,7.47,7.38,7.23,6.31,6.33,6.38,6.78,6.65,6.94,7.18,6.77,6.97,7.21,7.86,7.48,7.44,7.08,6.36,7.43,7.64,7.31,7.67,7.27,6.97
CPPED1,6.1,6.21,6.09,6.18,5.69,6.27,6.38,5.98,6.63,6.17,6.07,6.04,6.04,5.4,6.08,6.22,6.04,6.67,6.53,6.3,5.79,5.55,5.96,6.17,6.04,6.05,5.98,6.15,6.2,6.4,5.3,5.29,5.54,5.53,5.25,5.44,5.7,5.78,5.9,6.26,6.09,5.25,5.71,6.05,6.48,5.39,5.77,6.27,6.24,5.77
CPPED1,6.29,6.4,6.33,6.53,6.17,5.95,6.69,6.75,6.54,6.27,6.34,6.49,6.76,6.01,6.39,6.06,6.28,6.58,6.75,6.78,6.26,6.25,6.13,6.4,6.3,6.25,6.47,6.58,6.15,5.75,5.69,5.02,5.82,6.17,6,6.35,5.72,6.25,5.13,6.54,6.81,6.14,6.39,6.36,6.6,5.92,6.31,6.33,6.42,5.29
CPS1,4.2,4.27,4.26,4.33,4.22,3.96,5.58,4.4,4.09,4.12,4.31,4.08,4.29,5.53,4.03,4.41,4.03,4.26,4.35,4.31,3.92,4.44,4.13,4.1,4.13,3.98,4.26,4.3,3.9,4.17,6.99,6.61,4.43,4.14,4.22,3.85,4.14,4.11,3.92,4.09,4.45,4.49,4.18,6.03,4.62,5,4.41,4.16,4.5,4.26
CPS1,3.78,3.69,4.38,3.81,4.03,3.99,3.76,4.05,3.75,4.18,3.88,4.27,3.74,3.9,4.09,3.92,3.74,3.74,3.78,3.82,3.98,3.88,3.76,3.94,3.87,3.84,4.29,4.25,4.22,5.82,5.12,5.95,4.01,3.89,4.02,4.05,3.9,3.91,3.89,3.98,3.89,4.21,3.93,4.64,4.05,3.6,4.03,3.84,3.93,4.25
CPS1,5.36,5.35,5.05,5.15,4.92,4.88,4.61,4.65,5.24,5.11,5.51,5.4,5.32,6.6,5.21,5.21,5.32,5.21,5.12,4.93,5.64,5.56,5.52,5.45,5.29,4.93,5.28,5.19,5.46,4.91,7.15,6.34,5.11,4.95,5.4,5.31,4.91,5,5.18,4.88,4.8,4.99,5.15,5.09,5.4,5.59,5.98,5.18,4.93,7.29
CPSF1,9.01,9.39,9.27,9.25,9.45,9.65,9.78,9.54,9.14,9.19,9.33,9.03,9.03,7.63,8.91,9,9.08,9.23,9.24,9.12,9.2,8.85,9.32,8.89,8.87,8.86,9.31,9.08,9.69,9.82,7.94,7.98,8.81,8.91,8.75,8.95,9.3,9.1,9.31,9.3,9.33,9.48,9.61,6.58,9.1,9.27,9.15,9.08,9.49,7.55
CPSF1,6.79,6.68,6.8,6.57,7.01,6.84,7.48,7.2,6.59,6.83,6.54,6.82,6.64,6.73,6.54,6.77,6.35,6.76,6.84,6.97,6.63,6.55,6.56,6.47,6.38,6.45,6.88,6.65,6.59,4.29,6.38,7.1,6.58,6.42,6.48,6.73,6.68,6.68,6.25,6.65,6.5,6.79,6.56,6.02,6.34,6.58,6.9,6.69,6.6,6.7
CPSF1,6.6,6.48,6.83,6.7,6.31,6.28,5.89,6.99,6.03,6.55,6.28,6.66,6.27,5.88,6.42,6.54,6.66,6.75,6.69,7.02,6.33,6.47,6.44,6.78,6.64,6.42,6.52,6.49,6.46,6.03,7.04,5.91,6.66,6.68,6.51,6.6,6.37,6.68,6.51,6.82,6.86,6.78,6.3,6.17,6.51,6,6.64,6.55,6.7,5.48
CPSF1,4.27,3.78,4.04,4.01,4.52,4.05,3.97,4.36,3.85,4.05,3.95,3.92,3.9,6.16,3.8,4.32,3.73,4.13,3.81,3.94,4.06,4.28,4.09,4.03,3.96,3.87,3.84,3.88,4.24,5.04,4.74,4.51,4.64,4.02,3.83,3.73,3.95,3.95,4.05,3.87,3.87,4,4.25,5.39,3.71,3.96,3.8,3.89,3.88,3.97
CPSF2,8.24,8.02,8.19,8.17,8,7.86,7.23,7.94,8.29,8.2,7.92,8.15,8.17,5.75,8.13,7.76,8,8.35,8.47,8.41,7.93,8.01,7.87,7.97,7.91,8,8.17,8.19,7.63,6.51,5.38,7,7.76,7.77,7.86,7.95,7.84,7.86,7.77,8.05,8.03,7.77,6.97,6.83,7.77,7.26,8.07,8.11,8.04,6.66
CPSF3,10.19,10.15,10.18,10.18,10.06,10.2,9.76,9.96,10.44,10.22,9.98,9.94,10.16,7.37,10.1,10.01,10.26,10.35,10.47,10.39,10.07,9.77,10.01,9.8,9.87,9.96,10.29,9.98,10.31,10.29,6.76,7.52,10.05,10.01,9.88,10.05,10.16,10.21,10.35,9.99,10.21,10.04,10.27,6.84,10.24,10.2,10.03,10.15,10.25,7.81
CPSF3L,9.25,9.28,9.29,9.24,9.14,9.34,9.34,9.4,9.16,9.24,9.26,9.2,9.17,7.05,9.06,9.14,9.18,9.42,9.48,9.42,9.1,9.04,9.32,9.18,9.08,9.26,9.42,9.18,9.4,8.49,6.72,7.63,9.01,9.05,8.9,9.15,9.16,9.29,9.29,9.37,9.34,9.46,9.6,6.64,9.27,9.25,9.32,9.19,9.3,7.35
CPSF3L,8.82,8.76,8.85,8.72,8.75,8.84,8.3,8.82,8.73,8.57,8.7,8.58,8.56,6.73,8.41,8.59,8.59,9.05,8.93,8.87,8.62,8.5,8.86,8.64,8.45,8.62,8.79,8.69,8.81,8.91,7.46,7.93,8.58,8.61,8.55,8.59,8.6,8.67,8.42,8.68,8.91,8.99,9.02,7.23,8.82,8.91,8.71,8.73,8.83,7.13
CPSF4,9.68,9.44,9.69,9.67,9.69,9.89,9.4,9.81,9.57,9.62,9.75,9.49,9.58,7.42,9.76,9.67,9.74,9.46,9.41,9.36,9.4,9.33,9.46,9.66,9.6,9.55,9.65,9.63,9.76,9.79,7.99,8.15,9.87,9.83,9.9,9.88,9.86,9.77,9.63,9.66,9.72,9.79,9.67,8.61,9.55,9.67,9.51,9.65,9.7,6.61
CPSF4,7.64,7.23,7.68,7.75,7.26,7.27,6.49,7.69,7.65,7.8,7.13,7.72,7.51,6.53,7.86,8.03,7.9,7.6,7.51,7.65,7.5,7.27,6.87,7.91,7.48,7.87,7.66,7.71,7.17,5.09,4.64,5.47,8.02,8.06,7.97,7.89,7.76,7.99,5.75,7.66,7.21,7.13,7.28,6.51,7.19,7.52,7.25,7.66,7.34,7.53
CPSF4,8.72,8.1,8.6,8.66,8.59,8.65,8.44,8.93,8.69,8.73,8.28,8.63,8.38,7.44,8.95,8.83,8.8,8.42,8.36,8.43,8.47,8.35,8.34,8.72,8.93,8.68,8.51,8.75,8.43,8.45,7.42,8.06,8.78,9.05,8.92,8.89,8.77,8.96,7.94,8.74,8.58,8.58,8.24,7.72,8.33,8.35,8.56,8.68,8.58,8.56
CPSF4L,3.46,3.39,3.51,3.53,3.81,3.42,3.3,3.68,3.49,3.37,3.63,3.61,3.61,4.16,3.68,3.84,3.58,3.36,3.48,3.6,3.44,3.57,3.53,3.55,3.81,3.56,3.55,3.59,3.69,3.9,4.35,3.61,3.46,3.36,3.49,3.46,3.31,3.45,3.35,3.83,3.61,3.93,3.42,4.84,3.47,3.38,3.64,3.41,3.39,3.6
CPSF6,8.82,8.89,8.66,8.76,8.32,8.2,8.11,8.72,8.97,9.03,8.73,8.82,9.09,6.63,8.29,7.91,8.37,8.56,8.72,8.9,8.44,8.37,8.39,8.14,8.05,8.27,8.87,8.72,8.56,7.7,4.96,4.23,8.08,8.28,8.03,8.32,8.07,8.31,7.98,8.49,8.32,8.26,8.18,5.08,8.15,8.19,8.36,8.68,8.99,6.3
CPSF6,9.25,9.25,9.06,9.22,8.67,8.73,8.86,8.99,9.28,9.19,8.89,9.14,9.17,7.36,8.49,8.41,8.68,9.03,9.16,9.21,8.69,8.54,8.78,8.55,8.44,8.51,9.06,9.09,9,9.34,8.06,7.15,8.49,8.58,8.4,8.53,8.44,8.66,8.02,9.01,8.89,8.5,8.51,7.78,8.47,8.38,8.52,8.9,9.08,6.78
CPSF6,10.3,10.39,10.14,10.21,9.89,9.98,9.76,10.05,10.42,10.36,10.1,10.24,10.31,8.36,9.73,9.5,9.9,10.12,10.28,10.21,10.05,9.8,9.9,9.66,9.45,9.76,10.28,10.19,10.36,9.7,6.12,7.99,9.68,9.77,9.66,9.89,9.7,9.98,9.74,10.07,10.02,9.75,9.66,6.69,9.7,9.61,9.79,10.05,10.38,7.65
CPSF6,9.07,9.13,9.03,9.1,8.87,8.76,8.36,9.01,9.27,9.16,8.79,9.01,9.17,6.9,8.47,8.43,8.63,8.99,8.96,9.28,8.49,8.5,8.73,8.48,8.36,8.73,9.07,8.96,9,9.1,6.87,5.65,8.59,8.61,8.32,8.58,8.28,8.7,7.81,8.98,8.88,8.59,8.57,6.96,8.53,8.22,8.47,9,9.15,5.61
CPSF6,7.91,8.38,8.01,7.93,7.68,7.95,8,7.65,7.91,7.82,8.33,7.84,7.99,8.28,7.59,7.63,7.69,7.7,7.76,7.72,7.44,7.48,7.9,7.33,7.39,7.19,7.85,7.85,8.16,8.37,7.67,8.49,7.23,7.58,7.55,7.33,7.43,7.63,7.27,7.78,7.72,7.85,8.04,8.45,7.69,7.93,7.71,7.7,8.11,7.23
CPSF7,6.8,6,6.71,6.53,6.85,5.82,6.93,7.09,6.62,6.77,5.77,6.34,6.09,5.77,6.94,6.71,6.88,6.7,6.58,6.78,6.17,6.43,5.95,6.79,6.57,6.96,6.78,6.72,5.88,6.09,6.86,4.53,7.2,7.09,7.01,6.6,6.47,6.91,5.02,6.62,6.5,5.8,6.67,4.85,6.92,6.26,6.69,6.52,6.39,5.73
CPSF7,9.45,9.56,9.5,9.6,9.48,9.64,9.54,9.53,9.38,9.55,9.38,9.41,9.21,8.16,9.54,9.54,9.59,9.35,9.37,9.37,9.57,9.55,9.55,9.41,9.32,9.46,9.61,9.38,9.59,9.61,7.03,8.86,9.47,9.4,9.43,9.61,9.76,9.73,9.21,9.38,9.46,9.63,9.67,8.18,9.5,9.58,9.54,9.35,9.58,7.52
CPT1A,6.19,6.35,6.15,6.29,6.58,6.01,5.75,6.61,6.55,6.25,6.12,6.49,6.19,6,6.63,6.2,6.59,6.73,6.68,6.73,6.69,6.38,6.46,6.59,6.67,6.72,6.84,6.73,6.34,5.45,6.59,6.03,6.21,6.36,6.49,6.66,6.25,6.33,7.06,6.74,6.16,6.49,6.59,5.56,6.26,5.84,6.56,6.49,6.21,6.4
CPT1A,10.04,10.19,10.07,10.03,10.24,10.25,10.25,10.18,10.02,10.05,10.21,10.09,10,10.39,10.18,10.06,10.14,10.38,10.43,10.5,10.04,9.92,10.06,10.23,10.1,10.15,10.11,9.97,10.06,10.1,8.89,10.76,9.95,9.92,9.86,10.07,10.03,10.12,10.13,10.22,10.16,10.25,10.34,9.22,10.1,10.13,10.02,10.12,10,8.24
CPT1A /// RDH5,6.51,6.56,6.74,6.7,6.64,7,6.21,6.82,6.33,6.65,6.79,6.69,6.28,6.4,6.6,6.66,6.66,6.62,6.82,6.74,6.59,6.7,6.46,6.35,6.74,6.5,6.56,6.69,6.88,6.59,7.5,5.5,6.67,6.83,6.59,7.06,7.29,7.05,6.94,6.55,6.66,6.79,6.94,8,6.47,6.07,6.56,6.66,6.75,6.4
CPT1C,4.97,5.01,5,5.34,5.4,5.04,5.49,5.46,4.96,5.18,5.18,5.1,5.11,4.76,5.12,5.27,5.06,5.16,5.09,5.37,4.71,5.18,4.8,4.93,4.93,5.34,5.33,5.23,5.59,5.1,6.21,4.85,5.11,4.76,4.8,4.99,5.1,5.09,5.6,4.97,5.04,5.43,5.3,5.3,5.12,4.67,5.24,5.54,5.48,5.26
CPT1C,5.25,5.51,4.94,5.46,5.72,5.01,5.83,5.04,5.17,5.41,5.13,5.43,5.46,5.63,5.32,5.07,5.36,5.13,5.31,5.32,5.05,5.5,5.33,5.57,5.24,4.81,5.44,5.37,5.34,5.09,5.19,6.26,5.28,5.64,5.46,5.04,5.18,5.44,5.01,5.46,5.21,5.3,5.3,5.33,4.75,5.03,5.1,5.37,5.37,5.09
CPT1C,5.19,5.34,5.28,4.98,4.9,4.94,5.18,5.59,5.36,5.57,5.96,5.32,5.11,5.04,4.9,4.8,4.75,4.95,5.44,5.03,5.12,5.18,5.05,4.85,4.96,4.89,5.13,5.28,5.56,4.62,5.34,5.36,4.72,4.53,4.96,4.88,5.09,4.78,5.3,5.76,5.59,5.63,5.17,5.39,4.79,5.01,5.42,5.26,5.61,5.64
CPT1C,4.55,4.88,4.98,4.64,5.17,5.02,4.37,5.48,5.09,4.79,4.87,4.95,4.83,5.37,4.47,4.58,4.91,4.78,4.9,4.84,4.5,4.74,4.63,4.62,4.98,4.56,4.9,5.03,4.73,4.82,6.65,5.65,4.33,4.42,4.6,4.7,4.62,4.68,4.61,4.91,5.91,4.96,5.55,5.46,4.95,5.12,4.6,5.07,5.19,5.28
CPT2,8.2,8.27,8.24,8.13,8.23,8.16,7.88,8.39,8.17,8.42,8.19,8.16,8.23,7.33,8.2,8.26,8.18,8.25,8.18,8.09,8.5,8.5,8.51,8.09,8.21,8.38,8.29,8.23,8.52,6.46,6.06,6.54,8.2,8.16,8.22,8.29,8.2,8.18,7.6,8.25,8.16,8.23,8.24,6.26,8.14,8.39,8.27,8.18,8.35,7.75
CPVL,3.73,3.76,3.78,3.84,4.07,3.84,3.74,4.15,3.83,3.87,4.01,3.79,3.78,6.09,3.56,3.95,3.92,3.92,3.8,3.93,4.07,4.05,3.94,3.71,3.83,3.64,3.63,3.78,4.12,3.47,4.2,5.74,3.82,4,3.88,3.87,3.83,3.74,4.5,3.64,3.72,3.94,3.91,4.9,4.06,3.73,4.12,3.8,3.81,3.95
CPXCR1,3.85,3.75,3.82,3.81,4.57,4.48,3.68,3.64,3.75,3.74,3.99,4.05,4.05,4.66,5.14,4.99,4.85,3.93,4.03,3.83,4.39,4.03,4.13,4.62,4.75,4.85,3.94,3.91,3.77,4.2,4.85,4,4.24,4.41,4.31,5.08,4.71,4.49,4.51,3.61,3.59,3.81,4.06,4.61,3.61,3.75,3.82,3.84,3.95,4.83
CPXM1,4.08,4.57,4.02,4.19,4.45,3.88,4.15,4.17,4.2,4.05,4.23,4.38,4.17,5.02,4.02,4.24,3.81,4.26,4.08,4.04,4.39,4.16,4.36,4,3.91,3.7,4.32,4.34,4.48,4.13,5.7,5.77,4.4,3.92,4.15,3.9,4.2,3.91,4.75,3.98,3.96,4.21,3.98,4.71,4.18,4.08,3.85,3.9,4.03,4.51
CPXM2,4.88,5.24,4.83,4.87,5.03,4.81,5.97,4.7,5.19,4.92,5.47,4.95,5.33,5.74,5.01,5.03,4.96,4.96,5.24,4.89,5.08,5.05,5.15,4.88,4.79,4.84,4.71,4.9,5.18,4.81,5.55,5.24,5.24,4.99,4.83,4.83,4.46,4.75,4.92,4.93,5.14,5.14,4.7,4.85,4.98,4.77,5.32,4.87,4.93,4.92
CPXM2,3.7,3.69,3.67,3.7,3.7,3.88,3.47,4.28,3.69,3.66,3.72,3.72,4.06,4.45,3.79,3.84,3.75,3.67,3.9,3.67,3.95,4,3.75,3.79,3.62,3.72,3.61,3.85,3.58,3.98,5.19,5.57,3.73,3.46,3.76,3.73,3.57,3.67,3.79,3.68,3.52,3.69,4.11,4.17,3.82,3.64,3.71,3.59,3.73,4.95
CPXM2,4.36,4.44,4.47,4.54,4.32,3.85,4.59,4.64,4.45,4.73,4.69,4.55,4.6,4.84,4.58,4.95,4.47,4.76,4.55,4.61,4.55,4.66,4.45,4.46,4.88,4.76,4.61,4.58,4.59,4.67,7.13,5.62,4.72,4.47,4.6,4.44,4.66,4.68,5.32,4.91,4.77,4.79,4.7,5.57,4.56,4.91,4.61,4.7,4.72,5.13
CPZ,4.1,4.29,4.07,3.99,4.07,4.57,4.57,4.01,4.33,3.88,4.27,4.24,4.32,5.2,4.02,3.97,4.11,4.23,4.05,3.88,4.02,4.26,4.33,4.08,4.31,3.95,4.02,4.13,3.97,5.06,5.53,4.46,4.22,4.31,4.07,4.03,4.08,4.13,4.85,3.85,3.93,4.26,4.2,4.37,4.26,3.79,4.3,4.04,4.02,5.65
CR1,3.81,3.91,3.97,3.85,3.98,3.49,3.79,4.11,3.81,4.01,4.02,4.1,4.03,4.35,3.68,4.2,4,3.55,3.95,3.71,3.71,3.92,3.96,3.98,4.03,3.84,3.78,4.22,4.16,4.5,4.19,5,4.14,3.89,4.05,3.93,4.12,3.86,3.85,3.92,3.85,3.94,3.84,4.37,3.98,3.82,4.34,3.66,3.76,4.64
CR1,3.7,3.86,3.8,3.93,3.8,3.94,3.61,3.89,4.06,4.11,4.11,3.8,3.72,4.67,3.85,3.99,3.93,3.75,3.75,3.61,3.75,4.2,3.89,4.08,4,3.75,4.32,4.14,3.85,4.16,4.15,5.96,3.92,3.74,3.73,3.95,3.97,3.96,4.1,3.77,3.84,3.8,3.86,5.27,3.74,3.87,3.81,4.24,3.93,4.6
CR1 /// CR1L,4.38,4.35,4.3,4.19,4.61,4,4.32,4.55,4.33,4.2,4.18,4.31,4.36,4.95,4.28,4.25,4.42,4.17,4.25,4.29,4.3,4.59,4.23,4.21,4.42,4.35,4.33,4.31,4.19,4.84,5.34,4.33,4.3,4.29,4.28,4.28,4.29,4.18,4.84,4.24,4.23,4.19,4.35,4.73,4.52,4.6,4.12,4.32,4.21,5.23
CR1L,5.5,5.39,5.78,5.67,6.25,6.39,5.9,5.66,5.62,5.54,5.87,5.6,5.68,6.26,5.8,6.06,5.83,5.81,5.83,5.71,5.51,6.15,5.72,5.85,5.78,5.53,5.67,5.81,5.63,6.32,7.23,6.52,5.87,5.86,5.82,5.6,5.83,5.94,6.48,5.82,6.02,5.8,5.55,7.57,5.72,6.16,6.18,5.64,5.56,7.7
CR1L,4.05,3.73,3.87,3.88,3.99,4.17,4.53,4.3,3.97,4.22,4.28,3.82,3.98,5.47,4.55,4.32,3.82,3.9,4.06,4.12,4.23,4.19,4.1,4.1,4.42,3.79,3.99,4.29,4.23,5.18,5.24,5.87,3.94,4.2,3.96,4.07,4.03,4.3,4.08,4.13,4.09,4.11,3.82,5.33,4,4.44,3.64,4.25,3.8,6.53
CR1L,3.94,4.05,3.97,3.86,3.99,3.76,4.2,3.9,3.93,4.07,4.01,3.94,3.81,4.52,3.69,4.11,3.76,3.64,3.74,4,4,4.17,3.9,3.78,4.26,3.85,3.88,4.05,3.91,4.94,5.3,5.44,4.01,3.93,4.04,3.88,3.9,3.84,4.54,3.92,3.99,3.91,4.2,4.45,4.05,3.95,3.78,3.83,3.93,6.36
CR2,8.89,8.62,8.49,8.69,8.02,7.99,7.07,8.65,8.78,8.94,8.5,8.8,8.69,6.9,7.29,7.25,7.23,8.26,8.39,8.46,8.07,8.05,7.88,7.21,7.51,7.39,8.33,8.52,8.01,5.72,6.71,7.86,7.53,7.9,7.73,7.49,7.48,7.53,7.05,7.79,7.81,8.19,8.25,6.12,8.7,8.87,8.93,8.22,8.45,7.84
CR2,10.67,10.73,10.53,10.75,10.23,10.48,10.26,10.33,10.81,10.72,10.88,10.7,10.73,10.2,9.52,9.32,9.4,10.4,10.34,10.31,10.16,10.35,10.44,9.45,9.51,9.45,10.45,10.65,10.46,9.82,8.86,10.04,9.66,9.78,9.82,9.52,9.29,9.56,9.73,10.02,9.91,10.66,10.59,10.64,10.74,11.04,10.87,10.41,10.59,9.7
CRABP1,4.09,4.02,4.08,4.08,4.2,3.77,4.5,3.75,4.17,3.9,4.15,3.98,4.08,4.04,4.13,4,3.77,3.91,4.02,3.93,4.32,4.22,4.3,3.9,3.96,3.73,4.08,4.08,4.06,4.35,4.41,4.36,3.97,3.92,3.9,3.84,4,4.1,4,3.69,3.78,4.24,4.09,5.57,4.18,3.97,3.79,3.92,4,4.14
CRABP2,5.2,5.13,5.47,5.52,5.51,5.38,6.57,5.92,5.42,5.67,5.44,5.27,5.16,4.91,5.19,5.3,5.49,5.15,5.39,5.47,5.43,5.26,5.31,5.3,5.49,5.38,5.76,5.55,5.91,5.92,4.86,4.85,5.02,5.02,4.94,5.17,5.75,5.51,4.89,5.95,5.72,5.56,5.86,5.77,6.51,6.04,6,5.67,5.81,6
CRABP2,4.87,4.52,4.67,4.75,4.73,4.46,5.52,4.32,4.68,4.7,4.76,4.25,4.49,4.08,4.43,4.64,4.57,4.91,4.67,4.4,4.53,4.74,4.44,4.5,4.67,4.26,4.91,4.68,4.51,7.04,4.96,5.18,4.4,4.71,4.31,4.34,4.59,4.99,4.34,4.68,5.13,4.74,4.68,5.35,4.64,5.35,5.2,4.44,5.06,3.97
CRABP2,5.3,5.24,5.16,5.29,5.47,5.44,6.35,5.92,5.04,5.21,5.42,5.23,5.13,5.47,4.94,5.11,5.14,4.85,5.08,5.02,4.99,4.84,4.89,4.8,5.1,4.87,5.43,5.02,5.62,6.83,5.14,5.76,4.34,4.72,4.82,5.08,4.68,5.11,5.32,5.68,5.47,5.82,5.65,5.14,5.77,5.55,6.4,5.15,5.55,6.87
CRADD,6.85,6.73,7.05,6.97,6.98,7.22,6.87,7.22,6.96,6.96,6.79,6.79,6.63,6.08,7.23,7.28,7.22,7,7.02,7.16,7.35,7.43,7.09,7.52,7.51,7.58,6.91,7.06,6.88,6.17,4.92,5.77,6.81,6.9,6.98,7.13,7.04,7.32,6.39,7.27,6.99,7.32,7.31,6.35,8.56,8.38,8.46,7.09,6.68,5.83
CRADD,7.47,7.13,7.6,7.49,7.7,7.32,7.48,7.54,7.28,7.25,7.23,7.43,7.21,7.42,7.51,7.59,7.58,7.33,7.81,7.58,7.62,7.69,7.64,7.55,7.7,8.03,7.38,7.51,7.14,6.31,6.94,5.87,7.3,7.5,7.45,7.59,7.12,7.49,7.14,7.38,7.44,7.55,7.73,7.88,8.69,8.41,8.53,7.51,7.3,7.82
CRADD,8.59,8.83,8.67,8.58,8.98,8.96,7.97,8.52,8.79,8.56,9.15,8.63,8.71,9.06,8.78,8.77,9.15,8.86,8.85,8.64,9.17,8.85,9.32,9,9.01,9,8.7,8.65,8.82,8.43,6.86,7.42,8.6,8.46,8.5,8.87,9.09,8.72,8.45,8.72,8.89,9.01,9.12,9.48,10.22,10.26,10.04,8.98,8.86,8.84
CRADD,4.02,4.1,3.75,4.12,3.96,3.87,4.28,3.56,4,3.86,4.23,3.98,4.11,4.46,3.73,4.42,3.97,3.92,3.94,4.03,4.53,4.15,4.05,3.93,3.72,3.66,4.04,4.17,4.07,4.87,5.3,4.52,4.23,3.91,3.93,3.83,3.89,4,4.21,3.81,3.65,4.58,4.23,4.49,3.65,4.03,4.06,3.8,4.02,4.16
CRAMP1L,7.24,6.82,6.94,7,6.84,6.91,5.64,7.69,7.01,7.23,7.33,7.07,6.81,6.76,7.68,7.84,7.63,7.12,7.11,6.97,6.99,7.55,7.23,7.65,7.76,7.5,6.98,7.19,7.32,5.11,5.59,6.06,7.7,7.88,7.81,7.76,7.9,7.64,6.55,7.35,7.46,7.58,7.62,6.57,7.02,7.49,7.31,7.37,7.35,6.68
CRAMP1L,8.4,8.5,8.5,8.6,8.59,8.8,8.43,8.65,8.42,8.47,8.76,8.42,8.24,9.01,9.04,8.98,8.98,8.45,8.39,8.62,8.55,8.71,8.71,9.14,9.08,8.93,8.59,8.58,8.7,8.12,8.32,8.86,9.01,9.21,9.28,9.18,9.25,9.08,8.57,8.92,8.74,8.95,8.88,8.76,8.43,8.6,8.67,8.71,8.76,9.18
CRAT,7.6,7.39,7.92,8.09,8.33,8.18,8.54,7.78,7.71,7.59,8.01,7.71,7.68,8.55,7.87,7.98,7.84,7.92,7.93,7.56,7.81,7.92,7.81,8.09,8.02,7.82,7.85,7.96,7.95,8.81,9.31,9.12,7.56,7.75,7.86,8.01,8.15,8.03,7.8,7.53,8.44,8.28,8.07,8.56,7.87,8.51,7.92,7.83,7.88,8.96
CRB1,4.46,4.34,4.48,4.33,4.92,4.51,4.37,4.26,4.42,4.4,4.76,4.42,4.42,5.46,4.64,4.33,4.49,4.44,4.56,4.64,4.46,4.47,4.53,4.68,4.84,4.4,4.49,4.95,4.69,4.3,5.79,5.24,4.45,4.37,4.49,4.83,4.44,4.7,4.52,5.5,4.74,4.56,4.57,5.43,4.62,4.34,5,4.74,4.56,5.3
CRB1,4.03,3.76,3.57,4.04,3.73,4.05,3.6,3.63,3.91,4.12,3.74,4.03,3.74,3.82,3.64,3.64,3.75,3.91,4.06,3.84,3.98,4,3.9,3.59,3.84,3.68,3.64,3.75,3.92,3.74,5.68,3.76,4,4.11,3.98,3.52,3.76,3.55,4.08,3.58,3.82,3.69,3.95,4.98,3.71,4.17,3.75,3.66,3.61,4.03
CRB1,4.15,5.03,4.03,4.4,4.32,4.21,4.07,3.75,4.74,4.29,4.71,4.63,4.85,4.35,4.22,4.2,4.23,4.12,4.22,4.2,4.6,4.56,4.62,4.16,3.94,4.4,4.44,4.18,4.57,4.57,4.89,4.89,4.22,4.33,4.11,3.95,4.12,3.82,4.45,3.91,3.92,4.12,4.23,4.4,4.46,4.13,3.95,4.05,4.24,4.31
CRB1,4.2,4.25,4.44,4.42,4.44,4.6,4.07,4.29,4.35,4.32,4.06,4.36,4.34,4.46,4.15,4.37,4.19,4.25,4.42,4.33,4.56,4.13,4.32,4.27,4.1,4.4,4.28,4.28,4.56,5.19,5.99,6.85,4.35,4.38,4.43,4.13,4.98,3.91,4.22,4.1,4.62,4.36,4.6,5.74,4.67,4.49,4.26,4.35,4.71,4.67
CRB1,5.22,5.13,5.24,5.17,5.32,5.28,4.63,5.63,5.45,4.95,5.51,5.01,5.14,6.3,5.21,5.23,5.37,5.41,5.03,5.34,5.3,5.5,5.21,5.68,5.16,5.1,5.22,5.32,5.51,6.4,6.03,6.81,5.05,5.17,5.17,5.03,5.51,5.74,5.74,5.43,5.22,5.41,5.87,6.08,5.53,5.57,5.63,5.45,5.27,7.33
CRB1,3.87,4.1,3.6,4.09,4.26,3.67,3.72,4.78,4.12,3.95,4.09,4.11,4.03,5.2,4,4.15,3.77,4.37,4,4.3,4.02,4.18,4.21,3.8,4.27,4.03,3.92,4.36,3.9,4.92,6.53,4.93,4.02,3.88,4.21,3.88,3.56,4.05,3.69,3.94,4.02,3.81,4.35,4.93,4.27,4.05,4.32,4.28,4.04,5.61
CRB2,4.2,4.26,4.08,4.38,4.23,3.98,4.21,4.42,4.34,4.05,4.27,4.39,4.34,5.14,4.27,4.4,4.32,4.37,4.22,4.37,4.24,4.24,4.3,4.25,4.33,4.45,4.16,4.35,4.17,4.23,4.4,5.93,4.2,4.2,4.24,4.21,3.85,4.28,4.98,4.4,4.08,4.21,4.21,5.2,4.23,4.21,4.85,4.33,4.35,4.69
CRB3,4.99,4.92,5.33,5.32,5.15,5.28,5.67,5.16,4.79,4.96,5.07,4.72,5.03,5.4,4.95,5.01,4.81,5.4,5.07,5.23,5.14,4.88,4.56,4.72,5.27,5.22,5.41,5,5.07,5.57,5.63,6.09,5.05,4.92,5.07,5.07,5.45,4.99,5.24,5.05,5.22,5.35,5.23,5.19,4.87,5.4,5.47,5.06,4.77,5.09
CRB3,4.74,4.82,4.89,4.74,5.25,4.88,5.46,5.22,4.83,5.03,4.97,4.85,4.54,5.63,4.77,5,5.02,5.26,4.88,4.87,4.71,4.79,4.96,5.09,5.66,4.92,4.98,5.01,5.46,5.41,5.1,6.66,4.92,4.88,4.85,5.4,5.14,5.3,6.1,5.08,5.43,4.94,4.74,6.27,5.4,5.19,5.23,5.02,4.75,5.61
CRB3,5.47,5.38,5.59,5.6,5.63,5.56,6.09,5.64,5.61,5.51,5.78,5.74,5.52,5.25,5.78,5.61,5.61,6.04,5.61,5.8,5.49,5.71,5.63,5.43,5.83,5.71,5.91,5.79,5.53,5.34,6.39,6.43,5.55,5.49,5.81,5.65,5.84,5.63,5.86,5.92,5.6,5.74,5.49,5.88,5.93,5.77,5.67,5.73,5.5,5.46
CRBN,7.85,7.98,7.96,7.87,7.71,7.48,7.5,7.81,7.81,7.95,8.12,8,7.98,7.51,8.13,7.77,8.19,7.92,8.02,8.24,7.91,8.12,8.14,8.06,8.28,8.14,7.84,7.8,7.8,6.71,6.29,7.27,7.52,7.73,7.79,8.06,7.93,8,7.5,7.98,7.96,8.33,8.06,8.17,8.14,7.83,8.01,8,8.13,7.48
CRBN,7.75,7.86,7.61,7.63,7.29,7.38,7.67,7.49,8.01,7.91,7.54,7.75,7.75,6.65,8.05,7.54,8.01,7.89,7.98,7.92,8.03,8.05,7.87,7.93,7.95,8.01,7.66,7.78,7.52,6.46,6.09,6.51,7.43,7.64,7.84,7.89,7.55,7.64,6.99,7.78,8.02,8.21,7.98,5.93,7.82,7.79,7.66,7.78,7.77,5.72
CRBN,8.98,8.87,8.73,8.68,8.73,8.88,9.11,8.89,9.12,9,8.94,8.77,8.97,7.89,9.15,9,9.09,9.11,9.02,9.05,9.15,9.2,9.3,9.18,8.96,9.19,8.88,8.94,8.86,8.26,6.76,8.83,8.85,8.87,8.9,9,8.96,8.75,8.94,8.99,9,9.44,9.39,8.33,9.02,9.15,9.06,8.92,8.68,8.41
CRCT1,4.97,4.68,4.57,4.85,4.75,5.02,4.74,4.89,4.72,4.62,4.97,4.75,4.78,5.48,4.86,5.27,4.75,5.13,4.77,4.63,5.04,4.9,4.82,4.46,4.77,4.69,4.96,5.06,5.01,4.54,6.07,5.17,4.96,4.61,4.91,4.79,4.83,4.7,4.7,4.82,4.83,4.68,5.28,4.76,4.97,4.9,5.24,4.71,4.69,5.87
CREB1,8.55,8.82,8.59,8.72,8.9,8.41,8.12,8.9,8.75,8.64,8.98,8.88,8.8,7.64,8.82,8.53,8.5,8.73,8.76,8.67,8.52,8.81,8.81,8.72,8.64,8.5,8.52,8.76,8.63,8.48,4.6,8.46,7.9,8.43,8.27,8.7,8.39,8.68,8.11,8.5,8.56,9.01,8.96,8.04,8.55,8.69,8.77,8.65,8.79,7.74
CREB1,8.82,8.57,8.54,8.37,8.45,8.65,8.99,8.37,8.78,8.64,8.76,8.27,8.16,8.03,8.87,8.77,8.71,8.76,8.78,9.02,8.75,8.68,8.79,8.89,8.87,8.7,8.71,8.59,8.57,7.57,6.12,7.94,8.56,8.34,8.54,8.74,8.53,8.15,8.66,8.74,8.56,8.88,8.66,6.76,8.82,8.72,8.81,8.18,8.06,8.12
CREB1,8.89,8.91,8.44,8.58,8.36,8.46,7.62,8.43,9,8.86,8.78,8.57,8.7,7.75,8.52,8.34,8.53,8.62,8.53,8.83,8.74,8.82,8.87,8.45,8.62,8.48,8.63,8.82,8.47,7.59,5.99,6.78,8.11,8.03,8.19,8.51,8.09,8.15,8.04,8.52,8.54,8.49,8.34,7.89,8.66,8.48,8.4,8.58,8.47,7.11
CREB1,7.26,6.93,7.17,6.7,6.16,6.69,6.65,6.9,7.18,7.14,6.21,6.81,7.09,5.64,6.68,6.95,7,6.98,7.02,7.14,7.37,6.89,6.41,6.68,6.81,7.07,6.97,6.89,6.32,5.16,6.8,5.51,7.17,6.69,6.72,6.66,6.34,6.78,6.48,6.82,6.82,6.47,6.47,6.64,7.06,6.48,6.51,6.95,6.8,5.87
CREB1,7.24,7.43,6.75,6.77,6.46,6.99,6.71,6.28,7.64,6.97,7.49,6.72,6.77,6.09,7.18,7,7.21,6.84,7.14,7.49,7.03,7.17,7.82,6.9,7,7.08,7.01,7.06,7.47,5.68,4.2,5.21,6.49,6.07,6.3,7.16,6.31,6.21,6,6.97,6.98,7.48,7.07,5.94,6.49,7.13,7.1,6.58,6.77,5.45
CREB1,5.68,6.09,5.55,5.54,5.67,6.02,5.45,5.71,5.7,5.67,6.08,5.99,5.86,6.79,5.49,5.56,5.75,5.72,5.89,6.2,5.51,5.78,5.54,5.58,6.22,5.41,5.62,6.07,6.13,5.22,5.17,6.54,5.16,5.32,5.27,5.77,5.63,5.39,5.86,5.79,5.69,5.98,5.92,6.96,6.06,5.25,5.89,5.79,5.82,7.02
CREB1,7.44,7.57,7.23,7,6.84,7.34,8.42,6.85,7.69,7.44,7.53,6.8,7,6.62,7.42,7.18,7.42,7.32,7.38,7.53,7.74,7.57,8.01,7.28,7.45,7.37,7.51,7.39,8.01,5.96,6.11,6.04,6.84,6.44,7.03,7.48,6.97,6.68,7.41,7.21,7.17,7.53,7.32,6.29,7.16,7.63,7.45,7.1,6.88,6.16
CREB3,9.55,9.37,9.62,9.54,9.64,9.65,9.45,9.42,9.47,9.37,9.37,9.64,9.58,7.34,9.73,9.64,9.83,9.74,9.6,9.64,9.91,9.75,9.73,9.93,9.87,9.85,9.6,9.4,9.41,9.01,6.02,8.15,9.84,9.69,9.73,9.73,9.68,9.75,9.49,9.64,9.68,9.45,9.47,6.93,9.49,9.36,9.37,9.47,9.44,7.51
CREB3L1,4.6,4.57,4.55,4.2,4.64,4.12,5.44,4.29,4.53,4.52,4.56,4.73,4.31,5.46,4.85,4.33,4.38,4.55,4.49,4.52,4.39,4.45,4.35,4.27,4.54,4.45,4.29,4.51,4.87,4.66,5.55,6.42,4.39,4.34,4.38,4.05,4.21,4.39,4.27,4.12,4.32,4.25,4.4,4.53,4.32,4.2,4.14,4.46,4.26,4.52
CREB3L1,3.98,3.93,4.22,4.02,4.16,3.85,3.91,4.52,3.79,4.14,4.06,3.82,3.89,5.19,4.27,4.36,4.08,4.23,3.95,4.28,4.32,4.08,3.79,4.19,4.28,3.87,4.03,4.04,4.18,3.73,4.54,5,4.09,3.88,4.17,4.24,3.95,4.31,4.13,4.25,4.27,4.13,4.4,5.19,4.17,4.17,4.32,4.21,4.06,6.19
CREB3L2,4.35,4.22,4.92,4.55,4.04,4.8,4.27,4.67,4.43,4.79,4.46,4.45,4.23,5.52,4.81,4.52,4.36,4.96,4.42,4.73,4.26,4.55,4.34,4.86,4.82,4.78,4.57,4.71,4.95,5.27,6.96,7.08,4.61,4.42,4.91,4.68,4.94,4.85,3.91,4.23,4.68,4.72,4.56,7.36,4.65,4.27,4.54,4.26,4.78,7.9
CREB3L2,9.99,10.1,9.88,9.97,10.05,10.04,9.8,10.08,9.87,10.07,10.21,9.91,9.87,9.94,9.81,9.76,9.78,9.9,9.99,10.07,9.92,9.9,9.87,9.83,9.8,9.79,10.05,10.03,10.1,9.52,8.8,9.05,9.68,9.71,9.75,9.83,9.72,9.54,10.01,10.06,10.06,9.71,9.85,9.32,9.98,10.07,10.05,9.86,9.95,9.14
CREB3L2,3.69,3.97,3.73,3.83,4.15,3.76,4.52,4.2,3.97,4.01,4.15,3.93,3.93,4.71,4.12,3.89,4.18,4.05,3.89,3.98,3.99,4.04,4.02,4.4,3.93,4.03,3.99,4.17,3.96,3.91,5.95,4.13,4.12,4.15,3.96,3.87,4.17,4.06,4.76,4.03,4.06,3.87,4.06,4.55,4.8,3.96,4.36,3.99,3.85,4.68
CREB3L2,4.28,4.02,4.46,4.43,4.35,4.04,4.16,4.6,4.17,4.46,4.16,4.34,4.12,4.84,4.5,4.26,4.51,4.76,4.12,4.77,4.56,4.39,4.28,4.56,4.39,4.31,4.18,4.55,4.47,4,3.93,5,4.12,4.2,4.1,4.39,3.97,4.09,4.28,4.6,4.3,4.21,4.39,5.1,4.33,4.16,4.54,4.05,4.44,5.19
CREB3L2,4.03,3.95,3.92,4.2,4.2,4.39,4.04,3.7,4.11,4.14,4.1,3.93,4.22,4.91,3.98,4.42,3.9,3.98,4.05,4.16,3.96,4.27,3.94,3.86,3.88,3.56,4.03,4.36,3.82,4.19,4.55,4.13,3.9,3.82,4.4,3.81,4.53,4.12,4,4.14,3.8,3.72,4.04,5.85,3.96,3.83,3.84,3.98,4.21,4.39
CREB3L2,5.86,5.75,6.02,6.16,6.19,6.13,5.19,5.56,5.89,5.79,6.15,6.03,5.9,6.14,6.19,6.03,5.69,6.38,6.21,6.17,6.07,5.96,5.59,5.48,5.86,5.91,5.65,6.02,5.73,4.46,6.69,5.04,5.99,6.4,5.97,6.14,6.04,5.7,5.88,6.26,6,5.77,5.46,6.51,6.03,6.09,6.17,5.64,5.85,5.6
CREB3L2,6.4,6.12,6.11,6.21,6.74,6.33,6.39,6.2,6.5,6.18,6.4,6.37,6.21,6.39,6.4,6.32,6.39,6.5,6.65,6.5,6.42,6.38,6.27,6.35,6.3,6.12,6.33,6.55,6.5,5.39,6.25,6.45,6.76,6.2,6.26,6.54,6.45,6.4,6.59,6.51,6.64,6.36,6.17,7.19,6.39,6.51,6.78,6.4,6.38,6.91
CREB3L3,4.63,4.7,4.77,4.79,4.65,5.01,5.32,4.51,4.82,4.72,4.69,4.35,4.35,5.62,4.87,4.79,4.84,4.59,4.7,4.87,4.41,4.6,4.7,4.83,4.57,4.93,4.99,4.94,5.21,5.61,6.97,6.48,4.48,4.62,4.97,4.66,4.81,4.67,4.63,4.41,4.64,4.97,4.62,6.03,4.95,5.03,4.96,4.57,4.75,4.69
CREB3L3,4.18,4.28,4.52,4.41,4.08,4.32,5.68,4.38,4.53,4.2,4.3,4.23,4.4,5.6,4.18,4.19,4.21,4.88,4.35,4.22,4.5,4.39,4.18,4.23,4.04,4.63,4.19,4.38,4.35,5.21,5.85,5.18,4.24,4.38,4.23,4.11,4.12,4.36,4.5,4.14,4.91,4.23,4.48,5.81,4.74,4.33,4.69,4.22,4.57,6.25
CREB3L3,5.17,5.34,4.89,5.1,4.62,5.43,4.77,4.79,5.18,5.06,5.34,4.85,4.97,6.82,4.78,4.81,4.85,5.01,5.07,4.92,5.28,5.32,5.43,4.88,4.9,4.99,4.95,4.96,5.11,5.59,5.37,6.12,5.03,4.96,4.71,5.06,4.93,4.79,5.3,4.63,4.99,5.09,5.26,5.94,5.01,4.69,4.99,4.83,4.75,5.06
CREB3L4,7.51,7.54,7.49,7.66,7.92,7.72,7.26,7.29,7.61,7.51,7.37,7.54,7.42,6.5,7.36,7.56,7.56,7.74,7.78,7.73,7.26,7.38,7.38,7.58,7.47,7.22,7.61,7.49,7.49,7.55,5.97,7.63,7.37,7.43,7.49,7.79,7.33,7.72,7.17,7.43,7.59,8.14,8.28,8.2,7.63,7.79,7.57,7.47,7.84,7.34
CREB3L4,4.28,4.06,4,4.49,4.44,3.85,3.82,4.07,4.15,4.18,4.57,3.9,3.98,4.97,3.89,3.91,4.11,4.16,4.12,4.59,4.08,4.33,3.86,4.15,4.02,3.88,4.1,4.29,4.15,3.7,6.49,4.11,3.97,4.09,3.98,4.33,4.06,4.05,3.72,4.49,4.03,4.21,4.04,4.81,3.9,4.03,4.25,4.27,3.89,5.5
CREB5,3.84,3.89,3.63,4.02,3.72,4.21,4.16,3.72,3.86,3.81,4.08,4.05,3.86,3.81,4,3.71,3.96,3.76,3.9,3.63,3.9,3.67,4.09,4.49,3.97,3.94,3.81,3.71,3.42,3.95,3.62,4.06,3.85,4.09,3.75,3.94,3.98,4.19,4.09,3.97,3.91,3.88,3.78,3.65,3.62,3.23,3.51,3.97,3.96,3.67
CREB5,4.78,4.69,4.77,4.61,4.75,4.98,4.65,5.03,4.86,4.56,5.03,4.64,4.87,6.36,5.46,5.37,4.93,4.85,4.76,4.91,4.66,4.84,4.84,4.84,5.03,5.36,4.97,5.07,5.31,4.46,5.08,7.09,4.58,4.71,4.74,5.15,5.16,5.46,4.67,4.9,5.12,5.18,4.88,5.78,4.46,5.02,5.01,4.71,4.96,6.85
CREB5,3.83,3.69,3.79,3.97,4.53,3.93,4.37,3.63,3.96,3.46,3.86,3.84,3.61,4.16,3.96,3.77,3.71,4.04,4,3.77,4.05,3.71,3.61,3.85,3.89,4.04,4.03,4.04,3.89,4.91,4.01,4.1,4.04,3.72,4.02,4.01,3.52,3.54,4.5,3.89,3.57,4.15,4.12,5.31,4.12,3.79,4.44,3.79,4.13,4.17
CREB5,4.59,4.11,4.34,4.54,4.77,4.83,4.7,4.49,4.27,4.48,4.44,4.31,4.31,4.5,4.78,4.36,4.38,4.55,4.31,4.48,4.66,4.69,4.24,4.18,4.68,4.48,4.3,4.43,4.66,4.26,6.27,5.47,4.34,4.71,4.87,4.79,4.52,4.33,5.35,4.35,4.57,4.63,4,5.1,4.56,4.64,4.31,4.61,4.3,5.04
CREB5,4.15,5.03,4.23,4.38,3.55,4.09,4.37,3.88,4.35,4.73,4.3,4.69,4.8,4.65,4.34,4.5,4.19,4.11,4.2,4.16,4.31,4.41,4.65,4.15,4.14,4.02,4.43,4.22,3.91,4.32,4.49,6.27,4.18,4.43,4.26,4.56,3.96,4.02,3.74,4.11,4.03,4.04,3.77,3.59,3.79,3.83,3.81,4.25,4.13,3.74
CREBBP,7.3,7.44,6.87,7.08,6.87,7.15,6.91,6.99,7.34,7.01,7.48,7,7.4,6.56,7.03,6.82,7.17,6.72,7.01,6.96,6.97,6.73,7.38,6.87,7.01,7.16,6.99,6.87,7.38,7.09,6.65,7.09,6.98,6.93,6.8,6.94,7.08,7.01,6.79,7.09,7.15,6.89,7.19,7.16,7.06,6.74,6.48,7.16,7.56,6.59
CREBBP,7.12,7.31,6.73,6.79,6.46,6.89,7.12,7.04,6.83,6.94,7.1,6.98,7.38,7.94,7.02,7.34,6.89,7.04,7.03,6.88,7.13,7.25,6.96,6.81,6.73,6.91,6.92,6.74,7.36,8.07,6.94,7.25,7.09,7.24,6.98,7,7.34,6.87,6.34,7.08,7.16,7.16,6.81,6.6,6.64,7.36,6.64,6.91,7.36,7.18
CREBBP,6.35,6.34,6.34,6.47,6.16,6.52,6.51,6.99,6.24,6.38,6.24,6.43,6.21,5.78,6.49,6.76,6.4,6.29,6.39,6.44,6.55,6.43,6.52,6.6,6.53,6.41,6.35,6.53,6.44,6.12,6.85,5.54,6.37,6.68,6.67,6.52,6.36,6.28,6.09,6.49,6.48,6.86,6.62,6.4,6.24,6.43,6.7,6.57,6.82,6.04
CREBBP,9.81,10.06,9.8,9.95,9.81,9.98,9.85,9.81,10,9.83,9.9,9.86,10.01,9.54,9.96,9.8,10.04,9.74,9.94,9.8,9.85,9.86,10.07,9.89,9.97,9.99,9.8,9.83,9.95,9.79,7.57,9.15,9.83,9.92,9.88,9.96,10,10.04,10.14,10,10.09,10.08,9.92,9.79,9.71,9.78,9.55,10.03,10.08,9.6
CREBBP,8.28,8.42,8.58,8.45,8.65,8.44,8.54,8.17,8.13,8.31,8.59,8.23,8.16,7.49,8.59,8.51,8.56,8.53,8.4,8.49,8.3,8.2,8.36,8.63,8.52,8.35,8.44,8.2,8.47,7.82,6.3,8.31,8.3,8.49,8.27,8.44,8.65,8.54,8.85,8.57,8.51,8.68,8.74,7.83,8.32,7.96,8.36,8.6,8.6,8.7
CREBL2,7.82,7.61,7.86,7.87,7.59,7.79,7.22,7.83,8.02,7.87,7.75,8.13,7.79,6.86,8.43,8.03,8.26,7.89,7.99,7.88,8.03,8.21,7.94,8.28,8.26,8.31,7.92,8.11,7.43,8.46,3.8,5.88,7.95,8.23,8.11,8.35,7.94,8.38,6.77,7.88,7.51,7.87,7.64,5.09,7.87,7.33,7.84,7.94,7.83,7.75
CREBL2,7.76,8.07,7.93,8.18,7.83,7.98,6.29,7.75,7.85,7.95,8.39,8.03,7.86,8.03,8.17,8,8.23,8.05,8.01,8.09,8.07,8.36,8.42,8.27,8.29,8.42,7.74,7.98,7.86,7,5.77,8.03,7.56,7.82,7.64,8.28,8.03,8.22,7.35,7.99,7.82,8.29,8.35,8.09,7.69,7.42,7.79,8.16,7.98,7.5
CREBL2,7.83,7.81,7.74,7.9,7.82,7.71,7.04,7.68,8.02,7.99,7.92,8.02,8.08,6.12,8.06,7.96,8.16,7.67,7.74,7.84,8.23,8.42,8.49,8.14,8.21,8.33,7.59,8.07,7.93,6.66,5.8,7.37,7.82,8,7.93,8.39,8.16,8.2,6.76,7.73,7.87,8.24,8.06,7.03,7.71,7.75,7.56,7.96,7.96,6.39
CREBL2,9.16,9.17,9.2,9.32,9.1,9.24,8.63,9.13,9.41,9.5,9.36,9.4,9.23,8.48,9.53,9.41,9.6,9.23,9.18,9.19,9.63,9.55,9.81,9.65,9.83,9.62,9.31,9.29,9.16,8.95,8.92,8.22,9.33,9.38,9.51,9.74,9.5,9.67,8.9,9.45,9.19,9.47,9.73,8.8,9.25,9.26,9.31,9.31,9.14,7.98
CREBZF,7.75,7.7,7.53,7.67,7.46,7.88,7.74,7.6,7.78,7.48,7.47,7.36,7.64,6.97,7.39,7.19,7.41,7.15,7.38,7.45,7.23,7.16,7.19,7.09,7.01,7.49,7.44,7.35,7.65,7.28,5.42,6.83,7.94,7.8,7.62,7.23,7.45,7.41,6.69,7.13,7.53,7.52,7.77,7.14,7.75,7.77,7.45,7.28,7.61,4.66
CREBZF,5.72,5.59,5.46,5.67,5.4,5.8,5.38,5.65,5.66,5.77,5.41,5.95,5.52,5.2,5.69,5.44,5.67,5.71,5.92,5.56,6.01,5.7,5.52,5.97,5.58,5.67,5.75,6.01,5.3,5.08,4.34,5.22,6.39,6.05,5.88,5.88,4.88,5.46,4.92,5.76,5.39,5.81,5.79,5.66,5.88,5.64,5.38,5.74,5.39,5.19
CREBZF,8.16,8.44,8.19,8.22,8.26,8.18,8.23,8.23,8.25,8.28,8.32,8.05,8.03,8.09,8.02,8.12,8.01,7.9,8.03,8.28,7.99,7.89,8.02,7.8,8,7.98,8.25,8.08,8.26,8.28,6.84,7.43,8.23,8.4,8.23,8.13,7.82,8.18,7.39,7.96,7.85,8.34,8.47,7.4,8.17,8.15,8.2,7.79,8.1,7.64
CREBZF,6.91,6.92,6.74,6.62,6.42,6.32,5.9,6.93,6.88,6.91,6.73,6.81,6.9,6.49,6.58,6.48,6.56,6.33,6.48,6.79,6.4,6.48,6.56,6.53,6.46,6.4,6.63,6.78,6.54,6.3,5.41,6.52,6.2,6.39,6.46,6.64,6.37,6.56,5.51,6.33,6.31,6.48,6.53,6.86,6.43,6.32,6.64,6.55,6.65,6.59
CREBZF,6.38,6.7,6.47,6.48,6.27,6.18,5.94,6.46,6.74,6.92,7.05,6.56,6.57,7.4,6.36,6.17,6.28,6.32,6.3,6.52,6.23,6.48,6.81,6.36,6.41,5.93,6.5,6.7,6.24,4.9,4.87,6.69,6.34,6.63,6.44,6.37,5.94,6.59,5.65,6.19,6.29,6.6,6.47,7.72,6.38,6.75,6.71,6.19,6.64,6.4
CREBZF,8.36,8.4,8.43,8.39,8,8.34,7.76,8.23,8.38,8.38,8.38,8.31,8.2,7.56,7.89,7.95,8.14,8.03,8.04,8.36,7.98,8.07,7.97,7.98,7.96,8.02,8.37,8.39,8.12,7.35,5.63,7.19,7.68,7.98,7.9,8.02,7.76,8.08,8.01,8.01,8.08,8.1,8.05,8,8.15,7.97,7.97,8.23,8.22,8.12
CREG1,8.29,8.41,8.54,8.41,8.39,8.24,8.43,8.26,8.67,8.31,8.4,8.3,8.43,7.37,8.3,8.38,8.59,8.2,8.26,8.04,8.52,8.36,8.69,8.29,8.4,8.58,8.39,8.31,8.59,6.97,5.51,7.12,8.21,8.27,8.09,8.26,8.47,8.24,7.92,8.38,8.4,8.14,8.07,6.38,8.61,8.74,8.45,8.44,8.74,5.42
CREG1,7.75,7.44,7.52,7.5,6.96,7,6.54,7.33,7.5,7.64,6.97,7.67,7.45,5.52,7.7,7.24,7.52,7,7.24,7.22,7.54,7.39,7.26,7.43,7.2,7.51,7.29,7.56,7.07,5.13,6.08,5.53,7.76,7.56,7.57,7.27,7.13,7.66,6.95,7.49,7.4,6.71,6.97,6.28,7.76,7.35,7.89,7.27,7.38,4.79
CREG2,3.81,3.41,3.6,3.52,3.55,3.75,4.2,3.54,3.5,3.29,3.84,3.75,3.76,4.26,3.77,3.74,3.59,3.41,3.62,3.43,3.6,3.49,3.63,3.48,3.46,3.38,3.8,3.43,3.52,5.18,4.49,6.22,3.71,3.69,3.46,3.66,3.73,3.42,3.94,3.49,3.73,3.7,3.78,3.97,3.77,3.9,3.48,3.4,3.42,5.02
CREG2,4.19,4,3.82,3.95,4.08,3.77,3.58,3.52,3.81,4.01,4.03,4.25,4.04,4.89,3.89,3.93,3.9,3.94,4.09,3.81,4.03,4.07,4.04,3.68,3.76,3.95,3.89,3.92,4.26,4.16,4.56,5.74,4.02,3.99,3.97,3.55,3.68,3.84,3.6,3.59,3.48,4.13,4.84,4.03,3.45,3.42,3.58,3.96,3.91,4.43
CRELD1,7.55,7.44,7.75,7.64,7.58,7.52,7.26,7.8,7.55,7.41,7.52,7.52,7.42,6.4,6.94,7.11,7.13,7.8,7.53,7.75,7.62,7.47,7.34,7.35,7.01,7.6,7.55,7.55,7.59,6.65,6.12,7.76,7.06,7.15,7.08,7.22,7.09,7.33,7.42,7.66,7.69,7.14,7.22,6.6,7.96,7.67,7.4,7.55,7.55,7.51
CRELD2,11.26,11.2,11.29,11.29,11.47,11.62,11.4,11.44,11.17,11.34,11.34,11.2,11.16,10.53,10.85,10.91,10.93,11.24,11.25,11.25,10.87,10.88,10.91,10.92,10.92,10.87,11.39,11.25,11.4,11.63,9.94,10.99,11.19,11.24,11.26,10.89,10.96,10.87,11.64,11.34,11.33,11.02,11.02,10.45,11.26,11.24,11.11,11.27,11.31,10.75
CRELD2,4.16,4.26,4.22,4.4,4.56,4.52,4.96,4.29,3.94,4.3,4.12,3.91,4.26,4.46,4.32,4.07,3.92,4.15,4.15,4.26,4.05,4.27,4.13,4.23,4.19,4.04,4.16,4.46,4.21,5.4,6.07,5.29,4.15,4.11,4.2,3.97,3.96,4.24,4.52,3.9,3.94,3.97,4.71,5.67,4.16,4.63,4.26,3.96,4.26,5.27
CREM,7.47,7.82,7.55,7.32,7.53,7.39,6.78,7.33,7.76,7.6,7.99,7.55,7.7,7.68,7.86,7.55,7.81,7.38,7.43,7.38,7.9,7.93,8.37,7.86,8.05,7.74,7.15,7.61,7.42,6.79,6.81,5.34,7.54,7.45,7.32,8,7.13,7.55,6.53,7.51,7.47,7.55,7.33,6.8,7.76,7.58,8.08,7.59,7.5,7.67
CREM,4.15,4.32,4.01,4.19,4.14,4.45,4.21,4.06,4.1,4.18,4.29,4.1,4.06,4.45,4.27,4.04,3.94,4.14,4.08,3.81,4.26,4.36,4.4,4.41,4.21,4,3.79,3.97,4.2,4.31,6.35,4.61,4.1,4.09,4.05,4.16,4.38,3.93,4.2,3.93,3.88,3.98,3.8,4.2,4.56,4.86,4.49,4.2,4.15,4.25
CREM,8.09,8.44,8.3,8.08,8.56,8.51,7.73,8.25,8.26,8.21,8.66,8.34,8.02,8.76,8.69,8.61,8.73,8.49,8.33,8.47,8.63,8.68,8.8,8.76,8.76,8.76,8.3,8.35,8.14,7.46,7.34,8.72,8.36,8.45,8.5,8.67,8.75,8.44,8.52,8.66,8.48,8.14,8.41,8.82,9.21,9.22,9.14,8.24,8.16,7.93
CREM,6.55,6.51,6.99,6.85,6.98,6.59,6.61,6.96,6.76,6.69,5.94,6.57,6.5,4.98,6.93,7.2,7.12,7.22,7.03,7.04,7.08,6.84,6.52,7.22,7.33,7.37,7.03,6.85,6.59,5.85,4.96,5.47,7.12,7.2,7.25,7.03,7.21,7.38,6.47,7.01,6.83,6.62,6.56,5.09,7.78,7.71,7.59,6.78,6.86,5.03
CREM,6.83,6.64,6.47,6.56,6.49,6.48,5.67,6.48,6.5,6.72,6.62,6.43,6.65,6.41,6.49,6.69,6.7,6.87,6.66,6.81,7.01,6.62,6.38,6.91,6.74,6.79,6.58,6.72,6.89,5.77,5.59,5.5,6.61,6.75,6.69,6.71,6.58,6.64,6.65,6.49,6.5,6.64,6.52,6.66,7.14,6.76,6.89,6.54,6.51,7.25
CREM,7.51,7.93,7.68,7.55,7.85,7.73,7.34,7.57,7.63,7.67,7.86,7.77,7.42,7.51,8.11,7.75,8.16,7.58,7.71,7.72,7.98,7.88,8.02,8.21,8.1,8.11,7.76,7.54,7.55,6.18,6.6,8.31,7.8,7.89,7.78,7.97,7.89,7.89,7.55,7.73,7.97,7.72,7.6,8.6,8.43,8.35,8.28,7.74,7.57,7.89
CREM,7.07,6.89,6.85,7.15,6.95,6.85,6.42,7.36,7.03,7.16,6.64,6.97,6.67,5.8,7.41,7.34,7.55,7.09,7.26,7.17,7.23,7.43,7.1,7.56,7.41,7.52,7.15,6.99,6.99,8.45,5.72,4.36,7.17,7.39,7.29,7.44,7.17,7.51,6.6,7.19,7.01,7.1,7.18,6.96,8.12,8,7.84,7.02,7.03,6.06
CREM,3.99,3.73,4.21,3.92,3.86,4.03,3.98,4.1,4.29,4.33,4.16,4.32,3.88,3.81,4.58,4.9,4.83,4.56,4.25,4.3,4.35,4.68,4.56,4.76,4.5,4.8,3.91,4.42,3.94,4.05,4.86,4.03,4.58,4.52,4.69,4.78,4.33,4.65,4.06,4.34,4.1,3.98,3.86,5.72,4.45,4.21,4.61,4.88,4,4.05
CREM,4.29,4.25,4.24,4.63,4.21,4.02,3.77,4.42,4.42,4.57,3.97,4.44,4.33,4.43,5.13,4.76,4.79,4.5,4.57,4.46,4.72,4.81,4.55,4.89,4.95,4.83,4.29,4.73,4.32,6.13,5.27,4.53,4.61,4.73,4.79,5.06,4.81,4.81,4.58,4.43,4.4,4.53,4.9,4.48,4.33,4.29,4.68,4.35,4.53,4.92
CREM,5.85,6.22,5.68,5.84,6.01,6.04,4.7,6.01,5.57,6.09,6,6.1,5.82,5.94,5.93,6.29,6.28,6.26,6.2,6.21,6.14,6.24,6.54,5.89,6.07,5.84,5.96,6.27,6.03,6.04,5.28,5.77,5.91,5.93,6.01,6.29,6.18,6.26,5.56,6,6.28,6.16,6.02,5.3,6.47,6.69,6.72,6.03,6.21,5.97
CRH,4.52,4.65,4.66,4.74,4.82,4.58,5.73,4.33,4.53,4.63,4.96,4.7,4.85,6.65,4.38,4.53,4.64,4.7,4.63,4.64,4.9,4.68,4.75,4.68,4.18,4.32,4.49,4.5,4.73,5.66,4.72,5.36,4.91,4.54,4.51,4.48,4.85,4.47,5.42,4.79,4.61,5.11,4.84,5.92,4.9,4.85,4.65,4.52,4.51,5.78
CRHBP,4.17,3.91,3.82,3.67,4.16,3.95,4.06,4.03,3.76,3.71,3.66,3.71,3.77,3.96,3.88,3.87,3.79,4.08,3.9,3.74,3.77,3.83,3.8,4.11,3.84,3.71,3.69,3.66,3.61,5.91,5.82,5.62,4.46,3.8,3.69,3.85,3.73,3.65,4.28,3.85,3.72,3.9,3.61,4.07,3.78,3.67,3.88,3.76,3.77,4.1
CRHBP,4.05,4.1,3.75,4.09,3.77,4.33,4.5,4.39,3.86,4.05,4.46,4.13,4.32,5.14,4.09,3.94,3.89,4.18,3.96,3.77,3.85,4.42,4.4,4.1,3.57,3.48,4,4.02,4.16,4.28,4.86,4.46,4.16,4.12,4.07,4.04,3.98,3.79,3.56,3.83,4.07,3.96,3.69,4.66,3.94,4,3.88,3.61,3.97,3.88
CRHR1,3.55,3.69,3.54,3.72,3.7,3.92,3.96,3.41,3.5,3.52,3.61,3.64,3.68,3.98,3.78,3.64,3.57,3.7,3.6,3.78,3.58,3.74,3.57,3.59,3.64,3.52,3.74,3.84,3.64,4.07,3.75,3.65,3.57,3.78,3.52,3.53,3.44,3.6,4.48,3.69,3.61,4.04,3.86,4.18,3.74,3.89,3.89,3.59,3.77,4.23
CRHR2,3.89,3.91,3.97,4.07,4.48,4.25,4.72,4.28,3.86,3.92,4.04,3.86,3.87,5.15,3.77,3.78,4.05,3.98,4.09,4.23,3.99,3.96,3.87,3.98,4.22,4.01,4.36,3.98,4.04,4.17,5.05,4.24,3.63,4.06,4,4.01,4.01,3.87,4.72,4.2,3.97,4.29,4.45,5.26,4.04,4.3,4.32,3.88,3.71,6.79
CRHR2,4.24,4.15,4.43,4.2,4.38,4.69,4.26,4.82,4.23,4.57,4.27,4.33,4.18,4.73,4.85,4.45,4.66,4.31,4.45,4.57,4.57,4.81,4.44,4.3,4.5,4.56,4.97,4.56,4.41,5.45,7.01,5.11,4.55,4.39,4.45,4.15,4.52,4.47,4.59,4.43,4.88,4.44,4.69,5.62,4.25,4.73,4.64,4.98,4.44,5.82
CRIM1,7.78,7.41,7.46,7.56,6.86,7.29,6.93,7.44,7.64,7.66,7.51,7.6,7.48,6.71,7.36,7.38,7.13,7.49,7.5,7.71,7.26,7.6,7.37,7.55,7.65,7.34,7.41,7.56,7.27,6.07,6.23,5.7,7.18,7.32,7.31,7.06,6.73,7.03,7.49,7.53,7.47,6.65,6.55,6.65,7.39,7.28,7.49,7.65,7.27,7.64
CRIM1,4.95,4.58,4.89,4.75,4.72,5.1,4.97,5.18,4.74,4.43,4.62,4.63,4.34,5.06,4.87,5.07,5.08,5.07,4.67,4.62,4.53,4.53,4.54,4.74,4.52,4.52,4.63,4.34,4.68,4.78,4.21,5.81,4.29,4.61,4.57,4.5,4.5,4.86,5.51,5.04,4.83,4.33,4.82,4.97,4.7,4.64,4.6,4.77,4.68,6.71
CRIM1,4.45,3.71,3.78,3.77,3.84,3.88,3.63,3.68,3.86,3.92,3.95,3.69,3.79,4.52,3.81,3.71,3.58,3.77,3.78,3.96,3.71,3.71,3.82,4.27,3.8,3.73,4.01,3.65,3.69,4.75,4.18,4.51,3.77,3.6,4.08,3.65,3.67,3.71,4.04,3.91,4.06,3.53,3.78,5.37,3.75,4.09,3.93,3.87,3.67,4.36
CRIP1,13.24,13.27,13.21,13.22,13.25,13.29,13.14,13.2,13.25,13.18,13.28,13.24,13.39,12.37,13.46,13.45,13.55,13.22,13.27,13.17,13.74,13.58,13.76,13.46,13.5,13.61,13.25,13.14,13.35,12.94,11.96,12.19,13.68,13.62,13.57,13.43,13.64,13.54,13.32,13.38,13.44,13.33,13.37,12.53,13.73,13.75,13.67,13.22,13.32,12.17
CRIP2,5.48,5.25,5.44,5.56,5.06,5.35,5.64,5.35,5.18,4.99,5.29,5.56,5.11,5.59,6.2,6.15,6.21,5.43,5.4,5.41,5.39,5.58,5.77,6.22,6.27,6.83,5.6,5.27,5.43,6.2,8.16,4.56,5.89,5.8,5.51,6.68,6.03,6.39,6.63,5.73,5.61,5.2,5.86,6.68,5.34,6.81,5.89,5.32,5.72,5.43
CRIP2,6.6,6.74,6.51,6.41,7,6.73,6.26,6.84,6.32,6.49,6.75,6.7,6.8,6.94,7.32,7.57,7.34,6.53,6.59,6.58,6.96,7.02,6.56,7.49,7.36,7.4,6.57,6.42,6.75,6.45,5.97,5.4,7.21,7.25,7.24,7.29,7.41,7.57,6.68,6.87,6.47,7.16,6.92,6.42,6.88,6.67,6.89,6.88,6.59,6.23
CRIP2,7.39,7.11,7.21,7.46,7.67,7.81,8.01,7.55,7.31,7.03,7.37,7.32,7.04,7.94,8.03,8.19,7.95,7.54,7.05,7.28,7.64,7.86,7.67,8.22,8.22,8.08,7.35,7.36,7.57,6.1,6.51,7.85,7.89,7.58,7.9,7.95,8.22,8,7.44,7.25,7.43,7.4,7.87,8.38,7.88,7.93,7.98,7.44,7.44,8.15
CRIP3,6.44,6.32,6.53,6.73,6.93,6.81,6.74,6.57,6.61,6.34,6.75,6.7,6.53,7,6.63,6.68,6.51,6.65,6.67,6.53,6.58,6.87,6.3,6.35,6.66,6.49,6.53,6.85,6.48,6.91,6.21,6.63,6.88,6.57,6.51,6.54,5.98,6.31,6.53,7,6.65,6.93,7.05,7.52,6.65,6.49,6.85,6.65,6.51,7.71
CRIP3,5.18,5.04,4.76,4.88,4.81,4.54,4.49,3.99,4.85,4.81,5.02,5.16,4.93,6.28,4.77,5.09,4.66,4.87,4.75,4.54,5.22,4.89,5.35,4.58,4.54,4.72,4.91,5,5.17,5.72,5.67,6.16,5.31,4.6,4.76,4.85,4.7,4.66,5.85,4.66,4.47,5.1,4.56,5.04,4.72,4.69,4.7,4.63,4.91,5.57
CRIP3,6.13,5.83,5.66,5.98,5.76,5.57,6.22,6.15,5.7,6.14,5.94,6.4,5.98,6.96,5.96,6.11,5.9,5.71,5.67,5.93,5.94,5.87,5.77,5.92,5.91,5.71,5.82,5.97,5.93,5.73,6.1,6.87,6,6.21,6.21,5.9,5.98,5.52,5.86,5.8,5.68,5.79,5.77,6.39,5.54,5.47,5.67,5.86,5.78,7.03
CRIP3,5.19,5.41,5.38,5.66,5.79,5.59,6.21,5.45,5.43,5.41,5.56,5.43,5.36,5.99,5.18,5.71,5.4,5.68,5.26,5.63,5.64,5.62,5.61,5.7,5.61,5.4,5.43,5.68,5.57,6.34,6.49,6.62,5.23,5.22,5.46,5.45,5.65,5.55,5.72,5.5,5.64,6,5.45,6.21,5.91,6,5.62,5.45,5.48,6.07
CRIPAK,11.23,10.87,11.22,11.27,11.36,11.16,11.33,11.72,11.04,11.3,10.67,11.19,11.14,11.36,11.1,11.26,11.13,11.14,11.17,11.38,11.32,11.41,11.03,11.45,11.5,11.44,11.27,11.32,11.03,11.46,11.91,11.97,11.09,11.09,11.07,11.12,11.22,11.2,11.53,11.45,11.37,11.52,11.52,11.42,11.44,11.52,11.56,11.25,11.36,11.69
CRIPAK,9.23,9.34,9.35,9.46,9.57,9.56,8.97,9.29,9.27,9.19,9.72,9.43,9.25,8.56,9.35,8.87,9.2,9.12,9.17,9.25,9.28,9.56,9.82,9.57,9.66,9.19,9.16,9.34,9.45,8.2,8.25,7.52,8.69,9.02,8.84,9.27,9.18,8.93,8.82,9.42,9.48,9.46,9.63,9.15,9.54,9.5,9.48,9.35,9.47,8.74
CRIPT,7.86,8.14,7.8,7.68,7.64,7.61,6.93,7.12,8.1,7.88,7.84,8.06,8.22,5.84,7.93,7.68,8.19,7.54,7.81,7.89,8.41,8.16,8.37,7.97,7.71,8.34,7.92,7.4,8.05,6.77,6.02,5.49,7.84,7.71,7.56,7.81,7.85,7.83,6.65,8,7.86,7.69,8,6.19,7.72,7.57,7.61,7.86,7.94,5.61
CRIPT,9.5,9.6,9.49,9.59,9.67,9.55,9.53,9.52,9.57,9.62,9.64,9.7,9.52,9.63,9.74,9.64,9.67,9.53,9.61,9.67,9.79,9.8,9.82,9.84,9.9,9.97,9.47,9.63,9.47,9.14,9.36,9.1,9.49,9.54,9.48,9.77,9.66,9.78,9.51,9.55,9.58,9.61,9.58,10.13,9.51,9.55,9.61,9.68,9.51,9.78
CRIPT,9.17,9.12,9.1,9.11,9.11,9.01,8.96,9.1,9.25,9.11,9.15,9.27,9.51,8.2,9.3,9.27,9.37,9.08,9.16,9,9.45,9.34,9.45,9.25,9.36,9.38,9.05,9.08,9.18,8.4,7.07,7.57,8.91,8.91,8.84,9.19,9.12,9.3,9.01,9.1,9.17,9.05,8.95,8.08,9.23,9.11,9.09,9.23,9.19,7.82
CRIPT,4.29,4.31,4.37,4.09,4.47,4.27,3.68,3.98,4.07,4.09,4.01,4.44,4.34,4.53,4.45,4.45,4.91,4.31,4.32,4.12,4.4,4.26,4.36,4.42,4.5,4.54,4.13,4.15,3.96,4.18,4.77,4.62,4.35,4.51,4.34,4.38,4.24,4.37,3.95,4.35,4.18,3.7,4.44,5.7,4.5,4.19,4.23,4.31,4.37,5.14
CRIPT,7.1,7.06,7.06,7.13,7.59,7.09,6.33,7.16,7.3,7.07,6.87,7.13,6.94,7.82,7.84,7.52,7.96,7.39,7.46,7.51,7.54,7.5,7.37,7.86,7.79,7.63,7.45,7.27,6.8,7.38,8.12,8.04,7.34,7.49,7.61,7.45,7.3,7.7,6.87,7.39,7.07,6.82,7.73,8.26,7.78,7.39,7.47,7.37,6.94,8.07
CRISP1,3.47,3.33,3.85,3.76,3.53,3.47,3.68,3.21,3.42,3.27,3.51,3.37,3.5,5.34,3.54,3.57,3.45,3.58,3.52,3.45,3.54,3.53,3.38,3.37,3.33,3.36,3.46,3.32,3.52,4.34,5.36,4.64,3.73,3.83,3.35,3.68,3.65,3.39,4.4,3.56,3.51,3.75,3.29,4.52,3.58,3.71,3.54,3.33,3.47,4.71
CRISP1,3.94,4.1,4.1,4.08,3.89,3.7,3.64,3.7,3.9,3.78,3.8,4.22,4.11,3.98,4.05,4.22,3.8,3.8,3.67,4.01,4.15,3.98,3.78,3.83,4.03,3.93,3.84,3.84,3.79,4.69,5.06,4.92,4.1,3.82,3.74,3.89,3.85,3.65,4.27,3.76,3.68,3.98,3.79,5.95,3.78,4.34,3.66,4.16,4.09,4.79
CRISP2,4.35,4.53,4.28,4.43,4.29,4.61,4.19,4.38,4.17,4.28,4.4,4.44,4.38,5.83,4.26,4.16,4.01,4.28,4.22,4.09,4.19,4.33,4.4,4.13,4.21,4.32,4.23,4.26,4.43,5.28,6.29,5.05,4.4,4.39,4.25,4.07,4.15,4.22,4.36,4.4,4.16,4.47,4.15,4.96,4.17,4.08,4.19,4.25,4.07,4.82
CRISP3,4.97,4.91,4.82,4.65,4.56,5.3,5.07,4.93,4.65,4.86,5.26,5.1,4.96,5.32,4.96,4.68,5.1,5.04,4.77,4.55,5.27,5.04,4.86,4.69,5.07,4.71,4.84,4.96,5.1,4.3,5.79,4.17,4.83,4.97,4.9,4.64,5.16,4.86,4.12,4.67,4.49,5.48,5.09,4.78,5.15,4.79,4.6,5.08,5.11,5.76
CRISP3,3.46,3.54,3.65,3.43,3.78,3.78,3.67,3.59,3.5,3.59,3.37,3.47,3.3,4.91,3.74,3.58,3.71,3.33,3.43,3.42,3.39,3.55,3.44,3.35,3.44,3.7,3.5,3.62,3.58,5.15,5.69,4.29,3.56,3.51,3.54,3.48,3.74,3.45,4.61,3.43,3.69,3.61,3.49,5.12,3.43,3.88,3.69,3.54,3.47,4.98
CRISPLD1,4.51,4.64,4.64,4.94,4.84,4.6,4.22,5.16,4.72,4.67,4.82,4.87,4.22,5.26,4.89,4.48,4.79,4.9,4.85,5.1,4.48,4.49,4.82,4.61,4.89,4.16,4.73,4.8,4.78,4.68,5.9,6.58,4.77,4.8,5.11,4.64,4.6,4.55,5.52,4.75,4.49,4.59,5.06,4.71,4.79,5.04,5.19,4.5,4.7,6.54
CRISPLD1,5.5,5.63,5.64,5.7,5.8,5.97,6.13,5.6,5.54,5.59,6.01,5.56,5.38,6.2,4.93,4.89,4.97,5.67,5.78,5.57,4.94,5.26,5.42,4.67,4.97,5.21,5.95,5.69,5.86,4.67,6.02,5.36,5.01,5.25,5.27,5.36,5.31,4.95,5.05,5.43,5.66,5.56,5.27,5.23,5.29,5.44,5.67,5.5,5.47,5.04
CRISPLD1,5.13,5.31,5.56,5.25,4.85,4.9,4.72,5.2,5.41,5.57,5.23,5.14,4.81,4.75,4.91,4.71,4.79,5.35,5.36,5.39,4.66,4.86,4.64,4.71,4.97,4.89,5.25,5.28,5.03,3.96,7.54,4.8,5.09,5.1,4.96,4.74,4.78,4.54,4.55,5.68,5.17,5.09,5.07,4.97,4.93,4.87,5.03,5.36,5.25,4.75
CRISPLD1,5.47,5.79,5.76,5.68,5.77,5.44,5.09,5.33,5.74,5.88,5.79,5.49,5.3,5.95,5.52,4.89,5.45,5.82,5.69,5.7,5.09,5.39,5.21,5.11,4.7,5.1,5.84,5.56,5.67,5.68,5.89,5.92,5.42,5.39,5.37,5.53,5.32,5.35,5.98,5.4,5.29,5.66,4.84,6.38,5.5,5.44,5.67,5.72,5.51,7.63
CRISPLD1,4.8,5.02,4.65,4.99,4.41,4.7,4.15,4.88,5.07,5.09,4.92,4.84,4.71,5.33,4.37,4.54,4.35,4.92,4.89,4.94,4.6,4.57,4.51,3.98,3.9,4.13,4.72,4.94,4.57,4.29,4.21,4.56,4.6,4.62,4.41,4.29,4.16,4.38,3.64,4.52,4.32,4.45,4.17,4.55,4.26,4.57,4.41,4.98,4.69,6.18
CRISPLD2,5.41,4.92,4.89,5.47,5.79,5.26,4.73,5.46,4.97,5.21,5.71,5.53,5.24,5.04,5.48,5.68,5.53,5.46,5.01,5.04,5.46,5.7,5.66,5.85,5.87,5.53,5.27,5.4,5.18,4.94,5.63,5.98,6.62,6.45,6.25,5.61,5.69,5.5,4.81,5.45,5.36,5.41,4.72,5.25,5.07,5.5,5.5,5.64,5.41,7.1
CRISPLD2,5.03,5.08,5.49,5.35,5.42,5.65,5.14,5.44,5.26,5.28,5.37,5.37,5.36,5.13,5.25,5.2,5.2,5.22,5.15,5.28,5.59,5.25,5.34,5.3,5.53,5.68,5.28,5.3,4.97,5.34,5.25,4.96,5.38,5.25,5.44,4.93,5.23,5.27,4.87,5.06,5.31,5.24,5.95,5.93,5.34,5.38,5,5.38,5.4,5.1
CRISPLD2,4.64,4.86,4.48,4.59,5.33,4.9,4.87,4.67,4.78,4.59,4.86,4.73,4.92,5.16,4.87,4.65,4.4,4.59,4.63,4.65,4.97,5.12,4.76,4.48,4.66,4.91,4.46,4.56,4.94,5.25,4.96,5.23,4.84,4.89,4.82,4.56,4.54,4.5,4.91,4.4,4.76,5.08,4.76,5.2,4.57,4.57,4.75,4.56,4.72,4.84
CRISPLD2,5.23,5.96,4.77,5.43,5.38,4.93,5.35,5.08,5.16,5.32,5.62,5.1,5.42,5.86,4.97,5.13,4.98,5.19,5.39,4.98,5.64,5.76,5.66,4.92,5.05,5.05,5.38,5.53,5.25,6.58,6.6,7,5.07,5.52,5.13,5.47,5.34,5.12,5.29,4.79,5.41,5.46,5.68,7.3,5.3,4.72,5,5.12,5.18,6.27
CRISPLD2,5.11,5.21,4.87,5.29,5.89,5.44,5.83,5.29,5.39,5.15,5.62,5.4,5.18,7.07,5.13,5.07,5.33,5.65,5.43,5.07,5.06,5.42,5.34,5.03,5.07,5.54,4.9,5.56,5.56,5.23,7.12,6.77,4.95,5.05,5.04,5.31,5.3,4.97,4.99,4.83,5.55,5.28,5.35,6.72,5.51,5.03,5.43,5.12,4.98,5.52
CRK,9.64,9.56,9.65,9.62,9.46,9.5,9.68,9.54,9.55,9.76,9.39,9.79,9.79,8.94,9.76,9.82,9.79,9.51,9.63,9.55,9.82,9.8,9.71,9.67,9.73,9.81,9.6,9.54,9.44,9.3,8.22,8.62,9.79,9.85,9.72,9.66,9.56,9.67,9.14,9.78,9.67,9.75,9.74,8.84,9.75,9.77,9.7,9.76,9.76,7.09
CRK,7.72,6.93,7.23,7.58,6.48,6.7,6.51,7.44,7.48,7.54,6.55,7.62,7.52,5.19,7.62,7.67,7.67,7.46,7.5,7.75,7.52,7.25,6.96,7.84,7.55,7.74,7.27,7.57,6.51,5.13,4.75,4.75,7.72,7.7,7.64,7.46,6.94,7.58,6.68,7.66,7.25,6.61,6.61,6.56,7.3,7.06,7.38,7.85,7.3,5.06
CRK,9.07,8.93,9.01,9.09,8.31,8.52,8.91,9.22,9.07,9.14,8.64,9.27,9.21,7.26,9.27,9.08,9.2,8.91,9.03,9.25,9.19,9.23,8.9,9.12,9.25,9.29,9.03,9.07,8.58,7.56,7.82,7.66,9.2,9.29,9.08,9.17,8.8,8.99,8.03,9.17,9.07,8.86,8.79,6.79,9.17,8.68,9.08,9.15,9.07,7.56
CRKL,9.23,9.09,9.2,9.19,9.08,9.06,8.79,9.35,9.23,9.33,9.24,9.17,9.04,6.77,9.33,9.19,9.22,9.2,9.23,9.35,8.89,8.96,8.89,9.01,9.15,9.01,9.27,9.38,9.09,8.95,6.49,7.32,9.45,9.47,9.43,9.17,9.18,9.18,8.45,9.27,9.18,9.32,9.14,7.71,9.02,9.04,9.13,9.26,9.28,7.76
CRKL,7.68,7.65,7.74,7.71,7.54,7.52,7.5,7.68,7.83,8,7.76,7.59,7.7,5.87,7.84,7.78,7.74,7.67,7.78,7.8,7.57,7.57,7.36,7.52,7.66,7.54,7.81,7.82,7.65,6.22,5.36,7.3,7.84,7.94,7.93,7.86,7.76,7.71,6.02,7.82,7.64,7.42,7.6,6.03,7.53,7.57,7.71,7.83,7.78,6.91
CRKL,5.51,5.79,5.29,5.75,5.58,5.52,5.14,4.67,5.72,5.52,5.58,5.55,5.6,5.88,5.81,5.48,5.72,5.57,5.47,6.04,5.52,5.49,5.69,6.18,5.85,5.64,4.82,5.41,5.42,6.84,6.79,6.13,5.76,5.65,5.94,5.54,5.61,5.45,5.23,5.6,5.3,5.51,5.44,5.65,5.79,5.66,5.03,5.24,5.54,5.53
CRKRS,7.18,7.61,7.02,7.16,6.82,7.12,6.36,6.72,7.38,6.98,7.53,6.92,7.61,7.34,7.13,6.85,7.29,6.65,7.08,7.16,7.25,7.19,7.56,7.21,6.89,7.25,7.08,6.93,7.41,6.43,6.4,6.59,6.95,7.08,6.84,7.22,7.03,6.93,6.74,7.01,7.16,6.87,6.78,6.56,7.2,6.6,6.87,7.23,7.66,7.06
CRKRS,7.89,7.6,8.01,7.72,7.9,7.63,7.39,7.92,7.84,7.82,7.7,7.57,7.84,7.1,7.71,7.62,7.63,7.64,7.56,7.73,7.93,7.95,7.46,7.77,7.75,7.62,7.74,7.7,7.81,6.66,5.86,8.21,7.83,7.73,7.94,7.67,7.66,7.57,7.82,7.79,7.72,7.52,7.67,7.05,7.71,7.51,7.75,7.77,7.78,6.44
CRKRS,9.03,8.9,8.93,8.79,9.04,9.01,8.86,9.02,8.92,8.95,8.78,8.86,8.88,7.9,9.01,8.88,8.88,9.01,8.99,9.1,8.87,9.04,8.97,8.91,8.98,8.82,9.02,9,9.12,8.58,7.61,7.65,8.86,9.01,9.01,8.86,8.8,8.67,9.05,8.97,8.99,8.67,8.82,8.16,8.96,8.85,9.16,8.75,9.05,7.92
CRKRS,8.17,8.21,7.97,7.9,7.67,7.79,8.28,7.97,8.26,8.23,8.08,7.94,7.98,7.94,8.28,8.15,8.1,8.02,8.07,8.1,8.17,8.17,8.04,8.15,8.14,8.11,8.17,8.14,8.09,5.75,4.78,6.54,8,7.94,8.07,7.98,7.61,7.87,8.35,8.03,7.96,7.65,7.56,6.93,7.87,7.88,8.07,7.99,8.04,6.86
CRKRS,7.91,7.46,7.94,7.87,8.1,7.97,8.48,8.07,7.91,7.7,8,7.65,7.7,6.7,7.97,8.16,7.75,8.22,8.07,7.87,7.99,8.05,7.8,7.94,7.84,7.88,7.95,7.99,7.9,7.04,5.33,5.88,8.09,8.14,8.15,7.94,7.83,7.8,8.26,8.08,7.87,7.81,7.64,6.23,8.14,8.11,8.07,7.95,8.08,5.6
CRKRS,5.11,4.31,4.84,4.82,4.2,4.71,4.77,4.65,4.8,4.53,4.33,4.56,4.61,5.09,4.66,4.92,4.92,4.4,4.9,4.73,5.08,4.79,4.3,4.51,4.84,5.07,4.37,4.54,4.7,4.52,4.82,5.34,5.41,4.86,4.92,4.77,4.65,4.6,5.11,4.73,4.77,4.33,4.77,4.88,4.78,4.51,4.62,4.7,4.26,4.26
CRLF1,5.66,5.87,5.48,5.74,5.5,6.09,5.94,6.07,5.57,5.53,5.98,5.59,5.42,5.93,5.26,5.73,5.55,5.78,5.53,5.42,5.75,5.6,5.5,5.52,5.44,5.78,5.41,5.62,5.55,7.13,6.84,6.52,5.49,5.48,5.37,5.25,5.83,5.47,6.03,5.31,6.04,5.44,5.61,7.18,5.95,6.28,5.76,5.62,5.36,6.56
CRLF2,5.4,5.53,5.33,5.2,5.52,5.32,5.92,5.11,5.44,5.38,5.55,5.19,4.98,5.67,5.67,5.8,5.9,5.91,5.6,5.51,5.19,5.37,5.36,5.34,4.96,5.21,5.68,5.6,5.67,4.98,5.58,4.8,5.86,5.48,5.43,5.54,5.9,5.98,5.27,5.2,5.29,5.61,5.78,6.12,5.7,5.93,5.75,5.06,5.36,5.76
CRLF2,5.22,4.96,5.25,5.37,5.18,5.2,5.73,5.44,5.02,5.36,4.97,4.96,4.91,5.72,5.51,5.41,5.74,5.26,5.2,5.79,4.98,4.76,4.9,5.42,4.83,5.13,5.15,5.34,5.19,4.67,4.88,5.15,5.21,5.12,5.54,5.31,4.9,5.56,5.72,5.4,5.25,5.09,5.14,5.95,5.52,5.3,5.91,5.34,4.98,4.88
CRLF3,10.05,10.21,9.97,10.08,10.03,9.89,9.18,10,10.07,10.14,10.1,10.19,10.04,10.3,9.96,9.83,9.98,10.2,10.16,10.24,9.87,9.99,10.02,9.93,9.84,9.86,10,10.1,9.94,9.82,9.21,9.83,9.74,9.79,9.81,9.84,9.72,9.74,9.85,10.03,10.02,9.87,10,10.34,9.85,9.54,9.87,9.97,9.95,10.33
CRLF3,7.81,7.04,7.6,7.67,7.29,7.13,6.04,7.46,7.67,7.78,6.71,7.78,7.48,5.93,7.67,7.53,7.68,7.8,7.84,7.92,7.44,7.65,6.94,7.46,7.62,7.7,7.52,7.92,6.92,5.48,6.14,6.77,7.39,7.45,7.53,7.59,6.56,7.56,7.6,7.54,7.11,6.95,6.48,6.56,7.38,6.13,7.22,7.71,7.47,7.31
CRLS1,8.95,9.18,8.83,8.95,9.01,8.87,8.55,8.65,9.08,9.04,9.07,8.95,8.99,8.45,8.95,8.87,9.03,9.03,8.91,9.13,8.89,8.77,9.02,8.84,8.65,8.88,9.04,9.07,8.62,8.15,7.39,7.85,8.43,8.51,8.51,8.99,8.65,8.91,8.94,8.86,8.99,8.65,8.75,9.17,8.87,8.83,9.01,9.09,9.07,7.87
CRLS1,10.58,10.57,10.6,10.54,10.58,10.66,10.74,10.48,10.64,10.53,10.61,10.56,10.58,8.65,10.17,10.16,10.22,10.57,10.64,10.45,10.32,10.34,10.43,10.09,10.12,10.19,10.61,10.63,10.56,10.34,6.61,8.05,9.98,10.14,9.92,10.21,10.13,10.16,10.33,10.44,10.5,10.18,10.16,9.25,10.56,10.38,10.54,10.66,10.58,8.54
CRLS1,5.05,4.57,5.19,4.87,4.88,4.83,6.3,4.91,4.6,4.85,4.78,4.53,4.49,5.08,4.96,4.45,4.72,4.6,5.19,4.99,4.4,4.39,4.76,4.62,4.75,4.93,4.75,5.07,5.25,6.21,5.5,5.45,4.68,4.64,4.63,4.86,5.01,4.44,4.93,4.91,4.99,4.77,4.81,4.36,5.26,5.59,5.03,5.18,5.34,4.6
CRMP1,7.23,6.62,7.21,7.15,6.42,6.48,5.83,7.46,7,7.23,6.61,7.21,6.95,6.8,6.82,6.77,6.68,6.96,6.83,7.14,7.16,7.55,7.18,7.48,7.34,7.31,6.89,7.29,6.4,5.23,4.3,4.93,6.92,6.97,6.89,7.01,6.78,7.37,5.92,7.35,7.25,7.19,6.84,7.01,7.05,6.64,7.49,7.15,7.11,6.61
CRMP1,7.31,6.37,7.03,7.01,6.8,6.67,6.99,6.97,7.09,7.16,6.6,6.79,6.69,5.15,6.84,6.69,6.57,6.87,6.92,6.49,7.07,7.32,7,7.1,7.21,7.18,6.95,6.79,5.95,5.54,7.34,7.01,6.48,6.67,6.55,6.66,6.29,7.02,6.19,7.12,7.12,7.2,6.89,5.83,6.64,6.66,7.22,7.27,7.1,5.74
CRMP1,6.79,6.35,7.21,6.92,6.61,6.47,6.49,7.12,6.6,6.94,6.97,6.75,6.76,5.25,6.52,6.84,6.54,6.71,6.87,6.75,7.26,7.27,7.27,6.98,6.95,7.2,6.71,6.92,6.76,5.84,5.34,5.57,6.68,6.52,6.77,6.82,6.76,6.91,6.62,7.53,7.21,7.07,6.86,6.45,6.7,6.88,7.16,7.31,7.25,5.36
CRMP1,7.74,7.65,7.84,7.85,7.85,7.91,7.5,8.2,7.65,7.89,7.76,7.74,7.31,6.93,7.47,7.36,7.35,7.53,7.73,7.53,8.05,8.13,8.14,7.97,8.05,7.86,7.9,7.65,7.72,7.03,6.08,7.82,7.51,7.48,7.64,7.74,7.6,7.84,7.88,8.25,7.93,7.92,8.18,6.88,8.04,8.3,8.12,8.35,8.05,6.55
CRNDE,9.03,9.29,9,9.05,8.75,9.11,8.73,8.88,9.4,9.08,9.45,9.11,9.18,8.67,8.63,8.3,8.63,8.8,8.85,8.89,8.43,8.67,8.87,8.24,8.31,8.39,9.13,9.04,9.22,8.95,6.66,8.51,8.33,8.29,8.07,8.98,8.72,8.82,8.56,8.96,8.97,8.94,8.95,8.13,8.64,8.53,8.34,9.17,9.29,7.76
CRNKL1,8.09,8.22,8.09,8.21,8.1,7.9,7.79,7.98,8.3,8.29,8.19,8.36,8.23,7.2,8.35,7.99,8.52,8.45,8.31,8.37,8.01,8.25,8.3,8.32,8.26,8.24,8.19,8.17,7.94,6.84,7.33,6.78,8.28,8.36,8.4,8.25,8.06,8.19,7.21,8.2,8.3,7.99,8.06,7.19,7.94,7.93,7.99,8.13,8.42,6.52
CRNKL1,6.9,6.92,6.8,6.98,6.98,6.65,6.53,6.66,6.9,6.97,6.99,7.02,7.13,7.21,7.07,7.17,6.92,7.16,7.02,7.06,7.09,7,6.91,6.87,6.94,6.76,6.95,7.08,6.86,6.34,6.76,6.5,7.06,6.94,6.75,7.23,6.97,7.15,6.46,6.79,6.96,6.8,7.06,7.04,6.71,6.88,6.48,6.93,7.05,6.38
CRNKL1,8.55,8.82,8.6,8.71,8.63,8.62,8.14,8.5,8.71,8.72,8.95,8.76,8.73,7.59,8.75,8.69,8.85,8.89,8.91,8.88,8.54,8.58,8.99,8.66,8.82,8.6,8.58,8.66,8.67,7.78,7.91,8.23,8.74,8.74,8.65,8.84,8.65,8.87,8.4,8.74,8.55,8.8,8.62,8.95,8.45,8.28,8.47,8.58,8.8,8.24
CRNKL1,9.01,8.69,8.98,8.9,8.67,8.69,8.82,8.78,8.88,8.99,8.74,8.79,8.79,7.44,8.88,8.9,9.01,9.13,9.08,9.05,8.92,8.9,8.66,8.97,8.81,8.93,8.95,8.84,8.64,6.47,5.01,7.33,9.26,9.09,9.26,8.97,8.92,8.96,7.68,8.79,8.83,8.95,8.95,7.39,8.77,8.78,8.44,8.83,8.91,5.77
CRNKL1,8.45,8.41,8.44,8.47,8.46,8.24,7.98,8.36,8.44,8.53,8.64,8.61,8.25,8.6,8.62,8.54,8.61,8.7,8.64,8.67,8.44,8.35,8.39,8.55,8.68,8.37,8.49,8.37,8.28,7.83,8.14,9.13,8.41,8.73,8.51,8.52,8.16,8.49,7.77,8.44,8.47,8.63,8.36,8.58,8.22,8.09,8.48,8.5,8.38,8.34
CRNN,4.38,4.4,4.43,4.67,4.44,4.32,4.2,4.45,4.31,4.31,4.61,4.23,4.41,5.36,4.65,4.34,4.26,4.66,4.33,4.36,4.16,4.55,4.39,4.68,4.14,4.23,4.25,4.61,4.52,4.02,4.99,4.56,4.4,4.51,4.17,4.53,4.37,4.39,4.33,4.56,4.3,4.57,4.81,4.98,4.39,4.6,4.88,4.44,4.25,5.02
CRNN,3.95,3.85,3.68,3.8,4.12,3.97,4.49,3.9,3.89,3.82,3.9,3.64,3.59,3.9,3.96,3.79,3.53,3.6,3.65,3.65,3.96,3.53,3.72,3.97,3.65,3.73,3.72,3.77,3.79,4.65,5.21,4.15,3.77,3.78,3.98,3.6,3.56,3.65,5.02,3.39,3.75,4.15,3.53,3.82,3.89,4.13,3.64,3.6,3.83,4.89
CROCC,5.9,6.02,6.5,6.25,6.58,6.54,6.3,6.5,6.08,6.3,6.63,5.7,6,5.51,6.08,6.02,6.3,6.27,6.23,6.07,6.32,6.22,6.81,6.25,6.6,6.25,6.55,6.08,6.69,6.04,6.06,5.36,6.08,6.06,5.88,6.29,6.07,6.45,7.05,6.64,6.5,7.02,6.74,6.42,6.4,6.5,6.54,6.31,6.87,6.63
CROCC,7.17,7.47,7.44,7.2,7.58,7.54,7.48,7.45,7.08,7.17,7.62,7.27,7.11,6.87,7.16,7.38,7.05,7.21,7.25,7.22,7.38,7.37,7.78,7.47,7.44,7.11,7.4,7.08,7.76,7.07,7.56,7.69,6.86,6.96,6.93,7.17,7.28,7.32,7.36,7.52,7.61,8.08,7.91,7.46,7.29,7.68,7.34,7.3,7.41,7.79
CROCC,6.53,6.31,6.98,6.49,7.14,6.72,6.87,6.94,6.35,6.63,6.51,6.28,6.35,6.79,6.45,6.53,6.56,6.49,6.65,6.59,6.67,6.56,6.49,6.76,6.32,6.92,6.93,6.34,6.87,6.55,5.65,6.76,6.25,6.37,6.54,6.62,6.93,6.92,6.63,6.9,6.98,7.05,7.54,7.07,6.49,6.81,6.72,6.62,6.9,8.07
CROT,7.44,7.75,7.23,7.6,7.57,7.59,7.61,7.71,7.4,7.39,7.71,7.86,7.56,8.14,8.02,8.08,7.99,7.52,7.52,7.49,7.97,8.13,8.08,8.16,8.09,7.95,7.59,7.42,7.3,6.91,7.68,7.45,7.95,8.16,8.16,8.15,7.91,8.01,7.8,7.75,7.39,7.5,7.6,7.63,7.43,7.68,7.85,7.56,7.92,7.74
CROT,4.87,4.72,5.03,5.07,4.56,4.78,4.18,5.15,5.19,5.16,4.99,5.3,5.33,5.07,5.58,5.43,5.68,4.74,4.91,4.97,5.48,5.62,5.18,5.47,5.35,5.79,4.91,5,4.4,4.7,4.98,4.97,5.37,5.44,5.66,5.71,5.01,5.51,5.27,4.79,5.06,4.77,4.75,4.95,5.35,4.8,4.87,5.28,4.99,5.63
CROT,6.07,5.34,5.64,6,4.91,4.85,4.31,5.15,5.73,6.11,5.04,6.21,6.16,4.62,6.62,6.01,6.55,5.45,5.68,6.03,6.27,6.38,5.64,6.43,6.6,6.63,5.37,5.67,4.69,4.68,4.79,4.85,6.55,6.63,6.49,6.52,5.65,6.77,4.72,5.7,5.41,5.03,4.76,4.63,5.62,5,6.06,6.09,5.3,4.69
CROT,6.57,6.77,6.93,6.86,6.55,6.44,6.21,6.34,6.77,6.74,7,7.02,6.66,4.94,7.15,6.94,7.38,6.82,6.75,6.71,7.16,7.07,7.14,7.22,7.05,6.96,6.9,6.68,6.56,6.07,6.05,5.28,7.65,7.69,7.29,7.52,7.13,7.16,6.25,6.83,6.4,6.15,6.39,6.08,6.99,6.53,6.69,6.69,6.98,5.04
CRP,3.89,4.01,4.11,4.04,4.07,4.03,4.57,4.3,4.05,3.95,4.08,4.01,4.18,4.3,3.86,4.06,4.09,4.26,3.89,4.32,4.25,3.99,3.86,4.21,4,4.23,4.21,3.87,4.19,4.88,5.75,6.34,4.05,4.22,3.91,4.02,4.2,3.86,5.37,4.18,4.2,3.94,4.04,3.83,4.22,3.86,4.32,3.92,4.13,5.49
CRP,4.4,4.65,4.54,4.5,5.14,4.48,5.11,4.89,4.56,4.55,4.71,4.56,4.6,4.58,4.86,4.49,4.35,4.58,4.69,4.49,4.31,4.7,4.39,4.2,4.62,4.08,4.47,4.69,4.31,6.1,4.15,4.8,4.79,4.41,4.52,4.77,4.42,4.62,4.49,4.39,4.69,4.63,4.27,5.24,4.52,4.6,4.26,4.54,4.45,4.83
CRTAC1,4.24,4.54,4.41,4.34,4.86,4.43,4.46,4.7,4.43,4.32,4.7,4.44,4.28,5.2,4.31,4.46,4.17,4.07,4.17,4.43,4.19,4.42,4.65,4.41,4.12,4,4.33,4.34,4.35,4.64,4.98,4.21,4.15,4.31,4.61,4.12,4.48,4.14,4.34,4.35,4.68,4.43,4.5,4.68,4.75,4.39,4.01,4.31,4.31,5.38
CRTAM,4.1,3.82,3.85,3.82,4.01,4.03,3.52,3.81,3.99,4.02,4.24,3.68,3.8,4.65,4.2,4.67,4.8,3.58,3.63,3.67,5.66,4.34,5.13,5.37,4.85,4.44,3.68,3.79,4.29,4.94,6.5,4.32,5.96,6.33,6,5.91,5.7,5.75,3.69,3.96,3.79,3.65,4.1,3.86,4.04,4.22,4.15,3.66,4.13,4.11
CRTAM,4.01,4.12,3.77,4.25,4.34,3.55,4.18,3.8,3.79,3.87,4.01,3.82,3.75,4.39,4.04,4.24,4.4,4.06,3.8,3.96,4.81,4.52,4.7,4.5,4,4.11,3.94,3.99,4.31,4.29,6.26,4.19,4.9,4.72,4.7,5.02,5.23,5.31,4.04,3.9,4,3.79,4.45,3.99,4.36,4.52,4.45,4.17,3.75,3.97
CRTAP,5.85,5.59,5.7,5.85,6.02,5.67,5.64,5.49,5.78,5.7,5.93,5.49,5.69,5.51,5.76,5.65,6.16,5.79,5.75,6.01,5.72,5.85,5.64,6.02,5.87,5.83,5.72,5.59,5.82,5.31,6.44,5.48,5.8,5.53,5.28,6.1,5.58,5.75,5.86,5.68,5.73,6.19,6.38,5.37,5.62,5.53,5.73,5.81,5.73,5.12
CRTAP,6.29,6.2,6.36,6.22,6.37,6.53,7.98,6.65,6.17,6.3,5.95,5.99,6.26,6.58,6.45,5.82,6.37,6.25,6.18,6.52,6.05,6.17,5.87,6.43,6.21,6.21,6.4,6.32,6.23,6.76,5.78,6.94,6.08,6.11,6.18,6.34,6.61,6.2,6.33,6.25,6.44,6.63,6.73,5.38,7.02,6.34,6.13,6.16,6.4,6.7
CRTAP,4.5,4.47,4.51,4.53,4.76,4.28,4.61,4.36,4.36,4.28,4.48,4.45,4.3,6.26,4.22,4.27,4.13,4.49,4.47,4.43,4.25,4.11,4.39,4.34,4.19,4.42,4.35,4.24,4.35,4.27,4.88,5.3,4.03,4.19,4.46,4.28,4.17,4.49,4.21,4.71,4.07,4.36,4.77,4.56,4.22,4.46,4.52,4.15,4.21,5.13
CRTAP,10.5,10.34,10.65,10.7,10.76,10.69,10.66,10.7,10.65,10.52,10.4,10.71,10.52,10.67,10.84,10.62,10.71,10.65,10.67,10.77,10.57,10.57,10.35,10.64,10.59,10.55,10.6,10.59,10.35,10.44,11.55,10.31,10.31,10.38,10.54,10.92,10.78,10.94,10.26,10.39,10.27,11,11,11.3,10.67,10.49,10.58,10.37,10.15,10.49
CRTAP,8.26,7.54,8.24,8.16,7.88,8.02,7.81,8.19,8.2,8.21,7.8,8.07,8,5.17,8.12,8.17,8.16,8.23,8.36,8.22,8.06,8.06,7.64,8.2,8.13,8.28,8.18,8.24,7.76,6.33,7.46,7.11,7.94,7.86,8.07,8.57,8.22,8.54,6.94,7.76,7.72,8.43,8.22,7,8.12,7.92,7.95,7.76,7.73,6.45
CRTC1,7.09,7.41,7.6,7.39,7.32,7.77,6.94,7.35,7.12,7.26,7.43,7.3,7.15,7.8,7.19,7.21,7.13,7.33,7.56,7.13,7,7.28,7.44,7.64,7.17,7.61,7.3,7.44,7.81,7.1,7.34,7.56,6.85,7.15,7.12,7.43,7.62,7.22,7.22,7.58,7.58,7.63,7.51,8.61,7.25,7.62,7.63,7.76,7.43,8.78
CRTC1,5.04,4.96,5.35,5.16,5.47,5.15,5.95,5.33,5.12,4.91,5.21,5.15,5.06,5.76,5.05,5.81,5.37,5.3,5.27,5.26,5.4,5.39,5.27,5.23,5.16,5.19,5.05,5.07,5.58,6.73,5.77,5.72,4.95,5.13,5.21,5.45,5.29,5.36,5.58,5.17,5.42,5.64,5.45,5.28,5.49,5.66,5.03,5.69,5.37,6.78
CRTC1,5.15,5.26,5.42,5.29,4.99,5.57,5.25,5.21,4.99,4.79,5.62,5.15,4.96,5.56,5.13,5.21,5.35,5.49,5.18,5.14,5.27,5.17,5.15,4.78,5.43,5,5.17,5.21,5.36,5.94,6.25,6.21,5.03,4.74,5.13,5.14,5.55,4.91,5.13,5.05,5.08,5.62,5.73,6.46,6.21,5.53,4.96,5.12,5.24,6.05
CRTC2,6.73,6.93,7.21,6.91,7.33,7.54,7.43,7.31,6.83,6.8,7.07,6.77,6.87,6.45,6.89,7.14,6.75,6.92,7.07,6.82,7.07,6.76,7.17,7.3,6.94,6.89,7.25,6.8,7.26,7.04,6.8,6.53,6.81,6.87,6.74,7.13,6.91,7.08,6.99,7.17,7.39,7.6,7.22,7.04,6.81,7.25,7.03,7.12,7.32,6.41
CRTC3,4.22,4.24,4.12,4.21,3.97,4.22,4.53,4.38,3.91,4.5,4.42,4.23,4.1,5.21,4.04,4.29,4.34,4.4,4.05,4.06,4.29,4.35,4.09,4.13,4.34,4.06,4.25,4.35,4.14,5.86,5.08,8.08,4.2,4.06,4.27,3.92,4.37,4.08,4.64,4.27,4.14,4.17,4.85,5.26,4.11,4.42,4.11,4.18,4.37,4.67
CRTC3,8.61,8.56,8.83,8.87,9.14,8.72,8.26,8.95,8.54,8.8,8.79,8.69,8.32,7.62,9.28,9.15,9.07,8.77,8.74,8.76,8.58,8.71,8.74,9,9.09,8.91,8.83,8.82,8.8,9.05,6.84,7.56,9.28,9.37,9.44,9.32,9.4,9.27,8.76,8.83,8.75,9.34,9.36,8.72,8.85,8.84,8.81,8.64,8.88,8.05
CRX,5.35,5.08,5.2,5.24,5.49,4.73,5.73,5.34,5.1,5.34,5.51,5.28,4.93,5.89,5.34,5.22,5.27,5.2,5.44,5.42,5.19,4.92,5.07,5.29,5.32,5.31,5.51,5.21,5.19,5.85,5.79,6.38,5.04,5.39,5.47,4.99,4.8,5.27,4.71,5.21,5.34,5.47,5.26,5.22,5.53,5.24,5.4,5.01,4.91,6.05
CRX,3.55,3.6,3.69,3.64,3.72,4.18,4.4,3.7,3.44,3.59,3.57,3.71,3.46,4.26,3.53,3.91,3.48,3.93,3.48,3.59,3.75,3.45,3.67,3.43,3.61,3.43,3.72,3.62,3.55,4.91,5.9,5.91,4.01,3.57,3.72,3.8,3.66,3.64,4.22,3.63,4.08,3.35,3.7,5.7,3.64,4.12,3.57,3.58,3.69,5.06
CRY1,9.3,9.8,8.98,9.26,9.29,9.29,8.75,8.8,9.53,9.22,9.7,9.3,9.45,9.2,9.05,8.74,9.17,8.99,9.06,8.99,9.03,8.99,9.63,9.01,8.98,9.03,9.11,9.18,9.39,7.25,6.25,9.06,9.03,9.08,9.11,9.16,8.85,8.87,8.59,8.97,9.24,8.84,8.8,8.56,8.67,8.63,8.72,9.44,9.39,8.61
CRY2,6.27,6.11,6.3,6.22,6.84,6.33,5.81,6.38,6.22,6.12,6.4,5.89,6.02,7.38,6.39,6.4,6.4,6.03,6.27,6.45,6.58,6.11,6.74,6.52,6.6,6.57,6.4,6.4,6.46,6.42,6.64,7,6.16,6.48,6.22,6.54,6.24,6.44,7.27,6.61,6.6,6.69,6.72,7.93,6.25,6.75,6.2,6.47,6.55,6.25
CRY2,4.64,4.64,4.72,4.52,4.57,4.42,4.72,4.93,4.51,4.76,4.49,4.66,4.54,6.35,4.42,4.73,4.83,4.46,4.38,4.59,5.01,4.59,4.55,4.8,4.71,5.03,4.46,4.52,4.63,4.95,4.69,5.48,4.74,4.84,4.78,4.49,4.59,5.14,4.15,4.63,4.58,5.06,4.48,4.7,4.87,4.44,4.8,4.97,4.77,5.8
CRYAA,3.7,3.91,3.84,3.6,4.15,3.75,4.24,3.56,3.8,3.92,3.79,3.74,3.96,4.4,3.7,3.55,3.59,3.86,3.75,3.92,3.93,3.77,3.81,3.79,3.6,3.85,3.86,3.81,4.08,4.86,6.44,4.49,3.53,3.57,3.7,3.81,3.84,3.87,4.49,3.64,3.75,3.83,4.17,5.76,3.54,3.65,3.93,3.84,3.82,5.56
CRYAB,4.33,4.37,4.81,4.35,4.71,4.57,3.91,4.26,4.23,4.09,4.36,4.32,4.13,5.6,4.47,4.54,4.28,4.35,4.35,4.55,4.41,4.55,4.33,4.34,4.73,4.5,4.25,4.43,4.17,3.78,5.85,4.51,4.08,4.16,4.26,4.44,4.34,4.16,4.39,4.28,4.32,4.8,4.79,5.59,4.73,4.21,5.12,4.42,4.41,5.81
CRYAB,3.71,3.67,3.78,3.68,3.74,3.75,3.66,3.77,3.5,3.58,3.98,3.71,3.46,4.28,3.52,3.81,3.57,3.86,3.87,3.64,3.81,3.59,3.54,3.72,4.06,3.74,3.89,3.66,3.6,3.7,5.43,4.52,3.57,3.78,3.73,3.82,4.08,3.74,4.54,3.77,4.09,3.74,3.62,4.2,4.03,4.31,3.98,3.61,3.54,5.07
CRYBA1,4.73,4.13,4.23,4.42,4.26,3.99,5.45,4.26,4.16,4.48,4.39,4.7,4.24,5.44,4.36,4.66,4.24,4.35,4.09,4.1,4.35,4.25,4.32,4.53,4.25,4.36,4.61,4.3,4.4,4.38,6.11,6.22,4.8,4.51,4.82,3.92,4.31,4.34,4.4,4.15,4.3,4.44,4.52,5.19,4.18,4.5,4.19,4.25,4.32,5.76
CRYBA2,3.7,3.83,3.82,3.65,3.88,4.21,4.1,3.58,3.67,3.77,3.92,3.84,3.64,3.89,3.43,3.75,3.77,3.76,3.69,3.73,3.94,3.55,3.65,3.47,3.63,3.64,3.9,3.79,3.74,4.34,4.08,4.64,3.56,3.83,3.83,3.79,3.8,3.63,3.85,3.57,3.68,3.98,3.52,4.22,4.31,4.34,3.65,3.52,3.59,4.4
CRYBA4,3.8,3.75,4.04,3.99,4.54,3.81,4.34,4.24,3.88,3.82,3.83,3.77,3.68,4.08,3.79,4.32,4,3.93,3.66,3.75,3.74,4.13,3.84,3.89,3.82,3.77,3.98,3.88,3.99,4.53,7.81,5.03,3.89,4.01,3.9,3.98,4.25,3.68,4.29,3.87,4.23,4.64,3.83,4.37,3.88,3.96,3.83,3.93,3.81,4.65
CRYBB1,4.67,4.74,4.31,4.65,4.21,4.51,4.14,4.58,4.51,4.35,4.78,4.57,4.44,4.54,4.18,4.24,4.36,4.49,4.64,4.59,4.19,4.74,4.82,4.57,4.45,4.17,4.3,4.69,4.54,4.44,5.31,3.93,4.43,4.69,4.49,4.22,3.94,4.24,4.38,4.51,4.27,4.66,4.53,4.88,4.33,4.21,4.37,4.37,4.2,4.84
CRYBB2,6.06,6.08,6.43,6.61,6.18,6.52,6.57,6.56,6.22,6.12,6.5,6.5,6.22,6.86,6.04,6.27,6.36,6.61,6.39,6.37,6.07,6.4,6.45,6.46,6.38,6.43,6.27,6.34,6.7,7.05,7.05,7.63,6.43,6.11,6.25,6.41,6.39,6.64,6.9,6.44,6.45,6.11,6.63,7.62,6.59,6.9,6.53,6.49,6.35,6.92
CRYBB3,5.48,5.26,5.17,5.08,4.79,4.54,5.5,5.15,5.02,5.29,4.97,5.21,5.13,6.51,4.93,5.05,5.16,5.08,5.16,5.01,5.58,5.54,5.38,5.15,5.01,5.51,5.39,5.3,5.42,4.62,6.48,4.85,5.27,4.76,5.46,5,4.42,5.35,5.12,4.71,4.99,4.8,5.4,5.07,4.82,4.9,5.14,4.85,4.91,6.9
CRYBG3,8.64,8.86,8.66,8.8,9.02,8.81,8.52,8.74,8.66,8.8,8.99,8.58,8.45,10.02,8.72,8.59,8.68,8.74,8.52,8.75,8.83,8.93,8.7,8.63,8.68,8.7,8.71,8.77,8.88,7.45,8.54,9.63,8.9,8.91,8.98,8.48,8.39,8.59,9,8.78,8.57,8.46,8.79,9.73,8.83,8.98,8.82,8.61,8.56,10.41
CRYGA,3.59,3.59,3.76,3.76,3.89,4.17,4.05,4.15,3.5,3.4,3.71,3.54,3.62,4.46,3.62,3.65,3.5,3.68,3.54,3.61,4.04,3.69,3.62,3.9,3.81,3.6,3.73,3.74,3.88,3.56,3.98,4.46,3.81,3.75,3.89,3.51,4.04,3.38,3.78,3.69,3.74,3.59,3.92,4.5,3.56,3.88,3.62,3.9,3.64,3.99
CRYGB,4.36,4.52,4.18,4.5,5.03,4.6,4.89,4.23,4.46,4.55,4.37,5.05,5.16,4.44,4.3,4.13,4.22,4.12,4.42,4.12,4.71,4.5,4.35,4.28,4.15,4.22,4.38,4.42,4.67,5.46,5.2,5.11,4.59,4.58,4.24,4.15,4.24,3.88,4.55,4.14,4.18,4.55,4.35,5.52,3.98,3.95,4.1,4.27,4.4,4.51
CRYGC,4.08,4.09,4.05,4.2,3.92,4.68,4.15,4.18,4.05,4.09,3.88,4.22,4.11,4.99,3.92,3.98,4.02,4.21,4.2,4.16,4.22,4.07,4.26,4.48,4.03,4.09,4.13,4.07,4.03,5.34,6.09,4.3,4.07,4.1,4,3.88,3.86,3.99,3.76,3.83,3.97,4.06,4.55,4.3,4.37,4.47,4.04,4.16,4.13,4.06
CRYGD,4.47,4.59,4.49,4.72,4.04,4.77,5.52,4.61,4.63,4.58,4.63,4.77,4.39,5.6,4.6,4.54,4.63,4.78,4.69,4.78,5.07,5.04,4.9,4.53,4.87,4.45,4.37,4.58,4.76,5.17,6.42,5.06,4.68,4.48,4.9,4.51,4.35,4.1,4.53,4.31,4.41,4.63,4.65,5.27,4.72,4.22,4.52,4.87,4.74,5.16
CRYGN,4.34,4.3,4.71,4.12,4.89,4.84,4.69,4.53,4.18,4.25,4.71,4.21,4.13,4.91,4.24,4.05,4.35,4.19,4.27,4.51,4.29,4.76,4.18,4.33,4.48,4.23,4.66,4.14,4.39,4.48,5.87,5.46,4.46,4.32,4.54,4.57,4.48,4.28,5.34,4.88,4.26,4.28,4.64,5.86,4.37,4.58,4.21,4.18,4.32,4.28
CRYGS,7.09,6.86,7.3,7.22,7.38,7.47,7.77,7.4,6.87,7.15,7.23,7.09,6.84,7.04,7,7.1,6.95,6.91,7.02,7.12,7.07,7.12,7.08,7.26,7.3,7.19,7.27,6.99,7.16,7.95,6.87,6.28,6.63,6.97,6.79,7.04,7.19,6.87,7.9,7.53,7.76,7.51,7.02,6.94,7.22,7.36,7.1,7.38,7.64,5.84
CRYL1,4.52,4.53,4.87,4.94,4.5,4.33,4.86,4.72,4.76,4.49,4.7,4.92,4.81,5.99,4.56,4.49,4.85,4.86,4.91,4.78,4.35,4.73,4.58,4.6,4.68,4.48,4.54,4.91,4.44,6.5,6.13,4.54,4.67,4.82,4.89,4.63,4.73,4.6,5.23,4.32,4.57,5,4.87,5.07,4.22,4.33,4.7,4.87,4.58,5.57
CRYL1,4.65,4.81,5.04,4.88,5.3,5.36,5.06,4.92,4.91,4.76,4.93,4.94,4.94,7.51,4.81,4.83,4.51,5.09,5.08,5.14,4.51,4.92,4.93,4.92,4.91,4.49,4.89,4.88,4.91,5.91,6.09,7.71,5.04,4.96,4.98,4.64,5.32,4.95,5.33,5.31,4.67,5.58,5.38,6.61,4.68,5.16,4.56,4.95,4.95,7.02
CRYL1,5.03,5.45,4.67,4.9,5.08,4.75,4.63,4.62,4.97,5.19,5.28,5.05,5.33,6.61,4.78,4.7,4.72,4.79,4.83,4.79,4.81,5.05,5.12,4.63,5,4.82,4.59,5.08,5.19,4.91,5.23,6,4.96,4.67,4.87,4.59,4.65,4.63,5.85,4.71,4.22,4.59,4.82,6.01,4.39,4.68,4.65,4.74,4.93,7.13
CRYM,4.2,4.48,4.25,4.39,4.22,4.86,4.56,4.26,4.59,4.4,4.71,4.52,4.34,6.09,4.44,4.11,4.51,4.43,4.34,4.52,4.65,4.62,4.36,4.81,4.25,4.05,4.39,4.53,4.28,3.91,6.02,4.3,4.45,4.26,4.49,4.2,4.19,4.23,4.18,4.21,4.13,4.75,4.61,6.07,4.13,4.21,4.09,4.22,4.26,6.39
CRYZ,7.51,7.69,7.37,7.47,7.41,7.35,6.74,7.3,7.64,7.62,7.63,7.54,7.59,7.32,6.87,6.8,6.81,7.68,7.74,7.63,7.17,7.16,7.23,6.74,6.94,7.04,7.38,7.66,7.46,7.56,6.54,7.29,6.56,6.6,6.55,6.93,6.83,6.86,6.68,7.35,7.54,7.09,7.25,6.41,7.58,7.38,7.31,7.72,7.72,7.2
CRYZL1,7.59,7.65,7.66,7.53,7.33,7.59,7.53,7.55,7.84,7.7,7.93,7.71,7.91,6.81,7.95,7.65,7.93,7.58,7.77,7.72,8.06,7.99,8.13,7.96,8.01,8.08,7.48,7.65,7.58,6.84,5.01,6.87,7.67,7.81,7.52,7.96,7.83,8.05,6.75,7.68,7.48,7.52,7.36,6.95,7.75,7.6,7.64,7.94,7.82,6.76
CRYZL1,5.04,4.9,4.61,4.97,4.69,4.67,4.94,4.95,5.18,5.2,4.84,5.37,5.39,4.36,5.3,5.23,5.55,5.08,5.24,5.06,5.42,5.21,5.13,4.95,5.29,5.42,4.75,4.93,4.86,4.74,4.31,4.46,5.43,5.33,5.27,5.32,5.18,5.23,4.56,4.7,4.9,4.78,4.77,4.71,4.63,4.82,4.91,4.76,5.07,4.45
CS,11.77,11.69,11.8,11.86,11.9,11.85,11.81,11.79,11.74,11.79,11.78,11.81,11.81,10.84,11.63,11.68,11.68,11.83,11.85,11.76,11.74,11.82,11.74,11.61,11.73,11.71,11.79,11.86,11.86,12.19,10.92,11.52,11.52,11.53,11.56,11.71,11.65,11.75,11.74,11.77,11.79,12.01,12.04,10.98,11.51,11.6,11.61,11.8,11.99,10.66
CS,10.32,9.74,10.17,10.14,9.51,9.8,9.91,10.3,10.13,10.24,9.64,10.17,10.14,8.64,9.94,9.91,9.89,10.19,10.09,10.25,10.14,10.05,9.69,10.01,10.1,10.06,10.09,10.23,9.78,8.17,7,7.34,9.97,9.93,9.94,9.72,9.72,10.15,9.61,9.94,9.89,9.95,9.71,7.93,9.65,9.51,9.86,10.14,9.92,8.28
CS,5.78,5.51,5.88,5.36,5.02,5.27,4.4,5.15,5.67,5.65,5.41,5.61,5.61,5.36,5.26,5.6,5.7,5.38,5.39,5.57,5.91,5.79,5.41,5.43,5.38,5.44,5.3,5.68,5.4,6.12,5.46,5,5.65,5.72,5.67,5.15,4.94,5.75,5.34,5.19,5.09,5.07,5.33,5.05,5.3,4.71,5.36,5,5.37,7.3
CSAD,9.22,9.46,9.14,9.24,8.9,9.23,8.59,9.18,9.5,9.3,9.38,9.28,9.22,8.66,9.16,9.12,9.24,8.73,8.89,9.17,9.31,9.37,9.68,9.28,9.52,9.4,9.14,9.2,9.45,8.31,6.86,7.5,8.63,8.74,8.58,9.22,9.23,9.21,8.38,9.05,9.3,9.56,9.42,9.21,9.45,9.45,9.56,9.16,9.36,7.49
CSAD,6.8,6.1,6.67,6.56,6.18,6.47,6.04,6.84,6.29,6.53,6.1,6.48,6.18,5.97,6.59,6.6,6.68,6.53,6.72,6.65,6.69,6.43,6.47,6.89,6.96,6.97,6.42,6.67,6.28,5.45,7.89,5.57,6.4,6.25,6.56,6.61,6.4,6.47,6.42,6.37,6.33,6.45,6.08,6.6,7.07,6.85,7.08,6.26,6.3,6.33
CSAD,4.22,4.24,4.67,4.26,4.55,4.66,4.84,4.32,4.28,4.53,4.22,4.37,4.04,4.49,4.52,4.67,4.57,4.48,4.57,4.67,4.57,4.42,4.05,4.71,4.42,4.44,4.73,4.57,4.35,4.86,6.08,6.36,4.53,4.34,4.77,4.5,4.8,4.33,4.38,4.25,4.43,4.95,4.28,4.79,4.69,5.32,4.36,4.53,4.06,6.31
CSAG1,4.81,4.52,4.68,4.52,4.62,5.16,5.05,4.78,4.78,4.52,4.88,4.61,4.57,5.26,4.57,4.83,4.63,5.16,4.65,4.89,4.64,4.6,4.42,4.9,4.76,4.69,4.85,4.8,4.53,5.3,4.54,4.66,4.8,4.7,5.12,4.75,4.81,4.67,5.35,4.78,4.57,4.46,5.01,5.65,4.66,4.74,4.69,5,4.69,5.27
CSAG2 /// CSAG3,4.1,4.26,4.22,4.18,3.81,4.41,4.04,4.12,4.17,4.35,4.44,4.14,4.14,4.42,4.45,4.7,4.45,4.47,4.5,4.26,4.57,4.16,4.48,4.79,4.45,4.81,4.77,4.22,4.16,3.9,5.72,5.88,4.09,4.22,4.31,4.25,4.2,4.24,4.82,4.61,4.21,5.57,4.89,5.24,4.45,4.7,4.35,4.28,4.16,5.44
CSAG2 /// CSAG3,4.3,4.62,4.38,4.64,4.55,4.76,3.79,4.44,4.28,4.31,4.53,4.43,4.41,4.57,4.97,4.84,4.62,4.92,4.77,4.55,4.5,4.38,4.38,4.89,4.72,4.62,4.49,4.28,4.85,6.32,4.69,4.83,4.67,4.4,4.63,4.8,4.77,4.44,5.36,4.5,4.75,5.41,4.87,4.66,5.03,4.63,5.07,4.84,5.07,5.39
CSAG2 /// CSAG3,4.16,4.3,4.21,4.32,4.06,4.57,4.47,4.47,4.22,4.26,4.36,4.21,4.33,5.25,4.66,4.72,4.7,4.33,4.24,4.39,4.72,4.22,4.33,4.51,4.71,4.44,4.52,4.27,4.31,5.31,4.35,4.45,4.64,4.54,4.56,4.39,4.26,4.28,4.6,4.34,4.43,5.05,4.89,4.64,5.28,4.57,4.68,4.54,4.38,5.33
CSAG2 /// CSAG3 /// LOC100130935,3.71,3.64,3.77,3.69,3.7,3.82,4.42,3.66,3.58,3.65,3.5,3.63,3.69,4.33,3.66,3.64,3.93,3.63,3.49,3.5,3.64,3.62,3.54,3.81,3.39,3.42,3.76,3.48,3.51,3.78,4.19,3.81,3.59,3.72,3.48,3.57,3.72,3.53,3.76,3.52,3.62,3.83,3.72,3.58,3.84,3.61,3.81,3.66,3.72,3.65
CSDA,9.34,9.5,9.35,9.29,9.19,9.35,9.42,9.31,9.35,9.4,9.36,9.19,9.34,8.91,9.82,9.76,9.84,9.36,9.39,9.37,9.67,9.55,9.56,9.74,9.67,9.79,9.43,9.38,9.31,9.13,8.14,8.89,9.5,9.51,9.48,9.76,9.74,9.63,9.15,9.42,9.35,9.45,9.54,9.12,9.43,9.4,9.34,9.32,9.32,8.94
CSDA,11.17,11.33,11.22,11.1,10.83,11,11.21,11.1,11.21,11.16,11.25,11.14,11.19,10.58,11.47,11.49,11.61,11.12,11.16,11.08,11.48,11.38,11.42,11.43,11.4,11.57,11.2,11.1,11.19,10.89,8.82,9.71,11.37,11.18,11.26,11.38,11.51,11.38,11.11,11.03,11.26,11.35,11.31,10.86,11.26,11.15,11.02,11.14,11.13,10.42
CSDC2,5.3,5.84,5.88,5.7,6.47,5.6,5.31,6.11,5.8,5.73,6.21,5.84,5.74,6.47,5.92,5.64,5.93,5.88,5.87,5.92,5.53,5.88,5.8,5.96,5.99,5.46,5.89,6.06,6,6.07,5.78,6.4,5.59,5.82,6.06,5.92,5.61,5.58,6.17,5.8,5.42,5.82,5.7,5.37,6.58,5.38,5.73,5.88,5.81,5.84
CSDC2,4.76,4.47,5,4.55,5.47,4.83,4.68,4.91,4.73,4.85,4.7,4.79,4.77,4.86,4.87,4.81,4.81,4.8,4.69,4.94,4.72,4.75,4.87,4.76,4.88,4.86,5.11,4.83,4.93,4.78,4.79,5.17,4.33,4.67,4.85,4.7,5.11,4.82,5.44,5.01,4.89,4.77,5.13,4.6,5.25,4.68,4.88,4.62,4.76,5.83
CSDE1,11.66,11.63,11.55,11.55,11.43,11.73,11.89,11.61,11.71,11.71,11.53,11.51,11.62,10.85,11.7,11.63,11.62,11.37,11.4,11.46,11.75,11.78,11.67,11.59,11.61,11.65,11.62,11.6,11.62,11.46,10.63,10.4,11.49,11.33,11.41,11.52,11.61,11.4,11.44,11.72,11.68,11.75,11.85,10.51,11.68,11.72,11.76,11.52,11.59,10.16
CSDE1,12.26,12.3,12.17,12.25,12.02,12.07,11.93,12.25,12.24,12.25,12.33,12.33,12.37,11.08,12.28,12.17,12.21,12.07,12.02,12.18,12.22,12.36,12.27,12.13,12.22,12.22,12.18,12.31,12.17,12.06,10.74,11.1,11.97,12.07,11.97,12.17,12.1,12.11,11.85,12.12,12.14,12.33,12.33,11.25,12.25,12.18,12.3,12.21,12.23,11.14
CSDE1,11.39,11.44,11.27,11.32,11.25,11.64,11.66,11.35,11.53,11.25,11.55,11.29,11.53,10.53,11.26,11.3,11.33,11.25,11.24,11.21,11.57,11.44,11.69,11.24,11.22,11.47,11.37,11.18,11.65,11.65,10.85,10.35,11.27,11.08,10.96,11.23,11.58,11.21,11.55,11.34,11.51,11.65,11.62,10.1,11.5,11.66,11.51,11.4,11.5,9.44
CSDE1,10.57,10.35,10.52,10.64,10.57,10.75,10.53,10.33,10.7,10.39,10.68,10.47,10.55,9.09,10.39,10.49,10.56,10.6,10.58,10.52,10.65,10.52,10.83,10.58,10.6,10.58,10.62,10.55,10.65,10.51,10.12,9.9,10.24,10.2,10.22,10.57,10.57,10.51,10.41,10.3,10.5,10.64,10.73,9.43,10.71,10.65,10.67,10.6,10.71,9.74
CSE1L,11.09,11.12,11.09,11,10.92,10.9,10.93,10.99,11.13,11.05,11.08,10.92,10.96,9.99,11.02,10.96,11.16,11,10.95,10.87,10.58,10.48,10.71,10.6,10.66,10.82,11.07,10.91,11.05,10.97,9.26,10.31,11.3,11.25,11.18,10.91,10.94,10.98,10.36,10.95,11.04,10.61,10.48,9.29,11,10.75,10.9,10.99,11.08,10.23
CSE1L,11.18,11.31,11.19,11.17,11.08,11.06,10.98,11,11.13,11.16,11.16,11.05,11.09,9.98,11.19,11.13,11.23,11.18,11.21,11.01,10.77,10.71,10.86,10.91,10.77,10.85,11.2,11.11,11.19,11.36,8.18,10.5,11.49,11.44,11.43,11.13,11.17,11.22,10.81,10.97,11.15,10.61,10.65,9,10.99,10.92,11.03,11.05,11.23,9.46
CSE1L,10.37,10.24,10.06,10.18,9.44,9.46,9.1,10.03,10.43,10.28,9.84,10.31,10.42,8.26,10.34,10.18,10.29,10.14,10.14,10.23,9.78,9.65,9.42,9.75,9.91,10.05,10.09,10.17,9.69,8.48,7.59,8.45,10.49,10.51,10.54,10.12,9.77,10.28,9.17,9.92,9.89,9.3,8.94,7.81,9.86,9.36,9.94,10.23,10.31,8.57
CSF1,5.83,5.86,5.68,5.89,5.61,5.94,6.42,5.43,5.9,5.99,6.59,5.76,5.97,8.41,5.97,6.22,5.8,6.01,6.06,5.82,6.01,6,5.9,5.87,5.9,5.84,5.6,6.29,5.61,6.03,5.97,7,5.89,5.97,6.14,6.1,5.98,5.63,5.14,5.71,5.64,5.82,6.26,6.69,5.99,6.5,6.09,5.83,5.78,7.84
CSF1,5.1,5.18,5.04,4.75,4.86,5.07,5.16,4.95,4.85,4.72,5.26,5.19,5,7.17,5.13,5.31,5.08,5.13,5.14,4.97,5.12,4.92,5.41,4.75,5.28,5.11,4.87,5.03,4.64,5.24,4.91,5.38,5.22,5.21,5.03,4.67,4.99,4.96,5.07,4.9,4.86,5.3,5.22,5.31,4.82,4.98,4.9,4.94,4.95,5.38
CSF1,5.64,5.66,5.65,6.07,5.76,5.42,5.98,6.06,5.79,5.69,5.52,5.9,5.71,5.73,6.03,6.05,5.89,5.92,5.61,5.74,5.96,6.16,5.99,6.27,5.95,5.69,5.78,5.9,5.91,6.4,7.82,6.1,6.37,6.3,6.08,6.2,5.77,6.06,5.74,5.86,5.86,5.77,6.07,6.09,5.71,5.86,5.92,5.67,5.69,5.19
CSF1R,5.54,5.52,5.64,5.69,6.13,5.77,6.14,6.19,5.45,5.63,5.67,5.41,4.99,4.62,5.92,5.41,5.35,5.29,5.44,5.27,5.7,5.42,6.02,5.82,6.02,5.6,5.88,5.62,6.02,4.32,5.17,5.29,4.88,5.33,5.07,5.65,5.62,5.32,5.62,5.94,5.47,5.94,5.87,4.58,5.93,6.14,5.42,5.7,5.69,5.28
CSF1R,3.78,3.74,3.61,3.66,4.01,3.75,4.53,4.24,3.65,3.65,3.61,3.73,3.62,3.97,3.53,3.87,3.7,3.88,3.66,3.64,3.81,3.83,3.64,3.83,3.73,3.93,3.84,3.71,3.51,4.23,4.7,4.3,3.66,3.95,3.69,3.54,3.85,3.64,4.34,3.65,3.86,3.75,3.68,4.3,3.95,3.93,3.66,3.63,3.76,4.24
CSF1R,5.49,5.61,5.57,5.5,5.44,5.62,5.12,4.98,5.4,5.4,5.58,5.24,5.3,6.26,5.52,5.4,5.44,5.56,5.32,5.42,5.95,5.57,5.31,5.43,5.62,5.52,5.57,5.74,5.9,5.03,6.3,6.9,5.18,5.27,5.57,5.19,4.96,5.07,4.44,5.83,5.25,5.53,5.15,4.92,5.64,5.15,5.12,5.27,5.14,5.17
CSF2,5.2,5.36,5.13,5.27,5.4,5.1,4.52,4.93,5.11,5.16,5.1,5.2,4.8,6.05,5.23,4.98,5.1,4.73,5.01,4.82,5.33,5.51,5.08,5.32,4.48,5.38,5.35,5.17,5.19,5,5.95,5.07,5.43,5.16,5.16,5.27,4.66,5.39,5.46,5.13,5.46,5.53,5.36,5.68,5.69,5.73,5.91,5.34,5.38,6.23
CSF2RA,3.89,3.8,3.92,3.72,4.28,4.28,4.53,3.76,3.69,3.79,3.87,3.93,3.84,4.47,3.62,4.27,3.78,3.92,3.9,3.9,3.86,3.72,3.83,4.31,3.95,3.84,3.67,3.72,3.85,4.23,4.32,5.01,3.96,4.01,3.98,3.65,4.18,3.72,4.13,4.11,4.38,3.76,3.77,4.01,3.85,4.7,3.79,3.79,3.66,5.04
CSF2RA,3.42,3.45,3.36,3.33,3.78,3.62,4.69,3.55,3.43,3.48,3.33,3.49,3.56,3.92,3.33,3.79,3.7,3.41,3.66,3.49,3.56,3.41,3.46,3.46,3.65,3.75,3.5,3.49,3.38,5.49,4.2,4.76,3.38,3.46,3.38,3.38,3.62,3.51,4.08,3.9,3.58,3.92,3.71,4.51,3.56,3.71,3.59,3.57,3.39,4.51
CSF2RA,4.5,4.58,4.24,4.24,4.28,4.63,4.42,4.19,4.45,4.61,4.71,4.3,4.43,4.61,4.55,4.43,4.52,4.44,4.7,4.16,4.62,4.34,4.61,4.23,4.26,4.27,4.3,4.42,4.55,4.32,4.42,4.91,4.77,4.89,4.63,4.3,4.61,4.14,4.9,4.29,4.17,4.22,4.29,5.2,4.45,4.38,4.55,4.37,4.51,5.11
CSF2RA,3.81,3.89,4.02,3.57,3.65,3.51,4.11,3.79,3.63,3.63,3.75,3.81,3.71,4.14,3.52,3.76,3.55,3.55,3.57,3.56,3.6,3.79,3.65,3.59,3.66,3.47,3.82,3.56,3.74,4.77,3.94,4.79,3.76,3.79,3.56,3.51,3.84,3.91,5.3,3.58,3.6,3.98,3.61,3.94,3.57,3.66,3.58,3.62,3.56,3.96
CSF2RB,4.5,4.44,4.39,4.52,4.79,4.7,4.27,4.27,4.42,4.33,4.36,4.41,4.24,5.44,4.45,4.93,4.35,4.78,4.68,4.49,4.37,4.17,4.35,4.48,4.67,4.5,4.2,4.35,4.13,5.6,4.98,7.15,4.56,4.22,4.27,4.18,4.58,4.61,4.32,4.11,4.71,4.44,4.73,5.26,4.61,4.41,4.36,4.66,4.29,5.6
CSF2RB,8.19,8.21,8.19,8.27,8.34,8.11,8.42,8.3,8.04,8.23,8.36,8.24,8.35,8.16,8.34,8.29,8.06,8.35,8.12,8.35,8.53,8.72,8.64,8.39,8.33,8.37,8.04,8.3,8.21,8.67,5.81,7.58,8.26,8.11,7.97,8.13,8.52,8.22,8.08,8.01,8.23,8.7,8.57,7.46,7.98,8.15,8.09,8.09,8.21,7.17
CSF2RB,8.64,9.08,8.54,8.83,8.82,8.63,8.33,8.45,8.9,8.83,9.2,9.04,8.96,9.69,8.73,8.59,8.75,8.69,8.67,8.68,9.14,9.29,9.65,8.84,8.98,9,8.6,8.9,8.78,9.1,8.24,7.73,8.25,8.38,8.43,8.8,8.92,8.78,8.07,8.56,8.69,9.19,9.22,9.18,8.39,8.42,8.74,8.76,8.99,7.74
CSF3,4.96,4.89,4.77,4.93,5.25,4.79,4.96,5.3,4.85,4.8,5.11,5.02,4.9,5.13,4.6,4.69,4.98,4.85,4.72,4.66,5.11,4.95,4.77,4.78,4.95,4.81,5.04,4.8,5.14,5.27,4.73,6.55,4.85,4.82,4.68,4.75,4.86,4.9,5,4.86,4.92,4.65,4.99,5.28,4.78,5.06,5,4.77,4.75,5.69
CSF3,4.99,4.89,4.91,5.17,5.21,5.14,6.07,5.59,4.94,4.81,5.07,5,4.82,5.96,5.06,5.28,5.12,5.21,5.04,5.25,5.12,5.2,4.93,5.08,4.96,5.05,5.16,5.12,5.21,5.27,5.36,6.29,4.91,5.16,5.27,5,5.49,5.26,5.46,5.3,4.9,5.11,4.98,5.87,4.85,5.12,5.01,5.27,5.02,7.52
CSF3,4.59,4.45,4.68,4.37,4.53,4.24,4.38,4.58,4.49,4.18,4.49,4.38,4.25,4.08,4.53,4.62,4.2,4.41,4.25,4.72,4.27,4.31,4.25,4.48,4.47,4.36,4.63,4.38,4.38,4.52,3.8,4.58,4.56,4.22,4.39,4.61,4.43,4.31,4.92,4.22,4.35,4.41,4.37,4.2,4.54,4.41,4.55,4.57,4.26,5.19
CSF3R,4.92,4.91,4.86,4.94,4.89,4.93,4.88,5.23,4.66,5.02,4.92,4.69,4.56,4.98,5.08,5.09,5.03,4.96,4.91,5.16,5.01,5.26,4.73,4.92,4.99,5.01,5.04,4.87,5.01,4.68,4.82,5.59,5.01,4.83,5.05,4.81,5.02,4.93,4.7,4.85,5.1,5.22,5.13,5.12,5.38,4.89,4.89,4.95,4.44,5.55
CSF3R,3.94,4.07,3.8,4.09,4.02,4.42,3.87,3.63,3.86,4.07,3.82,3.95,4.22,4.78,3.88,4.24,4.11,4.24,3.82,4.31,4.24,4.07,3.92,3.95,4.12,3.92,4.07,4.18,3.97,3.51,4.26,3.5,4.03,4.09,3.81,3.86,4.49,3.76,4.25,4.11,4.18,3.97,3.78,3.93,4.2,4.28,4.41,3.75,4.18,4.76
CSGALNACT1,7.68,7.85,7.68,7.9,7.63,7.74,6.91,7.54,7.98,7.83,8.02,7.85,7.82,7.44,7.96,7.75,7.97,7.88,7.96,8.18,6.94,7.49,7.61,7.6,7.64,7.63,7.76,7.75,7.83,7.76,6.26,7.24,7.73,7.69,7.88,8.1,8.09,7.99,7.61,7.79,7.81,7.68,7.63,7.96,7.35,7.27,7.5,7.95,7.89,7.06
CSGALNACT1,5.93,5.49,5.83,5.75,4.99,4.4,4.48,5.98,5.8,5.88,5.31,5.75,5.51,5.14,6.12,5.88,5.88,6.11,6.3,6.45,5.62,5.48,5.11,5.84,5.82,5.43,5.55,5.53,5.21,4.57,6.36,5.78,5.9,6.08,5.86,6.13,5.72,6.43,4.89,5.34,5.56,4.81,4.95,6.27,5.11,4.92,5.41,5.88,5.65,5.39
CSGALNACT1,8.68,8.79,8.7,8.72,8.66,8.64,8.16,8.73,8.8,8.81,8.78,8.77,8.74,8.34,8.98,8.96,8.95,9.12,9.08,9.22,8.43,8.41,8.24,8.62,8.68,8.83,8.67,8.8,8.49,8.3,5.81,8.18,8.75,8.84,8.9,9.21,8.96,9.21,8.37,8.81,8.93,8.69,8.54,8.31,8.34,8.35,8.4,8.79,8.84,8.63
CSGALNACT2,8.98,9.7,9.02,9.07,8.62,8.84,8.57,8.8,9.25,9.12,9.14,9.24,9.54,8.73,9.31,9.19,9.33,8.93,8.94,9.23,9.23,9.11,9.36,9.09,9.13,9.34,9.07,9.01,9.24,9.33,7.71,8.27,9.41,9.51,9.33,9.24,9.29,9.21,8.9,8.98,9.01,9.08,9.32,8.57,9,8.65,8.79,9.07,9.17,8.63
CSH1,4.03,4.21,3.96,4.14,4.28,4.57,4.22,4.17,4.1,4.03,4.13,4.16,4.1,5.47,4.17,4.03,3.86,4.12,3.99,4.05,4.02,4.22,4.17,3.91,4.12,4.26,4.62,4.08,4.35,5.39,7.6,5.59,4.4,4.16,4.16,3.85,4.16,3.93,4.82,4.31,4.18,4.04,3.9,4.52,4.06,4.29,4.04,4,3.98,6.33
CSH1,3.7,3.68,4.1,3.59,4.26,4.31,5.15,3.96,3.91,3.75,3.83,3.74,3.69,4.87,3.81,3.59,3.92,3.81,3.77,3.71,3.73,3.77,4,3.97,4,3.62,3.99,3.88,3.92,4.7,7.87,5.28,3.64,3.62,3.65,3.74,4.34,3.69,5.36,3.73,3.91,3.92,4.05,4.59,3.75,3.88,3.86,3.69,3.71,4.18
CSH1,4.5,4.41,4.51,4.36,4.71,4.22,4.37,4.13,4.18,4.66,4.34,4.41,4.42,6.17,4.23,4.33,4.35,4.47,4.2,4.52,4.42,4.69,4.36,4.41,4.55,4.24,4.17,4.65,4.34,5.09,5.5,5.41,4.33,4.38,4.34,4.22,4.51,4.51,5.35,4.38,4.17,4.44,4.48,5.75,4.26,4.62,4.25,4.3,4.11,5.15
CSH1 /// CSH2,3.57,3.48,3.47,3.53,3.76,3.91,3.8,3.61,3.49,3.62,3.56,3.5,3.57,5.06,3.8,3.55,3.46,3.5,3.77,3.5,3.58,3.66,3.55,3.84,3.44,3.54,3.54,3.44,3.47,5.72,5.01,5.2,3.47,3.63,3.67,3.51,3.77,3.6,5.37,3.52,3.69,3.76,3.53,4.36,3.8,4.02,3.67,3.85,3.57,3.79
CSH1 /// CSH2,4.44,4.52,4.28,4.29,4.22,4.87,4.36,4.23,4.24,4.42,4.34,4.64,4.62,6.63,4.57,4.31,4.32,4.52,4.16,4.31,4.78,4.62,4.34,4.25,4.4,4.46,4.29,4.5,4.71,4.76,7.86,5.34,4.43,4.34,4.11,4.44,4.2,4.23,4.51,4.14,4.16,4.67,4.46,6.3,4.11,4.73,3.91,4.2,4.28,6.11
CSH1 /// CSH2,3.54,3.72,3.66,3.44,3.54,3.65,4.13,3.63,3.49,3.64,3.73,3.8,3.68,4.48,3.53,3.62,3.62,3.72,3.5,3.62,3.76,3.81,3.6,3.63,3.58,3.89,3.7,3.7,3.78,3.78,4.09,3.91,3.42,3.54,3.62,3.47,3.73,3.79,5.14,3.59,3.65,3.88,3.78,5.83,3.79,3.73,3.71,3.59,3.72,5.2
CSH1 /// CSH2,3.59,3.43,3.67,3.37,3.62,3.86,3.95,3.36,3.42,3.69,3.64,3.41,3.35,5.01,3.51,3.49,3.61,3.39,3.54,3.43,3.33,3.39,3.38,3.6,3.53,3.74,3.49,3.55,3.63,5.64,5.5,4.24,3.62,3.31,3.39,3.51,3.59,3.68,3.92,3.43,3.52,3.63,3.58,4.41,3.6,3.56,3.48,3.49,3.39,3.48
CSHL1,4.38,3.81,4.15,4.11,3.84,4.42,4.49,4,3.94,4.24,3.93,4.26,4.04,5.95,4.52,4.13,4.21,4.08,4.02,4.53,4.22,4.15,4.16,4.56,4.53,4.06,3.97,4.52,3.92,6.1,5.26,5.64,4.47,4.14,4.14,4.21,4.56,4.25,4.35,4.28,4.06,4.09,4.47,5,4.25,3.86,4.49,3.74,4.32,6.48
CSHL1,3.66,3.59,3.99,3.74,4.28,3.84,4.13,4.06,3.62,3.9,3.5,3.65,3.61,4.97,3.82,4.07,3.57,3.78,3.99,3.82,3.81,3.55,3.59,3.71,3.87,4.05,3.91,3.63,3.67,4.06,5.51,5.51,3.82,3.74,3.57,3.59,4.09,3.98,5.66,3.75,3.98,3.92,3.69,4.86,3.73,3.84,3.81,3.6,3.66,3.69
CSK,8.47,8.34,8.54,8.38,8.74,8.66,8.7,8.81,8.31,8.23,8.35,8.16,8.31,6.72,8.25,8.51,8.41,8.6,8.53,8.36,8.4,8.43,8.32,8.34,8.49,8.48,8.69,8.17,8.55,6.76,8.35,8.61,8.53,8.32,8.29,8.4,8.54,8.49,8.65,8.61,8.58,8.57,8.57,7.27,8.32,8.37,8.52,8.52,8.56,6.81
CSK,8.89,8.64,9.16,9.03,9.23,8.99,8.84,9.16,8.84,8.9,8.63,8.58,8.76,7.67,8.75,8.98,8.81,9.05,9,8.95,8.8,8.88,9.01,9.06,9.06,8.88,9,8.85,9.08,9.03,8.76,7.44,8.93,8.86,8.77,9.07,9.14,9.14,9.16,9.1,9.18,8.93,8.88,6.96,8.86,8.88,8.97,8.99,9.05,8.21
CSK,8.39,8.35,8.54,8.42,8.64,8.38,8.72,8.7,8.32,8.44,8.22,8.29,8.36,7.35,8.4,8.42,8.42,8.47,8.51,8.4,8.28,8.3,8.42,8.44,8.4,8.51,8.59,8.23,8.53,8.45,7.15,6.74,8.5,8.5,8.29,8.35,8.55,8.61,8.45,8.72,8.55,8.45,8.38,6.66,8.41,8.36,8.54,8.39,8.65,7.73
CSK,8.51,8.38,8.51,8.54,8.33,8.47,8.49,8.77,8.34,8.43,8.25,8.24,8.2,6.39,8.39,8.24,8.4,8.44,8.5,8.61,8.39,8.37,8.46,8.6,8.48,8.47,8.42,8.34,8.18,7.22,7.38,7.98,8.4,8.38,8.31,8.53,8.46,8.51,7.45,8.51,8.53,8.63,8.32,7.36,8.41,8.31,8.33,8.44,8.57,7.12
CSMD1,4.62,4.69,4.8,4.94,4.71,5.1,4.54,4.71,4.79,4.97,5.16,4.76,4.74,6.02,4.85,4.59,4.61,5.19,4.95,4.79,4.76,4.8,4.9,4.77,4.7,4.72,4.79,4.95,4.85,5.77,4.77,4.76,4.82,4.81,4.77,4.83,4.67,4.83,4.4,4.82,4.52,4.77,4.82,6.58,4.69,4.73,4.68,4.85,4.8,5.5
CSMD1,4.08,5.02,3.97,4.39,3.77,3.81,3.98,3.76,4.17,4.43,4.47,4.15,4.7,4.45,3.88,3.69,3.96,4.08,3.89,3.97,4.34,4.17,4.44,3.71,3.55,4.08,3.86,4.17,3.86,5.79,4.91,4.29,3.99,4.14,4.01,3.71,3.78,4.01,4.19,3.66,3.73,3.65,4.11,5.19,3.7,3.79,3.62,4,4.3,5.76
CSMD1,5.01,5.38,4.78,5.12,5,4.57,4.36,4.75,4.78,4.83,4.9,4.9,5.04,4.79,4.63,4.78,4.61,4.89,4.59,4.83,5.35,4.98,4.84,4.63,4.5,4.52,4.84,4.76,4.5,4.58,4.62,5.17,4.88,4.63,4.59,4.39,4.65,4.5,4.27,4.64,4.45,4.81,4.8,4.81,4.91,4.67,4.79,4.61,4.73,5.47
CSMD2,5.54,5.35,5.44,5.59,5.53,5.77,5.54,5.69,5.5,5.59,5.7,5.57,5.41,6,5.82,5.9,5.37,5.62,5.73,5.76,5.5,5.68,5.65,5.36,5.31,5.65,5.61,5.92,5.85,5.65,6.89,7.93,5.54,5.57,5.37,5.18,5.4,5.79,5.84,5.51,5.58,5.46,5.6,5.87,5.83,6.08,5.99,5.5,5.55,7.13
CSMD2,4.7,4.51,4.58,4.68,5.06,4.63,4.84,4.53,4.57,4.49,4.6,5.09,4.77,5.26,4.71,4.62,4.32,4.92,4.53,4.32,4.72,4.77,4.76,4.85,4.66,4.78,4.56,4.81,4.63,4.71,6.14,4.08,4.69,4.91,4.57,4.6,4.89,4.75,5.8,4.83,4.42,4.95,4.86,5.42,5.34,4.47,4.91,4.48,4.48,4.85
CSMD2,3.73,3.56,3.91,3.92,4.28,3.75,3.5,3.75,3.63,3.65,3.7,3.68,3.58,4.59,3.76,4.12,3.92,3.78,3.67,3.94,3.8,3.73,3.74,4.03,3.67,3.55,3.75,3.75,3.63,4.01,3.67,5.07,3.67,3.73,3.83,3.57,3.93,3.63,4.2,3.73,3.48,3.83,4.09,5.64,4.26,4.17,3.88,3.65,3.78,5.22
CSMD2,3.84,3.69,3.65,4.06,3.76,3.88,3.86,3.63,3.68,3.89,3.64,3.69,3.66,3.96,3.74,3.7,3.88,3.7,3.51,4.04,4.13,3.98,3.94,3.72,3.87,3.51,3.79,3.71,3.71,3.8,4.98,4.41,3.69,3.52,3.93,3.55,3.29,3.41,4.99,4.03,3.74,3.89,3.51,3.85,3.53,4.17,3.8,4.04,3.73,3.92
CSMD3,4.97,5.21,5.26,4.98,4.8,5.38,4.88,5.12,5.13,5.07,5.54,5.33,5.14,5.67,4.98,4.91,5.35,4.8,4.79,4.75,5.12,5.5,5.42,5.02,4.94,4.87,4.93,5.04,4.83,5.64,8.03,5.71,4.97,5.13,4.95,4.88,4.83,4.84,5.3,4.76,4.96,5.14,5.35,6.49,5.01,5.12,5.02,4.93,4.83,6.49
CSMD3,4.23,4.52,4.58,4.43,4.65,4.45,5.32,4.08,4.36,4.66,4.42,4.49,4.46,5.35,4.37,4.87,4.62,4.7,4.65,4.71,4.65,4.4,4.48,4.43,4.92,4.46,4.44,4.59,5.09,4.76,6.19,5.98,4.84,4.35,4.41,4.46,4.75,4.45,5.25,4.45,4.33,4.57,5.01,5.95,4.56,4.39,4.79,4.42,4.21,6.21
CSN1S1,3.28,3.64,3.61,3.51,3.7,3.74,4.24,3.83,3.24,3.48,3.96,3.53,3.47,3.41,3.39,3.86,3.53,3.62,3.61,3.54,3.34,3.31,3.41,3.56,3.66,3.56,3.36,3.47,3.34,3.99,5.3,3.8,3.51,3.13,3.65,3.63,3.38,3.72,4.17,3.48,3.62,3.43,3.32,3.93,3.77,3.62,3.65,3.26,3.41,4.27
CSN1S2A,3.71,3.54,3.64,3.82,3.66,3.59,4.33,3.53,3.63,3.39,3.66,3.89,3.52,4.5,3.27,3.58,3.39,3.85,3.53,3.65,3.57,3.85,3.79,3.37,3.26,3.52,3.57,3.64,3.8,4.75,5.4,5.11,3.66,3.71,3.81,3.66,3.43,3.59,4.26,3.29,3.42,3.78,3.61,6.26,3.36,3.56,3.6,3.65,3.35,4.18
CSN2,4.55,4.39,4.6,4.88,5.05,4.77,4.73,4.63,4.8,4.59,5,4.81,4.5,6.4,4.65,4.99,4.71,4.97,4.87,4.78,4.74,4.63,4.53,4.48,4.64,4.5,4.72,4.7,4.77,5.79,5.13,6.09,4.59,4.68,4.81,4.47,4.28,4.83,4.39,4.37,4.77,4.65,5.23,5.66,4.44,4.79,4.72,4.6,4.64,6.97
CSN3,5.12,4.97,4.87,4.9,4.63,4.45,4.47,4.4,4.74,4.76,4.91,4.91,5.08,4.92,4.68,4.7,4.63,4.49,4.8,4.96,4.89,4.81,4.73,4.41,4.71,4.67,4.93,4.67,4.7,5.91,6.71,5.43,4.71,4.6,4.46,4.4,4.28,4.66,5.07,4.56,4.35,4.88,4.56,5.63,4.41,4.58,4.66,4.52,4.56,7.77
CSNK1A1,10.01,10.08,9.81,9.96,9.59,9.74,9.17,9.41,10.11,9.92,9.75,10,10.19,8.37,10.03,10.13,10.17,9.79,9.98,9.92,10.14,10.03,10.12,9.89,9.99,10.07,9.78,9.86,9.81,9.41,9.3,8.58,10.36,10.27,10.12,10.05,9.99,9.96,9.7,9.69,9.93,9.5,9.6,8.27,9.78,9.34,9.7,10.05,10.09,8.8
CSNK1A1,10.23,10.13,10.23,10.27,9.76,9.85,9.45,10.04,10.31,10.43,9.89,10.43,10.33,10.69,10.75,10.55,10.72,10.4,10.28,10.43,10.32,10.48,10.08,10.6,10.59,10.52,10.05,10.41,9.59,7.3,6.65,9.5,10.52,10.65,10.74,10.51,10.21,10.62,9.62,10.13,9.86,9.73,9.78,10.34,10.01,9.7,9.98,10.21,9.79,11.32
CSNK1A1,7.69,7.21,7.15,7.22,6.22,6.61,6.63,7.36,7.79,7.62,6.21,7.58,7.72,6.07,7.66,7.48,7.7,7.19,7.49,7.28,7.76,7.39,7.27,7.27,7.38,7.74,7.23,7.21,7.26,5.92,6.48,5.9,7.62,7.8,7.61,7.4,7.46,7.66,5.86,7.03,6.95,6.73,6.53,5.92,6.62,6.07,6.81,7.65,7.75,5
CSNK1A1,9.55,9.11,9.49,9.26,8.87,8.85,8.96,9.28,9.36,9.47,8.72,9.36,9.5,7.86,9.58,9.74,9.62,9.34,9.48,9.51,9.54,9.36,9.09,9.46,9.54,9.72,9.23,9.18,8.98,8.01,6.18,7.47,9.99,9.96,9.87,9.62,9.42,9.72,9.23,9.34,9.12,8.99,8.99,7.78,9.23,9.07,9.03,9.37,9.24,8.27
CSNK1A1,10.56,10.3,10.44,10.46,9.99,10,9.71,10.06,10.44,10.42,10.17,10.6,10.49,6.32,10.54,10.51,10.67,10.46,10.56,10.47,10.28,10.38,10.54,10.68,10.56,10.63,10.19,10.37,10.11,9.27,5.87,6.13,10.83,10.86,10.75,10.56,10.3,10.7,9.76,10.18,10.26,9.86,9.68,5.67,10.24,9.87,10.12,10.42,10.31,6.93
CSNK1A1,10.08,9.76,9.89,9.93,9.65,9.41,9.21,9.95,9.89,9.97,9.57,10.07,10.02,6.77,10.26,10.08,10.2,10.04,10.06,9.94,10.11,10.01,9.77,10.12,10.15,10.21,9.86,9.89,9.57,8.25,6.5,7.28,10.4,10.45,10.46,10.13,10.01,10.3,9.57,9.81,9.71,9.48,9.43,6.88,9.8,9.57,9.67,9.92,9.91,7.56
CSNK1A1,11.11,11.21,11.01,11.08,10.91,10.96,10.7,11.01,11.1,11.08,11.06,11.18,11.17,11,11.23,11.28,11.34,11.21,11.14,11.11,11.18,11.23,11.27,11.22,11.2,11.27,11.02,10.99,10.9,10.56,10.07,10.69,11.52,11.42,11.42,11.34,11.33,11.29,10.97,11.06,11.15,10.86,10.89,10.3,10.92,10.92,10.88,11.21,11.05,10.11
CSNK1A1,9.67,9.82,9.63,9.63,9.61,9.75,10.07,9.87,9.68,9.66,10.12,9.67,9.59,10.23,9.71,9.81,9.62,9.35,9.35,9.34,9.81,10.06,10.25,9.78,9.99,9.73,9.63,9.68,10.03,9.64,9.25,9.87,9.46,9.6,9.54,9.54,9.87,9.52,9.73,9.75,9.55,9.92,9.94,9.71,9.82,9.71,9.74,9.57,9.7,9.85
CSNK1A1,11.28,11.38,11.19,11.38,11.26,11.11,10.9,11.25,11.36,11.42,11.41,11.47,11.45,11.52,11.73,11.68,11.75,11.41,11.35,11.43,11.51,11.58,11.56,11.66,11.72,11.66,11.23,11.45,11.39,11.04,9.51,10.77,11.57,11.76,11.81,11.7,11.5,11.67,11.3,11.27,11.24,11.27,11.19,11.08,11.21,11.19,11.39,11.4,11.42,11.62
CSNK1A1,7.64,7.82,7.64,7.58,7.77,7.62,7.66,7.53,7.7,7.74,7.82,7.48,7.72,6.37,7.77,7.67,7.69,7.02,7.32,7.4,7.92,7.94,8.26,7.67,7.81,7.55,7.61,7.35,7.77,7.1,6.32,6.28,7.45,7.3,7.61,7.84,7.71,7.33,7.32,7.8,7.77,7.82,7.88,5.37,7.75,7.51,7.81,7.62,7.59,6.1
CSNK1A1L,3.8,3.77,3.78,3.78,4.13,3.81,3.85,3.73,3.68,3.76,3.84,3.64,3.73,4.02,3.74,3.93,3.79,3.73,3.61,3.67,3.74,3.93,3.82,3.68,3.85,3.85,3.66,3.55,3.7,4.06,4.68,4.92,3.74,4.4,3.93,3.83,3.63,3.91,3.96,3.74,3.86,3.75,3.66,4.81,3.77,4.07,3.68,3.92,3.8,3.87
CSNK1D,9.68,9.74,9.83,9.71,10.14,9.88,9.99,9.93,9.5,9.77,9.82,9.75,9.59,8.85,9.85,9.79,9.81,9.6,9.61,9.63,9.95,9.83,9.82,9.89,9.86,9.85,9.9,9.82,9.88,9.34,6.64,9.37,10,10.1,10.02,9.84,9.81,9.98,10.03,10.02,9.77,9.74,9.75,9.2,9.84,9.78,9.86,9.75,9.75,9.13
CSNK1D,8.19,8,8.19,8.18,7.95,7.69,7.35,8.35,8.2,8.16,7.66,8.11,8.06,6.89,8.2,8.21,8.24,8.27,8.15,8.18,8.05,8.2,7.91,8.37,8.26,8.38,8.28,8.33,7.97,4.96,8.06,6.36,8.43,8.47,8.48,8.28,8.13,8.51,7.45,8.11,8.2,7.92,7.83,6.19,8.08,7.8,8.17,8.33,7.98,7.38
CSNK1D,8.68,8.63,8.83,8.75,8.45,8.47,8.18,8.68,8.8,8.87,8.2,8.8,8.69,7.37,8.75,8.77,8.9,8.57,8.69,8.57,8.6,8.81,8.55,8.92,8.75,8.81,8.8,8.87,8.39,8.4,7.69,6.2,9.08,9.11,9.14,8.83,8.49,8.99,8.07,8.61,8.69,8.19,8.25,6.12,8.57,8.31,8.7,8.62,8.61,6.8
CSNK1D,9.68,9.6,9.71,9.7,9.78,9.73,9.54,9.54,9.6,9.66,9.68,9.66,9.55,9.27,9.68,9.81,9.7,9.61,9.53,9.59,9.74,9.83,9.74,9.81,9.71,9.8,9.71,9.73,9.77,9.2,8.33,8.41,9.92,9.97,9.84,9.75,9.76,9.97,9.37,9.64,9.78,9.67,9.63,9.41,9.62,9.85,9.78,9.74,9.83,9.62
CSNK1D,10.41,10.33,10.52,10.4,10.58,10.53,10.46,10.7,10.33,10.4,10.48,10.41,10.32,10.37,10.63,10.59,10.62,10.61,10.49,10.45,10.59,10.56,10.69,10.74,10.75,10.59,10.41,10.39,10.51,10.27,10.67,11.03,10.34,10.39,10.52,10.67,10.66,10.63,10.67,10.7,10.64,10.76,10.7,10.69,10.51,10.45,10.64,10.56,10.57,10.48
CSNK1E,8.16,8.23,8.62,8.26,8.33,8.69,8.05,8.66,8.18,8.34,8.42,8.31,8.21,6.31,8.39,8.5,8.46,8.29,8.26,8.3,8.35,8.39,8.44,8.55,8.55,8.38,8.4,8.38,8.44,8.23,8.44,4.8,8.21,8.37,8.34,8.64,8.47,8.76,8.46,8.49,8.46,8.8,8.63,6.92,8.08,8.19,8.41,8.48,8.45,6.83
CSNK1E,8.66,8.59,8.75,8.51,8.56,8.89,8.6,9.04,8.51,8.6,8.67,8.56,8.71,7.21,8.58,8.71,8.65,8.48,8.47,8.59,8.73,8.61,8.83,8.72,8.75,8.72,8.83,8.46,8.99,9.28,8.9,8.01,8.63,8.69,8.56,8.8,8.86,8.99,8.84,8.84,8.84,9.09,9.16,7.98,8.53,8.73,8.61,8.64,8.89,8.45
CSNK1E,10,9.97,10.03,9.95,9.83,9.96,10.12,10.22,9.79,9.95,9.82,9.94,10.07,8.24,9.95,10.16,9.99,9.8,9.79,9.84,10.1,10.02,10.15,9.99,9.91,10.23,10.01,9.94,10.24,9.86,9.2,9.15,9.95,10.11,9.92,9.99,10.18,10.27,9.4,9.96,9.84,10.23,10.23,8.78,9.8,9.82,9.87,10.08,10.16,8.29
CSNK1E,9.87,9.91,10.04,9.93,9.97,10.03,10.14,10.16,9.75,9.98,9.79,9.93,9.93,8.88,9.92,10.04,9.94,9.74,9.82,9.81,10.03,9.83,10.14,9.99,9.96,10.03,9.97,9.82,10.21,10.15,8.98,9.31,9.98,9.97,9.83,9.96,10.02,10.18,9.9,10.1,9.92,10.23,10.29,8.98,9.83,9.77,9.76,9.95,10.01,8.84
CSNK1G1,8.81,9.01,8.74,8.91,8.48,8.81,8.51,8.78,9.04,9,9.06,9.16,9.18,8.63,9.42,9.23,9.41,8.65,8.81,8.79,9.26,9.27,9.57,9.32,9.35,9.3,8.77,9.02,8.97,8.48,8.48,8.28,9.1,9.17,8.99,9.12,9.01,9.16,8.43,8.8,8.84,8.93,8.8,8.1,8.83,8.6,8.71,9.04,9.2,8.65
CSNK1G1,9.95,9.97,10,9.97,10.28,10.28,10.14,9.92,9.86,9.84,10.13,9.96,9.99,8.67,10.43,10.46,10.44,10,9.91,9.96,10.37,10.35,10.57,10.43,10.46,10.45,9.97,9.91,10.09,10,8.97,7.93,10.18,10.2,10.38,10.46,10.51,10.32,10.28,10.14,10.2,10.14,10.11,7.9,10.05,10.09,9.97,10.18,10.19,10.02
CSNK1G1,8.39,8.13,8.01,7.86,8.01,8.5,8.25,8.35,8.12,8.4,8.15,7.9,7.6,7.77,9.11,9.16,8.88,8.38,8.3,8.48,8.88,8.94,8.55,9.21,9.1,9.06,8.37,8.45,8.24,7.08,6.83,6.57,8.75,8.1,8.78,9.2,8.58,8.32,7.76,8.38,8.43,8.31,8.12,7.23,8.29,8.08,8.49,7.98,7.7,8.06
CSNK1G1,6.88,6.22,6.84,6.35,6.57,6.74,6.35,6.8,6.45,6.83,6.32,6.49,6.44,5.43,7.08,7.09,7.36,6.28,6.55,6.79,7.07,7.08,6.71,7.19,7.14,7.29,6.65,6.47,6.29,6.04,5.69,4.35,6.92,6.97,6.83,6.89,6.99,6.73,7.1,6.7,6.76,6.52,6.47,4.37,6.79,6.05,6.7,6.53,6.36,4.56
CSNK1G2,9.92,9.5,9.55,9.43,9.37,9.55,9.67,9.7,9.55,9.69,9.36,9.26,9.17,8.68,9.88,9.94,9.87,9.57,9.56,9.99,9.8,9.78,9.68,10.16,9.86,9.97,9.69,9.64,9.71,9.25,8.67,8.51,9.85,9.57,9.72,9.94,9.7,9.52,8.95,9.56,9.52,9.88,9.64,8.36,9.24,9.46,9.57,9.28,9.16,7.9
CSNK1G2,8.03,7.51,7.89,7.6,7.76,7.77,8,8.07,7.73,7.88,7.26,7.03,7.25,5.35,8.11,8.41,8.2,8.05,7.98,7.69,8.11,8.05,8,8.28,8.09,8.32,7.79,7.81,7.89,6.62,6.23,6.21,8.1,7.9,8.01,8.23,8.06,7.96,7.13,7.89,7.88,8.13,8.06,6.02,7.87,7.52,7.73,7.63,7.47,6.1
CSNK1G2,10.08,10.18,10.06,10.07,10.14,10.23,10,10.18,9.99,10.14,10.35,9.98,10.01,10.37,10.33,10.13,10.34,9.95,9.97,9.98,10.24,10.22,10.4,10.32,10.35,10.13,10.06,10.09,10.22,9.79,10.44,10.57,10,10.2,10.2,10.38,10.36,10.33,9.95,10.17,10.13,10.35,10.42,10.42,9.83,9.87,9.96,10.05,10.18,10.51
CSNK1G2,9.49,9.27,9.29,9.15,9.11,9.23,9.27,9.44,9.19,9.38,9.2,8.88,8.96,8.91,9.74,9.77,9.54,9.28,9.32,9.24,9.59,9.54,9.44,9.69,9.65,9.8,9.3,9.38,9.48,8.23,9.18,6.98,9.68,9.36,9.5,9.77,9.34,9.29,9.14,9.35,9.2,9.55,9.31,8.29,9.03,9.17,9.2,9.25,8.86,8.25
CSNK1G3,9.73,9.83,9.55,9.69,9.17,9.22,8.79,9.67,9.76,9.76,9.74,9.87,9.79,8.57,9.78,9.59,9.7,9.49,9.55,9.47,10.1,10.17,10.13,10.01,10.03,9.93,9.48,9.68,9.24,8.43,7.21,7.1,9.49,9.64,9.67,9.67,9.41,9.74,9.65,9.83,9.81,9.65,9.7,9.31,9.72,9.54,9.65,9.81,9.76,9.03
CSNK1G3,5.1,5.06,4.94,5.27,4.81,4.44,4.94,5.5,4.99,5.05,5.07,5.09,5.09,5.09,4.92,5.4,5.07,5.08,4.79,5.3,5.32,5.25,5.15,5.6,5.18,5.05,5.33,5.49,5.15,4.84,4.44,4.68,5.48,4.94,5.37,5.34,4.94,5.37,4.65,4.99,5.64,4.96,4.81,4.88,5.24,4.88,5.14,4.98,5.17,5.98
CSNK1G3,4.45,4.31,4.74,4.48,4.13,4.61,4.51,4.58,4.43,4.4,4.25,4.47,4.5,5.69,4.66,4.57,4.51,4.18,4.48,4.74,5,4.51,4.51,4.59,4.22,4.51,4.45,4.46,4.46,4.27,4.45,5.26,4.66,4.43,4.32,4.7,4.21,4.45,4.4,4.48,4.51,4.39,4.55,4.53,4.23,4.1,4.39,4.51,4.22,5.58
CSNK1G3,7.77,7.33,7.82,7.72,7.28,7.04,6.59,7.69,7.61,7.78,7.07,7.85,7.56,6.49,7.8,7.52,7.65,7.62,7.47,7.66,7.98,7.73,7.61,8.16,7.98,8.03,7.49,7.59,7.34,4.87,7.1,5.13,7.7,7.7,7.8,7.56,7.44,7.65,7.25,7.82,7.87,7.47,7.55,6.21,7.87,7.42,7.91,7.6,7.61,7.19
CSNK1G3,8.61,9.09,8.5,8.6,8.44,8.59,7.7,8.17,8.85,8.76,8.97,8.74,8.83,8.61,8.76,8.53,8.86,8.47,8.65,8.76,9.03,9.02,9.55,8.96,8.8,8.99,8.62,8.49,8.77,8.27,6.88,6.89,8.48,8.5,8.49,8.59,8.76,8.5,8.49,8.64,8.66,8.9,8.92,8.21,8.64,8.64,8.57,8.86,8.79,7.93
CSNK2A1,9.58,9.38,9.64,9.56,9.59,9.46,9.58,9.76,9.68,9.64,9.32,9.69,9.52,9.01,9.46,9.32,9.39,9.73,9.73,9.69,9.43,9.57,9.27,9.53,9.37,9.37,9.56,9.72,9.34,8.21,8.6,9.33,9.32,9.31,9.24,9.29,9.19,9.44,9.08,9.63,9.7,9.42,9.3,8.82,9.57,9.53,9.74,9.73,9.59,9.52
CSNK2A1,10.42,10.45,10.45,10.41,10.36,10.33,9.97,10.27,10.45,10.38,10.37,10.46,10.33,10.92,10.27,9.97,10.1,10.37,10.46,10.51,10.19,10.39,10.35,10.24,10.14,10.18,10.39,10.49,10.26,9.94,9.05,10.7,10.01,10.16,10.1,10.19,9.96,10.14,10.49,10.45,10.48,10.26,10.19,10.85,10.29,10.29,10.45,10.48,10.48,10.1
CSNK2A1,9.22,8.67,9.1,9.15,8.98,9,8.78,8.99,9.07,9.02,8.57,8.99,9,6.84,8.83,8.85,8.85,9.11,9.15,9.18,9.02,8.85,8.61,8.95,8.85,8.96,9.17,9.01,8.66,8.28,4.45,6.49,9.01,8.84,8.91,8.62,8.71,8.72,8.92,9.09,9.16,8.65,8.49,5.27,9.43,9.07,9.18,9.03,8.85,6.44
CSNK2A1,4.42,4.52,4.19,4.46,4.65,4.32,4.85,4.08,4.71,4.43,5.2,4.65,4.54,5.14,4.26,4.17,4.16,4.39,4.33,4.24,4.53,4.61,4.16,4.57,4.12,4.32,4.19,4.22,4.36,4.7,5,6.89,4.44,4.59,4.4,4.58,4.36,3.97,5.3,4.25,4.51,4.03,4.61,4.93,4.61,4.89,4.07,4.25,4.06,5.23
CSNK2A2,9.06,8.93,9.2,9.22,9.3,9.3,9.2,9.2,9.09,8.97,8.93,9.04,8.96,7.11,9.18,9.25,9.24,9.12,9.03,8.94,9.27,9.2,9.09,9.35,9.24,9.2,9.13,8.98,8.89,8.39,6.54,8.57,9.37,9.39,9.25,9.39,9.3,9.35,9.28,9.22,9.33,9.55,9.68,7.67,9.47,9.38,9.25,9.24,9.08,7.39
CSNK2A2,8.44,8.37,8.56,8.44,8.83,8.44,7.49,8.13,8.48,8.4,8.27,8.46,8.15,8.89,8.45,8.21,8.57,8.44,8.22,8.36,8.51,8.17,8.35,8.55,8.39,8.34,8.6,8.46,8.25,7.68,6.76,7.96,8.67,8.73,8.81,8.46,8.32,8.49,8.27,8.57,8.66,8.24,8.18,7.88,8.41,7.95,8.18,8.45,8.36,9.15
CSNK2A2,8.7,8.76,8.71,8.73,8.9,8.71,8.86,8.71,8.59,8.81,8.8,8.63,8.62,6.34,8.5,8.6,8.58,8.75,8.63,8.58,8.74,8.51,8.58,8.5,8.44,8.66,8.79,8.36,8.8,9.2,6.63,8.04,8.66,8.81,8.71,8.52,8.89,8.62,8.62,8.72,8.75,8.71,9.01,7.33,8.69,8.76,8.64,8.71,8.84,7
CSNK2B,10.54,10.37,10.47,10.47,10.39,10.38,10.22,10.46,10.58,10.52,10.28,10.56,10.47,6.2,10.66,10.63,10.75,10.45,10.56,10.48,10.63,10.52,10.55,10.65,10.66,10.66,10.55,10.5,10.44,10.35,6.65,7.75,10.71,10.74,10.64,10.73,10.69,10.87,10.17,10.49,10.38,10.37,10.4,7.45,10.31,10.21,10.3,10.5,10.51,7.93
CSNK2B,11.4,11.2,11.29,11.27,11.19,11.18,11.16,11.35,11.33,11.29,11.01,11.28,11.39,7.95,11.44,11.5,11.45,11.26,11.23,11.18,11.47,11.39,11.15,11.45,11.52,11.54,11.33,11.3,11.18,11.06,8.07,8.44,11.64,11.53,11.45,11.58,11.59,11.6,11.01,11.32,11.29,11.13,11.23,8.31,11.19,11.08,11.13,11.31,11.33,7.7
CSNK2B,10.55,10.33,10.51,10.42,10.33,10.37,10.59,10.46,10.5,10.43,10.12,10.47,10.66,7.02,10.37,10.69,10.71,10.38,10.38,10.32,10.69,10.65,10.38,10.59,10.65,10.79,10.47,10.54,10.47,9.85,7.3,7.72,10.77,10.6,10.56,10.68,10.85,10.72,10.18,10.36,10.54,10.32,10.52,7.14,10.29,10.32,10.27,10.52,10.51,7.23
CSNK2B,11.86,11.8,11.91,11.86,11.92,11.93,12.05,11.82,11.89,11.83,11.66,11.85,11.93,9.97,11.95,12.01,12.05,11.9,11.93,11.81,12.02,11.88,11.91,12.08,11.95,12.05,11.91,11.82,11.89,12.05,10.31,10.97,12.07,12.1,12.04,11.98,12.18,12.13,11.89,11.87,11.89,11.84,11.88,10.73,11.78,11.83,11.77,11.91,11.87,10.14
CSNK2B,6.86,6.77,6.75,6.95,7.07,7.18,7.46,7.02,6.63,6.7,6.74,6.53,6.62,6.11,6.69,7.11,6.78,7,6.72,6.78,7.14,7.01,6.96,6.99,7.38,7.39,6.49,6.75,6.94,6.94,6.17,5.78,7.09,6.95,6.86,6.99,7.35,7.1,7.2,7.13,7.06,7.06,6.89,5.87,6.69,6.59,6.95,6.83,6.95,6.41
CSNK2B,4.23,4.2,4.23,4.21,4.68,4.42,4.19,4.6,4.21,4.18,4.32,4.41,4.43,4.38,4.05,4.14,4.19,4.58,4.02,4.09,4.11,4.13,4.37,4.44,4.24,3.99,3.98,4.22,3.85,4.44,5.81,4.54,3.98,4.11,4.25,3.95,3.94,3.86,5.28,4.08,3.96,4.4,3.94,4.97,4.34,4.21,4.34,4.2,4.2,4.63
CSNK2B /// LY6G5B,7.2,6.48,7.49,7.17,6.3,6.58,6.62,7.08,7.02,6.99,6.77,6.96,6.82,6.33,7.3,7.12,7.13,7.19,6.88,7.22,6.95,7.02,7.06,7.28,7.26,7.39,6.84,7.17,6.64,6.06,4.5,6.12,6.87,7.16,7.07,7.48,6.91,7.35,6.8,6.98,7.15,6.74,6.23,5.99,6.83,6.77,6.71,6.69,6.92,6.98
CSPG4,4.56,4.43,4.45,4.66,4.59,4.51,4.37,4.35,4.43,4.3,4.59,4.42,4.74,4.73,4.9,4.78,4.71,4.44,4.38,4.32,4.51,4.56,4.74,4.91,4.48,4.49,4.64,4.14,4.34,5.08,5.49,5.16,4.92,4.7,4.44,4.54,5.35,4.98,4.29,4.45,4.66,4.7,4.46,5.6,4.51,4.52,4.13,4.33,4.62,6.47
CSPG4,4.06,4.13,4.17,4.07,4.59,4.02,4.56,4.84,4.29,4.32,4.29,4.41,4.14,4.6,4.61,4.38,4.22,4.18,4.3,4.69,4.52,4.77,4.17,4.25,4.35,4.06,4.5,4.34,4.41,5.14,5.49,4.19,3.99,4.25,4.25,4.2,4.38,4.12,5.59,4.48,4.09,4.15,4.68,4.95,4.06,4.24,3.93,4.05,4.32,5.4
CSPG4LYP1 /// CSPG4LYP2,3.42,3.23,3.36,3.41,3.71,3.94,3.53,4.01,3.33,3.35,3.5,3.38,3.3,3.75,3.38,3.43,3.37,3.34,3.11,3.51,3.38,3.43,3.37,3.39,3.62,3.37,3.49,3.34,3.4,4.58,5.92,3.83,3.32,3.41,3.49,3.3,3.62,3.26,3.42,3.96,3.26,3.44,3.67,3.47,3.77,3.38,4,3.54,3.29,4.53
CSPG5,6.26,6.54,6.12,6.16,6.41,6.37,5.44,5.86,6.12,6.1,6.79,6.09,6.21,8.46,6,5.96,5.9,5.77,5.98,6.02,5.8,6.17,6.26,5.77,5.86,5.81,6.38,6.32,6.35,6.34,5.98,7.2,6.02,5.95,5.95,5.95,5.85,5.88,5.73,5.9,5.55,6.25,5.91,6.93,6,5.77,6.21,5.89,5.98,7.86
CSPG5,4.01,3.92,4.22,4.12,4.7,4.11,4.33,4.12,4.17,4.44,4.33,4.37,4.16,4.58,4.12,3.99,4.23,4.46,4.06,4.36,4.1,4.17,3.92,4.21,4.27,4.24,4.38,4.26,4.58,4.77,7.07,4.33,4.08,4.2,4.22,4.14,4.29,4.3,5.03,4.62,4.08,4.58,4.48,7.28,4.36,4.5,4.06,4.27,4.22,4.83
CSPP1,7.8,8.16,7.64,7.83,7.58,7.5,6.68,7.8,7.8,7.97,8.06,7.75,7.68,6.8,7.82,7.57,7.8,7.43,7.68,7.71,7.36,7.47,7.68,7.62,7.58,7.35,7.66,7.82,7.73,6.97,4.64,5.92,7.9,7.97,7.91,7.71,7.67,7.64,7.09,7.75,7.62,7.54,7.43,7.11,7.45,7.44,7.54,7.65,7.68,6.74
CSPP1,6.87,7.28,7.02,7.01,6.93,6.9,6.69,7.18,6.77,6.96,7.35,6.87,6.75,5.07,6.81,6.97,7.02,6.93,6.93,6.78,6.7,6.75,7.04,6.7,6.93,6.69,6.92,6.81,6.77,6.8,7.9,6.39,6.85,7.12,7.07,6.9,6.84,7.06,6.84,6.8,7.09,6.83,6.88,5.05,6.78,6.97,7,7.18,6.85,7.74
CSRNP1,7.76,7.52,7.88,7.94,8.22,8.39,7.81,8.27,7.72,7.73,8.14,8.09,7.48,8.51,8.04,8.31,8.02,8.06,7.83,7.71,7.85,8.14,8.05,8.15,8.22,7.95,7.92,8.12,8.05,7.35,8.33,8.39,8.42,8.82,8.68,8.08,8.15,8.16,8.42,7.86,8.29,8.32,8.08,8.04,8.07,8.1,8.08,8.13,7.97,9.02
CSRNP1,8.11,8.13,8.09,8.13,8.68,8.49,9.15,8.13,8.03,8.06,8.41,8.01,7.92,8.61,8.35,8.49,8.46,8.09,7.92,7.94,8.45,8.26,8.38,8.3,8.35,8.4,8.18,8.1,8.34,8.41,7.21,8.03,9.07,9,9.19,8.32,8.68,8.4,8.61,8.39,8.44,8.55,8.38,8.34,8.38,8.54,8.27,8.35,8.35,7.64
CSRNP2,6.72,6.66,7.19,7.08,7.12,6.9,5.99,6.94,6.73,6.86,6.71,7.04,6.94,6.34,6.89,7.17,6.74,6.9,6.47,6.88,6.79,7.13,7.07,7.27,7.13,7.08,6.98,7.11,6.74,6.47,5.95,5.68,7.1,7.18,7.14,7,7.18,6.94,6.18,7.32,7.23,7.07,6.55,5.77,7.08,7.4,7.14,7.43,6.89,5.85
CSRNP2,9.1,9.08,8.95,8.86,9.05,9,8.74,9.12,8.9,8.97,9.16,9.04,9.11,6.43,9.08,9.11,9.2,8.82,8.93,8.93,9.48,9.31,9.69,9.32,9.37,9.31,8.91,8.81,9.26,7.76,6.81,6.25,9.27,9.3,9.28,9.1,9.19,9.09,8.65,9.2,9.32,9.31,9.38,8.31,9.06,9.2,9.11,9.12,9.35,7.56
CSRNP3,3.94,3.87,3.93,3.96,4.17,3.62,3.93,4.12,3.63,3.8,3.98,3.91,3.92,5.7,3.88,4.29,3.84,3.95,3.92,4.06,3.96,3.9,3.85,3.96,4.18,3.71,3.72,3.9,4.1,4.23,5.29,5.38,4.01,3.75,3.93,4.11,4.3,3.83,4.29,4.17,4.19,4.15,3.7,5.57,3.65,3.89,4.01,4,3.87,3.97
CSRP1,10.96,10.8,10.91,11,10.53,10.85,10.67,10.84,11.03,10.89,10.7,11.21,11.21,8.1,11.32,11.24,11.22,10.75,10.74,10.65,11.39,11.28,11.44,11.47,11.59,11.55,10.83,10.86,10.8,10.73,7.66,8.98,11.56,11.54,11.48,11.34,11.18,11.33,10.84,10.92,10.99,11.04,10.86,6.57,11.12,11.12,11.18,10.96,10.99,7.57
CSRP1,11.02,10.97,11.02,11.04,10.63,10.89,10.81,10.93,11.1,11.05,10.84,11.18,11.49,9.42,11.32,11.26,11.3,10.82,10.81,10.7,11.46,11.45,11.57,11.51,11.51,11.61,10.9,10.86,10.94,10.98,8.99,9.35,11.58,11.6,11.56,11.33,11.27,11.41,10.83,10.86,11.1,11.07,11.01,9.42,11.27,11.34,11.26,11.17,11.1,9.1
CSRP1,5.3,4.85,5.42,5.6,5.21,5.17,4.5,5.28,5.4,5.26,5.19,5.51,5.26,5.66,5.55,5.34,5.48,5.63,5.4,5.68,5.25,5.42,5.24,5.84,6.25,5.66,5.33,5.78,4.86,4.9,4.96,4.84,5.67,5.66,5.74,5.57,5.14,5.64,5.97,5.45,5.98,4.99,5.2,6.62,5.17,5.35,5.48,5.8,5.14,5.36
CSRP1,9.87,9.57,9.81,9.84,9.34,9.5,9.29,9.94,9.82,9.86,9.19,10.01,9.98,8.62,10.25,10.22,10.03,9.7,9.6,9.64,10.26,10.26,9.94,10.47,10.49,10.58,9.71,9.85,9.42,8.55,7.17,8.48,10.46,10.49,10.46,10.24,9.97,10.27,9.75,9.72,9.74,9.62,9.57,8.39,10.07,10.09,10.06,9.84,9.6,8.61
CSRP1,9.69,9.25,9.57,9.59,8.62,9.06,8.96,9.57,9.63,9.57,8.58,9.76,9.92,7.24,9.8,9.85,9.77,9.36,9.37,9.42,10.11,9.84,9.68,10.13,9.97,10.49,9.56,9.53,8.98,7.26,6.99,7.56,10.34,10.25,10.07,9.76,9.77,10.07,9.36,9.44,9.42,9.22,9.16,7.78,9.84,9.78,9.63,9.56,9.31,7.66
CSRP1,11.04,10.84,10.93,10.99,10.43,10.69,10.62,10.89,10.97,11.02,10.73,11.12,11.24,8.58,11.43,11.24,11.27,10.73,10.77,10.72,11.49,11.36,11.41,11.53,11.57,11.59,10.86,10.84,10.85,10.35,9.97,10.46,11.61,11.57,11.53,11.28,11.21,11.36,10.87,11.11,10.97,11.05,10.87,9.21,11.23,11.28,11.18,11.02,11.04,10.44
CSRP1,10.64,10.54,10.49,10.57,10.24,10.51,10.24,10.58,10.79,10.49,10.42,10.86,10.96,9.22,10.84,10.83,10.77,10.22,10.26,10.24,10.95,11.01,11.22,11.01,11.07,11.1,10.45,10.4,10.59,10.8,6.65,9.62,11,11.04,10.83,10.97,10.81,10.85,10.43,10.58,10.62,10.7,10.63,8.84,10.76,10.88,10.76,10.72,10.97,8.7
CSRP2,5.3,5.52,5.75,5.26,5.54,5.58,6.53,5.07,5.69,5.78,5.52,5.33,5.38,5.94,5.52,5.8,5.63,5.45,5.38,5.38,5.29,5.04,5.01,5.07,5.68,5.44,5.79,5.43,5.65,5.06,4.88,4.66,6.32,6.27,6.01,5.76,5.51,5.62,4.81,5.57,5.69,5.56,5.41,4.51,5.21,6.2,5.71,5.33,5.6,5.28
CSRP2,6.2,6.27,6.29,6.51,6.01,6.26,6.66,6.05,6.38,6.58,6.48,6.08,6.34,6.45,6.55,6.33,6.49,6.2,6.55,6.4,5.82,5.98,5.73,6.08,5.95,6.05,6.45,6.38,6.58,5.64,5.57,6.37,7.12,7.08,6.7,6.39,6.45,6.45,5.95,6.01,6.29,6.24,5.85,5.5,6.15,6.45,6.49,6.09,6.54,5.51
CSRP2BP,6.72,6.29,6.42,6.61,6.62,6.59,6.04,6.67,6.63,6.17,6.54,6.46,6.58,6.57,6.32,6.26,6.54,6.5,6.41,6.4,6.16,6.17,6.25,6.22,6.01,6.38,6.5,6.61,6.35,6.94,7.12,5.33,6.44,6.07,5.84,6.18,6.4,6.45,5.81,6.28,6.38,6.57,6.2,5.41,6.55,6.33,6.62,6.45,6.47,5.62
CSRP2BP,6.23,6.53,6.49,6.53,6.83,6.65,5.91,6.3,6.71,6.64,6.56,6.17,6.52,4.56,6.19,6.24,6.56,6.44,6.42,6.24,6.07,5.98,6.1,6.2,5.88,6.08,6.77,6.36,6.43,6.03,5.09,5.49,6.35,5.82,5.95,6.06,5.93,6.12,6.4,6.79,6.28,6.42,6.23,7.64,6.6,6.42,6.4,6.06,6.38,6.54
CSRP2BP,7.11,6.62,7.03,6.99,6.87,6.47,6.03,6.63,7.04,6.83,6.69,6.58,6.76,5.81,6.51,6.62,6.98,6.78,6.73,6.74,6.68,6.55,6.25,6.3,6.42,6.75,6.75,6.84,6.87,7.66,7.05,6.14,6.95,6.66,6.52,6.84,6.92,6.69,6.84,6.64,6.64,6.38,6.97,6.22,6.97,6.9,6.92,6.88,6.86,5.71
CSRP3,3.93,4.12,3.87,4.02,3.97,4.06,4.09,3.85,3.9,3.84,3.93,3.85,3.98,5.23,4.14,3.95,3.99,3.9,3.89,3.72,4.1,3.95,3.79,3.83,3.77,3.96,4.12,3.9,4.06,4.94,5.37,4.65,3.79,3.83,3.89,3.86,3.79,3.73,3.83,3.72,3.96,3.76,4,4.28,3.72,4.07,3.89,4.18,3.89,4.41
CST1,3.89,4.27,3.9,4.35,3.95,4.43,4.75,4.14,4.18,4,3.99,4.34,4.39,4.27,4.01,4.09,4.06,3.9,3.88,4.1,4.03,4.16,4.3,3.98,3.89,3.89,4.28,3.98,4.3,4.2,4.6,4.75,4.21,4.23,4.17,3.99,3.71,4.18,4.9,3.96,4.14,4.1,4.02,4.21,3.87,4.34,4.41,3.82,4.04,4.07
CST1,4.07,4.23,4.08,4.12,4.45,4.26,4.98,3.76,4.14,4.29,4.19,4.07,4.19,4.44,4.04,3.88,3.99,4.05,3.96,4,4.38,3.83,3.95,4.04,4,3.95,3.99,3.9,4.23,5.42,6.71,5.3,3.71,4.14,3.89,3.8,3.96,4.02,4.62,3.91,4.81,4.06,3.87,5.74,3.97,3.97,4.19,3.85,3.79,4.32
CST11,3.87,3.85,3.88,4.12,4.02,3.77,4.35,3.79,3.89,3.89,4.23,4.12,3.89,5.18,3.9,3.96,3.85,3.88,3.86,3.87,3.94,3.99,3.92,3.78,4.13,3.98,3.88,4.02,3.89,3.82,4.07,4.83,3.95,3.89,3.86,3.87,3.93,3.7,4.28,3.77,3.41,4.03,4.42,4.04,3.73,3.86,3.64,3.78,3.86,4.74
CST2,6.23,6.17,5.95,6.25,5.75,5.53,6.78,5.78,5.94,6.01,6.14,6.04,6.05,6.59,6.01,5.94,6.09,5.93,6.11,6.11,6.16,6.29,6.34,6.11,6.28,5.65,5.75,6.17,6.26,7.2,5.59,7.97,6.01,6.08,6.7,5.67,5.79,5.66,5.8,6.09,5.93,6.06,6.61,6.85,5.96,5.54,6.14,6.17,6.3,6.16
CST3,7.76,7.6,8.07,7.63,7.82,7.68,6.6,7.79,7.73,7.79,7.58,7.82,7.76,6.85,8.13,8.05,8.42,7.89,8.03,8.03,7.9,8.06,7.99,8.7,8.38,8.43,7.72,7.65,7.51,6.9,6.86,5.57,8.31,8.09,7.9,8.18,8.06,8.38,7.5,7.85,7.94,7.96,7.8,5.47,8.23,7.9,8.18,8.24,7.93,6.1
CST3,7.99,7.77,8.09,8.09,8.32,8.07,8.08,8.18,8.11,8.09,7.95,8.18,8.09,5.86,8.41,8.19,8.48,8.25,8.31,8.15,8.51,8.41,8.32,8.7,8.54,8.89,8.19,8.19,8.1,7.32,4.02,6.82,8.38,8.35,8.29,8.41,8.43,8.58,8.35,8.33,8.41,8.12,8.29,5.75,8.91,8.67,8.63,8.31,8.29,6.68
CST4,5.51,5.26,5.25,5.33,5.12,5.26,5.42,5.68,5.52,5.39,5.34,5.17,5.13,6.72,5.33,5.42,5.1,5.73,4.83,5.09,5.49,5.51,5.19,5.13,5.15,5.1,5.13,5.42,4.98,4.99,6.65,7.42,5.36,5.16,5.33,5.27,5.05,5.35,5.1,5.5,5.12,5.41,5.03,5.42,5.14,4.95,4.88,5.25,5.21,6.83
CST5,3.88,4.1,3.77,4,4.02,4.11,4.77,4.01,4,3.87,3.85,3.92,4.05,4.59,4.02,4.13,3.67,3.94,3.88,3.89,3.97,4.2,4.11,3.81,3.93,3.88,3.97,4.1,3.99,4.54,5.62,4.31,3.88,4.05,3.9,3.85,3.92,3.9,4.27,4.01,3.8,4.06,4.18,3.93,4.41,4.21,4.03,4.04,3.93,5
CST6,3.97,3.96,3.86,3.8,3.77,3.97,4.61,3.86,4.07,3.8,3.93,4.06,3.9,4.53,4.11,4.01,3.93,3.74,3.5,3.82,3.91,3.86,3.84,3.7,3.87,3.66,3.81,4.08,3.99,4.59,4.59,5.08,4.08,3.95,3.91,3.83,3.85,3.92,4.2,3.75,3.51,4.26,4.41,5.13,3.91,4.09,3.86,3.96,3.99,3.83
CST7,4.11,3.97,4.09,4.14,4.44,3.87,3.48,4.06,3.78,3.91,4.12,4.2,3.73,3.85,3.95,4,3.98,3.82,4.24,3.91,3.98,3.9,3.88,3.9,3.77,4,3.64,4.21,3.96,4.38,4.4,3.77,3.85,4.01,4.15,3.79,3.65,4.09,3.64,3.64,3.9,3.76,3.94,3.82,4.02,4.27,3.95,3.95,3.83,4.28
CST8,3.81,3.97,4.03,3.95,4.44,5.04,4.37,4.07,3.89,3.98,3.91,4.08,3.91,5.69,4.12,4.35,4.02,3.99,3.55,4.03,3.95,4.16,3.94,4.4,3.91,3.75,4.42,3.86,4.25,4.56,4.74,6.48,4.03,3.99,4.27,4.14,3.99,4.53,4.4,4.18,4.2,4.01,3.75,5.5,4.51,3.9,3.84,3.82,3.82,4.86
CST9,3.91,3.99,3.85,4.1,4.64,3.87,4,3.89,3.83,4,3.99,4.06,3.89,4.04,3.86,4.06,4.07,3.92,3.79,3.99,4.02,4.04,4.01,3.76,4.3,4.02,4.28,3.94,3.97,4.34,4.49,4.17,3.81,4.05,4.02,3.87,3.91,3.93,4.13,3.9,3.67,3.96,4.02,4.24,3.83,4.15,3.93,4.04,3.84,4.58
CST9L,3.78,4.12,3.89,3.66,3.82,3.8,4.01,3.86,3.81,3.86,3.93,3.71,3.89,4.11,3.64,3.74,3.55,3.62,3.69,3.62,3.83,3.83,3.85,3.74,3.53,3.85,3.56,3.75,4.21,3.74,4.79,3.84,3.75,3.86,3.61,3.43,3.61,4.16,5.01,3.64,3.47,3.66,3.56,3.6,3.48,3.59,3.63,3.57,3.64,4.18
CSTA,3.87,4.65,4.04,3.83,4.02,4.06,4.29,3.6,4.2,4.01,4.31,4.18,4.14,4.43,4.17,3.63,3.94,3.77,3.77,4.3,3.74,3.85,4.23,4.19,3.59,4.4,3.84,3.87,4.22,4.05,7.15,4.86,4.35,3.85,4.02,3.94,4.16,4.21,4.11,3.83,3.84,3.81,4.06,5.42,3.91,3.84,4.02,4.08,3.7,5.22
CSTB,11.87,11.8,11.82,11.81,11.73,11.69,11.74,11.82,11.76,11.82,11.59,11.8,11.88,10.31,11.75,11.81,11.84,11.75,11.78,11.77,11.96,11.83,11.8,11.88,11.88,11.97,11.77,11.72,11.78,11.86,10.28,10.7,11.96,11.94,11.86,11.76,11.83,11.85,11.85,11.83,11.85,11.75,11.77,10.45,11.62,11.65,11.52,11.87,11.77,9.94
CSTB,12.05,12,12.07,12.03,11.98,11.95,11.85,11.95,11.97,12.08,11.84,12.07,12.06,10.9,12.1,12.03,12.1,11.95,12.04,12.02,12.15,12.05,12.01,12.19,12.18,12.2,12.03,11.97,11.98,11.91,10.15,10.84,12.2,12.14,12.09,12.01,12.08,12.09,12.02,12.03,12.04,11.97,11.99,10.37,11.71,11.74,11.83,12.1,12.02,9.97
CSTB,12.25,12.21,12.25,12.28,12.16,12.2,12.14,12.24,12.29,12.24,12.19,12.25,12.28,10.63,12.3,12.21,12.29,12.17,12.24,12.18,12.31,12.34,12.34,12.29,12.4,12.38,12.19,12.22,12.24,12.02,10.78,11.42,12.29,12.3,12.27,12.27,12.19,12.25,12.24,12.28,12.25,12.2,12.16,11,12.03,12.03,11.97,12.28,12.26,11.05
CSTB,12.43,12.43,12.48,12.52,12.52,12.53,12.39,12.38,12.51,12.44,12.45,12.48,12.53,11.08,12.48,12.48,12.54,12.47,12.47,12.44,12.57,12.54,12.64,12.57,12.61,12.61,12.54,12.48,12.41,12.56,10.55,11.23,12.57,12.52,12.58,12.43,12.58,12.49,12.55,12.51,12.55,12.48,12.46,11.08,12.41,12.34,12.29,12.55,12.53,10.84
CSTF1,4.59,4.54,4.69,5.11,4.79,4.72,4.81,4.66,4.75,4.78,4.89,4.72,4.41,5.09,4.94,4.95,4.57,4.94,4.98,4.9,4.39,4.95,4.81,5.11,5,4.64,4.59,5.04,4.84,5.55,5.24,5.2,4.58,4.56,4.77,5.06,4.75,4.9,5.66,4.58,4.86,4.77,4.61,4.93,4.77,4.65,4.98,4.95,4.73,5.84
CSTF1,7.71,7.5,7.67,7.55,7.49,7.37,7.02,7.74,7.5,7.53,7.38,7.59,7.42,6.2,7.53,7.71,7.66,7.43,7.78,7.77,7.45,7.28,7.01,7.63,7.5,7.65,7.67,7.6,7.51,7.73,5.01,6.8,7.94,7.88,7.99,7.54,7.43,7.81,7.07,7.49,7.45,7.56,7.33,6.89,7.3,7.34,7.68,7.66,7.42,6.73
CSTF1,8.89,9,9.11,9.09,8.95,9.06,8.78,8.97,9.12,9.05,9.41,8.92,8.86,9.06,9.14,8.91,9.01,9.41,9.21,9,8.72,8.93,9.04,9.06,9,8.91,9.04,9.25,9.26,8.84,8.62,9.32,8.86,9.2,9.25,9.09,9.02,8.98,8.68,8.92,9.07,9.05,9.02,8.4,9.05,9,9.07,9.18,8.99,9.35
CSTF1,4.11,4.4,4.13,4.25,4.06,4.21,3.77,4.17,4.12,4.24,4.36,3.89,3.92,3.87,4.08,3.91,4.18,4.12,4.16,4.35,3.93,4.02,3.86,4.1,4.48,3.92,4.14,4.01,3.96,3.48,4.59,5.6,4.02,4.12,4.51,4.38,4.21,4.14,4.7,3.94,4.01,3.91,3.83,5.53,3.8,3.54,3.94,3.85,4.12,4.06
CSTF2,7.76,7.61,7.77,7.74,7.66,7.82,7.76,8.16,7.67,7.75,7.39,7.53,7.68,6.7,7.14,7.48,7.41,7.84,8.04,8.06,7.49,7.18,7.05,7.21,7.18,7.28,7.8,7.7,7.62,6.36,7.37,7.07,7.45,7.44,7.12,7.46,7.54,7.48,7.83,7.63,7.78,7.49,7.39,7.82,7.72,7.61,7.77,7.75,7.87,5.89
CSTF2,7.15,7.29,7.17,7.41,6.56,7.19,6.41,6.89,7.48,7.39,7.39,7.2,7.03,6.25,7,6.86,7.09,7.54,7.71,7.4,6.41,6.88,6.9,7.03,7.07,7.22,7.1,7.31,7.18,6.66,6.25,6.79,6.52,6.84,6.74,7.47,7.2,7.03,6.57,7.38,7.34,6.84,6.57,5.79,7.01,6.65,7.2,7.28,7.26,5.98
CSTF2T,9.32,9.18,9.26,9.13,8.71,8.83,8.47,8.81,9.22,9.23,8.96,9.18,9.26,8.04,8.98,9.08,9.2,9.2,9.23,9.13,9.08,9.16,9.11,8.89,8.88,9.1,9.02,9.22,9.1,8.93,8.41,6.9,9.24,9.27,9.25,9.07,8.89,9.16,8.99,9.04,8.97,9.32,9.36,7.43,8.93,9.19,9.05,9.16,9.25,7.51
CSTF2T,9.34,9.53,9.36,9.42,9.37,9.29,8.38,9.21,9.42,9.25,9.79,9.29,9.24,9.38,9.37,9.36,9.42,9.58,9.57,9.61,8.97,9.28,9.41,9.4,9.46,9.42,9.36,9.53,9.43,8.88,6.39,9.19,9.08,9.18,9.15,9.45,9.11,9.25,8.71,9.13,9.11,9.62,9.43,9.97,9.27,9.48,9.5,9.28,9.27,9.18
CSTF3,10.58,10.77,10.48,10.67,10.52,10.46,10.35,10.42,10.69,10.64,10.8,10.79,10.69,10.72,10.89,10.83,10.78,10.54,10.4,10.56,10.7,10.8,10.83,10.79,10.87,10.72,10.67,10.71,10.6,10.5,9.59,9.41,10.57,10.62,10.65,10.87,10.64,10.82,10.63,10.87,10.81,10.7,10.57,10.43,10.14,10.19,10.23,10.73,10.83,10.72
CSTF3,8.43,8.2,8.42,8.32,8.44,8.16,8.38,8.61,8.19,8.44,7.92,8.56,8.5,6.09,8.42,8.32,8.37,8.78,8.83,8.84,8.29,8.22,7.76,8.31,8.33,8.34,8.33,8.52,8.19,8.8,7.15,7.79,8.28,8.2,8.2,8.43,8.72,8.66,8.56,8.36,8.29,8.03,7.96,5.88,8.77,8.52,8.46,8.64,8.38,6.35
CSTF3,8.44,8.04,8.56,8.44,8.26,8.34,8.33,8.64,8.39,8.49,7.94,8.52,8.45,7.14,8.43,8.47,8.46,8.77,8.83,8.93,8.18,8.26,7.73,8.29,8.24,8.39,8.47,8.54,8.15,8.14,7.68,6.83,8.15,8.25,7.99,8.57,8.71,8.7,8.54,8.35,8.6,8.03,8.06,6.71,8.73,8.52,8.36,8.64,8.47,6.5
CSTF3,9.23,8.89,9.32,9.22,9.14,9.13,8.91,9.04,9.4,9.24,8.95,9.2,9.37,8.09,9.32,9.3,9.27,9.71,9.52,9.55,9.04,9.08,8.97,9.1,9.23,9.36,9.19,9.28,9.18,9.97,8.84,8.01,9.07,9.01,8.95,9.36,9.31,9.36,9.31,9.14,8.96,8.76,8.71,7.92,9.67,9.55,9.34,9.25,9.25,8.63
CSTF3,8.12,7.98,8.11,8.09,7.85,7.93,7.7,8.29,8.22,8.22,7.87,8.1,8.23,5.38,7.97,8.07,8.09,8.27,8.36,8.22,7.92,7.96,7.88,8.02,8.33,8.37,7.95,8.19,7.77,7.48,7.97,7.6,7.79,7.86,7.83,8.36,8.09,8.42,8.24,7.93,7.83,7.43,7.75,6.55,8.03,8.3,8.32,8.09,8.2,5.88
CSTL1,4.18,3.92,3.68,3.86,3.9,4.42,4.56,3.65,3.92,3.85,4.02,3.89,3.84,5.16,4.05,3.98,3.8,3.93,3.59,3.77,4.1,4.18,3.85,3.61,3.71,3.64,3.83,3.86,3.9,5.57,5.65,5.47,3.7,3.92,3.77,3.64,3.92,4.02,5.49,3.91,3.93,3.74,3.93,4.96,4.11,4.44,3.96,3.81,3.85,5.29
CT45A1 /// CT45A2 /// CT45A3 /// CT45A4 /// CT45A5 /// CT45A6,3.76,4.02,4.23,3.92,4.28,3.84,3.84,4.25,3.81,3.71,4.19,3.94,3.88,4.68,3.87,4.56,3.93,3.7,3.92,3.67,3.96,3.67,3.97,4.2,3.74,3.84,4.09,3.94,3.99,4.39,5.57,5.09,3.85,4.09,3.73,4.02,4.05,4.39,4.25,3.84,3.8,3.88,3.75,4.94,3.73,3.92,4.15,3.79,3.62,4.39
CT45A5 /// LOC100133581,3.46,3.43,3.26,3.63,3.77,3.52,5.11,3.56,3.32,3.34,3.47,3.63,3.35,3.93,3.58,3.75,3.42,3.8,3.48,3.56,3.47,3.32,3.68,3.64,3.41,4.06,3.43,3.45,3.41,5.21,5.62,5.42,3.78,3.64,3.44,3.37,3.41,3.42,6.06,3.51,3.45,3.59,3.85,4.76,3.44,3.84,3.26,3.61,3.34,4.29
CT47A1 /// CT47A10 /// CT47A11 /// CT47A2 /// CT47A3 /// CT47A4 /// CT47A5 /// CT47A6 /// CT47A7 /// CT47A8 /// CT47A9,3.79,3.86,3.73,3.86,4.15,4.44,5.08,3.89,3.89,4.05,4.12,3.68,3.58,5.17,3.6,4.34,4.07,3.96,4.02,4.01,4.03,3.7,3.73,3.86,4.12,4.28,4.01,3.78,3.89,4.45,5.81,4.62,3.71,3.64,3.89,3.63,5.15,4.06,4.35,3.85,3.84,3.82,3.77,5.51,4.06,4,3.84,3.83,3.98,5.34
CT47A1 /// CT47A10 /// CT47A11 /// CT47A2 /// CT47A3 /// CT47A4 /// CT47A5 /// CT47A6 /// CT47A7 /// CT47A8 /// CT47A9 /// CT47B1,3.89,4,3.69,3.65,3.7,3.77,4.38,3.62,3.57,3.98,3.83,3.85,3.89,4.32,3.71,4.48,3.83,3.6,3.94,3.73,4.08,3.85,3.71,3.73,3.92,3.91,3.63,3.73,3.67,3.96,4.72,5.62,3.89,3.8,3.91,3.72,4.8,3.85,4.03,3.98,4.25,3.83,3.77,5.99,3.81,4.05,4.27,3.83,3.87,5.24
CT62,3.61,3.93,3.79,3.67,4.01,3.89,4.16,4,3.68,3.96,3.83,3.76,3.75,4.69,3.53,3.93,3.78,3.8,3.56,3.82,3.94,3.58,3.64,3.9,4.04,3.75,3.88,3.63,3.91,4.84,4.54,5.03,3.97,3.85,3.94,4,3.84,3.64,4.65,3.82,3.95,3.93,3.84,4.03,3.87,4.28,4.1,3.79,3.97,5.17
CTA-216E10.6,7.09,7,7.04,7.23,7.61,7.13,6.51,7.51,6.96,6.97,7.09,6.86,6.9,5.83,6.96,6.96,6.86,7.18,7.06,7.38,6.96,7.03,6.92,6.96,6.9,6.97,7.31,6.95,7.31,5.89,4.89,5.3,7.32,7.07,7.06,6.9,7.14,7.07,5.86,7.3,7.12,7.33,7.3,5.02,7.38,7.78,7.43,6.99,7.26,4.59
CTAG1A /// CTAG1B,4.34,4.65,4.38,4.58,4.57,4.8,4.7,4.68,4.59,4.66,4.58,4.84,4.53,6.39,4.51,4.15,4.23,4.63,4.64,4.46,4.39,4.96,4.69,4.21,4.49,4.72,4.67,4.77,4.6,5.22,5.09,5.88,4.44,4.32,4.8,4.15,4.13,4.62,4.69,4.23,4.76,4.62,4.64,5.68,4.78,4.99,4.6,4.69,4.24,5.08
CTAG2,3.78,3.89,3.77,3.93,4.15,4.45,4,3.96,3.64,3.74,4,3.83,3.92,4.42,3.95,3.93,3.91,4.11,3.85,4.08,3.81,3.92,3.89,3.83,3.91,3.99,4,3.66,4.06,4.19,4.6,3.93,3.95,3.66,3.88,3.64,3.94,3.69,4.24,4,3.97,3.86,3.95,4.71,4.21,3.88,4.05,3.83,3.98,5.63
CTAG2,5.07,5.4,5.07,5.05,5.72,5.4,5.46,4.83,4.7,4.82,5.35,5,5.46,5.83,4.96,5.55,4.69,4.79,4.8,4.74,5.14,5.19,5.02,4.9,5.13,4.92,4.75,5,5.31,5.98,7.79,6.78,5.02,4.72,5.05,4.86,4.68,4.6,5.48,4.97,5.21,4.76,5.12,5.16,4.86,5.46,4.84,4.63,4.77,6.17
CTAG2,4.3,4.68,4.35,4.27,4.11,4.14,4.29,4.33,4.27,4.59,4.45,4.26,4.35,4.79,4.53,4.43,4.23,4.52,4.3,4.5,4.42,4.7,4.49,4.34,4.49,4.07,4.13,4.76,4.66,4.08,4.68,4.55,4.17,4.48,4.57,4.11,4.19,4.29,5.14,4.62,4.3,4.45,4.6,4.26,4.39,4.13,4.47,4.2,4.43,4.89
CTAGE1,4.33,4.75,4.25,4.59,3.86,4.33,3.83,4.26,4.57,4.22,4.68,4.58,4.5,5.23,4.29,4.62,4.26,4.17,4.28,4.22,4.21,4.54,4.41,4.51,4.48,4.25,4.29,4.25,4.3,4.26,6.5,4.55,4.4,4.7,4.28,4.59,4.23,4.21,4.11,3.93,4.09,3.91,4.28,6.14,4.14,4.05,4.87,4.18,4.19,6.58
CTAGE1,4.07,4.33,4.21,4.37,4.46,4.66,4.67,4.52,4.41,4.4,4.49,4.33,4.23,4.9,4.26,4.26,4.23,4.53,4.53,4.42,4.23,4.43,4.45,4.44,4.1,4.41,4.45,4.64,4.21,5.45,4.86,4.98,4.25,4.44,4.46,4.5,4.05,4.42,4.21,3.97,4.68,4.28,4.03,6.1,4.31,4.31,4.59,4.9,4.38,4.7
CTAGE3,3.76,3.82,3.79,3.71,4.09,3.78,4.17,3.72,3.88,4.02,4.11,3.83,3.79,5.11,3.97,3.68,3.63,3.85,3.96,3.59,3.79,3.71,3.95,4.22,4.29,3.75,3.45,3.79,3.95,4.77,4.7,5,3.55,3.62,3.77,3.68,3.35,3.73,4.29,3.73,3.58,3.71,3.65,4.52,3.65,3.94,4.17,3.98,3.64,6.25
CTAGE3,3.72,4.39,4.01,4.01,3.64,3.78,3.73,3.57,3.93,3.79,4.12,3.85,3.95,4.5,3.66,4.03,3.76,3.8,4.02,3.92,3.83,3.97,4.4,3.63,4.01,3.6,3.76,4,3.96,4.65,5.11,5.1,3.63,3.94,3.82,3.66,3.6,3.87,3.84,3.49,3.92,3.99,4.12,4.54,3.98,4.92,4.09,4.3,4,5.8
CTAGE4 /// CTAGE6 /// LOC100142659 /// LOC441294,4.6,5.14,4.62,4.62,4.42,4.78,4.68,4.15,4.77,4.64,4.65,4.74,4.57,4.43,5.14,4.54,4.6,4.51,4.36,4.43,4.76,4.79,5.16,4.79,4.56,4.46,4.79,4.8,4.52,5.25,5.34,5.02,4.6,4.52,4.85,4.26,4.34,4.09,4.52,4.86,4.37,4.63,4.78,4.58,4.29,4.71,4.37,4.2,4.64,5.49
CTAGE4 /// LOC100142659,4.01,4.03,4.14,4.34,4.45,4.17,4.7,3.89,4.26,4.01,4.24,4.13,3.88,4.82,4.09,4.39,3.99,4.22,4.07,4,3.9,4.28,4.27,4.22,4.39,3.59,4.21,4.27,4.42,4.99,5.67,5.33,4.12,4.05,4.34,3.91,3.8,4.19,4.6,3.96,4.46,4.11,3.98,6.66,4.12,4.35,4.71,4.14,4.05,5.93
CTAGE5,7.52,7.56,7.28,7.67,7.09,7.54,6.57,7.4,7.53,7.36,8.18,7.68,7.14,8.08,7.52,7.28,7.37,7.01,7.23,7.25,7.19,7.57,7.99,7.54,7.8,7.23,7.66,7.61,7.53,6.53,6.79,7.54,6.49,6.88,7.24,7.59,7.32,7.21,6.61,7.19,7.55,7.92,7.86,7.55,7.33,6.99,7.36,7.51,7.42,7.56
CTAGE5,6.76,6.68,6.93,6.59,7.12,6.95,6.41,6.99,6.54,6.71,6.86,6.82,6.69,5.74,6.77,6.81,6.89,7.1,6.99,6.96,6.52,6.53,6.57,6.7,6.77,6.6,6.84,6.87,6.9,5.77,5.33,6.86,6.77,6.74,6.82,6.53,6.6,6.86,6.86,6.67,6.93,6.81,7.04,5.85,6.6,6.41,6.8,6.84,6.97,6.21
CTAGE5,7.09,7.08,7.12,7.12,7.32,7.21,7.09,7.12,7.12,7.14,7.29,7.17,7.21,8.61,7.11,6.83,7.13,7.15,7.22,7.36,7.03,7.02,7.18,7.12,7.1,7.14,7.06,7.07,7.06,6.85,6.92,8.24,7.08,7.21,7.07,7.26,7.14,7.12,7.41,7.18,6.96,7.29,7.23,9.43,6.88,6.96,7.03,7.15,7.15,8.77
CTAGE5,4.3,4.3,4.45,4.5,4.45,3.88,4.19,3.84,4.29,4.62,4.53,4.18,4.31,4.17,4.23,4.18,4.02,4.26,3.88,3.81,4.28,4.08,4.29,4.21,3.93,4.05,4.38,4.07,4.39,4.44,4.94,4.4,4.09,3.95,4.04,3.95,3.82,4.27,4.07,3.99,4.01,4.36,3.96,4.56,3.98,4,4.08,4.52,4.1,4.89
CTAGE6,4.22,4.14,4.44,4.37,4.23,4.63,5.43,4.91,4.28,4.27,4.19,4.49,4.1,4.74,4.42,4.48,4.34,4.5,4.29,4.26,4.36,4.39,4.21,4.39,4.57,4.43,4.31,4.12,4.48,4.32,6.79,4.91,4.5,4.15,4.26,4.62,4.3,4.55,4.52,4.6,4.61,4.21,4.41,5.88,4.23,4.38,4.36,4.49,4.22,5.77
CTAGE6,3.89,3.99,3.9,4.03,3.85,3.65,3.85,4,4.08,4.07,4.58,4.03,3.96,5.83,3.77,4.3,4.17,3.94,4.03,4.28,3.83,3.9,4.06,4.13,4.13,3.79,4.15,4.02,4.17,4.73,5.85,5.52,3.51,3.82,4.14,3.78,3.73,3.73,3.81,4.5,4.19,4.85,3.81,4.99,4.34,4.51,3.8,4.07,4.14,6.17
CTBP1,10.81,10.91,10.82,10.86,10.54,10.64,10.29,10.94,10.89,10.99,11.02,10.92,10.81,9.12,10.77,10.58,10.72,10.77,10.85,10.93,10.67,10.77,10.82,10.84,10.89,10.68,10.9,10.97,10.57,10.17,8.63,9.76,10.47,10.55,10.57,10.91,10.47,10.89,10.15,10.73,10.84,10.78,10.6,9.71,10.48,10.51,10.74,10.85,10.78,9.1
CTBP1,10.03,10.16,10.11,10.09,10.11,10.21,10.14,9.99,10.07,10.04,10.27,10.03,10.12,10.61,10.08,10,10.07,10.17,10.17,10.08,9.99,10.02,10.19,10.01,10.01,9.91,10.1,10.09,10.06,10.03,10.04,10.67,9.94,9.88,9.89,10.04,10.08,9.97,9.99,10.03,10.06,10.02,10.13,10.49,10.03,9.98,9.95,10.03,10.1,10.66
CTBP1,10.69,10.75,10.67,10.69,10.34,10.41,10.12,10.59,10.75,10.79,10.79,10.7,10.69,9.34,10.58,10.33,10.58,10.58,10.63,10.68,10.41,10.52,10.67,10.55,10.7,10.5,10.68,10.75,10.51,10.22,7.59,9.66,10.37,10.48,10.41,10.73,10.22,10.7,10.06,10.62,10.56,10.53,10.55,9.35,10.41,10.4,10.42,10.68,10.67,9.13
CTBP1,10.64,10.74,10.69,10.7,10.53,10.49,10.09,10.9,10.68,10.78,10.8,10.77,10.54,10.49,10.65,10.5,10.62,10.71,10.68,10.88,10.54,10.69,10.6,10.77,10.75,10.51,10.72,10.8,10.45,9.86,10.04,10.22,10.29,10.56,10.52,10.79,10.43,10.79,10.06,10.81,10.68,10.61,10.63,10.8,10.45,10.39,10.68,10.7,10.64,10.31
CTBP2,7.38,7.61,7.61,7.58,7.59,7.69,7.49,7.7,7.55,7.7,7.94,7.27,6.87,7.36,7.23,6.98,7.12,7.2,7.38,7.31,6.99,6.81,7.07,7.08,6.92,6.88,7.68,7.64,7.51,8.29,7.44,6.63,7.43,7.73,7.46,7.44,6.81,7.18,7.7,7.45,7.39,7.8,7.76,6.17,7.67,7.62,7.49,7.59,7.47,6.54
CTBP2,5.43,5.75,5.38,5.57,4.84,5.52,4.81,5.42,5.66,5.63,6.39,5.65,5.52,7.71,5.37,5.05,5.61,5.51,5.87,5.82,5.17,5.15,5.38,5.21,5.13,5.12,5.6,5.66,5.78,6.53,6.01,5.59,5.19,5.57,5.52,5.31,4.8,5.3,4.63,5.44,5.43,5.43,5.62,8.6,5.48,5.57,5.58,5.48,5.62,7.19
CTBP2,7.47,7.45,7.36,7.25,6.83,7.54,6.54,7.48,7.49,7.7,7.41,7.15,6.83,6.48,7.09,6.91,6.77,7.4,7.18,7.35,6.78,6.78,6.77,6.92,6.89,6.85,7.46,7.45,7.52,6.42,5.98,5.23,7.56,7.41,7.51,6.76,6.89,6.76,6.8,7.29,7.29,7.46,7.26,6.47,7.46,7.31,7.47,7.27,7.1,5.94
CTBP2,8.9,9.3,8.91,8.82,8.92,8.88,8.39,8.76,9.02,8.95,9.13,8.91,8.64,9.63,8.48,8.29,8.34,8.69,8.71,8.85,7.96,8.13,8.61,8.2,8.38,8.25,8.9,8.96,9.03,8.27,7.36,8.71,8.45,8.64,8.64,8.55,8.24,8.52,7.74,8.52,8.8,8.97,8.93,9.79,8.58,8.58,8.96,8.92,8.84,9.51
CTBP2,7.63,7.63,7.45,7.38,6.78,7.29,7.56,7.69,7.63,7.78,7.85,7.18,6.98,6.35,6.98,6.99,6.93,7.37,7.23,7.4,6.8,6.63,6.78,6.91,6.91,6.82,7.56,7.29,7.54,7.76,6.68,5.6,7.36,7.22,7.39,7.22,6.9,7.07,7.14,7.53,7.66,7.31,7.47,6.59,7.5,7.52,7.36,7.44,7.43,6.47
CTBP2,7.74,7.94,7.83,7.81,7.83,7.74,7.66,8.02,7.72,7.93,7.71,7.61,7.24,6.41,7.32,6.92,7.24,7.58,7.63,7.64,7.13,7.04,7.32,6.84,7.28,6.87,7.66,7.84,7.96,8.12,7.4,7.55,7.62,7.69,7.67,7.55,7.12,7.36,8,7.74,7.51,7.99,7.89,6.58,7.52,7.61,7.77,7.59,7.71,6.92
CTBP2,7.41,7.32,7.47,7.35,7.14,7.56,7.03,7.59,7.32,7.49,7.66,7.07,6.79,5.96,7.1,6.47,6.67,7.35,7.31,7.36,6.69,6.74,6.92,6.99,6.42,6.88,7.43,7.38,7.26,7.28,6.12,5.53,7.15,7.37,7.21,7.09,6.93,6.84,7.1,7.37,7.36,7.38,7.31,6.8,7.3,7.59,7.33,7.3,7.34,5.95
CTBS,7.32,7.23,7.37,7.45,7.22,6.94,6.66,7.44,7.53,7.51,7.71,7.68,7.39,7.27,7.62,7.31,7.41,7.54,7.61,7.82,7.19,7.77,7.45,7.49,7.47,7.42,7.28,7.52,7.05,7.15,5.63,5.62,6.76,7.34,7.39,7.65,7.24,7.53,6.53,7.28,7.07,7.55,7.43,6.76,7.43,7.15,7.64,7.53,7.34,7.55
CTBS,8.76,8.65,8.76,8.64,8.47,8.53,9.05,8.83,8.8,8.92,8.89,8.66,8.52,8.05,8.86,8.76,8.71,8.82,8.86,9.01,8.79,8.98,8.98,8.89,9.03,8.89,8.68,8.84,8.66,7.44,6.78,7.18,8.67,8.78,8.83,8.9,8.73,8.71,8.8,8.84,8.81,8.98,8.76,8.14,8.9,8.86,9.04,8.66,8.51,7.24
CTBS,5.88,6.11,5.72,6.02,5.98,5.72,6.02,5.71,6.06,5.88,5.96,6.14,6.25,6.53,5.93,5.83,5.69,6.11,5.89,5.9,5.97,6.08,6.27,5.68,5.96,5.95,5.49,5.65,5.76,5.95,6.54,6.32,6.1,5.68,5.66,6,5.64,5.91,5.92,5.89,5.71,6,5.81,6.11,5.74,6.18,6.01,5.86,5.87,5.68
CTCF,10.06,10.12,10.1,10.02,10.06,9.98,9.5,9.86,10.03,10.12,10.04,10.02,10.11,8.61,10.11,9.96,10.1,10.09,10.1,10.12,9.78,9.66,9.91,9.87,9.58,9.88,10.05,9.93,10.14,9.58,7.76,8.96,9.71,9.8,9.77,10.21,10.05,9.96,9.7,10.18,10.11,9.77,10,9.47,9.89,9.82,9.84,10.07,10.1,8.99
CTCFL,4.42,4.46,4.61,4.43,4.41,4.65,4.89,4.24,4.21,4.38,4.51,4.21,4.34,5.57,4.21,4.32,4.2,4.36,4.27,4.11,4.2,4.36,4.49,4.35,4.75,4.3,4.12,4.48,4.3,4.41,4.94,4.56,4.24,4.22,4.41,4.42,4.54,4.12,4.84,4.41,4.64,4.84,4.59,5.45,4.12,4.95,4.59,4.51,4.3,6.29
CTCFL,3.76,3.87,4.08,3.76,3.93,3.8,4.4,4.18,3.74,3.71,4.02,3.99,3.85,4.55,3.79,4.07,3.89,4.36,3.92,3.74,3.7,3.85,3.98,3.65,3.58,3.91,3.81,3.98,4.23,4.97,5.34,4.55,3.79,3.81,3.98,3.95,4.61,3.72,4.21,3.77,4.07,4.06,3.86,5.38,3.96,3.98,3.98,3.76,3.8,4.61
CTCFL,4.8,4.88,4.95,5.13,4.79,5.11,5,4.95,4.86,4.93,5.04,4.62,4.9,5.53,4.84,5.14,4.98,4.9,4.95,4.89,5.24,5.11,4.92,4.97,4.87,4.99,4.79,5.35,5.27,5.34,4.66,4.75,4.82,4.9,4.94,4.99,4.91,4.7,5.6,5.09,4.96,4.97,5,6.21,4.58,4.76,4.74,4.93,5.01,5.79
CTCFL,3.46,3.43,3.59,3.47,4.19,3.63,4.16,3.7,3.51,3.45,3.74,3.39,3.59,4.17,3.44,3.44,3.37,3.63,3.33,3.81,3.94,3.23,3.44,3.61,3.85,3.56,3.42,3.34,3.9,5,4.77,4.86,3.99,3.66,3.69,3.46,4.07,3.31,3.69,3.52,3.95,3.41,4.86,4.59,3.7,3.57,3.94,3.7,3.45,4.89
CTCFL,4.56,4.32,4.24,4.33,5.14,4.2,4.52,4.52,4.47,4.37,4.48,4.52,4.31,4.78,4.61,4.35,4.41,4.31,4.24,4.41,4.41,4.56,4.37,4.47,4.47,4.22,4.41,4.65,4.32,4.66,5.29,5.12,4.39,4.36,4.21,4.41,4.06,4.23,4.04,4.38,4.09,3.93,4.25,4.88,4.14,4.41,4.59,4.35,4.36,4.37
CTCFL,4.72,4.72,4.69,5.2,5.07,4.89,4.87,5.21,4.95,5.13,4.92,4.99,4.75,5.99,5.07,4.54,4.84,4.86,5.13,5.21,4.75,5,4.74,5.18,5.27,4.87,4.86,4.89,5.37,5.79,7.02,6.18,4.75,4.73,4.98,4.95,4.88,5.08,5.78,4.82,5.16,5.29,5.07,6.77,4.18,4.57,4.83,5.01,4.56,5.71
CTDP1,7.64,7.87,7.34,7.67,7.9,7.74,6.58,7.64,7.53,7.61,8,7.69,7.6,6.04,7.79,7.45,7.71,7.92,7.89,7.75,7.69,7.69,8.03,7.74,7.61,7.48,7.77,7.54,8.24,7.17,5.84,7.21,7.64,7.58,7.52,7.96,7.96,7.83,7.04,7.92,7.76,7.59,7.69,6.8,7.46,7.74,7.46,7.84,8.12,6.63
CTDSP1,10.07,10.07,10.29,10.17,10.43,10.44,10.64,10.47,9.95,10.1,10.27,10.01,10.01,9.6,9.79,9.91,9.83,10.17,10.06,9.91,10.12,10.01,10.17,10.01,10.03,9.89,10.19,10.07,10.41,10.8,9.4,10.13,9.81,9.76,9.86,9.8,9.94,9.96,10.01,9.99,10.06,10.78,10.54,10.22,10.26,10.46,10.19,9.95,10.16,9.93
CTDSP1,6.66,6.31,6.51,6.6,5.47,6.34,6.17,6.68,6.82,6.79,6.11,6.22,6.54,6.24,6.38,6.52,6.38,6.62,6.64,6.72,6.4,6.5,5.9,6.66,6.55,6.39,6.58,6.86,6.24,5.74,6.53,4.79,6.34,6.29,6.24,6.57,5.69,6.4,5.08,6.21,6.51,6.57,7.05,4.62,6,6.34,6.69,6.17,6.11,4.24
CTDSP2,8.39,8.36,8.6,8.52,8.7,8.65,8.45,8.64,8.31,8.49,8.49,8.39,8.41,8.33,8.17,8.2,8.16,8.53,8.64,8.52,8.4,8.32,8.55,8.34,8.3,8.33,8.44,8.32,8.66,8.55,8.41,8.72,7.77,7.83,7.98,8.36,8.45,8.4,8.78,8.7,8.65,8.96,9,8.58,8.48,8.67,8.43,8.63,8.69,8.35
CTDSP2,11.03,11.02,11.08,11.12,11.14,11.1,10.99,11.16,11,11.13,11.24,11.1,10.99,11.18,10.87,10.77,10.85,11.11,11.09,11.11,10.99,11.01,11.05,10.95,10.9,10.83,11.04,11.13,11.08,10.94,10.84,11.43,10.34,10.47,10.45,10.89,10.81,10.9,10.82,11.02,10.96,11.39,11.43,11.48,11.03,11.08,10.93,11.14,11.15,11.2
CTDSP2,6.65,6.08,6.55,6.55,6.43,7.13,6.34,6.58,6.46,6.31,6.62,6.61,6.44,6.01,6.8,6.34,6.36,6.53,6.5,6.53,6.42,6.48,6.71,6.76,6.53,6.51,6.36,6.65,6.37,5.91,6.11,5.27,6.25,6.02,5.8,6.63,6.57,6.65,5.8,6.24,6.73,6.72,6.54,5.93,6.76,6.43,7.11,6.6,6.73,6.06
CTDSP2,8.04,7.64,7.81,7.99,7.68,8.11,7.23,7.72,7.83,7.63,7.75,7.79,7.76,6.97,7.75,7.59,7.67,7.73,7.76,7.59,7.57,7.76,7.83,7.77,7.68,7.79,7.64,7.86,7.88,7.38,6.07,5.74,7.5,7.2,7.39,7.59,7.52,7.63,7.29,7.78,8.01,7.89,7.65,6.67,8.01,7.84,7.93,7.85,8.06,6.56
CTDSP2,6.97,6.27,7,6.74,6.85,7.17,6.65,6.94,6.84,6.79,6.56,6.66,6.44,5.46,6.78,6.39,6.72,6.69,6.73,6.91,6.75,6.46,6.54,6.62,6.81,6.75,6.88,6.94,6.9,5.57,5.13,5.85,6.29,6.2,6.35,6.83,6.28,6.92,6.57,6.9,7.06,6.64,6.69,6.97,7.23,7.14,7.08,6.97,7.09,7.02
CTDSP2,7.09,6.35,6.91,7.02,6.78,6.28,6.31,7.28,6.95,7.11,6.45,6.81,6.83,6.37,6.71,6.88,6.85,7,6.91,6.9,7.11,7.05,6.26,7.02,6.84,7.09,7.04,6.84,6.67,6.11,7.32,7.04,6.86,6.62,6.68,6.89,6.45,6.88,6.35,7.04,7.07,6.97,7.06,5.27,7.13,7.39,7.02,6.95,7.19,7.37
CTDSPL,4.47,4.54,4.76,4.54,5.02,5.22,4.05,4.65,4.37,4.82,4.62,4.16,4.24,4.47,4.43,4.5,4.41,4.49,4.8,4.46,4.31,4.38,4.42,4.42,4.44,4.36,4.68,4.9,4.47,4.54,4.69,4.4,4.78,4.66,4.87,4.49,4.67,4.81,3.85,4.88,4.68,4.54,5.18,4.25,4.92,4.29,4.45,4.47,4.44,4.64
CTDSPL,4.34,4.11,4.31,4.31,4.2,4.53,4.11,5.08,4.04,4.26,4.58,4,4.14,4.09,4.19,4.08,4.11,4.06,4,4.08,4.2,4.34,4.04,3.97,4.53,3.97,4.12,4.23,4.04,4.46,4.11,5.7,4.11,4.35,4.35,4.31,4.32,4.24,4.51,4.34,4.28,4.34,4.61,4.53,4.3,4.29,4.12,4.01,4.21,5.03
CTDSPL,5.12,4.86,4.77,5,4.75,4.73,4.8,4.63,5.1,4.91,5.33,4.97,5.05,4.88,4.92,4.9,5.15,5.05,4.78,4.67,4.73,5.01,5.09,4.83,4.76,4.73,5.23,4.9,4.92,5.9,5.09,5.1,4.58,4.76,5.04,4.97,4.83,4.95,5.02,4.75,4.65,4.99,4.85,4.72,4.71,4.36,4.77,4.91,4.71,5.2
CTDSPL2,9.15,9.35,8.85,9.17,8.75,8.76,7.6,8.75,9.45,9.12,9.51,9.18,9.17,8.5,9.28,9.26,9.33,9.11,9.23,9.26,8.71,8.73,9.14,8.95,9.04,8.93,9.01,9.21,9.07,8.67,6.25,8.66,9.25,9.38,9.26,9.28,8.83,9.05,8.3,9.04,9.01,8.68,8.68,9.07,8.87,8.39,8.93,9.06,9.2,8.16
CTDSPL2,9.44,9.65,9.54,9.58,9.42,9.54,8.76,9.55,9.51,9.52,9.63,9.43,9.18,9.78,9.51,9.41,9.42,9.68,9.53,9.66,9.07,9.18,9,9.28,9.2,9.2,9.56,9.5,9.34,9.2,8.8,9.48,9.63,9.89,9.66,9.67,9.15,9.59,9.19,9.54,9.3,9.48,9.39,9.79,9.3,9.05,9.29,9.27,9.41,9.77
CTDSPL2,4.51,4.43,4.43,4.48,4.01,4.33,4.01,4.24,4.58,4.5,4.26,4.41,4.39,5.17,4.63,4.44,4.67,4.56,4.73,4.59,4.45,4.38,3.99,4.91,4.64,4.4,4.38,4.45,4.09,4.21,4.8,3.96,4.8,5.03,4.54,4.74,4.11,4.81,4.83,4.34,4.23,3.9,4.27,6.16,4.4,4.41,4.57,4.47,4.33,5.44
CTF1,3.94,3.76,4.16,4.2,4.09,4.54,4.67,4.03,3.97,3.95,3.9,4.02,3.8,4.75,4.36,4.07,3.99,4.01,4.11,4.29,4.04,4.05,4.06,4.16,3.95,4,4,4.3,3.96,5.16,5.65,4.9,3.84,4.01,4.12,4.34,4.1,4.1,4.49,3.92,4.22,4.41,4.29,4.78,3.79,4.45,4.42,4.21,3.83,5.26
CTGF,3.41,3.48,3.89,3.73,3.48,3.64,4,3.62,3.64,3.83,3.88,3.54,3.42,4.6,3.57,3.69,3.71,3.7,3.59,3.68,3.6,3.7,3.52,3.75,3.79,3.66,3.49,3.66,3.6,3.91,4.42,4.46,3.63,3.6,3.72,3.47,3.59,3.63,4.46,3.86,3.44,3.51,3.47,3.9,3.76,3.8,3.67,3.48,3.52,3.88
CTGF,3.66,3.78,3.52,3.62,3.7,3.71,4.2,3.45,3.59,3.56,3.59,3.88,3.62,3.94,3.7,3.51,3.53,3.52,3.73,3.55,3.87,3.56,3.77,3.64,3.65,3.82,3.64,3.73,3.46,4.29,5.47,4.71,3.59,3.56,3.42,3.67,4.12,3.65,4.11,3.44,3.61,3.61,3.56,4.8,3.91,3.52,3.43,3.52,3.56,4.37
CTGF,3.62,3.4,3.88,3.51,3.77,3.46,4.71,3.3,3.69,3.66,3.43,3.48,3.65,3.46,3.62,3.41,3.63,3.51,3.78,3.53,3.5,3.45,3.6,3.44,3.55,3.35,3.53,3.59,3.51,3.86,4.16,4.42,3.41,3.39,3.34,3.55,3.73,3.38,3.61,3.34,3.58,3.55,3.83,3.6,3.69,3.4,3.84,3.56,3.58,3.77
CTH,8.13,8.08,8.01,8.19,7.92,7.95,8.21,7.87,8.19,8.05,8.08,8.07,8.03,5.89,8.96,8.97,8.84,8.22,8.04,7.94,8.3,8.12,8.07,8.54,8.43,8.53,8.04,8.17,8.2,7.56,5.79,6.64,9.23,9.14,9.12,9,8.96,8.96,7.91,8.15,8.36,7.76,7.62,6.21,8,8.09,7.78,8.21,8.15,6
CTHRC1,3.7,3.74,4,3.85,4.04,3.68,5.01,3.68,4.05,3.76,4.02,3.85,3.78,4.72,4.01,4.33,3.99,3.91,3.88,4.03,3.86,4.03,3.75,3.66,3.68,3.63,3.81,3.88,4.32,4.27,5.93,4.3,3.75,3.86,3.93,4.07,3.89,3.68,3.57,3.62,3.79,4.02,4.27,4.17,3.52,4.3,3.79,3.94,3.81,5.92
CTHRC1,4.37,4.16,4.12,4.45,4.08,4.18,4.03,3.32,4.31,4.13,4.05,4.23,4.27,4.45,4.35,4.17,4.05,3.76,4.29,4.01,4.39,4.11,4.13,3.86,4.05,3.76,3.83,4.32,3.84,4,5.24,5.89,4.07,4.05,4.12,3.95,3.88,3.91,3.85,3.45,3.78,3.85,3.96,4.89,4,3.9,4.1,3.95,4.06,4.3
CTHRC1,3.53,3.51,3.46,3.59,3.38,3.82,4.84,3.66,3.33,3.76,3.58,3.72,3.48,4.15,3.59,3.58,3.39,3.6,3.63,3.46,3.63,3.53,3.44,3.43,3.47,3.78,3.59,3.64,3.83,4.47,4.99,4.35,3.7,3.78,3.72,3.64,3.55,3.81,5.45,3.41,3.62,3.45,3.92,4.44,3.72,3.54,3.5,3.54,3.55,3.59
CTHRC1,4.49,4.94,4.65,4.79,5.54,4.73,4.06,5.08,5.1,4.68,5.03,4.66,4.33,8.16,4.66,4.6,4.87,4.59,4.29,4.54,4.27,4.55,4.49,4.37,4.5,4.51,4.57,4.52,4.83,4.25,5,5.16,4.17,4.43,4.49,4.43,4.41,4.87,4.76,4.39,4.84,4.42,4.93,6.38,4.64,4.88,4.62,4.26,4.44,7.85
CTHRC1,4.08,4.13,4.05,3.97,4.04,3.91,4.21,4.01,4.18,4.04,4.33,3.86,3.88,5.17,4.19,3.86,4.32,4.1,4.64,3.89,3.51,3.81,4,4.3,3.9,3.79,3.93,3.93,4.26,5.05,6.27,4.75,3.99,3.65,4,4.07,3.81,4.36,3.93,3.92,4.09,4.07,4.07,4.29,4.41,3.7,3.75,4.18,3.85,5.49
CTLA4,5.56,5.05,5.55,5.26,5.33,5.51,5,5.44,5.16,5.37,4.98,5.38,5.02,5.4,5.91,5.72,5.77,5.83,5.4,5.73,5.42,5.07,5.11,5.84,5.3,5.28,5.26,4.98,4.86,4.81,5.91,6.6,5.36,5.6,5.12,6.16,5.73,6.42,4.81,5.45,5.53,5.17,5.04,5.98,5.28,4.96,5.49,5.68,5.15,5.5
CTLA4,6.9,6.21,7.14,7.23,6.65,6.06,6.81,6.44,6.93,7.02,6.67,6.6,6.38,5.93,7.62,7.62,7.18,7.2,7.42,7.21,6.56,6.48,6.64,7.02,6.97,6.89,6.64,6.65,6.57,5.06,6.52,5.1,6.33,6.35,6.59,7.92,7.45,7.98,6.56,6.97,7.08,6.99,7.15,6.1,7,6.86,6.88,7.24,6.73,6.21
CTLA4,4.91,4.63,4.81,4.76,4.49,4.83,4.62,4.42,4.98,4.69,4.66,4.77,4.85,5.18,5.06,4.91,4.99,4.84,4.76,4.81,4.89,5,4.55,4.7,4.84,4.83,4.69,4.9,4.59,4.86,5.96,5.51,4.93,4.83,4.9,4.86,4.93,5.01,4.71,4.6,4.66,4.72,4.83,4.84,4.63,4.54,5.02,4.63,4.69,5.2
CTLA4,4.23,4.17,4.18,4.57,4.48,4.05,4.5,4.42,4.13,4.54,3.88,4.26,4.2,4.48,4.75,4.5,4.44,4.47,4.53,4.62,4.39,4.2,4.12,4.17,4.39,4.26,4.39,4.18,4.08,3.97,4.29,3.94,4.18,4.18,4.35,4.81,4.79,4.61,4.25,4.41,4.52,4.15,4.58,4.99,4.5,4.6,4.21,4.36,4.44,4.34
CTNNA1,8.28,8.29,7.96,8.05,7.9,7.97,7.93,8.14,8.15,8.39,7.85,8,8.4,5.71,8.17,8.14,8.4,7.82,8.02,7.97,8.95,8.59,8.55,8.45,8.23,8.64,8.19,8.14,8.3,7,5.79,5.39,8.13,8.12,7.95,8.18,8.22,8.35,7.93,8.17,8.17,8.13,8.15,6.68,8.49,8.71,8.69,8.24,8.7,6.76
CTNNA1,11.5,11.86,11.45,11.47,11.63,11.55,11.24,11.41,11.62,11.49,11.6,11.54,11.64,10.38,11.64,11.64,11.83,11.38,11.39,11.43,12.05,11.92,12.2,11.92,11.86,11.99,11.62,11.55,11.71,10.99,9.57,10.66,11.55,11.51,11.44,11.68,11.65,11.67,11.46,11.71,11.68,11.56,11.59,9.61,12.03,12.11,12,11.68,11.76,10.01
CTNNA1,8.07,8.08,7.98,7.9,7.65,7.8,7.7,7.97,7.94,8.04,7.83,7.82,8.34,7.19,8.04,8.03,8.12,7.73,7.77,7.76,8.78,8.33,8.41,8.22,8.19,8.6,8.05,7.8,8.03,7,6.11,7.56,7.95,7.9,7.67,7.96,8.02,8,7.61,8.02,7.92,7.79,7.83,5.61,8.43,8.6,8.31,8.16,8.36,6.98
CTNNA1,10.85,11.05,10.85,10.88,11,10.9,10.67,10.88,10.93,10.86,11.12,10.89,11,10.29,11.01,10.97,11.16,10.79,10.76,10.85,11.38,11.24,11.43,11.18,11.22,11.3,11.08,10.88,11.04,11.11,8.99,10.54,10.88,10.87,10.88,11.19,11.09,10.97,10.92,11.09,11.17,11.03,11.01,9.71,11.46,11.43,11.4,10.95,11.1,10.12
CTNNA1,9.97,10.01,9.91,9.88,10.2,9.89,9.88,9.99,9.88,9.98,10.04,9.75,10.07,7.93,9.94,10.08,10.15,9.61,9.69,9.8,10.62,10.43,10.57,10.28,10.28,10.36,10.02,9.86,10.22,10.13,6.16,8.43,9.99,9.96,9.86,10.03,10.22,9.97,9.89,10.14,10.14,10.11,10.05,7.68,10.53,10.6,10.53,9.99,10.52,7.69
CTNNA1,11.38,11.57,11.42,11.4,11.64,11.56,11.33,11.53,11.38,11.4,11.61,11.59,11.45,11.04,11.65,11.55,11.75,11.34,11.33,11.39,11.91,11.82,12,11.99,11.98,11.95,11.44,11.5,11.58,11.19,8.34,10.09,11.38,11.46,11.47,11.7,11.57,11.62,11.5,11.66,11.66,11.55,11.66,10.64,11.98,11.94,11.98,11.59,11.58,10.79
CTNNA1,3.6,3.79,3.54,3.29,4.43,3.45,3.99,3.72,3.63,3.43,3.67,3.39,3.88,4.56,3.54,3.45,3.89,3.41,3.4,3.31,3.63,3.63,3.58,3.62,3.42,3.43,3.38,3.68,3.95,5.43,4.98,4.11,3.48,3.96,3.51,3.39,3.85,3.26,3.82,3.48,3.69,3.47,3.7,4.16,3.84,3.77,3.75,3.72,3.51,3.48
CTNNA1 /// LRRTM2,3.54,3.53,3.38,3.45,3.68,3.33,3.82,3.55,3.47,3.36,3.78,3.5,3.43,4.75,3.31,3.7,3.19,3.42,3.5,3.63,3.37,3.77,3.55,3.51,3.41,3.39,3.49,3.38,4.05,4.03,5.4,3.9,3.69,3.59,3.45,3.78,3.56,3.67,4.78,3.9,3.77,3.67,3.61,4.45,3.39,3.69,3.41,3.47,3.62,4.98
CTNNA1 /// LRRTM2,4.11,4.67,4.38,4.44,4.52,4.83,5.03,4.24,4.17,4.2,5.05,4.17,4.19,8.14,4.63,4.52,5.01,4.44,4.43,4.14,4.85,4.61,4.87,4.48,4.73,4.23,4.79,4.48,5.19,4.92,5.99,5.53,4.33,4.2,4.32,4.16,4.37,4.13,4.75,4.71,4.55,4.67,5.95,7,4.38,4.4,4.45,4.31,4.23,8.56
CTNNA1 /// LRRTM2,3.77,3.91,3.49,3.85,3.65,3.57,3.51,3.93,3.54,4.01,4.62,3.7,3.76,7.04,4.11,3.44,4.19,3.6,3.7,3.62,3.99,3.85,4.17,4.1,3.63,3.64,3.8,3.73,4.05,5.39,4.83,4.05,3.47,3.62,4.07,3.46,4,3.32,3.79,3.5,3.82,3.54,3.81,5.72,4,3.52,3.34,3.99,3.69,7.2
CTNNA2,3.68,3.49,3.56,3.56,3.6,3.56,4.5,4.07,3.68,3.63,3.64,3.73,3.61,3.72,3.51,3.62,3.66,3.34,3.56,3.63,3.59,3.8,3.78,3.61,3.39,3.62,3.63,3.45,4.11,5.07,5.57,3.87,3.86,3.68,3.61,3.65,3.57,3.47,3.65,3.63,3.86,3.52,3.36,3.81,3.63,3.51,3.54,3.58,3.55,4.87
CTNNA2,3.88,4.04,3.92,3.97,3.94,3.78,4,3.86,4.28,4.12,3.91,4.09,4.08,4.75,3.63,4.03,3.83,3.87,3.73,3.83,3.63,4.15,4.06,3.72,3.86,3.58,3.81,4.06,4.4,5.05,4.82,4.51,3.57,4.06,3.78,3.83,3.78,3.67,4.52,3.88,3.61,3.71,3.81,4.09,3.88,3.54,3.53,3.78,3.75,4.98
CTNNA2,3.49,3.52,3.32,3.78,3.15,3.4,3.27,3.47,3.39,3.5,3.49,3.64,3.39,3.43,3.41,3.38,3.74,3.22,3.44,3.57,3.55,3.66,3.48,3.85,3.64,4.09,3.6,3.66,3.42,3.39,3.92,4.75,3.54,3.44,3.77,3.45,3.34,3.62,3.5,3.19,3.16,3.39,3.54,4.91,3.29,3.13,3.67,3.48,3.43,3.76
CTNNA2,3.97,4.01,3.99,3.63,4.1,4.03,4.71,3.63,4,3.7,3.72,4.01,3.94,4.02,3.45,3.66,3.71,3.79,3.78,3.69,3.8,3.81,3.91,3.79,3.84,3.58,3.76,3.8,3.96,4.22,7.65,3.69,3.73,3.71,3.69,3.55,3.56,3.83,4.35,3.62,3.84,3.64,3.61,4.44,3.66,3.91,3.63,3.77,3.73,4.64
CTNNA2,3.8,3.66,3.58,3.95,4.2,4.23,3.53,4.09,3.96,3.64,4.1,3.72,3.78,3.82,3.72,3.62,3.62,3.68,3.52,3.41,3.51,3.54,3.68,3.57,3.85,3.66,3.48,4.22,4.26,4.45,3.04,3.51,4.07,4.03,3.38,3.79,3.45,3.68,3.65,3.4,3.4,3.56,3.51,5.51,3.77,3.43,3.61,3.33,3.43,3.63
CTNNA2,3.57,3.65,3.71,3.47,3.55,3.62,3.61,3.66,3.67,3.57,3.59,3.83,3.65,3.66,3.68,3.6,3.44,3.6,3.66,3.46,3.81,3.62,3.53,3.63,3.71,3.66,3.69,3.57,3.84,3.9,6.13,4.15,3.79,3.82,3.76,3.67,3.55,3.63,3.78,4.02,3.41,3.5,3.65,3.66,3.83,3.45,3.55,3.47,3.66,3.89
CTNNA3,4.04,3.63,4.04,3.98,5.41,3.82,4.91,4.41,3.95,3.91,4.07,4.33,4.32,5.28,4.04,4.15,3.96,3.99,4.17,4.2,4.31,4.22,4,3.97,3.87,3.89,3.95,4.06,4.31,4.96,5.97,6.87,4.05,4.37,4.06,4.03,4.08,3.89,5.28,3.94,3.93,3.83,3.78,4.49,4.09,4.13,4.87,3.77,3.84,4.13
CTNNA3,3.89,3.83,3.98,4,4.25,4.03,4.57,4.06,3.89,3.89,3.96,3.87,3.93,4.81,3.87,4.01,4.21,3.99,4.21,3.91,3.79,3.84,4.04,4.08,4.04,4.59,4.18,3.83,3.9,4.86,6.37,3.6,3.81,3.86,4.08,3.91,4.41,4.07,4.51,4.09,4.05,3.88,4.09,4.48,4.25,4.36,3.98,4.15,3.86,4.05
CTNNA3,3.7,3.82,3.71,3.9,3.99,3.87,4.71,3.96,3.91,3.97,3.79,3.81,3.73,4.16,3.67,4.19,3.6,3.76,4,3.69,4.07,3.92,3.91,3.75,3.62,3.95,3.51,3.74,3.84,4.19,4.4,4.59,3.81,3.92,3.65,3.8,4.48,3.8,4.16,3.61,3.58,3.93,3.85,4.17,4.02,3.79,3.59,3.74,3.63,4.78
CTNNA3,3.87,4.04,4.09,4.2,4.07,3.63,4.95,3.92,3.95,3.8,4.23,3.97,3.89,5.81,3.98,3.8,4,4.23,4.15,4.33,4.11,4,3.98,3.78,3.71,3.97,4.08,4.09,3.95,3.59,6.2,4.94,3.9,3.88,4.04,4.23,3.96,3.77,4.73,4.1,3.94,4.25,4.58,6,3.83,3.73,3.74,3.9,3.96,5.25
CTNNAL1,7.78,7.93,7.83,7.71,7.97,7.89,7.33,7.59,7.87,7.78,7.93,7.34,7.4,6.94,7.82,7.87,8.07,7.97,7.84,7.89,7.2,7.14,7.41,7.15,7.6,7.49,7.72,7.83,8,7.1,4.79,5.34,8.04,8.18,8.07,8.06,8.19,8.11,6.95,7.73,7.63,7.64,7.68,7.09,7.91,7.86,7.93,7.62,7.92,5.99
CTNNAL1,7.29,7.41,7.21,7.32,7.36,7.14,6.71,7.46,7.31,7.44,7.32,7.05,6.92,5.47,7.42,7.37,7.45,7.21,7.45,7.44,6.91,6.67,6.74,6.95,7,7.18,7.45,7.46,7.07,6.55,5.16,6.08,7.71,7.65,7.61,7.52,7.44,7.78,6.69,7.07,7.02,7.08,7.22,5.15,7.22,7.43,7.5,7.13,7.1,5.22
CTNNAL1,8.63,8.68,8.41,8.55,8.63,8.47,7.82,8.13,8.56,8.65,8.7,8.21,8.01,8.19,8.57,8.65,8.84,8.67,8.73,8.75,8.14,7.98,8.13,8.05,8.06,8.16,8.69,8.52,8.7,8.63,8.41,8.6,8.77,8.84,8.82,8.77,8.83,8.8,8.19,8.43,8.48,8.42,8.21,8.08,8.63,8.65,8.68,8.35,8.6,5.94
CTNNB1,11.5,11.58,11.52,11.57,11.61,11.53,11.16,11.17,11.57,11.39,11.72,11.45,11.68,12.36,11.5,11.52,11.65,11.56,11.51,11.43,11.6,11.51,11.81,11.39,11.44,11.49,11.56,11.48,11.76,11.7,10.96,11.91,11.46,11.45,11.4,11.34,11.44,11.37,11.55,11.23,11.55,11.36,11.69,12.25,11.62,11.57,11.49,11.54,11.63,12.12
CTNNB1,10.58,10.22,10.41,10.4,10.29,9.9,9.97,10.36,10.47,10.56,9.84,10.45,10.22,8.18,10.45,10.47,10.37,10.44,10.41,10.46,10.63,10.6,10.11,10.49,10.62,10.47,10.4,10.43,9.83,7.59,6.52,5.78,10.45,10.4,10.52,10.39,10.17,10.3,10.18,10.49,10.42,9.83,9.96,7.53,10.49,10.44,10.57,10.41,10.11,8.79
CTNNB1,9.97,9.35,9.65,9.79,9.35,9.07,9.01,9.52,9.83,9.86,9.02,9.74,9.6,7.69,9.91,9.9,9.81,9.91,9.87,9.89,9.88,10.04,9.51,9.94,9.95,9.87,9.67,9.75,8.79,6.74,7.26,7.19,9.93,9.76,9.88,9.74,9.18,9.62,9.03,9.81,9.65,8.94,8.94,6.67,9.81,9.31,9.82,9.82,9.43,8.13
CTNNB1,7.61,6.85,7.37,7.14,6.8,6.8,6.67,7.3,7.25,7.21,6.31,7.05,7.09,6.69,7.45,7.44,7.34,7.34,7.31,7.45,7.54,7,6.67,7.36,7.05,7.35,7.12,7.09,6.53,5.36,5.13,5.97,7.64,7.33,7.33,7.21,7.08,7.26,7.42,7.18,7.17,6.49,6.7,5.88,7.22,7.14,7.4,7.21,6.94,6.87
CTNNB1,9.14,8.43,8.84,8.88,8.39,8.13,7.31,8.59,9.16,8.89,7.93,8.83,8.75,6.01,9.18,8.99,8.92,8.93,8.81,9.13,9.09,9.03,8.27,9.11,9,9.03,8.68,8.89,7.75,6.69,5.78,4.76,9.08,9.01,8.95,8.79,8.44,8.82,8.5,9.03,8.8,7.76,8.23,6.98,8.82,8.46,8.81,8.83,8.48,7.29
CTNNB1,10.69,10.22,10.53,10.39,10.14,9.76,9.8,10.29,10.57,10.52,9.78,10.44,10.26,8.14,10.68,10.62,10.67,10.63,10.68,10.75,10.56,10.57,10.11,10.78,10.77,10.67,10.32,10.58,9.61,7.53,6.65,6.85,10.57,10.58,10.69,10.63,10.12,10.56,10.13,10.6,10.29,9.72,9.85,8.55,10.48,10.24,10.47,10.52,10.08,8.86
CTNNB1,9.06,8.58,8.57,8.89,8.21,8.06,8.11,8.47,9.01,8.74,8.14,8.89,8.67,8.13,8.99,8.81,8.86,8.82,8.74,8.72,8.86,8.89,8.66,8.9,9.02,8.84,8.55,8.87,8.36,6.26,7.58,7.76,8.72,8.87,8.74,8.76,8.36,8.6,8.62,8.75,8.48,8.16,8.11,7.31,8.84,8.59,8.64,8.75,8.46,7.81
CTNNB1,9.15,8.54,8.92,8.9,8.61,8.35,8.44,8.61,9.19,8.95,8.12,8.85,8.79,7.15,9.2,8.95,8.92,9.12,9.04,9.01,8.79,8.87,8.52,9.17,9.01,8.94,8.74,8.88,8.03,7.18,6.84,7.6,9,8.82,8.77,8.83,8.37,8.82,8.57,8.88,8.82,8.05,8.33,7.55,8.91,8.66,8.77,8.91,8.48,7.56
CTNNBIP1,5.33,5.32,5.33,5.57,5.9,6.06,5.35,5.43,5.25,5.16,5.52,5.2,5.15,6.72,5.45,5.72,5.49,5.69,5.71,5.74,5.47,5.72,5.66,5.6,5.76,5.58,5.45,5.44,5.66,4.69,6.36,6.75,5.2,5.27,5.21,5.73,5.78,5.65,5.78,5.45,5.18,6.07,6,6.22,5.79,5.34,5.13,5.27,5.6,6.04
CTNNBIP1,6.08,6.16,6.32,6.42,6.25,5.96,6.54,6.68,6.28,6.13,6.39,6.26,6.28,6.46,6.07,6.25,5.86,6.18,6.38,6.13,6.15,6.13,6.34,6.02,6.21,6.22,6.32,6.33,6.35,7.24,6.27,7.41,6.21,5.95,5.98,6.45,6.4,6.53,5.56,6.55,6.27,5.83,6.22,6.25,6.07,6,5.89,6.19,6.26,6.57
CTNNBIP1,8.7,8.55,8.94,8.9,8.98,9.1,8.49,8.6,8.74,8.78,9.01,8.86,8.73,8.56,8.88,8.71,8.62,8.94,9.08,8.89,8.47,8.67,8.64,8.8,8.79,8.65,8.86,8.9,8.77,7.78,5.98,7.94,8.72,8.53,8.5,9.1,9.07,8.88,9.26,9.04,9.07,8.78,8.74,8.64,8.45,8.44,8.61,8.85,8.81,8.15
CTNNBIP1,4.54,4.68,4.4,4.64,4.72,4.67,3.81,5.14,4.72,4.71,4.8,4.62,4.54,4.98,4.48,4.91,4.62,4.67,4.58,4.87,4.78,4.67,4.57,4.6,4.96,4.56,4.77,4.88,4.68,3.73,4.45,4.69,4.41,5.09,4.77,4.58,4.71,4.73,4.39,5.12,4.84,4.95,5.15,5.25,4.86,4.46,4.64,4.58,4.73,4.9
CTNNBL1,9.16,8.87,9.3,9.28,9.34,9.24,8.77,9.27,9.15,9.28,8.85,9.17,9.17,6.47,9.29,9.04,9.22,9.39,9.42,9.59,9.32,8.98,8.9,9,8.95,9.22,9.23,9.09,9.08,8.42,6.13,7.68,9.08,9.17,9.1,9.17,9.41,9.11,8.82,9.25,9.18,9.15,8.96,6.49,9.5,9.35,9.5,9.27,9.42,6.21
CTNND1,4,4.14,3.72,4.25,4.09,3.92,4.15,3.88,4.06,4.31,3.95,4.12,4.1,5.1,3.62,4,3.7,3.73,3.91,3.78,4.23,4.15,4.01,3.83,4.03,4.15,4.01,4.04,4.01,4.46,4.12,4.58,3.8,3.75,4.03,3.76,3.79,3.88,4.23,3.78,3.86,4.01,3.79,4.5,3.84,3.67,4.03,4.11,4.05,3.94
CTNND1,6.93,6.94,7.06,7.12,7.1,7.29,7.08,7.24,7.11,7.07,7.14,7.07,6.92,9.38,6.99,7.08,6.95,6.86,6.79,7.05,7,7.34,6.97,6.92,7.01,6.83,6.87,7.14,7.11,6.87,9.47,9.71,6.9,7.02,6.8,6.92,6.8,6.81,7.36,7.24,7.2,7.15,7.35,9.4,7.11,7.3,7.13,7.14,7.29,9.17
CTNND1,4.87,4.54,4.67,4.83,4.61,4.48,4.62,4.34,4.79,4.61,4.57,4.54,4.84,4.68,4.43,4.75,4.48,4.67,4.63,4.6,4.65,4.64,4.42,4.35,4.53,4.63,4.9,4.39,4.58,4.53,5.41,5.38,4.5,4.57,4.55,4.46,4.58,4.27,5.97,4.32,4.45,4.55,4.65,5.59,4.55,4.59,4.25,4.6,4.63,5.03
CTNND1,3.71,3.67,3.43,3.61,4.21,3.35,3.47,3.46,3.53,3.49,3.53,3.73,3.47,5.51,3.39,3.49,3.53,4.21,3.63,3.69,3.52,3.82,3.61,3.44,3.76,3.58,3.63,3.8,3.56,4.49,6.04,3.87,3.6,3.61,3.78,3.7,3.47,3.63,4.03,3.45,3.48,3.49,3.63,3.99,3.45,3.98,3.73,3.57,3.6,4.34
CTNND1,3.71,3.79,3.87,3.92,4.37,3.75,4.62,3.65,3.91,3.97,4.01,3.86,3.84,4.94,3.82,3.75,3.79,3.96,3.68,3.96,3.94,3.96,4,4.24,3.94,3.76,3.86,4,3.84,4.16,5.55,6.22,3.87,3.83,4.11,4.1,3.93,3.83,4.7,4.09,3.9,4.09,4.14,5.32,4.16,3.83,4,3.93,3.93,4.73
CTNND2,4.58,4.62,4.48,4.58,4.51,4.64,4.21,4.53,4.62,4.72,4.49,4.63,4.74,5.69,4.6,4.62,4.68,4.54,4.55,4.52,4.63,4.55,4.6,4.63,4.7,4.6,4.41,4.5,4.81,5.13,6.27,5.95,4.4,4.65,4.69,4.22,4.7,4.44,4.57,4.48,4.43,4.22,4.39,4.62,4.5,4.73,4.49,4.36,4.58,5.93
CTNND2,4.33,4.5,4.42,4.53,4.8,4.22,5.87,4.66,4.5,4.23,4.29,4.21,4.28,4.96,4.03,4.15,4.12,4.2,4.4,4.5,4.04,3.96,4.25,4.3,4.09,4.1,4.3,4.75,4.42,4.25,6.68,5.71,4.04,4.13,4.21,4.08,4.24,3.94,5.2,4.64,4.23,4.55,3.89,5.31,4.29,4.71,4.64,4.36,4.33,6.25
CTNND2,4.49,5.15,4.31,4.8,5.06,4.33,4.64,4.28,4.69,4.51,4.32,4.73,4.48,4.51,4.21,4.14,4.49,4.46,4.15,4.24,4.69,4.75,4.44,4.04,4.09,4.3,4.72,4.63,4.66,5.94,5.64,4.08,4.51,4.63,4.71,4.15,4.56,4.16,5.25,4.32,4.23,4.55,4.17,5.18,4.1,4.63,3.93,4.62,4.58,4.45
CTNND2,5.25,5.12,5.62,5.52,5.51,5.17,4.51,5.54,5.17,5.38,5.15,5.23,5,5.23,4.9,5.09,5.29,5.15,5.31,5.47,5.32,5.26,5.21,5.21,5.46,5.11,5.94,5.38,5.44,5.02,6.52,7.26,5.15,5.06,5.47,5.11,5.54,5.09,5.45,5.36,5.29,5.09,5.53,5.69,5.32,5.3,5.35,5.52,5.13,6.68
CTNND2,4.57,4.83,4.67,4.92,4.93,4.85,4.77,4.5,4.59,4.82,4.94,4.71,4.87,5.54,4.58,4.27,4.52,4.27,4.42,4.33,4.67,4.66,4.5,4.39,4.28,4.38,4.74,4.8,4.63,4.81,7.98,6.28,4.59,4.63,4.43,4.22,4.59,4.13,5.95,4.61,4.77,4.51,4.43,5.57,4.45,4.66,4.98,4.41,4.25,5.5
CTNS,6.9,7.41,7.35,7.01,7.39,6.76,7.49,6.77,6.96,6.85,7.64,7.11,6.91,9.46,7.27,7.1,7.65,7.3,7.07,6.9,7.32,7.24,7.21,7.05,7.09,7.12,7.07,7,7.22,5.97,8.63,9.08,7.68,7.76,7.76,6.9,7.46,7.33,7.54,6.81,6.98,6.73,7.71,8.66,7.01,6.92,6.64,6.83,6.86,9.22
CTNS,8.14,8.14,8.21,8.11,8.38,8.43,6.96,8.29,8.14,8.13,8.18,7.9,7.72,6.33,8.09,8.02,8.18,8,7.9,8.02,7.91,7.9,8.2,8.27,8.05,8.06,8.18,8.1,8.18,6.06,5.93,7.31,8.16,8.18,8.33,8.13,7.97,8.12,8.21,8.46,8.24,8.18,8.52,6.37,8.07,8.07,7.69,8.08,8.46,7.69
CTNS,6.18,5.59,5.99,6.02,6.02,6.31,5.83,6.82,6.1,5.81,5.24,6.04,5.55,4.89,6.46,6.27,6.08,6.16,6.21,6.41,6.03,5.93,5.89,6.45,6.41,6.01,6.14,6.1,5.46,5.88,4.85,5.36,6.63,6.38,6.47,6.17,5.75,6.18,5.94,6.44,6.31,6.02,5.71,4.82,5.96,5.55,5.99,6.36,5.61,4.88
CTNS,6.49,5.53,6.12,6.05,5.96,6.08,5.91,6.33,6.31,6.17,6,5.98,5.87,5.56,6.41,6.62,6.08,6.28,6.01,6.41,6,5.96,5.49,6.61,6.37,6.02,6.22,6,5.34,5.89,4.8,4.89,6.48,6.45,6.43,6.21,6.47,6.31,6.44,6.17,5.77,6.11,6.25,5.53,5.82,5.26,6.03,6.29,5.77,5.56
CTNS,6.07,5.27,5.88,5.72,6.33,5.61,5.1,6.48,5.7,5.97,5.71,5.66,5.38,4.66,5.72,5.71,6.02,5.62,5.63,5.91,5.44,5.66,5.85,5.7,5.92,6.02,6.01,5.84,5.69,6.91,4.58,5.77,5.88,5.87,5.92,5.97,5.82,5.74,5.53,5.98,6.18,5.59,5.59,6.05,5.91,5.57,5.9,6.37,5.7,5.49
CTNS,6.04,5.57,6.1,6.15,6.29,6.22,5.61,6.09,5.9,5.98,5.64,5.68,5.61,5.24,5.93,6.09,6.12,5.99,5.78,5.93,5.77,6.14,5.93,6.33,5.93,6.13,5.83,6.16,5.66,6.28,6.89,5.34,5.78,6.19,6.2,6.08,6.19,6.04,5.74,5.87,6.41,6.62,5.96,5.13,5.82,5.87,6.07,6,6.01,4.98
CTNS,5.05,4.34,5.27,5,5.13,4.7,4.08,4.95,4.69,4.81,4.42,4.91,4.5,4.51,4.66,4.71,4.86,5.03,5.03,4.7,4.98,4.81,4.63,4.82,4.9,4.74,4.66,4.99,4.31,4.23,5.13,6.01,4.59,4.54,5.03,5.3,4.92,4.53,5.02,5.11,4.76,5.01,4.86,4.28,4.69,5.18,4.64,5.18,4.77,4.35
CTNS,5.33,4.83,5.15,5.11,5.23,5.41,4.24,5.08,5.1,5.28,4.65,5.23,4.98,4.9,5.18,5.05,5.37,4.67,4.71,5.23,5.05,5.11,5.13,5.1,5.34,5.16,5.15,5.28,4.69,4.42,5.4,3.91,5.38,5.3,5.31,5.06,5.16,5.09,4.85,5.27,4.98,5.13,5.13,4.77,4.91,5.2,4.87,5.16,4.98,3.69
CTPS,9.3,8.83,9.15,9.16,8.77,8.69,8.6,9.06,9.08,9.21,8.63,9.17,9.25,6.56,9.34,9.34,9.41,9.04,9.11,9.02,9.18,8.87,8.64,9.19,9.12,9.32,9.16,8.88,8.85,8.64,7.92,7.88,9.7,9.57,9.49,9.38,9.35,9.69,8.39,8.66,8.81,8.72,8.41,7.31,9.03,8.7,8.9,9.02,8.98,6.91
CTPS,10.74,10.7,10.82,10.85,10.82,10.76,10.72,10.64,10.79,10.79,10.65,10.66,10.77,9.18,11.13,11.16,11.01,10.74,10.69,10.67,10.73,10.79,10.79,10.96,10.91,11,10.81,10.64,10.74,11,7.79,9.17,11.07,11.18,11.1,11.28,11.23,11.36,10.53,10.59,10.59,10.7,10.59,8.99,10.61,10.56,10.55,10.69,10.75,8.23
CTPS,8.79,7.83,8.48,8.54,7.23,7.42,6.67,8.37,8.79,8.57,7.53,8.52,8.48,5.88,8.92,8.92,8.91,8.46,8.35,8.66,8.34,8.29,7.65,8.75,8.68,8.86,8.48,8.5,7.68,4.43,6.53,5.89,8.91,9.01,8.93,9.01,8.44,9.09,6.09,7.97,7.88,7.61,7.3,6.26,8.11,7.67,8.25,8.33,8.16,6.31
CTPS,9.65,9.5,9.51,9.55,9.51,9.48,9.45,9.41,9.64,9.68,9.47,9.45,9.62,8.65,9.81,9.89,9.94,9.45,9.59,9.33,9.67,9.63,9.43,9.75,9.57,9.82,9.62,9.52,9.54,9.3,9.11,8.92,9.96,10.05,9.92,9.88,10.12,9.97,9.09,9.26,9.42,9.24,9.26,8.03,9.47,9.52,9.27,9.5,9.66,7.55
CTPS2,4.76,4.47,4.52,4.57,4.17,4.47,4.99,4.35,4.53,4.31,4.56,4.71,4.7,4.4,4.4,4.53,4.42,4.67,4.59,4.21,4.65,4.61,4.56,4.43,4.21,4.62,4.33,4.12,4.5,5.71,4.26,5.22,4.23,4.58,4.26,4.38,5.03,4.72,4.93,4.48,4.84,4.77,5.24,5.53,4.54,4.67,4.81,4.58,4.46,4.34
CTPS2,5.33,4.9,5.44,5.83,5.23,5.79,4.34,5.84,5.47,5.41,5.78,5.54,5.15,5.09,5.27,5.19,5.43,5.78,6.04,6.33,5.02,4.96,5.68,5.7,5.24,5.1,5.5,5.28,5.6,5.61,5.64,4.66,5.3,5.13,5.14,5.57,5.26,5.48,4.58,5.54,5.39,6.15,5.97,5.33,5.45,5.71,5.8,5.56,5.46,6.07
CTR9,9.26,9.38,9.1,9.23,8.99,9.01,8.34,8.82,9.37,9.29,9.34,9.37,9.46,8.7,9.35,9.24,9.3,9.06,9.2,9.11,9.25,9.32,9.52,9.07,9.1,9.28,9.18,9.15,9.25,8.87,6.69,8.54,9.32,9.4,9.18,9.12,9.02,9.01,8.87,8.99,9.17,8.97,8.88,7.96,9.03,9.01,9,9.33,9.52,8.13
CTRB1 /// CTRB2,3.78,3.45,3.65,3.8,3.69,3.6,5.35,3.63,3.62,3.54,3.84,3.55,3.65,4.54,3.6,3.82,3.63,3.84,3.81,3.56,3.64,3.69,3.66,3.57,3.82,3.66,3.87,3.8,3.96,4.37,4.82,4.82,3.71,3.81,3.66,3.65,3.74,3.83,4.39,3.69,3.98,3.9,3.91,5.04,3.64,3.97,3.67,3.48,3.78,4.48
CTRB2,4.36,4.12,4.16,4.5,4.52,4.52,4.87,4.22,4.45,4.17,4.44,4.55,4.62,4.98,4.16,4.44,4.11,4.37,4.33,4.25,4.57,4.34,4.45,4.37,4.25,4.29,4.37,4.51,4.46,5.61,5.21,5.21,4.33,4.35,4.27,4.25,4.37,4.21,5.37,4.1,4.42,4.7,4.72,4.7,4.31,4.65,4.46,4.49,4.26,5.3
CTRC,4,3.95,4.11,4.14,4.52,4.5,4.74,4.27,4.08,3.84,4.28,4.08,3.97,6.56,4.26,4.13,4.26,4.26,4.6,4.13,4.25,4.09,4.08,4.22,4.28,4.22,4.01,3.92,4.06,5.25,6.88,5.08,3.85,4.37,4.18,4.11,4.67,4.1,4.31,4.01,4.2,4.33,4.77,6.75,4.4,5.12,4.22,4.01,4.07,6.88
CTRL,4.62,4.83,5.19,4.79,5.07,4.57,4.85,4.74,4.69,4.52,4.76,4.92,4.64,4.37,4.46,4.33,4.39,4.71,4.63,4.65,4.48,4.68,4.64,4.62,4.58,4.24,4.8,4.53,4.83,4.28,4.09,4.76,4.36,4.54,4.39,4.53,4.49,4.78,4.88,4.59,5.35,4.7,4.59,3.97,4.59,4.53,4.75,4.78,4.91,5.81
CTRL /// PSMB10,9.32,9.15,9.38,9.27,9.37,9.54,8.9,9.32,9.34,9.33,9.05,9.26,9.24,7.58,8.88,8.83,8.93,9.61,9.53,9.5,9.08,9.01,9.18,8.93,8.9,8.98,9.34,9.31,9.29,7.71,7.69,6.41,8.87,8.8,8.89,9.05,8.97,9.1,9.15,9.31,9.24,9.13,8.93,8.77,9,8.99,8.99,9.39,9.28,7.88
CTRL /// PSMB10,9.65,9.66,9.77,9.6,9.9,9.69,9.24,9.71,9.73,9.74,9.42,9.7,9.55,8.3,9.3,9.29,9.17,9.97,9.98,10,9.61,9.4,9.5,9.4,9.44,9.51,9.65,9.55,9.65,9.65,6.7,8.85,9.22,9.32,9.3,9.38,9.36,9.42,9.53,9.69,9.62,9.41,9.43,7.82,9.43,9.28,9.5,9.6,9.65,6.87
CTRL /// PSMB10,8.7,8.56,8.76,8.66,8.89,8.62,8.59,8.82,8.62,8.65,8.59,8.63,8.57,6.29,8.29,8.21,8.24,8.88,8.84,8.75,8.53,8.41,8.48,8.17,8.32,8.32,8.76,8.53,8.72,8.69,6.65,7.15,8.23,8.26,8.16,8.3,8.57,8.44,8.88,8.72,8.68,8.53,8.49,7.25,8.55,8.68,8.34,8.8,8.63,7.18
CTSA,9.86,9.69,9.76,9.79,9.88,9.99,9.79,9.71,9.71,9.68,9.78,9.78,9.63,8.07,9.47,9.59,9.65,9.77,9.92,9.82,9.84,9.56,9.82,9.67,9.67,9.74,9.84,9.65,9.83,8.97,8.66,8.82,9.39,9.43,9.47,9.54,9.54,9.64,9.69,9.9,9.85,10.04,9.96,7.88,9.78,9.6,9.69,9.86,9.85,8.05
CTSA,10.67,10.55,10.76,10.59,10.44,10.48,10.41,10.71,10.56,10.68,10.44,10.56,10.5,10.12,10.42,10.32,10.43,10.68,10.65,10.7,10.66,10.58,10.42,10.46,10.6,10.61,10.66,10.65,10.53,9.75,9.75,10.29,10.3,10.39,10.24,10.31,10.29,10.5,10.36,10.74,10.64,10.65,10.61,10.21,10.41,10.4,10.54,10.66,10.59,10.2
CTSB,11.3,11.37,11.37,11.34,11.33,11.43,11.25,11.42,11.42,11.31,11.19,11.53,11.63,10.53,11.83,11.72,11.76,11.59,11.56,11.65,11.75,11.88,11.92,11.91,11.9,11.91,11.22,11.2,11.3,10.92,9.72,10.76,11.47,11.54,11.61,12.14,12.01,12.11,11.32,11.52,11.39,11.66,11.68,10.69,11.26,11.2,11.1,11.48,11.48,9.83
CTSB,7.75,8.1,7.72,7.68,7.72,7.75,8.19,7.67,8.1,7.91,7.94,8.06,8.43,8.54,8.25,7.87,8.34,8.12,8.16,8.36,8.24,8.1,8.57,8.13,8.28,8.23,7.9,7.57,7.74,8.19,8.06,7.98,7.61,7.71,7.59,8.5,8.54,8.35,8.04,7.87,7.89,8.25,8.46,7.52,7.51,7.43,7.46,8.04,8.3,8.53
CTSB,9.27,8.93,9.21,9.09,8.6,8.59,8.65,9.18,9.18,9.25,8.31,9.35,9.36,7.38,9.74,9.58,9.42,9.39,9.38,9.64,9.65,9.45,9.25,9.72,9.68,9.81,9.01,8.96,8.57,8.17,5.62,6.09,9.22,9.41,9.38,9.79,9.58,9.99,8.71,9.19,8.84,9.2,9.02,7.38,8.87,8.54,8.75,9.26,9.02,7.31
CTSB,11.45,11.57,11.46,11.48,11.51,11.46,11.22,11.41,11.62,11.34,11.58,11.57,11.81,10.82,12.05,11.88,11.89,11.74,11.68,11.72,11.88,11.96,12.02,11.92,11.91,11.97,11.39,11.24,11.56,11.61,10.44,10.79,11.55,11.6,11.71,12.16,12.1,12.09,11.44,11.59,11.58,11.66,11.82,10.95,11.36,11.35,11.23,11.66,11.67,10.57
CTSC,10.68,10.73,10.6,10.6,10.64,10.48,9.95,10.46,10.68,10.53,10.52,10.6,10.63,8.38,10.23,10.21,10.23,10.36,10.39,10.44,10.4,10.28,10.41,10.16,10.11,10.22,10.61,10.52,10.7,9.89,7.75,8.83,10.4,10.42,10.41,10.13,10.15,10.17,10.43,10.39,10.5,9.92,10.12,7.68,10.56,10.34,10.53,10.51,10.55,8.66
CTSC,6.63,6.92,6.74,6.65,6.23,6.36,5.82,6.58,6.39,6.45,7.2,6.5,6.31,6.34,6.49,6.79,6.63,6.12,6.1,6.22,6.59,6.76,7.13,6.88,6.77,6.82,6.57,6.22,6.82,6.52,6.78,6.63,6.21,6.31,6.54,6.42,6.94,6.36,4.12,6.69,6.78,6.34,6.42,7.3,7.04,6.76,6.81,6.86,6.85,6.16
CTSC,10.9,10.76,10.71,10.61,10.21,10.3,10.04,10.65,10.77,10.87,10.4,10.78,10.78,7.93,10.68,10.52,10.66,10.45,10.44,10.46,10.87,10.79,10.61,10.77,10.79,10.78,10.63,10.84,10.43,9.28,7.69,9.04,10.81,10.84,10.72,10.58,10.28,10.6,10.07,10.63,10.54,10.13,10.08,7.31,10.87,10.68,10.91,10.57,10.48,7.25
CTSD,8.24,7.92,8.38,8.29,8.47,8.01,7.75,8.43,8.22,8.17,8.14,8.44,8.22,7.97,8.64,8.44,8.63,8.4,8.23,8.31,8.77,8.74,8.75,9.09,8.97,8.74,8.42,8.18,8.3,6.94,5.81,6.31,8.22,8.33,8.29,8.84,8.4,8.89,7.32,8.6,8.42,8.47,8.4,7.38,8.04,8.24,8.36,8.26,8.24,7.17
CTSD,8.04,7.88,8.34,8.28,8.34,8.18,6.67,8.4,8.16,8.22,7.92,8.46,8.29,6.89,8.7,8.59,8.72,8.12,8.22,8.28,8.79,8.48,8.7,9.1,8.93,9,8.22,8.43,8.11,6.68,5.04,8.02,8.27,8.38,8.42,8.77,8.43,8.96,7.74,8.44,8.37,8.41,8.43,8.17,8.11,8.49,8.34,8.31,8.3,8.38
CTSD,8.24,8.16,8.28,8.37,8.29,8.29,7.16,8.47,8.27,8.26,8.05,8.51,8.44,7.25,8.72,8.56,8.67,8.4,8.21,8.44,8.83,8.71,8.9,8.95,8.97,8.99,8.15,8.4,8.29,6.55,6.95,7.41,8.38,8.45,8.46,8.82,8.63,8.85,7.13,8.52,8.41,8.3,8.47,7.32,8.22,8.08,8.38,8.3,8.27,8.68
CTSD,4.8,4.67,4.68,4.92,4.65,4.94,5.46,4.88,4.52,4.49,4.85,4.74,4.6,5.86,4.76,4.9,4.96,5.19,4.79,4.86,5.34,4.59,4.78,5.25,5.44,4.84,5.04,4.84,4.8,3.57,4.82,7.19,4.73,4.67,4.69,4.82,4.21,4.91,4.46,4.97,4.59,4.73,5.45,5.66,4.7,5.15,4.91,4.93,4.89,5.22
CTSE,3.45,3.63,3.63,3.7,3.66,4.1,4.83,3.6,3.45,3.7,3.76,3.71,3.53,4.55,4.27,3.69,3.72,3.59,3.64,3.78,3.57,3.79,3.77,4.06,4.19,3.88,3.92,3.91,3.66,5.64,5.94,4.84,3.76,3.52,3.49,3.68,4.05,4.04,4.54,3.69,3.69,3.73,3.64,4.59,4,3.92,3.98,3.56,3.59,4.41
CTSF,4.07,3.97,4.09,4.01,4.54,4.26,4.17,4.39,4.12,4.27,4.18,3.85,3.92,5.71,4.04,4.2,3.94,4.08,4.16,4.21,4.19,4.36,4.04,4.52,4.12,4.25,4.18,4.3,4.53,4.6,4.31,4.78,4.02,4.05,4.15,4.3,4.02,3.97,4.75,4.37,4.45,4.43,4.55,3.85,4.04,3.94,4.22,4.01,4.04,4.54
CTSG,4.25,4.1,3.89,4.08,4.08,4.47,4.05,4.24,3.89,4.15,4.4,4.23,4.23,4.83,4.18,3.86,3.99,4.45,3.98,3.93,3.9,3.91,4,4.17,4.1,3.9,4.04,4.16,4.3,5.31,4.67,4.3,3.8,4.08,3.99,4.14,4.12,4.27,6.8,4.02,4.14,4.08,4.11,5.9,4.45,4.31,4.13,3.93,3.86,4.13
CTSH,8.08,7.98,8.24,8.2,8.41,8.3,7.82,8.23,8.22,8.07,8.05,8.03,8.13,5.64,8.43,8.21,8.34,8.46,8.49,8.31,8.11,8.16,8.05,8.24,8.08,8.08,8.33,8.03,8.18,8.74,6.4,8.15,8.47,8.35,8.37,8.38,8.56,8.58,8.22,8.34,8.15,8.48,8.58,6.84,8.34,8.25,8.19,8.07,8.26,6.2
CTSH,3.62,3.97,3.53,3.68,3.68,4.54,4.15,3.58,3.73,3.6,3.56,3.64,3.79,4.11,3.43,3.58,3.76,3.54,3.86,3.8,3.63,3.91,3.85,3.82,3.89,3.83,3.93,3.74,3.81,3.91,4.33,4.16,3.8,3.55,3.69,3.76,3.74,3.69,3.66,3.92,3.54,3.98,3.51,4.76,3.93,3.89,3.73,3.51,3.39,3.81
CTSK,8.46,8.38,8.51,8.46,8.4,8.29,8.2,8.51,8.51,8.34,8.53,8.45,8.37,8.44,8.53,8.48,8.61,7.94,8.34,8.26,8.42,8.53,8.67,8.54,8.76,8.4,8.39,8.49,8.52,7.48,6.71,8.07,7.63,8.3,7.93,8.36,8.37,8.65,7.95,8.88,8.69,8.81,8.71,9.84,8.27,8.41,8.38,8.64,8.66,8.31
CTSL1,4.14,3.95,3.68,3.91,3.98,3.96,4.03,3.71,3.79,3.91,4.06,4.15,4.14,4.71,3.74,3.92,3.87,3.74,3.83,3.83,4.04,4.15,3.98,3.69,3.55,3.83,3.83,3.73,3.75,4.35,4.47,4.42,4.17,3.93,3.87,3.88,3.79,3.8,3.93,3.72,3.64,3.78,3.81,4.19,3.79,3.91,3.76,3.52,3.63,4.16
CTSL2,4.77,4.92,4.79,4.93,4.2,5.23,5.17,4.57,4.92,4.8,4.72,5.03,5.15,4.9,4.57,4.53,4.76,4.59,4.63,4.75,5.03,4.72,4.7,4.64,4.5,4.61,4.7,4.47,5.17,5.68,5.63,4.3,5.28,5.14,4.7,4.38,4.51,4.58,4.95,4.88,4.74,4.65,4.65,4.71,4.69,4.61,4.73,4.58,5.19,4.6
CTSL2,4.92,5.07,5.36,5.08,4.83,5.39,4.73,5.41,5.45,4.89,5.48,4.92,4.94,4.98,4.84,4.98,5.07,4.67,4.95,4.78,4.99,4.95,4.83,4.56,4.94,4.81,4.8,5.09,5.14,4.76,3.74,5.74,5.95,5.84,5.74,4.95,4.95,5.2,4.14,4.7,5.26,4.74,4.73,4.08,5.48,4.83,5.2,5.07,5.36,4.39
CTSL2,6.13,5.83,5.89,6.12,6.08,5.55,5.83,5.71,6.11,5.81,6.03,5.82,5.82,5.55,5.91,5.9,5.8,6.11,5.7,5.7,5.87,5.74,5.71,6.2,5.68,5.99,5.98,5.81,5.99,5.94,7.71,7.05,6.61,6.77,6.61,6.1,6.23,6.31,6.09,6.24,6.04,6.14,5.68,5.33,6.17,5.86,6.21,5.86,5.99,4.89
CTSL3,3.97,4.15,4.16,3.98,4.36,3.98,4.8,3.93,4.09,3.93,3.9,3.99,3.92,4.07,4.01,3.93,4.23,3.98,3.68,3.85,3.8,4.12,4.25,4.31,4.04,3.97,3.82,3.74,3.81,4.37,5.27,4.85,3.94,4.32,3.8,3.98,4.17,3.84,3.99,3.9,4.04,3.81,4.08,3.78,4.25,3.74,4.25,4.03,4.03,4.39
CTSO,7.77,7.53,7.68,7.54,7.83,7.83,7.51,8.13,7.74,7.85,7.66,7.77,7.39,4.62,7.64,7.68,7.82,8.23,8.09,8.17,8.2,8.15,7.98,8.17,8.12,7.86,7.48,7.93,7.64,6,5.63,6.02,7.49,7.28,7.61,8.02,7.4,7.5,6.35,7.88,7.99,8.42,8.13,4.68,8.62,8,8.52,7.78,7.51,6.15
CTSO,6.32,5.8,5.87,5.74,5.68,5.42,5.59,6.04,5.88,5.79,6.08,5.85,6,6.1,5.86,5.92,5.9,6.36,6.08,6.07,5.84,5.93,5.94,6.19,6.04,5.69,5.71,5.69,5.62,5.61,5.99,6.23,5.67,5.99,5.63,5.83,5.74,6.13,6.24,5.59,5.65,5.65,5.58,5.74,5.77,5.55,6.15,5.58,5.88,6.11
CTSS,5.76,6.26,6.01,5.95,5.64,5.94,5.38,6.21,6.32,6.21,6.38,5.96,5.8,7.5,6.31,6.24,6.02,6.37,6.19,6.24,6.13,6.14,6.25,5.96,6.19,6.2,5.75,6.21,6.04,5.75,6.14,5.68,5.47,5.67,5.56,5.98,5.76,5.82,6,5.98,5.96,5.93,6.06,6.21,6.19,6.32,6,5.89,6.07,6.05
CTSS,5.62,5.2,5.67,5.91,5.69,5.21,5.18,5.96,5.95,5.89,5.59,5.69,5.62,4.84,5.84,5.93,6.08,6.02,5.87,5.95,6.06,5.86,5.87,5.89,6.03,6.27,5.78,5.82,5.35,4.39,6.21,6.07,5.43,5.57,5.47,6.09,5.54,6,4.18,6.22,5.78,5.73,5.36,5.33,5.94,6.22,6.3,5.97,5.79,5.23
CTSW,4.42,4.65,4.38,4.47,5.01,4.72,4.21,4.35,4.28,4.43,4.47,4.43,4.24,5.98,4.56,4.46,4.38,4.38,4.19,4.31,4.47,4.54,4.79,4.47,4.77,4.05,3.99,4.61,4.38,4.59,5.37,5.93,4.5,4.3,4.44,4.23,4.23,4.23,4.68,3.98,4.31,4.07,4.35,5.45,4.45,4.59,4.32,4.12,4.35,4.87
CTSZ,8.44,7.91,8.18,8.25,8.31,8.32,8.01,8.02,8.38,8.45,8,8.37,8.08,6.84,8.63,8.75,8.74,8.47,8.46,8.6,8.59,8.65,8.18,8.53,8.61,8.54,8.07,8.61,7.99,8.05,6.52,5.33,8.77,8.87,8.51,8.65,8.82,8.77,6.67,8.15,8.2,8.78,8.72,6.23,7.87,7.78,7.94,8.14,8.02,6.96
CTTN,5.3,4.78,5.57,5.2,4.85,5.15,4.99,5.18,5.36,5.33,5.02,4.88,4.95,5.38,5.15,5.23,5.3,5.4,5.17,5.49,5.45,5.14,4.89,5.73,5.56,5.4,5.22,5.24,4.99,5.48,5.23,5.6,5.54,5.32,5.64,5.55,5.26,5.25,5.22,5.47,5.25,4.95,5.17,5.05,5.62,5.03,4.95,5.36,5.21,5.43
CTTN,11,11.14,11.09,11.1,11.09,11.11,10.76,11.16,11.09,11.12,11.14,11.11,11.05,11.68,11.11,10.88,11.2,11.04,10.98,11.14,11.23,11.17,11.24,11.3,11.27,11.16,11.14,11.12,11.1,11.11,10.26,11.51,10.76,10.68,10.86,11.01,11.02,11.05,10.9,11.18,11.19,11.32,11.38,11.72,11.27,11.08,11.16,11.16,11.12,11.56
CTTN,7.71,7.31,7.73,7.81,7.41,7.22,6.88,8.06,7.86,7.62,7.39,7.63,7.53,7.94,7.49,7.7,7.73,7.68,7.66,7.84,7.88,7.81,7.48,7.98,7.87,7.77,7.75,7.44,7.47,5.75,5.67,6.6,7.43,7.52,7.69,7.59,7.61,7.88,7.76,7.54,7.84,7.73,7.71,7.66,7.87,7.51,7.75,7.77,7.61,8.06
CTTNBP2,3.34,3.38,3.23,3.36,3.53,3.81,4.19,3.51,3.39,3.57,3.36,3.47,3.38,3.61,3.37,3.42,3.35,3.41,3.27,3.31,3.35,3.77,3.38,3.47,3.29,3.13,3.42,3.3,3.34,4.74,5.28,4.7,3.46,3.68,3.74,3.35,3.91,3.44,4.09,3.26,3.44,3.53,3.47,4.74,3.77,4.21,3.3,3.25,3.38,4.01
CTTNBP2NL,6.48,6.72,6.52,6.49,6.57,6.23,6.33,6.31,6.35,6.65,6.61,6.82,6.43,6.71,6.89,7.2,6.77,6.52,6.77,6.7,6.78,7.14,7.14,7.2,7.08,6.99,6.66,6.51,6.4,3.78,5.77,5.84,6.56,6.73,6.85,6.87,6.5,6.6,5.66,6.93,6.78,6.95,6.74,5.58,6.42,6.58,5.97,6.79,6.69,7.45
CTTNBP2NL,6.83,7.05,6.73,6.96,6.41,6.18,5.88,6.55,6.74,6.85,6.93,7.08,7.18,6.3,7.06,6.84,6.95,6.6,6.62,6.57,7.06,7.08,6.89,7.06,6.78,6.88,6.43,6.72,6.37,6.55,7.8,6.02,6.68,7.1,7.04,6.67,6.62,6.53,6.37,6.71,6.54,6.2,6.36,6.4,6.7,6.49,6.52,6.51,6.89,6.6
CTTNBP2NL,7.12,7.27,7.19,7.21,7.02,7.04,6.17,6.87,7.04,7.18,7.35,7.38,7.42,5.21,7.45,7.29,7.57,7.14,7.06,7.36,7.73,7.6,8.09,7.35,7.41,7.75,7.07,7.02,6.94,6.4,6.15,6.54,7.2,7.5,7.69,7.35,7.22,7.14,6.2,7.34,7.28,7.29,7.29,5.71,6.75,6.82,6.63,7.36,7.47,5.13
CTU1,5.19,5.16,5.25,5.59,5.33,5.71,5.26,5.42,5.05,5.09,5.22,5.19,5.21,5.7,5.28,5.17,5.15,5.39,5.38,5.28,5.24,5.22,5.61,5.24,5.27,5.27,5.2,5.61,4.91,5.44,7,5.28,5.01,4.95,5,5.09,5.19,5.47,5.83,5.07,5.57,4.96,5.77,5.21,5.36,5.13,5.29,5.23,5.09,6.4
CTU2,6.96,7.11,7.24,7.14,7.3,7.72,7.44,7.17,6.95,7.06,7.12,7.01,6.96,5.79,7.21,6.96,7.24,7.31,7.36,7.22,6.92,6.57,6.78,6.83,6.97,6.88,7.38,6.95,7.21,7.03,4.88,6.17,7.01,7.31,7.06,7.1,7.18,7.18,7.24,7.2,7.31,6.84,7.06,4.72,7,7.23,6.75,7.3,7.31,6.37
CTU2,9.23,9.23,9.33,9.34,9.41,9.64,9.75,9.75,9.26,9.3,9.37,9.22,9.29,8.88,9.26,9.39,9.22,9.47,9.47,9.49,9.35,9.42,9.34,9.36,9.36,9.22,9.4,9.44,9.55,9.44,8.66,8.42,9.19,9.26,9.23,9.32,9.47,9.35,8.5,9.57,9.46,9.46,9.41,7.74,9.46,9.71,9.57,9.35,9.45,8.03
CTXN1,6.27,6.42,6.56,6.58,6.44,6.72,6.62,6.9,6.31,6.37,6.31,6.21,6.1,6.87,6.29,6.22,6.27,6.62,6.46,6.82,6.22,5.96,6.25,6.21,6.9,6.03,6.6,6.44,6.65,5.87,6.94,8.77,6.08,6.28,5.89,6.42,6.97,6.73,6.13,6.91,6.58,6.99,6.84,8.2,6.79,6.34,6.34,6.77,6.48,7.17
CTXN2,4.67,5.14,4.7,4.57,4.41,4.14,4.41,4.64,4.59,4.41,4.83,5.03,4.75,4.53,4.32,4.53,4.29,4.63,4.46,4.49,4.81,4.81,5.01,4.22,4.63,4.26,4.33,4.63,4.49,5.02,4.77,5.65,4.58,4.47,4.54,4.4,4.74,4.18,4.25,4.55,4.67,4.35,4.36,5.62,4.29,4.39,4.54,4.36,4.47,5.78
CTXN3,3.5,3.64,3.82,3.76,3.64,3.78,4.23,3.71,3.6,3.7,3.57,3.77,3.78,4.98,3.89,3.97,3.89,3.77,3.55,3.45,3.74,3.93,3.71,3.56,3.65,3.68,3.58,3.56,3.87,3.88,4.82,4.33,3.66,3.76,3.52,3.65,3.65,3.48,3.82,3.45,3.62,3.58,3.67,4.62,3.8,3.61,3.73,3.6,3.71,4.58
CTXN3,3.98,3.69,3.69,3.94,4.12,4.33,4.23,3.57,3.77,3.78,4.39,3.96,3.81,5.21,3.98,3.85,4.05,3.92,3.93,3.62,3.91,4.1,4,3.87,3.64,3.9,3.67,4.37,3.92,4.24,5.12,5.25,4.07,4.1,3.73,4.16,3.91,3.76,4.02,3.81,4.05,4.11,4.19,5.62,3.64,4.16,3.76,4.01,3.68,5.07
CTXN3,4.04,3.8,4.06,4.18,3.93,4.48,5.32,4.08,4.07,3.95,4.28,4.2,4.03,4.06,4.04,4.12,4.13,4.15,4.07,4.61,3.88,3.98,4.1,4.11,3.9,3.83,3.75,3.96,3.96,4.35,4.41,3.96,3.97,3.89,3.92,4,3.96,4.01,4.01,3.91,3.97,4.23,4.25,5.76,4.08,4.18,4.47,3.73,3.67,4.64
CUBN,5.48,5.16,5.67,5.48,5.98,6.24,6.17,5.85,5.33,5.27,5.59,5.41,5.33,5.66,5.73,5.49,5.47,5.67,5.84,5.74,5.59,5.54,5.58,5.62,5.76,5.76,5.99,5.58,5.97,5.9,6.75,7.55,5.47,5.26,5.43,5.97,5.47,5.9,5.7,6.38,5.96,6.1,6.7,5.68,5.16,5.69,5.52,5.7,5.62,5.72
CUEDC1,4.33,4.24,4.43,4.34,4.33,4.98,4.39,4.79,4.25,4.53,4.58,4.36,4.17,4.86,4.61,4.82,4.45,4.65,4.49,4.37,4.73,4.56,4.39,4.74,4.47,4.72,4.53,4.21,4.24,5.23,6.21,5.73,4.6,4.6,4.87,4.61,4.87,4.51,4.57,4.42,4.57,4.93,5.01,4.66,4.6,5,4.31,4.35,4.13,4.65
CUEDC2,10.45,10.48,10.54,10.42,10.66,10.63,10.38,10.46,10.5,10.43,10.34,10.44,10.37,9.14,10.53,10.43,10.62,10.68,10.68,10.69,10.48,10.39,10.55,10.59,10.37,10.56,10.57,10.28,10.43,10.71,9.85,8.82,10.43,10.32,10.46,10.69,10.63,10.61,10.26,10.63,10.48,10.52,10.7,9.47,10.46,10.39,10.32,10.43,10.48,8.85
CUGBP1,8.47,7.67,8.18,8.18,7.36,7.8,6.95,7.94,8.2,8.37,7.66,7.95,7.9,5.74,8.03,7.93,8.14,7.9,7.93,7.99,8.18,8.13,7.67,8.16,8.03,8.01,8.04,8.19,8.02,4.57,4.95,6.12,8.15,8.06,8.02,8.06,7.5,7.99,7.54,8.13,7.78,7.87,7.42,4.86,7.78,7.24,7.61,8.11,7.88,5.67
CUGBP1,7.74,7.52,7.65,7.57,7.48,7.07,6.14,7.69,7.77,7.83,7.32,7.64,7.37,6.97,7.83,7.68,7.84,7.44,7.62,7.87,7.47,7.56,7.04,7.71,7.67,7.39,7.59,7.89,7.31,5.18,4.83,7.97,7.94,8.09,8.18,7.82,7.4,7.67,7.4,7.85,7.57,7.19,6.99,6.11,7.36,6.78,7.43,7.71,7.51,7.06
CUGBP1,11.36,11.24,11.21,11.28,11.24,11.53,11.37,11.22,11.35,11.23,11.53,11.03,11.08,10.83,11.06,11.06,11.26,11.04,11.2,11.18,11.3,11.2,11.62,11.27,11.06,11.06,11.34,11.24,11.58,11.81,10.11,9.99,11.11,10.94,10.88,11.21,11.19,10.98,11.15,11.19,11.23,11.58,11.51,10.06,11.2,11.29,11.15,11.14,11.46,9.95
CUGBP2,9.68,9.83,9.37,9.36,9.25,9.45,9.45,9.23,9.72,9.77,9.98,9.45,9.34,9.8,9.38,9.4,9.26,9.65,9.73,9.9,9.63,9.74,9.95,9.46,9.53,9.33,9.44,9.53,9.57,8.94,7.94,8.65,8.99,8.94,9.18,9.42,9.2,9.02,8.37,9.39,9.27,9.47,9.21,8.73,9.48,9.7,9.91,9.35,9.64,8.55
CUGBP2,9.08,9.06,8.76,8.7,9.05,9.16,9,8.93,8.86,9.06,9.06,8.52,8.76,8.26,8.77,8.81,8.73,9.19,9.18,9.22,9,9.19,9.2,8.83,8.85,8.8,8.92,8.72,9.11,8.86,9.29,8.01,8.61,8.44,8.57,8.74,8.59,8.48,8.84,8.8,8.73,8.82,8.76,7.66,9.09,9.21,9.24,8.75,8.89,8.7
CUGBP2,6.39,6.49,5.92,6.15,6.06,6.23,6.8,6.87,6.39,6.52,6.78,6.31,6.21,7.17,5.92,5.68,5.99,6.49,6.71,6.31,6.11,6.18,6.62,6.33,5.87,5.69,6.13,6.46,6.32,6.89,6.62,7.27,5.74,5.76,5.83,6.32,5.97,5.75,5.9,6.44,6.26,6.17,6.13,5.88,5.91,6.04,6.24,6.23,6.35,6.13
CUGBP2,8.04,7.56,7.35,7.37,6.58,6.93,6.93,7.49,7.77,7.88,7.1,7.61,7.87,7.69,7.4,7.37,7.47,7.59,7.87,7.95,7.59,7.98,7.25,7.41,7.31,7.45,7.47,7.88,7.48,6.74,5.53,7.08,7.57,7.36,7.44,7.36,6.86,7.17,6.47,7.17,6.97,7.06,7.25,6.49,7.4,7.25,7.36,7.35,7.35,6.16
CUGBP2,5.14,4.39,4.54,4.37,4.3,4.13,4.6,4.43,4.93,4.98,4.19,4.56,4.63,4.58,4.52,4.91,4.65,4.95,4.9,5,4.78,4.81,4.44,4.72,4.73,4.95,4.61,4.69,4.65,4.9,5.15,5.35,4.74,4.47,4.73,4.47,4.16,4.48,4.64,4.31,4.21,4.18,4.46,4.89,4.38,4.23,4.31,4.42,4.19,4.57
CUGBP2,6.01,4.84,5.69,5.49,4.46,5.03,4.76,5.62,5.69,5.62,4.8,5.38,5.49,5.67,5.68,5.26,5.54,6.13,6.13,6.4,5.58,5.57,5.07,5.75,5.75,6.08,5.34,5.62,5,4.57,5.79,3.78,5.6,5.52,5.64,5.27,5.68,5.39,6.47,5.4,5.27,4.97,5.32,4.46,5.7,4.63,5.97,5.68,5.3,4.78
CUGBP2,7.49,6.98,6.99,7.22,6.48,6.99,6.66,7.62,7.45,7.34,6.81,7.29,7.12,7.68,7.2,7.03,7.05,7.48,7.48,7.86,7.24,7.36,6.72,7.16,7.29,7.41,7.06,7.61,6.71,7.05,6.98,7.65,6.94,7.08,7.18,6.98,6.69,6.9,6.21,7.05,7.04,7,6.44,6.74,7.09,7.02,7.27,7.18,6.94,7.8
CUGBP2,8.94,9.2,8.58,8.81,8.66,8.75,7.59,8.85,9.25,9.01,9.38,9.12,9.15,8.42,8.82,8.38,8.68,9.18,9.23,9.48,8.9,9.01,9.42,8.66,8.82,8.78,8.83,8.87,8.91,7.23,6.07,8.63,8.26,8.36,8.48,8.78,8.52,8.56,7.97,8.62,8.83,8.56,8.41,8.6,8.88,9,8.78,8.92,9.07,8.05
CUGBP2,3.99,4.04,4.1,3.83,4.45,3.78,4.5,4.16,4.04,4.17,4.29,4.06,4.12,4.39,3.86,4.06,3.9,4.04,3.97,4.29,4.29,4.35,3.79,3.95,3.88,3.78,4.1,4.24,3.9,5.1,4.29,5.31,3.94,3.89,4.14,3.84,3.99,3.93,3.77,3.94,4.48,4.01,4.09,4.29,4.05,4.69,4.05,4.1,3.75,5.57
CUGBP2,4.06,4.03,3.97,4.06,4.31,4.4,5.54,3.99,4.42,4.35,4.44,4.15,4.26,6.37,4.04,4.15,4.07,3.96,4.26,3.87,4.51,4.35,4.6,3.83,4.43,4.53,4.22,4.12,4.07,6.2,6.33,4.29,3.9,4.26,4.05,4.27,3.88,4.28,4.12,4.52,4.45,3.89,4,4.97,4.25,4.5,4.29,3.84,4.22,5.03
CUL1,12.06,12.15,12.15,12.06,12.13,12.11,12.01,12.04,11.96,12.09,12.12,11.97,11.87,11.73,11.89,11.86,11.97,12.1,12.08,12.21,11.9,11.84,11.88,11.89,11.83,11.79,12.13,11.97,12.09,12.03,11.82,11.98,11.79,11.83,11.87,11.99,12,11.93,11.94,12.08,12.01,12.14,12.18,11.76,11.96,11.96,11.95,12,12.03,11.52
CUL1,9.21,9.04,9.09,9.06,8.62,8.87,9.51,8.94,9.26,9.29,8.94,9,9.37,6.92,8.83,8.88,8.85,9.05,9.02,9.26,9.14,8.81,8.6,8.74,8.72,8.83,9.18,8.94,9.01,8.8,7.02,7.3,8.76,8.91,8.54,8.79,8.69,8.95,8.7,8.93,9.05,9.07,9.15,6.94,9.07,8.76,8.99,9.04,9.33,7.03
CUL2,9.95,9.9,9.98,10.03,10.06,10.14,9.88,9.98,9.99,10.01,10.05,9.99,9.82,9.25,9.84,9.73,9.84,10.11,10.04,10.04,9.96,9.96,9.94,9.89,9.88,9.78,9.97,9.98,9.84,9.99,9.85,9.33,9.82,9.86,9.92,9.63,9.77,9.8,9.82,9.96,10.07,9.98,9.85,9.29,10.08,9.83,9.99,9.95,9.99,9.08
CUL2,9.49,9.56,9.36,9.44,9.08,9.07,9.07,8.99,9.61,9.42,9.19,9.41,9.7,8.55,9.22,9.16,9.29,9.37,9.47,9.39,9.36,9.38,9.43,9.13,9.01,9.15,9.4,9.38,9.18,9.01,7.12,8.4,9.07,9.27,9.14,9.1,9.09,9.14,9.03,9.25,9.31,9.23,9.13,8.61,9.56,9.37,9.12,9.49,9.55,7.52
CUL3,8.13,8.21,8.24,8.04,8,7.85,7.76,7.92,8.12,8.1,7.99,7.67,8.5,7.9,7.8,7.92,7.93,7.6,8.06,8.04,8.2,7.63,8.12,7.71,7.41,8.09,8.16,7.7,8.32,7.96,7.41,7.98,7.71,7.65,7.53,7.56,8.03,7.77,8.06,8.11,8.11,7.76,7.92,7.65,8.06,8.15,7.77,8.1,8.63,6.67
CUL3,10.79,10.93,10.79,10.75,10.59,10.69,10.63,10.62,10.84,10.77,10.83,10.77,10.96,9.52,10.66,10.51,10.62,10.67,10.73,10.77,10.74,10.62,10.76,10.49,10.55,10.69,10.7,10.66,10.84,10.58,7.65,9.47,10.45,10.39,10.33,10.5,10.59,10.58,10.61,10.78,10.76,10.5,10.42,9.64,10.67,10.68,10.61,10.79,10.89,9.7
CUL3,7.56,7.85,7.45,7.89,7.75,7.51,5.89,7.59,7.85,7.66,8,7.71,7.66,6.52,7.81,7.62,7.67,7.76,7.85,7.83,7.4,7.44,7.69,7.55,7.63,7.51,7.56,7.8,7.71,5.25,4.93,5.65,6.92,7.29,7.41,7.78,6.93,7.53,6.43,7.81,7.8,7.68,7.39,7.15,7.65,7.3,7.89,7.69,7.79,6.49
CUL3,4.22,4.3,4.05,4.26,4.43,3.81,4.83,4.2,4.06,4.21,4.5,4.05,4.13,5.25,3.89,4.09,4.21,4.27,4.09,4.05,3.96,4.42,4.42,4.07,4.38,4.1,3.92,4.14,4.08,4.41,4.15,4.64,4.15,4.47,4.03,4.36,4.19,4.08,4.13,4.28,4.08,4.41,4.32,3.92,4.11,4.13,4.27,4.02,4.13,4.65
CUL4A,9.93,9.78,9.78,9.93,9.65,9.48,9.22,9.88,9.8,9.95,9.75,9.9,9.87,9.06,9.52,9.62,9.62,9.64,9.62,9.8,9.92,9.86,9.68,9.68,9.65,9.61,9.84,10.03,9.86,9.04,7.93,8.39,9.47,9.47,9.41,9.54,9.67,9.64,9.53,9.73,9.79,9.7,9.55,8.94,9.95,9.88,10.01,9.97,9.93,8.14
CUL4A,9.44,8.99,9.14,9.24,8.83,8.96,9.05,9.22,9.37,9.3,8.6,9.23,9.37,6.29,8.8,9.04,8.91,8.93,8.98,9.19,9.18,9.18,8.6,8.94,8.92,9.12,9.06,9.28,8.89,7.7,5.17,5.3,8.91,8.93,8.79,8.79,8.66,8.85,9.18,8.98,8.85,8.79,8.72,7.6,9.3,9.28,9.34,9.11,9.15,7.46
CUL4A,9.19,9.66,9.12,9.2,8.81,8.93,8.71,8.93,9.52,9.23,9.56,9.26,9.54,8.84,9.05,8.83,9.09,8.9,9.1,9.31,9.14,9,9.43,8.86,8.98,8.9,9.14,9.24,9.34,8.49,7.54,8.39,8.45,8.47,8.52,8.87,8.59,8.76,8.55,9.07,8.93,9.15,9.08,7.51,9.12,9.01,9.19,9.2,9.44,8.58
CUL4B,5.89,5.24,5.98,5.93,5.06,4.75,3.84,5.4,5.73,5.62,5.03,5.62,5.46,4,5.32,4.71,5.32,5.08,5.53,5.87,5.5,5.13,5.14,5.49,5.25,5.62,5.58,5.66,4.96,3.92,4.64,5.01,5.33,5.12,5.45,5.37,4.89,5.38,4.51,5.44,5.31,5.21,4.99,4.61,5.67,4.78,5,5.8,5.83,4.83
CUL4B,10.42,10.5,10.38,10.43,10.27,10.31,10.07,10.4,10.42,10.41,10.47,10.51,10.52,9.56,9.97,9.98,10.02,10.25,10.3,10.3,10.35,10.53,10.48,10.22,10.15,10.17,10.27,10.47,10.31,10,8.24,9.24,9.62,9.71,9.79,9.97,9.99,10.03,9.93,10.39,10.37,10.45,10.28,9.5,10.36,10.34,10.36,10.38,10.43,9.32
CUL4B,8.75,8.43,8.23,8.54,7.67,7.73,6.71,8.25,8.54,8.49,8.18,8.7,8.51,6.84,8.23,7.89,8.15,8.26,8.45,8.48,8.29,8.26,8.2,8.31,8.19,8.16,8.35,8.46,7.8,6.36,5.54,7.05,7.64,7.78,7.62,8.14,7.45,7.97,6.9,8.31,8.1,7.52,7.27,5.66,8.26,7.46,8.29,8.51,8.31,6.44
CUL5,10.04,10.34,10.07,10.1,10.08,10.07,9.78,10.1,10.18,10.13,10.33,10.2,10.12,9.8,10.23,10.18,10.15,10.07,10.14,10.21,10.02,10.05,10.37,10.08,10.16,10.12,10.04,10.17,10.27,10.1,8.5,9.1,9.83,9.79,9.86,10.11,9.93,10.02,9.3,10.13,9.96,10.05,10.08,9.89,10,10.02,10.16,10.1,10.17,9.46
CUL5,7.02,7.32,7.1,7.06,6.94,7.12,6.49,7.02,7.14,7.17,6.92,7.14,7.19,6.33,7.1,7.06,7.33,6.76,6.89,7.11,7.28,7.1,6.88,7.16,6.82,6.92,6.93,6.99,6.65,6.07,3.87,6.76,6.74,6.88,6.51,7.16,6.95,7,6.42,6.95,7.11,6.95,6.58,6.11,6.94,6.39,7.2,7.05,6.82,5.5
CUL5,8.33,8.66,8.24,8.15,8.09,8.52,8.45,8.34,8.3,8.36,8.7,8.17,8.37,8.58,8.32,8.41,8.36,8.15,8.05,8.37,8.39,8.37,8.56,8.27,8.31,8.2,8.38,8.25,8.73,7.91,8.11,8.1,7.91,7.91,7.79,8.21,7.91,7.9,8.18,8.17,8.12,8.5,8.4,7.34,8.13,8.31,8.36,8.08,8.21,7.78
CUL7,8.08,8.18,8.2,8.2,8.65,8.73,8.83,8.51,7.94,8.01,8.26,8.08,8.09,7.06,8.2,8.39,8.12,8.3,8.26,8.17,8.3,8.56,8.63,8.62,8.5,8.48,8.19,7.97,8.4,9.35,7.54,6.87,7.98,8.02,8.12,8.32,8.51,8.4,8.56,8.52,8.46,8.89,8.57,7.13,8.44,8.67,8.48,8.38,8.38,6.68
CUL7,7.08,6.88,7.15,6.95,7.09,7.5,7.08,7.18,6.97,7.09,6.93,6.79,6.9,6.39,6.7,7.05,6.8,6.96,7.25,6.96,7.29,7.05,7.64,7.07,7.01,7.28,7.09,6.72,7.34,8.36,6.54,5.74,6.99,6.98,6.79,6.83,7.22,6.94,6.91,7.05,7.06,7.35,7.62,6.64,7.11,7.17,7.11,6.97,7.29,6.97
CUL7,6.66,6.52,6.96,6.61,6.71,6.74,6.58,6.81,6.57,6.57,6.43,6.41,6.6,5.14,6.45,6.87,6.65,6.61,6.84,6.43,7.05,6.96,6.75,6.79,6.98,7.02,6.72,6.36,6.67,6.99,6.75,7,6.83,6.34,6.15,6.71,7.05,6.87,6.42,6.99,6.84,7.07,7.31,6.64,6.54,7.35,7.07,6.68,6.94,5.7
CUL9,7.5,7.37,7.59,7.38,7.96,8.15,7.73,7.91,7.08,7.15,7.8,7.3,7.36,6.36,7.77,7.88,7.74,7.37,7.45,7.28,7.85,7.66,8.14,8.04,7.85,8.01,7.54,7.38,7.87,7.96,5.88,7.72,7.59,7.56,7.57,7.8,8.13,7.97,6.9,7.79,7.84,7.82,8.1,7.71,7.32,7.74,7.44,7.51,8.05,6.94
CUTA,12.17,12.03,12.21,12.21,12.38,12.26,11.9,12.12,12.18,12.13,12.21,12.11,12.11,11.14,12.13,12.11,12.26,12.29,12.42,12.24,12.33,12.2,12.36,12.29,12.35,12.23,12.27,12.19,12.16,12.14,11.08,11.4,12.12,12.18,12.14,12.23,12.25,12.24,12.15,12.31,12.19,12.28,12.19,11.51,12.24,12.25,12.16,12.18,12.22,10.95
CUTC,8.33,8.43,8.46,8.46,8.42,8.4,7.64,8.39,8.47,8.47,8.39,8.25,8.23,7.88,8.12,8.32,8.31,8.4,8.36,8.43,8.2,7.95,8.21,8.01,8.2,8.03,8.44,8.4,8.34,7.42,5.62,6.35,8.21,8.38,8.41,8.51,8.21,8.36,8.18,8.39,8.36,8.35,8.26,7.25,8.29,7.95,8.34,8.36,8.47,6.9
CUTC,8.14,7.72,8.16,8.04,8.26,8.05,8.02,8.17,7.93,8.2,7.58,8.01,7.92,5.01,8.02,7.99,8,8.15,8.25,8.15,7.72,7.68,7.34,7.63,7.81,7.72,8.09,8.18,7.76,7.87,5.93,5.51,8.03,8.27,8.19,7.89,7.76,8.12,7.82,7.96,7.85,7.54,7.48,4.3,7.81,7.5,7.91,7.88,8,6.08
CUX1,7.44,7.16,7.73,7.6,7.58,7.63,8.08,7.84,7.36,7.45,7.52,7.47,7.58,7.27,7.52,7.34,7.54,7.76,7.74,7.75,7.68,7.49,7.4,7.59,7.55,7.62,7.86,7.49,7.52,6.86,6.59,7.62,7.49,7.43,7.39,7.54,7.63,7.5,7.28,7.64,7.71,7.77,7.99,7.55,6.83,7.19,7.41,7.68,7.72,7.88
CUX1,7.02,7.38,6.83,7.19,6.85,7.22,7.44,6.94,7.07,7.23,7.64,6.92,6.71,7,7.46,6.93,7.32,6.63,6.7,6.89,7.02,7.02,7.4,7.03,7.28,7.15,7.07,6.9,7.08,7.52,7.49,6.36,7.05,7.13,7.05,7.16,6.96,7.14,6.56,6.59,6.85,7.63,7.48,6.59,7.14,6.89,7.38,7.01,7.29,6.56
CUX1,7.11,6.92,7.21,6.95,7.48,6.91,6.57,7.38,7.08,7.18,6.74,7.03,7.21,7.45,6.91,7.14,7.01,7,7.52,7.39,7.15,7.21,6.84,7.15,7.05,7.23,7.18,7.14,6.84,6.28,6.58,5.51,6.99,7.09,6.89,7.1,6.7,7.15,7.23,7.41,7.12,7.17,7.46,6.7,6.47,6.73,7.26,6.99,6.93,6.59
CUX1,4.73,3.98,4.22,4.48,4.26,4.11,4.02,4.44,4.09,4.14,4.14,4.36,4.15,4.39,4.11,4.24,4.39,4.62,4.33,4.53,4.33,4.1,4.07,4.05,4.2,4.39,4.16,3.98,4.05,4.46,4.71,5.24,4.39,3.99,4.49,4.13,4.56,4.31,4.45,3.83,4.19,4.59,4.51,4.03,4.37,3.86,4.02,4.72,4.15,4.55
CUX2,5.14,5.07,5.14,5.08,5.56,4.89,4.93,4.39,5.23,4.84,4.95,4.8,4.83,4.81,4.52,4.63,5.01,4.64,5.27,5.48,4.53,4.61,4.76,4.76,5.1,4.67,5.15,5.18,5.05,6.39,6.24,4.28,4.76,5,4.73,4.89,4.93,4.62,6.53,4.35,5.3,5.16,5.89,5.39,5.05,5.45,5.45,5.47,5.19,4.57
CUZD1,6.68,6.4,6.6,6.65,6.99,6.31,5.24,7.13,6.29,6.47,6.71,6.16,6.08,6.19,6.32,6.35,6.12,5.69,6.27,6.05,6.32,6.22,6.33,6.64,6.3,6.38,6.31,6.64,6.86,7.4,5.99,5.59,6.45,7.05,6.67,6.58,6.73,6.72,5.37,6.75,6.57,6.77,6.47,6.24,6.39,6.82,7.12,6.23,6.78,5.32
CUZD1 /// FAM24B,3.62,3.7,3.72,3.68,3.82,4.12,4.35,4.1,3.45,3.86,3.67,3.81,3.53,4.58,3.53,4.03,3.69,3.78,3.97,4,3.46,3.75,3.54,3.75,3.65,3.45,3.91,3.87,3.51,3.6,4.91,3.42,3.93,3.6,4.16,3.89,3.82,3.77,3.69,4.07,3.88,3.53,3.99,4.85,3.81,3.7,3.75,3.54,3.89,3.88
CWC15,6.59,6.99,6.81,6.73,6.54,6.94,6.52,6.27,6.72,6.83,6.97,6.92,7.12,7.05,6.81,6.69,6.83,6.84,6.82,6.7,6.58,6.95,7.08,6.53,6.95,6.64,6.58,6.6,6.7,6.17,5.88,5.9,6.29,6.61,6.47,6.91,6.62,6.39,7.59,6.52,6.72,7.12,6.61,7.09,6.99,6.25,6.7,6.71,6.77,6.34
CWC15,11.27,11.27,11.24,11.21,11.26,11.25,11.34,11.1,11.35,11.2,11.3,11.17,11.27,10.12,11.09,11.13,11.15,11.31,11.22,11.26,11.33,11.21,11.23,11.04,11.08,11.29,11.24,11.13,11.45,11.42,9.67,9.95,11.04,10.95,10.99,11.07,11.28,11.1,11.47,11.25,11.32,11.06,11.25,9.81,11.45,11.42,11.26,11.32,11.33,9.71
CWC22,7.04,7.13,6.87,6.77,6.86,6.83,5.52,6.85,7.25,7.02,7.1,6.81,7.01,6.72,6.4,6.6,6.67,6.8,6.95,6.97,6.93,6.72,6.83,6.56,6.44,6.68,6.93,6.57,6.99,7.24,6.1,5.01,6.31,6.66,5.98,6.39,6.5,6.38,6.02,7.28,6.94,6.71,6.88,7.19,6.97,7.12,6.49,6.96,7.75,6.03
CWC22,8.9,9.14,8.83,8.79,9.09,8.87,9.12,8.74,8.75,8.76,9.16,8.72,8.98,8.65,8.65,8.65,8.58,8.92,8.87,8.99,8.86,8.59,8.91,8.65,8.56,8.59,8.78,8.6,8.89,9.35,8.66,8.57,8.73,8.7,8.65,8.64,8.81,8.29,9.21,8.92,8.83,8.62,8.78,9.21,8.95,9.02,8.88,8.86,8.94,8.67
CWF19L1,7.64,7.28,7.34,7.49,7.21,7.1,7,7.09,7.71,7.48,7.23,7.32,7.36,6.05,7.67,7.66,7.81,7.59,7.55,7.71,6.85,7.07,7.06,7.37,7.4,7.19,7.34,7.54,7.15,5.91,4.21,5.54,7.48,7.68,7.72,7.63,7.08,7.58,6.52,7.41,7.36,7.26,7.07,5.7,7.12,6.82,7.12,7.37,7.88,5.9
CWF19L1,7.5,7.11,7.57,7.35,7.08,7.13,6.69,7.09,7.3,7.34,7.06,7.35,7.23,7.28,7.54,7.35,7.45,7.46,7.66,7.69,6.93,6.97,6.84,7.33,7.27,6.97,7.45,7.45,7.05,6.67,5.95,6.38,7.52,7.65,7.55,7.49,7.36,7.31,6.62,7.09,7.22,7.27,6.99,4.64,7.28,6.97,6.78,7.4,7.45,7.09
CWF19L1,6.25,6.4,6.44,6.52,6.57,6.32,6.52,6.68,6.39,6.42,6.23,6.26,6.28,6.72,6.46,6.44,6.41,6.55,6.6,6.39,6.09,6.17,6.34,6.38,6.03,6.29,6.33,6.55,6.4,6.6,7.08,6.52,6.57,6.48,6.53,6.48,6.36,6.4,6,6.25,6.38,6.11,6.64,7,6.3,6.38,6.39,6.51,6.43,6.5
CWF19L2,8.97,9.19,9.08,8.75,9.26,9.42,9.85,9.25,8.86,8.87,9.31,8.79,9.01,8.94,9.14,9.37,9.31,8.98,9,9.14,9.27,9.07,9.11,8.93,8.97,9.16,9.22,8.81,9.69,9.24,8.33,8.36,9.3,9.1,9.02,8.89,9.36,8.98,9.4,9.22,9.22,9.43,9.64,8.76,9.53,9.27,9.4,9.04,9.13,7.78
CWF19L2,7.56,7.67,7.89,7.8,7.88,7.51,7.07,7.69,7.68,7.81,8.03,7.63,7.53,7.73,7.91,7.5,7.77,7.94,7.83,8.01,7.51,7.66,7.8,7.74,7.82,7.66,7.8,7.66,7.66,5.46,4.68,6.69,7.83,7.86,7.86,7.79,7.8,8.05,7.62,7.92,7.92,7.69,7.54,5.73,7.73,7.91,7.63,7.78,7.87,7.39
CWF19L2,6.53,6.4,6.53,6.71,6.56,6.66,6.38,7.05,6.66,6.75,6.53,6.55,6.55,5.89,6.66,6.98,6.62,6.88,6.66,6.91,6.67,6.61,6.49,6.91,6.46,6.79,6.74,6.52,6.51,6.09,5.79,6.41,6.73,6.99,7.03,6.72,6.82,6.84,6.72,6.85,6.72,6.43,6.24,6.69,6.69,6.84,6.49,6.62,6.93,7.27
CWH43,4.02,3.8,4.19,4.01,3.86,4.04,4.84,3.87,4.06,4.08,4.18,4.09,4.28,4.18,4.15,4,4.26,3.97,4.07,3.83,3.99,3.96,3.88,4.07,4.26,3.86,4.07,4.2,4.14,5.7,5.6,5.29,4.17,4.17,4.11,3.86,4.14,3.78,4.1,3.64,4.06,3.98,3.73,4.69,4.01,4.75,3.66,4.06,4.18,3.97
CX3CL1,6.43,6.2,6.59,6.66,6.93,6.75,5.98,6.57,6.18,6.35,6.52,6.5,6.28,6.47,6.69,6.84,6.77,6.71,6.31,6.36,6.91,6.53,6.56,6.75,6.61,6.54,6.43,6.5,6.73,6.42,8.43,7.63,6.89,6.95,7.05,6.93,6.93,6.97,5.79,6.31,6.74,6.52,6.79,6.79,6.9,7.24,6.83,6.29,6.41,6.4
CX3CL1,9.96,10.05,9.84,9.9,10.42,10.23,10.02,9.9,9.83,9.83,10.25,9.89,9.77,9.83,10.5,10.4,10.69,9.94,9.85,9.73,10.7,10.71,10.92,10.48,10.41,10.42,10.06,9.94,10.25,9.6,8.59,9.52,10.64,10.81,10.75,10.58,10.73,10.59,10.05,9.99,10.14,10.39,10.25,10.24,10.39,10.58,10.37,9.96,10.12,9.93
CX3CR1,4.8,5.26,5.01,5.01,5.2,4.97,5.09,4.6,4.85,5.32,6.16,5.27,4.96,5.28,5.1,4.97,5.14,5.07,5.03,4.77,4.78,4.95,4.9,4.82,5.21,4.84,4.76,5.04,4.78,5.37,7.63,5.03,5.02,4.69,4.95,4.98,4.62,4.94,6.47,5,5.36,5.15,4.98,5.49,4.8,5.17,5.2,5.12,5.18,6.09
CX3CR1,3.9,4.27,3.94,4.33,4.21,3.99,4.06,4.24,4.06,4.1,4.12,4.13,4.18,4.73,4.44,4.01,4.16,3.88,4.18,3.94,4.31,4.22,4.03,4.31,4.05,4.1,4.22,4.09,4.29,4.52,6.24,5.3,3.87,4.27,4.32,4.24,4.58,4.03,4.28,4.05,4.02,4.48,4.21,4.38,4.04,4.38,3.98,4.46,4.42,4.94
CXADR,4.98,5.27,4.79,4.9,4.78,5,5.71,5.28,4.99,4.76,5.3,4.99,4.97,5.18,5.19,5.13,5.01,5.04,5.02,4.88,5.14,5.28,5.19,5.06,4.99,4.69,4.88,5.22,5.16,3.98,5.42,5.54,5.42,5.13,5.11,5.08,4.84,5,5.11,5.1,5.08,5.34,4.92,5.17,4.81,5.66,5.43,5.1,4.89,5.27
CXADR,4.19,4.17,4.18,4.14,3.82,4.48,4.23,4.19,4.22,4.42,4.01,3.98,4.27,4.73,3.94,3.97,4.2,4.1,3.8,4.25,4.33,4.29,4.25,4.03,4.15,3.89,4,4.2,4.33,4.06,4.92,4.71,4.18,4.26,4.12,3.86,3.89,3.77,3.84,4.38,4.18,4.48,4.17,5.12,4.61,3.99,4.06,4.23,4.06,4.86
CXADR,3.66,3.85,3.46,3.79,3.69,3.55,4.59,3.77,3.75,3.63,3.6,3.83,3.68,3.86,3.76,3.97,3.59,3.78,3.52,3.42,3.59,3.7,3.61,3.61,3.47,3.73,3.46,3.59,3.58,4.31,4.79,4.49,3.54,3.6,3.63,3.46,3.38,3.58,4.05,3.21,3.68,3.71,3.62,4.31,3.55,3.46,3.7,3.52,3.61,3.84
CXADR,6.69,7.08,6.72,6.54,7.15,6.8,7.03,6.81,6.91,6.75,7.6,6.9,6.55,8.02,7.21,7.28,7.02,6.93,6.85,6.68,6.61,6.72,7.14,6.84,7.01,6.78,6.92,6.78,7.07,5.84,7.62,7.08,6.76,7,6.85,6.68,6.96,6.85,5.73,7.12,7.02,7.5,6.79,7.81,6.92,7.24,7.33,7.03,7.05,7.82
CXADR /// CXADRP2 /// CXADRP3 /// LOC100287357,3.72,3.74,3.48,3.81,3.56,3.71,3.81,2.99,3.54,3.52,3.53,3.72,3.75,3.65,3.44,3.52,3.79,3.59,3.58,3.49,3.67,3.47,3.59,3.45,3.58,3.81,3.39,3.57,3.49,6.14,5.47,4.28,3.7,3.61,3.32,3.48,3.27,3.4,3.79,3.23,3.58,3.78,3.46,3.98,3.72,3.43,3.67,3.42,3.6,3.62
CXCL1,4,4.18,4.06,3.97,4.23,3.98,4.14,3.98,4.1,3.94,4.38,4.06,4.24,3.88,3.85,4.14,3.99,3.89,4.03,4.05,4.1,4.01,4.05,3.83,4.02,3.85,4.01,4.08,4.17,4.55,4.55,5.1,3.92,3.94,4.06,4.41,4.25,4.16,4.22,4,3.9,4.13,4.13,4.21,4.11,4.06,4.07,4.2,4.04,4.37
CXCL1,5.24,5.02,5.13,5.44,5.52,5.3,6.06,5.21,5.21,5.23,5,5.35,5.17,5.91,5,5.33,5.02,5.21,5.25,5.16,5.08,5.22,5.07,5.01,5.29,4.97,5.19,5.11,5.35,5.66,5.69,6.04,5.2,5.33,5.27,4.94,5.19,5.19,6,5.14,5.08,5.29,5.38,6.02,4.97,5.56,5.3,5.43,5.22,5.96
CXCL1 /// CXCL2,4.68,4.81,4.75,4.95,4.51,5.05,4.95,4.97,4.73,4.76,4.74,4.96,4.76,5.76,4.8,5.03,4.74,4.77,4.92,4.78,4.58,4.65,4.97,4.68,4.55,4.87,4.8,4.9,4.79,5.77,6.39,6.52,4.53,4.82,4.5,4.86,5.11,4.75,4.9,4.95,4.69,4.72,4.71,5.65,4.77,4.71,4.87,4.86,4.76,5.66
CXCL10,5.87,6.22,5.73,5.61,5.98,5.85,5.43,5.77,5.85,5.82,6.03,5.58,5.8,5.68,5.57,5.51,5.49,5.9,6.1,5.82,5.66,5.6,5.68,5.42,5.41,5.37,5.97,6.08,6.05,5.86,5.73,5.81,5.36,5.41,5.64,5.45,5.48,5.71,5.29,5.5,5.26,5.62,5.75,5.95,5.6,5.58,5.89,5.56,5.49,5.64
CXCL11,3.53,3.4,3.71,3.79,3.76,3.38,3.56,3.29,3.75,3.58,3.52,3.43,3.45,4.85,3.4,3.73,3.38,3.38,3.65,3.4,3.81,3.82,3.68,3.46,3.36,3.44,3.55,3.69,3.46,4.09,5.62,5.73,3.52,3.55,3.66,3.6,3.43,3.67,3.58,3.54,3.47,3.84,3.59,4.67,3.62,3.56,3.58,3.39,3.31,4.16
CXCL11,4.46,4.43,4.31,4.41,4.6,4.33,4.56,4.25,4.21,4.25,4.51,4.42,4.51,5.12,4.15,4.36,4.3,4.46,4.25,4.39,4.06,4.18,4.4,4.31,4.11,3.99,4.2,4.32,4.15,4.62,5.79,4.78,4.31,4.66,4.29,4.25,4.48,4.17,4.42,3.99,4.46,4.22,4.55,5.05,4.27,4.13,4.04,4.43,4.39,4.72
CXCL11,4.06,4.44,3.75,4.03,4.03,3.87,4.74,3.83,4.17,4.18,4.33,4.22,4.42,4.61,4.43,3.98,3.78,3.84,4.01,3.91,4.09,4.34,4.32,4,3.97,3.72,3.87,4.18,4.4,4.5,6.2,4.72,4.14,4.13,4.39,3.71,4.48,3.76,4.85,4.04,3.9,3.92,3.97,4.83,3.99,3.91,3.69,3.84,4.28,6.02
CXCL12,4.52,4.36,4.51,4.63,4.77,4.53,4.91,4.89,4.68,4.5,4.49,4.24,4.38,4.55,4.5,4.79,4.6,4.74,4.53,4.34,4.63,4.51,4.34,4.53,4.47,4.82,4.71,4.48,4.55,3.95,4.51,4.68,4.31,4.59,4.65,4.93,4.54,4.56,4.24,4.47,4.73,4.56,4.76,4.58,4.71,4.78,4.66,4.32,4.39,4.09
CXCL12,3.66,3.38,3.4,3.53,3.72,3.46,4.45,3.29,3.72,3.45,3.52,3.68,3.4,3.68,3.35,3.48,3.57,3.49,3.33,3.37,3.68,3.41,3.52,3.33,3.3,3.41,3.62,3.63,3.52,5.1,4.65,3.96,3.8,3.56,3.61,3.49,3.54,3.4,4.88,3.57,3.42,3.53,3.56,3.44,3.49,3.3,3.3,3.57,3.49,3.81
CXCL12,3.62,3.68,3.5,3.7,3.63,3.87,3.79,3.75,3.63,3.65,3.66,3.81,3.64,4.01,3.5,3.45,3.58,3.91,3.61,3.46,3.83,3.59,3.52,3.51,3.73,3.81,3.51,3.87,3.68,3.64,5.57,4.47,3.95,3.63,3.66,3.69,3.68,3.61,4.09,3.65,3.66,3.79,3.72,3.67,3.52,3.82,4.13,3.7,3.89,4.13
CXCL12,4.03,3.64,3.99,3.92,3.86,4.25,4.38,3.84,3.78,3.97,3.83,3.91,4.1,4.28,3.63,3.75,3.68,3.88,3.49,3.64,4.05,4.06,3.68,3.95,3.95,4.03,3.77,3.6,3.68,4.99,5.35,4.87,4.01,3.75,3.95,3.86,4.43,3.87,4.78,3.61,3.72,3.6,3.59,5.13,3.91,3.96,4.15,3.81,3.85,5.1
CXCL12,3.82,4.26,3.7,3.78,3.7,3.6,3.64,3.67,3.96,4.11,3.95,3.96,3.93,3.93,4.13,3.72,3.61,3.83,3.77,3.7,4.04,4.16,3.83,3.71,3.72,3.73,3.65,3.89,3.65,3.7,4.57,4.8,4.01,4.06,4.05,3.63,3.98,3.27,4.04,3.83,3.64,3.65,3.84,3.73,3.63,3.53,3.87,3.48,3.78,3.85
CXCL13,12.4,12.38,12.23,12.28,11.93,12.12,12.22,12.16,12.41,12.25,12.34,12.68,12.81,12.21,12.64,12.71,12.57,11.67,11.68,11.65,12.7,12.74,12.69,12.56,12.64,12.8,12.17,12,12.2,11.8,10.93,11.2,12.52,12.52,12.52,12.51,12.52,12.46,12.08,12.25,12.35,12.04,12.03,11.45,12.84,12.91,12.8,12.43,12.47,11.21
CXCL13,12.65,12.51,12.46,12.49,11.91,11.9,12.04,12.58,12.61,12.63,12.22,13.02,12.96,12.18,13.04,12.96,12.91,11.93,11.97,12.02,12.94,12.98,12.67,12.94,12.95,13.05,12.32,12.41,12.12,11.31,10.46,10.57,12.88,12.91,12.87,12.81,12.59,12.95,12.18,12.55,12.37,12.07,11.89,11.57,13.01,12.91,13.02,12.62,12.41,11.74
CXCL14,4.21,4.19,4.49,4.36,4.41,4.28,5.45,4.43,4.22,4.27,4.4,4.35,4.22,4.61,4.31,4.31,4.06,4.2,4.17,4.45,4.61,4.24,4.63,4.05,4.19,4.28,4.29,4.25,4.32,4.57,5.16,5.56,4.19,4.33,4.23,4.29,4.41,4.07,4.81,4.14,4.15,4.34,4.52,5.31,4.48,4.4,4.24,4.22,4.19,4.36
CXCL14,3.64,3.73,3.56,3.68,3.97,3.57,3.95,3.46,3.45,3.58,3.54,3.64,3.6,5.22,3.59,3.77,3.43,3.44,3.98,3.52,3.76,3.71,3.62,3.83,3.94,3.65,3.69,3.62,3.66,3.86,5.38,4.71,3.62,3.61,3.65,3.75,3.42,3.56,4.44,3.64,3.81,3.72,4.09,3.54,3.69,3.76,3.29,3.39,3.71,3.7
CXCL14,4.19,4.12,3.84,3.88,3.96,3.81,4.16,3.68,3.78,3.99,4.3,3.88,3.86,4.71,3.95,4.22,3.9,3.9,3.67,3.96,3.97,3.85,3.89,3.66,3.84,3.85,3.64,3.66,4.15,3.92,5.77,4.54,3.91,4.03,3.86,3.72,3.86,3.71,4.07,3.52,3.6,3.74,3.68,4.26,3.67,3.67,3.52,3.68,3.93,4.82
CXCL14,3.5,3.29,3.48,3.37,3.5,4.06,4.42,3.61,3.36,3.31,3.38,3.36,3.3,3.92,3.33,3.79,3.39,3.23,3.42,3.25,3.34,3.36,3.51,3.59,3.41,3.7,3.63,3.34,3.33,3.49,4.13,5.11,3.27,3.33,3.29,3.25,3.34,3.32,3.48,3.29,3.48,3.31,3.36,4.58,3.29,3.42,3.28,3.34,3.24,4.76
CXCL16,4.29,4.07,4.19,4.2,4.55,4.61,4.55,4.52,4.07,4.28,4.46,4.12,3.86,4.83,4.31,4.41,4.45,4.25,4.07,4.26,4.17,4.24,4.1,4.28,4.42,4.48,4.08,4.21,4.25,4.92,3.75,5.37,4.27,4.4,4.67,4.47,4.6,4.63,3.77,4.22,4.06,4.22,4.47,5.47,4.18,4.72,4.26,4.26,4.18,5.21
CXCL16,5,5,5.26,5.34,5.19,5.31,5.18,5.12,5.27,5.44,5.32,5.31,5.09,5.32,5.38,6.33,5.55,5.47,5.59,5.32,5.41,5.63,5.31,5.98,5.39,5.37,5.33,5.42,5.39,5.38,7.6,6.11,5.35,5.27,5.45,5.64,5.54,5.41,4.8,5.74,5.13,5.5,5.18,6.07,5.47,5.46,5.29,5.47,5.28,5.83
CXCL17,5.57,5.51,5.52,5.58,5.38,5.77,6.2,5.28,5.41,5.53,5.99,5.52,5.44,6.54,5.52,5.48,5.29,5.24,5.45,5.5,5.76,5.54,5.36,5.45,5.46,5.9,5.57,5.43,5.75,6.04,6.35,6.35,5.55,5.03,5.67,5.41,5.51,5.49,5.22,5.41,5.36,5.7,5.18,5.7,5.42,5.72,5.53,5.41,5.55,5.97
CXCL2,4.24,4.12,4.23,4.08,3.79,4.28,4.62,4.3,4.14,4.17,4.23,4.2,4.04,6.49,4.3,4.5,4.15,3.78,3.79,4.07,3.87,4.29,4.38,4.16,4.25,4.04,4.09,4.18,4.2,4.24,6.63,7.43,4.09,4.25,4.01,4.1,4.43,4.13,3.88,4.43,4.38,4.44,4.35,6.94,4.14,4.41,3.98,4.07,4.07,6.98
CXCL2,3.54,3.76,3.69,3.7,3.85,3.71,3.96,3.87,3.71,3.52,3.81,3.73,3.78,5.72,3.63,3.94,3.7,3.5,3.65,3.51,3.81,3.77,3.7,3.7,4.04,3.67,3.94,3.62,3.8,4.14,4.7,3.98,3.65,3.59,3.75,4,3.7,3.62,3.69,3.82,3.68,3.58,3.6,4.01,4,3.83,3.84,3.62,3.82,5.11
CXCL3,3.93,4.08,3.51,3.73,4.23,3.65,4,3.79,3.9,3.62,3.84,3.98,3.79,3.65,3.6,3.55,3.39,3.78,3.81,3.8,3.8,3.8,3.69,3.63,3.77,3.85,3.91,3.66,3.73,5.09,5.3,4.22,3.69,3.59,3.62,3.53,3.92,3.52,4.33,3.8,3.56,3.78,3.8,4.26,3.61,3.64,3.7,3.65,3.8,4.16
CXCL3,3.8,3.83,3.86,3.87,4.29,4.49,4.03,3.68,3.83,3.8,4.05,4.08,3.46,4.49,3.81,3.81,3.77,3.76,3.79,3.85,3.62,3.65,3.84,4.2,3.83,3.68,3.82,3.71,3.65,4.9,6.21,5.14,3.88,3.7,3.95,3.6,3.57,4,4.66,3.79,3.62,3.85,3.57,4,3.77,3.88,3.79,4,3.82,4.71
CXCL5,3.2,3.27,3.41,3.53,3.53,3.7,3.95,3.4,3.4,3.43,3.59,3.55,3.43,3.66,3.46,3.35,3.57,3.4,3.42,3.46,3.53,3.47,3.58,3.43,3.52,3.6,3.4,3.43,3.36,3.94,4.09,4.19,3.28,3.36,3.34,3.56,3.52,3.56,4.3,3.61,3.64,3.28,3.43,3.52,3.47,3.52,3.39,3.57,3.42,3.61
CXCL5,3.68,3.98,3.73,4.05,4.09,3.73,4.74,3.67,3.71,3.75,3.67,3.93,4.03,3.55,3.82,3.54,3.82,3.73,3.67,3.81,3.84,3.81,3.74,4.03,3.77,3.7,3.78,3.65,3.76,5.77,5.85,5.53,3.55,3.66,3.71,3.53,4.57,3.64,4.18,3.81,3.87,3.62,3.7,4.5,3.49,3.63,3.96,3.6,3.74,3.73
CXCL5,3.63,3.59,3.67,3.64,4,3.76,4.5,4.43,3.67,3.6,3.72,3.72,3.51,3.83,3.53,3.61,3.7,3.65,3.6,3.81,3.43,3.6,3.46,3.54,3.76,3.7,3.66,3.55,3.61,4.79,6.34,4.6,3.56,3.5,3.65,3.65,3.42,3.49,4.87,3.78,3.6,3.77,3.45,3.94,3.64,3.87,3.58,3.96,3.78,4.07
CXCL5 /// GLYR1,9.53,9.43,9.45,9.43,9.46,9.55,9.43,9.69,9.41,9.42,9.77,9.6,9.77,9.58,9.41,9.42,9.28,9.29,9.25,9.45,9.64,9.49,9.75,9.32,9.49,9.41,9.48,9.42,9.78,9.72,7.55,9.06,9.12,9.25,9.4,9.45,9.28,9.33,9.15,9.54,9.59,9.69,9.6,9.11,9.25,9.43,9.38,9.68,9.97,9.28
CXCL6,3.92,3.68,3.69,3.65,3.87,4.06,3.86,4.01,3.71,3.7,3.76,3.66,3.56,4.99,3.92,3.65,3.65,3.61,3.91,3.82,3.68,3.67,3.76,3.73,3.87,3.57,3.66,3.87,3.56,5.72,5.81,4.58,3.79,3.64,3.56,3.63,3.7,3.63,4.13,4.01,3.78,3.68,3.73,4.68,3.79,3.72,3.91,3.52,3.65,4.52
CXCL9,3.75,3.95,3.84,3.87,3.61,3.61,3.82,4,3.87,3.85,4.15,3.99,4.05,5.4,4.1,3.93,3.79,3.76,4.11,3.73,3.98,3.92,4.01,3.8,3.82,3.52,3.6,3.83,4.08,4.96,4.55,4.95,3.86,3.83,3.75,3.77,4.26,3.72,3.77,3.49,3.96,3.73,4.1,5.12,3.77,4.32,3.99,3.76,3.9,4.45
CXCR3,4.42,4.28,4.45,4.72,4.16,5.03,4.9,5.42,4.45,4.52,4.74,4.45,4.25,5.35,4.52,4.57,4.63,4.74,4.64,4.57,4.57,4.78,4.39,4.6,4.5,4.59,4.42,4.74,4.79,4.81,5.61,4.29,4.82,4.46,4.83,4.78,4.84,4.69,4.85,4.38,4.34,4.91,4.45,5.28,4.97,4.57,4.91,4.87,4.08,5.52
CXCR4,9.9,9.72,9.89,10,9.55,9.68,9.76,9.89,9.95,10.01,9.78,9.91,9.86,8.89,10.04,9.87,9.85,9.61,9.68,9.63,9.82,9.99,9.64,9.78,9.77,9.72,9.73,9.88,9.43,8.31,5.37,9.09,10.01,10.13,10.1,10.07,9.86,10.2,9.2,9.84,9.62,9.5,9.54,8.75,9.42,9.55,9.46,9.97,9.72,9.31
CXCR4,9.12,9.3,9.22,9.25,9,9,8.71,8.84,9.41,9.19,9.38,9.14,9.33,7.72,9.31,8.82,9.11,8.87,8.95,8.78,9.21,9.18,9.44,8.91,8.98,9.07,9.02,9.05,9.24,8.26,6.25,7.32,9.16,9.24,9.1,9.45,9.26,9.31,8.53,8.93,8.97,8.95,8.81,8,8.72,8.84,8.67,9.26,9.43,6.44
CXCR4,10.17,10.1,10.19,10.23,9.7,9.89,10.05,10.24,10.18,10.29,9.94,10.15,10.05,8.88,10.28,10.13,10.05,9.84,9.82,9.98,10.16,10.17,9.93,10,10.06,10.03,10.04,10.07,9.78,9.36,8.25,9.78,10.29,10.52,10.36,10.34,10.14,10.53,9.71,9.94,9.97,9.78,9.93,9.78,9.76,9.69,9.69,10.17,9.96,9.24
CXCR4,8.82,8.4,8.83,8.7,8.48,8.44,9.05,8.79,8.72,8.8,8.35,8.7,8.58,7.45,8.88,8.68,8.69,8.33,8.43,8.35,8.76,8.8,8.34,8.53,8.64,8.62,8.49,8.58,8.32,7.9,6.48,7.62,8.96,9.06,9.02,8.91,8.81,9.11,8.24,8.51,8.47,8.41,8.34,7.02,8.46,8.26,8.32,8.77,8.55,7.28
CXCR5,4.01,3.89,4.05,4.14,3.93,4.73,3.99,4.09,3.97,4.1,4.08,3.79,4.05,5.21,4.14,3.99,3.87,4.46,4.14,3.97,4.19,4.09,4.29,4.26,4.15,4.39,4,4.23,4.07,5.21,6.32,5.52,4.4,4.15,4.14,4.15,4.08,4.4,5.12,4.44,4.06,4.32,4.15,5.09,4.58,4.62,3.87,3.88,4,6.03
CXCR5,4.95,4.9,4.74,4.84,4.97,5.34,4.99,5.32,4.85,4.87,5.02,5.04,4.94,5.89,4.72,4.84,5.01,4.87,5.12,4.66,4.8,5.32,4.8,4.93,4.83,4.88,4.9,4.84,4.86,5.47,5.74,5.37,5.44,4.77,5.19,4.43,5.18,5.22,5.08,4.93,4.8,5.18,5.3,6.61,5.34,4.93,5.03,5.01,4.91,5.97
CXCR6,4.04,4.11,4.33,4.04,4.8,3.69,4.83,3.63,3.97,4.02,4.16,4.15,4.02,4.7,4.12,4.26,4.04,4.15,3.92,4.24,4.14,4.43,4.22,3.76,4.12,3.84,4.02,4.17,4.63,5.02,5.6,4.54,4.41,4.26,4.07,3.84,4.01,3.81,4.63,4.26,4.13,4.02,4.01,5.13,3.92,4.33,3.96,4.01,4.1,4.17
CXCR7,6.9,6.29,6.6,6.74,7.17,7.22,6.58,6.9,6.57,6.77,6.6,6.26,6.43,5.71,6.69,6.89,6.88,6.68,6.8,6.48,7.01,6.77,6.83,7.01,6.62,6.96,6.7,7.02,7.18,7.43,5.71,7.01,6.75,6.74,6.59,7.2,6.99,7.33,6.34,6.55,6.92,7.6,7.56,6.81,8.05,8.24,8.03,7.15,7.29,6.35
CXCR7,8.95,9.24,8.65,8.66,9.24,9.19,8.42,8.4,9.11,8.91,9.31,8.6,8.84,8.14,9.06,8.91,9.47,8.74,8.72,8.6,9.36,9.17,9.68,8.88,8.91,9,9,9.07,9.53,9.21,7.42,8.54,8.93,8.75,8.71,9.18,9.32,9.04,7.93,8.94,9.05,9.55,9.81,9.45,10.2,10.01,9.88,9.09,9.27,7.9
CXCR7,7.73,7.89,7.83,7.87,8.13,7.9,8.15,7.83,7.84,7.81,8.05,7.52,7.56,7.24,7.84,8.01,8.39,7.79,7.79,7.82,8.2,8.07,7.98,8.07,7.83,7.99,7.91,8.3,8.33,7.84,7.92,8.22,8.03,8.02,7.87,8.13,8.44,8.39,7.48,7.88,7.89,8.7,8.69,8.37,9.02,9.27,9.13,8,8.13,7.19
CXCR7,7.26,7.15,6.93,7.27,7.3,7.44,6.73,7.12,7.13,7.05,7.05,6.97,7.11,6.96,7.28,7.47,7.69,7.04,7.33,7.05,7.53,7.28,7.56,7.21,6.99,7.23,7.26,7.27,7.42,6.85,6.64,8.11,7.45,7.27,7.13,7.58,7.51,7.59,6.55,7.01,7.18,8.1,7.86,7.38,8.42,8.34,8.22,7.36,7.36,7.22
CXorf1,4.08,3.95,4.27,4.22,4.34,4.2,4.31,4.01,4.08,4.13,4.15,4.03,3.92,4.71,3.95,4.2,3.97,3.93,4.03,4.09,4.19,4.17,4.16,4.23,4.33,3.8,3.93,4.17,3.91,4.04,4.05,4.08,3.99,3.87,3.98,3.92,4.06,4.21,4.14,3.87,3.86,3.91,3.9,4.8,4.05,4.35,4.33,3.75,4.07,4.64
CXorf15,5.73,4.95,5.7,5.75,5.49,5.68,5.87,6.2,5.23,5.45,5.25,5.04,5.36,5.09,5.66,5.11,5.34,5.25,5.54,5.47,5.54,5.31,5.32,5.7,5.06,5.36,5.69,5.74,5.66,6.72,6.98,5.48,6.19,6.1,5.86,5.51,5.72,5.51,5.69,5.74,6.01,5.31,5.19,6.46,6.14,4.89,5.74,5.59,5.79,5.05
CXorf15,7.83,7.77,7.79,7.83,7.64,7.91,6.53,7.66,7.77,7.89,7.94,7.75,7.93,5.56,7.52,7.39,7.72,7.75,7.74,7.66,7.63,7.79,7.73,7.62,7.63,7.43,7.78,7.72,7.76,7.76,6.51,7.31,7.34,7.6,7.52,7.74,7.62,7.68,7.18,7.79,7.95,7.83,7.38,5.76,7.68,7.71,7.86,7.88,8.13,5.26
CXorf15,8.32,8.2,8.27,8.25,7.87,7.95,6.49,8.07,8.21,8.3,8.31,8.29,8,6.76,8.29,8.08,8.29,8.02,8.02,8.18,7.93,8.08,7.97,8.23,7.93,8.1,8.24,8.47,8.02,7.88,6.03,6.2,8.54,8.48,8.66,8.11,8.04,8.06,6.67,7.82,8.23,8.03,7.5,5.33,8.43,7.81,8.35,8.3,8.24,7.38
CXorf21,5.79,5.8,5.84,5.91,5.08,5.71,5.14,6.22,6.08,6.21,6,5.78,5.47,4.98,5.96,5.78,5.75,6.53,6.44,6.52,5.74,5.54,5.58,5.9,5.85,5.76,5.92,6.46,5.92,5.66,5.42,5.3,5.73,5.26,5.45,5.87,5.47,5.74,4.62,5.49,5.71,5.86,5.85,4.86,5.21,5.05,5.28,5.58,5.39,3.9
CXorf22,4.7,5.17,4.37,4.49,3.93,4.03,4.2,4.15,4.27,4.5,4.65,4.79,4.85,6.1,4.4,4.59,4.37,4.22,4.27,3.99,4.63,4.63,4.46,4.1,4.21,3.95,3.87,4.79,4.6,4.12,5.09,4.55,4.28,4.41,4.25,4.16,4.13,4.17,5.21,4.07,4.26,4.3,4.37,4.71,3.83,4.61,4.23,4.24,4.18,5.26
CXorf23,4.31,4.62,4.01,4.34,4.05,4.02,3.99,3.91,4.49,4.1,4.51,4.52,4.41,4.3,4.23,4.17,4.26,4.25,4.23,3.89,4.49,4.31,5.12,4.18,4.21,4.86,3.89,4.12,3.89,3.85,3.52,4.27,4.38,4.54,4.37,4.33,4.45,4.04,3.84,3.82,3.74,4.3,3.97,4.14,3.81,3.52,4.08,4.11,4.7,4.29
CXorf26,9.57,9.33,9.35,9.38,9.39,9.09,9.22,9.24,9.55,9.53,9.16,9.52,9.56,7.66,9.49,9.43,9.47,9.66,9.54,9.43,9.56,9.59,9.47,9.57,9.39,9.45,9.46,9.38,9.59,9.11,8.62,7.7,9.5,9.52,9.46,9.2,9.4,9.53,9.46,9.48,9.38,9.06,8.95,6.84,9.6,9.71,9.68,9.42,9.57,6.87
CXorf26,9.9,9.86,9.93,9.86,10.07,10.08,9.76,9.64,9.93,9.79,9.95,9.88,9.89,9.37,9.96,9.88,10.01,10.06,10.06,9.96,10.15,9.85,9.99,10.01,9.9,9.97,9.99,9.81,10.06,9.74,7.45,8.6,10.17,9.98,10.03,9.94,9.99,9.91,10.12,9.79,10,9.77,9.79,9.11,10.25,10.19,10.14,9.99,10.11,8.63
CXorf27,3.95,3.99,3.59,3.78,4.37,4.74,4.27,3.46,3.81,3.71,3.9,3.85,3.87,4.25,4.03,3.73,3.74,3.94,3.82,3.9,3.85,3.85,4,3.86,3.83,3.86,3.91,3.84,3.87,5.36,6.01,4.53,4.32,4.01,3.85,3.84,3.79,3.54,3.88,3.69,4.03,4.27,4.07,5.78,3.5,3.67,3.53,3.85,3.55,4.36
CXorf30,3.72,4.1,3.82,3.96,3.8,4.01,4.6,3.84,3.9,3.81,3.99,3.94,4.28,6.4,4.07,3.72,3.94,3.84,3.87,4.15,3.91,3.89,3.81,3.92,4.04,3.74,3.91,4,3.94,4.12,6.15,5.25,4,3.9,3.81,3.83,3.91,4,3.85,3.72,3.68,3.84,3.65,4.82,3.67,4.28,3.8,3.79,4.1,5.13
CXorf36,4.93,4.77,4.98,4.94,4.67,5.15,4.57,4.9,4.7,4.79,4.89,4.96,4.78,5.95,4.87,4.73,4.62,4.83,4.88,4.8,5.25,4.83,4.64,4.63,4.77,4.63,5.06,4.81,5.3,4.73,4.33,5.59,5.04,4.77,4.7,4.74,4.73,5.03,5.04,4.81,4.51,4.91,4.98,5.39,4.91,4.72,5.09,4.92,4.89,5.46
CXorf36,4.46,4.49,4.15,4.39,4.56,4.62,4.86,4.27,4.29,4.51,4.39,4.4,4.28,4.96,4.27,4.49,4.46,4.54,4.26,4.1,4.44,4.34,4.17,4.25,4.13,4.25,4.36,4.42,4.39,5.61,5.69,5.07,4.09,3.94,4.52,4.35,4.43,4.23,4.89,4.05,4.45,4.14,4.23,5,4.39,4.44,4.39,4.16,4.02,5.75
CXorf36,4.29,3.97,4.38,4.1,4.01,3.86,3.9,3.9,3.87,4.23,4.16,4.12,3.97,4.34,4.19,3.92,3.94,4.47,4.25,4.33,4.25,4.08,4.41,3.96,4.16,4.23,4.2,3.96,4.13,4.4,3.86,5.01,3.87,4.26,4.18,4.38,4.03,4.29,3.9,4.63,3.93,3.97,4.03,4.79,4.05,3.81,4.32,3.85,3.88,4.95
CXorf36,4.15,4.35,4.13,4.29,4.85,4.3,4.39,4.24,4,3.94,4.24,4.13,4.28,5.25,3.95,4.38,3.87,4.1,4.16,4.03,4.12,4.3,4.27,4.24,4.04,4.29,3.93,4.16,4.58,4.51,4.91,4.92,4.23,4.1,4.08,4.15,4.65,4.21,4.7,4.45,4.5,4.55,4.6,4.26,4.07,4.54,4.12,4.41,4.36,4.28
CXorf38,7.8,7.77,7.82,7.64,7.9,7.91,7.44,7.56,7.93,7.91,7.89,7.82,7.85,5.98,7.63,7.65,7.73,7.53,7.82,7.81,7.92,7.68,7.96,7.95,8.03,7.81,7.9,7.72,7.54,6.13,6.35,6.15,7.73,8,7.79,7.8,7.87,7.65,7.7,7.93,7.98,7.56,7.67,5.88,8.08,7.9,7.93,7.76,7.58,6.47
CXorf38,6.94,6.56,6.5,6.52,6.38,6.55,7.33,7.07,6.67,6.65,6.49,6.59,6.33,4.95,6.5,6.19,6.52,6.5,6.22,6.43,6.36,6.44,6.55,6.45,6.37,6.72,6.6,6.83,6.56,4.95,3.69,5.59,6.63,6.75,6.44,6.61,6.49,6.6,6.37,6.88,6.74,6.5,6.52,5.56,6.8,6.85,6.85,6.44,6.71,4.93
CXorf39,5.22,4.72,4.83,4.95,4.4,4.48,4.37,4.44,4.83,4.77,4.64,4.91,4.64,4.9,5.28,4.96,5.1,4.52,4.31,5.1,4.87,4.73,4.74,5.11,5.03,5.31,4.6,4.64,4.53,4.86,4.3,4.92,5.07,5.52,5.16,4.92,4.91,5.05,5.17,4.38,4.88,4.3,4.26,5.03,4.65,4.49,4.43,4.86,4.69,4.98
CXorf39,7.22,7.51,7.27,7.19,7.31,7.38,6.71,7.53,7.6,7.37,7.86,7.51,7.29,7.69,7.63,7.36,7.39,7.15,7.16,7.26,7.48,7.46,8.02,7.56,7.5,7.37,7.22,7.33,7.53,7.12,6.98,6.99,7.52,7.67,7.71,7.65,7.5,7.41,7.8,7.56,7.54,7.25,7.22,7.58,7.26,7.22,7.1,7.21,7.69,7.65
CXorf40A,8.91,8.89,8.81,8.93,8.81,8.96,8.85,8.77,8.99,8.85,9.13,8.85,9.06,8.47,8.99,8.9,9.08,8.96,8.89,8.81,9.22,9.16,9.23,8.97,8.88,9.03,8.86,8.87,9.08,8.64,7.91,7.94,9.07,9.12,9.09,9.02,9.05,9.02,9,8.96,8.86,8.81,8.86,8.67,8.95,8.92,8.79,8.98,8.99,8.51
CXorf40A,8.07,8.16,8.29,8.3,8.45,8.37,7.53,8.52,8.01,8.12,8.38,8.31,8.13,8.51,8.11,8.03,8.06,7.94,8.04,7.98,8.15,8.57,8.53,8.53,8.47,8.16,8.24,8.29,7.96,6.46,7.44,8.09,8.3,8.25,8.42,8.42,8.43,8.34,7.29,8.38,8.32,8.02,7.72,8.63,8.52,8.31,8.37,8.27,8.04,9.66
CXorf40A,7.58,6.97,7.41,7.69,7.43,7.53,7.52,7.36,7.58,7.53,7.35,7.49,7.49,6.16,7.49,7.03,7.42,7.27,7.28,7.02,7.43,7.82,7.56,7.77,7.67,7.57,7.41,7.79,7.29,6.79,8.2,7.1,7.49,7.74,7.64,7.84,7.73,7.59,7.83,7.85,7.48,7.2,7.29,6.43,7.15,7.42,7.53,7.37,7.29,5.93
CXorf40A /// CXorf40B,9.16,9.36,9.18,9.3,9.38,9.41,9,9.01,9.42,9.22,9.53,9.31,9.43,9.51,9.34,9.17,9.36,9.19,9.14,9.22,9.44,9.41,9.79,9.37,9.34,9.46,9.32,9.18,9.47,8.84,8.2,8.46,9.32,9.4,9.43,9.44,9.35,9.35,9.17,9.25,9.31,9.29,9.34,9.01,9.33,9.28,9.21,9.38,9.53,8.22
CXorf40A /// CXorf40B,11.32,11.35,11.42,11.44,11.41,11.49,11.11,11.31,11.4,11.29,11.46,11.42,11.32,9.3,11.53,11.41,11.48,11.34,11.42,11.3,11.48,11.47,11.74,11.7,11.57,11.49,11.36,11.4,11.41,10.28,6.84,7.66,11.54,11.57,11.61,11.6,11.46,11.65,11.29,11.49,11.58,11.44,11.31,9.08,11.3,11.38,11.32,11.51,11.43,9.74
CXorf41,3.84,4.02,4.14,3.82,4.11,4.13,4.44,3.96,4.03,3.91,3.89,3.93,3.91,4.76,3.79,3.77,4.01,3.76,4.09,3.87,3.82,3.86,4,4.06,3.74,3.47,3.8,3.94,4.03,5.06,5.93,4.42,4.04,3.71,4.21,3.88,4.13,3.76,3.95,3.84,3.86,3.99,3.92,4.43,4,3.87,3.97,4.16,3.79,4.34
CXorf41,3.85,4.22,4.06,3.95,4.04,4.08,3.93,4.18,3.93,3.93,4.07,4.13,4.11,4.4,3.8,3.99,3.68,3.79,4.17,4.02,3.67,3.84,4.27,3.8,4.06,3.85,3.91,3.95,3.98,4.93,5.7,5.46,3.83,3.91,4.06,3.74,4.24,3.9,4.67,3.75,3.98,3.88,4.09,5,3.95,4.42,4,3.78,3.87,5.8
CXorf48,3.31,3.2,3.28,3.37,3.34,3.25,3.69,3.49,3.35,3.28,3.27,3.29,3.19,3.62,3.16,3.23,3.22,3.3,3.28,3.11,3.54,3.3,3.15,3.29,3.15,3.32,3.25,3.41,3.3,3.59,5.79,4.2,3.25,3.17,3.49,3.22,3.24,3.22,4.32,3.37,3.31,3.5,3.4,3.47,3.13,3.7,3.31,3.38,3.21,3.63
CXorf48,4.18,4.45,4.08,4.21,4.76,4.41,3.81,4.26,4.57,3.97,4.14,4.21,4.36,4.12,4.23,4.01,3.98,3.99,4.64,4.4,4.31,4.2,4.29,4.2,4.04,4.15,4.3,4.29,4.09,4.2,4.43,5.12,4.32,4.37,4.24,4.37,3.89,4.32,4.27,4.16,4.44,4.43,4.12,5.01,4.46,4.25,4.59,4.03,4.16,4.63
CXorf49 /// CXorf49B,6.05,5.91,6.28,6.53,6.42,6.85,6.09,6.65,6.1,6.21,6.16,6.35,6.08,7.29,6.28,6.37,6.41,6.45,6.47,6.12,6.1,6.46,6.16,6.04,6.21,6.08,6.32,6.41,6.54,6.69,7.4,7.53,6.03,6.23,6.11,6.3,6.26,6.11,6.39,6.45,6.43,6.57,6.56,7.65,6.43,6.73,6.48,6.46,6.35,6.33
CXorf49 /// CXorf49B /// LOC100129291,4.66,4.37,4.66,4.64,4.53,4.46,4.71,4.3,4.35,4.63,4.39,4.21,4.36,4.76,4.39,4.64,4.54,4.56,4.33,4.18,4.51,4.68,4.34,4.47,4.34,4.38,4.47,4.31,4.58,5.28,5.34,6.02,4.63,5.03,4.45,4.48,4.75,4.27,4.13,4.37,4.17,4.32,4.34,6.56,4.62,4.03,4.77,4.71,4.54,4.61
CXorf51,3.87,3.84,3.77,4,3.81,3.67,4.17,4,3.76,3.9,3.81,3.82,3.88,4.29,3.56,3.59,3.81,3.78,3.81,3.72,4.19,3.72,3.69,3.8,3.82,3.78,3.99,3.86,4.11,4.46,6.03,3.81,3.88,3.85,3.93,3.86,3.7,3.97,4.28,3.66,3.68,3.83,3.76,4.01,3.83,4,3.98,4.07,3.7,4.23
CXorf56,4.97,4.21,4.85,4.66,4.5,5.34,3.76,4.72,4.83,4.68,4.33,4.98,4.78,4.05,4.77,5.01,5.08,5.49,4.81,5.34,4.62,4.55,4.42,5.4,4.74,5.25,4.95,4.94,3.98,4.81,4.96,5.02,4.85,4.59,4.83,5.25,4.56,4.92,4.9,4.86,4.44,4.48,3.91,4.86,4.81,4.62,4.36,5.39,4.43,5.16
CXorf57,7.48,7.45,7.67,7.52,7.48,6.71,6.76,7.26,7.64,7.84,7.27,7.6,7.4,6.55,7.3,7.33,7.3,7.16,7.36,7.58,7.16,7.07,6.79,7.01,6.83,6.94,7.55,7.78,6.9,7.31,6.29,6.33,7.68,7.94,7.57,7.09,6.9,7.34,6.22,7.33,7.53,6.71,6.9,6.95,7.25,7.33,7.3,7.35,7.1,6.32
CXorf57,7.4,7.63,7.37,7.48,7.17,7.09,6.05,7.03,7.52,7.68,7.54,7.42,7.28,6.63,7.25,7.07,7.2,7.37,7.54,7.83,6.86,7.16,7.32,6.99,7.11,7.07,7.26,7.65,7.36,5.88,5.89,5.72,7.22,7.53,7.38,7.48,6.79,7.47,6.62,7.38,7.25,7.1,6.87,7.17,6.96,7,7.36,7.5,7.31,6.79
CXorf57,8.68,8.82,8.72,8.76,8.63,8.55,8.45,8.55,8.68,8.72,8.92,8.59,8.46,9.24,8.53,8.36,8.57,8.8,8.69,8.85,8.23,8.29,8.63,8.16,8.19,8.17,8.68,8.71,8.8,8.13,8.12,9.37,8.67,8.79,8.64,8.6,8.26,8.37,8.19,8.75,8.57,8.3,8.28,9.24,8.84,8.44,8.7,8.53,8.61,9.35
CXorf58,3.48,3.61,3.44,3.46,3.59,3.35,3.49,3.36,3.38,3.38,3.34,3.5,3.52,4.08,3.63,3.48,3.43,3.66,3.7,3.5,3.49,3.37,3.51,3.51,3.52,3.64,3.27,3.52,3.64,4.26,5.05,4.13,3.44,3.59,3.41,3.44,3.28,3.38,4.49,4.13,3.35,3.5,3.39,3.93,3.42,3.26,3.45,3.7,3.31,4.55
CXorf59,4.16,4.25,4.36,4.34,3.84,3.79,4.35,4.08,4.17,4.17,4.22,4.32,4.24,4.57,4.2,3.82,4.24,4.11,4.29,4.16,4.2,4.33,4.24,3.95,4.4,4.02,3.9,4.33,4.05,5.3,6.01,4.41,4.17,4.02,3.99,4.06,3.92,4.08,4.1,3.9,3.88,3.91,3.9,4.35,4.18,4.34,3.97,3.98,3.99,5.98
CXorf61,4.12,4.36,3.96,4.08,4.16,4.56,4.32,3.99,3.94,3.97,4.12,4.07,4.17,4.56,3.78,4.49,3.82,3.99,4.03,4.08,4.33,4.14,4.16,3.85,3.76,3.82,4.13,4.08,4.21,4.09,4.83,4.26,3.98,3.9,4.08,4,3.72,3.94,4.16,4.12,4.01,4.07,4.05,4.17,3.99,3.93,3.68,3.86,3.95,5.19
CXorf64,5.34,5.5,5.26,5.47,5.55,5.36,5.28,5.16,5.66,5.28,5.26,5.53,5.53,6.36,5.68,6.08,5.25,5.62,5.51,5.42,5.48,5.73,5.24,5.25,5.67,5.65,5.48,5.58,5.57,5.24,6.45,6.79,5.49,5.64,5.4,5.57,5.42,5.53,5.31,5.16,5.31,5.32,5.3,8.47,5.71,5.18,5.23,5.67,5.29,7.74
CXorf65,7.69,7.67,7.87,7.58,7.75,7.89,7.66,7.76,7.67,7.85,7.98,7.47,7.36,7.41,7.66,7.72,7.68,7.49,7.64,7.71,8.11,7.96,8.02,7.9,7.58,7.66,7.72,7.78,7.66,8.11,7.94,7.18,7.75,7.74,7.71,7.68,7.3,7.87,7.73,7.95,7.85,7.57,7.93,6.53,7.54,7.31,7.29,7.9,7.79,7.36
CXorf66,3.91,4.15,3.74,3.93,4.09,4.05,5.92,4.03,3.9,3.96,4.06,3.91,4.1,5.41,3.83,3.95,3.78,4.03,4.1,3.86,3.89,4.08,3.92,4.05,4.03,3.99,3.89,3.96,4.4,5.39,4.13,4.04,3.84,4.04,4.16,3.8,4.28,3.75,4.06,3.74,4,3.93,4.13,4.32,4.03,4.06,3.84,4.1,4.11,4.98
CXorf67,4.03,3.9,4.17,4.03,4.4,4.12,3.91,4.27,4.35,4.06,4.6,4.3,4,4.1,3.96,4.17,4.35,4.46,3.99,3.98,4.22,4.41,4.06,3.94,4.06,3.89,3.88,4.52,4.69,4.38,4.13,5.89,4.14,4,4.13,4.06,4.16,4.01,3.95,4.2,4.21,4.24,3.86,5.17,3.67,4,3.92,4.24,4.44,5.34
CXXC1,6.91,6.8,6.94,7.08,6.4,6.23,6.77,6.94,6.94,7.26,6.7,6.71,6.57,6.84,6.7,6.45,6.71,7.08,7.23,7.05,6.61,6.53,6.55,6.74,6.74,6.44,6.88,6.96,6.48,6.11,6.04,6.8,6.66,6.87,6.6,6.86,6.71,6.83,6.28,7.02,7.07,6.99,6.87,7.31,6.8,6.48,6.71,6.93,7,6.08
CXXC1,8.47,8.44,8.79,8.49,8.74,8.67,8.55,8.76,8.41,8.53,8.36,8.29,8.22,7.73,8.32,8.05,8.37,8.71,8.7,8.6,8.13,8.03,8.31,8.31,8.25,8.18,8.57,8.37,8.58,8.39,6.31,7.46,8.34,8.34,8.49,8.6,8.59,8.51,8.58,8.76,8.62,8.6,8.67,7.26,8.35,8.62,8.45,8.49,8.62,7.18
CXXC4,3.6,3.87,3.35,3.36,3.59,3.74,3.38,3.92,3.47,3.53,3.59,3.67,3.8,3.55,3.33,3.24,3.35,3.31,3.59,3.76,3.64,3.54,3.92,3.57,3.31,3.36,3.5,3.6,3.74,3.46,3.71,4.09,3.19,3.44,3.33,3.39,3.61,3.44,3.41,3.51,3.61,3.91,3.31,4.12,3.55,3.56,3.59,3.45,3.45,3.92
CXXC4,3.59,3.44,3.32,3.61,3.74,3.85,3.53,3.54,3.6,3.77,3.56,3.61,3.48,5.78,3.72,3.72,3.92,3.45,3.41,3.66,3.45,3.53,3.62,3.58,3.66,3.7,3.51,3.56,3.51,4.47,5.47,3.7,3.66,3.66,3.81,3.41,4.05,3.56,3.5,3.56,3.55,3.71,3.84,5.8,3.66,3.91,3.57,3.48,3.63,5.47
CXXC5,9.31,9.38,8.93,8.83,8.98,9.36,9.27,8.98,9.14,9.08,9.32,8.95,8.9,8.48,9.76,9.47,9.58,9.03,8.93,8.95,9.53,9.61,9.67,9.52,9.43,9.48,9.22,8.95,9.44,8.9,7.27,8.33,9.63,9.36,9.45,9.85,9.76,9.32,8.19,9.14,9.22,9.33,9.32,7.21,9.02,9.19,8.93,8.7,8.79,7.81
CXXC5,9.27,9.08,9.03,8.79,9.03,9.33,9.64,9.01,8.99,9.07,9.21,8.87,8.84,9.22,9.69,9.5,9.62,9.03,8.94,8.97,9.5,9.41,9.57,9.51,9.38,9.52,9.17,8.99,9.3,9.14,7.19,8.94,9.68,9.24,9.53,9.67,9.7,9.35,9.25,9.08,9.08,9.37,9.32,8.77,9.1,9.31,9.09,8.7,8.68,7.8
CXXC5,10.83,10.96,10.94,11,11.17,11.1,10.64,11.01,10.87,10.88,11.26,11.09,10.88,11.07,11.41,11.33,11.34,10.85,10.8,10.74,11.09,11.23,11.43,11.36,11.36,11.21,10.87,10.82,11.07,11.16,10.43,10.93,11.19,11.33,11.36,11.7,11.56,11.57,10.69,10.92,10.95,11.08,11.15,11.03,10.89,10.9,10.94,10.98,11.01,10.9
CYB561,6.43,5.42,6.03,5.96,5.83,5.83,5.15,6.77,6.25,6.35,5.52,5.49,5.43,5.63,6.44,6.42,6.53,6,6.39,6.22,6.39,6.21,5.38,6.05,6.62,6.97,6.02,6.39,5.57,5.15,4.59,5.87,6.5,6.42,6.13,6.22,5.82,6.26,5.73,5.94,6,6.19,6.43,5.94,6.04,6.99,6.38,6.2,5.58,6.51
CYB561,6.21,5.53,5.77,5.88,5.84,5.69,5.01,6.53,5.95,6.46,5.58,5.75,5.4,5.12,6.4,6.3,6.16,5.92,5.72,6.41,6.16,6.29,5.5,6.29,6.21,6.2,6.14,6.44,5.88,4.71,4.29,5.49,6.2,6.04,6.29,6.04,5.9,5.78,4.32,6.19,5.79,6.36,6.14,4.82,5.76,5.92,6.76,5.83,5.54,5.16
CYB561,8.8,8.52,8.79,8.23,8.74,8.96,8.34,9.02,8.55,8.78,8.53,8.34,8.3,8.13,8.84,8.81,8.94,8.18,8.37,8.41,8.58,8.68,8.51,8.69,8.87,8.57,8.72,8.68,8.91,8.46,5.65,7.37,8.7,8.5,8.56,8.74,8.77,8.37,8.05,8.64,8.35,9.03,9,7.38,8.65,8.96,9.21,8.36,8.61,7.48
CYB561,10.38,10.51,10.47,10.45,10.62,10.59,10.31,10.36,10.65,10.56,10.57,10.33,10.34,7.9,10.44,10.32,10.76,10.25,10.19,10.14,10.47,10.29,10.3,10.47,10.46,10.44,10.61,10.57,10.56,10.13,7.85,9.43,10.45,10.22,10.29,10.45,10.29,10.48,10.18,10.19,10.18,10.5,10.61,7.57,10.61,10.61,10.43,10.42,10.54,7.38
CYB561,6.32,5.63,6.01,6.07,5.83,5.84,5.25,6.41,6.31,6.77,5.56,5.92,5.87,5,6.72,6.36,6.34,6.09,5.95,6.19,6.23,6.2,5.83,6.24,6.47,6.48,6,6.37,6.05,4.52,4.39,4.94,5.89,5.96,6.22,6.17,5.84,5.88,4.54,5.87,5.89,6.13,6.01,5.19,6.1,6.1,6.77,5.86,5.6,5.46
CYB561,8.22,7.76,7.92,7.83,7.89,8.06,8.16,8.11,7.96,8.14,7.6,7.63,7.37,6.68,8.34,8.34,8.13,7.68,7.76,7.77,7.79,7.97,7.51,8.16,8.02,8.18,8.27,8.18,7.94,7.16,6.83,6.68,8.21,8.11,7.99,8.04,7.59,7.77,6.93,7.81,7.91,8.36,7.86,6.21,8.14,7.85,8.46,7.65,7.71,6.75
CYB561,7.54,7.1,7.41,7.33,7.11,7.28,7.62,7.61,7.5,7.62,7.1,7.2,7.08,7.92,7.59,7.96,7.67,7.29,7.3,7.4,7.24,7.44,6.88,7.63,7.67,7.42,7.4,7.76,7.35,6.22,7.63,8.59,7.57,7.4,7.53,7.15,6.63,7.22,7.36,7.13,7.16,7.36,7.46,7.16,7.36,7.42,7.63,7.38,6.96,7.26
CYB561,8.75,8.72,8.94,8.88,9.14,8.94,8.56,8.98,8.88,8.86,8.84,8.76,8.56,7.87,8.86,8.7,9.09,8.53,8.65,8.57,8.67,8.61,8.66,8.94,8.95,8.74,9.19,8.98,9.08,8.39,7,8.84,8.68,8.85,8.88,8.84,8.65,9.09,7.58,8.83,8.73,9.06,9.14,8.04,9.1,8.83,8.99,8.94,9.07,8.01
CYB561,4.3,4.5,4.05,4.54,3.91,4.04,4.85,4.53,4.13,4.5,4.66,4.42,4.41,5.11,4.22,4.41,4.16,4.3,4.52,4.51,4.42,4.14,4.09,4.34,4.46,4.63,4.42,4.65,4.24,4.77,4.62,4.96,4.97,4.11,4.52,4.34,4.24,4.11,5.15,4.43,4,4.28,4.06,4.94,3.91,4.47,3.93,4.38,4.61,4.23
CYB561D1,8.24,8.48,8.22,8.34,8.42,8.74,8.42,8.61,8.14,8.4,8.63,8.35,8.21,8.1,8.34,8.43,8.41,8.3,8.31,8.37,8.44,8.23,8.46,8.43,8.43,8.24,8.4,8.32,8.43,7.87,8.42,8.23,7.95,8.28,8.35,8.46,8.38,8.5,8.26,8.53,8.38,8.57,8.6,7.86,8.28,8.43,8.52,8.21,8.59,8.33
CYB561D1,4.26,4.48,4.51,4.52,4.44,4.54,4.95,4.45,4.67,4.74,4.83,4.62,4.61,4.67,4.42,4.56,4.29,4.45,4.32,5,4.36,4.47,4.42,4.4,4.36,4.78,4.96,4.66,4.86,5.53,4.02,4.61,4.67,4.51,4.84,4.93,4.15,4.57,4.65,4.96,4.33,4.37,4.49,4.68,4.75,4.83,4.47,4.64,4.63,4.68
CYB561D1,4.22,3.98,4.49,4.42,4.96,4.02,5.68,4.11,4.09,4.03,4.2,4.4,4.05,4.81,4.56,4.52,4.3,4.43,4.32,4.33,4.44,4.44,4.24,4.28,4.17,4.72,4.66,4.41,4.13,5.37,5.79,4.02,4.45,4.34,4.48,4.56,4.51,4.8,4.55,4.37,4.33,4.22,4.19,4.92,4.77,3.98,4.72,4.1,4.39,5.06
CYB561D2,8.42,8.27,8.57,8.49,8.71,8.61,8.75,8.85,8.38,8.54,8.43,8.49,8.31,7.05,8.3,8.08,8.19,8.42,8.39,8.4,8.28,8.33,8.18,8.25,8.35,8.28,8.53,8.47,8.59,8.35,4.99,7.26,8.36,8.41,8.45,8.31,8.59,8.32,8.42,8.82,8.6,8.47,8.28,6.45,8.87,8.74,8.72,8.47,8.45,7.4
CYB5A,10.47,10.58,10.48,10.39,10.46,10.35,10.59,10.59,10.53,10.61,10.28,10.6,10.8,8.44,10.08,10.16,10.24,10.29,10.38,10.21,10.56,10.3,10.24,10.32,10.25,10.44,10.43,10.32,10.49,10.31,9.48,9.2,10.45,10.48,10.25,10.04,10.3,10.42,10.21,10.18,10.3,10.53,10.49,7.45,11.01,10.73,10.76,10.37,10.35,7.56
CYB5A,10.62,10.7,10.64,10.57,10.45,10.46,10.62,10.7,10.74,10.77,10.46,10.66,10.88,9.64,10.33,10.4,10.47,10.43,10.51,10.5,10.6,10.52,10.51,10.46,10.41,10.53,10.53,10.54,10.68,10.68,8.04,9.01,10.59,10.56,10.44,10.31,10.47,10.44,10.47,10.41,10.37,10.74,10.61,9.67,11,10.92,10.94,10.48,10.57,9
CYB5A,9.36,9.24,9.37,9.3,9.14,9.48,9.06,9.28,9.35,9.29,9.29,9.3,9.49,8.01,8.84,8.88,9.17,9.19,9.18,9.05,9.39,9.06,9.22,8.98,9.06,9.33,9.37,9.11,9.51,8.83,7.18,7.98,9.22,9.19,8.96,8.97,9.23,9.1,8.67,9.09,9.11,9.42,9.41,7.71,9.86,9.64,9.53,9.06,9.28,6.61
CYB5A,11.27,11.38,11.33,11.32,11.22,11.4,11.05,11.29,11.31,11.3,11.45,11.42,11.43,10.42,11.16,11.13,11.13,11.16,11.27,11.16,11.29,11.23,11.35,11.22,11.24,11.29,11.31,11.27,11.36,11.03,8.83,10.26,11.22,11.32,11.2,11.18,11.28,11.22,11,11.21,11.12,11.49,11.35,10.2,11.7,11.66,11.61,11.26,11.34,9.36
CYB5B,5.71,5.69,5.9,5.81,5.33,5.61,5.75,5.66,5.42,5.77,5.76,5.5,5.56,5.02,5.91,5.11,5.59,5.56,5.75,5.76,5.56,5.52,5.68,5.46,5.2,5.47,5.68,5.6,5.38,5.03,5.95,5.95,5.22,5.44,5.44,5.63,5.2,5.38,5.08,5.85,5.26,5.33,5.14,4.99,5.41,5.03,5.43,5.61,5.46,5.62
CYB5B,11.5,11.11,11.46,11.49,11.1,11.13,10.96,11.48,11.53,11.57,10.84,11.47,11.45,9.39,11.27,11.25,11.32,11.39,11.39,11.58,11.23,11.1,10.66,11.21,11.14,11.21,11.47,11.47,10.98,9.47,9.28,9.09,11.32,11.4,11.39,11.33,11.13,11.46,10.87,11.42,11.18,10.69,10.65,8.91,11.22,10.97,11.18,11.37,11.16,9.32
CYB5B,11.34,11.22,11.47,11.5,11.43,11.47,11.2,11.34,11.49,11.37,11.38,11.38,11.32,10.79,11.19,11.21,11.19,11.48,11.47,11.42,11.11,11.05,11.13,11.14,11.06,11.12,11.45,11.41,11.22,11.06,10.08,10.78,11.29,11.31,11.37,11.34,11.18,11.33,10.98,11.3,11.35,10.71,10.98,10.31,11.23,11.15,11.23,11.37,11.27,10.5
CYB5B,5.35,5.69,5.74,5.8,5.84,5.44,5.87,4.82,5.59,5.67,5.93,5.5,5.33,5.76,5.37,5.37,5.33,5.64,6.07,5.53,5.17,5.44,5.87,5.52,5.83,5.12,5.77,5.67,5.54,6.38,5.79,5.64,5.17,5.13,5.27,5.44,5.25,5.21,6.17,4.98,5.46,5.47,5.73,6.15,5.68,5.8,5.4,5.39,5.66,5.89
CYB5D1,5.56,5.12,4.9,5.29,4.56,4.21,5.13,4.85,5.27,5.62,5.04,5.47,5.52,6.61,5.59,4.69,5.28,4.99,5.03,5.31,5.43,5.25,5.01,5.4,5.41,5.36,5.2,5.14,4.49,5.05,6.55,5.21,5.17,4.85,4.92,5.13,4.87,5.29,4.81,4.8,4.65,4.38,4.58,6.64,5.36,4.51,4.45,5.19,4.87,4.81
CYB5D1,9.17,9.14,9.31,9.32,9.56,9.31,9.31,9.45,9.21,9.26,9.38,9.08,9.17,8.84,9.32,9.27,9.33,9.27,9.25,9.26,9.47,9.63,9.51,9.56,9.54,9.41,9.34,9.32,9.38,8.72,8.85,9.28,8.94,8.97,9.13,9.29,9.57,9.23,9.25,9.37,9.43,9.29,9.31,8.64,9.06,9.15,9.33,9.46,9.48,8.68
CYB5D2,6.89,6.63,6.99,6.87,6.83,6.67,6.07,6.97,6.95,6.95,6.64,6.71,6.96,5.59,6.87,6.69,6.92,7.15,7.34,7.3,7.07,7,6.99,7.09,7.03,7.2,7.11,6.88,6.69,7.46,4.5,6.4,6.58,6.84,6.93,7.31,7.33,7.25,6.62,6.77,6.92,7.08,7.29,5.57,7.31,7.02,7.22,6.97,7.04,4.93
CYB5R1,8.99,8.81,8.96,8.96,9,9.15,8.64,9.06,9.01,8.93,8.95,9,8.9,7.88,9,8.96,9.22,8.96,9.16,8.97,9.09,9.1,9.17,9.25,9.27,9.19,9.05,9.04,8.93,8.94,6.68,7.19,9.24,9.45,9.35,9.29,9.32,9.31,9.09,9.31,9.12,9.13,9.03,9.16,9.25,8.89,9.15,9.15,8.92,7.82
CYB5R1,6.96,6.5,6.87,6.83,6.61,6.66,5.9,7.43,6.88,6.87,6.52,6.95,6.88,6.22,7.07,6.88,7.2,7,6.76,6.89,7.3,7.18,6.74,7.21,7.16,7.31,7,7.28,6.48,4.83,6.77,6.32,7.66,7.44,7.41,7.07,7.21,7.37,6.52,6.85,6.9,6.81,6.84,7.78,7.15,6.9,6.9,6.97,6.98,5.61
CYB5R1,8.2,7.95,8.3,8.28,8.1,8.35,6.76,8.36,8.32,8.21,8.07,8.28,8.04,7.48,8.34,8.41,8.51,8.47,8.35,8.36,8.21,8.39,8.03,8.51,8.52,8.48,8.19,8.41,8.03,6.95,5.73,5.93,8.58,8.55,8.68,8.44,8.61,8.57,7.87,8.53,8.34,8.09,7.83,7.77,8.51,8.27,8.48,8.28,8.11,6.14
CYB5R2,4.14,4.64,4.19,4.1,4.09,3.79,4.31,3.94,4.05,4.12,4.27,4.08,4.52,4.49,4.01,4.28,3.99,4.18,4.08,4,4.21,4.16,4.03,4.26,4.08,3.84,4.13,4.11,4.31,4.23,4.63,5.3,4.44,4.49,4.17,4.36,3.91,3.95,4.1,4.18,3.76,4.27,4.2,4.48,3.95,4.09,3.93,4.07,4.13,4.73
CYB5R3,7.85,7.35,7.92,7.86,7.05,7.38,7.73,7.8,8.06,7.95,6.87,7.57,7.58,7.28,7.69,7.75,7.71,7.64,7.67,7.82,7.9,7.83,7.66,8.07,7.8,8.12,7.78,7.94,7.29,6.38,5.98,6.66,8,7.82,7.71,7.81,7.79,7.88,6.26,7.67,7.65,7.45,7.29,7.52,7.57,7.57,8.1,7.75,7.61,6.46
CYB5R3,10.65,10.54,10.74,10.6,10.77,10.72,10.5,10.65,10.65,10.57,10.67,10.62,10.64,10.23,10.53,10.54,10.59,10.47,10.41,10.5,10.82,10.72,10.84,10.61,10.74,10.8,10.83,10.49,10.74,10.84,10.25,10.34,10.66,10.63,10.51,10.58,10.79,10.79,10.91,10.84,10.73,10.85,10.86,9.94,10.87,10.91,10.95,10.68,10.71,10.19
CYB5R4,8.11,8.51,8.16,8.1,7.81,7.97,7.09,7.88,8.34,8.22,8.41,8.31,8.31,6.7,8.04,7.64,8.06,8.06,8,8.09,8.11,8.04,8.32,7.81,7.98,8,8.11,8.23,8.08,7.13,5.74,6.63,8.02,7.99,8.07,7.95,7.6,7.73,7.11,8.2,8.14,7.86,7.82,7.01,8.08,7.86,8,8.26,8.36,7.26
CYB5RL,5.34,5.4,5.17,5.44,5.57,5.78,5.72,5.46,5.46,5.27,6.02,5.41,5.28,4.78,5.5,5.18,5.19,5.32,5.72,5.13,5.2,4.97,5.32,5.1,4.9,4.89,5.47,5.24,5.54,6.56,6.3,5.33,5.23,5.03,5.1,5.23,5.44,5.3,4.9,5.34,5.44,5.25,5.63,5.78,5.6,5.1,5.36,4.95,5.77,4.07
CYBA,12.29,12.28,12.33,12.32,12.44,12.32,12.17,12.34,12.24,12.25,12.27,12.37,12.29,11.66,12.23,12.21,12.26,12.28,12.32,12.29,12.34,12.29,12.38,12.44,12.51,12.34,12.37,12.31,12.3,11.47,11.34,11.5,12.26,12.26,12.26,12.31,12.26,12.26,12.1,12.45,12.26,12.11,12.17,11.64,12.13,12.05,12.08,12.29,12.14,11.72
CYBASC3,8.09,7.3,7.78,7.99,7.44,7.5,6.79,8.1,7.83,7.93,7.1,7.83,7.57,6.31,8.2,8.28,8.24,8.09,8.1,8.32,7.95,7.98,7.31,8.25,8.24,8.23,7.92,8.1,7.3,5.44,6.09,4.96,8.06,8.29,8.28,8.37,8.11,8.43,7.08,7.87,7.67,7.46,7.38,6.75,7.72,7.37,7.88,7.97,7.44,5.99
CYBASC3,8.71,7.83,8.33,8.49,8.02,7.73,7.17,8.27,8.51,8.67,7.66,8.41,8.19,7.53,8.73,8.75,8.88,8.7,8.6,8.81,8.56,8.56,7.87,8.72,8.65,8.71,8.39,8.65,7.87,5.01,6.7,7.85,8.75,8.64,8.85,8.92,8.4,8.95,7.29,8.31,8.04,7.85,7.74,6.46,7.87,7.82,8.06,8.31,7.81,7.81
CYBASC3,8.62,8.05,8.54,8.5,8.24,8.26,8.44,8.56,8.6,8.59,8,8.65,8.56,6.38,8.74,8.87,9,8.79,8.81,8.93,8.86,8.77,8.26,8.77,8.75,8.89,8.56,8.77,8.18,5.48,6.46,7.73,8.83,8.83,8.86,9,8.96,9.18,7.99,8.42,8.17,8.03,8.12,6.58,8.1,8.26,8.28,8.49,8.49,7.24
CYBASC3,9.79,9.68,9.94,9.9,10.41,10.31,10.21,9.9,9.7,9.78,10,9.75,9.71,8.66,10.05,10.17,10.15,10.11,10.08,9.87,10.2,9.93,9.99,9.85,9.91,9.91,10.05,9.85,10.24,10.35,8.11,9.63,10.26,10.13,10.07,10.21,10.57,10.34,10.3,9.95,9.89,9.93,10.06,8.53,9.78,10.06,9.79,9.83,10.12,7.75
CYBB,4.58,4.46,4.58,4.59,4.52,4.28,4.29,4.3,4.7,4.29,4.74,4.52,4.47,4.58,4.63,4.65,4.24,4.91,4.41,4.55,4.53,4.57,4.68,4.47,4.7,4.05,4.32,4.52,4.46,3.7,6.08,6.39,5.06,4.48,4.75,4.24,4.28,4.39,3.88,4.27,4.68,4.19,4.18,4.79,4.31,4,4.15,4.4,4.34,6.27
CYBB,3.9,3.91,3.66,3.82,3.69,3.8,3.65,3.83,3.69,3.71,3.84,3.86,3.67,5.44,3.63,3.85,3.96,3.78,3.81,3.64,3.86,3.94,4.05,3.79,3.83,3.56,3.74,3.61,4.22,4.57,4.6,4.01,3.91,3.82,3.8,3.72,4.13,3.65,4.81,3.79,3.78,3.9,3.94,4.16,3.86,4.05,3.95,3.8,4.05,4.72
CYBB,4.9,5,4.89,4.9,5.01,5.35,4.86,4.72,4.83,5.09,4.94,4.66,4.79,4.82,4.78,4.74,4.53,4.95,4.88,4.71,4.96,5.04,4.72,5.04,4.76,4.75,5.08,4.77,5.01,4.77,5.16,6.29,5.06,4.95,4.74,4.74,4.71,4.8,4.45,4.91,4.89,4.77,4.54,5.05,4.97,4.86,4.92,4.98,5.04,5.41
CYBB,3.87,3.73,3.63,3.81,3.92,3.73,4.11,3.44,4.01,3.67,3.85,3.98,3.97,4.43,3.61,4.01,3.73,3.69,3.51,3.91,4.47,3.68,4.08,3.56,3.52,3.47,3.92,3.89,3.97,3.92,4.01,4.87,3.67,3.73,3.7,3.45,4.36,3.62,4.58,3.65,3.41,3.75,3.88,4.39,4.25,3.51,3.42,3.51,3.84,4.81
CYBRD1,4.39,4.34,3.9,4.15,3.91,3.85,4.3,4.48,4.28,4.31,4.55,4.2,4.28,4.86,4,3.87,4,4.17,4.44,4.46,4.32,4.08,4.52,3.85,4.01,4.2,4.19,4.32,4,4.11,4.25,3.85,4.12,4.19,4.43,4.05,3.9,4.21,4.41,4.13,4.23,4.04,4.3,5.81,3.67,4,3.69,4.23,4.32,4.56
CYBRD1,4.79,3.93,4.04,3.85,4.2,3.87,4.47,3.96,4.01,4.06,3.79,4.32,3.97,4.2,4.16,4.24,3.95,4.37,3.92,4.13,4.23,4.28,3.89,4,3.88,3.89,4.35,4.2,4.23,4.63,5.24,4.13,4.64,4.31,4.26,3.9,4.28,3.81,4.57,4.52,3.82,4.2,4.39,4.07,3.91,3.89,3.9,3.81,4.17,3.92
CYBRD1,5.4,4.98,5.5,5.16,5.1,4.72,5.04,6.05,5.26,5.3,4.97,5.01,5.02,5.14,4.69,4.56,4.94,4.69,4.75,4.97,4.83,4.86,4.51,4.95,4.96,5.35,5.1,4.98,5.05,4.52,8.01,4.21,4.96,5.68,5.08,4.99,5.2,4.98,4.39,5.16,5.1,5.46,5.04,5.15,4.44,5.16,4.56,5.36,5.19,5.3
CYBRD1,5.25,5.01,5.32,5.05,4.84,4.72,4.48,5.52,5.12,5.33,5.62,4.99,4.86,5.33,4.62,4.82,4.95,4.66,5.14,4.88,5.21,4.92,4.99,4.72,4.76,4.45,4.65,5.02,5,5.09,4.92,5.62,5.38,5.48,5.32,5.54,4.72,4.96,4.26,5.55,5.6,5.14,5.43,5.16,4.49,4.9,4.67,5.31,4.79,6.07
CYC1,11.29,11.36,11.27,11.19,11.17,11.13,11.06,11.27,11.19,11.28,11.09,11.25,11.24,9.13,11.14,11.1,11.17,11.2,11.25,11.26,11.23,11.1,11.21,11.12,11.14,11.18,11.28,11.1,11.2,10.81,9.65,10.22,11.17,11.11,11.01,11.2,11.36,11.31,11.21,11.26,11.13,11.13,11.14,9.82,11.06,10.99,10.95,11.26,11.26,9.71
CYC1,11.4,11.52,11.5,11.4,11.42,11.49,11.46,11.44,11.38,11.42,11.47,11.37,11.38,10.41,11.28,11.31,11.39,11.39,11.52,11.4,11.39,11.27,11.38,11.29,11.34,11.27,11.46,11.41,11.53,11.57,8.84,11.02,11.31,11.37,11.26,11.42,11.5,11.44,11.51,11.52,11.4,11.38,11.48,10.26,11.17,11.21,11.16,11.35,11.42,9.91
CYC1,11.18,11.39,11.44,11.18,11.35,11.44,11.31,11.35,11.21,11.21,11.29,11.24,11.19,9.68,11.15,11.25,11.16,11.23,11.28,11.14,11.18,11.07,11.24,11.12,11.1,11.13,11.31,11.16,11.36,11.34,8.57,9.79,11.17,11.15,11.09,11.17,11.34,11.24,11.29,11.32,11.24,11.22,11.33,9.77,11.11,11.05,11,11.17,11.2,10.07
CYCS,7.99,7.93,7.88,8,7.89,7.6,6.92,8,7.83,7.95,8.14,7.93,7.98,7.53,7.64,7.65,7.76,7.68,7.71,7.76,7.86,8.08,8,7.92,8.05,8.07,7.88,7.9,7.74,7.81,5.31,7.35,7.82,7.84,7.69,7.67,7.69,8.03,7.76,8.05,8.12,7.75,7.74,7.84,7.9,8.27,8.22,8.18,8.14,7.52
CYCS,12.5,12.55,12.4,12.52,12.32,12.42,12.37,12.25,12.52,12.48,12.45,12.46,12.76,12.03,12.32,12.46,12.46,12.32,12.33,12.27,12.57,12.53,12.63,12.29,12.27,12.51,12.46,12.47,12.64,12.45,11.74,11.91,12.59,12.55,12.4,12.26,12.36,12.3,12.38,12.31,12.51,12.14,12.16,11.91,12.46,12.41,12.38,12.5,12.64,11.92
CYCS,12.5,12.44,12.39,12.46,12.25,12.17,12.29,12.53,12.5,12.62,12.08,12.43,12.52,10.7,12.29,12.37,12.42,12.33,12.33,12.46,12.6,12.46,12.06,12.25,12.32,12.52,12.5,12.52,12.34,11.96,9.21,10.28,12.58,12.59,12.51,12.18,12.26,12.39,12.41,12.44,12.39,11.93,11.99,9.62,12.53,12.46,12.39,12.51,12.42,10.55
CYFIP1,9.46,9.53,9.46,9.52,9.54,9.47,9.5,9.45,9.4,9.49,9.4,9.45,9.36,7.82,9.29,9.19,9.22,9.28,9.3,9.15,9.42,9.46,9.54,9.37,9.48,9.37,9.49,9.49,9.47,9.15,8.32,8.25,9.22,9.28,9.3,9.41,9.21,9.33,8.85,9.34,9.33,9.48,9.52,8.34,9.4,9.5,9.59,9.4,9.47,8.34
CYFIP1,8.95,8.79,8.89,8.92,8.88,8.55,9.19,9.16,8.73,8.96,8.57,8.8,8.76,7.44,8.62,8.49,8.87,8.83,8.75,8.78,8.96,8.97,8.74,8.87,8.82,8.77,9.02,8.96,8.86,8.8,6.18,8.15,8.88,8.81,8.74,8.57,8.71,8.7,8.89,8.94,8.89,9.05,9.04,6.62,8.8,8.91,8.92,8.84,8.84,6.41
CYFIP1,8.16,8.8,8.46,8.24,8.62,8.24,8.02,7.98,8.17,8.6,8.76,8.09,8.05,11.54,8.2,7.73,8.64,8.8,8.45,8.38,8.17,7.99,7.73,7.93,7.85,7.86,8.58,8.49,8.65,7.44,9.51,10.33,7.75,8.15,8.3,7.57,7.61,8.42,7.68,8.29,8.24,7.67,8.8,11.16,8.44,8.37,7.98,8.37,8.01,11.6
CYFIP1,8.32,8.49,8.24,8.44,8.48,8.42,8.25,8.23,8.39,8.44,8.32,8.36,8.34,6.88,8.05,8.21,8.17,8.46,8.45,8.45,7.99,8.26,8.11,8.29,8.27,7.98,8.59,8.44,7.95,7.59,8.27,7.87,7.85,7.78,7.97,8.25,8.09,8.17,7.9,8.57,8.31,8.23,8.3,7.13,8.67,8.1,8.34,8.44,8.18,7.26
CYFIP2,8.91,8.97,8.99,8.77,8.86,9,8.69,8.92,8.78,8.78,8.99,9.17,9.25,7.51,10.04,10.15,10.1,8.74,8.88,8.73,9.85,9.75,10.24,10.12,10.07,10.16,8.94,8.52,9.18,9.75,7.56,6.79,9.72,9.8,9.65,10.08,10.28,10.09,9.44,9.27,9.23,9.03,9.18,8.49,9.45,9.76,9.5,9.33,9.55,6.86
CYFIP2,8.87,8.86,8.85,8.87,8.86,8.84,8.93,9.04,8.85,9.02,8.89,9.42,9.47,8.57,10.22,10.14,10.24,8.82,8.84,9.03,9.93,10.05,9.97,10.29,10.23,10.3,8.9,8.95,8.69,9.12,5.93,6.99,9.49,9.66,9.58,10.21,10.21,10.33,8.4,9.08,9.17,8.98,9.13,7.45,9.01,8.98,9.09,9.49,9.57,8.73
CYFIP2,9.59,9.73,9.67,9.58,9.79,9.79,9.81,9.69,9.5,9.45,9.71,9.83,9.92,9.16,10.64,10.73,10.67,9.38,9.48,9.48,10.47,10.48,10.85,10.68,10.76,10.81,9.63,9.33,9.77,10.29,7.67,9.7,10.46,10.52,10.34,10.76,10.9,10.78,9.96,9.97,9.81,9.69,9.79,8.06,10.04,10.3,10.13,9.93,10.08,9.15
CYFIP2,5.62,5.02,5.38,5.63,5.67,5.26,5.38,5.63,5.68,5.78,5.13,5.85,5.69,4.86,6.59,6.58,6.7,5.47,5.6,5.76,5.99,6.14,5.71,6.54,6.6,6.55,5.56,5.89,5.11,4.51,6.08,6.05,6.35,6.15,6.34,6.45,6.2,6.52,5.06,5.71,5.54,5.35,5.49,5.31,5.81,5.15,6.16,5.93,5.49,4.61
CYGB,6,5.94,6.22,6.07,6.2,6.3,6.32,6.23,5.99,6.15,6.02,5.8,5.87,6.37,6.01,6.19,6.21,6.05,5.89,6.21,6.37,6.2,5.88,6.21,6.1,5.96,6.04,5.98,5.98,6.44,6.16,5.89,6.08,5.84,6.3,5.94,6.17,6.2,6.08,6.17,6.03,6.14,6.26,5.99,6.05,6.51,6.32,6.21,5.97,6.29
CYGB,4.21,4.15,4.42,4.38,4.45,4.31,4.51,4.43,4.21,4.56,4.12,4.43,4.32,3.66,4.56,4.24,4.21,4.41,4.23,4.17,4.22,4.15,4.22,4.6,4.36,4.33,4.56,4.25,4.39,4.25,3.97,4.56,4.44,4.32,4.16,4.63,4.17,3.96,4.51,4.27,4.35,4.37,4.57,4.72,4.06,4.36,4.24,3.96,4,3.91
CYGB,5.02,4.96,5.25,5.45,5.51,5.31,5.02,5.63,5.2,5.04,5.27,5.25,5.18,7.13,5.49,5.4,5.35,5.35,5.36,5.46,5.65,5.34,5.62,5.87,5.95,5.85,5.52,5.33,5.28,5.09,5.69,7.08,5.31,5.2,5.41,5.61,5.54,5.49,5.75,5.53,5.27,5.81,5.38,6.93,5.38,5.57,5.46,5.6,5.12,7.38
CYHR1,6.99,6.93,6.96,6.91,6.98,6.69,6.19,7.08,6.78,6.99,6.98,7.1,6.86,6.48,6.74,6.75,6.73,7.26,7.15,6.98,6.91,6.98,6.85,6.91,6.87,6.84,6.97,6.94,7.34,7.34,4.96,7.05,6.76,6.62,6.52,6.69,6.79,6.78,6.22,7.11,6.79,7.52,7.59,6.23,7.03,7.1,7,7.07,7.04,6.6
CYHR1,7.88,7.88,8.07,7.8,8.03,7.46,7.7,7.88,7.94,7.68,7.74,7.84,7.94,7.36,8.3,8.32,8.48,8.12,8.16,8.07,8.15,7.95,8.14,8.39,8.45,8.35,7.89,7.82,7.84,6.71,6.49,7.07,8.19,8.01,8.32,8.19,8.56,8.48,8.04,8.14,7.93,8.22,8.26,6.52,7.74,8.03,7.85,8.06,8.21,6.34
CYLC1,3.77,3.96,3.75,3.69,4.17,3.91,4.23,3.68,3.76,3.62,3.7,3.91,3.87,4.1,3.56,3.75,3.75,4.1,3.85,3.74,3.7,3.63,3.92,3.87,3.59,3.58,3.96,3.66,4.14,3.95,3.75,3.98,3.82,3.96,3.82,3.84,3.84,3.74,4.42,3.53,3.58,3.64,3.66,3.82,3.69,3.81,3.74,3.76,3.68,4.74
CYLC2,3.79,3.76,3.8,3.9,3.54,3.5,3.76,3.67,3.64,3.71,3.95,4.1,3.66,4.33,3.56,3.58,3.76,3.6,3.38,3.6,3.76,3.86,3.76,3.61,3.45,3.61,3.7,3.81,3.66,3.8,4.58,5.36,3.83,3.47,3.9,3.74,3.62,3.59,3.94,3.54,3.47,3.72,3.7,3.98,3.7,3.73,3.69,3.37,3.79,3.97
CYLC2,3.85,3.81,3.7,3.79,3.59,3.73,5.11,3.49,3.63,3.48,3.62,3.79,3.83,4.11,3.53,3.64,3.58,3.64,3.66,3.47,3.59,3.57,3.58,3.87,3.45,3.75,3.74,3.71,3.93,5.22,5.11,5.34,4.04,3.81,3.69,3.72,3.82,3.87,4.12,3.37,3.55,3.53,4.33,4,3.7,3.8,3.54,3.93,3.75,4.86
CYLD,6.19,5.89,6.33,6.08,6.63,5.92,5.07,6.63,6.29,6.29,6.33,6.18,6.02,7.11,6.71,6.64,6.5,6.13,6.39,6.04,6.31,6.69,6.42,7.01,6.48,6.84,5.92,6.1,6.26,4.6,7.42,6.75,6.66,6.91,6.91,6.4,6.52,6.25,5.62,6.39,6.06,6.47,6.31,7.33,5.9,6.53,6.25,6.42,6.21,7.3
CYLD,7.22,6.91,7.12,7.14,7.19,7.38,7.04,7.42,7.04,7.22,7.42,7.11,6.94,7.37,7.77,7.73,7.52,7.15,7.2,7.27,6.94,7.69,7.6,7.66,7.73,7.4,7.06,7.36,6.95,5.82,9.03,7.08,7.41,7.48,7.41,7.92,7.44,7.25,5.65,7.45,7.01,7.71,7.71,8.59,6.72,7.29,7.26,7.1,7.08,8.24
CYLD,9.6,9.59,9.54,9.56,9.51,9.56,9.22,9.59,9.56,9.64,9.47,9.72,9.51,8.47,9.86,9.83,9.74,9.37,9.42,9.4,10,10.06,10.05,10.07,10.06,9.95,9.49,9.53,9.52,9.04,8.52,8.71,10.22,10.35,10.34,10.06,9.68,9.83,9.88,9.69,9.64,9.74,9.67,8.69,9.39,9.41,9.33,9.64,9.63,8.54
CYLD,8.13,8.21,8.34,8.27,8.39,8.15,8,8.43,8.29,8.38,8.48,8.26,8.28,8.56,8.66,8.81,8.57,8.11,8.42,8.34,8.54,8.62,8.61,8.79,8.76,8.6,8.38,8.15,8.21,7.07,9.26,7.62,8.3,8.49,8.52,8.6,8.65,8.66,7.58,8.44,8.29,8.68,8.92,9.04,8.31,8.48,8.26,8.42,8.41,7.66
CYorf15A,6.88,6.62,7.16,6.95,6.38,6.72,7.14,6.95,6.97,6.73,6.52,7.05,6.95,6.17,6.66,6.66,6.66,7.25,7.23,7.07,6.93,6.78,6.38,6.73,6.77,6.69,6.95,7,6.57,6.43,7.16,6.49,6.97,6.83,6.84,6.65,6.67,6.72,6.36,6.87,6.88,6.59,6.23,6.13,6.74,5.74,6.64,6.98,6.76,6.2
CYorf15A,8.94,9.15,8.74,9,8.93,8.78,8.75,8.79,8.91,9.09,8.97,9.07,8.99,8.56,8.68,8.69,8.76,8.91,8.95,9.09,8.84,8.7,8.74,8.73,8.59,8.71,8.93,9.04,9.02,8.37,6.15,8.44,8.56,8.6,8.71,8.81,8.45,8.82,8.83,9.01,8.99,8.78,8.53,8.3,8.54,8.6,8.78,9.02,9.02,7.57
CYorf15A,7.05,6.13,6.61,6.95,6.25,5.82,5.92,6.85,6.67,6.85,6.34,6.91,6.47,6.36,6.6,6.93,6.6,7.16,6.68,7.2,6.3,6.81,6.11,6.68,6.77,6.68,6.72,6.98,6.32,4.18,5.24,5.61,6.72,6.53,6.79,6.51,5.96,6.77,5.64,6.8,6.47,6.5,6.1,5.31,6.46,6.39,6.84,6.92,7.09,6.75
CYorf15A,5.76,5.29,5.43,5.58,6.09,5.21,5.01,5.62,5.68,5.44,5.42,5.82,5.27,6,5.5,5.46,5.48,5.75,5.48,5.95,5.25,5.38,5.46,5.53,5.62,5.54,5.49,5.6,5.3,4.28,4.87,5.62,5.47,5.27,5.36,5.39,5.4,5.51,4.9,5.89,5.9,5.43,5.32,5.59,5.32,5.54,5.26,5.44,5.36,6.74
CYorf15B,8.79,8.95,8.74,8.86,8.94,8.97,8.71,8.9,8.82,8.88,9.15,8.73,8.44,7.57,8.31,8.41,8.3,8.52,8.63,8.65,8.46,8.56,8.78,8.36,8.54,8.33,8.84,8.9,8.79,8.85,8.22,9.07,8.03,8.21,8.19,8.43,8.5,8.5,8.12,8.65,8.76,8.84,8.9,9.19,8.8,8.56,8.75,8.47,8.71,7.57
CYorf15B,9.44,9.42,9.46,9.48,9.41,9.38,9.66,9.7,9.22,9.48,9.5,9.32,9.18,8.67,9.03,9.05,8.93,9.05,9.05,9.28,9.21,9.26,9.03,8.9,9.02,8.87,9.47,9.4,9.61,9.23,9.05,10.07,8.84,8.94,8.85,8.84,8.96,9.14,8.78,9.44,9.37,9.47,9.32,8.47,9.1,9.16,9.33,9.35,9.37,8.85
CYorf15B,7.1,6.8,6.87,6.54,6.14,6.94,5.91,6.77,6.74,6.83,6.84,6.72,6.73,6.46,6.52,6.23,6.38,6.75,6.71,6.79,6.74,6.62,6.95,6.42,6.43,6.6,6.54,6.9,6.73,5.73,6.43,6.62,6.16,6.34,6.16,6.33,6.32,6.43,6.06,6.59,6.98,6.62,6.4,7.47,7,6.35,6.7,6.68,6.74,5.27
CYorf15B,7.53,6.93,6.67,6.38,6.74,6.94,7.88,6.18,6.89,7.22,7.89,6.26,6.18,7.21,7.02,6.92,6.61,6.52,6.61,6.91,6.9,6.85,7.36,6.51,6.75,6.51,6.82,7.03,7.25,6.8,7.42,6.25,6.59,6.12,6.32,6.48,6.42,5.92,6.97,6.06,6.7,7.64,7.68,6.74,6.29,7.05,7.08,6.37,6.62,6.55
CYP11A1,3.72,3.85,3.69,3.47,3.77,3.64,3.78,3.55,3.74,3.62,3.79,3.83,3.9,4.18,3.68,3.76,3.69,3.89,3.57,3.63,4.03,3.72,3.9,3.57,3.5,3.57,3.46,3.62,3.99,4.3,6.08,4.08,4.01,3.7,3.84,3.59,3.57,3.63,3.57,3.42,3.3,3.88,3.54,3.72,3.81,4,3.75,3.54,3.64,3.51
CYP11A1,3.52,3.58,3.44,3.55,3.54,3.78,3.79,3.47,3.57,3.57,3.62,3.63,3.75,3.83,3.57,3.66,3.55,3.67,3.87,3.71,3.55,3.42,3.62,3.92,3.33,3.66,3.44,3.53,3.69,4.73,4.61,3.63,3.45,3.69,3.56,3.5,3.68,3.42,4.2,3.4,3.58,3.6,3.95,3.92,3.65,4.24,3.79,3.59,3.48,4.51
CYP11B1,4.53,4.86,4.33,4.34,5.07,4.56,4.21,4.53,4.67,4.5,4.64,4.56,5.06,5.48,4.49,4.31,4.27,4.62,4.19,4.49,4.47,4.57,4.61,4.35,4.41,4.41,4.58,4.33,4.74,4.37,5.26,4.47,4.61,4.77,4.42,4.19,4.81,4.11,4.19,4.32,4.53,4.49,4.53,4.72,4.54,4.21,4.56,4.37,4.74,4.07
CYP11B1,3.82,3.75,3.79,3.7,3.85,3.67,3.92,4.14,3.89,3.92,3.9,3.78,3.83,4.52,3.74,3.7,4.07,3.87,3.54,3.86,3.69,3.78,3.74,3.75,3.94,3.41,3.85,3.96,3.74,4.52,3.92,4.12,3.77,3.89,3.77,3.53,3.93,3.54,4.36,3.62,3.65,3.82,4.04,5.65,3.95,3.59,4.06,3.65,3.52,4.26
CYP11B2,4.05,4.11,4.02,4.22,4,4.77,4.28,4.11,4.15,4.13,4.33,3.87,4.14,4.78,4.46,4.41,4.16,4.23,4.04,4.27,4.29,3.99,4.22,4.15,4.5,4.38,4.17,4.03,4.53,4.01,5.14,4.77,4.18,4.15,4.09,4.3,4.98,4.43,4.71,4.26,3.97,4.31,4.39,5.31,4.12,4.55,4.42,4.19,4.09,4.63
CYP17A1,4.02,3.87,3.74,3.88,3.85,3.94,3.93,4.23,3.88,3.95,4.03,4.04,3.93,4.3,4.04,3.99,4.11,3.77,3.79,3.86,4.42,4.13,4.32,3.69,3.67,3.66,3.86,4.48,3.81,3.86,4.26,4.2,3.94,4.33,4.36,3.81,3.68,3.69,3.43,3.61,3.73,3.96,3.81,4.43,3.76,4.25,4.32,4.01,4.03,4.7
CYP19A1,4.02,4.31,4.02,4.01,4.14,4.13,5.08,4.4,4.23,4.14,3.99,4.2,4.24,5.67,4.24,4.18,4.25,4.02,4.01,3.99,4.25,4.24,4.25,4.02,3.96,4.23,4.03,4.03,4.34,3.77,4.66,4.11,4.29,4.19,4.28,4.25,3.89,4.03,4.44,3.99,3.96,4.3,4.13,4.97,4,3.8,3.87,4.06,3.88,4.44
CYP19A1,3.75,4.42,3.73,4.11,4.05,4.04,4.32,3.8,3.93,3.97,4.29,4.51,4.55,6.54,3.68,4.12,3.68,4.11,3.9,3.87,4.06,4.12,4.46,3.97,4.43,3.93,3.8,3.9,4.22,4.84,5.4,5.02,3.88,3.81,4.14,3.81,3.99,4.25,4.95,3.81,3.92,3.87,4.36,6.04,3.86,4.84,3.63,4.08,3.99,5.47
CYP19A1,4.03,4.89,3.87,4.08,3.5,3.83,4.62,3.94,4.09,4.24,4.48,4.71,4.98,4.66,3.89,3.89,3.94,3.9,3.79,3.74,4.61,3.99,4.21,3.67,3.7,3.8,3.98,4.2,4.33,5.27,5.52,4.65,4.04,4.14,3.84,3.71,3.87,3.79,4.18,3.71,4.22,3.91,3.78,4.37,4.03,3.85,3.95,3.9,4.01,4.4
CYP19A1,3.5,3.65,3.56,3.65,4.03,3.57,3.37,3.63,4.02,3.89,3.71,3.76,4.07,4.54,3.5,3.55,3.66,3.67,3.68,3.88,3.62,3.53,3.74,3.38,3.62,3.55,3.89,3.83,3.64,4.07,3.84,3.74,3.84,3.72,3.61,3.6,3.7,3.66,3.56,3.67,3.53,3.51,3.6,4.2,3.55,4.05,3.62,3.68,3.77,3.46
CYP19A1,3.85,4.15,3.73,3.67,4.03,3.92,4.25,3.58,3.75,3.64,4.02,3.59,3.84,4.73,3.46,3.6,3.55,3.68,3.53,3.65,3.86,3.75,3.85,3.61,3.43,3.55,3.75,3.66,4.3,4.05,5.13,3.39,3.82,3.69,3.45,3.67,3.82,3.35,3.79,3.46,3.21,4.29,3.57,4.01,3.46,3.8,3.65,3.78,3.78,3.52
CYP1A1,3.89,3.9,4.06,3.81,4.32,4.05,4.57,4.09,4.01,3.97,4.07,3.87,3.78,4.02,3.96,4.23,4.24,3.95,3.99,4.08,4.2,3.98,4.05,4.18,3.85,4.26,4.5,4.21,4.2,4.88,4.27,4.47,4.07,3.71,3.94,4,3.98,3.98,4.07,4.37,4.01,4.12,4.05,5.55,4.19,4.33,4.37,3.9,3.97,3.87
CYP1A1,3.8,3.91,3.94,4.1,4.17,4.69,4.17,3.94,3.91,3.92,3.9,3.96,3.79,4.02,3.95,3.68,4.12,3.84,4.01,3.99,3.92,4.24,3.76,3.99,4.25,3.99,3.94,3.88,3.96,4.21,4.21,5.25,4.06,3.96,3.71,4.11,3.63,4.13,3.99,4.26,3.8,4.22,3.92,5.47,4.03,4.77,4.05,3.87,3.8,4.07
CYP1A2,4.82,4.41,4.78,4.54,4.55,4.18,4.77,4.96,4.57,4.45,4.63,4.69,4.28,4.71,4.71,4.73,4.34,4.62,4.47,4.39,4.49,4.66,4.5,4.19,4.15,4.52,4.75,4.54,4.72,5.53,5.3,5.65,4.51,4.4,4.51,4.45,4.09,4.6,5.19,4.51,4.33,4.42,4.32,5.97,3.93,4.81,4.83,4.14,4.58,5.33
CYP1A2,7.2,7.36,7.13,7.44,7.66,7.65,7.8,7.12,7.2,7.13,7.38,7.15,7.73,9.56,7.17,7.41,7.08,7.41,7.17,7.14,7.2,7.38,7.48,7.24,7.2,6.87,6.99,7.24,7.64,6.81,10.06,8.72,7.05,7.17,7.14,6.68,7.41,7.07,8.16,6.97,7.24,7.28,7.3,9.22,7.69,7.73,7.32,7.34,6.94,9.91
CYP1B1,10.83,10.85,10.65,10.49,11.18,10.98,10.86,10.6,10.94,10.7,10.81,10.12,9.99,10.18,11,11.24,11.52,11.14,11.1,11.12,11.07,10.67,10.68,10.5,10.43,10.55,11.07,10.96,11.38,10.77,9.86,10.49,11.59,11.25,11.24,11.39,11.45,11.29,10.66,10.65,10.62,11.04,10.94,9.8,11.49,11.45,11.52,10.53,10.66,8.7
CYP1B1,10.48,10.52,10.11,9.95,10.28,10.33,10.21,9.9,10.37,10.42,10.58,9.59,9.44,9.55,10.83,10.95,11.22,10.77,10.74,10.93,10.6,10.36,10.52,10.36,10.21,10.19,10.57,10.63,10.8,9.55,9.01,9.14,11.07,10.62,10.98,11.18,10.87,10.58,10.06,9.99,10.02,10.69,10.39,9.43,10.83,10.98,11.17,9.92,10.06,8.68
CYP1B1,10.13,10.57,9.92,10.05,10.55,10.39,9.55,9.72,10.43,10.13,10.44,9.83,9.96,9.75,10.25,10.39,10.8,10.3,10.43,10.57,10.28,10,10.58,9.71,9.91,9.87,10.28,10.47,10.96,10.31,10.26,10.26,10.73,10.6,10.58,10.72,10.91,10.73,9.86,9.93,9.95,10.36,10.43,10.82,10.55,10.54,10.77,10.11,10.56,9.85
CYP1B1,6.03,5.85,6.13,5.93,5.93,6.15,5.83,5.62,5.93,6.15,5.85,5.38,5.74,6.02,6.1,6.2,6.7,6.57,6.4,6.93,6.11,5.6,5.73,6.24,5.96,6.01,5.98,6.44,5.97,6.23,7.11,6.79,6.86,6.2,6.54,6.61,6.13,6.29,6.27,5.81,5.72,5.76,5.89,6.44,5.84,6.02,6.39,6.04,5.38,5.78
CYP1B1,7.99,7.33,7.24,7.14,7.06,7.32,7.47,7.03,7.6,7.73,6.89,6.65,6.29,5.96,8.15,8.29,8.74,8.24,8.3,8.52,8.09,7.47,7.23,7.73,7.24,7.66,7.84,7.86,7.91,6.06,5.91,5.82,8.81,7.95,8.31,8.39,8.08,7.99,7.55,7.43,7.29,7.34,7.25,4.41,8.17,8.34,8.59,7.26,7.25,4.81
CYP20A1,8.91,9.19,9.14,9.04,9.3,9.17,8.9,9,8.93,9.02,9.08,9.04,8.97,10.1,9.1,9.03,9.12,9.15,9.26,9.3,8.8,8.91,9.21,9.21,9.08,9.02,9.01,9.02,8.83,7.97,9.32,9.84,8.62,8.91,8.95,9.15,9.12,8.9,9.07,9.12,8.96,9.17,9.17,10.11,8.9,8.74,8.98,8.9,8.75,9.96
CYP20A1,9.53,9.41,9.37,9.37,9.32,9.07,9.35,9.32,9.42,9.39,9.2,9.37,9.27,8.52,9.43,9.48,9.46,9.48,9.43,9.54,9.39,9.36,9.32,9.5,9.49,9.48,9.49,9.46,9.37,8.62,7.36,8.22,9.87,9.95,10,9.44,9.37,9.52,9.04,9.39,9.32,9.26,9.19,8.33,9.4,9.3,9.3,9.4,9.26,8.25
CYP20A1,8.67,8.55,8.48,8.52,8.16,8.33,7.62,8.24,8.81,8.58,8.49,8.49,8.62,7.42,8.57,8.48,8.6,8.49,8.62,8.93,8.45,8.41,8.67,8.74,8.74,8.64,8.66,8.45,8.48,7.53,6.24,6.02,8.77,9.01,8.88,8.5,8.42,8.41,7.75,8.65,8.51,8.2,8.43,6.9,8.21,8.52,8.42,8.53,8.39,6.78
CYP21A2,4.09,4.06,4.29,4.21,4.62,4.55,5.41,4.37,3.97,4.21,4.46,4.12,4.15,6.05,4.52,4.2,4.19,4.48,4.54,4.4,3.8,4.01,4.23,4.5,3.98,4.3,4.46,4.37,4.38,4.52,5.8,4.64,4.19,4.17,4.31,4.12,4.23,4.23,4.9,5.13,4.5,4.58,4.53,6.14,4.5,4.07,4.55,4.3,4.12,5.67
CYP21A2,4.39,4.24,4.26,4.38,4.17,4.67,4.24,4.13,4.18,4.86,4.32,4.34,4.25,4.12,4.02,4.42,4.15,4.7,4.26,4.29,4.22,4.28,4.21,4.24,4.27,3.95,4.25,4.51,4.06,4.09,5.35,6.21,4.07,4.33,4.25,4.29,4.12,4.21,3.93,4.09,4.24,4.12,3.92,5.2,4.24,4.11,4,3.98,4.18,4.58
CYP24A1,3.46,3.43,3.5,3.35,3.74,3.5,3.98,3.89,3.29,3.27,3.52,3.53,3.39,3.92,3.77,3.43,3.56,3.46,3.7,3.42,3.4,3.42,3.44,3.35,3.53,3.85,3.55,3.45,3.47,4.65,3.94,5.28,3.66,3.7,3.6,3.43,3.57,3.49,4.11,3.44,3.67,3.63,3.55,4.17,3.53,3.55,3.55,3.88,3.51,4.95
CYP24A1,4.76,5.26,4.5,4.57,4.91,4.37,4.34,4.46,4.88,4.77,5.01,4.92,4.71,5.75,4.43,4.49,4.65,4.96,4.45,4.44,4.73,4.86,5.14,4.67,4.51,4.71,4.48,4.87,4.78,4.6,5.23,4.16,4.98,4.81,4.68,4.46,4.52,4.4,4.54,4.43,4.76,4.58,5.03,6.36,4.94,4.37,4.45,4.87,4.49,5.6
CYP24A1,4.17,4.17,3.82,4.12,4.15,4.31,4.46,3.85,4.01,3.96,4.15,4.09,4.08,5.1,3.62,3.93,3.91,4.21,4.12,4.07,4.55,4.03,4.12,4.07,4.11,4.1,3.94,3.94,4.39,5.41,4.82,4.81,3.91,4.12,3.63,3.69,4.09,4.1,4.4,3.8,3.75,3.96,4.08,5.25,3.96,3.97,4.05,4.11,3.98,4.29
CYP26A1,4.14,4.49,3.99,3.89,4.22,4.05,5.02,4.46,4.08,4.16,4.31,4.03,4.2,5.47,3.97,3.8,3.82,3.75,3.95,3.99,3.95,4.07,4.04,4.05,4.15,3.6,3.95,4.14,4.71,5.12,5.58,4.94,3.88,3.91,3.87,4,3.75,3.92,4.24,4.08,4.29,4.2,3.82,5.47,3.8,3.71,3.88,4.15,4.19,4.56
CYP26B1,3.85,3.83,3.79,3.88,3.89,3.7,3.94,4.23,3.78,4.01,3.96,3.8,4.14,5.06,3.8,3.92,3.75,3.52,3.95,3.92,4.07,4.05,4.14,3.6,4.23,3.93,3.69,3.92,3.58,3.95,4.79,4.01,3.75,3.91,3.86,4.01,4.13,3.61,3.85,3.83,3.79,4.16,3.69,4.28,3.86,4.29,3.96,3.91,3.77,6.02
CYP26B1,3.74,3.7,3.91,3.89,3.76,3.78,4.47,3.82,3.79,3.86,3.84,3.79,3.91,4.44,3.71,3.8,3.95,4.03,3.89,4.21,3.9,3.98,3.95,3.97,3.74,4.01,4.09,4.13,3.95,3.78,5.37,3.8,3.81,3.8,4.12,3.58,3.61,4.12,4.11,3.75,3.87,3.79,3.62,3.85,3.79,4.58,3.65,3.96,3.69,4.49
CYP26C1,3.83,3.86,3.85,3.82,4.08,3.93,4.1,4.36,3.75,3.75,3.71,3.99,3.83,4.12,3.85,3.96,3.95,4.18,3.95,4,3.73,3.63,3.94,4.04,3.99,3.77,3.88,3.74,4.11,4.95,4.61,3.81,3.89,3.92,4.03,3.82,4.07,3.92,4.57,3.75,3.92,3.87,3.97,4.97,3.7,3.96,4,3.92,3.88,4.86
CYP27A1,5.86,5.81,6.14,5.81,5.8,6.29,5.71,6.26,5.97,5.94,6.07,6.01,6.04,6.77,6.01,6.26,6.12,6.05,5.63,5.81,6.19,6.18,6.02,6.09,6.26,5.8,5.61,5.98,5.89,5.53,6.35,5.79,5.75,6.12,6,6.31,6.33,6.2,5.64,5.97,5.85,6.63,6.12,6.61,6.42,5.73,5.96,5.97,5.51,6.43
CYP27B1,7.43,7.28,7.7,7.71,7.8,7.81,7.05,7.92,7.37,7.66,7.91,7.31,7.18,7.49,7.2,7.41,7.32,7.17,7.27,7.21,6.53,7.1,7,7.16,7.27,6.98,7.52,7.68,7.82,7.33,8.14,6.19,7.08,7.31,7.54,7.32,7.34,7.42,7.33,7.62,7.28,7.48,7.27,7.52,7.24,7.38,7.72,7.44,7.7,7.74
CYP27B1,4.27,4.7,4.91,4.72,4.73,5.08,5.13,5.58,4.96,4.93,4.53,4.62,4.53,4.94,4.74,4.73,4.78,4.67,4.69,4.75,4.79,4.59,4.66,4.67,4.89,4.72,4.97,4.9,4.83,5.36,5.22,5.29,4.3,4.74,4.55,4.83,4.65,4.88,4.4,4.85,4.88,4.39,4.49,4.22,4.47,4.89,5.08,4.52,5.05,3.98
CYP27C1,4.45,4.48,3.94,4.19,3.9,4.15,4.7,3.95,4.35,4.3,4.31,4.49,4.68,4.42,3.82,3.81,3.87,3.88,4.11,3.95,4.62,4.41,4.61,4.04,3.85,3.79,4.08,4.29,4.34,5.15,5.08,4.5,4.34,4.43,3.77,3.87,4.15,3.73,5.29,3.85,4.08,3.86,4.32,4.56,4.09,3.9,3.69,4.05,4.05,4.44
CYP2A13,4.16,4.06,4.1,4.28,4.7,4.18,4.14,4.48,4.1,4.13,4.08,4.03,3.92,4.98,4.21,4.06,4.26,4.05,4.27,4.31,4.17,4.11,4.08,4.19,4.24,4.09,4.09,3.97,4.11,4.97,5.62,6.34,4,4.18,4.06,4.24,4.53,4.1,4.12,4.32,4.45,4.4,4.5,5.18,3.97,4.81,4.22,4.32,4.02,5.2
CYP2A13 /// CYP2A6 /// CYP2A7,4.25,4.32,4.01,4.35,4.35,4.72,5.65,4.44,4.41,4.43,4.5,4.69,4.65,4.49,4.36,4.74,4.28,4.07,4.37,4.3,4.25,4.27,4.19,4.23,4.33,4.12,4.23,4.45,4.09,4.72,5.3,4.75,4.8,4.72,4.72,4.26,4.2,4.26,4.5,4.24,4.23,4.36,4.45,4.89,4.35,3.95,4.29,4.44,4.27,5.36
CYP2A6,4.08,3.93,4.15,3.99,4.12,3.84,3.85,4.18,4.03,3.91,4.16,4.01,4.12,3.84,3.99,4,4.08,4.25,4.27,4.25,4.16,4.22,4.31,3.98,4.02,4.07,4.11,4.03,4.01,4.26,4.63,4.58,4.07,3.97,3.85,4.01,4.17,4.05,4.34,3.91,4.45,3.91,4.28,4.56,3.85,4.37,4.13,4.03,4.03,4.39
CYP2A6 /// CYP2A7,3.97,3.78,4.17,3.67,3.58,3.77,4.05,3.98,3.72,3.89,3.89,3.76,3.69,4.02,3.78,3.92,3.92,3.69,3.67,3.74,3.93,3.95,3.74,3.75,3.79,3.54,4.04,3.77,3.93,4.59,3.97,4.27,3.95,3.8,3.96,3.84,3.99,3.86,4.37,4.14,3.82,3.94,3.77,3.52,3.71,3.75,3.5,3.98,3.94,3.79
CYP2B6,3.87,3.76,3.8,3.93,4.19,4.23,5.54,3.71,3.64,3.57,4.1,4.05,3.83,4.49,3.65,3.62,3.93,3.7,3.39,3.46,3.78,3.58,3.84,3.84,3.7,3.87,4.04,3.78,3.69,7.04,6.18,5.58,4.04,3.66,3.72,3.92,3.56,3.7,4.14,3.68,3.94,3.93,4.55,5.32,3.93,4.21,3.96,3.74,3.94,4.25
CYP2B6,4.93,5.03,5.02,5.06,4.97,4.7,5.5,4.91,5.24,4.98,5.71,5.35,4.86,5.59,5.1,5.11,5,5.05,4.62,5.17,5.02,5.52,4.93,4.71,5.18,4.57,4.95,5.33,5.19,5.91,4.5,5.86,5.18,5.15,5.38,4.93,4.97,5.11,5.66,4.93,4.95,4.84,4.94,6.43,4.88,5.21,5.01,4.96,4.87,6.85
CYP2B6,3.83,3.91,3.67,3.89,3.95,3.85,5.04,4.15,3.75,3.84,3.91,3.79,3.78,4.57,3.77,4.09,3.8,3.78,3.93,3.88,4.04,3.87,3.84,3.92,4.14,3.71,3.9,3.59,3.78,4.18,5.5,4.98,3.8,3.64,3.83,3.82,4.19,3.76,4.9,3.93,4.02,4.17,4.08,4.95,3.9,4.42,3.99,3.62,3.88,5.49
CYP2B6 /// CYP2B7P1,5.01,5.32,4.98,4.7,4.76,4.51,5.38,4.82,4.78,4.88,5.05,5.22,5.33,4.7,4.8,5.16,4.52,4.68,4.82,4.73,5.04,4.8,4.92,4.42,5.02,4.9,4.63,4.68,4.72,5.28,5.35,6.29,5.26,5.09,5.23,4.74,4.67,4.74,4.99,4.45,4.84,4.79,4.78,5.47,4.46,4.66,4.8,4.93,4.62,4.63
CYP2B7P1,5.82,5.65,5.88,5.86,5.74,6.1,5.94,6.05,5.8,5.81,6.43,5.79,5.64,7.65,5.91,5.89,5.89,5.73,5.67,5.8,5.65,6.06,5.93,5.66,5.74,5.63,5.68,6.1,5.92,6.31,6.85,6.7,5.71,5.55,6.21,5.57,5.76,5.75,6.11,5.75,5.74,5.91,6.08,8.04,5.59,5.56,6.34,5.71,5.69,8.77
CYP2B7P1,5.87,6.24,5.85,6.22,6.22,6.23,6.73,5.82,6.23,5.83,6.55,5.8,5.9,7.93,5.99,6.11,5.92,6.02,6.13,5.92,5.87,6.26,6.04,5.71,6.13,5.68,6.4,6.17,6.3,6.18,7.26,6.21,5.64,6.11,6.37,5.74,5.91,5.7,6.85,5.75,6.08,6.09,6.11,8.16,5.92,6.35,6.18,5.98,5.68,7.89
CYP2C18,4.98,4.86,4.72,4.94,5.11,4.64,4.37,5.18,4.99,4.94,5.17,5.07,4.94,6.06,4.89,5.04,4.82,4.77,4.89,4.73,5.02,4.85,4.63,5.06,5.14,4.92,5.01,5.18,4.98,4.59,5.82,5.97,4.81,4.98,4.83,4.81,5.45,4.85,5.57,5.18,5.09,5.09,5.22,6.06,5.36,5.41,5.43,5.24,4.93,6.13
CYP2C18,3.99,4.59,3.86,3.89,3.79,3.63,3.35,3.78,3.93,3.93,4.32,4.15,4.14,3.52,3.92,3.91,3.75,3.49,3.61,3.68,3.98,4.05,4.26,3.59,4.01,3.71,3.7,3.61,3.87,4.09,3.82,3.72,3.96,3.88,3.68,3.99,3.69,3.6,3.35,3.82,3.7,3.62,4.01,4.54,4.44,3.75,3.63,3.85,3.87,3.32
CYP2C18,3.38,3.63,3.42,3.66,3.33,3.73,3.58,3.26,3.45,3.53,3.32,3.54,3.54,3.55,3.3,3.3,3.47,3.53,3.44,3.48,3.6,3.58,3.46,3.36,3.49,3.38,3.46,3.67,3.25,4.33,3.64,3.88,3.55,3.58,3.47,3.38,3.1,3.81,4.27,3.37,3.4,3.41,3.66,3.9,3.34,3.41,3.72,3.66,3.67,3.98
CYP2C19,3.69,3.79,3.68,3.8,3.87,3.79,4.12,4.05,3.79,3.84,3.8,3.86,3.93,4.11,3.74,3.83,3.69,3.71,3.52,3.64,4.14,3.78,3.68,3.46,3.63,3.59,3.86,3.58,3.9,4.62,4.87,4.71,3.93,4.02,3.67,3.43,4.47,3.7,4.59,3.83,3.77,3.69,3.7,3.8,3.86,3.85,3.78,3.9,3.79,4.07
CYP2C19,3.81,3.99,4.1,3.81,3.78,3.84,4.74,3.86,3.84,3.91,3.93,3.95,4.05,3.96,3.73,4.11,3.71,4.02,3.88,3.83,3.86,3.87,3.99,3.86,3.72,3.74,4.11,4.04,3.84,5.71,4.69,5.39,3.81,3.79,4,3.74,3.83,3.66,4.67,3.68,3.68,3.87,4.31,4.2,3.64,4.19,4.01,4.04,3.82,4.49
CYP2C8,3.6,3.9,3.73,3.71,3.84,3.76,3.82,3.51,3.6,3.72,3.68,3.94,3.79,4.86,3.64,3.8,3.8,3.94,3.7,3.68,3.72,3.66,3.7,3.85,3.65,3.56,3.69,3.73,3.78,4.15,5.72,4.03,3.89,3.7,3.5,3.59,4.02,3.52,3.98,3.41,3.48,3.8,3.79,7.13,3.94,3.75,3.71,3.66,3.66,5.75
CYP2C8,3.5,3.54,3.6,3.33,3.85,3.66,3.76,3.49,3.45,3.44,3.37,3.64,3.51,4.23,3.49,3.44,3.43,3.55,3.61,3.44,3.54,3.5,3.39,3.45,3.45,3.4,3.39,3.5,3.46,3.9,4.6,4.34,3.53,3.44,3.36,3.53,3.53,3.48,3.79,3.75,3.55,3.53,3.56,5.27,3.73,3.53,3.47,3.49,3.46,4.28
CYP2C8,3.46,3.46,3.69,3.49,4.83,3.74,4.13,3.45,3.43,3.7,3.62,3.36,3.49,5.22,3.62,3.58,3.43,3.48,3.58,3.63,3.48,3.57,3.43,3.74,3.47,3.41,3.54,3.68,3.73,3.9,5.38,4,3.62,3.46,3.41,3.49,3.49,3.44,3.93,3.48,3.53,3.61,3.61,4.2,3.55,3.62,3.66,3.55,3.82,5.15
CYP2C9,3.98,4.05,4.14,4.09,4.41,4.55,4.52,4.51,4.11,4.28,4.26,4.28,4.23,5.58,4.25,4,4.1,4.18,4,3.87,4.44,4.27,3.97,3.9,4.16,4.08,4.21,4.04,3.97,4.91,4.52,5.79,4.25,4.17,4.29,4.3,4.01,4.07,4.67,4.11,4.01,4.28,4.69,4.89,3.82,4.22,3.95,3.88,4.19,6.17
CYP2C9,4.01,3.98,3.81,4.12,4.41,4.1,4.17,4.22,3.94,4.06,4.24,4.13,4.18,7.04,4.29,3.8,3.95,3.99,3.98,3.97,3.91,4.25,4.04,3.85,3.89,3.79,3.81,4.29,4.03,5.28,6.05,5.09,3.9,3.85,4.27,3.94,4.03,4.24,4.84,4.03,3.84,4.16,4.35,5.54,4.03,4.38,4.33,4.13,3.98,4.51
CYP2C9,3.89,3.96,4.1,4.15,3.84,3.82,3.6,3.89,3.81,3.69,4.43,3.88,4.17,4.66,4,4.02,3.9,3.58,3.68,3.7,3.97,4.25,3.93,4.24,3.7,3.66,4.07,3.81,3.84,4.45,3.96,5.28,3.67,4.13,3.93,4.08,3.49,3.83,3.33,3.48,3.5,4.04,4.07,4.37,3.71,3.71,3.63,3.58,3.67,4.95
CYP2C9,3.87,4.01,4.11,3.83,4.3,4.13,5.2,3.7,3.84,3.8,4.06,4.22,3.98,3.89,3.78,3.89,3.86,4,3.61,4.12,3.73,3.82,3.78,3.9,4.29,4.18,3.71,3.52,4.13,4.99,6.93,4.03,3.79,3.92,3.93,3.84,3.73,3.63,3.95,3.92,3.96,3.97,3.78,5.31,4.06,3.9,3.55,3.57,3.71,4.04
CYP2D6,5.53,5.43,5.44,5.77,5.61,5.9,5.45,5.69,5.6,5.67,5.97,5.83,5.49,6.35,5.65,5.65,5.52,5.3,5.3,5.43,5.31,5.41,5.74,5.5,5.58,5.51,5.45,5.96,5.62,5.23,7.29,6.8,5.32,5.45,5.73,5.59,5.91,5.36,6.78,5.25,5.73,5.96,5.62,5.97,5.41,5.94,6.08,5.86,5.53,6.28
CYP2D6 /// CYP2D7P1,4.8,4.71,5.22,5.14,5.07,5.22,4.88,5.62,5.25,4.95,4.98,4.75,5.18,4.9,4.79,5.24,4.92,4.93,4.81,4.89,5.24,4.95,4.9,4.84,4.99,5.22,4.92,5.1,5.08,5.63,7.42,6.53,5.16,5.02,5.07,4.81,5.23,4.95,4.66,5.06,5.04,5.16,5.15,5.11,5.57,5.81,5.17,5.39,5.17,5.45
CYP2E1,5.18,5.08,4.99,5.07,5.28,4.96,5.9,4.99,5.22,5.13,4.96,5.16,5.24,5.44,4.87,5.13,5.15,5.24,5.59,5.33,5.06,5.16,5.21,5.4,5.27,4.91,5,5.11,5.25,5.6,6.42,5.72,4.89,4.7,4.97,5.06,4.71,5.24,5.04,5.14,5.13,5.8,5.17,5.32,5.53,5.9,5.23,5.04,5.55,5.31
CYP2E1,5.7,5.66,6.18,6.05,5.77,5.86,5.74,6.23,5.5,5.56,5.91,5.54,5.59,6.17,5.62,5.97,5.63,6.01,5.92,6.24,5.78,5.95,6.22,5.7,5.99,5.97,6.07,5.58,6.22,6.8,6.41,6.4,5.39,5.57,5.4,5.97,5.62,5.58,6,5.68,6.15,6.65,5.94,6,6.35,6.17,6.97,5.66,6.04,5.58
CYP2F1,4.02,4.29,3.93,4.32,4.59,4.65,4.11,4.25,4.07,4.37,4.31,4.18,4.26,5.3,4.47,4.06,4.3,4.53,4.16,4.16,4.58,4.48,4.32,4.23,4.17,4.23,4.4,4.3,4.23,5.47,4.38,4.54,4.13,4.32,4.76,4.17,4.33,4.26,4.3,4.54,4.26,4.45,4.35,4.49,4.72,4.91,4.06,4.18,4.15,5.55
CYP2F1,4.32,4.1,4.51,4.36,4.87,4.29,5.35,4.67,4.42,4.43,4.42,4.36,4.34,7.23,4.27,4.42,4.43,4.54,4.22,4.29,4.45,4.38,4.39,4.24,4.4,4.46,4.44,4.31,4.53,5.49,4.74,7.61,4.1,4.39,4.32,4.43,4.86,4.08,5.76,4.57,4.3,4.83,4.53,6.55,4.43,4.63,4.52,4.66,4.48,5.35
CYP2F1,4.94,4.72,4.93,5.34,5.23,5.37,6.02,5.62,4.99,5.02,5.3,5.19,5.03,6.69,5.17,5.23,5.04,5.04,5.04,4.96,5.19,5.26,4.92,4.99,5.2,5.08,5.02,5.03,5.19,5.47,7.44,7.02,4.89,5.1,5.18,4.9,5.07,4.89,5.38,5.04,5.18,5.17,4.94,5.19,5.08,5.23,5.42,5.48,5,7.31
CYP2F1,5.01,5.03,4.88,5.03,5.53,5.67,4.93,5.31,5.01,4.84,4.88,5.22,5.25,6.62,5.23,4.99,5.31,5.12,5.24,5.25,4.82,5.19,4.98,4.84,5.05,5,5.11,5.33,4.94,5.98,7.11,6.55,5.04,5,5.25,4.83,5.39,5.23,5.26,4.81,4.95,4.92,4.96,5.54,5.61,5.61,5.27,5.19,5.19,6.29
CYP2J2,4.59,4.85,4.78,5.12,5.7,4.5,4.75,4.72,4.53,4.72,4.77,4.62,4.69,5.37,4.64,5.16,4.42,4.87,4.51,4.59,4.67,4.98,4.78,4.59,5.01,4.75,4.94,4.54,4.75,5.18,6.18,4.64,4.64,4.82,4.49,4.76,4.83,4.56,4.98,4.6,4.48,4.71,4.66,6.6,4.78,4.92,4.58,4.61,4.74,4.78
CYP2R1,7.18,7.18,7.44,7.35,7.16,7.31,6.22,7.4,7.3,7.32,7.38,7.15,6.92,5.14,6.88,7,7.13,7.49,7.52,7.41,7.23,7.36,7.45,7.17,6.99,6.83,7.28,7.15,7.39,7.76,4.71,4.84,6.84,7.23,7.14,7.15,6.37,6.89,6.17,7.42,7.29,8.03,7.66,5.33,7.94,7.77,7.74,7.57,7.56,5.18
CYP2S1,3.64,3.96,4.1,3.93,4.47,4,4.54,4.19,3.76,3.86,4.17,4.23,3.99,6.32,3.76,3.96,3.94,4.07,4,4.06,4.02,4,3.94,3.92,4.06,3.78,3.84,4.01,4.2,5.38,4.9,5.42,3.9,3.66,3.92,3.65,3.91,3.8,5.22,3.72,3.63,4.08,3.92,4.2,4.06,4.14,3.92,3.84,3.62,6.09
CYP2S1,3.86,3.54,3.62,3.78,4.05,4.13,3.62,3.93,3.58,3.74,3.66,3.54,3.58,4,3.72,3.44,3.66,3.66,3.95,3.49,3.9,3.55,3.83,3.49,3.74,3.64,3.57,3.75,3.79,6.26,6.25,4.41,3.6,3.67,3.59,3.38,3.87,3.47,3.58,3.57,3.45,3.68,3.95,4.03,3.72,3.7,3.46,3.57,3.37,4
CYP2U1,4.39,4.95,4.19,4.49,4.07,4.11,4.25,4.38,4.4,4.47,4.65,4.65,4.46,4.69,4.45,4.11,4.2,4.16,4.42,4.53,4.6,4.44,4.58,4.54,4.2,4.15,4.35,4.35,4.6,4.06,5.08,4.38,4.17,4.17,4.28,4.39,4.76,4.27,4.46,4.16,4.14,4.26,4.17,4.47,4.23,4.43,4.37,4.06,4.46,5.09
CYP2U1,4.66,4.63,4.28,4.46,4.53,4.24,4.11,4.16,4.65,4.34,4.49,4.61,4.44,4.39,4.27,4.2,4.19,4.12,4.16,4.44,4.54,4.49,4.58,4.45,4.45,4.24,4.23,4.46,4.44,4.66,4.75,3.92,4.41,4.25,4.92,4.82,4.33,4.18,4.39,4.37,4.23,4.03,4.02,4.06,4.39,3.76,4.02,4.32,4.68,4.56
CYP2U1,4,4.55,4.15,4.41,4.07,3.87,3.95,3.91,4.3,4.35,4.23,4.23,4.54,4.05,3.92,4.04,4.15,4.29,4.13,3.96,4.63,4.12,4.25,3.7,3.9,4.07,3.88,3.92,3.95,4.62,3.63,5.06,4.19,4.16,4.09,4.25,4.11,4.25,4.37,4.25,3.96,3.58,4.1,4.36,3.85,4.1,3.9,3.75,4.21,4.12
CYP2U1,5.35,5.42,5.63,5.75,5.68,5.34,4.78,5.3,5.62,5.59,5.77,5.77,5.47,6.02,5.73,5.44,5.8,5.8,5.54,5.43,5.38,5.64,5.41,5.92,5.84,5.69,5.6,5.81,5.54,4.22,5.73,8.63,5.42,5.93,5.76,6.1,5.45,5.61,5.27,5.69,5.46,5.02,5.4,4.99,5.15,5.36,5.7,5.32,5.64,6.58
CYP2U1,3.84,3.97,4.07,3.85,4.71,4.06,4.5,3.71,3.92,3.95,4.09,4.17,4.12,4.65,3.93,4.16,3.81,4.21,4.23,4,3.93,3.74,3.82,4.28,4.23,3.87,3.71,3.86,3.86,4.17,4.85,4.76,3.84,4.06,3.88,4.03,4.14,4.01,4.17,4.06,3.76,4,4,5.05,3.68,3.92,4.08,3.89,4.02,4.88
CYP2U1,4.53,4.12,4.82,4.99,3.31,3.86,5.17,4.7,4.64,4.52,4.29,4.39,4.29,3.44,4.67,4.58,4.62,4.43,4.86,4.53,4.43,4.26,4.28,4.69,4.58,4.2,4.37,4.7,3.72,3.57,3.77,4.46,4.15,4.44,4.74,4.99,3.8,4.37,3.58,4.35,4.08,4.12,4.07,3.58,4.62,3.9,4.27,4.39,4.06,3.99
CYP2W1,4.86,5.01,5.29,4.71,5.39,4.95,5.11,4.88,5.01,5.2,5.06,5.06,4.92,7.08,4.96,5.38,4.73,4.91,5.04,4.9,5.28,5.11,4.92,4.74,4.66,4.91,4.89,4.85,5.39,5.63,6.26,5.58,5.02,4.96,5,5.12,5.21,4.99,6.16,5.03,4.59,4.62,4.66,6.59,4.71,5.3,5.22,5.03,4.81,6.27
CYP39A1,3.56,3.59,3.74,3.76,4.12,3.34,3.53,4.08,3.46,3.58,3.53,3.55,3.68,4.43,3.66,3.64,3.28,3.85,3.6,3.83,3.86,3.58,3.45,3.56,3.66,3.27,3.5,3.55,3.54,4.27,4.17,4.44,3.52,3.41,3.47,3.5,4.31,3.67,3.77,3.69,3.79,3.64,3.59,5.32,4.04,4.04,3.52,3.65,3.54,3.7
CYP39A1,3.93,3.91,3.7,3.74,3.98,4.03,4.08,3.71,3.79,3.84,3.71,4.01,3.91,4.12,3.77,3.68,3.88,3.9,3.96,3.74,3.93,3.75,3.87,3.73,3.7,3.74,3.89,3.99,3.92,4.85,4.41,5.66,3.96,3.93,3.65,3.72,4.19,3.81,4.57,3.79,3.95,3.71,4,5.25,3.92,3.87,3.77,3.85,3.85,4.18
CYP39A1,4.7,4.72,4.37,4.88,4.83,4.43,4.47,4.73,4.89,4.95,4.94,4.47,4.76,5.84,4.61,4.56,4.77,4.72,4.61,4.62,4.82,4.81,4.43,4.39,4.37,4.43,4.5,4.84,4.47,4.35,7.28,5.23,4.78,4.56,4.57,4.63,4.41,4.5,5.74,4.64,4.28,4.6,4.38,4.71,4.19,4.05,4.42,4.59,4.9,6.49
CYP3A4,4.3,4.55,4.26,4.23,4.16,4.61,5.86,4.15,4.16,4.24,4.54,4.21,4.24,5.1,4.44,4.36,4.09,4.32,4.11,4.16,4.14,4.24,4.58,4.15,4.23,4.21,3.96,4.42,4.85,5.85,6.4,4.52,4.63,4.65,4.32,4.19,4.04,4.03,4.4,4.51,3.99,4.48,4.74,6.28,4.06,4.62,4.29,4.28,4.16,6.31
CYP3A4,3.87,3.72,3.61,3.78,4,3.65,4.26,4.11,3.68,3.87,3.66,3.76,3.62,4.63,3.96,3.6,3.79,3.76,3.57,3.96,3.86,3.6,3.57,3.87,4.14,3.58,3.76,3.6,3.76,4.14,4.33,3.99,3.83,3.99,3.78,3.66,4.17,3.97,5.08,3.99,3.55,3.5,3.85,4.28,4.25,3.55,4.03,3.84,3.53,5.07
CYP3A4,4.22,3.89,3.94,4.13,4.93,4.37,5.25,4.32,3.95,4.18,4.23,4.29,3.82,6.47,4.13,4.14,4.31,4.37,3.9,4.3,4,4.2,4.26,3.85,4.07,4.2,4.16,3.98,4.25,5.39,6.36,6.76,4.15,4.11,4.11,4.23,4.41,4.3,4.84,3.86,4.06,4.51,3.99,5.25,4.08,4.79,4.94,4.44,4.17,5.28
CYP3A4,4.81,4.86,4.74,4.58,4.98,5.12,5.13,4.86,4.74,4.62,4.72,5.05,4.69,5.46,4.94,4.34,4.96,5.1,4.49,4.61,4.59,4.81,4.57,4.71,4.38,4.57,4.76,4.86,5.07,4.91,6,5.67,4.86,4.74,4.4,4.58,4.75,4.73,5.31,4.59,4.63,4.65,4.95,5.27,5.17,4.5,4.45,4.72,4.56,5.89
CYP3A43,3.6,3.58,3.77,3.74,3.58,4.02,4.87,3.7,3.64,3.53,3.61,3.54,3.73,3.8,3.43,3.71,3.63,3.64,3.6,3.63,3.44,3.67,3.6,3.72,3.53,3.81,3.46,3.58,3.6,4.28,3.73,4.04,3.62,3.65,3.85,3.63,3.58,3.64,4.01,3.73,3.69,3.68,3.68,4.26,3.59,3.57,3.45,3.53,3.66,4.18
CYP3A5,3.82,4.07,3.82,3.93,4.99,3.92,4.84,3.85,3.83,3.62,3.9,3.87,3.92,5.11,3.87,4.17,3.87,4.06,3.83,3.89,4.1,4.04,4.13,3.9,4.07,4,4.04,4.06,4.04,5.66,5.81,5.33,4.18,3.73,3.93,4.15,3.9,4.18,4.73,4.63,3.92,3.92,3.6,5.63,4.08,3.68,4.14,4.18,3.89,5.01
CYP3A5,3.81,3.62,3.74,3.86,3.99,3.58,4.89,3.71,3.66,3.69,3.81,3.87,3.58,3.83,3.73,3.6,3.48,3.64,3.48,3.59,3.83,3.73,3.63,3.56,3.91,3.58,3.72,3.82,3.72,3.8,5.15,4.96,3.76,3.83,3.86,3.73,4.19,4.04,4.09,3.73,3.61,3.88,3.74,4.86,3.74,3.84,4.15,3.72,3.59,3.9
CYP3A5,4.02,4.34,3.97,4.15,4.24,4.32,4.05,3.89,4.12,4.15,4.24,4.41,4.44,5.16,3.9,4.34,4.06,4.34,4.29,3.9,3.9,4.2,4.15,3.99,4.1,3.77,3.88,4,4.19,4.72,4.49,4.79,4.1,3.85,3.83,4.18,4.53,3.87,4.09,3.82,3.83,4.22,4.13,4.92,3.73,3.99,4.13,3.76,3.92,4.01
CYP3A7,4.09,4.22,3.88,4.09,4.09,3.94,4.05,3.95,4.05,3.82,4.04,4.05,4.12,4.24,3.94,3.76,4.24,3.9,4.01,4.17,4.08,4.36,4.01,3.86,4.34,4.03,4.18,4.37,4.27,4.42,4.5,5.31,3.88,4.39,4.45,4.2,4.26,4.08,5.39,4.01,3.88,4.34,4.44,4.02,3.72,3.8,3.89,4.18,4.35,4.36
CYP3A7,3.79,3.55,3.93,4.05,4.12,3.96,3.61,3.82,3.87,3.81,3.98,4,3.75,4.23,3.67,4.16,3.84,3.76,4.33,3.85,3.5,3.7,3.94,3.96,3.99,3.92,3.81,3.78,4.01,4.73,5.96,4.82,3.63,3.65,4.04,3.79,4.04,4.06,6.05,4,3.86,3.66,3.63,4.8,4.24,3.8,4.17,3.62,3.68,4.23
CYP3A7,3.7,3.94,3.85,4.04,3.79,3.65,3.41,3.56,3.89,3.7,3.73,3.78,3.75,5.29,3.82,3.91,3.8,4.12,3.83,3.84,3.9,4,3.86,3.88,3.86,3.87,3.66,3.61,3.78,3.74,4.41,4.85,3.9,3.82,4.13,3.93,4.57,3.77,3.59,3.57,3.65,4.17,3.77,4.52,4,3.5,3.4,3.74,3.66,3.72
CYP3A7,4.29,4.15,4.21,4.2,4.62,3.84,4.15,4.22,4.17,4.12,4.38,4.41,4.37,4.72,4.26,4.24,4,4.18,4.1,4.13,4.4,4.25,4.09,4.11,4.45,4.58,4.1,4.16,3.74,4.82,6.35,5.12,4.05,4.01,4.47,4.09,4.35,4.11,4.37,4.25,4.15,4.23,4.12,6.58,4.61,4.48,4.4,3.92,4.03,5.15
CYP3A7,5.16,5.18,4.88,5.32,5.46,5.17,6.13,4.84,5.05,5.18,5.36,5.22,5.23,7.09,5.39,4.87,5.47,5.22,5.17,4.93,5.19,5.1,5.28,5.28,5.39,5.39,5.13,5.33,5.73,4.95,6.31,7.91,5.04,5.3,4.98,5.31,5.3,5.32,5.29,5.2,5.4,5.18,5.47,7.32,5.4,5.17,5.26,5.06,5.37,5.98
CYP46A1,5.15,4.79,5.02,5.22,5.18,5.24,4.81,5.07,4.87,4.81,5.16,4.87,4.96,5.87,4.82,4.96,4.87,4.73,4.86,5.02,5.14,4.82,4.82,4.9,5.21,4.42,4.93,5.05,4.99,4.52,4.73,4.69,4.92,4.75,4.76,5.01,4.74,4.56,4.63,5.07,4.93,4.82,5.59,5.86,4.77,4.87,4.78,4.95,4.84,5.31
CYP46A1,5.19,5.04,5.21,5.18,5.56,5.6,5.95,5.14,5.18,4.99,4.95,5.18,4.92,6.5,4.91,5.27,5.1,5.19,5.21,5.26,5.24,5.02,4.98,5.33,5,5.17,5.25,5.04,4.97,5.71,5.76,5.23,5.26,5.02,5.31,5.19,5.32,5.36,5.57,5.5,5.61,5.48,5.65,6.17,5.21,5.73,5.05,5.16,4.89,6.66
CYP46A1,4.11,4.09,3.86,3.92,4.28,4.58,4.55,4.08,3.82,4.06,4.01,3.88,3.7,4.8,3.83,3.88,4.05,3.92,4.24,4.2,4,3.97,4.04,4.23,3.85,4.21,4.16,4.33,4.38,4.61,4.55,5.19,4.15,4.33,4.18,4.12,3.87,4.28,4.07,4.21,3.84,4,4.21,4.15,4.34,3.82,3.91,3.73,3.95,4.47
CYP4A11,6.05,5.61,5.65,5.94,5.87,5.9,5.99,5.48,5.6,5.4,6.01,5.58,5.47,6.72,5.55,5.72,5.37,5.58,5.58,5.9,5.6,6.11,5.76,5.73,5.68,5.56,5.81,5.69,6.27,6.71,5.62,5.47,5.63,5.59,5.96,5.71,5.66,5.68,6.02,5.72,5.46,5.94,5.89,5.68,5.63,5.59,5.43,5.58,5.77,6.1
CYP4A11,3.59,3.7,3.93,3.92,4.33,4.42,4.19,4.09,3.65,3.85,3.72,3.73,3.73,4.43,3.72,3.92,3.66,3.8,3.89,3.67,3.76,3.88,3.79,3.92,3.85,3.77,3.88,3.85,3.79,4.47,3.97,5.25,3.78,3.67,3.81,3.82,3.96,3.94,3.86,3.83,3.74,4.03,3.93,4.1,4.26,3.68,4.02,3.99,3.83,4.37
CYP4A11,4.63,4.45,4.79,4.75,4.96,4.54,4.89,5.02,4.6,4.74,4.57,4.57,4.4,5.35,4.58,4.42,4.38,4.59,4.58,4.7,4.67,4.63,4.59,4.57,4.55,4.49,5.01,4.67,4.73,4.72,5.92,6.04,4.82,4.33,4.48,4.52,4.69,4.75,5.23,4.84,4.95,4.77,4.92,5.43,4.52,4.92,4.57,4.71,4.59,5.84
CYP4A11,4.83,4.71,5.13,4.66,4.97,4.92,5.58,5,4.95,5.01,4.83,4.85,4.81,6.58,4.92,5.35,4.73,4.96,4.96,5.06,5.16,5.09,4.95,4.77,5.05,4.94,4.85,5.08,4.88,5.28,6.96,6.98,5.44,5.24,4.85,5.08,5.13,4.85,5.26,4.94,5.02,4.91,5.16,5.89,4.89,4.77,5.14,4.76,4.76,6.52
CYP4A11 /// CYP4A22,5.03,4.96,5.22,5.25,5.42,5.41,5.16,5.41,5.06,5.07,5.05,5.21,4.89,6.59,5.23,5.37,5.23,5.4,5.24,5.08,5.22,5.28,5.25,5.27,5.54,5.28,4.97,5.44,5.12,5.24,5.81,5.63,5.03,4.96,5.34,5.35,5.24,5.1,6.56,5.23,5.32,5.6,5.66,5.78,5.2,5.65,5.46,5.34,5.01,6.98
CYP4A11 /// CYP4A22,4.21,4.13,4.2,4.07,4.74,4.39,4.99,4.44,4.19,3.95,4.14,4.22,4.12,4.62,4.66,4.58,4.14,4.73,4.38,4.17,4.49,4.46,4.11,4.33,4.99,4.13,4.11,4.19,3.88,4.59,5.56,5.72,4.21,4.12,4.49,4.57,4.36,4.06,4.64,4.27,4.11,4.15,4.61,4.43,4.42,4.91,4.28,4.14,4.15,4.97
CYP4A22,4.25,3.94,4.28,4.2,4.22,4.54,4.12,4.03,4.13,4.2,4.07,4.17,4.06,6.33,3.98,4,4.25,4.4,4.01,4,3.96,4.04,4.23,4.15,3.85,4.4,4.2,4.33,4.14,3.86,4.27,6.18,4.08,3.95,4.01,4.13,4.57,4.29,5.68,4.39,4.09,4.43,4.49,5.47,4.19,4.49,3.95,4.18,4.11,4.89
CYP4B1,3.66,3.71,3.79,3.74,3.91,4.02,3.81,3.68,3.7,3.52,3.65,3.79,3.54,4.72,3.85,3.56,3.62,3.82,3.81,3.8,3.66,3.7,3.53,3.54,4.26,3.69,3.5,3.85,3.72,3.81,3.79,3.56,3.85,3.85,3.69,3.45,3.4,3.45,3.95,3.94,3.71,3.92,3.68,4.3,3.79,3.83,3.5,3.91,3.51,4.23
CYP4F11,3.79,4.22,4.68,4.18,4.43,4.14,3.82,3.97,4.19,4.09,4.13,4.02,3.94,4.55,3.78,4,4.09,4.09,4.08,3.75,4.67,4.54,4.11,4.11,4.15,3.9,3.85,4.49,4.03,5.34,5.6,4.83,3.93,4.17,4.06,4.08,5.08,4.15,4.36,3.99,4.5,4.22,3.93,5.71,4.47,4.46,3.8,4.02,3.95,4.62
CYP4F11,3.61,3.91,3.6,3.76,4.11,3.86,4.62,4,3.77,3.46,3.89,3.96,3.71,3.97,3.93,3.9,4.14,4.08,3.52,3.77,4.31,3.87,3.81,4.19,3.85,3.83,3.99,3.96,4.1,7.23,6.45,5.62,3.99,4.06,4,4.04,3.88,4.63,4.55,4.09,4.03,4.06,4.25,5.62,4.02,4,4.07,3.8,3.75,4.7
CYP4F11,4.04,4.28,3.99,4.28,4,4.31,4.36,4.05,4.12,4.28,4.37,4.24,4.34,4.53,4,3.89,4.21,4.08,4.35,4.06,4.4,4.64,4.38,4.12,3.75,3.82,4.03,4.1,4.23,4.77,4.52,5.05,4.17,4.01,4.04,3.91,3.96,4.03,5.12,3.88,4.03,4.17,3.99,4.86,4.01,3.91,4.17,4.13,4.13,4.68
CYP4F12,5.68,5.43,5.66,5.67,5.79,5.9,6.36,6.13,5.87,5.7,6.03,5.6,5.57,7.13,5.8,5.97,5.86,6.13,5.73,5.71,5.61,6.15,5.61,5.71,5.66,5.91,5.76,5.88,5.7,5.68,5.99,5.85,5.64,5.62,6.04,5.81,6.01,5.75,5.93,5.6,5.49,5.84,6.37,7,5.61,5.08,6.02,5.78,5.55,6.89
CYP4F12,5.61,5.49,5.7,5.72,6.51,6.02,6.25,5.88,5.44,5.86,6.08,5.62,5.67,6.33,5.74,6.48,5.5,6,5.84,5.84,5.77,5.79,5.83,6.09,5.76,5.94,5.46,5.8,5.83,5.68,5.37,7.09,5.8,5.65,5.79,5.58,5.94,6.06,6.5,5.86,6.3,5.92,5.56,7.35,5.96,6.11,5.67,5.85,5.86,6.98
CYP4F12,4.53,4.28,3.85,4.41,4.38,3.99,4.41,4.32,4.3,4.12,4.21,4.31,4.22,4.69,4.31,4.35,4.19,4.62,4.4,4.29,4.16,4.63,4.16,4.34,4.32,4.02,3.98,3.86,4.54,3.4,4.22,4.39,4.34,3.95,4.16,4.03,3.72,4.05,4.1,4.25,3.9,4.15,3.86,3.71,3.86,4.14,4.29,4.31,4.16,4.97
CYP4F2,3.64,3.63,3.49,3.59,3.33,3.52,3.83,3.39,3.52,3.56,3.68,4.04,3.77,4.52,3.67,3.99,3.9,3.76,3.53,3.39,3.71,3.64,3.79,3.79,3.86,3.75,3.42,3.6,3.72,3.72,3.88,3.87,3.62,3.45,3.63,3.65,4.34,3.57,3.99,3.46,3.34,3.83,3.3,4.67,3.75,3.7,3.31,3.42,3.53,3.99
CYP4F2,4.65,4.83,4.8,4.86,5.11,5.41,5.24,4.73,4.64,4.58,4.79,4.74,4.48,5.76,4.81,4.88,4.9,5.07,4.93,4.48,4.62,4.71,4.68,4.82,4.59,4.93,4.75,4.63,4.9,6.58,7.63,6.33,4.73,4.5,4.71,4.64,4.7,4.7,5.42,4.87,4.86,5.25,4.66,5.29,4.99,4.74,4.78,4.82,4.77,6.54
CYP4F2,5.15,5.19,5.1,5.08,5.36,5.26,5.63,5.37,5.37,5.16,5.21,5.45,5.37,6.13,5.31,5.72,5.17,5.22,5.18,5.34,5.31,5.58,5.46,5.01,5.55,5.22,5.11,5.32,5.21,5.24,6.44,6.12,5.31,5.05,5.38,5.18,5.37,5.22,5.24,5.46,5.23,5.11,5,6.86,5.49,5.32,5.33,5.1,5.47,5.94
CYP4F2,3.92,4.05,4,4.02,4.39,4.55,4.25,4.05,3.83,4.01,4.23,3.96,3.97,4.67,3.95,4.44,4.16,4.23,3.8,3.81,3.81,3.92,4.03,4.29,4.33,4.12,4.06,3.85,3.99,4.99,5.02,4.62,4.06,3.96,3.89,3.9,4.08,3.85,4.41,4.15,3.81,4.46,4.11,4.54,3.91,4.24,3.85,4.47,3.83,5.63
CYP4F2 /// CYP4F3,5.93,5.99,6.06,5.94,6.25,6.01,5.41,6.3,5.98,5.98,6.1,6.18,6.17,7.39,6.35,6.64,6.4,6.06,5.92,5.96,5.96,6.2,6.15,6.44,6.26,6.4,5.68,6.19,6.15,7.57,6.97,6.12,6.06,6,6.16,6.12,6.2,6.68,5.39,6.08,6.16,6.09,6.01,6.76,5.96,6.53,6.16,6.41,5.98,6.77
CYP4F2 /// CYP4F3,5.87,5.55,5.84,5.84,6.03,5.35,5.41,5.72,5.59,5.42,5.84,5.91,5.91,6.02,6.1,6.83,6.01,5.47,5.65,5.45,5.43,5.51,5.63,6,6.08,5.92,5.89,5.71,5.74,4.89,4.98,5.82,5.68,6,5.81,5.81,6.13,5.98,5.93,5.71,5.76,6.21,5.11,6,5.67,5.84,5.91,5.7,5.62,6.07
CYP4F2 /// CYP4F3,5.68,5.63,5.71,5.84,6.11,5.7,6.36,5.45,5.61,5.65,5.96,6.04,5.97,6.08,6.24,6.27,6.5,5.38,5.44,5.5,5.81,5.79,5.89,5.66,5.96,5.7,5.35,5.52,5.65,6.61,5.34,7.08,5.6,5.64,6.02,6.17,6.17,6.21,5.44,5.89,5.56,5.63,5.43,5.92,4.88,5.35,5.77,6.05,5.24,6.47
CYP4F22,4.57,4.27,4.64,4.79,4.31,4.27,5.45,4.35,4.31,4.36,4.57,4.35,4.39,5.43,4.7,4.34,4.38,4.45,4.31,4.45,4.31,4.75,4.35,4.2,4.52,4.32,4.48,4.54,4.17,4.83,4.96,5.73,4.82,4.26,4.81,4.41,4.47,4.38,4.42,4.22,4.53,4.77,4.76,6.33,4.17,4.49,4.48,4.49,4.1,5.47
CYP4F22,3.78,4.03,3.7,3.79,3.79,3.71,4.01,3.8,3.85,4.09,3.79,3.9,3.82,3.77,3.71,3.51,3.75,3.62,3.75,3.74,3.73,3.86,3.84,3.78,3.68,3.74,3.8,3.68,3.96,4.82,3.85,4.24,3.78,3.78,3.91,3.94,3.84,3.83,3.93,3.7,3.92,3.75,3.84,5.51,3.6,4.02,3.94,3.74,3.58,4.01
CYP4F3,3.88,4.03,3.63,3.57,3.52,3.59,3.54,4.26,3.59,3.57,3.77,3.86,3.75,4.02,4.27,4.23,3.96,3.6,3.59,3.64,3.91,3.95,3.8,4.03,4.08,4.21,3.7,3.76,3.68,4.06,5.35,4.48,3.63,3.74,3.94,3.89,3.97,3.57,3.53,3.79,3.64,3.54,3.8,4.84,3.27,3.62,3.82,3.88,3.72,4.22
CYP4F3,4.53,4.18,4.26,4.01,4.51,4.24,4.62,4.54,4.12,4.22,4.42,4.21,4.41,4.43,4.75,4.82,5.26,4.42,4.52,4.23,4.59,4.17,4.29,4.79,4.28,4.52,4.33,4.22,4.4,4.66,4.8,5.61,4.35,4.22,4.54,4.73,5.22,4.9,4.96,4.45,4.5,4.53,4.58,4.99,4.3,4.32,4.44,4.55,4.55,5.86
CYP4F3,4.61,4.77,4.65,4.3,4.74,4.61,5.08,5.05,4.38,4.42,4.58,4.32,4.4,4.54,4.72,4.83,5.05,4.48,4.47,4.16,4.72,4.32,4.49,4.6,4.61,5,4.23,4.23,4.93,4.34,5.68,4.8,4.61,4.51,4.5,4.33,4.96,4.38,5.84,4.27,4.53,4.43,4.62,5.01,4.53,5.08,4.13,4.99,4.78,7.06
CYP4F3,4,3.83,3.82,4.12,3.94,3.58,3.82,4.35,4.17,4.08,4.54,4.25,4.28,4.28,5.75,5.48,5.74,3.61,3.62,4.27,4.26,4.46,4.53,5.15,5.34,5.14,3.59,3.95,3.87,3.89,4.55,4.57,4.19,4.18,3.83,4.79,4.78,4.77,4.5,4.48,4.34,3.53,3.8,4.16,4.55,4.7,4.09,4.32,4.33,4.01
CYP4F8,3.8,4.06,3.82,4.07,4.54,4.18,4.86,3.96,4.07,4,3.98,3.89,3.56,4.32,3.71,3.99,3.69,3.94,4.12,3.61,3.82,3.76,4.04,4.04,3.88,3.71,4.18,4.03,4.34,4.49,4.21,4.9,3.92,3.81,3.88,4.16,3.96,3.8,4.73,3.78,3.98,4.31,4.11,5.06,4.1,3.81,3.99,3.7,3.85,4.83
CYP4F8,4.18,4.06,4.25,4.42,4.26,4.2,4.55,5.04,4.21,4.27,4.22,4.34,4.09,5.19,4.23,4.25,3.88,4.22,4.07,4.1,4.46,4.24,4.4,4.15,4.2,4.11,4.27,4.08,4.55,5.34,4.58,4.63,4.24,4.22,4.06,4.09,4.54,4.19,4.13,4.44,4.1,4.1,4.19,5.31,4.19,4.3,4.41,4.07,4.18,4.74
CYP4F8,3.87,3.87,3.95,3.83,4.15,3.88,4.18,4.16,3.94,3.95,3.95,4.05,4.08,4.84,3.91,4.3,3.69,3.74,3.82,3.88,3.89,4.14,3.85,3.9,4.05,4.08,4.15,4,3.84,4.62,3.59,3.72,4.08,3.93,4.01,4,3.71,3.92,4.04,3.98,3.91,4.76,4.1,4.37,3.9,4.17,3.75,3.91,3.9,3.8
CYP4F8,4.07,4.06,4.01,4.03,3.81,3.99,3.6,4.26,3.88,3.89,3.97,4.04,4.03,4.29,3.83,4.28,4.07,3.8,3.81,3.83,3.82,3.71,3.85,3.92,3.81,3.95,4.05,4.09,4.28,5.49,6,4.91,4.14,3.87,4.03,3.79,3.73,3.9,4.81,4.05,4.27,3.83,4.1,4.66,4.07,4.11,4,4.03,4.22,4.43
CYP4F8,3.78,3.96,4.24,4.13,4.24,4.14,4.56,4.41,3.77,4.04,3.88,3.89,3.89,4.77,4.19,4.26,4.08,4.04,4.39,4.23,4.16,4.3,3.88,4.06,4.16,3.98,4.01,3.84,4.32,5.98,7.69,5.79,3.86,3.85,3.99,4.45,3.85,4.34,4.66,4.09,3.88,4.19,4.5,5.37,4.04,5.31,4.1,3.94,3.88,5.42
CYP4F8,4.51,4.69,5.07,4.63,4.79,4.35,5.35,4.73,4.62,4.43,4.87,4.81,4.44,5.81,4.32,5.09,4.34,4.38,4.49,4.9,4.71,4.76,4.69,4.55,4.85,4.17,4.54,4.42,4.48,5.53,6.48,6.59,4.32,4.69,4.67,4.44,4.82,4.44,3.85,4.43,4.97,4.39,4.38,6.09,4.75,4.06,4.66,4.9,4.68,6.19
CYP4V2,4.53,4.55,4.38,4.6,4.38,4.14,4.34,4.49,4.46,4.73,4.46,4.62,4.53,4.96,4.29,4.59,4.37,4.31,4.36,4.94,4.31,4.66,4.44,4.5,4.76,4.31,4.46,4.79,4.38,5.12,5.89,4.42,4.55,4.52,4.61,4.52,4.68,4.53,4.34,4.23,4.37,5.09,4.78,5.14,4.79,4.89,4.55,4.92,4.2,4.54
CYP4V2,5.9,5.57,6.09,6.05,5.38,5.79,5.58,5.99,5.88,6.18,5.93,6.18,5.91,6.95,5.84,5.93,5.62,6.22,6.73,6.31,5.69,5.9,5.57,6.02,5.88,5.76,5.98,5.93,5.57,5.76,6.32,5.57,5.56,5.52,5.69,5.88,5.74,5.73,5.51,6.22,5.91,6.76,6.79,6.19,6.72,6.57,6.57,6.48,6.16,5.43
CYP4V2,5.99,5.92,5.91,6.17,5.92,6.15,6.46,6.19,6.03,6.16,6.09,6.25,5.91,7.46,6.23,6.07,5.88,6.06,5.65,5.96,5.96,6.49,6.19,5.89,5.95,5.97,5.97,6.13,6.47,5.78,6.46,5.92,6.42,6.06,6.32,6.06,5.86,5.71,6.03,5.73,6.13,6.31,6.49,6.89,6.06,5.92,6.11,5.82,6.09,7.1
CYP4V2,4.3,4.07,4.24,4.29,4.12,3.8,4.49,4.08,4.04,4.1,4.13,4.25,4.19,5.55,4.08,4,4.27,4.01,4.33,4.19,4.3,4.11,4.11,3.96,4.06,3.98,4.28,4.11,3.91,3.8,4.2,4.82,4.3,4.09,4.08,4.29,4.14,4.08,3.99,3.96,4.43,4.03,4.13,4.86,4.89,4.28,4.6,4.15,4.24,4.14
CYP4X1,3.47,3.54,3.57,3.58,3.48,3.26,3.45,3.76,3.53,3.68,3.54,3.46,3.54,3.56,3.75,3.91,3.65,3.74,3.79,3.56,3.68,3.65,3.67,3.37,3.4,3.71,3.66,3.65,3.56,5.26,4.7,5.08,3.57,3.57,3.53,3.63,3.41,3.74,3.84,3.27,3.61,3.4,3.43,4.16,3.58,3.33,3.17,3.72,3.41,3.77
CYP4Z1,3.73,3.6,3.54,3.73,3.64,3.58,4,3.73,3.98,3.81,3.58,3.9,3.86,4.2,3.79,3.61,3.52,3.52,3.5,3.67,3.66,3.64,3.79,3.72,3.57,3.52,3.66,3.71,4.06,3.91,4.04,3.7,3.72,3.91,3.93,3.41,3.57,3.62,3.85,3.7,3.68,3.29,3.59,4.9,3.71,3.61,3.63,3.54,3.61,4.36
CYP4Z1 /// CYP4Z2P,3.59,3.73,3.65,3.69,3.53,4.21,4.36,3.66,3.57,3.64,3.54,3.52,3.61,4.12,3.61,3.43,3.53,3.77,3.84,3.46,3.56,3.45,3.49,3.74,3.58,4.01,3.62,3.39,3.64,5.67,4.09,4.91,3.37,3.52,3.71,3.57,3.86,3.77,4.4,3.45,3.65,3.8,3.47,3.96,4.25,4.01,3.6,3.51,3.65,3.78
CYP4Z2P,4.01,4.03,3.77,3.97,3.58,4.23,3.63,3.46,3.93,3.86,4.11,3.74,4.35,4.09,4,4.16,3.82,3.89,4.01,3.63,4.05,3.94,4.46,4.09,3.68,3.92,3.69,3.91,3.84,3.97,4.97,4.53,3.93,3.99,3.64,3.71,4.22,3.76,4.21,3.57,3.41,3.89,3.78,5.39,3.77,4.38,3.93,3.95,3.93,3.64
CYP51A1,10.05,10.04,10.07,10.13,10.03,10.04,9.73,9.43,10.33,9.99,10.1,9.83,10.33,10.3,9.28,9.32,9.49,9.63,9.88,9.73,9.69,9.56,9.92,9.26,9.32,9.5,10.06,9.92,10.13,9.97,8.26,9.59,9.42,9.43,9.41,9.28,9.45,9.32,9.89,9.8,10.15,9.65,9.81,9.66,9.73,9.57,9.6,9.89,10.17,9.76
CYP51A1,9.95,9.48,9.87,9.89,9.16,9.08,9.12,9.79,9.96,10.09,9.04,9.9,9.69,8.34,9.47,9.22,9.29,9.65,9.65,9.93,9.36,9.21,8.75,9.38,9.3,9.34,9.8,9.74,8.88,8.78,5.85,8.6,9.49,9.42,9.52,9.06,8.83,9.38,9.11,9.83,9.58,8.58,8.61,6.23,9.46,9.04,9.54,9.76,9.5,7.73
CYP7A1,3.32,3.23,3.19,3.38,3.46,3.28,3.9,3.58,3.3,3.12,3.35,3.24,3.25,3.46,3.24,3.2,3.48,3.21,3.34,3.11,3.25,3.21,3.2,3.13,3.16,3.31,3.36,3.31,3.21,3.79,3.4,4.22,3.46,3.31,3.27,3.21,3.15,3.18,3.9,3.39,3.22,3.22,3.34,4.35,3.17,3.18,3.13,3.21,3.28,4.35
CYP7A1,4.44,4.86,4.33,4.49,4.09,4.13,4.15,4.01,4.56,4.5,4.51,4.58,4.7,5.24,4.1,4.12,4.13,4.22,4.3,4.37,4.6,4.71,4.65,4.57,4.02,4.57,4.05,4.38,4.24,4.4,4.24,5.47,5.02,4.38,4.55,4.09,4.41,3.95,4.72,3.79,3.91,4.47,4.45,4.56,3.89,4.03,4.21,4.44,4.46,4.05
CYP7B1,8.74,8.85,8.85,8.71,8.96,8.97,8.43,8.84,8.81,8.87,9.09,8.81,8.69,7.64,9.2,9.12,9.14,8.78,8.69,8.71,9.06,9,9.15,9.36,9.31,9.32,8.87,8.77,8.91,8.48,7.49,8.51,9.88,9.93,9.84,9.25,9.19,9.28,8.84,9.25,9.08,9.06,9.16,9.15,9.66,9.55,9.56,8.66,8.65,8.55
CYP8B1,4.07,4.35,3.86,4.07,4.02,4.25,4.23,4.01,4.18,3.87,4.1,3.75,3.88,4.51,4.04,3.8,3.76,3.57,4.09,3.99,4.03,4.5,4.05,3.88,3.75,3.57,3.69,4.02,3.59,3.76,4.15,3.78,3.91,3.98,3.82,3.85,3.73,3.53,3.69,3.68,3.8,3.94,4.06,4.1,3.98,3.8,3.83,3.97,3.85,4.26
CYR61,4.11,4.27,3.91,3.8,3.97,4.51,4.71,4.09,3.98,3.84,4.26,4.15,4.11,4.66,4.09,4.27,4.13,3.98,4.06,3.9,4.22,3.9,3.96,4.11,3.94,4.09,3.98,4.14,4.06,4.29,5.7,4.39,4.25,3.94,3.99,4.18,4.58,3.93,4.78,4.36,4.03,3.84,4.13,6.02,3.89,3.91,4.11,4.48,4.04,5.67
CYR61,4.44,4.28,4.55,4.64,4.52,4.3,4.57,4.55,4.51,4.33,4.19,4.29,4.11,5.1,4.18,5.11,4.63,4.6,4.54,4.78,4.48,4.42,4.35,4.33,4.6,4.33,4.25,4.51,4.45,5.39,5.72,4.94,4.43,4.19,4.57,4.38,4.8,4.45,4.82,4.65,4.93,4.51,4.79,4.51,4.79,4.95,4.49,4.36,4.45,5.21
CYS1,3.68,3.7,3.78,3.71,3.61,4.19,3.25,3.61,3.82,3.51,3.62,3.63,3.67,3.64,3.55,3.63,3.79,3.62,3.71,3.65,3.75,3.73,3.73,3.62,3.71,3.92,3.71,4,3.65,4.25,5,3.76,3.77,3.64,3.69,3.75,3.8,3.57,4.05,3.62,3.72,3.83,3.6,3.91,3.49,3.68,3.56,3.61,3.56,3.57
CYS1,4.84,4.97,4.65,4.93,5,5.01,4.92,4.98,4.86,4.92,4.86,4.85,4.86,5.48,4.77,4.81,4.85,4.91,4.94,4.93,5.01,4.96,4.75,4.91,4.89,4.9,5,4.89,5.01,5.72,6.03,5.99,4.93,4.94,4.86,4.66,5.28,5.02,4.95,5.1,4.82,5.1,4.82,5.13,4.86,4.93,5.1,4.66,4.91,5.22
CYSLTR1,4.87,5.32,5.05,5.05,4.87,4.6,4.86,4.68,4.93,5.36,5.26,5.08,5.42,6.12,5.05,4.98,4.55,4.61,5.05,4.98,5.33,5.66,5.46,4.77,4.64,4.62,4.9,4.99,4.86,4.88,5.95,4.88,4.67,4.87,4.83,4.74,4.69,4.56,5.13,4.42,4.69,5.43,4.99,5.65,4.72,4.56,4.44,4.83,4.69,5.64
CYSLTR1,3.95,3.95,3.77,3.67,3.8,3.74,4.09,3.57,3.74,3.71,4.13,3.86,4.04,3.73,3.89,3.81,3.51,3.59,3.49,3.68,3.87,3.82,3.82,3.51,3.61,3.62,4.16,3.75,3.97,3.74,4.82,4.89,3.67,4.23,3.59,3.56,3.72,3.52,4.05,3.72,3.52,3.46,3.5,4.52,3.63,3.65,3.65,3.55,3.81,4.5
CYSLTR2,3.49,3.42,3.33,3.51,3.32,3.27,3.76,3.43,3.47,3.39,3.56,3.58,3.21,4.21,3.64,3.45,3.49,3.67,3.64,3.38,3.64,3.47,3.34,3.38,3.53,3.62,3.67,3.39,3.63,4.08,5.53,3.61,3.62,3.41,3.69,3.61,3.98,3.48,3.67,3.54,3.48,3.45,3.62,3.6,3.25,3.39,3.53,3.75,3.51,3.71
CYSLTR2,3.88,3.91,3.96,4.06,4.76,3.76,4.19,4,3.97,3.81,4.36,4.05,3.95,5.99,4.1,4.1,3.88,3.94,3.92,4.03,3.82,3.8,4.01,3.49,4.13,4.17,3.89,3.91,3.9,4.2,6.2,5.04,3.94,3.92,3.77,3.97,3.93,3.95,4.35,4.13,4.01,4.25,4.2,5.17,4.09,3.94,4.11,4.18,3.93,5.8
CYSLTR2,4.82,4.8,4.1,4.99,4.4,4.74,4.34,4.31,4.45,4.61,5.35,5.51,4.82,7.67,4.95,5.2,4.79,4.69,4.56,4.42,4.77,5.47,4.88,5.13,4.7,4.13,4.3,4.88,4.62,5.22,6.98,6.12,4.98,4.65,5.18,4.73,4.4,4.54,4.68,4.39,4.05,4.89,5.07,7.33,4.15,4.84,4.49,4.44,4.27,7.24
CYTH1,5.4,5.03,5.51,5.14,5.05,4.87,5.88,5.19,5.28,5.18,4.74,5.22,5.04,5.06,5.68,5.39,5.63,5.43,5.18,5.5,5.69,5.31,4.97,5.48,5.49,5.71,5.16,5.39,5.33,4.62,5.54,4.81,5.58,5.65,5.88,5.32,5.51,5.6,6.5,5.11,4.96,5.08,5.39,5.96,4.92,4.94,4.82,5.4,5.43,5.21
CYTH1,5.6,4.48,4.99,5.26,4.62,4.89,4.45,4.39,5.08,5.21,4.58,5.26,5.25,6.16,5.66,5.14,5.43,4.85,5.07,5,5.51,5.63,4.81,5.5,5.09,5.42,4.74,4.83,4.94,4.58,7.3,4.97,5.44,5.51,5.27,4.97,5.37,5.44,4.86,5.01,5.15,4.63,4.65,4.67,4.62,5.39,4.86,5.04,5.02,4.45
CYTH1,8.94,9.03,9,8.89,9.29,9.2,9.23,9.11,8.94,8.96,9.16,8.96,9.06,9.17,9.44,9.46,9.53,8.98,8.97,9.01,9.44,9.38,9.6,9.39,9.41,9.46,9.12,8.97,9.21,9.14,9,8.86,9.59,9.61,9.42,9.43,9.65,9.49,9.09,9.14,9.05,9.23,9.32,8.84,9.21,9.2,9.24,9.17,9.16,9
CYTH2,9.12,9.16,9.31,9.36,9.65,9.51,9.65,9.43,9.11,9.19,9.21,9.29,9.28,8.22,9.23,9.21,9.11,9.34,9.15,9.1,9.58,9.42,9.35,9.33,9.31,9.19,9.37,9.01,9.41,8.6,7.22,8,8.81,8.92,8.88,9.12,9.28,9.34,8.79,9.3,9.33,9.9,10.06,8.62,9.21,9.32,9.2,9.27,9.44,8.13
CYTH2,8.56,8.65,8.74,8.44,8.84,8.94,8.53,8.93,8.56,8.69,8.58,8.62,8.53,7.6,9.01,8.95,8.98,8.31,8.16,8.04,9.09,8.9,9.2,9.01,9.06,8.93,8.64,8.63,8.81,9.05,6.83,9.09,9.07,9.2,9.07,9.01,8.92,9.08,9.02,9.08,8.94,9.27,9.33,7.19,8.56,8.52,8.72,8.72,8.97,7.66
CYTH2,5.47,5.93,4.87,4.93,4.79,4.87,5.36,4.63,5.07,5.26,5.09,5.49,5.15,5.46,4.94,5.2,4.73,4.99,5.21,5.26,4.91,5.12,5.3,4.78,5.07,4.78,4.75,5.33,4.84,5.6,6.01,5.01,5.43,5.1,5.28,4.48,5.22,5.04,4.78,4.77,5.15,4.68,5.32,5.59,4.69,5.05,4.77,5.04,5,5.3
CYTH3,3.7,3.76,3.98,3.87,4.23,3.92,5.32,3.72,3.58,3.58,3.67,3.94,3.58,5.42,3.45,3.77,3.6,3.75,3.81,3.98,3.99,3.68,3.79,3.72,3.68,3.6,3.46,3.73,4.05,4.46,4.77,5.45,3.67,3.66,3.88,4.03,4.28,3.53,4.76,3.99,3.79,3.99,3.89,4.7,3.86,3.73,3.85,4.08,3.73,5.79
CYTH3,6.43,6.59,6.6,6.37,7.2,6.95,7.17,6.63,6.62,6.57,7.13,6.52,6.33,6.12,6.53,6.51,6.71,6.42,6.28,6.46,6.8,6.7,7.17,6.82,6.69,6.79,6.54,6.57,6.87,7.12,6.52,6.08,6.53,6.66,6.65,6.47,6.42,6.51,7.15,6.73,7.17,7.17,6.72,5.99,6.84,7.02,6.75,6.83,7.11,6.31
CYTH4,7.23,7.16,7.55,7.4,7.45,7.54,7.24,7.47,7.18,7.28,7.4,7.07,7.04,7.09,7.2,7.44,7.39,7.62,7.45,7.34,7.21,7.3,7.47,7.63,7.22,7.2,7.5,7.21,7.4,7.41,5.72,4.92,6.98,7.08,7.07,7.23,7.36,7.44,6.66,7.43,7.55,7.52,7.75,5.81,7.3,7.48,7.25,7.49,7.62,5.94
CYTH4,5.82,5.71,6.27,6.13,5.56,6.02,5.47,5.97,6.09,5.82,5.98,5.72,5.54,6.27,6.14,6.07,5.98,5.89,5.91,6.42,5.62,6.02,5.7,6.19,6.22,6.22,6.16,6.5,6.07,4.73,5.18,5.74,5.9,5.84,6.02,6.02,5.51,6.05,5.17,5.86,5.88,6.1,5.56,6.41,6,5.76,6.23,5.84,6.11,7
CYTH4,3.56,3.51,3.54,3.45,3.46,4.1,3.58,3.79,3.61,3.34,3.83,3.8,3.37,5.3,3.79,3.83,3.5,4.16,3.76,3.3,3.81,3.47,3.59,4.06,3.67,3.43,3.45,3.68,3.59,4.45,4.89,4.35,3.7,3.49,3.67,3.44,3.66,3.62,4.14,3.74,4.05,3.61,3.91,4.24,4.04,3.69,3.51,3.8,3.38,5.28
CYTH4,4.66,4.18,4.57,4.65,4.8,4.9,5.16,4.74,4.73,4.56,4.45,4.54,4.37,6,4.8,4.59,4.78,4.64,4.54,4.62,4.66,4.78,4.88,4.56,4.36,4.46,4.69,4.44,4.82,4.34,5.34,4.63,4.65,4.51,4.9,4.53,4.51,4.46,4.43,4.55,4.34,4.65,4.81,5.89,4.49,4.59,4.22,4.42,4.54,5.76
CYTIP,6.95,6.74,7.03,7.19,7.22,6.92,6.43,6.94,7.02,7.01,7.21,7.12,6.9,7.44,6.7,6.33,6.43,7.55,7.44,7.46,6.31,6.3,6.02,6.79,6.54,6.21,7.09,6.96,6.67,5.46,6.67,6.1,5.87,5.99,6.39,6.54,6.58,6.52,5.93,7.03,7.09,6.31,6.64,6.86,7.52,7.01,7.15,7.27,7.09,6.14
CYTIP,9.02,8.63,9.03,9.07,8.73,8.87,8.94,9.11,9.16,9.08,8.69,8.99,9.02,7.51,8.35,8.4,8.23,9.36,9.33,9.33,8.14,8.37,7.91,8.32,8.06,8.27,8.89,8.94,8.79,8.2,7.42,6.93,7.94,7.96,8.1,8.28,8.07,8.5,8.53,8.78,8.75,8.18,8.08,6.31,9.23,9.13,9.14,9.02,9,7.12
CYTL1,4.1,4.18,3.83,3.91,3.88,3.88,3.98,3.76,4.14,4.02,4.12,4.07,4.08,4.53,4.07,4.12,4.18,3.99,4.28,3.98,4.06,3.89,4,3.81,3.94,3.74,4.14,4,4.06,4.01,4.04,5.5,4.31,4.26,4.19,3.74,4.13,3.61,3.93,3.74,3.87,4.15,3.97,4.06,3.79,3.98,4.07,3.92,3.89,4.11
CYTSA,9.4,9.52,9.42,9.5,9.72,9.66,9.32,9.78,9.43,9.51,9.79,9.49,9.33,8.97,9.25,9.45,9.13,9.47,9.53,9.55,9.29,9.42,9.49,9.3,9.34,9.34,9.59,9.47,9.55,8.66,8.29,8.34,9.21,9.32,9.37,9.51,9.32,9.52,9.53,9.52,9.66,9.66,9.74,9.05,9.51,9.59,9.7,9.51,9.54,9.02
CYTSA,4.99,5.16,4.98,5.07,5.82,5.12,4.79,5.82,4.86,5.02,5.1,4.97,4.78,6.25,5.13,4.88,5.1,5.05,5.11,4.91,5,4.82,5.02,5.19,5,5.11,5.14,5.19,5.31,5.09,5.73,5.82,5.02,5.04,5.21,5.27,5.06,5.16,5.8,4.97,5.01,5.46,5.51,5.19,5.08,4.73,5.03,5.34,5.17,5.44
CYTSA,8.15,7.94,8.14,8.23,8.24,8.21,7.75,8.49,7.9,8.13,8.15,8.07,7.64,8.68,8.19,8.03,7.94,8.3,8.23,8.15,7.84,8.15,7.81,8.07,8.23,7.74,8.03,8.13,7.77,6.81,8.77,8.49,7.85,8.05,8.12,8.08,8.04,8.04,7.8,8.31,8.25,8.47,8.21,8.57,8.19,8.37,8.5,8.11,8.2,8.21
CYTSA,5.33,4.47,5,4.81,4.89,4.66,5.55,5.7,4.93,4.95,4.72,4.85,4.73,4.73,5.18,5.38,4.71,5.21,4.71,5.14,5.22,4.76,4.65,5.31,5.33,4.97,5.13,5.07,4.65,5.14,4.63,6.09,5.09,5.01,4.94,5.13,5.07,5.13,4.39,4.44,5.37,4.57,4.68,4.92,4.41,4.8,5.01,4.92,4.67,4.92
CYTSA,5.8,5.73,5.76,5.76,5.53,5.69,5.73,6.19,5.81,6.02,5.83,5.9,5.81,5.71,5.99,5.97,5.73,5.99,6.37,6.34,5.9,6.04,5.56,6.13,6.15,5.6,5.62,6.15,5.88,5.26,6.18,4.39,5.94,6.07,5.95,6,6.11,5.92,5.53,5.89,5.78,5.71,5.59,6.42,6.22,5.27,6.21,5.91,5.54,6
CYTSB,6.83,6.91,7.14,7.21,7.28,7.23,7.4,7.33,6.89,7.13,7.39,6.99,6.94,7.43,7.05,6.96,7.06,7.03,7.42,6.8,7.01,7.01,7.04,7.1,6.83,7.03,7.33,7.21,7.06,7.08,7.5,7.47,7.4,7.18,7.2,7.5,7.13,7.14,7.45,7.04,7.18,7.09,7.2,7.9,7.4,7.1,6.94,7.2,6.98,7.17
CYTSB,5,4.48,5.16,4.63,5.56,4.87,3.87,4.88,4.69,4.82,4.74,4.35,4.63,4.04,4.93,4.46,4.67,4.77,5.13,4.88,4.94,4.41,4.8,4.83,4.97,4.87,4.86,4.69,4.81,4,5.85,4.08,4.47,4.82,5.06,5.18,4.45,4.9,4.29,5.17,4.88,4.43,4.99,4.54,4.66,4.7,4.74,4.52,4.56,3.59
CYTSB,7.13,6.71,7.4,7.15,8.03,7.72,6.43,7.21,7.03,7.22,7.35,6.66,6.64,6.6,7.08,7.1,6.97,7.11,7.59,7.37,6.9,6.88,7.27,7.37,7.1,7.23,7.4,7.04,7.37,4.95,6.67,5.21,7.18,7.26,7.22,7.43,7.34,7.6,6.57,7.31,7.08,7.14,7.42,5.73,7.35,7.35,7.02,7.01,7.1,5.38
CYTSB,5.35,5.32,5.8,5.2,5.25,4.97,4.78,5.79,5.24,5.4,5.87,5.08,5.08,5.06,5.49,5.19,5.72,5.61,5.89,5.95,5.15,5.17,5.4,5.46,5.6,5.32,5.37,5.17,5.75,5.11,6.44,5.1,5.58,5.67,5.28,5.75,5.51,5.26,5.25,5.56,5.21,5.31,5.3,5.11,5.87,5.37,5.34,5.61,5.57,5.69
CYYR1,3.92,4.06,4.22,4.18,4.14,4.19,4.49,4.03,4.14,4.05,4.27,4.33,4.16,5.87,4.07,3.98,4.27,3.96,4.28,4.64,4.06,4.63,4.1,3.99,4.1,4,4.21,4.35,4.06,4.13,5.78,4.65,3.97,4.19,4.05,4.28,4.77,4.42,4.03,4.35,3.84,4.43,4,5.13,3.91,4.24,4.42,4.44,4.06,4.91
CYYR1,4.23,4.68,4.31,4.34,4.42,4.79,4.83,4.29,4.33,4.29,4.38,4.45,4.47,4.61,4.21,4.38,4.18,4.03,4.17,3.91,4.58,4.4,4.41,4.21,4.72,4.33,4.27,4.42,4.69,4.71,4.47,5.23,4.51,4.46,4.6,4.18,4.27,4.08,5.52,4.25,4.3,4.46,4.76,5.76,4.25,4.07,4.46,4.43,4.37,4.53
CYYR1,4.03,4.39,3.86,4.33,4.28,4.45,4.72,4.06,4.01,4.19,3.97,4.03,4.3,5.47,4.08,4.03,4,4.16,4.02,4.46,3.96,4.35,4.29,4.11,3.95,4.4,3.9,3.97,4.17,5.45,4.96,7.26,4.04,4.2,3.88,3.83,4.43,4.08,4.71,4.13,3.88,3.82,4.16,6.52,4.18,4.56,4.29,4.13,4.05,5.2
D2HGDH,5.62,5.53,5.92,5.64,5.21,5.95,5.47,6.08,5.78,5.86,5.57,5.83,5.64,5.71,5.98,5.79,5.94,5.68,5.83,6.1,5.97,5.61,5.63,5.81,6.32,5.57,5.58,5.92,5.58,5.72,5.93,5.66,5.68,5.99,6.08,6.02,5.91,6.01,5.41,6,5.57,5.98,5.81,5.42,6.14,5.01,6.26,5.52,5.34,5.63
D2HGDH,7.83,7.59,8.23,8.1,8.38,8.47,7.32,8.48,8.03,7.95,8.16,8.01,7.73,7.54,7.65,7.61,7.69,7.84,7.84,7.98,7.82,7.95,7.94,8.03,7.97,7.77,8.26,8.21,8.18,6.55,7.4,9.12,7.74,7.84,7.56,8.05,7.74,7.92,7.12,8.1,8.16,8.59,8.43,8.01,8.07,7.72,8.06,8.02,8.2,6.42
D2HGDH,4.17,3.9,4.15,4.05,4.96,3.91,3.89,4.18,3.95,4.25,4,4.27,4.11,5.81,3.97,4.3,3.98,4.34,3.95,4.12,4.14,4.23,4.11,4.12,4.17,4.22,4.25,3.74,4.2,4.53,5.45,6.39,4.06,3.89,4.37,4.26,4.13,3.87,4.42,4.21,4.19,4.55,4.55,5.01,3.99,3.94,4.13,4.01,4.14,5.38
D4S234E,4.05,4.08,3.57,3.94,3.63,3.68,3.71,3.73,4.13,3.94,4.39,4.61,4.59,4.26,6.59,7.03,7.1,3.7,3.61,3.81,6.17,5.85,6.19,7,7.05,7.63,3.63,4.13,3.95,3.74,4.07,4.43,7.03,6.68,6.95,6.73,7.02,6.94,3.93,3.55,3.73,3.7,3.52,6.02,3.5,3.45,3.81,3.94,4.02,5.75
D4S234E,3.91,3.75,3.64,3.75,4.5,3.76,3.9,3.94,3.83,3.77,4.09,4.23,4.11,4.08,7.63,7.25,7.14,3.78,3.84,3.94,5.54,5.59,5.77,7.09,7.31,7.25,3.59,3.98,3.72,4.7,5.22,5.05,6.43,6.77,6.51,6.88,7.3,6.74,5.14,3.75,4.15,4.13,3.6,4.12,3.49,3.99,3.69,4.06,3.91,4.92
D4S234E,4.59,4.88,4.88,4.81,5.31,4.59,4.74,5.52,4.45,4.71,4.91,5.1,4.7,5.81,6.48,6.48,6.01,4.78,5.1,4.93,5.4,5.3,5.15,6.47,6.54,6.25,4.87,5.05,4.76,5.55,5.37,5.38,5.9,5.65,5.83,5.91,5.5,6.02,5.52,4.79,4.55,4.95,4.58,5.23,4.81,4.67,4.92,4.88,4.8,6.59
D4S234E,4.78,4.74,5.09,5.03,5.59,4.78,4.85,5.39,5.04,4.8,4.86,5.43,5.3,5.71,6.36,6.4,6.29,5.04,5.06,5.04,5.42,5.74,5.51,6.61,6.87,6.43,5.1,5.04,4.87,5.79,6.05,6.16,6.15,6.01,6.34,6.5,6.06,6.9,5.27,4.87,5.29,5.02,5.22,5.09,5,5.17,5.1,5.57,5.06,6.04
D4S234E,4.29,4.19,4.2,4.23,4.49,4.01,4.29,4.15,4.21,4.22,4.47,4.55,4.77,4.52,6.53,6.5,6.33,4.08,4.23,4.15,5.3,5.54,6.02,6.41,6.4,6.7,4.06,4.09,4.13,5.29,5.16,5.29,6.09,6.15,6,5.87,6.16,6.29,4.17,4.34,4.06,4.08,3.95,4.22,3.98,4.19,3.98,3.91,4.3,4.16
D4S234E /// GPS2,10.16,10.02,10.33,10.33,10.54,10.44,10.38,10.5,10.19,10.11,9.8,10.22,10.19,9.19,10.24,10.27,10.32,10.18,10.14,10.1,10.47,10.32,10.12,10.38,10.32,10.47,10.38,10.2,10.21,10.32,10.02,9.6,10.48,10.36,10.38,10.34,10.62,10.43,10.65,10.46,10.5,10.36,10.37,8.38,10.43,10.43,10.27,10.29,10.27,9.32
DAAM1,9.17,9.32,9.04,9.01,8.64,8.63,8.49,8.76,9.19,9.17,9.28,9.32,9.5,7.84,9.04,9.02,9.09,9,8.9,9.06,9.13,9.29,9.51,8.95,9.1,9.12,8.7,8.87,9.27,9.22,8.24,5.5,9.15,9.12,9.02,9.12,9.02,9.11,8.22,8.9,8.97,9.25,9.24,8.24,8.8,8.91,8.93,9.03,9.36,6.89
DAAM2,4.22,4.21,4,4.03,4.09,4.47,5.04,4.18,4.03,4.22,4.38,4.18,4.13,5.1,4.48,4.26,4.03,4.39,4.21,4.13,4.2,4.33,4.18,3.99,4.2,3.92,4.11,4.31,4.08,4.26,5.79,5.32,3.97,4.38,4.23,4.41,4.06,4.21,4.23,4.09,4.21,4.83,4.03,5.81,4.38,3.94,4.28,4.22,3.98,4.81
DAAM2,3.77,3.79,4.06,3.67,4.15,4.71,3.76,3.86,3.64,3.84,4.03,3.87,3.71,5.65,3.94,3.78,3.71,3.92,3.86,3.7,3.9,3.91,3.81,3.81,3.79,3.83,4.23,3.99,3.97,4.83,5.91,4.44,3.93,4.03,3.94,3.9,3.94,3.72,4.38,3.98,4.04,3.98,4.2,4.65,3.82,3.86,3.93,3.98,3.98,5.66
DAB1,3.89,3.73,3.99,3.83,4.46,4.2,4.69,4.02,3.95,4.06,3.93,3.81,3.66,4.54,3.72,3.75,3.84,4.03,3.97,3.57,3.8,3.78,3.75,4.41,3.95,4.23,4.25,3.84,4.03,4.43,4.68,3.8,4.26,3.9,4.11,4.2,3.87,4.32,4.02,4.02,3.9,3.89,3.96,4.68,3.94,3.91,4.28,3.92,3.81,4.71
DAB1,4.41,4.81,5.04,4.53,4.55,4.77,4.22,4.34,4.67,4.74,4.7,4.66,4.67,6.15,4.72,4.43,4.73,4.76,4.48,4.62,4.69,4.37,4.56,4.24,4.89,4.63,4.69,4.83,4.54,5.07,4.68,4.92,4.77,4.48,4.61,4.29,4.32,4.34,4.2,4.53,4.33,4.94,4.73,6.59,4.45,4.16,4.3,4.38,4.91,6.24
DAB1,3.88,3.95,3.7,3.81,3.72,4.19,3.71,4.07,3.78,3.92,4.09,3.91,3.87,3.72,3.64,4.16,3.65,3.7,4.15,3.92,4.09,3.87,3.89,3.84,4.08,3.99,3.79,3.86,3.82,3.56,3.81,3.92,3.78,3.99,3.88,3.63,3.71,4.15,4.68,3.81,3.46,3.91,3.81,4.51,3.89,3.56,3.73,3.63,3.76,4.21
DAB2,3.69,3.62,3.96,3.71,3.89,3.99,3.61,3.86,3.8,3.76,3.84,3.67,3.68,4.3,3.76,3.49,3.89,3.64,3.62,3.72,3.68,4.01,3.63,3.49,3.55,3.83,3.57,3.84,3.88,4.7,4.61,4.1,3.59,3.68,3.72,3.86,3.62,3.72,3.36,3.5,3.51,3.74,3.47,4.68,3.5,4.25,3.76,3.47,3.6,5.94
DAB2,3.94,4.13,3.71,3.66,3.9,3.93,3.85,3.63,3.85,3.96,3.81,3.87,3.88,4.25,3.81,3.92,3.89,3.93,3.94,3.76,4.21,4.02,3.76,3.78,3.78,3.77,3.88,3.86,3.59,4.31,5.49,4.18,3.76,3.96,4,3.67,3.77,3.73,4.3,3.77,3.54,3.86,3.76,4.27,3.48,3.66,3.85,3.86,3.77,4.51
DAB2,3.79,3.69,3.71,3.92,4.29,3.77,3.75,3.58,3.8,3.67,3.79,3.8,3.75,4.51,3.68,3.55,3.98,3.9,3.62,3.82,3.89,3.77,3.55,3.61,3.72,3.48,3.59,3.89,3.78,4.73,3.94,3.95,3.64,3.65,3.78,3.68,3.83,3.61,4.32,3.78,3.96,3.62,3.83,4.52,3.43,4,3.58,3.74,3.63,4.88
DAB2,4.17,4.5,4.03,4.29,4.62,4.07,4.31,3.92,4.08,4.21,4.46,4.69,4.64,4.4,3.85,4.26,3.95,4.19,3.99,3.94,4.05,4.31,4.46,4,4,3.76,4.1,4.35,4.33,4.42,3.98,4.51,4.24,4.12,4.1,3.91,3.78,3.93,4.69,3.78,3.91,4.2,4.23,5.45,3.89,4.04,3.88,4.12,3.85,4.08
DAB2IP,5.21,5.07,5.18,5.41,5.59,5.5,5.16,5.64,5.31,5.41,5.7,5.36,5.37,5.65,5.37,5.43,5.37,5.44,5.36,4.93,4.98,5.45,5.05,4.95,5.23,5.44,5.68,5.27,5.52,4.38,6.24,5,5.52,5.54,5.69,5.63,4.51,5.1,4.77,5.67,5.33,5.54,5.43,5.09,4.87,4.62,5.01,6.13,5.78,5.48
DAB2IP,4.8,4.37,4.95,5.14,4.59,4.83,5.23,4.88,4.58,4.6,5,4.39,4.27,4.55,4.62,4.54,4.52,4.65,5.08,4.73,4.52,4.54,4.57,4.6,4.61,4.76,4.83,4.72,4.73,4.28,5.11,4.83,4.66,4.4,4.93,4.6,5.2,5.42,5.06,5.31,4.54,4.77,4.33,4.75,4.3,5.2,4.26,5.09,4.72,5
DAB2IP,3.72,3.74,3.71,3.57,4.33,4.04,3.79,3.88,3.62,3.79,3.75,3.83,3.77,5.27,3.82,3.86,3.8,3.67,4.02,3.75,3.89,3.95,3.61,3.74,3.95,3.91,4.16,3.84,4.15,4.82,4.47,4.69,3.81,3.88,3.75,3.9,4.15,3.8,4.96,4.28,3.99,4.11,4,4.42,3.52,3.93,4.16,3.83,3.83,4.19
DACH1,3.29,3.53,3.76,3.42,3.41,3.67,4.05,3.84,3.53,3.45,3.64,3.47,3.48,4.34,3.37,3.77,3.47,3.81,3.4,3.41,3.57,3.42,3.61,3.78,3.51,3.45,3.79,3.54,3.34,4.24,4.94,4.62,3.58,3.28,3.61,3.65,3.78,3.45,3.47,3.87,3.5,3.68,3.68,3.75,3.46,3.57,3.68,3.51,3.78,4.27
DACH1,4.21,4.78,3.93,4.22,4.3,3.76,5.57,4.42,4.47,4.18,4.16,4.37,4.65,4.94,4.07,4.24,4.28,4.23,4.2,4.56,4.46,4.35,4.57,3.81,4.09,3.93,3.87,4.19,3.97,3.88,5.14,5.55,4.23,4.3,4.15,3.98,4.14,3.89,4.51,3.64,4.03,3.9,4.3,5.76,4.26,3.91,3.87,3.98,4.36,4.42
DACH2,11.64,11.69,11.64,11.6,11.68,11.59,11.87,11.77,11.52,11.57,11.53,11.67,11.67,10.98,11.52,11.64,11.54,12.04,11.98,11.97,12.17,12.13,12.03,12.1,12.05,12.15,11.65,11.65,11.62,12.01,10.93,11.24,11.53,11.41,11.31,11.79,12.05,11.87,12.04,11.92,11.9,11.74,11.74,10.61,12.05,11.97,11.92,11.76,11.72,10.78
DACH2,11.4,11.52,11.34,11.34,11.16,11.14,11.07,11.22,11.34,11.34,11.24,11.45,11.59,11.06,11.3,11.23,11.31,11.65,11.67,11.76,11.88,11.84,11.98,11.9,11.75,12.03,11.43,11.37,11.24,11.48,9.58,10.29,11,11.03,10.94,11.6,11.58,11.63,11.32,11.58,11.62,11.32,11.34,10.68,11.57,11.61,11.52,11.55,11.51,10.62
DACH2,11.43,11.56,11.37,11.4,11.34,11.27,11.32,11.44,11.35,11.44,11.32,11.59,11.43,10.93,11.42,11.4,11.34,11.71,11.78,11.71,11.97,11.88,11.9,11.89,11.91,12.02,11.37,11.5,11.34,11.46,10.43,11.16,11.23,11.23,11.11,11.65,11.62,11.61,11.76,11.77,11.65,11.51,11.33,11,11.67,11.61,11.68,11.57,11.46,11.01
DACH2,8.91,8.93,8.88,8.87,8.69,8.4,8.92,9.06,8.94,8.93,8.48,8.99,9.1,7.13,8.7,8.76,8.7,9.38,9.41,9.61,9.66,9.56,9.27,9.29,9.34,9.6,8.84,8.95,8.63,8.68,7.14,7.32,8.5,8.46,8.37,8.96,9.09,9.15,8.83,9.21,9.1,8.88,8.63,7.41,9.17,8.95,9.06,9.04,8.98,6.28
DACH2,5.54,5.92,5.34,5.79,5.02,4.82,4.22,5.73,5.52,5.79,5.4,5.91,5.98,4.69,5.69,5.41,5.47,5.65,5.69,5.9,6.15,5.92,5.77,6.3,6.22,6.55,5.58,5.64,5.01,3.94,7.73,5.05,5.89,5.66,6,5.87,5.12,6.21,5.92,5.61,5.35,5.01,5.1,5.63,6.23,5.84,5.91,5.73,5.77,6.24
DACH2,4.16,4,3.95,4.13,3.82,3.63,3.82,3.94,4.12,4.03,4.29,4.08,4.25,4.16,4.24,3.94,4.2,4.19,4.05,4.38,4.54,4.53,4.55,4.59,4.24,4.39,3.64,4.18,3.96,3.62,3.8,5.2,3.94,4.39,4.15,4.15,3.67,4.15,3.64,4.11,3.92,4.14,3.61,4.82,4.07,3.82,4.38,4.06,4.11,4.89
DACT1,3.94,3.78,3.78,3.93,3.81,4.03,4.56,4.41,3.82,3.99,4.05,3.96,3.75,3.97,4.17,4.06,4.02,4.18,3.93,4.24,3.98,4.05,4.04,4.21,4.21,4.03,4.05,3.95,3.76,4.19,4.84,4.17,4.15,4.22,4.24,3.89,3.89,3.94,4.15,4.14,4.05,3.91,4.39,4.28,4.11,4.12,4.4,3.99,3.91,4.87
DACT1,4.94,4.78,5.03,4.98,4.88,4.51,4.79,5.1,4.55,4.57,5.03,4.89,4.77,5.39,4.73,4.7,4.54,4.46,4.68,4.88,4.78,4.91,4.93,4.93,5.11,4.66,4.86,4.69,5.45,6.33,7.82,5.78,4.78,4.86,4.68,4.48,5.02,4.76,4.11,4.62,4.87,4.83,4.79,5.62,4.49,5.19,4.59,5.02,4.74,8.28
DACT2,4.29,4.51,4,4.33,4.56,4.26,4.46,4.13,4.42,4.27,4.4,4.38,4.49,4.94,3.91,4.38,4.02,4.2,4.07,4.25,4.26,4.51,4.4,4.12,3.91,3.98,4.17,4.38,4.46,3.88,4.32,4.24,4.13,4.23,4.06,4.17,4.26,3.82,4.05,3.92,3.96,4.27,4.05,4.82,4.18,4.03,3.86,4.15,4.08,4.5
DACT2,3.63,3.74,3.53,3.64,3.62,3.88,3.74,3.5,3.52,3.61,3.76,3.59,3.51,5.35,3.58,3.72,3.64,3.45,3.43,3.47,3.65,3.46,3.6,3.56,3.73,3.57,3.56,3.51,3.79,4.56,6.25,3.94,3.56,3.6,3.52,3.53,4.13,3.61,3.83,3.38,3.51,3.51,3.75,4.48,3.94,3.71,3.56,3.57,3.59,6.4
DACT3,6.36,6.4,6.38,6.28,7.16,6.67,6.24,6.64,6.27,6.55,6.69,6.55,6.23,5.42,6.91,6.83,6.86,6.31,6.04,6.15,7.12,7.05,7.03,7.13,7.1,7.06,6.35,6.65,6.65,5.33,6.14,6.46,7.15,7.1,7.29,7.16,6.98,6.93,6.69,7.03,6.71,6.65,6.63,5.3,6.76,6.64,6.69,6.7,6.67,5.68
DAD1,11.77,11.79,11.79,11.88,11.98,11.97,11.82,11.55,12.02,11.7,11.96,11.9,12.04,10.83,11.75,11.75,11.74,11.89,11.89,11.68,11.92,11.87,11.99,11.66,11.79,11.83,11.86,11.81,12.08,12.14,10.84,10.87,11.59,11.46,11.47,11.75,11.91,11.7,11.97,11.71,11.92,11.81,11.78,10.74,12.08,12.14,12.01,12.01,12.06,10.67
DAD1,12.37,12.21,12.32,12.36,12.23,12.23,12.16,12.45,12.35,12.47,12.25,12.45,12.33,11.59,12.39,12.3,12.38,12.42,12.48,12.44,12.34,12.35,12.16,12.41,12.44,12.33,12.4,12.46,12.24,11.98,12.06,12.06,12.06,12.1,12.12,12.38,12.23,12.38,12.23,12.39,12.31,12.15,12.06,11.69,12.54,12.48,12.58,12.4,12.25,12.19
DAD1,12.63,12.69,12.7,12.69,12.85,12.84,12.68,12.66,12.66,12.66,12.77,12.76,12.79,12.33,12.66,12.66,12.65,12.79,12.79,12.62,12.65,12.71,12.74,12.67,12.71,12.64,12.7,12.72,12.74,12.91,12.13,12.33,12.51,12.47,12.5,12.68,12.71,12.6,12.82,12.71,12.81,12.58,12.62,12.4,12.95,12.94,12.92,12.77,12.72,12.16
DAD1,11.54,11.47,11.57,11.58,11.64,11.61,11.14,11.57,11.69,11.54,11.48,11.61,11.66,10.17,11.58,11.48,11.53,11.63,11.67,11.57,11.5,11.51,11.52,11.56,11.62,11.55,11.57,11.66,11.55,11.48,9.95,10.72,11.25,11.35,11.3,11.53,11.49,11.53,11.67,11.6,11.71,11.41,11.35,10.22,11.84,11.75,11.81,11.63,11.56,10.15
DAD1L,4.33,4.21,4.49,4.43,4.92,4.32,4.76,4.54,4.44,4.5,4.32,4.26,4.3,4.37,4.23,4.36,4.22,4.15,4.14,4.02,4.24,4.26,4.17,4.35,4.17,4.43,4.42,4.4,4.67,4.2,4.54,4.16,3.91,4.11,4.44,4.18,4.07,4.26,4.44,4.31,5.16,4.42,5.03,4.19,4.25,3.63,4.55,4.67,4.74,4.74
DAD1L,3.84,3.97,4.2,3.98,3.8,4.11,3.74,4.13,4.01,3.93,4.53,4.09,4.03,4.47,4.09,3.78,4.06,3.78,3.94,3.85,3.82,3.92,3.98,3.84,4.15,3.87,3.82,3.86,3.93,4.3,3.98,5.65,4.05,3.86,4,3.59,4.22,3.87,4.79,4.11,4.01,3.97,4.02,4.1,3.81,3.91,3.66,3.86,3.85,5.12
DAG1,6.08,5.8,6.32,6.23,6.55,6.09,6.56,5.99,6.24,5.99,6.12,6.06,6.11,6.59,6,6.12,6.01,6.2,6.13,5.89,6.07,6.21,5.99,6.17,6.1,6.18,6.38,6.4,6.1,6.67,8.45,6.76,5.86,5.93,5.94,6.06,5.92,5.99,6.46,6.1,6.11,6.24,6.12,7.65,6.13,6.2,6.09,6.23,6.14,7.11
DAG1,5.35,5.15,5.38,5.21,5.88,5.24,4.58,5.02,5.07,5.2,5.11,5.18,4.78,5.25,5.33,5.03,5.12,5.22,5.25,5.48,4.95,5.21,5.24,5.2,4.93,5,5.24,5.32,5.48,6.39,6.71,5.89,5.24,4.9,5.41,5.25,5.52,5.21,5.97,5.24,4.96,5.3,5.24,4.96,5.81,5.84,5.2,4.99,5.2,6.2
DAG1,7.4,7.47,7.58,7.47,7.69,7.52,6.96,7.22,7.55,7.44,7.73,7.43,7.25,5.45,7.25,7.41,7.53,7.41,7.36,7.42,7.09,7.19,7.43,7.29,7.16,7.17,7.5,7.62,7.68,6.8,5.23,5.34,7.11,6.81,6.91,7.37,7.19,7.27,6.27,7.76,7.67,7.63,7.34,5.32,7.61,7.39,7.43,7.42,7.47,5.18
DAG1,5.91,5.49,5.88,5.72,5.7,5.15,5.4,5.86,5.65,6.13,5.24,5.6,5.53,6.37,5.85,5.87,5.77,6.07,6.06,6.09,5.71,5.81,5.4,5.9,5.87,5.51,5.91,6.18,5.77,4.77,4.35,4.82,5.82,5.69,5.67,5.5,5.29,5.94,5.07,5.75,6.05,5.81,5.16,5.63,6.36,5.75,6.11,5.48,5.7,6.51
DAG1,6.37,6.31,6.51,6.31,6.35,6.37,6.26,6.26,6.13,6.32,6.47,6.45,6.48,6.3,6.31,6.57,6.4,6.27,6.28,6.64,6.41,6.24,6.22,6.25,6.16,6.21,6.45,6.69,6.55,5.39,6.3,6.65,6.2,6.29,5.96,6.1,6.12,6.21,6.11,6.43,6.39,6.13,6.19,6.19,6.42,6.11,6.3,6.17,6.39,6.65
DAGLA,4.05,4.14,3.95,4.15,4.14,4.06,4.35,4.22,4.05,4.04,4.09,4.06,3.98,4.2,4.19,3.8,4.02,4.08,4.02,4.05,4.32,4.12,4.3,3.88,4.21,3.83,4.07,4.05,4.17,3.82,4.79,5.91,4.17,4.81,4.47,4.22,4.17,4.15,4.2,4.3,4.15,4.27,4.05,5.14,3.95,4.13,4.53,4.18,4.4,4.08
DAGLB,5.55,4.96,5.45,5.81,5.19,5.26,5.13,5.4,5.5,5.52,4.83,5.17,5.6,4.42,5.72,5.41,5.98,5.7,6.13,5.74,5.42,5.58,5.25,5.5,5.62,5.92,5.3,5.28,4.9,4.66,4.58,4.84,6.03,5.9,6.15,5.63,4.79,5.57,4.7,5.27,4.99,4.91,5.16,4.52,4.61,4.84,4.77,5.34,5.13,4.93
DAGLB,5.88,5.51,6.13,5.69,6.06,6.08,5.98,5.86,5.52,6.01,5.66,5.76,5.73,4.12,6.01,6.03,5.97,6.02,6.25,6.17,5.73,5.35,5.98,5.92,6.03,6.03,5.76,5.7,6.25,6.7,5.24,3.83,6.41,6.5,6.07,5.97,6.33,6.09,6.33,6.13,6.14,5.78,5.77,4.75,5.86,5.44,5.57,6.02,6.17,5.6
DAGLB,6.06,5.9,5.94,5.93,6.31,5.68,5.52,5.91,5.92,6.2,5.62,5.79,5.67,5.26,6.1,5.92,5.99,6.24,6.02,6.14,5.72,5.77,5.73,5.95,5.95,6,5.91,5.89,5.96,6.35,5.28,6.37,6.19,6.6,6.46,6.02,5.61,6.1,5.7,5.75,5.94,5.95,5.97,5.78,5.9,5.72,5.47,5.76,6.18,4.45
DAGLB,5.6,5.58,5.71,5.59,5.49,5.62,5.28,5.48,5.53,5.7,5.36,5.75,5.55,6.22,5.47,5.79,5.58,5.92,5.62,5.48,5.59,5.52,5.3,5.61,5.55,5.08,4.97,5.87,5.39,4.42,5.85,4.91,5.79,5.88,5.78,5.36,5.42,5.25,5.66,5.56,5.76,5.81,5.58,6.97,5.4,5.06,5.97,5.65,5.32,7.35
DAK,8.29,7.89,8.29,8.24,8.32,8.47,8.57,8.3,8.02,8.22,7.8,8.02,8.01,7.17,7.97,7.92,7.92,8.1,8.31,8.06,7.93,8.05,7.95,8.2,8.11,7.95,8.27,8.1,8.23,7.22,6.69,7.04,7.7,7.95,7.62,8.18,8.12,7.88,7.59,8.02,8.21,8.3,7.93,6.01,8.18,8.04,8.03,8.06,8.23,6.95
DAK,7.37,7.23,7.6,7.51,7.18,7.64,6.8,7.61,7.34,7.42,7.37,7.3,6.99,5.77,7.23,7.16,7.18,7.38,7.59,7.5,7.37,6.96,7.42,7.46,7.42,7.39,7.42,7.42,7.41,5.62,7.38,5.73,7.1,7.12,7.19,7.36,7.17,7.5,7.3,7.37,7.3,7.4,7.18,5.27,7.4,7.13,7.46,7.57,7.37,5.27
DAK,4.99,4.4,5.27,4.83,5.46,4.66,5.85,4.94,5.01,5.18,5.06,4.85,4.63,5,5.18,5.1,5.39,5.28,5.2,4.89,4.74,4.91,5.12,4.66,5.01,4.72,4.92,4.76,5.13,4.88,4.1,3.74,5.01,4.78,4.68,5.36,5.32,5.06,4.95,5.24,5.12,5.53,5.48,6.6,4.75,4.78,5.88,5.24,4.86,4.87
DAK,7.53,7.01,7.52,7.5,7.31,7.38,7.61,7.63,7.47,7.53,7.08,7.34,7.24,6.03,7.23,7.02,7.22,7.43,7.49,7.56,7.66,7.38,7.38,7.24,7.24,7.49,7.5,7.51,7.23,5.87,5.51,5.44,7.41,7.35,7.14,7.45,6.99,7.5,6.07,7.48,7.21,7.56,7.31,4.21,7.47,7.65,7.34,7.42,7.43,5.53
DALRD3,8.44,8.28,8.45,8.42,8.32,8.4,8.06,8.47,8.27,8.58,8.22,8.55,8.25,7.04,8.27,8.18,8.31,8.34,8.34,8.41,8.47,8.54,8.51,8.37,8.6,8.38,8.35,8.4,8.27,8.83,7.74,8.39,8.08,8.09,7.94,8.45,8.58,8.44,7.87,8.44,8.48,8.72,8.72,6.41,8.52,8.51,8.51,8.43,8.37,7.85
DAND5,4.67,4.43,5.18,5.18,5.38,4.97,6.23,5.83,5,4.78,4.83,4.86,4.7,6.24,4.73,4.9,4.83,4.97,5.03,5.33,4.87,5.07,4.69,5.05,5,5.03,4.68,5.09,4.83,5.44,5.95,6.08,4.51,4.71,4.89,4.88,4.84,5.1,4.76,5.26,5.04,4.96,5.26,6.71,5.23,5.59,5.64,5.12,4.96,6.83
DAND5,4.4,4.19,4.46,4.26,4.21,4.33,4.92,4.54,4.34,4.21,4.24,4.21,4.3,4.87,4.3,4.48,4.4,3.95,4.24,4.32,4.48,4.27,4.13,4.28,4.36,4.02,4.2,4.17,4.34,4.42,7.2,5.11,4.24,4.38,4.44,4.19,4.71,4.47,5.06,4.19,4.26,4.35,4.23,5.19,3.91,4.73,4.39,4.21,4.38,4.24
DAO,3.65,3.76,3.65,3.9,4.59,3.5,3.85,4.13,3.77,3.63,3.95,3.74,3.67,3.81,3.91,3.84,3.63,3.73,3.42,3.77,3.98,3.93,3.74,3.8,3.83,3.68,3.5,3.67,3.86,3.88,3.68,3.93,4.05,3.84,3.68,3.94,4.05,3.86,3.76,3.65,3.66,3.78,3.76,3.88,3.62,4,3.64,3.83,3.62,5.32
DAOA,3.78,3.86,3.66,4.15,4.21,4,4.76,4.08,3.88,4.15,3.95,3.89,3.92,5.27,3.83,4.27,3.71,3.8,4.02,3.61,4.06,4.07,3.99,4.23,3.93,3.96,3.85,3.88,3.92,5.21,4.75,4.99,3.82,3.75,4,3.95,3.95,3.75,4.53,3.89,4.21,3.76,3.71,4.82,3.95,4.09,3.75,4,3.96,5
DAOA,3.79,3.94,3.58,3.77,4.04,3.62,4.22,3.5,3.91,3.84,4.05,3.72,3.95,3.77,3.57,3.7,3.74,3.72,3.71,3.65,3.92,3.83,3.69,3.51,3.61,3.52,3.84,3.68,3.79,5.02,5.27,4.2,3.78,3.98,3.88,3.73,3.49,3.51,4.58,3.7,4.01,3.43,3.96,5.16,3.8,3.64,3.59,3.63,3.78,3.62
DAOA,3.78,3.77,3.66,3.85,4.2,4.09,4.37,3.94,4.08,3.63,3.93,3.75,3.67,5.14,3.86,4.11,3.77,4.07,3.88,4.03,3.81,4.02,3.86,3.78,4.33,3.9,3.78,4.08,4.15,5.13,5.79,4.68,3.9,3.79,4.05,4.05,3.69,3.75,4.53,4.28,3.96,3.75,3.86,5.06,3.83,4.06,3.55,4.02,3.67,4.99
DAP,8.81,8.31,8.72,8.8,7.85,8.41,8.51,8.81,8.69,8.85,8.23,8.72,8.39,7.86,8.71,8.71,8.5,8.66,8.59,8.71,8.58,8.37,8.04,8.83,8.64,8.77,8.72,8.95,7.87,7.33,6.61,5.33,8.77,8.77,8.83,8.69,8.55,8.92,8.68,8.66,8.58,8.7,8.3,7.15,8.92,8.39,8.96,8.81,8.28,8.03
DAP,9.81,9.76,9.8,9.85,9.95,9.96,9.74,9.78,9.88,9.84,9.93,9.69,9.72,7.57,9.69,9.57,9.75,9.72,9.59,9.62,9.71,9.76,9.8,9.74,9.75,9.78,9.83,9.7,9.96,9.81,8.14,8.2,9.78,9.82,9.83,9.62,9.95,9.65,9.92,9.73,9.89,9.9,9.97,8.56,10.05,10.14,10.08,9.93,9.89,8.42
DAP3,10.17,10.1,10.25,10.16,9.86,9.93,10.16,10.06,10.24,10.27,9.97,10.32,10.12,9.22,10.27,10.22,10.09,10.16,10.09,10.2,10.15,10.08,10.05,10.35,10.21,10.14,10.14,10.36,9.99,9.4,8.68,8.69,10.06,10.21,10.28,10.33,10.16,10.4,9.45,10.21,10.04,10.32,10.04,8.39,9.91,9.94,10.03,10.27,10.23,9.14
DAP3,10.64,10.73,10.72,10.69,10.68,10.84,10.78,10.65,10.8,10.66,10.51,10.56,10.89,9.93,10.66,10.71,10.77,10.53,10.65,10.5,10.81,10.65,10.72,10.76,10.71,10.77,10.8,10.59,10.75,10.67,8.41,9.26,10.74,10.7,10.66,10.7,10.91,10.73,10.63,10.67,10.77,10.84,10.95,9.86,10.75,10.8,10.66,10.79,10.88,9.36
DAP3,10.46,10.26,10.51,10.5,10.32,10.31,10.4,10.56,10.39,10.54,10.37,10.5,10.4,9.08,10.55,10.46,10.47,10.36,10.33,10.34,10.4,10.51,10.32,10.52,10.57,10.48,10.53,10.53,10.36,10.02,8.51,10.23,10.4,10.49,10.47,10.59,10.36,10.58,10.22,10.51,10.37,10.64,10.47,9.01,10.35,10.33,10.42,10.52,10.5,9.01
DAP3,9.98,9.78,10.02,9.93,9.85,9.94,9.46,10.12,9.97,10.01,9.81,10.02,9.95,8.38,10.01,9.85,9.96,9.85,9.87,9.88,9.93,9.89,9.74,9.97,9.96,9.98,10,10.03,9.77,8.87,7.65,7.87,9.96,10,9.89,10.18,9.86,10.13,9.37,10.08,9.88,10.13,9.9,7.78,9.93,9.71,9.71,10.07,9.97,8.89
DAP3,10.42,10.26,10.46,10.52,10.34,10.27,10.49,10.38,10.48,10.52,10.3,10.48,10.44,9.11,10.51,10.48,10.46,10.37,10.34,10.37,10.39,10.48,10.28,10.52,10.47,10.52,10.45,10.62,10.4,9.46,8.06,9.17,10.42,10.51,10.41,10.54,10.41,10.5,10.34,10.41,10.41,10.66,10.47,8.94,10.4,10.26,10.39,10.51,10.57,9.6
DAPK1,10.85,11.18,10.75,10.87,11.23,11.01,10.81,10.85,10.85,10.83,11.19,10.79,10.89,10.33,10.84,10.88,11.16,10.99,11.03,11.08,11.29,11.19,11.34,11.08,11.06,11.11,10.99,11.05,11.25,11.13,9.57,10.76,11.21,11.19,11.07,11.17,11.25,11.16,10.71,10.82,10.94,11.47,11.52,11.2,11.36,11.46,11.43,10.87,11.14,10.25
DAPK1,5.7,5.15,5.78,5.77,6,4.97,5.22,5.9,5.22,5.88,5.37,5.51,5.32,6.17,5.55,5.62,6,5.73,6.09,6.2,6.08,5.76,5.41,6.03,5.93,5.83,5.92,5.92,5.55,4.3,5.06,6.26,6.11,5.97,5.84,5.99,5.88,6.47,4.37,6.04,5.71,5.97,5.69,6.4,5.52,6.01,6.45,6.08,5.82,6.65
DAPK1,4,3.79,4.06,4.07,3.99,3.96,4.35,4.4,4.21,4.2,4.13,4.01,3.74,4.11,4.13,4.23,4.28,4.03,4.08,4.38,4.21,4.24,4.42,4.57,4.31,4.36,4.07,4,3.94,4.15,4.86,4.91,4.54,3.91,4.07,4.42,4.34,4.43,3.89,4.26,4.11,4.33,4.05,4.3,4.24,4.49,4.93,4.03,4.01,6.25
DAPK1,4.34,4.5,4.4,4.39,4.26,4.59,4.42,4,4.54,4.42,5.11,4.22,4.27,4.12,4.5,4.37,4.67,4.56,4.17,4.37,4.97,4.6,5.06,4.37,5.05,4.62,4.35,4.64,4.68,3.24,4.26,4.06,4.48,4.54,4.52,5.16,4.6,4.46,3.49,4.55,4.76,4.75,4.72,3.8,4.32,5.04,4.81,4.4,4.87,3.36
DAPK2,4.1,4.59,4.38,4.47,4.39,4,4.17,4.44,4.14,4.41,4.76,4.58,4.47,4.8,4.33,4.34,4.26,4.31,4.21,4.16,4.4,4.59,4.38,4.18,4.34,4.12,4.44,4.3,5.02,4.56,4.94,4.55,4.33,4.36,4.25,4.17,4.81,4.23,4.12,4.22,4.11,4.28,4.47,4.5,4.19,4.12,3.84,4.25,4.6,4.13
DAPK2,4.8,5.05,4.73,4.93,5.55,5.1,5.23,5,4.89,4.84,4.8,4.68,4.99,5.98,4.89,4.53,4.38,4.89,4.93,5.02,4.67,5,4.97,5.1,5,4.75,4.91,4.9,4.85,5.14,5.71,5.68,4.86,4.77,4.99,4.84,5.21,4.8,5.18,5.06,5.08,4.92,5.2,6.81,4.79,4.46,5.1,5.02,4.95,5.69
DAPK2,5.12,5.11,4.93,5.26,5.39,5.98,5.68,5.28,5.31,5.25,5.41,5.17,5.13,6.34,5.31,5.29,5.04,5.07,5.31,5.21,5.37,5.09,5.07,5.32,5.35,4.97,5.07,5.32,4.83,5.45,6.06,6.92,5.31,5.37,5.58,5.22,5.17,5.04,5.8,5.25,4.96,5.07,5.27,5.17,5.1,5.17,5.28,4.91,5.13,6.38
DAPK3,7.58,7.35,7.9,7.73,7.23,7.32,7.14,7.45,7.73,7.44,6.82,7.48,7.54,6.28,7.5,7.39,7.73,7.53,7.81,7.71,7.92,7.38,7.28,8.12,7.85,8.45,7.48,7.61,7.24,5.61,6.09,6.14,8.04,7.96,7.84,7.76,7.07,7.57,6.58,7.78,7.69,6.93,7.25,4.7,7.19,6.99,7.41,7.7,7.46,5.03
DAPK3,8.39,8.35,8.56,8.45,8.84,8.85,8.59,8.68,8.24,8.35,8.44,8.38,8.26,8.56,8.48,8.51,8.4,8.78,8.58,8.4,8.72,8.5,8.64,8.88,8.89,8.64,8.62,8.44,8.55,8.27,8.55,7.55,8.79,8.71,8.71,8.67,8.56,8.5,9.41,8.78,8.77,8.6,8.58,7.16,8.39,8.39,8.69,8.68,8.63,8.55
DAPL1,3.49,3.38,3.41,3.81,3.63,3.43,4.16,3.67,3.57,3.57,3.6,3.53,3.55,4.23,3.57,3.49,3.46,3.41,3.49,3.26,3.65,3.43,3.27,3.47,3.45,3.55,3.37,3.73,3.7,4.64,3.95,6.04,3.45,3.53,3.54,3.54,3.55,3.51,3.94,3.63,3.6,3.56,3.4,4.09,3.5,3.68,3.62,3.73,3.28,3.7
DAPP1,8.85,8.77,8.79,8.6,8.29,8.92,8.73,8.9,8.81,8.93,9,8.48,8.39,7.87,8.48,8.33,8.22,9.37,9.28,9.41,8.38,8.45,8.28,8.35,8.51,8.14,8.85,8.92,8.39,8.55,6.93,5.8,7.88,7.72,8.12,8.5,8.14,7.88,7.73,8.73,8.74,8.83,9.01,7.87,8.81,8.84,8.81,8.46,8.04,6.76
DAPP1,4.96,4.62,4.49,4.79,4.08,4.76,4.2,4.39,5.27,5.09,4.47,4.8,4.21,4.7,4.64,4.59,4.43,5.13,5.29,5.38,4.35,4.05,4.13,4.36,4.36,4.43,4.93,4.83,4.37,4.39,4.74,4.92,4.15,4.02,3.93,4.61,4.11,3.93,4.91,4.6,4.42,4.59,4.41,4.89,4.53,4.61,4.57,4.44,4.42,4.54
DAPP1,7.43,7.42,7.07,7.36,6.47,7.05,7.48,6.98,7.31,7.23,7.1,7.21,7.34,7.14,6.5,6.64,6.63,7.22,7.5,7.5,6.62,6.74,6.54,6.29,6.02,6.22,6.71,6.98,6.47,7.25,5.68,6.38,6.16,6.33,6.42,6.54,6.4,6.36,6.35,6.67,6.85,6.97,6.82,6.48,6.56,6.88,6.57,6.57,7.25,6.26
DAPP1,3.59,4.2,3.63,3.7,3.92,3.53,4.17,3.79,3.79,3.75,3.98,3.84,4.37,3.63,3.59,3.48,3.67,3.71,3.8,3.67,3.89,3.73,3.77,3.63,3.5,3.6,3.44,3.79,3.53,5.6,4.34,3.72,3.65,3.57,3.87,3.55,3.53,3.54,3.8,3.56,3.54,3.53,3.8,3.69,3.57,3.7,3.93,3.58,3.76,4.4
DARC,5.74,5.74,5.79,5.39,5.7,5.48,5.59,5.94,5.74,5.7,5.75,5.88,5.4,6.76,5.66,6.28,5.64,5.65,5.82,5.64,5.61,6.11,5.44,5.69,5.89,5.12,5.39,6.16,5.37,5.01,5.1,6.61,5.57,5.84,5.93,5.71,5.3,5.48,4.78,5.81,5.87,5.71,5.64,6.91,5.64,5.62,5.79,6,5.64,7.43
DARS,9.98,10.41,9.97,9.92,9.52,10.02,10.04,9.97,10.38,10,10.21,9.89,10.48,10.61,9.58,9.63,9.8,9.92,9.77,9.96,9.99,9.84,10.14,9.49,9.59,9.94,10.03,9.83,10.11,10.43,9.94,10.68,9.8,9.67,9.55,9.68,9.93,9.66,10.25,9.78,9.99,9.91,9.93,9.98,10.05,10.09,9.92,9.94,10.22,9.66
DARS,10.14,10.5,10.05,10.18,9.93,9.98,9.85,10.02,10.29,10.04,10.28,10.01,10.42,10.57,9.68,9.75,9.85,10,9.98,9.97,9.91,9.91,10.28,9.65,9.6,9.92,10.02,9.88,10.09,10.25,9.97,10.24,9.72,9.84,9.63,9.77,9.98,9.7,9.78,9.89,10.09,9.93,10.04,9.78,10.2,10.19,10.07,10.11,10.26,8.87
DARS,11.77,11.84,11.84,11.84,11.69,11.68,11.84,11.81,11.8,11.87,11.84,11.8,11.79,10.36,11.49,11.6,11.53,11.73,11.76,11.7,11.65,11.77,11.79,11.44,11.47,11.51,11.83,11.78,11.81,11.82,9.44,9.89,11.52,11.61,11.45,11.58,11.52,11.64,11.4,11.71,11.71,11.86,11.83,9.93,11.77,11.8,11.84,11.78,11.86,10.11
DARS2,9.34,9.76,9.4,9.51,9.36,9.27,9.18,9.26,9.59,9.58,9.66,9.17,9.26,8.08,9.12,9.1,9.1,9.39,9.58,9.5,9.05,8.96,9.21,8.75,8.71,8.87,9.53,9.39,9.45,9.24,6.77,7.98,9.26,9.15,9.14,9.2,9.26,9.05,9.5,9.55,9.4,9.03,9.15,8.38,9.23,9.22,9.15,9.34,9.53,8.33
DARS2,8.32,8.23,8.3,8.27,8.19,7.9,8.16,8.23,8.32,8.37,8.07,8,8.17,6.54,7.87,8.02,8.06,8.62,8.5,8.66,7.88,7.72,7.49,7.7,7.69,7.9,8.17,8.35,8.04,7.31,8.27,6.41,8.01,8.38,7.98,8.05,8.15,8.13,8.02,8.3,8.34,7.8,7.82,6.97,8.23,7.95,8.3,8.34,8.33,5.99
DAXX,8.83,8.76,9.02,8.91,9.13,9.08,9.28,9.3,8.73,8.86,8.78,8.72,8.76,9.26,8.66,8.6,8.53,8.86,8.92,8.78,8.85,8.69,8.7,8.64,8.66,8.4,8.94,8.84,8.96,9.2,7.41,9.04,8.44,8.51,8.73,8.7,8.69,8.71,9.13,8.92,8.94,8.97,9.01,8.77,8.84,8.85,8.94,8.85,9.04,8.92
DAXX,9.25,9.3,9.45,9.32,9.38,9.6,9.69,9.72,9.27,9.37,9.5,9.17,9.07,8.79,8.97,9.01,8.83,9.39,9.39,9.35,9.28,9.17,9.08,9.15,9.09,9.01,9.45,9.33,9.55,9.54,7.43,8.6,8.82,8.88,9.02,8.99,8.91,8.98,9.34,9.57,9.44,9.6,9.57,8.75,9.16,9.39,9.34,9.38,9.62,8.9
DAXX,8.69,8.73,8.79,8.82,8.79,8.94,8.68,9.01,8.68,8.86,8.69,8.65,8.6,8.12,8.39,8.47,8.41,8.65,8.79,8.77,8.62,8.58,8.59,8.45,8.43,8.48,8.9,8.84,8.88,9.06,8.23,9.11,8.4,8.39,8.53,8.51,8.38,8.52,8.78,9.05,8.89,8.85,8.86,7.93,8.69,8.74,8.77,8.83,8.85,8.38
DAZ1 /// DAZ2 /// DAZ3 /// DAZ4,4.35,4.08,3.83,4.15,4.11,3.97,4.69,4.22,4.07,4.13,5.02,4.25,4.21,6.21,4.02,4.51,4.02,3.99,3.88,4.06,4.44,4.6,4.33,4.23,3.88,4.08,4.29,4.09,4.37,4.65,5.7,5.35,4.21,4.5,4.51,4.14,4.02,3.91,4.34,4.14,3.9,4.59,4.4,4.97,4.49,3.94,4.56,4.46,4.04,5.59
DAZ1 /// DAZ2 /// DAZ3 /// DAZ4,3.67,3.66,3.8,3.61,3.96,3.89,4.41,3.54,3.74,3.59,3.76,3.42,3.64,3.84,3.54,3.54,3.52,3.64,3.64,3.61,3.73,3.79,3.75,3.64,3.44,3.82,3.78,3.75,3.82,4.2,3.82,4.09,3.66,3.56,3.58,3.39,3.46,3.62,3.72,3.53,3.5,3.66,3.82,4.86,3.83,3.66,3.55,3.58,3.53,4.46
DAZ1 /// DAZ2 /// DAZ3 /// DAZ4,4.1,4.4,3.93,4.15,3.97,4.05,4.18,3.94,4.25,4,4.15,4.15,4.26,4.4,3.97,3.96,4.32,3.93,3.89,3.99,4.24,4.17,4.16,3.89,3.93,4.09,3.81,4.25,4.18,4.36,4.29,3.96,4.06,4.56,4.12,3.86,4.13,3.85,4.11,3.77,3.78,3.87,3.91,4.33,3.74,3.81,4,3.96,3.87,5.81
DAZAP1,9.55,9.56,9.7,9.59,9.51,9.79,10.06,9.54,9.41,9.6,9.48,9.48,9.57,8.92,9.36,9.48,9.51,9.47,9.43,9.46,9.58,9.4,9.41,9.14,9.17,9.44,9.71,9.48,9.85,9.69,8.97,9.04,9.3,9.22,9.15,9.26,9.54,9.33,9.61,9.64,9.7,9.66,9.77,8.04,9.56,9.73,9.51,9.65,9.66,8.48
DAZAP1,11,11.08,11.09,11.14,11.28,11.28,11.04,11.04,11.07,11.08,11.2,11.02,11,10.7,11.05,10.99,11.12,11.07,11.05,11.03,11.11,11.07,11.05,11.01,10.99,10.95,11.14,11.13,11.13,10.9,10.15,10.83,10.67,10.77,10.78,11.05,11.06,11.04,11.14,11.11,11.2,11.13,11.25,11.03,11.08,10.93,11,11.17,11.17,10.37
DAZAP2,9.92,9.57,9.72,9.87,9.19,9.34,9.13,9.85,9.95,10.04,9.43,9.98,9.88,7.84,9.8,9.69,9.81,9.67,9.75,9.93,9.94,10.05,9.53,9.88,9.97,9.97,9.75,10.09,9.38,7.17,7.34,7.21,9.56,9.56,9.61,9.72,9.34,9.7,9,9.74,9.6,9.55,9.22,7.7,9.62,9.33,9.88,9.94,9.72,9.01
DAZAP2,9.35,9.37,9.14,9.44,8.81,9.02,8.2,9.21,9.52,9.48,9.07,9.39,9.56,6.79,9.18,9.1,9.25,9.07,9.24,9.16,9.49,9.48,9.55,9.21,9.26,9.4,9.26,9.29,9.38,9.16,6.35,6.24,9.18,8.99,8.71,9.09,8.97,9.17,8.67,9.18,9.35,9.32,9.15,7.37,9.18,9.12,9.16,9.4,9.51,6.46
DAZAP2,5.03,5.18,5.39,5.31,5.6,4.75,5.27,5.04,5.11,5.11,5.39,5.14,5.32,5.89,5.12,5.01,5.34,5.06,5.25,5.53,5.04,5.18,5.44,5.36,5.43,5.45,5.33,5.08,5.2,5.52,5.82,6.68,5.14,4.81,4.86,5.2,5.62,5.2,5.08,5.31,5.15,5.58,5.29,6.3,5.36,5.55,5.1,5.15,5.47,6.31
DAZAP2,7.69,7.78,7.71,7.78,7.72,7.68,7.92,7.77,7.83,7.82,7.91,7.83,7.89,8.6,7.77,7.65,7.84,7.74,7.75,7.74,8.31,7.86,8.16,7.74,7.79,7.9,7.85,7.74,7.89,6.94,5.2,8.24,7.66,7.46,7.36,7.72,7.7,7.69,7.45,7.92,7.84,7.85,7.79,7.78,7.77,7.58,7.72,7.85,7.7,7.86
DAZAP2,6.92,6.71,7.11,6.78,6.89,6.8,6.69,7.44,7.02,7.3,6.88,7.09,6.99,5.56,6.77,6.92,6.8,6.63,6.54,6.86,7,7.2,6.9,7.21,7.24,7.06,6.93,7.14,6.83,6.45,5.51,5.31,6.51,6.79,6.43,7.06,6.65,6.91,5.68,7.16,7.35,6.94,6.58,5.31,7.09,6.84,7.07,7.21,6.86,6.61
DAZAP2,9.82,9.47,9.78,9.66,8.99,9.21,8.88,9.74,9.84,9.94,9.07,9.84,9.67,9.02,9.62,9.62,9.69,9.55,9.72,9.71,9.84,9.73,9.46,9.79,9.71,9.86,9.66,9.82,9.14,7.15,8,6.44,9.45,9.56,9.39,9.54,9.22,9.74,8.59,9.64,9.56,9.35,9.15,7.88,9.66,9.31,9.65,9.83,9.58,8.19
DAZL,3.57,3.86,3.46,3.94,3.75,3.74,3.67,3.59,3.68,3.73,4.18,3.53,3.55,4,4.03,3.57,3.7,3.5,3.6,3.66,3.61,3.75,4.12,3.65,3.96,3.59,3.73,3.66,3.75,3.84,5.03,5.67,3.68,3.67,3.72,3.83,3.68,4.12,3.47,3.79,3.97,3.67,4.01,4.89,4.02,4.18,4.12,3.77,3.95,4.48
DAZL,3.35,3.31,3.44,3.3,3.32,3.68,3.89,3.55,3.26,3.56,3.4,3.27,3.32,3.8,3.34,3.31,3.24,3.39,3.33,3.3,3.32,3.4,3.33,3.47,3.3,3.48,3.47,3.26,3.39,4.46,4.52,3.91,3.53,3.46,3.37,3.3,3.57,3.27,5.2,3.21,3.3,3.34,3.27,4.24,3.63,3.73,3.58,3.43,3.32,4.16
DAZL,3.96,3.8,3.8,4,4.26,3.77,4.19,4.02,3.86,3.78,3.91,3.93,3.88,4.64,3.81,3.74,3.99,4.05,3.66,3.87,3.78,3.8,3.87,3.8,4.06,3.88,3.83,3.98,3.9,5.02,6.38,4.63,3.81,4.11,3.9,3.85,3.98,3.93,3.98,4.26,4.01,3.82,3.98,4.43,4.2,3.85,4.01,3.94,3.77,4.23
DBC1,4.28,4.2,4.22,4.38,4.58,4.65,4.69,4.22,4.12,4.24,4.32,4.24,4.26,6.49,4.2,4.33,4.3,4,4.78,4.32,4.25,4.26,4.41,3.91,4.28,4.17,4.19,4.16,4.31,5.12,6.41,5.72,4.54,4.42,4.18,4.24,4.28,4.24,4.46,4.35,4.4,4.43,4.32,5.06,4.09,4.19,4.08,4.33,4.58,5.89
DBC1,3.79,4.12,3.88,3.8,3.84,3.76,4.15,3.71,4.09,3.89,3.89,4.08,4.01,4.61,3.81,3.72,3.68,3.89,3.72,3.91,4.1,4.07,3.98,3.95,4.2,3.88,4.01,4.06,4.02,5.78,4.02,4.71,3.89,3.6,4.08,3.59,3.72,3.51,4.87,3.72,3.81,3.65,3.78,4.44,3.94,4.04,4.03,3.97,3.82,4.7
DBF4,7.46,7.01,6.96,6.78,6.18,6.71,6.78,7.07,7.36,7.26,7.04,6.69,6.88,5.31,6.88,6.56,7.02,6.78,6.95,7.28,6.28,6.34,6.04,6.48,6.16,6.24,7.14,7.1,6.85,6.49,5.96,6.28,7.45,7.15,7.38,6.64,6.5,6.32,6.99,7.13,7,5.92,6.06,3.27,6.66,6.59,6.55,6.81,6.44,5.95
DBF4,4.6,4.67,4.28,4.22,4.31,4.27,3.79,4.04,4.41,4.39,4.44,4.47,4.58,5.32,4.18,4.05,4.37,4.24,3.96,4.36,4.14,4.21,4.18,4.08,4.14,4.06,4.25,4.34,4.36,4.38,4.76,4.28,4.23,4.86,4.49,4.29,4.38,4.24,4.34,4.14,4.3,4.08,4.36,5.09,4.59,4.1,4.05,4.31,4.64,5.38
DBF4,8.72,9.05,8.58,8.77,8.39,8.49,8.4,8.73,8.72,8.81,8.63,8.59,8.96,8.35,7.95,8.08,8.13,8.19,8.45,8.46,8.01,7.76,7.92,7.92,7.54,7.81,8.73,8.62,8.68,8.44,8.93,7.75,8.71,8.9,8.7,7.91,8.24,8.37,8.33,8.68,8.52,7.99,8.2,6.32,8.14,8.11,7.74,8.6,8.72,6.81
DBF4,8.72,9.02,8.65,8.81,8.09,8.3,8.02,8.45,8.98,8.8,8.49,8.84,8.8,7.27,8.22,7.93,8.21,8.3,8.45,8.4,7.89,7.7,7.99,7.69,7.79,7.79,8.57,8.63,8.34,6.68,6.96,6.35,8.72,8.83,8.75,7.98,7.9,8.06,8.48,8.58,8.69,7.78,7.96,5.55,8.03,7.52,7.73,8.6,8.73,7.21
DBF4,9.48,9.77,9.45,9.59,9.3,9.46,9.42,9.27,9.66,9.54,9.41,9.47,9.45,8.81,9,9.07,8.97,9.25,9.22,9.36,8.64,8.78,8.91,8.41,8.75,8.46,9.49,9.43,9.55,9.37,7.3,8.26,9.45,9.56,9.48,8.97,8.99,8.97,9.29,9.58,9.4,8.89,8.88,9.12,9.09,8.94,9.05,9.47,9.52,8.56
DBF4,7.79,7.52,7.33,7.45,6.58,6.67,7.19,7.24,7.75,7.71,7.26,7.42,7.27,7.76,7.21,7.02,7.23,7.27,7.37,7.55,6.82,6.69,6.7,6.88,6.64,6.73,7.35,7.6,7.24,6.14,5.84,4.38,7.98,7.67,7.68,7.11,6.33,6.96,6.39,7.5,7.21,6.5,6.39,5.24,6.79,6.5,6.83,7.2,6.88,5.26
DBF4,6.68,7.11,6.42,6.54,6.49,6.45,5.56,6.36,7.08,6.61,6.86,6.53,6.88,6.08,6.27,6.08,6.19,6.38,6.41,6.51,5.83,5.97,6.28,5.61,5.82,5.9,6.59,6.61,6.92,5.78,5.87,5.6,6.55,6.61,6.47,6.19,6.03,5.96,5.65,6.32,6.45,5.96,6.09,6.01,6.07,6.06,6.14,6.95,6.82,5.56
DBF4B,5.3,5.3,5.63,5.59,5.66,5.72,4.81,5.64,5.38,5.37,5.53,5.12,5.34,6.01,5.14,5.65,5.13,5,5.66,5.52,5.29,5.08,4.89,5.23,4.64,4.89,5.78,5.51,6.1,5.27,5.75,5.26,5.03,5.32,5.27,5.26,5.36,5.11,5.82,5.52,5.35,5.48,5.34,7.14,5.12,5.45,5.42,5.32,5.9,6.05
DBF4B,7.14,7.02,7.14,6.82,6.61,7.08,6.92,7.15,7.09,7.26,6.88,6.24,6.15,5.87,7,7.09,7.09,6.75,6.8,7.03,6.48,6.24,6.22,6.66,6.86,6.63,7.25,7.13,6.89,6.5,5.84,5.24,7.57,7.39,7.68,6.99,7.17,6.69,5.78,7.28,7.29,7.2,7.16,5.24,6.76,6.33,6.88,6.72,6.57,6.39
DBF4B,7.32,6.99,7.17,7.19,7.16,7.59,6.71,7.56,7.51,7.3,7,6.7,6.82,6.92,7.26,7.32,7.43,6.88,7.26,7.05,6.63,6.7,6.64,6.89,7.13,6.94,7.59,7.4,7.24,6.92,6.56,6.48,7.74,7.48,7.87,7.16,7.42,6.89,6.72,7.16,7.09,7.15,7,6.96,6.88,7.12,6.82,6.68,6.35,6.79
DBF4B,6.64,6,6.44,6.3,6.35,6.03,6.37,6.65,6.53,6.55,6.15,5.94,5.7,5.68,6.51,6.44,6.55,6.17,6.13,6.42,5.87,5.79,5.41,6.29,6,6,6.53,6.54,6.19,6.6,6,5.82,6.95,6.66,6.85,6.31,6.51,6.22,5.56,6.15,6.19,5.78,6.21,5.79,5.95,5.18,6.07,5.78,5.98,4.96
DBF4B,7.45,6.9,7.22,7.21,6.94,7.07,7.01,7.38,7.28,7.24,6.66,6.82,6.59,6.54,7.06,6.99,7,7.07,6.99,7.18,6.9,7.01,6.7,7.08,6.86,6.71,7.22,7.21,6.73,5.98,6.22,6.08,7.72,7.46,7.66,7.25,7.18,6.89,6.99,6.83,6.74,6.75,6.97,5.12,6.64,6.64,6.54,6.83,6.27,4.75
DBF4B,8.68,8.95,8.86,8.76,9.02,8.86,8.85,8.98,8.66,8.84,9.22,8.63,8.51,8.89,8.7,8.73,8.63,8.51,8.51,8.6,7.98,8.15,8.25,8.22,8.16,8.07,8.91,8.65,9.19,8.32,6.92,9.05,9.61,9.83,9.76,8.88,8.94,8.73,8.82,9.38,9.3,8.76,8.83,8.83,7.89,8.55,8.13,8.87,9.12,8.77
DBF4B,3.84,4.13,3.95,4.15,4.77,4.12,4.28,4.33,4.07,3.99,4.15,4.2,4.16,5.21,4.25,4.32,4.08,4.1,3.99,4.34,4.06,4.2,4.25,3.96,4.27,4.32,4.04,3.98,4.06,4.85,4.64,4.98,4.14,4.55,4.42,4.24,4.33,4.51,4.26,4.23,4.02,3.96,4.49,4.86,4.37,3.92,3.92,4.24,3.84,5.83
DBH,4.83,5.06,5.01,5.44,4.92,5.01,5.32,5.14,5.1,5.03,4.9,5.11,5.16,6.05,5.09,4.88,4.84,5.23,4.96,5.13,5.14,5.3,5.05,5.14,5.14,5.54,5.03,5.13,5.42,4.78,6.26,5.08,4.97,5.16,5.03,4.93,5.14,5.16,5.66,5.39,4.9,5.05,5.45,5.97,5.87,5.44,5.18,4.94,5.03,5.83
DBI,11.78,11.7,11.83,11.76,11.54,11.78,11.99,11.75,11.84,11.9,11.55,11.72,11.99,10.4,11.38,11.39,11.51,11.48,11.63,11.56,11.94,11.66,11.6,11.44,11.4,11.75,11.82,11.65,11.74,11.79,10.1,10.23,11.58,11.45,11.26,11.35,11.57,11.49,11.86,11.77,11.9,11.51,11.65,9.8,11.76,11.7,11.5,11.81,11.89,9.23
DBI,11.63,11.56,11.65,11.68,11.39,11.46,11.62,11.67,11.69,11.64,11.32,11.59,11.8,10.36,11.25,11.26,11.39,11.45,11.42,11.33,11.74,11.51,11.48,11.26,11.3,11.52,11.62,11.54,11.53,11.71,9.53,10.7,11.34,11.39,11.26,11.23,11.41,11.34,11.62,11.64,11.63,11.28,11.33,9.45,11.5,11.41,11.29,11.63,11.6,10.6
DBI,11.84,11.87,11.85,11.91,11.73,11.75,12,11.8,11.97,11.88,11.68,11.81,12.07,11.23,11.5,11.55,11.7,11.65,11.73,11.68,11.94,11.79,11.78,11.52,11.52,11.79,11.91,11.8,11.81,11.7,10.85,11.1,11.69,11.64,11.48,11.58,11.85,11.68,11.99,11.89,11.93,11.6,11.76,11.01,11.8,11.84,11.7,11.89,12.05,10.42
DBN1,8.2,8.02,8.46,8.34,8.63,8.76,7.75,8.38,8.15,8.29,8.44,8.1,7.88,8.46,7.92,7.78,7.75,8.38,8.34,8.23,7.82,8.14,8.25,8.08,8.03,8.06,8.32,8.14,8.36,7.33,8.16,8.13,7.73,7.65,7.66,7.97,8.04,7.95,8.74,8.58,8.57,8.69,8.67,8.42,8.25,8.24,8.18,8.59,8.63,7.02
DBN1,5.91,5.68,6.53,6.36,5.86,5.44,6.62,5.94,5.96,6.27,5.76,5.98,5.76,5.48,5.62,5.9,5.81,6.38,6.32,5.89,6.3,5.35,5.95,5.74,5.97,5.55,6.09,6.11,5.42,5.94,4.95,4.81,5.98,5.85,5.79,5.69,5.43,5.73,6.21,6.33,6.18,6.19,6.26,5.27,6.07,5.64,5.94,6.11,6.33,5.27
DBN1,7.48,7.25,7.78,7.62,7.95,7.75,7.23,7.79,7.42,7.57,7.87,7.38,7.14,7.27,6.96,7.04,7.44,7.77,7.7,7.7,7.35,7.39,7.56,7.59,7.45,7.37,7.67,7.76,7.56,6.49,8.08,8.36,6.88,6.99,7.13,7.35,7.55,7.42,6.88,8.04,7.73,8.09,8.12,7.84,7.32,6.83,7.35,7.85,7.99,7.84
DBNDD1,4.41,4.63,4.86,4.5,4.82,4.98,5.05,4.51,4.5,4.64,4.64,4.38,4.4,5.07,4.73,4.67,4.5,4.34,4.78,4.41,4.91,4.48,4.34,4.9,4.51,4.58,4.6,4.41,4.65,5.32,4.92,5.16,4.8,4.68,4.64,4.48,4.8,4.67,5.75,4.68,4.92,4.7,4.68,5.01,4.75,4.7,4.55,4.59,4.67,5.25
DBNDD1,5.51,5.37,5.2,5.43,4.98,5.23,4.99,5.32,5.35,5.07,5.45,5.65,5.57,5.64,5.05,5.27,5.03,5.54,5.54,5.39,5.75,5.17,5.53,5.21,5.12,5.06,5.57,5.54,5.31,5.59,4.4,4.93,5.99,5.25,5.25,5.17,5.45,5.19,5.62,5.33,5.05,5.53,5.12,5.73,4.9,5.19,4.95,5.13,5.26,6.86
DBNDD1,4.56,4.67,4.2,4.5,4.36,4.6,5.26,4.41,4.57,4.33,4.51,4.31,4.55,4.3,4.21,4.29,4.15,4.18,4.46,4.33,4.5,4.42,4.25,4.28,4.25,4.64,4.26,4.28,4.58,5.24,5.54,6.52,4.25,4.23,4.2,4.29,4.31,4.33,4.59,4.11,4.38,4.75,4.3,4.94,4.38,4.47,4.43,4.29,4.02,4.3
DBNDD1,4.77,4.52,4.53,4.76,4.51,4.93,4.65,4.76,4.62,4.51,4.86,4.64,4.45,4.8,4.96,4.84,4.79,4.93,5.09,4.84,4.57,4.76,4.71,4.91,4.73,4.92,4.49,4.88,4.69,5.28,6,4.64,4.68,4.55,4.59,4.6,4.48,4.56,5.33,4.25,4.54,4.59,4.68,5.37,4.41,4.51,4.69,4.71,4.62,6.13
DBNDD1,5.74,5.59,5.86,5.96,6.01,5.96,6.07,5.87,5.6,5.66,5.72,5.94,5.73,6.78,5.97,5.94,5.85,6.08,5.87,5.83,5.65,5.92,5.97,5.87,5.74,5.79,5.73,5.89,5.91,6.19,7.38,6.99,5.79,5.74,5.99,5.9,6.07,5.8,6.32,5.63,5.84,6.06,5.97,7.34,5.95,5.74,6.07,5.93,5.72,7.17
DBNDD2 /// SYS1 /// SYS1-DBNDD2,6.63,6.51,6.79,6.76,7.01,6.25,5.5,6.77,6.69,6.51,6.85,6.77,6.28,5.6,6.69,6.43,6.76,6.44,6.57,6.23,6.48,6.53,6.71,6.74,6.72,6.72,6.86,6.76,6.41,5.28,4.84,5.67,6.47,6.53,6.43,6.74,6.31,6.71,5.58,6.92,6.66,6.9,6.31,5.43,6.75,6.94,7.11,6.75,6.93,6.66
DBNL,7.37,7.08,7.65,7.19,6.84,6.71,7.39,7.27,7.28,7.15,6.69,7.25,7.13,6.63,7.27,7.34,7.29,7.44,7.38,7.33,7.64,7.35,7.05,7.43,7.42,7.51,7.47,7.23,6.89,5.65,4.68,6.03,7.7,7.56,7.47,7.32,7.37,7.43,7.11,7.2,7.28,6.99,7.3,6.03,7.43,7.37,7.55,7.38,7.08,6.59
DBNL,8.77,8.44,8.98,8.8,8.7,8.79,8,9.06,8.77,8.72,8.43,8.87,8.62,6.01,8.84,8.9,8.7,8.73,8.88,8.82,8.92,8.88,8.81,9.11,9.04,8.99,8.89,8.83,8.6,6.38,7.13,6.42,8.99,8.88,8.89,8.93,8.75,9.01,9.19,8.97,8.86,9.09,8.75,6.62,9,9,9.16,8.85,8.61,6.08
DBNL,8.1,7.52,8.08,8.2,7.1,8.02,6.8,8.03,8.11,8.17,7.41,7.92,8.05,5.41,8.1,8.15,7.96,8.08,7.97,8.16,8.46,8.19,7.71,8.23,8,8.42,8.1,8.05,7.49,4.96,5.75,7.44,8.28,8.05,8.11,8.06,8.04,8.2,7.06,7.98,7.93,7.9,7.96,5.71,8.41,7.74,8.31,8.02,7.46,7.11
DBNL,8.13,7.48,7.78,8.09,8.12,7.81,7.85,8.57,8.01,8.05,7.4,8.1,7.75,7.14,7.92,8.03,7.93,8.11,7.87,8.05,8.12,7.98,7.79,8.29,7.97,8.27,8.21,8.02,7.8,6.76,7.92,7.21,8.24,8.31,8.15,7.78,8.11,8.03,7.95,7.99,8.1,7.9,8.14,6.86,8.35,7.81,8.15,8.19,7.86,8.49
DBNL,8.61,8.23,8.79,8.61,8.54,8.66,8.25,8.79,8.5,8.62,8.33,8.61,8.46,7.24,8.71,8.71,8.7,8.59,8.57,8.57,8.74,8.77,8.8,8.99,8.93,9.11,8.6,8.56,8.36,7.83,7.33,7.57,8.68,8.73,8.72,8.77,8.93,8.85,8.36,8.84,8.62,8.81,8.47,8.19,8.81,9,8.92,8.76,8.47,8.59
DBNL,8.81,8.67,8.96,8.85,9.07,9.06,8.77,8.98,8.77,8.77,8.79,8.83,8.86,8.1,8.89,8.93,8.95,8.86,8.75,8.77,9.17,9,9.19,9.08,8.98,9.06,9.05,8.68,9,8.72,8.03,7.1,9,9.02,8.98,9,9.06,8.98,9.29,9,9.21,9.1,9.12,8.52,9.12,9.26,9.33,8.87,8.92,7.83
DBNL,9.42,9.5,9.61,9.49,9.78,9.8,8.86,9.47,9.53,9.67,9.51,9.58,9.83,8.39,9.59,9.4,9.74,9.4,9.44,9.39,9.69,9.68,9.84,9.74,9.7,9.7,9.66,9.44,9.62,9.33,8.04,8.56,9.47,9.58,9.59,9.6,9.72,9.48,9.33,9.76,9.71,9.77,9.73,8.71,9.78,9.85,9.77,9.6,9.78,8.51
DBP,6.63,6.8,6.46,6.46,6.74,6.56,6.86,6.71,6.65,6.56,6.72,6.66,6.55,6.58,6.18,6.22,6.38,6.95,6.75,6.82,6.61,6.51,6.62,6.4,6.37,6.33,6.53,6.94,6.5,6.39,7.35,6.25,6.47,6.41,6.44,6.29,6.7,6,5.5,6.47,6.66,6.28,6.54,6.69,6.63,6.5,6.21,6.71,6.48,5.81
DBP,5.68,5.65,5.83,5.74,6,5.86,5.32,6.3,5.93,5.62,5.69,5.45,5.51,4.25,4.89,5.31,5.47,5.79,5.93,6.01,5.43,5.5,5.21,5.76,5.41,5.97,5.59,5.62,5.64,4.56,5.19,5.02,5.41,5.11,5.48,5.63,5.44,5.48,5.61,5.41,5.77,5.46,5.76,4.93,5.55,5.73,5.4,5.83,5.82,4.35
DBR1,7.6,6.91,7.25,7.36,7.32,7.2,6.64,7.24,7.43,7.42,7.13,7.37,7.41,6.19,7.6,7.42,7.62,7.33,7.28,7.31,7.08,7.31,6.89,7.33,7.12,7.28,7.22,7.41,7.13,8.03,5.66,6.05,7.72,7.55,7.71,7.4,7.29,7.46,7.24,7.1,7.13,6.82,6.75,5.31,7.43,6.87,6.97,7.26,7.39,6.25
DBT,7.62,7.28,7.46,7.67,6.91,7.15,6.74,7.73,7.89,7.7,7.14,7.59,7.4,7.29,8.12,7.87,8.03,7.65,7.72,7.9,7.89,7.74,7.19,7.99,7.93,7.84,7.52,7.61,6.59,5.19,6.1,5.73,7.64,7.78,7.86,7.82,7.35,7.82,5.87,7.56,7.23,7.02,6.82,5.6,7.68,7.11,7.64,7.51,7.4,6.97
DBT,7.47,7.41,6.97,7.1,6.36,6.79,6.15,6.84,7.39,7.31,7.1,7.2,7.32,7.21,7.69,7.61,7.46,7.31,7.16,7.3,7.26,7.6,7.54,7.2,7.12,7.27,7.22,7.39,6.99,6.27,7.1,6.97,7.13,6.97,7.18,7.31,7.24,7.17,5.8,7.02,6.89,6.88,6.34,7.53,6.98,6.69,7.14,6.89,6.97,7.22
DBT,5.89,5.87,5.94,5.62,5.78,5.99,6.28,5.98,5.76,5.68,6.14,5.64,5.68,6.81,5.9,6.05,5.79,5.68,6.06,5.69,5.88,6.01,6.11,6.07,5.73,5.83,5.66,5.67,5.96,5.88,6.33,6.15,5.53,5.67,5.44,5.92,5.95,5.55,5.59,5.43,5.74,5.84,5.86,6.4,5.88,6.15,6.01,5.52,5.73,6.21
DBT,8.31,7.55,7.96,8.06,7.23,7.45,6.4,7.71,8.25,8.27,7.63,8.08,7.96,5.38,8.41,8.25,8.24,8.2,8.25,8.35,8.03,7.98,7.54,8.55,8.4,8.19,8.13,8.22,7.5,5.64,6.08,5.78,8.12,7.96,8.12,8.17,7.24,8.33,6.22,7.77,7.8,6.82,6.97,6.06,8.21,7.56,8.36,8.08,7.65,6.17
DBT,7.58,7.32,7.31,7.34,6.55,6.79,7.44,7.2,7.8,7.62,7.06,7.58,7.52,6.64,7.92,7.69,7.9,7.62,7.65,7.76,7.4,7.56,7.51,7.72,7.77,7.48,7.49,7.42,6.92,6.72,6.84,6.84,7.63,7.5,7.63,7.65,7.08,7.83,6.56,7.56,7.21,7.17,6.86,6.34,6.71,7.22,6.94,7.29,7.21,7.08
DBT,4.62,3.92,4.15,4.44,3.68,3.59,4.18,3.9,4.22,4.31,4.13,4.18,3.84,3.94,4.73,4.6,4.73,4.34,4.01,4.66,4.38,4.64,3.81,4.49,4.23,4.16,3.93,4.8,4.23,4.58,4.97,4.76,4.03,4.17,3.96,4.38,4.15,4.48,3.72,4.32,4.11,4.3,3.59,3.89,3.74,3.97,3.85,4.13,3.77,4.38
DBX1,3.68,3.73,3.98,3.85,3.57,3.79,3.92,3.49,3.66,3.75,3.68,4,4,4.46,3.82,3.78,3.71,3.87,3.72,3.83,3.76,3.7,3.69,3.81,3.74,3.8,4.27,3.59,4.29,4.49,6.14,6.24,4.22,3.64,3.65,3.65,3.65,3.94,3.57,3.77,3.47,3.81,4.47,4.82,4.29,4.43,3.9,4.1,3.78,4.21
DBX2,3.77,4.05,3.81,4.04,3.72,3.75,4.89,3.88,4.01,4.06,4.12,3.97,3.94,5.88,3.89,3.88,3.62,3.95,3.8,3.82,4.05,3.85,4.04,3.82,3.92,4.03,4.05,4.08,3.96,4.8,5.93,6.06,4.05,4.33,3.79,3.92,4.07,3.8,4.56,3.75,3.73,3.88,4.21,4.75,3.75,3.8,4.01,4.02,3.84,5.07
DCAF10,7.32,7.55,7.2,7.27,7.01,7.16,6.75,7.17,7.22,7.22,7.44,7.17,7.02,7,7.4,7.45,7.45,6.88,7.26,7.58,7.09,7.28,7.24,7.25,7.24,7.31,7.21,7.11,7.3,7.04,7.18,6.54,7.23,7.31,7.3,7.24,7.41,7.4,7.39,7.28,7.14,7.47,7.19,6.93,7.21,7.29,7.15,7.16,7.2,6.81
DCAF10,8.78,8.63,8.81,8.88,8.57,8.64,7.64,9.03,8.76,8.86,8.64,8.9,8.61,7.91,8.97,8.96,8.96,8.74,8.61,8.77,8.66,8.64,8.49,8.93,8.85,8.87,8.74,8.88,8.53,7.49,5.86,7.13,9.09,9.21,9.18,9.04,8.68,8.97,8.47,8.86,8.81,8.74,8.79,7.18,9,8.89,9.01,8.88,8.78,7.47
DCAF11,9.36,9.08,9.46,9.36,9.56,9.34,9.35,9.68,9.13,9.32,9.17,9.3,9.07,8.82,9.31,9.37,9.2,9.67,9.44,9.31,9.47,9.35,9.23,9.4,9.43,9.36,9.43,9.37,9.42,8.72,8.37,7.54,9.02,9.01,9.18,9.35,9.34,9.35,9.6,9.68,9.46,9.36,9.31,8.97,9.43,9.31,9.39,9.41,9.42,9.03
DCAF11,9.35,9.07,9.42,9.34,9.64,9.3,9.01,9.56,9.17,9.24,9.05,9.25,9.11,9.36,9.2,9.29,9.18,9.4,9.45,9.31,9.34,9.34,9.13,9.37,9.42,9.29,9.4,9.26,9.2,8.92,7.76,8.06,8.87,8.96,8.96,9.32,9.3,9.26,9.3,9.55,9.47,9.16,9.05,8.8,9.17,9.22,9.27,9.46,9.41,9.24
DCAF11,8.16,7.69,8.17,8.04,7.14,7.75,7.54,7.92,7.84,8.07,7.62,8.02,7.81,6.1,7.81,7.96,7.83,8.01,8.15,8.07,8.15,7.86,7.71,8.1,8,8.04,7.95,7.87,7.74,6.59,4.48,4.6,7.96,7.66,7.6,7.79,7.75,7.92,7.02,8.15,7.93,7.69,7.41,6.1,7.69,7.24,7.72,7.97,7.69,6.07
DCAF11,5.67,5.11,5.89,5.49,5.89,6.05,5.79,5.82,6.09,5.57,5.69,5.41,5.31,4.61,5.66,5.86,5.55,6.23,6.03,5.93,6.08,5.5,6.01,5.92,5.69,5.82,5.69,5.22,6.07,4.59,6.55,4.62,5.61,5.61,5.11,5.55,5.61,5.62,6.33,6.15,6.24,5.71,6.15,4.54,5.71,5.71,5.62,5.87,5.91,5.21
DCAF11,7.96,7.56,7.93,7.97,7.59,7.67,7.46,7.86,7.82,7.78,7.57,7.86,7.93,4.97,7.69,7.54,7.68,7.86,7.92,7.7,8.02,7.83,7.64,7.78,7.79,7.85,8.2,7.81,7.69,5.32,6.77,7.14,7.56,7.56,7.43,7.64,7.78,7.6,7.41,8.09,7.91,7.71,7.72,6.94,7.56,7.9,7.69,7.81,7.84,5.63
DCAF11,9.36,9.17,9.58,9.33,9.34,9.28,9.3,9.53,9.14,9.39,9.28,9.35,9.14,8.76,9.28,9.22,9.2,9.37,9.52,9.49,9.48,9.28,9.32,9.46,9.38,9.27,9.37,9.38,9.35,9.09,8.75,9.97,8.97,9.02,9.1,9.36,9.36,9.34,9.14,9.58,9.45,9.27,9.21,8.07,9.3,9.32,9.31,9.44,9.35,9.22
DCAF12,9.24,9.47,9.25,9.27,9.36,9.33,8.89,9.07,9.41,9.3,9.45,9.2,9.24,8.81,9.32,9.22,9.34,9.08,9.11,9.15,9.19,9.3,9.41,8.99,9.09,9.22,9.23,9.34,9.38,9.14,8.15,8.07,9.19,9.26,9.16,9.43,9.18,9.17,9.05,9.14,9.21,9.29,9.23,8.9,9.14,9.09,9.28,9.14,9.34,7.95
DCAF12,7.01,5.95,7.04,6.99,6.18,6.51,5.69,6.98,6.8,6.87,5.95,6.76,6.15,4.87,6.96,6.56,6.92,6.8,6.66,6.82,6.49,6.34,6.14,7.04,6.66,6.9,6.79,6.94,6.19,4.91,4.91,5.02,7.05,6.8,7.09,6.8,6.31,6.8,6.61,7.07,6.47,6.01,5.7,4.4,6.75,6.54,6.86,6.67,6.58,6.47
DCAF12L1,4.39,4.44,4.28,4.24,4.21,4.31,4.37,4.1,4.06,4.23,4.46,4.32,4.16,5.92,4.05,4.35,4.31,4.44,4.22,4.17,4.04,4.22,4.13,4.39,4.13,4.2,4.27,4.28,4.28,4.32,4.48,5.87,3.93,4.32,4.19,4.13,4.08,4.08,4.88,4.16,4.13,4.22,4.34,5.62,4.11,4.09,4.16,4.07,4.17,4.74
DCAF12L2,4.69,4.65,4.68,4.8,4.87,4.49,5.01,4.59,5.06,4.75,4.66,4.69,4.84,4.8,4.61,4.52,4.72,4.51,5.06,5.04,4.68,4.71,4.56,4.76,4.59,5.02,4.98,4.63,4.39,4.95,4.94,5.25,4.57,4.51,4.87,4.76,4.56,4.75,5.04,4.73,4.96,5.1,4.69,5.12,4.39,4.62,4.92,4.34,4.47,5.78
DCAF12L2,4.36,5.11,4.35,4.31,4.45,3.89,5.1,4.26,4.15,4.56,4.87,4.61,4.41,4.8,4.33,4.3,4.33,4.13,4.31,4.55,4.64,4.53,4.51,4.17,4.27,4.29,4.19,4.34,4.46,4.44,5.2,4.34,4.45,4.64,4.68,4.35,4.2,4.38,4.41,4.56,3.99,4.24,4.28,5.91,4.2,4.35,4.24,4.52,4.43,5.7
DCAF13,9.11,9.32,8.93,9.19,9.16,9.06,8.69,8.78,9.47,9.1,9.72,9.46,9.3,9.04,9.21,9,9.06,9.28,9.2,9.37,8.83,9.04,9.43,8.73,9.13,8.8,9.07,9.32,9.21,7.98,7.19,7.61,8.02,8.17,8.49,9.13,8.8,8.79,8.18,8.94,9.01,8.89,8.82,8.47,8.94,8.97,9.08,9.24,9.41,8.9
DCAF13,9.59,9.73,9.59,9.57,9.33,9.58,9.18,9.51,9.68,9.55,9.71,9.53,9.76,9.8,9.34,9.3,9.55,9.64,9.53,9.67,9.53,9.5,9.47,9.26,9.27,9.3,9.48,9.57,9.63,9.25,7.8,8.63,9.07,9,8.91,9.47,9.1,9.21,9.07,9.53,9.56,9.19,9.08,9.33,9.48,9.34,9.46,9.51,9.63,8.97
DCAF15,6.8,6.48,6.78,6.76,6.6,7.03,6.1,7.26,6.83,6.89,6.41,6.62,6.38,5,6.95,6.86,7,6.83,7.01,6.88,6.38,6.47,6.57,6.69,6.73,6.86,7,6.67,6.74,6.42,4.56,5.41,7.08,7,6.98,7.01,6.61,6.92,5.32,7.19,7.01,6.82,7.06,5.96,6.67,6.43,6.61,6.75,6.77,5.05
DCAF16,6.16,6.26,6.13,6.37,5.95,5.9,5.56,6.13,6.45,6.31,6.32,6.12,6.48,5.33,6.01,5.89,6.13,6.18,6.32,6.58,5.87,6.03,5.99,5.59,5.98,5.92,6.23,6.23,6.1,5.94,5.41,5.51,5.63,6.09,6.13,6.26,5.96,6.28,5.82,6.24,6.04,6.27,6.05,5.07,6.05,5.43,5.55,6.33,6.32,5.54
DCAF16,5.59,5.87,5.33,5.46,5.14,5.21,5.36,5.44,5.54,5.53,5.56,5.38,5.92,4.98,5.33,5.58,5.36,5.48,5.55,5.74,5.1,5.23,5.29,4.59,5.31,5.17,5.45,5.64,5.85,5.38,5.21,5.73,5.05,5.33,5.2,5.37,4.97,5.45,4.23,5.44,5.44,5.72,5.23,4.08,5.37,4.69,4.81,5.32,5.63,4.81
DCAF16,7.24,6.62,7.25,6.82,6.92,7.4,6.48,7.43,7.05,7.01,6.38,6.57,6.19,6.55,7.32,7.17,7.1,7.59,7.53,7.8,6.8,6.88,6.47,7.35,7.08,6.84,7.1,7.03,6.58,6.09,7.1,5.47,7.35,6.5,7.02,7.28,6.82,6.85,7.01,7.54,7.46,6.84,6.97,5.86,7.7,6.26,7.03,6.91,6.14,5.49
DCAF16,7.09,6.89,7.09,6.81,7.22,7.6,7.27,7.54,7.28,7.12,6.84,6.43,6.25,6.72,7.23,7.15,6.99,7.61,7.63,7.79,7.07,6.59,6.83,7.29,6.88,6.97,7.18,6.94,6.45,4.96,5.72,4.93,7.24,6.51,7.17,6.95,7.18,6.77,5.5,7.33,7.17,6.85,7.14,5.37,7.12,6.45,7.34,6.78,5.85,4.94
DCAF17,5.5,5.02,5.2,5.04,4.7,5.12,5.69,4.93,5.17,5.23,5.41,5.21,5.21,5.09,5.33,5.28,5.33,4.92,4.83,5.08,5.2,4.86,4.88,5,4.78,4.94,4.74,4.91,4.82,5.04,5.58,4.65,5.82,5.79,5.83,5.15,5.16,5.07,6.58,4.73,4.95,4.96,5.04,5.73,4.96,4.94,4.7,4.61,5.17,4.65
DCAF17,6.96,7.09,7.22,7.13,7.03,7.05,6.43,6.82,7.09,7.25,6.96,7.01,7.04,6.74,7.19,7.12,7.38,7.12,7.27,7.09,6.83,6.78,7.15,7.09,7.15,7.07,7.12,6.96,7.26,6.73,7.33,6.82,7,7.28,7.14,7.36,7.07,7.29,6.8,7.17,6.9,7.08,7.32,7.02,6.98,7.17,7.29,7.16,7.46,6.68
DCAF17,3.99,3.72,3.86,4.03,3.94,3.57,3.64,3.55,3.83,3.85,3.57,4.01,4.01,3.45,3.9,4,3.97,3.8,3.49,3.88,4.2,3.8,3.95,3.63,3.75,3.47,3.77,3.85,3.81,3.25,4.16,3.43,4.3,4.45,4.12,4.05,3.43,3.74,4.23,3.72,3.39,3.46,3.59,3.73,3.62,4.29,3.55,3.83,3.81,3.68
DCAF17,4.45,4.1,3.73,4.32,3.94,4.2,3.83,3.87,4.54,4.23,4.05,4.21,4.22,3.87,4.43,4.31,4.56,3.99,4.25,3.94,4.44,4.34,4.36,3.98,4.3,4.48,4.43,4.27,3.84,4.87,5.47,4.24,5.17,4.81,4.4,4.26,4.36,4.06,3.73,3.95,3.94,3.88,4.16,3.96,3.82,4.06,3.95,4.1,4.12,4.82
DCAF4,7.45,7.51,7.72,7.48,7.87,7.62,7.26,7.49,7.51,7.54,7.78,7.35,7.21,7.05,7.14,6.97,7.07,7.78,7.83,7.67,6.87,6.81,7.17,7.19,7.08,7.12,7.62,7.42,7.63,6.22,6.29,6.2,6.53,6.97,6.75,7.15,7.06,7.2,7.3,7.68,7.29,7.55,7.26,6.34,7.76,7.88,7.8,7.66,7.49,6.7
DCAF4,4.93,4.53,4.76,4.81,5.12,4.56,5.24,5.18,4.71,4.67,4.58,4.8,4.71,5.43,4.6,4.29,4.42,4.8,4.85,4.64,4.59,4.89,4.74,4.77,4.57,4.42,4.8,5.1,4.76,5.37,7.07,4.78,4.67,4.48,4.5,4.67,4.62,5.19,4.22,4.8,5,4.92,5.07,4.35,4.81,5.28,5.01,5.01,4.82,4.59
DCAF4L1,4.38,4.26,4.41,4.43,4.36,4.4,5.16,4.16,4.24,4.42,4.32,4.21,4.22,4.49,4.22,4.3,4.53,4.55,4.43,4.13,4.38,4.01,4.18,4.43,3.95,4.25,4.81,4.1,4.37,5.28,6.86,4.25,4.23,4.08,3.98,4.19,4.66,4.14,4.91,4.16,4.43,4.46,4.32,4.29,4.27,4.77,3.93,4.3,4.45,4.57
DCAF4L1,4.26,4.08,4.28,3.87,4.23,4.14,4.16,3.89,3.99,4.11,4,4.28,4.36,4.68,4.18,4.24,4.04,4.03,4.07,3.87,4.11,4.22,4.1,4.2,4.12,4.17,4.08,4.03,4.56,5.06,5.93,5.57,4.39,4.12,4.31,4.06,4.06,4.36,4.19,4.14,3.79,4.06,4.15,5.05,3.95,4.2,3.95,3.75,4.19,4.98
DCAF4L1,4.96,4.93,5.02,4.95,5.54,4.92,5.15,4.69,5.17,5.21,5.17,4.99,4.82,5.74,5.08,4.83,4.79,4.87,4.71,4.8,5.12,5.08,5.13,5.15,5.15,4.82,5.19,5.47,4.82,4.98,5.88,5.13,4.71,4.95,4.74,5.25,4.76,4.79,4.42,5.55,5.03,5.28,4.85,6.74,4.86,5.55,5.38,5.28,5.42,6.51
DCAF4L2,4.62,4.88,4.33,4.49,4.53,4.25,4.55,4.08,4.16,4.23,4.38,4.99,4.68,6.26,4.23,4.41,4.24,4.04,4.17,4.2,4.46,4.28,4.45,3.99,4.3,3.97,4.18,4.45,4.28,4.32,4.59,4.53,4.32,4.54,4.05,4.13,4.12,4.08,4.21,4.02,3.95,4.43,4.33,5.21,3.97,3.89,4.15,4.05,4.11,5.44
DCAF4L2,4.44,4.36,4.34,4.66,4.5,4.42,4.69,4.37,4.59,4.69,4.57,4.49,4.45,5.13,4.12,4.25,4.08,4.26,4.43,4.48,4.35,4.34,4.36,4.37,4.45,4.55,4.22,4.52,4.63,4.83,4.07,4.93,4.35,4.25,4.09,4.17,4.61,4.33,4.64,4,4.3,4.22,4.4,4.63,4.29,4.14,4.6,4.16,4.32,4.82
DCAF5,6.89,6.55,6.8,6.93,7.1,6.88,7.34,7.09,6.86,6.91,6.94,6.84,6.85,6.08,7.03,6.98,6.95,7.11,7.09,6.95,7.26,7.18,6.99,7.25,6.88,7.11,7.09,6.83,6.84,7.44,5.64,5.48,7,7.11,6.99,7.16,7.03,7.1,7.72,6.85,7.12,6.92,7.22,5.37,7.15,7.19,6.94,6.95,6.83,4.83
DCAF5,8.34,8.44,8.27,8.36,8.17,8.24,7.72,8.04,8.4,8.33,8.42,8.49,8.59,7.67,8.48,8.23,8.35,8.08,8.37,8.28,8.73,8.68,8.9,8.53,8.66,8.51,8.28,8.29,8.38,5.53,4.88,5.71,8.24,8.39,8.25,8.51,8.05,8.27,7.53,8.38,8.54,8.24,8.46,6.24,8.36,8.2,8.35,8.52,8.58,5.65
DCAF5,6.54,6.42,6.64,6.72,6.71,6.76,5.94,6.62,6.75,6.58,6.59,6.88,6.69,6.15,6.65,6.53,6.67,6.87,6.77,6.62,6.68,6.87,7.08,6.95,6.87,6.94,6.5,6.69,6.38,6.2,5.6,5.25,6.13,6.51,6.27,6.89,6.48,6.56,6.76,6.97,6.48,6.29,6.33,6.79,6.73,6.67,6.42,6.69,6.82,6.53
DCAF5,8.1,8.42,8.28,8.16,8.22,8.42,8.34,8.44,8.14,8.22,8.4,7.96,7.93,6.35,8.55,8.34,8.44,8.19,8.28,8.24,8.46,8.63,8.81,8.49,8.58,8.48,8.31,8.08,8.45,8.15,8.7,6.71,8.41,8.09,8.09,8.45,8.6,8.12,8.56,8.3,8.51,8.62,8.58,6.17,8.18,8.59,8.26,8.07,8.14,7.5
DCAF5,3.65,3.64,3.93,3.61,3.74,3.58,3.72,3.99,3.75,3.6,3.79,3.51,3.6,3.8,4.05,4.01,3.64,3.63,3.95,3.76,3.74,3.86,3.86,3.89,4.35,4.3,3.7,4.14,3.47,4.38,4.73,4.4,4.04,4.09,3.91,4.12,3.82,4.21,4.3,3.53,3.79,3.6,4.08,4.3,4.13,3.93,4.12,3.64,3.83,4.38
DCAF6,9.35,9.53,9.37,9.37,9.23,9.3,9.39,9.4,9.52,9.4,9.31,9.36,9.59,9.26,9.08,8.98,9.14,9.14,9.11,9.2,9.9,9.66,9.8,9.38,9.43,9.33,9.39,9.38,9.61,8.59,8.77,6.82,9.11,9.14,9.03,9.26,9.29,9.29,9.12,9.26,9.33,9.4,9.51,8.98,9.49,9.61,9.44,9.44,9.69,8.33
DCAF6,7.97,7.46,7.8,7.8,7.74,7.58,7.64,7.95,7.96,7.79,7.35,7.65,7.51,5.2,7.71,7.83,7.89,7.65,7.69,7.81,8.44,8.11,7.9,8.04,7.88,8.06,7.82,7.74,7.4,5.74,5.27,5.73,7.77,7.63,7.59,7.78,7.59,7.81,6.86,7.89,7.63,7.55,7.45,6.39,8.17,8.3,8.27,7.82,7.79,6.48
DCAF6,9.47,9.68,9.33,9.44,9.34,9.32,9.34,9.35,9.57,9.54,9.49,9.57,9.62,8.79,9.22,9.16,9.34,9.15,9.14,9.33,9.81,9.81,9.9,9.44,9.47,9.47,9.4,9.48,9.61,8.53,8.31,8.95,9.25,9.28,9.14,9.24,9.16,9.38,8.96,9.23,9.49,9.4,9.47,8.78,9.71,9.71,9.46,9.47,9.55,8.2
DCAF6,9.24,9.33,9.15,9.09,8.87,9.07,8.88,9.16,9.25,9.17,9.18,9.26,9.36,7.16,8.89,8.92,8.99,8.78,9.03,8.89,9.51,9.65,9.49,9.23,9.24,9.35,9.06,9.22,9.08,8.79,5.94,7.65,9.1,8.9,8.83,9.12,8.97,9.16,8.61,9.09,9.19,8.98,9.05,6.94,9.55,9.52,9.51,9.23,9.27,8.18
DCAF6,9.39,9.5,9.25,9.4,9.17,9.37,8.98,9.33,9.5,9.45,9.3,9.35,9.61,8.32,9.27,9.03,9.29,9.06,9.13,9.2,9.79,9.75,9.76,9.41,9.33,9.51,9.43,9.38,9.32,8.93,6.43,8.7,9.18,9.03,9.21,9.23,9.32,9.26,8.77,9.41,9.38,9.35,9.41,8.11,9.65,9.73,9.57,9.41,9.54,7.23
DCAF6 /// UNC5B,14.12,14.06,14.14,14.17,14.27,14.26,14.27,14.12,14.16,14.13,14.18,14.13,14.15,13.33,14.15,14.16,14.11,14.17,14.11,13.97,14.19,14.21,14.18,14.06,14.13,14.15,14.17,14.16,14.22,14.36,13.8,13.74,14.19,14.18,14.13,14.08,14.22,14.05,14.33,14,14.24,14.17,14.23,13.46,14.23,14.24,14.16,14.18,14.27,13.37
DCAF7,7.34,6.58,6.69,6.21,5.19,6.19,6.9,6.66,6.53,7,5.94,6.3,6.36,4.81,7.13,7.44,6.9,7.02,6.91,7.24,6.93,6.77,5.99,6.68,7.04,7.13,6.68,6.94,6.28,5.9,5.22,3.85,6.91,6.58,6.82,6.71,6.36,6.03,6.11,6.38,6.1,6.84,6.43,6.03,6.26,6.15,6.66,6.33,5.6,6.46
DCAF7,8.97,8.39,8.78,8.53,8.21,8.81,8.9,8.65,8.74,8.8,8.45,8.42,8.29,8.41,8.79,8.79,8.68,8.93,8.97,9.01,8.47,8.71,8.65,8.86,8.84,8.8,8.75,8.87,8.73,6.58,8.21,6.69,8.57,8.17,8.53,8.84,8.47,8.23,8.82,8.52,8.61,8.92,8.51,7.35,8.7,8.78,8.85,8.4,8.13,7.6
DCAF7,8.9,8.59,8.86,8.7,8.89,8.82,8.83,8.73,8.6,8.64,8.53,8.61,8.6,6.25,8.27,8.33,8.42,9.19,9.15,9.13,8.42,8.21,8.22,8.4,8.39,8.28,8.82,8.64,8.62,8.11,5.92,7.03,8.16,8.18,8.19,8.29,8.26,8.34,9.15,8.92,8.97,8.41,8.6,6.14,8.3,8.79,8.47,9.08,8.81,7.1
DCAF7,10.89,10.92,10.94,10.87,11.1,10.99,10.92,10.96,10.81,10.82,10.98,10.82,10.96,10.56,10.7,10.76,10.71,11.02,10.97,10.98,10.86,10.94,10.89,10.75,10.79,10.64,10.92,10.85,10.91,10.99,10.07,11.17,10.64,10.7,10.59,10.76,10.91,10.63,10.79,10.84,10.95,11.09,11.01,10.65,10.88,10.87,10.93,10.83,10.91,10.61
DCAF7,8.42,7.81,8.1,7.97,7.62,7.77,6.58,8.19,8.11,8.24,7.88,8,7.83,8.15,8.41,8.12,8.11,8.28,8.15,8.52,8.04,8.2,7.69,8.17,8.38,8.19,8.04,8.44,7.8,6.55,6.25,7.07,8.29,7.85,8.23,8.16,7.63,7.58,7.22,8.15,7.95,7.71,7.9,7.59,7.92,7.83,7.98,7.91,7.5,8.03
DCAF7,8.77,8.63,8.69,8.49,8.71,8.68,9.02,8.7,8.56,8.55,8.56,8.26,8.48,8.39,8.6,8.7,8.5,8.87,8.78,8.74,8.76,8.67,8.73,8.51,8.69,8.48,8.67,8.58,8.87,8.15,8.23,7.86,8.47,8.48,8.45,8.45,8.39,8.28,8.16,8.55,8.69,8.92,8.87,8.07,8.73,8.76,8.6,8.58,8.45,7.84
DCAF8,8.92,9.25,8.85,9,9.01,9.07,8.99,8.88,9.14,8.97,9.16,9.09,9.01,8.43,8.72,8.95,8.89,8.91,8.84,8.86,9.2,9.07,9.41,8.92,8.95,8.99,8.98,8.92,9.01,9.05,8.53,9.76,8.73,8.85,8.73,8.86,8.89,8.76,8.99,8.95,9.01,9.22,9.21,9.78,8.79,8.69,8.66,8.89,9.3,9.13
DCAF8,9.46,9.43,9.68,9.54,9.75,9.64,9.9,9.7,9.32,9.47,9.56,9.48,9.35,9.18,9.46,9.47,9.5,9.77,9.63,9.58,9.59,9.54,9.57,9.57,9.6,9.48,9.52,9.64,9.65,9.66,9.45,9.98,9.09,9.26,9.22,9.43,9.72,9.5,9.74,9.63,9.58,9.95,10.01,9.53,9.53,9.61,9.63,9.56,9.63,9.7
DCAF8,5.76,5.63,5.63,5.37,5.15,6.64,6.07,5.31,5.63,5.83,6.1,5.54,5.15,5.49,5.37,5.56,5.59,5.77,5.79,5.65,5.51,5.73,5.69,5.89,5.73,5.71,5.69,5.67,5.48,4.43,5.35,4.58,5.61,5.41,5.57,5.81,5.66,5.48,5.48,5.89,5.75,5.75,5.71,5.32,5.67,5.33,5.81,5.46,5.22,5.23
DCAF8,5.5,5.4,5.8,5.6,5.48,5.69,5.86,5.99,5.76,5.67,5.78,5.54,5.27,5.62,5.69,5.73,5.42,5.69,5.75,6.03,5.49,5.76,5.81,5.76,5.55,5.57,5.47,5.79,5.75,6.29,5.29,5.99,5.3,5.7,5.41,5.61,5.32,5.79,5.87,5.7,5.98,5.67,5.57,5.03,6.02,5.63,5.84,5.98,5.56,5.4
DCAF8,6.03,5.43,5.65,5.98,5.9,5.47,5.8,6,5.72,5.76,5.47,5.76,5.38,5.61,5.86,5.87,5.88,6.04,5.87,6,6.06,5.97,5.4,6.01,5.84,5.99,5.99,6.06,5.57,5.39,5.74,5.96,5.89,5.77,5.84,5.75,6.07,5.93,5.24,6.23,5.96,5.41,6.07,4.97,5.07,5.08,5.89,5.87,5.77,5.85
DCAF8L1,3.7,3.66,3.69,3.9,3.69,3.41,3.82,3.53,3.71,3.58,3.64,3.7,3.75,3.57,3.53,3.73,3.71,3.85,3.79,3.57,3.68,3.75,3.72,3.71,3.68,3.58,3.58,3.69,3.6,4.63,3.69,5.01,3.63,3.56,3.85,3.66,3.63,3.7,3.74,3.77,3.56,3.93,3.62,4.27,3.49,3.61,3.68,3.6,3.64,4.38
DCAF8L2,4.13,3.81,4,3.97,4.36,4.35,4.9,4.16,4.19,3.89,4.16,4.04,3.95,4.64,3.98,3.97,4.23,4.17,3.98,3.83,4.28,3.9,4.2,4.01,4.15,4.09,3.85,3.76,4.1,5.45,7.37,4.73,4.33,4.19,4.06,3.7,4.67,3.86,5.81,3.76,3.85,4.13,4.16,4.44,4.42,4.17,3.97,4.35,4.06,4.76
DCAKD,6.47,5.69,6.85,6.51,6.04,5.72,6.19,6.62,6.5,6.53,5.55,6.04,6.02,5.33,6.92,6.3,6.53,6.84,6.72,6.96,6.54,6.53,5.94,6.82,6.84,6.78,6.45,6.54,5.81,4.47,5.54,5.84,6.46,6.02,6.43,6.82,6.51,6.57,6.15,6.69,6.31,5.79,6.07,5.76,6.15,5.88,5.77,6.03,5.78,6.24
DCAKD,9.77,9.55,10.01,9.93,10.05,10.11,9.66,9.86,9.88,9.77,9.6,9.82,9.58,9.12,10.13,10,10.04,10.2,10.11,10.08,9.92,9.91,9.77,10.2,10.06,10.02,10.02,9.92,9.78,9.35,8.24,9.75,9.73,9.75,9.89,10.13,10.15,10.09,9.93,10.03,9.95,9.81,10.01,8.85,9.69,9.63,9.7,9.87,9.63,9.09
DCBLD1,4.6,4.61,4.21,4.22,4.94,4.49,4.17,4.28,4.43,4.48,4.54,4.31,4.5,5.07,4.19,4.39,4.49,4.55,4.3,4.5,4.38,4.43,4.52,4.37,4.31,4.14,4.29,4.37,4.57,4.91,5.27,5.57,4.58,4.4,4.43,4.43,4.43,4.5,4.72,4.16,4.18,3.95,4.41,5.56,4.73,4.47,4.56,4.27,4.17,4.72
DCBLD2,3.88,3.69,3.94,3.86,3.99,4.35,4.39,3.77,3.59,3.58,3.59,3.77,3.7,4.32,3.94,3.8,3.64,3.79,3.79,3.75,3.65,3.79,3.61,3.68,4,3.99,4.1,3.86,4.13,5.05,6.93,4.77,3.68,3.94,4.55,3.7,3.83,3.75,4.89,3.68,3.98,3.67,3.7,6.01,3.79,3.93,3.74,3.92,3.51,4.58
DCBLD2,6.89,6.88,6.81,6.81,6.91,6.44,6.44,6.73,6.89,6.88,7.09,6.79,6.67,6.56,7.14,7.12,7.05,6.53,6.76,6.55,6.93,6.98,7.12,7,7.17,6.92,6.8,7.13,7,6.78,4.79,5.85,6.82,7.09,7,6.95,7.16,7.03,5.28,6.82,6.9,6.38,6.61,6.11,6.18,6.25,6.72,7.04,7.27,6.16
DCBLD2,6.58,6.28,6.41,6.56,6.15,5.93,5.84,6.2,6.6,6.63,6.65,6.36,6.44,6.83,6.81,6.84,6.84,6.12,6.31,6.37,6.11,6.49,6.54,6.5,6.47,6.44,6.4,6.75,6.34,5.03,6.18,5.92,6.75,7.01,6.71,6.79,6.76,6.56,6.22,6.42,6.22,6.06,5.74,6.06,6.34,5.58,6.34,6.49,6.18,6.68
DCBLD2,4.16,4.06,3.91,4.17,4.52,4.12,4.54,4.28,4.15,4.17,4.52,4.09,4.12,4.79,4.27,4.71,4.25,4,3.98,4.33,4.51,4.12,4.22,4.6,4.41,4.28,4.1,4.22,4.07,4.84,6.7,4,4.24,4.27,4.14,4.19,4.78,4.12,4.96,4.05,3.94,4.18,4.14,4.51,4.4,4.29,4.47,4.15,3.99,4.4
DCC,4.84,4.74,4.58,4.64,4.64,4.66,5.07,4.65,4.71,4.64,4.78,4.95,4.89,5.43,4.37,4.59,4.64,4.66,4.63,4.35,4.94,4.98,4.89,4.52,4.59,4.45,4.58,4.7,5.21,4.68,6.14,5.65,4.74,4.82,4.57,4.56,4.49,4.63,4.48,4.48,4.43,4.63,4.92,5.94,4.24,4.74,4.43,4.62,4.81,6.18
DCC,3.64,3.98,4.05,3.83,3.53,4.07,3.53,3.48,3.75,3.54,3.86,4.15,3.81,3.92,3.98,3.83,3.98,3.88,3.67,3.98,3.79,3.98,3.96,3.71,3.84,3.58,3.99,3.8,3.96,3.91,4.59,4.44,3.98,3.73,3.87,3.76,3.76,3.99,3.93,3.64,3.95,3.82,3.83,4.13,4.07,3.83,3.66,3.77,3.89,4.13
DCD,3.67,3.78,3.73,4.09,4.15,3.76,4.94,4.11,3.73,3.63,3.8,3.75,3.6,6.26,4.17,4.52,3.56,3.91,3.93,3.64,3.68,3.92,3.67,3.6,3.76,3.85,3.68,3.83,3.57,4.39,5.91,6.95,3.76,3.87,3.83,3.6,3.77,3.57,4.1,3.56,3.92,3.63,3.59,4.35,3.95,3.55,3.73,3.74,3.64,3.88
DCDC1,4.1,4,3.72,3.98,4.69,3.69,5.05,4.2,4.11,4.2,3.73,4.07,3.79,4.52,3.86,3.84,3.71,3.75,3.84,3.78,3.91,3.99,3.89,3.83,3.94,3.95,4.19,4.04,4.11,4.62,4.85,4.35,3.87,3.8,3.78,3.76,4.07,3.68,4.93,3.82,3.97,4.02,4.34,4.75,3.97,4.19,4.02,3.82,4,4.53
DCDC2,3.47,3.61,3.46,3.72,3.74,3.89,3.67,3.53,3.56,3.65,3.62,3.56,3.49,5.71,3.48,3.45,3.47,3.64,3.57,3.39,3.76,3.45,3.61,3.6,3.46,3.55,3.64,3.42,3.62,4.21,4.54,5.21,3.5,3.36,3.64,3.64,3.57,3.54,3.94,3.42,3.58,3.6,3.51,3.79,3.62,3.68,4.04,3.49,3.68,4.34
DCDC2,4.45,4.7,4.65,4.68,4.68,5.05,4.76,4.68,4.75,4.79,4.81,4.67,4.5,5.41,4.75,4.87,4.7,4.97,4.57,4.53,4.61,4.83,4.74,4.69,4.71,4.3,4.7,4.65,4.97,4.81,6.24,6.22,4.64,4.62,4.62,4.74,4.88,4.9,4.72,4.97,4.88,4.71,4.99,6.47,4.55,4.4,4.84,4.76,4.63,6.35
DCDC2B,4.15,4.14,3.98,4.15,4.39,4.17,3.8,4.02,4.05,4.1,4.36,4.16,4.11,4.37,4.15,4.09,4.26,4.13,4.11,4.23,4.51,4.17,4.04,4.16,4.32,4.12,4.37,4.31,4,4,3.98,4.4,4.23,4.33,4.25,4.35,4.06,4.2,3.98,4.47,4.27,4.38,4.58,5.33,4.21,4.08,4.13,4.06,4.01,4.85
DCHS1,3.75,3.67,3.83,3.59,3.58,4.34,4.94,3.75,3.47,3.77,3.94,3.69,3.72,3.72,3.69,4.12,3.57,3.7,3.73,3.55,3.57,3.72,3.8,3.91,3.83,3.9,3.79,3.97,3.79,3.78,3.79,3.93,3.68,3.74,3.52,3.84,3.85,3.97,4.52,3.79,3.67,4.03,3.95,3.61,3.88,4.27,3.95,4.13,3.48,4.68
DCHS2,3.34,3.42,3.3,3.36,3.44,3.44,4.22,3.24,3.41,3.34,3.41,3.69,3.34,4.02,3.07,3.34,3.25,3.41,3.27,3.2,3.19,3.2,3.33,3.26,3.26,3.4,3.2,3.31,3.22,3.38,3.75,3.51,3.45,3.69,3.51,3.07,3.19,3.07,3.92,3.49,3.24,3.61,3.21,3.5,3.19,3.29,3.2,3.38,3.4,3.46
DCHS2,4.23,4.32,4.18,4.06,4.02,4.08,4.35,3.9,3.97,4.05,3.97,4.02,4.1,5.1,3.95,3.97,3.78,4.23,3.95,3.9,4.14,3.97,4.2,3.97,3.98,4.12,3.76,4.18,4.13,6.29,4.3,5.92,4.2,4.12,4.09,3.96,3.93,3.96,4.8,3.98,3.84,4.15,4.4,4.81,4.02,4.39,3.94,4.06,3.98,5.62
DCHS2,3.28,3.4,3.52,3.4,3.4,3.44,3.5,3.51,3.45,3.5,3.34,3.36,3.32,3.64,3.26,3.29,3.44,3.4,3.36,3.49,3.49,3.46,3.42,3.55,3.57,3.34,3.39,3.49,3.84,5.19,4.71,3.98,3.37,3.32,3.52,3.44,3.31,3.71,3.9,3.65,3.47,3.4,3.39,4.03,3.28,3.56,3.94,3.25,3.34,3.69
DCHS2,4.19,4.47,3.87,4.15,4.46,4.13,4.97,3.47,4.04,3.98,4.23,4.2,4.1,5.68,3.79,4.08,4.04,4.18,4.04,3.94,4.12,4.34,4.48,3.65,3.76,3.95,3.9,4.27,4.41,4.1,5.73,3.95,4.22,4.02,3.72,4.05,4.43,4.05,3.7,3.87,3.87,4.12,4.52,5.04,3.69,4.87,3.71,3.99,3.8,4.64
DCI,10.33,10.42,10.42,10.33,10.55,10.58,10.29,10.3,10.33,10.3,10.3,10.24,10.33,8.77,10.29,10.25,10.33,10.79,10.84,10.67,10.22,10.02,10.2,10.27,10.14,10.31,10.54,10.27,10.64,10.31,7.77,7.72,10.3,10.21,10.18,10.21,10.37,10.31,10.46,10.38,10.32,10.33,10.59,8.32,10.18,10.15,9.92,10.31,10.28,8.64
DCK,7.09,6.68,6.64,7.12,6.04,6.28,5.88,6.97,7.1,7.1,6.4,6.98,6.93,5.57,7.09,7.17,6.97,7.1,6.94,6.81,6.53,6.64,5.83,6.44,6.66,6.71,6.69,7.17,6.51,6.27,5.76,6.65,7.13,7.23,7.06,6.78,6.35,7.14,5.28,6.56,6.6,6.25,6.25,4.26,6.49,5.88,6.39,6.97,6.76,6.09
DCK,9.49,9.39,9.22,9.34,8.96,8.77,8.98,9.42,9.36,9.42,9.23,9.44,9.11,9.8,9.37,9.5,9.3,9.45,9.35,9.61,8.96,8.87,8.51,9.19,8.99,8.93,9.36,9.52,8.86,8.62,8.72,9.55,9.53,9.69,9.61,9.25,8.96,9.46,9.06,9.27,9.01,8.58,8.7,9.37,8.98,8.82,9.24,9.25,9.18,9.45
DCK,8.97,9.41,8.86,8.91,8.69,8.86,8.75,8.66,9.1,8.82,9.18,8.86,8.89,9.62,8.91,8.89,8.92,8.91,8.88,8.9,8.35,8.59,8.87,8.5,8.56,8.43,8.83,8.74,8.97,9.25,7.31,9.46,9.07,9.15,9.02,8.79,8.74,8.77,9.06,8.76,8.77,8.6,8.85,9.47,8.79,8.65,8.72,8.87,9.04,8.84
DCK,9.14,9.75,9.09,9.12,8.87,9.02,8.48,8.97,9.46,9.26,9.5,9.17,9.31,10.04,9.16,9.14,9.22,9.17,9.18,9.25,8.5,8.64,9.04,8.79,8.6,8.74,9.02,9.15,9.35,8.31,7.86,9.56,9.34,9.38,9.16,9.21,8.81,9.05,8.14,9.07,9.13,8.74,8.83,9.51,8.86,8.91,8.68,9.03,9.32,9.12
DCK,8.08,7.61,7.53,7.63,6.71,6.57,6.24,7.91,7.91,7.87,6.85,7.82,7.77,5.32,7.8,7.75,7.65,7.66,7.86,7.86,6.91,6.93,6.55,7.17,7.15,7.3,7.45,7.52,6.82,5.56,4.55,4.62,8.06,8.02,8.04,7.43,7.16,7.84,6.09,7.23,7.19,6.64,6.45,4.72,7.24,6.82,7.5,7.72,7.59,6.28
DCLK1,3.85,3.86,3.72,3.6,3.87,4.27,4.51,3.27,3.55,3.56,4.03,3.89,3.66,5.01,3.87,3.57,3.66,3.8,3.59,3.58,3.66,3.55,3.81,3.56,3.5,3.54,3.59,3.89,3.7,4.94,4.11,4.55,3.87,3.62,3.69,3.81,3.61,3.48,4.06,3.41,3.41,3.92,3.59,4.93,3.66,3.33,3.56,3.52,3.63,5.42
DCLK1,3.37,3.77,3.18,3.5,3.39,3.39,4.11,3.36,3.5,3.43,3.57,3.49,3.58,4.58,3.31,3.78,3.49,3.35,3.26,3.39,3.37,3.66,3.45,3.31,3.54,3.48,3.22,3.38,3.75,4.72,3.59,3.75,3.64,3.4,3.37,3.29,3.39,3.3,3.62,3.33,3.32,3.38,3.64,4.56,3.39,3.57,3.19,3.41,3.49,3.88
DCLK1,3.82,4.18,3.82,3.92,4.01,4.04,4.49,4.08,4.1,4.03,4.12,4.17,4.09,4.2,4.09,3.95,4.06,3.82,3.99,3.86,3.91,3.96,4.27,3.98,3.66,3.96,3.81,3.94,3.89,6.72,7.05,4.38,3.97,3.99,3.88,4.08,3.81,3.89,4.99,3.69,3.84,4.08,3.92,5.45,4.1,3.88,3.89,3.72,3.94,4.8
DCLK1,4.02,3.89,4.06,3.96,4.1,4.35,4.64,4.1,4.07,3.95,4.12,3.92,3.9,5.85,4.05,3.91,4.11,4.07,4.18,4.21,3.86,4.1,4.1,4.04,4.21,3.95,3.89,3.98,3.74,6.79,6.14,6.91,3.98,3.98,4.09,4.33,4.11,4.24,4.57,4.14,3.99,4.12,4.13,5.01,3.71,4.52,3.93,4.34,4.04,5.82
DCLK1,6.07,6.16,6.08,5.79,6.7,6.04,6.87,6.08,5.84,5.99,6.5,6.12,5.93,7.9,5.89,6.38,5.86,6.45,6.05,5.95,5.92,6.26,6.22,5.94,6.09,6.09,5.75,6.22,6.27,7.11,6.2,8.14,6.02,6.07,6.2,6.02,6.09,5.84,6.25,6.34,6.06,6.35,6.42,7.79,5.94,6.4,6.31,5.86,5.68,7.5
DCLK1,3.47,3.63,3.55,3.79,3.53,3.41,3.75,3.48,3.74,3.66,3.6,3.72,3.86,3.71,3.42,3.37,3.56,3.58,3.49,3.44,3.76,3.73,3.77,3.61,3.61,3.46,3.62,3.55,3.53,4.33,3.94,3.87,3.63,3.68,3.4,3.53,3.84,3.44,4.08,3.4,3.35,3.55,3.63,3.9,3.69,3.75,3.6,3.3,3.63,3.73
DCLK2,3.99,4.27,4.25,4.22,4.04,4.23,4.84,4.14,4.06,4.14,4.24,4.12,4.39,5.01,4.06,3.93,3.92,4.3,4.01,4.09,4.34,4.09,4.37,4.02,4.09,3.95,4.46,4.23,4.12,4.87,5.18,5.03,3.97,4.08,3.99,4.2,4.4,4.18,4.38,4.18,4,4.22,4.26,4.66,4.11,4.94,4.09,4.27,4.12,5.07
DCLK2,4.57,4.53,4.65,4.54,4.44,4.55,4.61,4.45,4.53,4.44,4.59,4.45,4.4,5.05,4.33,4.47,4.54,4.53,4.69,4.62,4.58,4.52,4.54,4.69,4.73,4.52,4.35,4.66,4.64,5.05,5.62,4.41,4.61,4.79,4.53,4.64,4.99,4.47,4.93,4.37,4.42,4.51,4.39,6.05,4.38,4.41,4.52,4.5,4.45,6.04
DCLK3,3.77,4.25,3.96,3.99,3.9,3.72,4.41,3.56,3.86,3.7,3.96,4.34,4.14,4.85,3.89,3.7,3.71,3.91,3.65,3.8,4.17,3.98,4,3.83,3.74,4.38,3.76,3.94,3.97,4.77,6.97,5.08,3.75,3.9,4.12,3.86,4.09,3.83,4.49,3.49,3.46,3.76,3.51,4.8,3.83,3.76,3.32,3.81,3.85,5.43
DCLRE1A,7.3,7.36,7.45,7.45,7.65,7.26,6.4,7.47,7.47,7.49,7.56,7.36,7,6.08,7.4,7.18,7.21,7.48,7.82,7.77,6.94,6.92,7.28,7.18,7.37,7.26,7.35,7.35,7.23,7.04,6.66,6.2,7.34,7.5,7.42,7.58,7.52,7.32,6.32,7.33,7.66,7.5,7.37,6.73,7.29,7.59,7.61,7.28,7.61,6.48
DCLRE1B,8.33,8.21,8.68,8.54,8.9,8.82,8.85,8.4,8.38,8.41,8.63,8.16,7.99,6.61,8.29,8.35,8.48,8.76,8.49,8.59,7.94,7.74,7.96,7.99,8.07,7.82,8.67,8.31,8.72,8.7,7.42,6.91,9.01,8.84,8.95,8.53,8.71,8.54,9.01,8.4,8.59,8.35,8.5,5.95,8.41,8.54,8.32,8.27,8.3,6.5
DCLRE1B,8.06,8.44,8.33,8.18,8.58,8.09,7.78,8.5,8.11,8.25,8.41,8.18,7.93,7.81,8.13,8.21,8.23,8.48,8.36,8.35,7.5,7.59,7.65,7.78,7.9,7.84,8.34,8.36,8.21,8.29,6.78,7.77,8.49,8.34,8.41,8.22,8.1,8.35,7.98,8.19,8.39,7.86,8.21,8.72,7.87,7.89,8.18,8.06,8.08,7.74
DCLRE1C,6.12,6.34,6.03,6.04,6.09,6.15,6.27,6.11,6.34,6.19,6.25,5.63,6.18,5.44,5.92,5.79,6.03,6.09,6.42,6.27,6.15,5.89,6.41,6.15,5.74,6.1,6.3,5.8,6.33,5.22,6.14,5.52,6.32,6.07,6.14,5.98,6.05,5.88,5.44,6.07,6.17,5.99,6.19,6.53,6.37,6.13,5.71,5.98,5.91,5.47
DCLRE1C,8.51,8.33,8.4,8.34,7.85,8.16,8.25,8.33,8.34,8.52,8.41,8.33,8.45,6.92,7.93,8.01,8.15,7.79,8.13,8.09,8.16,7.93,8.05,7.99,7.83,8.09,8.32,8.24,8.35,8.28,7.19,7.37,8.24,8.11,8.1,8.01,8.06,8.04,7.94,8.26,8.2,8.08,8.27,6.99,7.84,8.03,8.05,8.13,8.57,6.96
DCLRE1C,7.29,7.39,7.11,7.16,7.39,7.58,5.66,7.53,7.05,7.4,7.58,7.52,7.46,5.8,7.2,7.31,7.06,7.2,7.3,7.3,7.32,7.39,7.84,7.41,7.32,7.13,7.09,7.36,7.35,7.42,7.19,6.63,6.46,6.83,6.68,7.31,7.11,6.98,6.76,7.62,7.51,7.74,7.67,6.83,7.11,7.26,7.29,7.56,7.75,6.06
DCN,3.25,3.38,3.5,3.39,3.61,3.55,3.73,3.48,3.46,3.33,3.44,3.25,3.43,4.11,3.37,3.42,3.37,3.61,3.48,3.32,3.58,3.37,3.24,3.36,3.5,3.77,3.35,3.33,3.43,4.27,5.63,4.41,3.48,3.64,3.39,3.48,3.48,3.34,4.91,3.41,3.32,3.36,3.55,4.31,3.38,3.73,3.49,3.28,3.52,3.65
DCN,3.39,3.42,3.25,3.35,3.88,3.75,3.94,3.47,3.3,3.37,3.29,3.34,3.57,4.2,3.26,3.36,3.37,3.28,3.5,3.36,3.41,3.38,3.41,3.32,3.37,3.25,3.23,3.54,3.35,3.96,4.63,3.82,3.4,3.24,3.41,3.73,3.44,3.43,3.91,3.34,3.47,3.23,3.24,4.11,3.4,3.22,3.78,3.29,3.33,3.64
DCN,3.69,3.54,3.49,3.72,3.51,3.63,3.84,3.6,3.54,3.75,3.75,3.94,3.85,3.99,3.7,3.44,3.66,3.53,3.48,3.35,3.41,3.59,3.89,3.58,3.44,3.41,3.5,3.56,3.7,3.81,6.1,4.52,3.66,3.39,3.52,3.67,3.64,3.72,3.92,3.48,3.39,3.84,3.43,4.79,3.79,3.63,3.54,3.35,3.53,4.46
DCN,4.78,4.83,4.65,4.99,4.59,4.67,5.84,4.6,4.81,4.91,4.82,5,4.95,6.07,4.8,4.83,4.9,4.81,4.78,4.97,4.74,4.82,5.1,4.96,5.01,4.44,4.67,4.73,4.84,5.11,5.8,6.74,4.65,4.53,4.47,5.07,4.89,4.6,5.79,4.84,4.57,4.91,5.05,5.5,4.75,5.07,4.57,4.62,4.8,5.78
DCP1A,9.79,9.67,9.77,9.73,9.82,9.75,9.89,9.88,9.56,9.81,9.78,9.76,9.83,8.36,9.69,9.93,9.72,9.57,9.65,9.6,9.95,9.71,9.92,9.73,9.81,9.83,9.77,9.69,9.86,10.15,7.45,6.36,9.95,10.07,9.82,9.68,9.86,9.86,9.97,9.83,9.79,10.06,10.13,7.89,9.81,9.8,9.81,9.84,9.96,8.43
DCP1A,10.45,10.48,10.47,10.58,10.53,10.5,10.36,10.53,10.48,10.4,10.5,10.38,10.43,9.96,10.56,10.54,10.5,10.4,10.51,10.67,10.46,10.52,10.54,10.49,10.66,10.58,10.39,10.6,10.49,10.55,9.31,9.63,10.54,10.73,10.63,10.59,10.53,10.47,10.55,10.63,10.51,10.71,10.56,10.31,10.42,10.46,10.63,10.53,10.62,9.52
DCP1B,7.98,8,8.29,8.16,8.23,8.13,8.16,8.04,8.14,8.15,8.17,8.15,8.09,7.13,8.53,8.61,8.74,8.25,8.21,8.14,8.49,8.44,8.44,8.58,8.35,8.54,8.14,8.01,8.08,7.92,6.2,7.24,8.21,8.15,8.11,8.7,8.59,8.75,8.33,8.32,8.26,8.3,8.3,7.86,8.03,7.89,7.81,8.45,8.33,7.38
DCP1B,6.71,6.64,6.6,6.74,6.36,6.2,6.11,6.34,6.79,6.57,6.8,6.69,6.74,6.92,6.98,6.63,7.15,6.59,6.58,6.51,6.56,7.19,6.74,6.88,6.8,6.71,6.58,6.75,6.38,6.29,6.29,5.84,6.25,6.7,6.97,6.86,6.46,6.67,4.78,6.61,6.69,6.75,6.45,4.89,6.77,6.13,6.3,6.97,6.62,6.72
DCP2,8.39,8.53,8.13,8.27,8.17,8.13,8.06,7.73,8.56,8.36,8.44,8.35,8.29,6.31,8.67,8.59,8.69,8.14,8.26,8.13,7.98,8.23,8.71,8.35,8.04,8.52,8.22,8.36,8.33,8.22,6.27,5.65,8.5,8.66,8.66,8.58,8.12,8.43,8.1,8.35,8.22,8.12,8.32,6.78,7.98,8.03,8.27,8.51,8.47,6.39
DCP2,10.63,10.89,10.5,10.68,10.65,10.65,10.27,10.27,10.67,10.61,10.86,10.54,10.71,10.04,10.98,10.89,11.02,10.42,10.55,10.53,10.49,10.47,10.96,10.58,10.82,10.68,10.6,10.64,10.62,10.13,9.51,10.45,10.82,10.95,10.83,10.83,10.74,10.58,10.49,10.58,10.65,10.59,10.65,10.74,10.46,10.4,10.45,10.66,10.74,10.06
DCP2,4.45,4.01,4.19,4.17,3.57,4.18,3.81,3.86,4.2,4.11,4.22,4.3,4.34,3.95,4.23,3.87,4.37,3.84,4.16,4.37,3.99,4.01,4.1,4.24,3.97,3.88,3.87,3.85,3.91,4.82,4.85,5.03,4.4,4.19,4.08,4.03,3.97,4.3,4.02,3.91,4.23,3.78,4.03,4.71,3.97,3.56,3.86,4.04,3.9,4.26
DCP2,5.54,5.79,5.56,5.73,5.52,5.31,5.11,5.55,5.81,5.65,5.71,5.71,5.48,5.2,5.57,5.77,5.89,5.59,5.88,5.87,5.69,5.7,5.64,5.63,5.63,5.77,5.59,5.61,5.59,5.68,7.47,5.34,5.96,5.89,5.9,5.61,5.44,6.04,5.32,5.95,5.37,5.27,5.43,5.37,5.17,5.41,5.83,5.72,5.65,6.43
DCP2,4.41,4.04,4.47,4.47,3.77,3.99,4.12,4.16,4.45,4.88,4.04,4.14,4.06,4.63,4.55,4.97,4.71,4.01,3.97,4.34,4.17,4.26,4.2,4.88,4.72,4.28,4.35,4.26,4.18,4.55,3.63,4.06,4.62,4.59,4.58,4.36,4.28,4.42,3.8,4.58,4.26,3.83,3.82,5.32,4.72,4.05,3.98,4.37,4.5,5.34
DCPS,9.74,9.68,9.89,9.76,9.59,9.77,9.84,9.83,9.55,9.78,9.58,9.69,9.68,8.62,9.55,9.44,9.36,9.97,9.89,9.75,9.27,9.29,9.07,9.16,9.24,9.29,9.72,9.58,9.75,9.71,7.95,8.15,9.55,9.52,9.44,9.59,9.54,9.65,9.71,9.81,9.68,9.58,9.63,7.35,9.5,9.44,9.52,9.66,9.7,6.65
DCST1,3.91,3.93,3.73,4.15,3.87,4.07,3.83,4.43,3.99,4.01,4.25,4.09,4.03,4.36,4.14,3.66,3.67,4.09,4.02,4.15,3.94,4.09,4.09,4.08,3.9,4.2,4.04,4.3,4.08,5.23,4.33,4.45,3.85,3.75,3.97,3.99,4.27,3.9,4.27,4.18,4.07,4.02,4.04,5.23,3.88,3.93,3.99,4.67,3.98,4.51
DCST1,4.12,4.13,4.13,4.11,4.79,4.66,3.88,3.99,3.81,4.48,4.22,4.29,4.08,4.87,4.19,4.22,4.16,4.31,4.29,4.38,4.26,4.18,4.05,4.33,4.07,4.73,4.1,4.11,4.05,6.19,4.65,5.69,3.99,4.08,4.32,4.15,5.34,4.01,4.83,4.52,4.33,4.32,4.15,4.61,4.14,4.5,4.52,4.08,4.12,5.25
DCST2,4.46,4.21,4.53,4.3,5.03,4.92,4.42,5.01,4.11,4.23,4.16,4.49,4.38,5.21,4.66,4.39,4.36,4.52,4.29,4.68,4.43,4.61,4.33,4.73,4.54,4.1,4.47,4.31,4.77,5.08,5.11,7.31,4.32,4.25,4.61,4.16,4.52,4.64,5.28,4.36,4.65,4.71,4.61,6.74,4.39,4.93,4.59,4.46,4.38,6.43
DCT,4.27,3.89,3.85,3.73,4.25,3.8,3.82,3.79,3.85,3.96,3.83,4.01,3.76,4.1,4.39,3.89,3.77,3.93,3.89,3.81,4.19,3.75,3.84,3.82,3.74,3.77,3.65,3.86,3.97,5.4,5.91,4.5,3.79,3.93,3.96,3.88,3.85,3.65,4.11,3.81,3.64,3.83,3.91,3.95,3.74,4.13,3.6,3.78,3.83,4.06
DCT,5.02,5.06,5.11,5.12,5.97,5.16,4.98,5.09,5.23,5.21,5.41,5.26,5.02,7.28,5.15,5.3,5.32,5.05,5.27,5.29,5.26,5.17,5.31,5.31,5.28,4.71,4.89,5.01,5.2,4.83,8.03,5.31,4.89,4.76,4.77,5.21,5.11,5.15,4.89,5.16,5.32,5.31,5.69,6.89,5.45,5.55,4.88,5.08,5.09,5.83
DCT,3.7,4.16,3.56,3.76,3.56,3.51,3.73,3.35,3.71,3.58,3.68,4.16,3.96,5.51,3.5,3.77,3.87,3.99,3.87,3.74,3.78,3.57,3.71,3.8,3.38,3.54,3.7,3.73,3.54,4.03,6.36,4.23,3.71,3.94,3.74,3.59,3.8,3.71,4.29,3.6,3.57,3.9,3.72,4.53,3.86,3.87,3.82,3.8,3.51,4.66
DCTD,9.37,9.16,9.33,9.38,9.1,9.04,9.19,9.28,9.43,9.43,9.01,9.37,9.41,7.3,9.01,8.98,9.05,9.16,9.17,9.34,9.33,8.97,9.06,9.17,9.16,9.33,9.36,9.2,9.04,8.91,5.88,6.86,9.05,9.07,9.12,9.16,9.09,9.25,8.82,9.32,9.23,9.17,9.18,6.65,9.43,9.1,9.31,9.2,9.36,6.92
DCTD,8.27,7.84,8.26,8.28,8.05,8.01,6.97,8.15,8.34,8.29,7.5,8.27,8.18,6.42,8.07,7.87,8.07,8.17,7.99,8.09,7.91,8.04,7.77,8.02,8.05,8.04,8.12,8.22,7.78,6.34,6.33,7.7,7.8,7.95,7.88,8.23,7.67,8.22,7.98,8.26,8.05,8.27,8.29,8.39,8.03,7.88,8,8.16,8.12,7.5
DCTD,10.47,10.3,10.69,10.62,10.53,10.51,10.38,10.64,10.65,10.66,10.3,10.64,10.59,9.38,10.36,10.4,10.3,10.56,10.42,10.45,10.42,10.5,10.23,10.48,10.42,10.38,10.64,10.63,10.42,10.39,8.98,9.96,10.35,10.39,10.35,10.55,10.42,10.46,10.42,10.48,10.39,10.58,10.69,9.97,10.53,10.43,10.62,10.61,10.51,9.69
DCTD,10.63,10.77,10.77,10.75,10.73,10.73,10.21,10.16,10.98,10.67,11.02,10.78,10.86,11.3,10.57,10.44,10.69,10.57,10.57,10.55,10.53,10.6,10.89,10.5,10.65,10.55,10.67,10.76,10.91,10.65,10.56,11.12,10.29,10.4,10.47,10.62,10.53,10.52,10.4,10.46,10.65,10.84,10.95,11.41,10.61,10.56,10.52,10.75,10.95,11.05
DCTD,10.76,10.68,10.86,10.89,10.86,10.76,10.42,10.69,10.91,10.87,10.86,10.8,10.72,9.75,10.72,10.5,10.72,10.68,10.77,10.75,10.71,10.67,10.77,10.71,10.59,10.66,10.79,10.82,10.84,10.98,10.06,9.88,10.59,10.54,10.59,10.81,10.65,10.68,10.6,10.77,10.68,10.91,10.86,10.51,10.77,10.77,10.74,10.86,10.79,10.19
DCTN1,9.49,9.42,9.66,9.64,9.91,9.96,9.54,9.71,9.5,9.49,9.48,9.4,9.4,8.58,9.45,9.55,9.47,9.71,9.71,9.51,9.6,9.59,9.74,9.53,9.62,9.54,9.67,9.49,9.58,9.52,8.21,8.84,9.26,9.31,9.39,9.69,9.79,9.63,9.65,9.7,9.9,9.88,9.87,9.11,9.62,9.65,9.63,9.65,9.94,8.65
DCTN2,10.64,10.51,10.68,10.55,10.44,10.51,10.68,10.58,10.43,10.63,10.41,10.69,10.67,8,10.58,10.55,10.62,10.61,10.67,10.56,10.84,10.76,10.6,10.52,10.59,10.75,10.56,10.54,10.58,10.38,6.72,8.75,10.52,10.6,10.4,10.58,10.65,10.66,10.52,10.64,10.51,10.87,10.8,8.69,10.75,10.67,10.6,10.65,10.62,7.93
DCTN2,5.72,6.16,5.98,6.11,6.27,5.83,4.83,5.26,5.81,5.91,6.24,5.95,5.52,7.92,5.63,5.72,6.26,6.33,6.26,6.11,6.02,5.82,6.22,6.05,5.93,5.96,5.58,5.98,5.92,5.18,6.59,6.6,5.43,6.05,6.01,6.02,5.71,6.05,5.46,6.22,5.56,5.58,6.28,7.93,5.7,5.73,5.62,5.95,6.01,7.9
DCTN3,10.93,10.88,11.11,10.99,10.97,11.05,10.96,11.04,10.95,10.98,10.92,11.03,11.15,9.09,10.98,11.08,11.13,11.15,11.19,11.04,11.16,11.03,11.13,11.1,11.12,11.19,11.12,10.96,11.09,11.13,7.4,9.7,10.98,10.99,10.8,11.11,11.24,11.16,11.07,11.17,11.1,11.08,11.12,9.42,11.14,11.14,10.96,11.15,11.1,9.48
DCTN4,10.13,10.2,9.95,10.04,9.95,9.98,9.72,9.81,10.15,10.02,10.23,10.11,10.14,8.3,10.36,10.34,10.36,9.83,9.89,9.89,10.28,10.33,10.53,10.3,10.41,10.39,10,10.03,10.15,10.07,7.44,9.22,10.35,10.38,10.34,10.19,10.32,10.17,10.08,10.14,10.16,10.16,10.1,9.05,10.26,10.29,10.09,10.2,10.23,8.91
DCTN4,7.42,6.36,7.18,7.08,6.32,6.45,6.71,7.09,7.27,7.06,6.74,7.32,7.21,8.46,7.73,7.55,7.64,7.16,7.4,7.27,7.19,7.3,6.66,7.8,7.7,7.64,7.11,7.11,6.38,6.94,7.1,7.81,7.46,7.52,7.58,7.55,7.36,7.48,6.82,7.21,7.06,6.96,6.55,7.52,7.65,6.8,7.51,7.26,7.09,7.68
DCTN4,7.56,7.41,7.34,7.54,7.4,7.23,7.26,7.56,7.42,7.55,7.08,7.52,7.7,6.79,7.85,7.71,7.81,6.98,7.17,7.29,7.75,7.53,7.24,7.52,7.75,7.85,7.33,7.38,7.35,6.12,7,6.77,7.95,7.86,7.87,7.81,7.48,7.5,6.2,7.36,7.32,6.93,7.2,6.88,7.54,7.27,7.71,7.52,7.11,7.32
DCTN4,7.33,6.77,7.19,6.91,6.93,6.68,7.33,6.8,7.13,7.09,6.73,7.1,7.03,7.11,7.37,7.56,7.32,6.82,7.02,7.16,7.24,7.26,6.98,7.5,7.47,7.62,6.9,7.06,6.4,5.71,5.78,7.04,7.55,7.53,7.49,7.28,7.07,7.23,7.15,7.27,6.94,6.69,6.83,6.51,7.43,7.11,7.38,6.91,7.04,6.23
DCTN4,5.64,5.28,5.61,5.78,5.18,5.6,4.9,5.56,5.64,5.51,5.2,5.8,5.58,5.46,5.94,5.94,6.23,5.57,5.44,5.82,5.65,5.66,5.47,5.97,5.79,6.08,5.4,5.59,5.31,4.88,4.84,5.23,6.3,6.35,6.26,5.78,5.7,6.1,5.4,5.35,5.4,5.23,4.85,4.64,5.54,5.1,5.45,5.48,5.27,5.26
DCTN4,6.78,6.44,6.67,6.69,5.87,6.21,6.27,6.16,6.92,6.8,6.01,6.88,6.82,5.76,7.2,6.92,7.18,6.23,6.53,6.55,6.81,6.72,6.52,7.03,6.89,6.92,6.64,6.61,5.76,4.52,5.39,5.74,7.16,7.24,7.07,6.74,6.32,7.14,5.62,6.24,6.31,5.57,5.63,5.18,6.6,5.86,6.51,6.95,6.49,5.71
DCTN5,7.3,6.86,7.2,7.18,7.21,6.99,6.98,7.31,7.29,7.31,6.77,7.29,7.5,6.19,7.49,7.6,7.56,6.91,7.14,7.06,7.4,7.34,7.41,7.53,7.52,7.73,7.21,7.21,6.93,6.85,7.39,4.82,7.82,7.9,7.95,7.29,7.29,7.62,7.09,7.06,7.03,6.68,6.74,4.43,7.11,6.95,6.89,7.57,7.3,5.78
DCTN5,8.89,8.78,9.13,9.08,9.19,9.07,9.57,9.27,8.98,9.05,9.02,9.11,9.13,9,9.38,9.41,9.3,9.16,9.07,8.99,9.28,9.25,9.21,9.24,9.33,9.45,9.14,9.18,9.03,9.12,9.25,7.71,9.36,9.28,9.34,9.25,9.44,9.36,8.84,9.15,9.23,9.21,8.92,7.65,9.22,9.34,9.21,9.3,9.32,7.86
DCTN5,7.84,7.35,7.76,7.82,7.9,7.79,7.57,7.84,7.8,7.68,7.2,7.94,7.86,6.08,8.1,7.93,8.14,7.52,7.72,7.73,8.04,7.85,7.82,8.09,8.13,8.09,7.89,7.73,7.77,6.28,7.07,6.77,8.4,8.5,8.53,8.13,7.97,8.26,7.69,8.04,7.69,7.22,7.41,6.72,8.02,7.55,7.82,7.87,7.8,6.51
DCTN6,9.78,9.69,9.67,9.71,9.61,9.57,8.73,9.77,9.72,9.78,9.28,9.81,9.97,9.65,9.77,9.65,9.76,9.63,9.73,9.83,9.95,9.79,9.57,9.79,9.74,9.91,9.61,9.63,9.58,8.82,7.19,8.16,9.46,9.34,9.32,9.67,9.7,9.75,9.49,9.71,9.67,9.66,9.49,9.55,9.8,9.87,9.83,9.81,9.71,9.12
DCTPP1,11.15,10.97,11.31,11.18,11.38,11.27,11.01,11.29,11.2,11.19,11.01,11,10.89,9.92,10.86,10.81,10.82,11.39,11.34,11.29,10.54,10.46,10.52,10.62,10.61,10.54,11.27,11.14,11.14,10.92,9.66,10.41,10.63,10.64,10.71,10.89,10.83,10.94,11.02,11.01,10.91,10.85,10.68,9.36,11.18,11.01,11.08,11.06,11,9.32
DCUN1D1,7.33,7.2,7.15,7.18,7.01,7.13,6.91,7.02,7.29,7.17,7.1,7.28,7.1,6.85,7.54,7.5,7.43,6.93,7.04,7.07,7.3,7.3,7.12,7.49,7.56,7.38,7.16,7.09,6.92,5.98,6.17,6.27,7.86,7.81,7.78,7.51,7.33,7.54,7.05,7.44,7.13,7.3,7.22,7.83,7.32,7.09,7.33,7.33,7.11,7.32
DCUN1D1,8.5,8.35,8.54,8.3,7.95,8.44,8.22,8.17,8.39,8.45,8.56,8.41,8.18,9.33,8.72,8.83,8.94,8.24,8.35,8.4,8.51,8.5,8.48,8.62,8.72,8.66,8.26,8.41,8.36,8.23,8.52,7.25,8.84,8.64,8.68,8.51,8.31,8.2,7.79,8.28,8.17,8.49,8.29,9.28,8.32,8.38,8.56,8.16,7.88,9.28
DCUN1D1,8.88,8.7,8.67,8.88,8.77,8.43,8.42,8.9,8.74,8.72,8.6,8.95,8.62,8.5,9.07,8.96,9.09,8.53,8.61,8.72,9.09,8.9,8.85,9.11,9.16,9.02,8.7,8.75,8.64,6.53,6.83,7.25,9.44,9.36,9.48,8.97,8.68,9.1,8.26,9.06,8.8,8.84,8.66,8.58,8.78,8.45,8.93,8.79,8.75,7.51
DCUN1D1,9.43,9.62,9.6,9.43,9.54,9.49,9.04,9.44,9.59,9.56,9.62,9.64,9.48,10,9.89,9.72,9.89,9.71,9.56,9.4,9.57,9.6,9.61,9.72,9.61,9.65,9.6,9.69,9.44,9.14,8.95,9.43,9.75,9.81,9.74,9.74,9.4,9.49,9.58,9.59,9.55,9.43,9.77,10.71,9.55,9.31,9.44,9.56,9.41,10.48
DCUN1D2,6.46,5.9,6.04,6.42,5.77,6.18,4.53,6.33,6.36,6.55,5.94,6.44,6.13,5.4,6.49,6.35,6.44,6.41,5.99,6.47,6.27,5.99,5.52,6.23,6.42,6.26,6.34,6.62,6.27,4.66,4.06,6.2,7.01,6.99,6.62,6.38,6.45,6.37,5.1,6.73,6.34,6.17,5.73,6,6.69,5.85,6.24,6.65,6.09,5.63
DCUN1D2,7.35,6.64,7.29,7.11,7.22,7.13,6.06,7.06,7.01,7.04,6.94,6.87,6.67,6.97,6.99,6.99,6.85,6.94,6.85,7.14,6.9,6.78,6.64,6.93,6.95,6.74,7.19,7.12,7.19,5.6,7.02,6.5,7.09,7.2,7.13,6.93,7.13,6.99,7.13,7.3,7.18,7.19,7.26,6.82,7.37,7.24,7.22,7.18,7.21,7.32
DCUN1D3,6.49,6.36,6.46,6.32,6.19,6.54,6.03,6.19,6.48,6.27,6.59,6.52,6.34,6.79,6.93,6.52,6.89,6.42,6.63,6.65,6.75,6.52,6.75,6.98,6.82,6.92,6.62,6.41,6.5,6.58,6.35,6.44,6.95,6.98,7.01,6.96,6.88,7.08,6.81,6.47,6.86,6.5,6.33,6.64,6.88,7.09,6.3,6.41,6.51,5.87
DCUN1D3,4.54,4.11,4.44,4.36,4.66,4.99,5.03,4.04,4.11,4.31,4.23,4.23,4.38,5.04,4.26,3.95,4.15,4.62,4.27,4.27,4.12,4.32,4.34,4.34,4.35,4.02,4.24,4.46,4.58,4.46,5.94,4.45,4.41,4.72,4.55,4.41,4.26,4.68,4.01,4.09,3.86,4.03,4.03,4.18,4.06,4.08,4.37,4.34,4.21,4.83
DCUN1D4,5.75,5.82,5.55,5.67,5.42,5.41,5.22,5.49,5.76,5.73,5.96,5.46,5.73,5.49,5.49,5.6,5.7,5.56,5.77,5.82,5.14,5.77,5.7,5.48,5.58,5.38,5.69,5.56,5.74,6.05,5.24,5.86,5.44,5.88,5.55,5.61,5.26,5.6,5.18,5.62,5.47,5.63,5.79,5.27,5.8,5.62,5.67,5.48,5.71,5.33
DCUN1D4,6.97,7.03,6.92,7.01,6.81,6.53,6.4,7.07,6.85,7.15,7,6.82,6.47,6.21,6.83,6.62,6.79,6.75,6.86,6.79,6.29,6.64,6.95,6.8,6.86,6.65,6.74,7.07,6.67,7.35,8.21,5.91,7.33,7.43,7.13,6.91,7.01,6.96,6.95,6.96,6.73,6.66,6.51,6.04,7.52,7.02,7.26,6.91,7.11,6.29
DCUN1D4,7.86,7.78,7.89,7.66,7.35,7.5,7.05,7.68,7.93,7.82,7.93,7.78,7.67,8.1,7.77,7.8,7.81,7.35,7.5,7.65,7.86,7.87,7.82,7.89,7.84,7.77,7.65,7.97,7.78,6.27,5.96,7.58,8.2,8.46,8.46,7.9,7.5,7.82,7.57,7.86,7.56,7.54,7.26,8.17,7.97,7.76,8.19,7.84,7.63,8.46
DCUN1D4,5.8,5.65,5.64,5.79,5,5.32,4.74,5.94,5.7,6.01,5.4,5.51,5.57,5.13,5.6,5.27,5.73,5.47,5.5,5.62,5.86,5.55,5.67,5.49,5.89,5.57,5.59,6.09,5.57,4.53,4.8,6.88,6.36,5.99,6.24,5.87,5.54,5.72,5.2,5.79,5.15,5.4,5.54,4.71,5.61,5.69,5.63,5.75,5.51,5.4
DCUN1D4,8.17,8.33,8.11,8.16,8.31,8.19,7.73,8.09,8.33,8.27,8.47,8.03,8.08,8.56,8.08,7.83,8.35,8.06,8.24,8.23,8.1,8.02,8.43,8.25,7.97,7.89,8.24,8.33,8.29,7.87,7.36,8.05,8.17,8.1,7.97,8.19,7.97,8.03,7.97,8.2,8.34,8.19,8.4,8.35,8.59,8.51,8.56,8.18,8.21,7.83
DCUN1D5,10.91,11.01,10.92,10.87,10.72,10.76,10.59,10.68,10.98,10.9,10.86,10.85,10.95,9.44,10.55,10.45,10.65,10.73,10.87,10.91,10.6,10.53,10.69,10.51,10.46,10.5,10.92,10.83,10.92,10.48,6.63,9.34,10.45,10.52,10.48,10.53,10.47,10.57,10.69,10.87,10.8,10.4,10.6,9.01,10.8,10.75,10.71,10.88,11.01,9.1
DCX,3.9,4.03,4.14,4.07,4.5,4.02,4.87,3.91,4.13,3.97,3.91,3.99,3.84,4.14,4.18,4.34,3.85,4.09,4.29,4.26,3.89,4.09,4.03,3.74,4.19,4.11,4.26,4.12,4.15,3.91,4.6,4,4.04,4.01,3.96,4.12,3.74,4.36,4.24,4.21,4.2,3.91,4.11,5.5,4.19,3.9,4.41,4.07,4.31,4.7
DCX,3.7,4.09,3.46,3.53,3.69,4.04,3.58,3.48,3.46,3.56,3.73,3.69,3.59,4.36,3.47,3.36,3.62,3.64,3.44,3.38,3.94,3.72,3.55,3.71,3.75,3.52,3.49,3.71,3.63,4.07,3.91,4.61,3.61,3.44,3.49,3.59,3.42,3.62,4.91,3.66,3.43,3.56,3.94,3.74,3.27,3.52,3.32,3.49,3.65,3.57
DCX,4.08,4.1,3.83,3.86,3.73,3.93,3.8,4.01,4.06,4.15,3.92,4.23,4.09,5.78,3.93,3.88,3.9,3.7,3.66,3.64,3.85,4.04,4.12,3.94,4.04,3.73,3.85,3.95,4.13,4.97,6.07,3.75,4,4.22,3.96,3.85,3.71,3.76,3.8,3.74,3.75,4.06,3.81,4.83,4.02,3.9,4.05,3.83,3.91,6.69
DCX,3.67,3.66,3.42,3.54,4.14,3.44,3.78,3.84,3.72,3.56,3.67,3.74,3.8,4.93,3.52,3.62,4.08,3.52,3.46,3.58,3.63,3.65,3.57,3.66,3.68,3.48,3.44,3.82,3.52,5.24,5.33,5,3.49,3.7,3.74,3.7,3.41,3.52,3.7,3.71,3.46,3.66,3.7,5.09,3.64,3.51,3.92,3.68,3.53,4.42
DCX,3.88,3.92,3.76,3.97,3.8,3.65,4.1,3.99,3.89,3.93,4.1,4.01,3.98,4.46,3.88,3.72,3.6,3.72,3.69,3.91,3.76,4.03,3.84,3.73,3.79,3.5,3.83,4.04,3.68,4.19,5.99,4.31,4.41,3.89,3.83,3.7,4.01,3.8,3.74,3.84,3.94,3.7,3.87,3.9,3.68,3.8,4.04,3.8,3.69,4.79
DCXR,11.11,10.95,11.05,11.06,10.98,10.93,10.65,11.1,11.08,11.02,10.65,11.05,11.07,8.8,11.12,11.07,11.12,11.27,11.23,11.2,10.84,10.85,10.95,11.02,11.02,11.09,11.01,11.02,10.98,10.86,8.55,9.94,11.09,11.08,11.04,11.24,11.17,11.23,11.07,11.1,11.06,10.87,10.89,9.31,10.61,10.46,10.49,11.03,10.88,9.45
DDA1,6.54,6.86,6.93,6.92,6.76,7.2,7.02,6.69,6.46,6.67,7.01,6.67,6.87,7.34,6.72,6.76,6.52,7.09,7.05,6.83,6.47,6.73,6.99,6.97,7,6.45,6.7,6.85,6.99,7.95,5.72,8.38,6.34,6.51,6.2,6.65,6.68,6.61,7.68,7.09,7.05,6.91,6.88,7.61,6.81,6.94,6.77,6.98,7.16,7.69
DDA1,8.99,8.71,9.02,8.92,8.99,9.21,8.84,8.79,8.8,8.87,8.97,8.98,8.83,7.37,8.93,8.7,8.96,9.14,9.02,9.06,9.16,9.19,9.15,9.14,9.26,9.25,9.1,9.1,9.13,8.98,7.7,8.55,8.56,8.8,8.75,9.05,9.05,9.07,8.3,9.16,9.21,9.2,9.18,7.27,8.81,8.88,9.06,8.97,8.93,7.25
DDA1,9.87,9.62,9.89,9.82,9.79,9.93,9.65,10.04,9.79,9.79,9.64,9.85,9.75,9.19,9.71,9.73,9.82,9.93,9.91,9.93,10.07,9.92,10.11,10.07,9.98,10.04,9.98,9.74,9.93,9.41,9.57,10.17,9.72,9.54,9.64,9.8,9.83,10.05,10.01,10,10,9.87,10.06,9.7,9.93,9.88,9.79,9.96,10,9.89
DDAH1,3.8,3.49,3.54,3.68,4.15,3.81,4.08,3.97,3.7,3.81,3.82,3.62,3.54,4.48,3.49,3.55,3.58,3.69,3.4,3.68,3.83,3.58,3.55,3.71,3.74,3.64,3.52,3.66,3.97,5.06,3.92,4.58,3.73,3.58,3.42,3.42,3.45,3.53,4.14,3.47,3.36,3.76,4,4.25,3.47,3.58,3.4,3.69,3.69,4.37
DDAH1,3.97,3.9,3.71,4.03,3.58,3.82,4.27,4.01,3.97,3.72,3.78,4.05,3.87,3.7,3.66,3.84,3.58,3.62,3.83,3.65,4.19,3.76,3.93,3.86,3.69,3.77,3.95,3.87,4.17,4.34,4.87,4.1,3.75,4.13,4.1,3.76,3.98,3.59,4,3.71,3.63,3.76,3.98,3.97,3.63,3.72,3.6,3.82,3.68,3.69
DDAH1,6.93,6.81,6.76,6.68,6.71,6.91,6.9,6.49,6.72,6.88,7.11,6.52,6.33,5.6,6.06,5.87,6.13,6.57,6.63,6.47,5.64,5.92,6.25,6.46,6.12,6.09,6.44,6.9,6.45,4.33,4.54,5.92,6.39,6.38,6.45,6.33,6.24,6.24,4.92,6.93,6.79,6.04,6.11,6.53,6.55,5.69,6.71,6.78,6.74,5.87
DDAH2,7.29,7.13,7.59,7.33,7.63,7.59,7.81,7.66,7.2,7.25,7.31,7.3,7.28,6.84,7.34,7.47,7.26,7.58,7.42,7.52,7.64,7.54,7.44,7.64,7.76,7.76,7.45,7.5,7.44,6.47,6.34,7.45,7.29,7.33,7.36,7.27,7.5,7.36,7.98,7.76,7.71,7.72,8.05,6.8,7.41,7.83,7.36,7.54,7.56,6.34
DDB1,10.9,10.73,10.99,10.87,11.05,11.06,10.82,10.62,10.89,10.74,10.84,10.74,10.71,10.49,11.02,11.04,11.08,10.9,10.96,10.84,10.94,10.86,11.05,11.04,11.11,10.99,10.89,10.8,10.89,11.15,9.4,10.48,10.93,10.92,10.92,11.13,11.13,11,10.8,10.81,10.91,10.78,10.64,10.47,10.64,10.79,10.56,10.85,10.95,10.08
DDB1,9.91,9.6,9.96,9.87,9.6,9.59,9.77,9.98,9.73,9.88,9.3,9.68,9.72,8.3,9.96,9.98,10.11,9.89,9.95,9.9,9.94,9.83,9.55,9.87,9.89,10.07,9.91,9.79,9.7,8.53,6.78,7.43,10,9.91,9.92,9.99,10.01,9.96,9.5,9.77,9.57,9.47,9.49,8.27,9.52,9.59,9.47,9.76,9.87,8.57
DDB1,7.22,5.98,6.97,7.16,5.76,6.25,6.5,6.61,6.95,7.11,5.77,6.76,6.42,4.24,7.37,7.39,7.34,6.97,7.08,7.41,6.91,6.76,5.91,7.46,7.29,7.21,6.93,7.22,6.11,6.02,5.17,6.27,7.45,7.31,7.14,7.19,6.63,7.26,6.46,6.8,6.44,6.36,5.81,5.51,6.77,6.28,6.35,6.85,6.32,4.94
DDB1,6.94,6.62,6.97,6.77,6.65,6.46,6.21,6.68,6.76,6.9,6.93,6.85,6.77,6.34,6.82,6.76,6.81,6.91,6.45,6.69,6.64,7.07,6.8,6.95,7.07,6.8,6.61,6.75,6.83,5.5,5.19,7.75,6.87,6.85,6.91,7.06,6.91,6.53,6.58,6.98,7.02,6.85,6.61,6.39,6.68,6.5,6.84,7.05,6.83,6.46
DDB2,8.39,8.1,8.37,8.39,8.48,8.56,8.4,8.17,8.33,8.32,8.19,8.51,8.53,7.29,9.77,9.7,9.75,8.63,8.66,8.59,9.51,9.12,9.54,9.55,9.53,9.79,8.29,8.09,8.36,8.92,4.81,6.14,9.69,9.79,9.73,9.72,9.65,9.82,7.67,8.3,8.51,8.51,8.57,5.82,8.56,8.48,8.47,8.69,8.81,5.26
DDB2,9.85,9.84,9.98,9.92,9.73,9.73,9.94,9.99,9.86,10.01,9.72,10.17,10.09,9.39,11.28,11.3,11.2,10.19,10.23,10.15,11.02,11.02,10.87,11.16,11.21,11.21,9.85,9.9,9.78,10.19,7.17,8.64,11.34,11.37,11.28,11.3,11.26,11.42,9.12,9.9,9.8,9.95,9.94,7.91,9.93,9.99,10.09,10.25,10.17,8.44
DDC,4.1,3.96,4.22,4.13,3.93,4.72,3.71,3.81,4.04,4.09,4.57,4.23,3.97,6.2,4.24,4.07,4.06,4.31,4.37,4.4,4.07,4.2,4.06,4.05,4.33,4.11,4.11,4.4,3.92,3.82,3.95,5,3.76,4.41,4.48,4.26,3.93,4.12,3.94,4.01,4.08,4.26,3.58,4.19,3.93,4.11,4.19,4.08,4.39,4.67
DDC,4.51,4.33,4.64,4.7,5.05,4.6,4.79,4.64,4.7,4.37,4.68,4.46,4.78,4.94,4.69,4.59,4.6,4.69,4.77,4.78,4.8,4.69,4.71,4.75,4.87,4.84,4.6,4.82,4.58,5.01,6.04,6.51,4.44,4.63,4.76,4.57,4.78,4.53,4.61,4.74,4.77,4.83,5.34,5.36,4.69,5.31,4.97,4.98,4.85,6.01
DDC,3.89,3.93,3.74,3.72,3.67,3.98,4.82,3.57,3.83,3.79,3.89,3.78,3.88,3.76,3.59,3.74,3.66,3.7,4.04,3.68,3.81,3.82,3.78,3.87,3.79,3.93,3.71,3.74,4.18,4.31,5.08,4.24,3.79,3.72,3.74,3.51,3.62,3.73,3.6,3.63,3.72,4.25,3.76,3.79,3.86,3.83,4.04,3.95,3.81,3.97
DDHD1,6.84,7.05,6.78,7.09,6.83,6.93,6.69,6.8,6.94,7.05,7,6.95,6.91,7.44,6.79,6.39,6.77,6.73,6.7,6.9,6.44,6.62,6.94,6.62,6.57,6.84,6.87,6.79,6.8,6.48,6.5,6.56,6.67,6.74,6.85,6.91,6.53,6.55,6.36,7.03,7.21,6.49,6.74,6.65,6.5,6.57,6.67,6.86,6.93,6.32
DDHD1,7.56,7.85,7.45,7.55,7.75,7.42,7.1,7.41,7.61,7.45,7.89,7.58,7.51,7.54,7.33,7.07,7.37,7.38,7.51,7.58,7.46,7.36,7.76,7.34,7.28,7.45,7.61,7.46,7.63,7.44,7.24,6.9,7.23,7.4,7.42,7.17,7.3,7.24,6.85,7.4,7.3,7.37,7.38,7.7,7.31,7.23,7.48,7.41,7.55,6.99
DDHD1,7.15,7.5,6.91,7.08,6.85,7.04,6.51,6.51,7.08,7.15,7.36,7.32,7.18,8.42,6.9,7,6.87,6.71,6.82,6.89,7.03,6.92,7.39,6.73,6.74,6.58,7.12,7.06,7.16,6.28,7.17,8.11,7.11,6.98,6.87,6.82,7.25,6.71,6.77,7.1,7.06,6.9,6.79,7.66,6.96,6.85,6.73,7.21,7.02,6.66
DDHD1,4.73,4.51,4.57,4.67,4.11,4.35,4.44,4.51,4.9,4.52,4.22,4.37,4.22,5.37,4.83,4.82,4.46,4.53,4.66,5.29,4.44,4.69,4.24,4.87,5.11,4.62,5.12,4.84,3.97,4.29,6.43,4.89,4.62,4.37,4.49,4.77,4.24,4.71,5.76,4.3,4.4,4.24,4.21,5,4.57,4.1,4.48,4.39,4.33,4.9
DDHD2,5.99,5.99,6.21,6.19,6.07,5.37,6.42,6.1,6.28,5.99,5.72,5.84,6.11,5.25,6.13,6.03,5.89,6.06,5.89,5.98,5.81,6.04,5.83,5.94,5.53,6.08,5.7,6.06,5.88,7.36,5.35,5.26,5.71,6.01,5.64,5.92,5.83,5.9,6.55,6.09,6.38,6.45,5.95,5.86,5.9,5.6,5.82,6.2,6,4.89
DDHD2,8.16,8.08,8.2,8.31,8.23,8.27,7.61,8.26,8.19,8.24,8.15,8.33,8.17,6.51,8.03,7.9,7.94,8.16,8.25,8.22,8.14,7.96,8.06,8.09,8,8.08,8.31,8.14,7.86,7.5,5.06,5.27,7.97,7.75,7.84,7.93,8.12,7.9,8.05,8.37,8.18,8.02,8.07,7.05,8,7.77,7.98,8.1,8.08,7.13
DDHD2,6.31,5.91,6.29,6.39,6.32,6.31,6.37,6.63,6.36,6.29,5.57,6.11,5.96,5.76,6,6.28,6.21,6.25,6.11,6.48,6.04,5.69,5.73,6.2,6.26,6.16,6.37,6.02,5.65,4.35,6.99,4.99,5.67,6.07,6.03,6.2,5.93,6.2,6.75,6.42,6.03,6.45,5.79,5.64,6.19,5.75,6.18,6.37,6.1,4.99
DDHD2,7.84,8.15,7.88,8,7.99,7.88,7.83,7.88,7.82,8.04,8.23,8.01,7.85,5.84,7.94,7.9,7.85,7.74,7.66,7.99,7.84,7.84,7.84,7.83,7.82,7.9,7.92,7.68,7.92,8.75,5.85,5.84,7.61,7.56,7.59,7.91,7.66,7.87,7.99,7.95,8.04,8.25,8.09,7.33,7.73,7.88,7.76,8.02,7.96,6.94
DDI1,3.92,4.44,4.16,4.26,4.37,4.2,4.05,4,4,4.04,4.47,4.44,4.39,5.99,4.04,4.06,4.14,4.21,4.22,4.17,4.26,4.19,4.44,4.13,4.29,3.88,3.97,4.43,4.28,3.89,5.98,5.39,4.38,4.23,4.26,4.19,4.53,4.3,4.27,3.94,4.31,4.34,4.51,4.88,4.03,4.16,3.91,4.19,4.26,5.87
DDI1,4.57,4.78,4.58,4.85,4.66,4.6,5.04,4.56,4.61,4.83,4.83,4.83,4.9,5.05,4.76,4.93,4.62,4.71,4.68,4.41,4.48,4.92,4.83,4.58,4.71,4.59,4.95,4.87,4.77,6.02,4.57,5.94,4.49,4.87,4.65,4.7,4.61,4.56,6.06,4.82,4.87,4.8,4.79,4.84,4.87,4.75,4.51,4.88,4.76,4.77
DDI2,4.67,4.27,4.59,4.49,4.28,4.21,4.48,4.37,4.52,4.49,4.55,4.5,4.49,4.3,4.76,5,4.77,4.57,4.54,4.51,4.71,4.53,4.46,4.59,4.74,4.88,4.26,4.15,4.54,5.05,6.05,6.53,5.09,4.39,4.91,4.92,4.48,4.56,4.61,4.93,4.38,4.82,4.22,4.27,5.4,4.08,4.72,4.33,4.1,4.22
DDI2,3.57,3.61,3.53,3.43,3.67,4.11,3.64,3.82,3.51,3.65,3.47,3.43,3.61,4.42,3.47,3.5,3.4,3.56,3.51,3.55,3.7,3.54,3.55,3.82,3.58,3.42,3.54,3.44,3.62,5,4.36,4.27,3.48,3.43,3.66,3.6,3.54,3.43,3.89,3.46,3.75,3.59,3.64,4.03,3.68,3.29,3.59,3.4,3.49,4.01
DDI2,4.5,4.83,4.18,4.89,4.62,4.64,4.56,4.92,4.73,4.72,4.36,4.61,4.49,5.42,4.64,4.77,5.06,4.63,4.68,4.56,5.03,4.88,4.62,4.2,4.72,4.56,4.73,4.67,4.48,5.58,4.85,5.68,4.52,4.71,4.48,4.8,4.58,4.27,4.51,4.79,5.2,4.69,4.81,5.6,4.99,4.28,4.28,4.34,4.65,4.55
DDI2 /// RSC1A1,4.64,4.27,4.47,4.34,4.29,3.95,3.89,4.19,4.44,4.45,4.26,4.34,4.18,4.69,4.85,4.54,4.45,4.25,4.05,4.59,4.56,4.41,4.28,4.53,4.72,4.54,4.28,4.86,3.99,4.5,3.29,4.25,4.5,4.88,4.87,4.54,4.39,4.59,4.02,4.73,4.25,4.33,4.24,4.43,4.72,4.06,4.58,4.36,4.38,4.41
DDI2 /// RSC1A1,5.72,5.41,5.42,5.67,5.64,5.57,5.01,5.88,5.59,5.47,5.39,5.52,5.4,5.51,5.49,5.88,5.81,5.53,5.59,5.28,5.47,5.57,5.17,5.82,5.49,5.56,5.18,5.82,5.38,5.6,4.54,5.16,6.08,6.01,5.99,5.81,5.59,5.54,5.8,5.77,5.43,5.35,4.95,5.26,5.37,5.44,5.67,5.72,5.48,5.67
DDIT3,5.72,5.7,5.48,5.58,5.34,5.42,5.23,5.68,5.65,5.43,5.37,5.89,5.64,3.74,6.63,5.97,6.43,5.7,5.37,5.73,5.96,6.14,5.91,6.37,6.5,6.47,5.53,5.7,5.53,5.39,5.02,5.12,6.56,6.92,6.85,6.49,5.94,6.71,5.49,5.61,5.58,5.25,4.6,5.24,5.16,5.23,5.32,6.08,6.05,5.12
DDIT3 /// NR1H3,6.62,6.49,6.54,6.3,6.18,6.35,6.34,6.97,6.45,6.74,6.48,6.57,6.68,5.95,7.37,7.5,7.33,6.39,6.51,6.65,6.78,6.81,6.93,7.38,7.37,7.54,6.52,6.3,6.48,6.44,6.26,4.76,7.54,7.58,7.77,7.37,7.22,7.24,6.09,6.85,6.66,5.99,6.05,5.48,6.52,6.23,6.24,6.86,6.74,6.35
DDIT4,10.39,10.02,10.53,10.53,10.08,10.15,10.44,10.23,10.53,10.54,10.14,10.44,10.4,8.86,11.39,11.33,11.28,10.1,10.22,10.11,10.96,10.86,10.65,11.01,11.04,11.03,10.38,10.4,9.93,9.4,9.53,9.17,11.45,11.45,11.45,11.53,11.36,11.57,9.5,10.14,10,9.68,9.41,8.61,9.76,9.6,9.84,10.35,10.27,8.88
DDIT4L,11.72,11.66,11.9,11.94,11.7,11.69,11.82,11.86,11.89,11.92,11.63,11.73,11.66,10.55,10.95,10.92,10.65,11.82,11.83,11.77,11.35,11.45,11.24,11.19,11.13,11.07,11.84,11.8,11.57,12.33,10.39,11.24,11.31,11.31,11.47,10.99,11.09,11.01,11.43,11.68,11.6,12.45,12.42,11.7,11.36,11.45,11.33,11.81,11.74,10.17
DDN,4.96,5.19,4.56,4.9,5.22,5.1,4.99,4.49,4.93,4.97,4.98,4.93,4.6,7.09,4.55,4.85,4.84,4.79,4.58,4.48,4.8,4.99,4.72,4.89,4.63,5.13,4.77,4.97,4.96,4.23,5.17,5.88,4.63,4.84,4.96,4.68,4.9,4.96,5.26,4.9,4.65,5.35,4.89,6.11,5.01,4.96,4.89,5.18,4.83,6.4
DDN,4.67,4.47,4.83,5.01,5.61,5.34,5.44,4.7,4.8,5.18,4.98,4.66,4.49,5.41,4.88,4.99,4.96,5.02,4.86,4.71,4.8,4.89,4.71,4.96,4.97,5.11,4.7,5.11,4.42,5.22,4.44,4.42,4.4,4.53,4.99,4.64,4.31,5.06,4.3,4.99,5.29,5.15,5.35,6,4.39,5.49,5.32,4.88,5.15,6.93
DDO,3.61,3.56,3.53,3.41,3.87,3.36,4.42,3.55,3.36,3.4,3.42,3.51,3.56,5.25,3.38,3.58,3.38,3.41,3.43,3.37,3.63,3.43,3.44,3.38,3.47,3.44,3.46,3.38,3.35,5.29,5.48,4.93,3.76,3.47,3.49,3.68,3.49,3.5,4.26,3.26,3.64,3.58,3.45,4.91,3.74,3.66,3.5,3.35,3.46,4.04
DDOST,11.77,11.6,11.93,11.83,11.8,11.95,11.79,11.86,11.77,11.8,11.79,11.73,11.83,10.64,11.55,11.5,11.55,11.68,11.75,11.62,11.63,11.63,11.53,11.6,11.6,11.65,11.87,11.78,11.79,11.66,10.7,10.97,11.52,11.45,11.48,11.57,11.68,11.72,11.48,11.8,11.76,11.67,11.69,10.8,11.75,11.78,11.81,11.79,11.86,10.34
DDOST,11.59,11.37,11.63,11.59,11.43,11.45,11.38,11.63,11.62,11.61,11.37,11.53,11.5,9.47,11.39,11.35,11.43,11.5,11.56,11.6,11.43,11.42,11.25,11.33,11.29,11.42,11.56,11.66,11.47,10.97,9.49,9.96,11.36,11.4,11.31,11.39,11.25,11.41,10.99,11.48,11.43,11.37,11.24,9.56,11.44,11.33,11.52,11.53,11.53,9.47
DDOST,11.7,11.58,11.77,11.75,11.75,11.74,11.85,11.78,11.76,11.77,11.46,11.61,11.59,9.48,11.4,11.5,11.44,11.65,11.73,11.58,11.51,11.49,11.44,11.54,11.37,11.42,11.79,11.71,11.6,11.4,9.81,10.09,11.39,11.37,11.41,11.51,11.46,11.52,11.32,11.68,11.65,11.56,11.5,9.81,11.58,11.72,11.67,11.7,11.64,9.74
DDR1,4.23,3.99,4.22,4.01,4.36,3.96,3.75,4.02,4.06,3.93,4,4.13,3.9,4.68,5.57,6.05,5.5,3.97,4.07,4.3,4.24,4.38,4.49,5.58,5.39,5.72,4.1,4,4.59,4.03,5.05,4.32,5.01,5.21,5.8,5.19,5.17,5.32,3.92,3.98,3.81,4.32,3.97,4.24,3.96,3.86,3.91,4.02,3.98,4.26
DDR1,6.38,6.42,6.36,6.48,7.03,6.63,7.17,6.81,6.42,6.25,6.67,6.48,6.34,6.31,6.99,6.97,6.97,6.51,6.46,6.35,6.7,6.76,6.51,6.79,6.71,6.99,6.45,6.28,6.62,7.01,8.12,7.48,6.65,6.68,6.82,6.77,6.56,6.46,7.03,6.48,6.46,6.6,6.94,7.48,6.39,6.88,6.55,6.66,6.55,8.25
DDR1,4.31,4.02,4.44,4.37,4.31,3.96,4.03,3.81,4.12,4.2,4.33,4.68,4.15,4.8,4.06,4.12,4.12,4.12,4.12,4.29,4.21,4.36,4.12,4.07,4.17,3.73,4.59,4.24,4.46,5.31,5.18,4.73,4.58,3.96,4.43,4.09,3.94,4.25,3.99,4.72,4.13,4.12,4.12,4.34,4.65,4.97,4.28,3.86,4.27,4.3
DDR1,5.19,5.36,4.89,5.04,5.5,4.67,4.97,5.45,5.16,5.25,5.2,5.36,5.15,5.15,5.21,5.18,5.28,5.32,5.12,4.98,5.37,5.22,5.13,5.4,5.48,5.04,5.16,5.21,5.42,4.69,4.84,4.62,5.13,5.53,5.35,4.95,4.91,5.29,4.11,5.06,5.06,5.24,5.16,4.64,5.33,4.23,4.83,5.11,5.13,6.05
DDR2,4.37,4.08,4.47,4.51,4.33,4.26,4.91,5.05,4.62,4.17,4.46,4.56,4.37,3.58,4.44,4.19,4.05,4.45,4.43,4.39,4.21,4.23,4.13,4.06,4.31,4.27,4.28,4.52,4.37,5.24,5.42,5.36,4.49,4.43,4.33,4.31,3.99,4.01,4.35,4.39,4.43,4.2,4.6,4.79,4,4.18,4.6,4.41,4.11,4.08
DDR2,4.9,4.69,5.01,4.9,4.58,4.91,5.03,4.95,4.96,4.99,5.05,5.1,5.06,6.45,4.71,4.82,5.03,5.08,5.22,4.93,4.98,4.66,4.94,4.66,5.01,4.93,5.14,4.98,4.91,5.12,7.7,5.87,4.87,4.74,4.96,4.87,5.27,4.56,4.93,4.59,5.03,5.2,5.37,5.2,4.91,5.58,4.4,5.2,5.05,5
DDR2,5.08,5.39,4.61,4.62,4.93,4.47,5.53,4.69,4.73,4.64,5.1,4.96,5.32,5.06,4.61,4.59,4.72,4.75,4.99,4.56,5.03,4.95,5.1,4.4,4.67,4.54,4.95,4.79,4.88,5.86,5.22,5.31,5.18,4.89,4.74,4.48,4.98,4.71,5.4,4.71,4.43,4.77,5.02,5.14,4.98,4.82,5.26,4.7,4.89,5.13
DDR2 /// LOC100131082,6.3,6.24,6.72,6.58,6.27,6.47,5.68,6.94,6.44,6.36,6.7,6.51,6.1,5.37,6.3,6.47,6.36,6.69,6.75,6.63,6.05,6.3,6.04,6.46,6.15,6.26,6.43,6.43,6.28,5.39,6.18,5.77,5.91,6.1,6.34,6.51,6.35,6.23,5.38,6.78,6.62,6.88,6.95,6.62,6.73,6.58,6.61,6.57,6.56,6.31
DDR2 /// LOC100131082,3.56,3.61,3.57,3.96,4.1,3.79,3.59,3.86,3.94,3.84,3.82,3.45,3.52,5.61,3.63,3.84,3.73,3.75,3.86,3.94,3.53,3.97,3.82,4.1,4.02,3.6,3.84,3.96,3.76,4.04,4.19,7.61,3.46,3.65,3.48,4.08,4.81,3.85,3.7,3.97,3.87,3.86,3.9,5.17,4.41,3.93,4.29,3.99,3.77,5.73
DDRGK1,9.82,9.66,10,9.73,10.02,9.72,9.69,9.91,9.73,9.82,9.43,9.75,9.71,8.07,9.78,9.72,9.87,9.95,9.85,9.95,9.88,9.62,9.48,9.77,9.82,9.97,9.94,9.78,9.68,8.56,8.01,7.44,10.05,10,9.96,9.88,9.81,9.95,9.13,9.83,9.85,9.71,9.82,8.1,9.85,9.58,9.8,9.62,9.64,7.41
DDRGK1,9.89,9.84,9.98,9.9,10.15,10.1,9.76,9.99,9.92,9.94,9.79,9.87,9.89,8.28,10.02,9.96,10.04,10.16,10.09,10.06,10.03,9.87,9.69,9.93,9.89,9.9,10.04,9.93,9.86,9.43,6.53,8.66,10.16,10.2,10.16,10.02,10.08,9.97,9.93,9.97,9.96,9.81,9.97,8.02,10.04,10.08,9.97,9.74,9.78,8.3
DDT,10.91,10.73,11.06,10.96,11.25,11.11,10.81,10.87,10.96,10.9,10.81,10.84,10.85,9.5,10.74,10.89,10.82,11.12,11.17,11.06,10.74,10.76,10.82,10.68,10.78,10.78,10.98,10.81,11.04,11.11,10.32,10.05,11,10.97,10.88,10.84,11.01,10.86,10.94,10.93,10.96,10.9,10.86,9.82,10.63,10.69,10.62,10.86,10.89,9.93
DDTL,5.53,5.37,5.7,5.78,5.76,5.12,5.99,5.75,5.63,5.83,5.38,5.44,5.29,5.68,5.26,5.35,5.26,5.63,5.8,6.21,5.23,5.52,5.34,5.28,5.53,5.38,5.37,5.82,5.49,4.75,5.95,7.14,5.58,5.49,5.64,5.56,5.27,5.35,5.66,5.39,5.68,5.6,5.37,6.19,5.25,5.15,5.27,5.56,5.54,6.29
DDTL,4.83,4.62,4.84,5.13,4.8,4.35,5.04,4.92,4.68,4.8,4.56,4.66,4.63,4.58,4.44,4.51,4.51,4.81,4.68,4.65,4.69,4.81,4.65,4.92,4.77,4.53,5.04,5,4.84,5.71,4.66,4.47,4.62,4.76,4.59,4.55,4.58,4.57,4.94,4.85,4.38,4.51,4.5,4.3,4.82,4.57,4.72,5.07,4.67,5.2
DDTL,6.08,5.69,5.9,6.18,5.8,5.41,5.56,5.48,6.27,6.34,5.5,5.71,5.73,5.83,5.89,5.88,5.75,6.01,5.78,5.96,5.42,5.87,5.64,5.82,5.92,5.52,5.8,6.24,5.42,6.43,5.87,5.38,6.39,6.11,6,5.57,5.5,5.99,6.38,5.96,5.96,5.49,5.37,4.71,5.67,5.68,5.53,5.77,5.47,5.05
DDTL,6.2,6.15,6.37,6.45,6.12,6.36,6.38,6.73,6.42,6.67,6.3,6.39,6.3,5.81,6.32,6.33,6.32,6.39,6.34,6.34,6.35,6.29,6.07,6.6,6.25,6.1,6.7,6.94,6.07,6.02,6.14,7.88,5.97,6.37,6.29,6.52,5.83,6.58,5.44,6.47,6,6.4,6.06,6.04,6.36,6.26,6.76,6.42,6.47,7.87
DDX1,10.35,10.35,10.34,10.49,10.46,10.32,10.06,10.28,10.48,10.33,10.29,10.35,10.4,9.24,10.38,10.37,10.47,10.47,10.43,10.44,10.21,10.23,10.32,10.36,10.4,10.35,10.38,10.31,10.28,10.32,9.48,9.83,10.44,10.38,10.43,10.47,10.34,10.46,10.38,10.44,10.48,10.06,10.16,9.11,10.42,10.46,10.33,10.39,10.41,9.55
DDX10,8.25,7.8,8.25,8.29,8.4,8.36,7.78,8.25,8.18,8.29,7.98,7.98,8,6.3,7.93,7.97,7.88,8.43,8.23,8.33,7.7,7.59,7.54,7.85,7.91,7.69,8.24,8.27,7.91,7.95,5.12,5.07,8.41,8.43,8.3,7.95,7.84,7.91,7.21,8.43,8.27,8.05,7.85,6.55,8.18,7.93,8.4,8.42,8.17,6.23
DDX11,8.86,8.94,8.95,8.89,8.93,9.26,9.35,8.9,8.86,8.94,9.15,8.49,8.58,8.28,8.68,8.83,8.86,8.94,8.76,8.66,8.04,8.08,8.35,8.45,8.33,8.23,9.07,8.75,9.15,10.06,8.06,8.98,8.94,8.91,8.9,8.84,8.87,8.65,9.29,8.61,8.71,8.8,9.1,8.92,8.52,8.79,8.7,8.67,8.85,8.32
DDX11,6.18,5.47,6.34,6.38,6.06,6.51,5.09,6.61,5.8,6.19,6.08,5.69,5.51,5.81,6.07,6.47,6.13,6.38,6.23,6.5,5.52,5.61,5.38,6.14,6.11,5.69,5.99,6.35,6.26,4.26,4.25,7.01,6,6.12,6.38,6.2,5.82,6.51,4.45,5.61,5.79,6.38,6.11,5.26,6.5,6.06,6.57,5.76,5.54,7.63
DDX11,4.45,3.65,4.3,4.01,3.83,4.1,4.24,4.06,4.1,4.24,3.72,3.77,3.78,3.89,4.15,4.18,4.12,4.05,3.76,4.33,3.6,3.82,3.8,4.15,3.83,4.48,3.92,4.1,3.91,4.08,4.64,4.94,4.07,4.03,4.03,4.12,4.06,4.14,4.48,4.24,4.02,3.96,4.52,4.92,3.8,4.18,4.97,3.65,4.13,4.22
DDX11,4.7,4.32,4.74,4.82,4.59,4.16,4.15,4.72,4.8,4.74,4.44,4.28,4.23,4.55,4.46,4.86,4.41,4.61,4.74,4.4,3.93,3.91,4.03,4.17,4.87,4.2,4.48,4.91,4.61,4.62,5.83,4.07,4.65,4.53,4.9,4.61,4.42,4.51,5.31,4.47,4.55,4.46,4.61,5.68,4.87,4.1,4.93,4.54,4.42,4.96
DDX11 /// DDX12 /// LOC642846,10.01,10,10.06,9.96,10.27,10.17,10.58,10.07,9.84,9.92,10.03,9.59,9.62,9.91,9.85,9.81,9.98,9.86,9.99,9.83,9.16,9.04,9.24,9.43,9.21,9.41,10.11,9.87,10.22,10.33,10.02,10.61,10.1,10.15,10.11,9.87,10.23,10.02,9.86,9.8,9.92,9.93,10.19,9.39,9.79,9.9,9.73,9.58,9.86,9.27
DDX11 /// DDX12 /// LOC642846,5.78,5.79,6.04,6.2,6,5.82,5.79,6.25,5.99,6,5.58,5.79,5.81,5.65,5.88,5.66,5.79,5.86,5.69,5.89,5.82,5.85,5.73,6.11,5.75,5.81,6.08,6.1,6.13,6.27,6.9,6.36,5.84,5.86,6.12,5.94,5.64,6.18,6.07,5.85,5.63,5.8,5.97,5.76,5.92,5.95,6.29,5.96,5.45,6.02
DDX11 /// LOC642846,6.29,5.79,6.16,6.19,6.11,6.28,6.08,6.12,6.07,6.07,5.88,5.76,5.55,5.37,5.9,6.25,6.03,5.95,6.14,6.18,5.91,5.57,5,5.91,5.55,5.62,5.93,5.95,6.43,5.6,5.97,5.8,5.98,6.38,6.25,6,6.31,5.75,5.94,6.14,5.93,6.23,6.56,4.82,6.35,6.18,5.99,5.73,5.83,4.98
DDX11 /// LOC642846,7.04,6.86,7.04,6.95,6.82,7.58,5.86,6.66,6.8,6.9,6.9,6.15,6.37,5.81,6.69,7.17,7.07,6.62,6.65,6.91,5.91,6.27,6.3,6.37,6.16,6.55,7.43,6.81,7.26,5.68,6,6.37,6.91,6.8,6.84,6.84,6.65,6.28,6.55,6.84,6.78,6.94,6.98,5.26,6.73,6.99,7,6.45,6.6,5.09
DDX17,8,7.25,7.97,7.5,7.71,8.3,8.08,7.5,8.04,7.53,7.48,7.04,6.8,5.84,8.22,7.87,8.27,8.08,8.01,8.4,8.03,7.75,8.06,8.34,8.18,8.29,7.97,7.7,7.31,5.76,6.2,5.31,8.13,7.24,7.96,8.29,7.82,7.08,8.28,7.35,7.37,7.67,8.1,5.92,7.82,8.6,7.92,7.14,6.52,6.43
DDX17,6.88,6.42,6.88,6.77,6.79,6.44,7.08,7.08,6.79,6.49,6.66,6.82,6.68,5.41,6.78,6.71,6.52,6.96,6.8,7.04,7.11,6.85,6.99,7.1,6.74,7,6.54,6.89,6.56,7.37,5.55,5.5,6.8,6.71,6.34,6.74,6.95,6.7,5.95,7.3,7.11,7.74,6.92,4.59,7.28,6.93,6.73,7.11,6.99,4.84
DDX17,12.92,12.82,12.86,12.91,12.96,12.97,13.07,13.1,12.82,12.84,12.91,12.83,12.85,12.67,12.79,12.85,12.72,13.03,12.96,13.02,12.91,12.94,12.91,12.78,12.87,12.81,12.86,12.88,12.96,13.16,12.68,12.66,12.49,12.65,12.62,12.74,12.85,12.76,12.91,12.75,12.84,13.15,13.13,12.82,12.97,13.04,13.03,12.85,12.89,12.49
DDX18,9.87,9.73,9.89,10.02,9.58,9.51,9.4,9.81,9.92,9.99,9.8,9.82,9.78,8.63,9.61,9.61,9.74,9.84,9.74,9.82,9.66,9.5,9.35,9.45,9.46,9.53,9.82,9.96,9.79,9.53,7.59,8.83,9.65,9.69,9.71,9.68,9.44,9.73,9.2,9.72,9.62,9.19,9.24,7.72,9.58,9.57,9.68,9.72,9.91,8.86
DDX18,10.48,10.66,10.49,10.57,10.58,10.45,10.02,10.41,10.55,10.56,10.61,10.45,10.37,10.23,10.45,10.37,10.48,10.45,10.43,10.44,10.36,10.35,10.35,10.25,10.26,10.23,10.56,10.65,10.46,10.49,9.71,10.24,10.19,10.3,10.35,10.43,10.29,10.33,10.19,10.5,10.45,10.37,10.36,10.2,10.37,10.41,10.43,10.54,10.58,10.05
DDX19A,9.01,8.91,8.98,8.92,8.74,8.86,8.65,8.8,8.99,9.07,8.95,8.75,8.99,7.82,8.75,8.71,8.93,8.65,8.7,8.73,8.65,8.72,8.8,8.46,8.62,8.94,9.07,8.99,9.16,8.48,8.13,7.66,8.76,8.69,8.62,8.9,8.44,8.63,8.42,8.88,8.83,8.71,8.69,7.04,8.74,8.98,8.93,8.89,9.15,7.64
DDX19A,7.52,7.2,7.49,7.51,7.51,7.27,7.15,7.71,7.47,7.63,7.14,7.23,7.25,6.5,7.24,7.16,7.3,7.48,7.56,7.43,7.31,7.12,6.97,7.31,7.37,7.25,7.46,7.6,7.35,7.28,6.86,5.68,7.49,7.43,7.47,7.42,7.19,7.34,7.63,7.49,7.32,7.07,7.15,5.83,7.45,7.42,7.54,7.43,7.25,6.47
DDX19A /// DDX19B,9.85,9.71,9.92,9.88,9.54,9.56,9.61,9.7,9.81,9.89,9.57,9.86,9.83,7.55,9.82,9.89,9.83,9.94,9.96,9.89,9.87,9.74,9.64,9.82,9.82,9.87,9.76,9.8,9.56,8.93,6.64,7.77,9.91,10,9.95,9.89,9.73,10.03,9.01,9.74,9.6,9.68,9.52,7.52,9.74,9.62,9.79,9.78,9.74,8.16
DDX19B,6.1,5.99,6.43,6.11,6.16,6.42,5.47,6.23,6.09,6.1,6.6,5.95,5.91,5.81,6.23,6.25,6.1,6.36,6.29,6.45,5.93,6.22,5.96,6.38,6.48,6.16,6.28,6.17,6.18,5.3,4.2,5.83,6,6.04,6.17,6.38,6.41,6.45,4.5,6.62,6.28,6.27,6.42,5.57,6.19,6.47,6.14,5.92,6.31,4.92
DDX20,9.05,9.06,8.98,9.06,9.2,8.9,8.9,9.15,9.11,9.12,9.28,9.07,9.17,7.74,9.31,9.42,9.25,8.95,8.91,8.94,8.71,8.8,8.72,8.77,8.89,9,9,9.02,9.19,8.92,6.01,7.89,9.51,9.73,9.51,9.33,9.34,9.32,8.69,9.05,9.05,8.96,8.72,8.61,8.93,8.92,8.82,9.04,9.15,7.32
DDX20,7.51,6.9,7.14,7.18,6.3,6.89,5.87,7.44,7.17,7.34,6.83,7.25,7.24,5.67,7.78,7.57,7.68,7.52,7.32,7.25,7.04,6.82,6.63,7.37,7.27,7.27,6.95,7.41,6.39,5.13,5.19,5.57,7.95,7.86,7.86,7.5,7.39,7.52,5.06,6.84,6.86,6.79,6.78,6.68,7.04,6.28,7.07,7.22,6.88,7.1
DDX21,10.83,11.05,10.75,10.82,10.71,10.6,10.79,11.06,10.84,10.92,10.78,10.87,10.94,9.19,10.67,10.82,10.71,10.82,10.75,10.82,10.41,10.49,10.28,10.5,10.51,10.55,10.79,10.91,10.98,10.92,9.3,9.44,10.87,10.92,10.94,10.61,10.59,10.79,10.58,10.66,10.74,10.61,10.43,8.75,10.68,10.59,10.81,10.91,11.11,9.85
DDX21,11.87,11.97,11.68,11.82,11.77,11.68,11.79,11.73,11.93,11.87,11.9,11.74,11.86,11.3,11.75,11.87,11.71,11.65,11.73,11.84,11.49,11.57,11.48,11.45,11.55,11.54,11.82,11.92,12.02,11.96,10.15,11.35,11.71,11.91,11.8,11.66,11.55,11.72,11.42,11.64,11.65,11.65,11.6,10.48,11.53,11.69,11.8,11.86,12.09,10.93
DDX21,12.16,12.36,12.04,12.15,12.27,12.25,12.12,12.07,12.22,12.13,12.42,11.94,12.05,12.45,12.15,12.17,12.19,12.16,12.15,12.04,11.86,11.82,12.05,11.94,11.89,12.01,12.14,12.15,12.46,12.35,12.02,11.72,12.17,12.06,12.04,12.07,12.22,12.05,12.08,12.05,12.13,11.92,11.94,12.31,12.03,12.14,12.09,12.17,12.25,11.79
DDX23,9.19,9.19,9.25,9.33,9.59,9.47,9.25,9.48,9.21,9.03,9.22,9.01,9.03,8.25,8.84,8.83,8.93,9.26,9.18,9.19,9.15,9.02,9.11,8.84,8.92,8.86,9.25,9.12,9.33,9.57,6.63,8.32,8.98,8.82,8.91,8.97,9.07,8.88,8.83,9.31,9.19,9.23,9.43,8.19,9.22,9.13,9.08,9.23,9.32,7.1
DDX23,8.03,6.92,7.59,7.66,6.65,7.18,7.43,7.24,7.74,7.66,6.23,7.57,7.42,5.24,7.55,7.16,7.41,7.78,7.68,7.67,7.14,7.18,6.33,7.22,7.05,7.47,7.51,7.7,6.83,4.63,5.71,6.6,7.41,7.52,7.2,7.18,7.11,7.25,6.93,6.96,7.04,6.63,6.78,5.69,7.62,6.78,6.65,7.5,7.06,6.38
DDX24,7.42,7.15,7.46,7.26,7.23,6.92,7.33,7.43,7.43,7.34,6.71,7.02,7.17,3.73,6.84,6.93,7.18,7.43,7.42,7.36,7.16,7.13,7.1,6.95,7.08,7.3,7.41,7.2,7.35,7.34,3.7,5.15,7.41,7.44,7.13,7.1,7.53,7.02,7.08,7.2,7.45,7.1,7.05,4.94,7.12,7.29,7.42,7.44,7.62,3.72
DDX24,10.69,10.68,10.86,10.83,10.99,11,10.83,10.96,10.72,10.8,10.88,10.65,10.62,9.31,10.7,10.77,10.68,10.9,10.87,10.79,10.7,10.62,10.63,10.63,10.68,10.59,10.87,10.9,10.95,11.14,8.19,9.5,10.79,10.77,10.82,10.69,10.77,10.69,10.51,10.81,10.89,10.77,10.87,9.58,10.91,10.97,10.98,10.82,10.99,9.55
DDX24,9.51,9.45,9.41,9.4,9.16,9.26,9.27,9.48,9.62,9.52,9.2,9.33,9.46,7.86,9.24,9.11,9.28,9.49,9.47,9.51,9.28,9.01,9.15,9.39,9.35,9.32,9.55,9.48,9.37,9.86,7.08,8.72,9.59,9.53,9.5,9.31,9.43,9.32,9.4,9.35,9.41,9.12,8.97,6.72,9.58,9.51,9.42,9.54,9.62,6.56
DDX24,9.45,9.41,9.43,9.39,9.18,9.35,8.99,9.27,9.58,9.62,9.31,9.25,9.45,6.44,9.24,9.05,9.28,9.44,9.5,9.56,9.36,9.18,9.21,9.26,9.21,9.26,9.5,9.48,9.23,8.68,5.86,7.34,9.45,9.51,9.43,9.22,9.12,9.36,8.84,9.47,9.38,9.25,9.33,6.97,9.45,9.5,9.48,9.37,9.71,6.51
DDX24,10.1,9.96,10.16,10.05,10.23,10.17,10.05,10.15,10.04,10.13,10.04,9.85,9.97,8.44,9.8,9.94,9.98,10.16,10.18,10.1,9.93,9.95,9.87,9.94,9.85,9.9,10.15,10.08,10.21,10.29,7.99,9.63,10.22,10.21,10.08,9.77,10.07,9.97,9.98,10.09,10.18,10.05,9.98,8.27,10.24,10.19,10.29,10.02,10.22,8.32
DDX25,3.59,3.6,3.58,3.62,3.59,3.7,3.61,3.84,3.62,3.74,3.73,3.68,3.66,4.8,3.59,3.5,3.41,3.7,3.91,3.76,3.78,3.86,3.58,3.54,3.46,3.85,3.48,3.65,3.71,3.84,4.55,3.84,3.64,3.82,3.79,3.47,3.57,3.6,4.01,3.87,3.77,3.75,3.75,4.52,3.86,4,3.58,3.53,3.6,4.19
DDX25,4.21,4.09,4.16,3.96,4.19,4.1,4.47,4.14,4.2,3.91,4.13,4.14,4.1,4.21,3.9,4.1,3.82,4.03,3.99,4.08,3.99,4.05,4.04,3.85,3.85,4.04,4,4.12,4.03,4.12,6.7,5.4,3.64,3.98,3.96,4.09,4,3.85,4.62,4.06,3.8,3.94,3.98,4.72,4.04,3.85,4.25,3.9,4.15,5.24
DDX25,3.41,3.19,3.44,3.37,3.84,3.64,3.81,3.63,3.52,3.41,3.54,3.35,3.5,3.4,3.52,3.69,3.63,3.56,3.72,3.49,3.35,3.49,3.52,3.62,3.35,3.75,3.7,3.45,3.85,4.6,4.6,4.46,3.31,3.53,3.63,3.65,3.54,3.61,4.5,3.55,3.68,3.55,3.43,4.53,3.55,3.43,3.83,3.47,3.79,3.84
DDX26B,6.64,6.33,6.38,6.54,5.59,6.08,6.88,5.7,6.28,6.53,6.56,6.42,6.56,5.62,6.5,6.38,6.5,5.89,5.94,6.48,6.56,6.76,6.61,6.55,6.29,6.6,6.23,6.51,6.23,5.42,5.63,6.16,6.34,6.55,6.4,6.49,6.05,6.54,5.74,6.39,6.39,5.94,6.33,5.04,6.37,5.96,6.35,6.28,6.46,5.53
DDX26B,7.72,7.64,7.51,7.69,7.59,7.52,7.16,7.69,7.66,7.82,7.85,7.66,7.49,9.28,7.42,7.39,7.53,7.13,7.25,7.31,7.87,8.18,8.36,7.61,8.05,7.84,7.69,7.68,7.43,5.45,6.83,8.26,7.41,7.69,7.35,7.48,7.58,7.57,6.39,7.57,7.63,7.74,7.44,6.75,7.8,7.66,7.77,7.73,7.72,8.35
DDX27,9.28,9.12,9.4,9.16,9.22,9.5,9.3,9.25,9.13,9.14,8.98,8.97,9.21,5.99,9.27,9.3,9.3,9.49,9.48,9.48,9.22,9.11,9.06,9.31,9.21,9.24,9.32,9.1,9.22,8.49,4.76,5.75,9.42,9.24,9.1,9.27,9.46,9.22,8.75,9.17,9.29,9.21,9.05,7.45,9.28,9.23,9.11,9.27,9.32,7.36
DDX28,6.47,6.34,6.43,6.7,6.92,6.7,6.02,6.7,6.38,6.19,6.9,6.56,6.73,7.64,6.81,6.82,6.19,6.73,6.86,6.81,6.27,6.66,6.42,6.83,6.7,6.41,6.53,6.73,6.91,6.54,6.7,7.24,6.55,6.57,6.69,6.78,6.27,6.63,5.98,6.63,6.45,6.99,6.87,7.67,6.63,6.49,6.55,6.7,6.39,8.49
DDX28,6.83,6.32,6.64,6.95,6.35,6.52,6.71,6.57,6.71,7.09,6.46,6.87,6.47,6.43,6.83,6.86,6.92,6.93,6.52,6.53,6.69,6.63,6.46,6.54,6.7,6.6,6.68,6.94,6.57,5.43,4.97,5.27,6.78,6.85,6.75,6.86,6.36,6.77,5.26,6.44,6.66,6.44,6.07,4.97,6.51,5.88,6.59,7.08,6.48,5.51
DDX28,8,7.68,8.06,7.91,8.18,8,7.12,7.95,7.95,7.87,7.86,7.79,7.62,6.53,7.93,7.99,7.89,8.06,8.08,7.94,7.45,7.62,7.8,7.85,7.88,7.7,7.97,7.99,8.18,7.41,4.65,6.25,8,8.21,8.15,8.15,7.86,8.07,5.76,8.09,7.77,8.12,7.98,7.01,7.8,7.82,8.03,8,8.04,5.4
DDX31,8.04,7.89,8.08,7.93,7.99,8.02,8.21,8.37,7.97,8.07,7.97,7.9,7.79,6.81,8.36,8.2,8.21,8.11,8.04,8.21,7.77,8.1,8.02,8.19,8.23,8.21,8.14,8.05,8.06,8,7.38,6.6,8.2,8.35,8.41,8.33,8.1,8.34,7.49,8.35,8.14,7.98,7.88,6.92,8.15,7.64,8.22,8.14,8.22,6.56
DDX31,7.68,7.93,7.89,7.86,8.01,7.75,7.24,7.97,7.68,7.94,7.93,7.76,7.42,6.93,8.01,7.95,8.1,7.93,7.85,7.95,7.6,7.69,7.83,7.83,7.99,7.79,7.99,7.9,8.03,7.15,5.95,7.54,8.16,8.16,8.22,8.25,8.05,8.04,7.61,7.89,7.89,7.54,7.68,6.65,7.91,7.57,7.88,7.78,7.94,7.13
DDX31,5.84,4.79,5.71,5.34,4.8,5.03,5.44,5.35,5.54,5.47,5.03,5.64,4.96,4.24,5.75,5.67,5.73,5.4,5.53,6.11,4.84,5.49,5.19,5.65,5.73,5.62,5.48,5.87,4.97,6.11,7.07,4.47,5.75,5.91,6.02,5.64,4.99,5.72,6.17,5.27,4.89,5.14,4.62,4.8,5.06,5.08,5.17,5.47,5.55,4.79
DDX31,4.4,4.1,3.92,4.07,4.28,4.14,3.98,4.44,4.08,4.25,4.48,4.25,4.15,4.68,4.28,4.32,4.13,4.15,4.14,3.98,4.28,4.29,4.02,4.13,4.32,3.95,4.52,4.52,4.17,4.59,4.5,5.41,4.08,4.47,4.21,4.04,4.11,4.02,3.87,4,3.79,4.32,4.52,6.11,4.06,4.08,3.74,4.34,4.1,5.76
DDX31,5.93,5.57,6.19,5.95,5.85,5.08,4.63,6.15,6.09,5.83,5.57,5.73,5.74,4.98,6.43,6.3,6.16,5.92,6.29,6.27,6.15,5.83,5.73,6.27,6.25,6.34,5.92,6.31,5.92,6.26,6.1,5.39,6.51,6.43,6.6,6.36,6.25,6.62,6.23,6.44,5.8,5.69,5.81,5.53,6,5.87,6.16,6.16,6.18,5.86
DDX31,7.63,7.15,7.51,7.71,7.3,7.64,7.84,7.77,7.58,7.7,7.4,7.27,7.26,5.83,7.95,7.58,7.81,7.8,7.64,7.64,7.46,7.31,7.21,7.82,7.66,7.59,7.51,7.5,7.44,7.29,5.44,5.34,7.78,7.94,7.95,7.71,7.63,7.82,7.41,7.7,7.56,7.4,7.33,5.96,7.89,7.35,7.54,7.55,7.87,6.66
DDX31,4.54,5.47,4.35,4.54,4.8,4.6,5.79,4.52,4.43,4.56,4.4,4.85,5.31,5.61,4.91,4.49,4.43,4.56,4.59,4.58,4.39,4.81,5.01,4.23,4.43,4.47,4.47,4.56,4.48,4.89,5.36,6.61,4.45,4.69,4.22,4.2,4.61,4.44,4.57,4.31,4.37,4.6,4.88,4.96,4.62,4.44,4.87,4.37,4.3,5.16
DDX39,10.75,10.84,10.75,10.82,10.6,10.79,10.34,10.6,10.78,10.75,10.69,10.5,10.77,8.44,10.62,10.55,10.59,10.59,10.71,10.64,10.29,10.03,10.28,10.22,10.16,10.2,10.78,10.75,10.91,10.47,5.58,7.73,10.77,10.78,10.75,10.65,10.65,10.62,10.56,10.64,10.76,10.37,10.29,7.06,10.47,10.33,10.41,10.76,10.87,8.14
DDX39,10,9.59,9.84,9.97,9.28,9.54,9.32,9.76,9.94,9.85,9.12,9.67,9.73,7.14,9.51,9.55,9.58,9.8,9.83,9.91,9.13,8.98,8.62,9.21,9.31,9.39,9.73,9.93,9.5,7.38,5.59,5.82,9.94,9.88,9.8,9.67,9.44,9.7,8.99,9.73,9.63,9.11,8.96,6.28,9.45,9.08,9.36,9.81,9.65,6.72
DDX3X,10.95,11.02,10.79,10.89,10.72,10.78,10.5,10.85,10.94,10.9,10.99,10.86,10.88,10.43,10.91,10.94,10.8,10.81,10.81,10.83,10.76,10.86,10.89,10.69,10.77,10.74,10.82,10.87,11.02,10.82,9.76,10.93,10.82,10.92,10.85,10.69,10.74,10.8,10.64,10.75,10.75,10.69,10.7,10.34,10.55,10.61,10.76,10.82,11.03,10.33
DDX3X,8.31,7.69,8.18,8.21,7.94,7.73,8.36,8.17,7.95,8.01,7.56,7.99,7.75,6.65,7.78,7.86,7.89,8.03,7.92,8,7.88,7.62,7.46,7.91,7.7,8.07,7.97,7.97,7.68,6.78,7.16,7.11,8.19,8.05,8.09,7.57,6.8,7.94,6.91,8.05,7.78,6.81,6.7,5.91,7.81,7.67,7.69,7.95,7.8,6.59
DDX3X,9.62,9.2,9.4,9.37,9.29,9.47,8.86,9.41,9.45,9.51,9.41,9.47,9.38,8.33,9.41,9.23,9.4,9.45,9.39,9.54,9.27,9.27,9.08,9.21,9.47,9.38,9.48,9.55,9.35,8,9.67,8.69,9.45,9.53,9.51,9.3,8.94,9.23,9.09,9.63,9.4,8.66,8.61,8.21,9.39,8.92,9.31,9.55,9.38,9.07
DDX3X,7.08,6.12,6.69,6.69,5.76,5.56,6.24,6.6,6.72,6.58,5.66,6.49,6.48,5.29,6.51,6.45,6.7,6.89,6.72,6.59,6.48,6.44,5.79,6.56,6.24,6.51,6.47,6.52,5.88,5.29,8.09,5.26,6.36,6.8,6.3,6.37,6.24,6.81,6.33,6.51,6.1,5.24,5.72,5.08,6.18,5.94,6.04,6.5,6.64,6.15
DDX3X,7.79,6.81,7.14,7.43,5.56,6.2,6.17,7.05,7.79,7.54,5.77,7.5,7.36,4.76,7.49,7.6,7.53,7.33,7.51,7.95,6.88,6.89,6.35,7.47,7.57,7.43,7.27,7.57,5.6,4.45,5.48,4.43,7.49,7.3,7.3,7.38,6.65,7.4,5.26,7.02,6.55,4.83,4.55,3.89,6.24,6.02,7.09,7.44,6.94,4.9
DDX3X,7.65,6.6,7.14,7.33,6.69,6.79,6.54,6.42,7.63,7.33,6.17,7.45,7.31,7.01,7.47,7.09,7.43,6.77,7.43,7.5,6.99,6.9,6.27,7.29,7.15,7.22,7.05,7.58,5.97,4.97,4.5,6.07,7.33,7,7.11,7.12,6.62,7.21,5.95,6.75,6.49,5.61,6.31,6.13,7.16,6.22,6.86,7.18,6.8,6.66
DDX3X,9.26,8.76,9.08,9.04,8.85,8.77,9.04,9.14,9.21,8.99,8.82,9.18,9,8.24,9.19,8.95,8.95,9.08,9.09,9.08,9.09,8.9,8.52,9.16,8.88,8.91,9.14,9.07,8.82,8.45,8.51,7.83,9.25,9.05,9.11,8.7,8.67,9.03,7.95,9.26,9.13,8.35,8.41,7.51,8.7,8.78,8.88,8.9,9.09,8.99
DDX3X,10.62,10.87,10.42,10.56,10.5,10.63,10.25,10.3,10.8,10.54,10.9,10.59,10.84,10.2,10.47,10.52,10.53,10.51,10.53,10.35,10.54,10.4,10.87,10.26,10.25,10.39,10.5,10.44,10.79,10.73,7.35,9.62,10.51,10.48,10.41,10.39,10.51,10.38,10.37,10.43,10.58,10.29,10.57,10.14,10.32,10.6,10.38,10.55,10.83,9.56
DDX3Y,10.4,10.49,10.18,10.32,10.12,10.23,10.12,10.12,10.42,10.33,10.47,10.23,10.39,9.58,10.09,10.2,10.27,10.09,10.21,10.37,10.22,10.16,10.34,10.05,10.05,10.16,10.26,10.27,10.37,10.12,7.76,10.01,10.37,10.49,10.32,10.19,10.2,10.12,9.76,10.19,10.3,10.06,10.05,8.99,9.8,9.76,9.88,10.33,10.55,8.62
DDX3Y,7.01,6.75,6.66,6.74,6.43,6.64,5.54,6.13,7.43,6.79,6.74,6.64,7.01,4.86,6.48,6.14,6.91,6.64,6.6,6.49,6.1,6.08,6.76,6.22,6.24,6.26,6.75,7.01,6.91,4.97,5.88,4.62,6.7,6.12,6.55,6.39,5.8,6.27,4.61,6.25,6.87,5.49,5.67,5.51,6.36,5.74,5.91,7.08,6.95,4.57
DDX3Y,9.04,8.56,8.72,8.7,8.4,8.61,8.79,8.78,8.9,8.74,8.53,8.44,8.31,8.47,8.56,8.71,8.72,9.07,8.72,9.15,8.49,8.33,8.33,8.49,8.35,8.54,8.7,8.73,8.79,7.11,8.47,7.3,8.85,8.6,8.88,8.49,8.41,8.5,8.95,8.75,8.83,7.95,7.93,7.18,8.56,8.38,8.39,8.68,8.52,7.4
DDX3Y,8.93,8.34,8.68,8.43,8.3,8.48,8.77,8.8,8.8,8.78,8.54,8.16,8.09,6.61,8.77,8.79,8.9,9.12,8.86,9.08,8.46,8.54,8.09,8.8,8.47,8.42,8.72,8.8,8.73,7.51,6.32,6.48,9.11,8.69,9.04,8.66,8.43,8.62,8.81,8.53,8.72,8.34,8.31,6.3,8.53,8.27,8.39,8.63,8.46,6.25
DDX3Y,5.93,4.85,5.48,5.69,4.33,4.48,5.34,5.78,5.88,5.84,4.57,5.24,5.13,4.94,5.84,5.36,5.92,6.22,6.02,6.45,5.36,4.94,4.52,5.68,5.28,5.39,5.64,5.5,4.83,4.61,4.12,4.12,6.3,5.43,5.71,5.49,4.92,5.68,4.61,5.32,5.08,4.22,4.71,4.88,5.22,4.26,5.12,5.29,4.96,4.61
DDX3Y,9.02,8.31,8.75,8.59,8.8,8.7,9.23,8.5,8.74,8.76,8.38,8.47,8.35,6.41,8.76,8.68,8.69,9.09,8.8,9.19,8.39,8.28,8.09,8.65,8.49,8.49,8.7,8.61,8.59,7.44,8.3,6.15,8.88,8.69,8.94,8.64,8.7,8.55,8.88,8.7,8.7,8.3,8.12,7.88,8.78,8.7,8.42,8.56,8.52,7.18
DDX3Y,9.02,8.18,8.64,8.61,8.45,8.57,9.24,8.61,8.87,8.84,8.3,8.23,8.19,8.12,8.67,8.71,8.83,8.89,8.75,9.17,8.24,8.27,8.25,8.66,8.25,8.54,8.63,8.72,8.48,6.22,5.72,7.22,8.97,8.55,8.78,8.48,8.65,8.62,9.54,8.67,8.73,8.22,8.15,5.61,8.62,8.64,8.27,8.48,8.42,7.64
DDX3Y,7.77,6.77,7.47,7.22,6.78,6.63,6.92,7.02,7.35,7.52,6.57,7.11,6.75,6.82,7.59,7.12,7.53,7.63,7.52,7.74,7.01,6.95,6.47,7.31,7.31,7.37,7.27,7.35,6.59,6.42,7.01,6.08,7.76,7.28,7.81,7.3,6.57,7.33,6.16,6.98,6.89,6.25,6.5,7.33,7.04,6.28,6.87,6.95,6.67,7.01
DDX4,4.61,5.32,4.17,4.57,4.35,4.66,4.05,4.59,4.68,4.7,4.65,4.66,4.87,4.85,4.56,4.56,4.69,4.72,4.39,4.28,4.66,4.57,4.8,4.42,4.34,4.36,4.41,4.75,4.59,3.89,5,4.47,4.17,4.82,5,4.23,4.05,4.17,4.8,4.13,4.37,4.54,4.52,5.33,4.2,4.18,5.16,4.71,4.56,5
DDX41,9.71,9.7,9.67,9.68,9.44,9.64,9.49,9.69,9.71,9.58,9.42,9.54,9.59,6.87,9.37,9.49,9.47,9.8,9.75,9.54,9.59,9.52,9.52,9.54,9.46,9.48,9.71,9.66,9.66,8.8,6.52,6.81,9.41,9.34,9.28,9.47,9.42,9.43,9.65,9.65,9.66,9.48,9.49,6.72,9.53,9.56,9.51,9.67,9.67,6.65
DDX42,7.02,6.4,6.67,6.68,6.03,6.68,6.16,7.04,6.69,7.04,5.68,6.23,6.69,6.08,6.59,6.54,6.55,6.5,6.76,6.78,6.65,6.24,5.9,6.6,6.29,6.73,6.72,6.5,6.12,4.56,6.14,7.59,6.72,6.68,6.62,6.49,6.61,6.38,6.21,6.55,6.4,6.28,6.77,5.75,6.08,6.33,6.62,6.52,6.73,5.02
DDX42,9.93,9.81,9.83,9.85,9.5,9.45,9.57,9.94,10.02,10.02,9.68,9.91,10.03,7.25,9.7,9.66,9.62,9.76,9.78,9.71,9.74,9.76,9.54,9.74,9.71,9.83,9.92,9.96,9.73,7.91,6.91,6.94,9.68,9.77,9.66,9.72,9.63,9.82,9.1,9.64,9.84,9.77,9.68,5.95,9.6,9.62,9.74,9.77,10.05,6.44
DDX42,9.74,9.75,9.75,9.76,9.78,9.74,9.25,9.76,9.77,9.76,9.76,9.89,9.77,8.03,9.6,9.48,9.64,9.67,9.74,9.67,9.54,9.59,9.64,9.51,9.55,9.46,9.71,9.77,9.81,9.23,7.7,8.8,9.57,9.72,9.69,9.59,9.64,9.57,9.45,9.68,9.68,9.95,9.85,8.13,9.44,9.68,9.7,9.76,9.94,8.4
DDX43,3.72,3.92,3.76,3.64,4.12,3.76,4.34,3.57,3.76,3.92,3.88,3.97,3.73,4.55,3.68,3.83,3.87,3.78,3.75,4.16,3.92,3.87,3.84,3.72,4,3.56,3.68,3.92,3.71,4.09,5.46,5.19,3.97,4.05,3.99,3.76,4.11,3.75,4.37,3.5,4.03,3.61,3.94,6.79,3.71,4.01,3.48,4.12,3.45,6.03
DDX43,4.09,4.51,4.09,4,4.34,4.13,4.34,4.16,4.09,4.12,4.04,3.99,3.94,4.62,4.13,4.26,4.26,4.21,4.19,4.25,4.11,4.37,4.27,4.25,3.94,4.26,4.36,4.32,4.31,4.05,7.21,4.79,4.09,4.47,4.6,3.57,4.08,4.03,5.88,4.11,3.94,4.27,4.11,4.37,4.21,4.09,4.1,4.05,4.07,4.86
DDX46,9.8,9.91,9.71,9.83,9.65,9.69,9.83,9.84,9.93,9.85,9.84,9.68,9.62,9.14,9.61,9.53,9.7,9.77,9.79,9.93,9.48,9.44,9.56,9.39,9.44,9.4,9.79,9.69,9.79,10.05,8.66,8.94,9.73,9.71,9.71,9.68,9.61,9.57,9.66,9.59,9.66,9.46,9.59,8.9,9.07,9.12,8.86,9.7,9.72,9.43
DDX46,7.77,7.94,7.62,7.91,7.79,7.8,7.98,7.92,7.81,7.8,8.03,7.84,7.5,8.21,7.72,7.57,7.57,7.96,7.99,8.19,7.37,7.27,7.48,7.59,7.55,7.57,7.75,7.75,7.71,6.79,7.51,8.79,7.36,7.42,7.4,7.72,7.71,7.86,7.12,7.65,7.34,7.57,7.56,7.68,7.61,7.53,7.67,7.77,7.61,8.82
DDX47,10.87,10.75,10.87,10.92,10.95,10.89,10.69,10.8,10.94,10.95,10.97,10.85,10.88,9.35,10.81,10.69,10.79,10.96,10.97,10.88,10.69,10.75,10.81,10.74,10.67,10.71,10.92,10.95,10.96,10.7,8.91,9.98,10.56,10.65,10.74,10.72,10.8,10.74,10.59,10.74,10.89,10.71,10.69,9.5,10.82,10.87,10.87,10.88,10.87,9.77
DDX47,4.1,3.89,3.84,3.67,3.91,3.98,4.62,3.65,4.03,3.9,4.07,4.04,3.97,4.14,3.92,4,3.65,3.7,3.46,3.72,3.98,4.06,3.96,4.01,3.72,3.49,3.87,4.06,3.56,4.9,5.11,5.42,3.69,3.67,3.98,3.86,3.54,3.56,4.8,3.74,3.49,3.64,3.81,4.68,3.72,3.61,3.82,3.51,4.06,4.65
DDX49,9.72,9.69,9.94,9.82,10.13,9.97,10.11,9.95,9.77,9.77,9.94,9.66,9.54,9.15,9.99,9.92,10.06,9.94,9.97,9.76,9.75,9.66,9.76,9.82,9.88,10.05,9.88,9.69,10.04,10.14,9.4,8.82,9.86,9.84,9.85,10.05,10.15,10.01,9.78,10.04,9.92,9.75,9.82,8.81,9.9,9.81,9.84,9.81,9.86,8.38
DDX5,8.24,8.17,8.23,8.15,8.42,7.88,8.2,8.49,8.21,8.28,8.42,8.4,8.26,8.08,8.55,8.2,8.27,8.61,8.7,8.82,8.23,8.3,8.33,8.34,8.31,8.47,8.11,8.07,7.98,8.04,8.78,8.46,7.71,8.18,7.91,8.35,8.18,8.27,7.93,8.36,8.25,8.58,8.55,8.43,8.63,8.21,8.62,8.37,8.62,7.55
DDX5,12,11.87,11.81,11.95,11.49,11.6,11.68,11.71,12,11.97,11.83,11.91,12.09,10.75,11.7,11.85,11.89,11.75,11.8,11.74,12.04,12.02,12.01,11.76,11.8,11.9,11.82,11.85,11.88,11.54,10.31,10.76,11.75,11.75,11.46,11.53,11.66,11.82,11.33,11.7,11.7,11.88,11.82,10.41,11.73,11.77,11.77,11.87,12.02,10.72
DDX5,13.16,13.02,13.05,13.16,12.74,12.83,12.81,13.03,13.13,13.18,12.99,13.16,13.14,12.15,13.1,13.05,13.14,12.93,13,13,13.18,13.25,13.21,13.11,13.13,13.14,12.98,13.08,13.03,12.86,11.36,12.1,12.92,13.04,12.91,12.97,12.87,13.08,12.71,12.97,12.9,13.07,12.93,11.77,12.96,12.91,12.97,13.07,13.17,11.9
DDX5,12.2,12.05,12.07,12.15,11.96,12.01,11.99,11.96,12.25,12.12,12.01,12.09,12.28,9.84,11.94,12.08,12.03,11.97,12.01,11.97,12.27,12.2,12.32,11.93,12.04,12.14,11.96,11.99,12.1,12.3,7.22,10.39,11.96,11.91,11.68,11.84,12,11.85,11.95,11.92,12.05,12.2,12.08,10.5,12.01,12.14,12,12.1,12.25,9.5
DDX5,12.56,12.47,12.38,12.57,12.29,12.4,12.48,12.27,12.53,12.43,12.53,12.47,12.66,11.4,12.38,12.53,12.41,12.38,12.36,12.33,12.51,12.66,12.69,12.41,12.4,12.51,12.38,12.37,12.59,12.72,10.39,11.44,12.36,12.3,12.19,12.31,12.43,12.37,12.34,12.28,12.44,12.53,12.53,11.52,12.44,12.53,12.44,12.5,12.61,11.59
DDX50,10.04,10.13,10.03,10.04,9.94,10,9.88,9.97,10.2,10.21,10.17,10.09,10.22,8.48,10.15,10.19,10.25,10.01,10.04,10.01,10.17,10.19,10.14,10.17,10.07,10.14,10.03,10.11,10.05,9.53,8.36,7.88,10.37,10.45,10.42,10.1,10.26,10.28,9.8,9.96,9.99,10.21,10.36,7.47,10.1,9.81,9.98,10.03,10.17,8.74
DDX51,7.38,7.31,7.39,7.62,7.67,7.62,7.5,7.77,7.28,7.29,7.52,7.23,7.22,5.68,7.5,7.51,7.63,7.45,7.57,7.62,7.17,7.17,6.72,7.34,7.41,7.46,7.64,7.39,7.72,9.24,5.39,5.86,6.92,6.82,6.97,7.43,7.49,7.46,7.09,7.55,7.59,7.45,7.69,6.59,7.48,7.43,7.69,7.68,7.79,6.96
DDX51,7.13,6.8,7.4,7.18,7.47,7.26,6.7,7.19,7.23,7.18,7.07,6.92,6.77,5.28,7.12,6.95,7.25,7.46,7.5,7.42,6.99,6.84,7.06,7.19,7.08,6.97,7.23,7.36,7.23,6.82,5.4,6.28,7.23,6.93,7.12,7.5,7.34,7.11,6.93,7.39,7.66,7.48,7.52,6.19,6.89,7.53,7.44,7.28,7.6,4.37
DDX51,6.58,6.35,6.75,6.32,6.77,6.54,6.42,6.73,6.15,6.39,6.53,6.03,6.14,6.2,6.23,6.38,6.59,6.4,6.54,6.61,6.03,6.08,5.93,6.41,6.16,6.41,6.66,6.47,6.57,6.72,4.02,6.22,6.51,6.38,6.35,6.42,6.56,6.33,7.12,6.61,6.61,6.74,6.69,4.74,6.8,6.99,6.47,6.71,6.66,4.79
DDX52,4.58,4.55,4.55,4.83,4.2,4.25,4.41,4.31,4.67,4.58,4.76,4.56,4.59,4.52,4.6,4.58,5.1,4.57,5.06,5.08,4.99,4.6,4.57,4.91,4.47,4.37,4.71,4.7,4.29,3.69,5.18,3.95,4.43,4.85,4.73,4.65,4.34,4.55,5.31,4.53,4.63,4.37,4.71,4.37,4.76,4.64,4.54,4.9,4.28,5.51
DDX52,8.36,8.38,8.09,8.13,7.96,7.93,7.68,8.07,8.38,8.15,8.13,8.3,8.35,7.07,8.13,7.77,8.07,8.1,8.25,8.23,8.29,8.17,8.08,7.85,8.07,8.25,8.24,8.08,8.09,7.58,4.61,6.39,7.95,8.23,7.9,7.95,8.21,8.05,7.43,8.08,8.18,7.71,7.96,7.44,8.08,8.07,7.73,8.29,8.38,7.12
DDX52,8.38,8.67,8.27,8.28,8.49,8.23,8.23,8.21,8.48,8.4,8.8,8.48,8.44,8.47,8.65,8.34,8.53,8.38,8.46,8.66,8.62,8.5,8.53,8.46,8.48,8.45,8.44,8.5,8.51,7.4,5.83,7.48,8.47,8.64,8.63,8.6,8.48,8.41,7.71,8.37,8.35,8.18,8.4,8.47,8.55,8.59,8.66,8.37,8.45,7.91
DDX53,4.42,4.17,3.74,3.59,3.78,3.66,4,3.65,3.74,3.81,3.63,3.77,4.39,4.98,3.6,3.69,3.69,3.59,3.64,3.43,4.08,3.68,3.87,3.47,3.43,3.61,3.68,3.69,4.03,4.02,3.8,5.75,3.79,3.8,3.86,3.51,3.84,3.43,3.96,3.54,3.57,3.52,3.61,4.23,3.74,3.56,3.65,3.54,3.67,4.27
DDX53,3.9,3.96,4.06,4.15,4.01,4.25,4.18,3.9,3.81,3.85,3.82,4.1,3.88,4.97,4.15,4.17,3.94,4.02,3.96,3.85,3.96,4.17,4.14,4.32,3.94,3.86,4.3,4.21,4.24,5.8,3.96,4.31,3.87,4.01,4.27,3.91,3.73,3.8,5.14,3.71,3.69,3.86,3.93,4.35,3.83,4.18,4.17,3.74,3.9,3.87
DDX54,8.73,8.53,8.82,8.56,9.13,9.03,9.1,8.98,8.5,8.61,8.79,8.51,8.4,9.27,9.3,9.08,9.29,8.83,8.73,8.85,8.59,8.63,8.79,9.02,8.88,8.87,8.83,8.63,8.95,8.34,8.46,9.49,8.87,8.85,8.68,9.27,9.25,9.27,9.11,8.85,8.79,8.69,8.95,7.64,8.74,8.64,8.37,8.66,8.78,9.11
DDX54,6.69,7.06,6.88,7.19,7.41,7.24,7,6.83,7.04,7.15,7.11,7.1,7.12,7.19,7.18,7.59,7.35,7.07,7.06,6.94,7.29,7,6.93,7.03,7.28,7.16,7.15,7.01,7.17,6.1,8.13,8.08,7.04,7.05,7.06,7.54,7.26,7.2,7.07,6.79,6.9,7.07,6.95,6.76,7.04,6.28,6.89,7.07,7.02,6.66
DDX54,6,5.56,6.24,6.04,6.03,6.14,6.08,6.38,6.13,6.17,5.28,5.74,5.55,4,6.1,6.3,6.05,6.31,6.48,6.3,5.72,5.93,5.77,6.24,6.04,5.91,5.92,6.22,5.44,5.76,4.89,5.59,6.21,6.16,6.24,5.99,5.76,5.84,5.12,6.09,6.06,5.94,6.14,4.83,6.09,5.34,6.12,5.9,6.18,4.94
DDX54,6.22,5.1,5.95,5.76,6.45,5.63,5.12,6.14,5.65,5.93,5.11,5.39,5.39,5.1,5.64,5.98,5.92,6.13,5.87,5.88,5.92,5.5,5.55,5.83,5.75,5.74,6.19,5.54,5.6,3.97,5.21,6.04,5.82,5.5,5.41,5.66,5.97,5.78,5.57,6.02,5.88,5.84,5.84,4.06,5.91,6.3,5.85,5.61,5.79,5.76
DDX55,8.28,8.19,8.46,8.37,8.48,8.26,8.39,8.56,8.48,8.42,8.35,8.14,8.16,5.84,8.17,8.3,8.27,8.5,8.45,8.38,7.98,7.89,7.79,8.22,7.96,8.04,8.52,8.5,8.38,7.63,5.29,5.43,8.28,8.47,8.49,8.15,8.22,8.29,8.27,8.37,8.5,8.06,8.19,6.39,8.37,8.1,8.49,8.43,8.37,7.42
DDX55,7.68,7.36,7.75,7.81,7.61,7.79,7.51,7.82,7.97,7.71,7.63,7.6,7.56,5.87,7.58,7.35,7.46,7.59,7.67,7.69,7.42,7.05,7.37,7.49,7.49,7.48,7.84,7.72,7.73,6.67,6.2,7.47,7.64,7.53,7.67,7.55,7.37,7.83,7.15,7.57,7.86,7.41,7.23,6.2,7.6,7.58,7.87,7.87,7.8,6.36
DDX55,8.64,8.27,8.48,8.38,8.01,8.21,8.54,8.41,8.51,8.63,8.17,8.24,8.1,6.83,8.35,8.5,8.33,8.32,8.27,8.44,7.94,8.18,7.8,8.12,8.12,8.35,8.52,8.65,8.15,7.41,7.02,7.13,8.53,8.43,8.49,8.51,8.11,8.18,7.72,8.37,8.3,8.2,7.89,6.69,8.18,8.28,8.46,8.28,8.29,6.02
DDX55,8.9,8.59,8.89,8.69,8.48,8.6,8.46,8.69,8.67,8.89,8.53,8.42,8.3,6.46,8.57,8.77,8.64,8.84,8.79,8.84,8.31,8.27,8.1,8.51,8.58,8.36,8.8,8.82,8.7,8.02,5.27,6.47,8.69,8.75,8.89,8.73,8.37,8.63,8.07,8.71,8.55,8.75,8.17,5.38,8.52,8.58,8.62,8.66,8.43,6.03
DDX56,10.27,10.38,10.44,10.39,10.55,10.58,10.22,10.33,10.28,10.33,10.43,10.17,10.27,9.72,10.19,10.2,10.29,10.55,10.48,10.49,10.26,9.95,10.22,10.14,10.04,10.07,10.49,10.26,10.57,10.26,9.65,10.15,10.33,10.24,10.31,10.12,10.26,10.2,10.46,10.28,10.27,10.21,10.35,9.9,10.42,10.42,10.33,10.23,10.38,8.52
DDX58,6.29,6.36,5.55,6.03,5.93,5.65,5.97,6.04,5.83,6.04,5.99,6.15,6.28,7.12,6.25,5.95,6.2,5.88,5.94,5.89,6.04,6.33,6.12,5.94,6.27,5.91,5.56,5.88,5.89,6.48,5.65,6.21,5.98,6.19,5.97,6.02,5.99,6.22,6.45,6,5.67,6.5,6.02,5.87,5.94,5.94,5.91,5.79,5.76,6.42
DDX58,5.55,5.42,5.79,5.56,6,5.56,4.61,5.78,5.14,5.4,5.39,5.12,5.12,5.77,5.78,5.51,5.87,5.6,5.82,5.3,5.57,5.34,5.62,5.92,6.07,5.8,5.75,5.44,5.84,6.31,6.96,6.54,6.39,6.37,6.14,5.54,5.38,5.67,5.41,5.86,5.88,5.8,6.22,6.33,6.14,5.88,6.01,5.34,5.87,5.49
DDX58,4.49,4.62,4.54,4.57,4.52,4.72,4.39,4.86,4.35,4.45,4.57,4.53,4.44,4.55,4.7,4.56,4.68,4.36,4.41,4.75,4.69,4.6,4.47,4.61,4.73,4.51,4.8,5.08,4.82,4.89,6.14,4.43,4.76,4.79,4.83,5,4.62,5.04,4.51,4.98,4.43,4.64,5.4,5.62,4.56,4.8,4.92,4.46,4.93,5.62
DDX59,7.85,7.75,7.92,7.79,7.44,8,6.59,8.05,7.87,8,7.76,7.69,7.67,5.69,7.9,7.75,7.94,7.84,8.09,8.02,7.97,7.69,7.36,8.1,7.74,7.92,7.86,7.95,6.99,6.49,7.09,6.69,8.04,7.95,8.1,8.01,7.83,7.82,7.02,8.07,7.92,7.74,7.32,7.64,7.53,7.59,7.99,7.84,7.49,8.04
DDX59,6.03,5.92,5.68,5.94,5.7,5.51,4.82,5.87,5.97,5.99,5.83,5.9,6.13,4.58,5.7,5.55,5.85,6.08,5.87,6.01,5.76,5.94,5.73,6.08,5.79,5.84,5.9,5.66,5.72,6.25,4.12,5.38,5.83,6.13,5.77,6.08,5.23,6.09,4.75,6.23,6.09,6.11,5.97,4.81,5.56,5.67,5.71,6.07,5.87,5.16
DDX59,7.01,7.11,6.95,7.09,6.82,6.55,6.37,6.96,7.25,7,6.87,6.96,7,5.99,6.66,6.8,6.83,7.13,7.09,7.07,6.88,6.89,6.78,6.71,6.93,6.94,6.95,6.87,7.06,6.5,5.07,6.35,6.98,7.12,7.08,6.57,7,6.89,6.97,7.15,6.92,7.09,7.2,6.65,6.8,6.66,6.96,6.92,6.98,6
DDX59,7.35,7.23,7.33,7.31,7.4,6.82,7.41,7.37,7.56,7.3,7.13,7.37,7.35,5.63,7.31,7.03,7.09,7.42,7.38,7.74,7.15,7.15,7.08,7.22,7.32,7.41,7.08,7.25,6.91,6.26,6.35,6.48,7.01,7.45,7.24,7.16,7.12,7.44,6.57,7.07,7.29,7.17,7.31,6.12,7.01,6.59,7.2,7.25,7.65,5.9
DDX6,11.24,11.19,11.15,11.13,11.05,10.97,10.97,11.13,11.28,11.18,10.97,11.18,11.29,8.9,11.36,11.33,11.41,11.34,11.41,11.43,11.12,11.12,11.23,11.34,11.31,11.35,11.19,11.05,11,11.02,7.34,9.29,11.06,11.1,11.06,11.28,11.21,11.36,10.96,11.18,11.24,11.11,11.28,8.88,11.17,11.15,11.17,11.3,11.22,9.48
DDX6,8.09,8.31,8.24,8.15,8.56,8,7.52,8.38,8.08,8.17,8.3,8.07,7.98,8.2,8.11,8,8.32,8.04,7.87,7.99,8.03,8.07,8.24,8.18,8.25,7.91,8.22,8.14,8.23,8.64,6.36,7.26,8.17,8.13,8.21,8.01,8.09,8.09,7.69,8.27,8.18,7.85,7.7,8.51,8.35,8.63,8.34,8.13,8.2,6.79
DDX6,6.3,6.48,6.45,6.04,6.14,6.12,5.8,6.11,6.29,6.24,6.42,6.3,6.02,6.56,6.28,6.24,6.58,6.48,6.49,6.64,6.19,6.02,6.5,6.76,6.65,6.74,6.47,6.06,6.22,5.81,6.26,5.95,6.25,6.18,6.3,6.44,6.51,6.11,6.41,6.67,6.56,6.62,6.71,5.93,6.38,6.52,6.37,6.52,6.11,6.19
DDX60,3.51,3.42,3.58,3.4,3.61,3.43,3.84,3.66,3.26,3.23,4.02,3.65,3.69,4.56,3.99,3.85,4.13,3.63,3.76,3.83,3.61,3.81,3.69,3.84,4.14,3.68,3.58,3.5,3.64,3.44,5.59,4.72,3.75,3.76,3.88,4.02,3.72,4.05,4.08,3.92,3.91,4.35,4.05,4.2,3.98,4.12,3.95,3.58,3.56,4.65
DDX60L,4.19,3.87,3.91,4.01,4.04,4.12,4.17,4.15,4.19,4.02,3.9,3.96,4.01,4.13,4,4.06,4.1,4.05,3.95,4.07,3.91,4.07,4.06,4.05,4.04,3.86,4.14,4.04,4.02,4.34,4.87,5.28,4.1,3.94,3.92,4.04,4.32,3.93,6.34,4.05,3.9,4,3.99,5.41,3.84,4.46,4.25,3.92,3.95,5.8
DEAF1,8.21,8.29,8.54,8.34,8.51,8.54,8.69,8.59,8.13,8.17,8.15,7.92,8.01,6.12,8.12,8.08,8.16,8.35,8.51,8.37,8.02,7.75,8.16,8.19,7.99,8.09,8.27,8.12,8.73,7.81,5.59,8.36,8.08,7.92,7.89,8.02,8.31,8.22,8.19,8.38,8.51,8.35,8.29,7.9,8.15,8.47,8.34,8.3,8.38,6.06
DECR1,11.27,11.16,11.35,11.29,11.27,11.33,11.29,11.32,11.29,11.21,11.16,11.37,11.49,10.74,11.19,11.17,11.19,11.48,11.43,11.41,11.45,11.37,11.3,11.26,11.29,11.35,11.33,11.26,11.3,11.33,9.75,10.4,11.18,11.15,11.08,11.33,11.27,11.26,11.31,11.25,11.32,11.16,11.21,10.57,11.35,11.3,11.1,11.32,11.35,9.95
DECR2 /// NME4,8.16,8,8.38,8.3,8.42,8.7,8.48,8.08,8.06,8.13,8.24,8.05,7.93,8.51,8.17,8.13,8.29,8.32,8.29,8.13,8.11,8.04,8.18,8.11,8.22,8.12,8.43,8.17,8.31,8.04,7.05,8.82,8.34,8.29,8.41,8.23,8.5,8.16,8.58,8.39,8.44,8.51,8.57,7.92,8.26,7.58,8.28,8.31,8.33,8.18
DEDD,5.95,6.14,5.74,5.96,5.94,5.45,5.42,5.83,5.98,6.08,6.39,6.02,5.94,7.25,5.78,5.63,5.93,6.12,6.1,5.92,6.34,5.88,6.15,5.89,5.81,5.93,6.2,5.84,6.3,4.82,4.81,6.57,5.8,5.98,5.74,5.78,5.76,5.77,5.89,5.83,6.03,5.79,6.27,7.34,5.87,5.86,5.74,6.06,6.03,5.65
DEDD,8.17,7.96,8.4,8.39,8.51,8.39,7.06,8.43,8.26,8.33,8.27,8.13,8.22,7.62,8.43,8.03,8.29,8.37,8.58,8.46,8.22,8.2,8.36,8.41,8.42,8.24,8.25,8.34,8.41,8.62,6.76,8.14,8,8.2,7.89,8.21,8.03,8.24,7.66,8.6,8.32,8.35,8.43,8.23,8.2,8.44,8.17,8.33,8.84,7.27
DEDD,8.65,8.6,8.78,8.6,8.46,8.35,7.33,8.38,8.82,8.72,8.64,8.73,8.8,8.03,8.66,8.46,8.55,8.89,8.75,8.85,8.85,8.76,8.82,8.85,8.77,8.76,8.65,8.56,8.55,8.15,6.75,7.66,8.28,8.34,8.31,8.66,8.3,8.7,8.44,8.78,8.66,8.68,8.64,8.35,8.54,8.22,8.54,8.84,8.75,8.45
DEDD,8.43,8.42,8.64,8.57,8.6,8.44,8.23,8.74,8.55,8.55,8.25,8.63,8.55,8.04,8.57,8.34,8.47,8.72,8.83,8.69,8.9,8.71,8.75,8.78,8.66,8.68,8.67,8.66,8.45,7.81,4.89,6.92,8.24,8.29,8.53,8.66,8.42,8.7,7.69,8.71,8.6,8.49,8.53,7.9,8.46,8.63,8.65,8.54,8.81,7.75
DEDD,6.99,6.47,6.89,6.94,6.36,6.34,7.17,7.53,6.9,7.01,6.47,6.9,6.68,6.33,6.97,6.73,6.82,7,7.07,7.02,7.14,7.01,6.77,7.09,6.97,7.04,6.93,6.91,6.95,5.87,6.05,5.98,6.58,6.92,6.72,6.71,6.42,6.91,6.73,6.81,6.82,6.9,6.69,6.12,6.9,6.55,6.34,6.91,6.94,6.06
DEDD2,7.43,7.17,7.61,7.57,7.86,7.78,7.61,7.87,7.48,7.39,7.58,7.55,7.42,6.51,8.16,8.13,8.27,7.46,7.5,7.28,8.05,8.02,7.86,8.4,8.27,8.4,7.72,7.53,7.56,6.95,5.24,6.7,8.56,8.52,8.52,8.21,8.36,8.17,6.82,7.9,7.85,7.52,7.8,5.79,7.85,7.76,7.79,7.71,7.79,6.64
DEF6,5.61,5.46,5.67,5.68,5.56,5.75,5.53,5.88,5.63,5.75,5.49,5.5,5.75,4.56,5.92,6.18,5.99,5.7,5.99,5.88,5.77,5.61,5.84,6.33,5.92,6.21,5.84,5.41,5.94,6.18,7.24,5.27,6.02,5.91,5.97,6.21,6.33,6.1,6.18,6.03,6,6.13,5.55,5.67,5.67,5.28,5.11,5.85,5.93,5.36
DEF8,8.27,8.66,8.32,8.47,8.36,8.45,7.74,8.32,8.41,8.54,8.7,8.42,8.42,6.5,8.56,8.4,8.58,8.45,8.32,8.34,8.52,8.47,8.83,8.33,8.52,8.52,8.38,8.13,8.69,8.53,5.64,7.14,8.07,8.25,8.15,8.33,8.37,8.5,8.37,8.56,8.69,9.16,9.3,6.76,8.58,8.69,8.53,8.42,8.98,6.47
DEF8,8.27,8.06,8.39,8.33,8.3,8.16,8.07,8.47,8.26,8.21,8.11,8.33,8.25,6.31,8.16,8.3,8.19,8.4,8.42,8.42,8.04,8.22,7.81,8.28,8.28,8.31,8.37,8.23,8.25,7.93,5.17,7.6,8.29,8.24,8.23,8.43,8.47,8.4,8.44,8.35,8.25,8.17,8.24,5.08,8.6,8.28,8.42,8.42,8.36,6.7
DEF8,7.67,7.79,7.71,7.64,8.02,7.87,7.2,7.63,8,7.54,7.86,7.83,7.71,6.82,7.76,7.56,7.94,7.73,7.74,7.57,7.55,7.4,7.5,7.82,7.62,7.64,7.73,7.71,7.97,7.54,5.58,6.71,7.53,7.58,7.54,7.84,7.75,7.6,7.38,7.83,7.85,7.53,7.46,5.78,7.71,7.85,7.56,7.88,7.68,6.64
DEF8,5.46,5.07,5.44,5.35,5.02,5.62,4.87,5.93,5.38,5.47,5.14,5.13,5.46,6.33,5.58,5.79,5.45,5.37,5.27,5.73,5.37,5.61,5.34,5.52,5.76,5.37,5.25,5.6,5.16,5.65,8.97,6.06,5.47,5.31,5.49,5.32,5.04,5.14,5.3,5.56,5.44,5.45,5.23,6.57,5.07,5.16,5.86,5.39,5.32,6.53
DEFA1 /// DEFA1B /// DEFA3,3.9,3.77,3.86,3.95,3.88,3.86,4.15,3.59,3.88,3.88,3.68,3.94,3.72,4.19,3.85,4.13,3.93,3.63,3.66,3.94,4.12,3.66,4.07,4.03,3.74,4,4.04,4.02,3.86,3.89,4.8,3.99,4.24,4.05,3.85,3.69,4.08,3.74,4.5,3.87,3.61,3.87,4.39,4.82,3.94,4.26,4.05,3.73,3.94,4.78
DEFA1 /// DEFA1B /// DEFA3,4.71,4.51,4.61,4.54,4.92,4.81,4.72,4.75,4.53,4.71,4.8,4.52,4.7,4.82,4.64,4.93,4.64,4.83,4.59,4.77,4.69,4.86,4.76,4.6,4.7,4.66,4.62,4.7,4.71,4.88,6.45,5.67,4.66,4.66,5.07,4.71,4.73,4.51,5.71,4.94,5.1,5.04,4.65,6.73,4.92,4.76,4.65,4.85,4.84,5.9
DEFA4,3.97,4.2,3.64,3.73,3.72,4.3,3.6,4.53,3.81,3.89,4.36,3.82,4.02,4.77,3.55,3.88,3.69,3.86,3.84,3.81,3.65,3.85,4.12,3.82,3.92,4.02,3.58,3.84,3.71,3.71,4.26,4.26,3.57,3.79,3.66,4.01,3.62,3.98,4.56,3.84,3.85,3.81,3.79,4.41,4.01,3.93,4.05,3.96,4.12,4.43
DEFA5,5,5.05,4.98,4.91,4.67,5.09,4.84,4.93,5,5.12,5.03,4.72,4.6,6.68,4.76,5.04,4.72,4.78,4.67,4.77,5.35,4.74,5.05,4.69,4.75,5.04,5.04,4.95,5.31,5.1,5.83,6.59,4.9,4.97,5.1,4.81,5.14,4.49,5.21,5.2,5.14,4.73,5.46,4.91,4.73,5.34,5.06,5.12,5.13,4.82
DEFA5,4.46,4.06,4.06,4.48,4.33,4.54,4.46,4.23,4.28,4.39,4.19,4.53,4.51,4.42,4.44,4.16,4.19,4.09,4.3,4.45,4.47,4.63,4.38,4.1,4.57,4.02,4.02,4.53,4.36,4.35,4.46,4.62,4.31,4.41,4.18,4.28,4.22,4.06,4.51,4.31,3.93,4.44,4.48,5.89,4.28,4.29,4.04,4.38,4.08,4.84
DEFA6,4.29,4.19,4.08,4.16,4.24,4.04,3.96,4.33,4.16,4.18,4.06,4.02,4.1,4.28,4.06,3.95,4.06,4.22,4.26,3.76,4.01,4.07,4.34,3.82,4.33,3.61,4.07,4.07,4.02,3.88,4.48,4.39,4.06,4.1,4.39,3.82,3.74,4.12,4.18,4.1,3.87,4.29,4.19,4.12,3.94,3.77,3.79,4.2,4.1,4.25
DEFB1,3.54,3.51,3.5,3.75,3.59,3.95,3.99,3.68,3.42,3.73,3.63,3.5,3.33,4.49,3.57,3.8,3.37,3.64,3.35,3.41,3.59,3.77,3.51,3.61,3.62,3.81,3.7,3.58,3.53,4.23,5.12,5.1,3.8,3.92,3.59,3.4,3.66,3.69,4.04,3.74,3.55,3.94,3.68,5.98,3.71,3.89,3.55,3.64,3.69,4.36
DEFB1,3.74,3.66,3.75,3.72,4.12,3.9,3.76,3.95,3.89,3.9,3.91,3.85,3.8,4.5,3.98,3.61,4.14,3.79,3.78,3.76,4.03,4.1,3.8,3.85,3.74,3.62,3.75,3.99,3.79,4.73,4.89,3.96,3.46,3.89,3.86,3.84,3.78,4.15,4.23,3.93,3.78,3.82,3.73,4.46,4.32,3.92,4.18,3.87,3.62,5.48
DEFB103A /// DEFB103B,3.58,3.63,3.55,3.9,3.94,3.86,4.52,4.22,3.59,3.57,3.8,3.76,3.71,4.82,3.63,3.56,3.79,3.96,3.88,3.6,4.07,3.84,3.62,3.87,3.63,3.77,3.75,3.61,3.7,4.89,7.18,5.33,3.79,3.69,3.95,3.9,3.61,3.79,4.35,3.82,3.62,3.78,4.75,4.01,3.58,3.86,4.09,3.68,3.55,4.01
DEFB103A /// DEFB103B,3.78,3.74,3.71,3.73,3.92,3.86,5.48,3.99,3.57,3.54,3.73,3.71,3.79,4.53,3.75,4.15,3.72,3.77,3.73,3.64,3.99,3.77,3.62,3.65,3.75,3.99,4.03,3.86,4.07,4.81,5.42,5.41,3.92,3.95,3.97,3.91,3.86,3.84,4.13,3.82,3.77,4.08,3.99,4.85,3.79,4.11,3.96,3.86,3.68,5.61
DEFB104A /// DEFB104B,3.25,3.32,3.19,3.25,3.82,4.07,5.04,3.43,3.42,3.28,3.4,3.28,3.37,3.9,3.31,3.4,3.51,3.39,3.35,3.54,3.5,3.39,3.45,3.53,3.48,3.31,3.28,3.34,3.5,3.86,4.5,3.96,3.36,3.31,3.6,3.27,3.59,3.27,3.76,3.54,3.66,3.59,3.52,3.8,3.6,3.47,3.5,3.46,3.27,4.16
DEFB105A /// DEFB105B,4.19,4.88,4.41,4.56,4.35,4.22,4.33,4.48,4.88,4.48,4.93,4.47,4.73,5.65,4.33,4.34,4.33,4.93,4.35,4.15,4.43,4.64,4.48,4.55,4.15,4.23,4.47,4.64,4.41,4.45,5.07,4.64,4.37,4.79,4.22,4.33,4.39,4.43,4.17,4.54,4.2,4.7,4.18,4.79,4.18,4.14,4.04,4.02,4.18,4.49
DEFB106A /// DEFB106B,3.49,3.7,3.45,3.5,4.02,3.51,4.65,3.3,3.36,3.58,3.52,3.47,3.56,4.8,3.49,3.87,3.49,3.32,3.44,3.44,3.62,3.5,3.6,3.5,3.57,3.71,3.64,3.42,3.55,3.61,5.15,3.53,3.57,3.81,3.6,3.35,3.48,3.57,4.22,3.42,3.3,3.88,3.82,4.62,3.7,3.88,3.51,3.47,3.7,3.74
DEFB107A /// DEFB107B,3.76,3.82,3.92,3.71,3.69,3.76,4.28,3.54,3.65,3.85,4.04,3.84,3.74,4.26,4.03,3.92,3.78,3.91,3.74,3.7,3.93,3.87,3.98,3.76,3.68,3.98,3.82,4.04,4.01,4.61,5.56,5.75,3.95,3.58,3.8,3.66,3.88,3.82,3.98,4.05,3.95,3.87,3.8,5.21,3.89,3.86,4.06,3.97,3.6,4.56
DEFB108B /// DEFB108P1 /// LOC100133128,4.27,4.22,4.52,4.56,4.46,4.15,4.45,4.35,4.04,4.43,4.09,4.38,4.02,5.74,4.46,4.85,4.52,4.74,4.6,4.23,4.38,4.36,4.36,4.86,4.26,4.39,4.4,4.54,4.19,4.46,4.46,4.4,4.15,4.34,4.39,4.27,4.36,4.12,4.38,4.18,4.19,4.46,4.49,4.72,4.65,4.1,4.13,4.41,4.19,5.73
DEFB108B /// DEFB108P1 /// LOC100133128,3.9,3.62,4.09,4.14,4.36,4.11,4.84,3.91,3.86,3.73,3.82,3.86,3.85,6.05,4.3,4.11,4.32,4.33,4.16,4.18,4.13,3.8,3.84,4.07,4.09,4.12,4.07,3.94,4.01,4.11,5,4.62,3.8,3.96,3.98,3.93,4.11,4.03,4.07,3.79,3.99,3.71,4.06,4.55,4.18,4.12,4.1,3.94,3.89,5.9
DEFB108B /// DEFB108P1 /// LOC100133128 /// LOC100290235,3.57,3.53,3.73,3.59,4.13,3.59,3.95,3.73,3.55,3.5,3.86,3.53,3.62,6.09,3.61,3.68,3.61,3.49,3.91,3.68,3.63,3.61,3.59,3.73,3.83,3.63,3.53,3.78,3.86,4.26,6.05,5.52,3.55,3.5,3.54,3.85,3.9,3.67,4.02,3.79,3.53,3.91,4.11,6.18,3.69,3.89,3.7,4.04,3.68,5.34
DEFB108B /// DEFB108P1 /// LOC100133128 /// LOC100290235,4.18,4.05,4.26,4.44,4.45,4.45,4.81,4.28,4.07,4.15,4.47,4.22,4.16,6.2,4.27,4.22,4.61,4.35,4.26,4,4.33,4.18,3.95,4.3,4.15,4.18,4.15,4.54,3.8,4.98,4.64,6.4,3.65,3.98,4.03,4.46,3.98,3.98,4.59,3.96,4.35,4.51,4.33,5.42,4.01,3.92,4.64,4.39,4.04,5.03
DEFB109P1B,3.99,3.92,3.9,3.94,4.44,3.82,4.19,3.85,4.07,3.85,4.11,3.95,4,5.27,4.2,4.03,4.02,3.97,4.05,4.19,4.24,4.06,4.02,4.3,3.93,3.91,4.58,4.03,4.47,4.97,7.27,4.65,3.84,3.83,3.86,4.05,4.25,3.93,4.62,4.51,4.42,4.37,4.53,4.63,4.17,4.1,3.86,4.27,4.46,5.55
DEFB110,3.55,3.57,3.43,3.7,3.59,3.41,3.84,3.69,3.7,3.75,3.72,3.42,3.45,4.53,3.74,3.64,3.43,3.65,3.68,3.7,3.7,3.51,3.69,3.55,3.9,3.51,3.49,3.55,3.61,4.83,3.99,3.68,3.53,3.54,3.64,3.61,3.9,3.48,3.61,3.61,3.73,3.87,3.39,4.77,3.71,4.02,3.64,3.72,3.66,4.28
DEFB110,3.89,4.17,3.71,3.92,3.82,3.75,4.31,3.55,3.85,3.84,4.04,3.98,4.42,4.52,3.61,3.67,3.97,3.63,3.6,3.71,3.75,3.74,4.25,3.84,3.62,3.66,4.17,3.61,3.86,4.11,5.85,4.76,3.81,3.81,4.01,3.67,3.81,3.78,4.04,3.68,3.77,3.8,3.68,4.5,3.59,4.24,3.68,3.76,3.9,5.49
DEFB112,4.15,3.74,3.74,3.69,3.94,3.64,3.76,3.78,3.82,3.68,3.81,3.88,3.69,4.02,3.67,3.67,3.81,3.98,3.85,3.67,3.81,3.56,3.73,3.67,3.95,3.81,3.79,3.71,3.84,4.06,4.37,4.52,3.78,3.9,4.1,4.04,3.77,3.69,3.83,3.77,4.03,3.63,3.62,3.89,3.8,3.77,3.61,3.82,3.54,3.87
DEFB113,5.07,5.28,5.17,5.28,5.41,5.37,5.09,5.53,5.3,5.32,5.32,5.5,5.54,6.31,5.72,5.29,5.11,5.7,5.13,5.31,5.6,5.81,5.43,5.28,5.35,4.94,5.45,5.29,5.14,5.42,7.41,5.41,5.46,5.5,5.82,5.11,4.95,5.23,5.09,4.92,4.95,5.18,5.37,6.07,5.07,5.51,5.23,4.99,5.11,6.61
DEFB114,3.58,3.85,3.77,3.71,4.35,4.15,3.88,3.55,3.73,3.82,3.78,3.85,3.77,3.98,3.63,3.65,3.72,3.79,3.79,3.78,3.71,3.77,3.86,3.61,3.87,3.72,3.92,3.72,3.9,5.03,4.96,6.37,3.72,3.92,3.82,3.65,4,3.53,5.11,3.77,3.9,4.07,3.83,4.19,3.97,4.23,3.97,3.83,3.74,4.1
DEFB114,3.7,3.72,3.7,3.81,3.89,4.18,4.57,3.96,3.58,3.76,4,3.74,3.79,4.17,3.8,3.8,3.92,3.87,3.93,3.74,3.77,3.73,3.69,3.68,3.73,3.8,4.04,3.82,3.91,4.73,6.84,4.51,3.75,3.76,3.71,3.81,3.97,3.9,4.84,3.98,4.16,3.8,3.82,5.34,3.91,3.96,3.93,3.88,3.85,4.04
DEFB115,5.62,5.32,5.51,5.76,5.76,5.71,5.76,5.69,5.6,5.51,5.79,5.57,5.58,6.39,5.63,5.76,5.31,5.82,5.57,5.29,5.48,5.66,5.62,5.75,5.63,5.58,5.6,5.64,5.68,6.07,6.87,5.63,5.59,5.43,5.62,5.57,5.52,5.48,6.26,5.61,5.5,5.96,5.64,6.11,5.56,5.58,5.42,5.61,5.78,6.04
DEFB116,3.61,3.4,3.43,3.59,3.48,3.69,3.83,3.76,3.67,3.48,3.72,3.5,3.52,3.78,3.5,3.62,3.6,3.56,3.35,3.44,3.63,3.49,3.47,3.69,3.7,3.61,3.58,3.67,3.67,4.59,4.39,5.08,3.73,3.47,3.38,3.47,3.51,3.64,3.96,3.39,3.5,3.63,3.46,3.84,3.52,3.57,3.52,3.56,3.46,4.37
DEFB118,4.15,3.98,3.93,4.3,4.3,4.16,4.29,4.09,4.12,4.13,4.44,4.17,4.02,5.39,4.01,4.61,4.24,3.94,4.22,4.1,4.06,4.25,4.19,4.08,4.41,4.13,4.39,4.38,4.3,4.81,4.2,4.77,4.23,4.19,4.22,4.19,4.08,3.92,5.15,3.98,4.12,4.37,4.55,5.35,4.55,4.38,4.3,4.38,3.95,5.82
DEFB119,3.97,3.86,4.3,4.05,3.98,4.6,3.98,4.15,4.13,4.37,4.17,3.97,4.14,5.04,3.98,3.86,3.85,4.06,4.47,4.1,4.11,4.25,4.09,3.95,3.96,4.03,4.12,4.16,4.11,4.3,5.78,4.04,3.99,4,3.98,3.9,3.86,3.78,4.12,3.96,3.84,3.97,4.1,4.47,4.08,4,3.9,3.8,4.02,4
DEFB119,5.02,4.72,4.67,5.19,5.15,4.95,5.3,5.33,5.03,4.85,5.2,5,4.97,5.57,4.99,5.27,4.82,4.74,4.91,5.08,5.25,5.03,5.16,4.82,4.94,5.11,5.01,5.18,5.35,5.74,5.61,4.22,4.8,4.89,5.16,4.88,4.83,5.19,4.25,5.49,5.18,5.08,4.96,4.78,5.13,4.71,5.84,5.6,5.49,6.27
DEFB119,3.74,4.08,3.82,3.95,4.47,4.39,4.67,4.26,3.72,3.83,4.12,3.76,3.8,5.35,3.74,4.32,3.77,3.77,4.09,3.67,4.01,3.74,4.05,3.81,3.91,3.73,3.91,3.99,3.98,4.73,4.17,4.41,3.82,3.74,3.96,3.82,4.21,3.83,4.4,3.85,3.58,3.71,3.75,6.22,3.85,3.83,4.26,3.94,3.67,4.91
DEFB121,5.11,4.98,4.91,4.89,4.62,4.94,4.28,4.88,4.57,4.59,5.17,4.86,4.81,6.36,4.58,4.77,4.52,4.79,4.35,4.43,4.76,4.72,4.98,4.45,4.51,4.42,4.7,4.85,4.83,5.45,5.03,6.51,4.72,4.5,4.78,4.33,4.71,4.62,4.53,4.55,4.58,4.83,4.85,5.68,4.39,4.83,4.49,4.72,4.67,6.71
DEFB121,3.53,3.49,3.77,3.64,4.08,3.59,3.92,3.86,3.72,3.67,3.77,3.83,3.67,4.79,3.52,3.78,3.68,3.63,3.55,3.79,3.45,3.8,3.61,3.71,3.46,3.55,3.73,3.68,3.58,4.09,5.91,5.31,3.26,3.51,4.08,3.55,3.76,3.58,3.54,3.77,3.78,3.9,3.87,4.87,4.13,3.81,3.97,3.6,3.82,5.55
DEFB121,3.41,3.25,3.41,3.49,3.71,3.55,4.14,3.51,3.39,3.44,3.39,3.52,3.47,3.63,3.52,3.86,3.48,3.64,3.47,3.52,3.45,3.42,3.46,3.69,3.54,3.81,3.85,3.66,3.74,4.05,5.45,3.43,3.62,3.49,3.56,3.63,3.74,3.73,5.57,3.63,3.51,3.73,3.71,4.49,3.4,3.77,3.57,3.67,3.42,5.08
DEFB123,3.29,3.57,3.54,3.58,3.65,3.48,3.76,3.98,3.48,3.45,3.54,3.37,3.42,4.07,3.7,3.66,3.46,3.34,3.58,3.34,3.27,3.43,3.38,3.53,3.44,3.71,3.24,3.32,3.56,4.59,4.1,5.72,3.58,3.49,3.57,3.54,3.61,3.5,3.74,3.48,3.4,3.36,3.59,4.16,3.63,3.7,3.45,3.3,3.58,3.97
DEFB123,3.72,3.78,3.74,3.75,4.37,4.21,4.31,3.98,3.83,3.68,4.02,4.01,3.99,4.84,3.91,3.86,4,3.68,4.04,3.61,4.06,4.07,4.02,3.57,3.75,3.55,3.73,4.01,3.95,5.28,4.31,5.68,3.78,4.22,4.23,3.82,3.86,3.71,4.08,4.07,3.69,3.85,4.22,4.89,3.62,3.98,3.9,3.83,4.03,4
DEFB124,4.08,4.27,3.97,4.02,4.37,4.2,4.01,4.41,4.17,4.35,4.33,3.98,4.1,4.91,4.05,4.32,4.17,4.2,4.1,4.18,4.19,4.31,4.27,4.16,4.05,4.3,4.34,3.98,4.19,5.64,4.61,4.76,4.04,4.14,4.13,4.07,4.04,4.04,5.14,4.1,4.08,4.41,4.45,4.87,4.08,4.47,4.19,4.1,4.02,4.61
DEFB124,5.11,5.01,5.34,5.42,5.91,5.59,6.37,5.29,5.07,5.04,5.43,5.06,5.08,6.3,5.22,5.36,5.26,5.27,5.34,5.4,5.17,5.42,5.09,5.39,5.47,5.31,5.24,5.49,5.55,6.35,6.99,5.57,5.08,5.38,5.33,5.2,5.66,5.39,6.38,5.44,4.99,5.39,5.39,5.64,5.16,5.78,5.46,5.57,5.12,5.38
DEFB125,3.87,3.74,3.53,3.89,4.17,3.87,4.23,3.78,3.62,3.71,3.76,3.64,3.82,3.84,4.02,3.71,3.66,3.72,4.09,4.11,3.85,3.87,3.68,3.61,3.81,3.61,3.63,3.82,3.87,5.54,6.49,4.17,3.71,3.72,3.77,4,4.13,3.54,5.18,3.52,3.6,3.66,4.39,5.97,3.6,3.53,3.86,3.46,3.56,4.96
DEFB126,3.65,3.86,3.85,3.9,3.73,4.2,3.72,3.89,4.03,4.11,3.74,3.73,3.84,4.86,3.89,3.95,3.84,3.99,3.82,4.3,3.77,4.07,4.16,4.01,4.13,4.14,3.81,4.01,3.87,5.09,7.04,4.72,3.84,3.97,3.78,3.7,4.24,3.71,4.06,4.03,3.77,4.11,3.77,4.9,3.68,4.11,4.02,3.98,3.78,4.71
DEFB126,3.46,3.45,3.5,3.69,3.62,4.15,4.37,4.03,3.47,3.58,3.62,3.52,3.52,4.66,3.6,3.67,3.5,3.88,3.77,3.58,3.61,3.56,3.61,3.48,3.75,3.57,3.51,3.44,3.64,3.66,5.8,5.91,3.71,3.86,3.56,3.84,3.93,3.54,3.99,3.69,3.41,3.57,3.57,5.25,3.72,3.78,3.77,4.01,3.61,4.25
DEFB126,3.48,3.35,3.44,3.59,3.67,3.67,4.19,3.77,3.44,3.52,3.5,3.4,3.42,3.63,3.45,3.45,3.38,3.51,3.33,3.53,3.48,3.46,3.39,3.94,4.04,3.46,3.48,3.4,3.43,4.49,6.26,4.87,3.57,3.41,3.69,3.36,3.94,3.43,5.59,3.5,3.45,3.36,3.77,6.13,3.33,4.19,3.71,3.8,3.41,3.46
DEFB127,3.46,3.65,3.63,3.66,3.94,3.56,4.98,3.63,3.65,3.53,3.8,3.46,3.69,4.82,3.43,3.59,3.53,3.46,3.81,3.62,4,3.64,3.78,3.49,3.33,3.57,3.54,3.77,3.63,5.07,5.43,3.74,3.55,3.41,3.72,3.57,3.76,3.87,4.1,3.41,3.52,3.55,3.76,4.16,3.76,3.98,3.82,3.51,3.68,3.78
DEFB128,3.65,3.94,3.68,3.69,3.74,3.86,4.75,3.79,3.51,3.87,3.88,3.63,3.75,4.69,3.46,3.64,3.74,3.66,3.92,3.69,3.73,3.82,3.71,3.57,3.54,3.62,3.79,3.76,4.33,3.94,4.73,4.65,4.1,4.09,3.89,3.53,3.9,3.89,3.98,3.8,3.71,3.64,3.95,3.67,3.69,3.99,3.58,3.73,3.53,4.52
DEFB128,3.81,3.62,3.66,3.87,3.6,3.57,3.66,3.87,3.86,3.68,4.18,3.99,3.66,4.13,3.63,3.77,3.63,4.31,3.68,4.07,3.77,4.22,3.63,3.69,3.95,4.03,3.95,3.67,3.83,3.89,4.7,4.44,3.82,3.87,3.71,3.98,3.64,3.76,3.87,3.66,3.8,4.27,3.97,4.04,3.51,3.58,3.74,3.57,3.93,4.42
DEFB129,4.21,4.54,4.08,4.54,4.44,4.79,4.22,4.03,4.44,4.45,4.56,4.41,4.37,5.65,4.24,4.62,4.37,4.36,4.37,4.18,4.48,4.4,4.27,4.21,4.44,4.61,4.25,4.14,4.51,4.75,5.62,5.77,4.33,4.56,4.42,4.56,4.16,4.33,4.24,4.63,4.2,4.26,4.45,4.87,4.19,4.6,4.51,4.43,4.32,5.64
DEFB130,4.02,4.25,3.98,3.82,4.06,3.78,3.9,3.47,4.06,4.01,4.15,4.11,4.21,4.36,3.75,3.72,3.69,3.93,3.69,3.62,4.05,4.03,4.05,4,3.5,3.49,3.73,3.95,3.9,4.76,6.07,4.1,4.44,3.92,3.81,3.93,3.63,3.67,3.97,3.52,3.62,3.9,3.82,4.36,3.97,4.06,3.85,3.54,3.78,3.7
DEFB131,3.44,3.46,3.42,3.27,3.68,3.54,3.5,3.35,3.4,3.28,3.4,3.5,3.43,3.49,3.32,3.37,3.54,3.44,3.52,3.39,3.34,3.53,3.37,3.25,3.44,3.54,3.22,3.36,3.47,3.65,5,4.16,3.38,3.23,3.51,3.29,3.38,3.5,4.43,3.14,3.4,3.36,3.45,3.98,3.41,3.43,3.62,3.18,3.43,3.79
DEFB132,4.28,4.19,4.2,4.43,4.53,4.45,4.55,3.97,4.22,4.25,4.42,4.36,4.21,4.83,3.93,4.26,4.1,4.48,3.92,4.04,4.11,4.23,4.65,4.22,4.16,3.97,4.16,4.14,4.36,3.92,5.26,4.87,4.21,3.92,4.03,4.07,4.36,4.43,3.84,4.15,4.37,4.33,4.38,4.71,3.85,3.96,4.11,4.06,4.05,5.54
DEFB132,3.71,3.85,3.62,3.71,4.03,3.99,4.31,3.56,3.76,3.76,4.09,3.7,3.76,5.62,3.63,3.75,3.39,3.58,3.58,3.58,4.07,3.89,3.71,3.49,3.78,4.01,3.72,3.77,4.06,3.8,5.32,5.11,3.77,3.72,3.81,3.43,3.64,3.91,3.65,3.47,3.44,3.72,3.58,5.45,3.39,3.63,3.79,3.6,3.55,5.27
DEFB133,3.54,3.55,3.53,3.59,3.78,3.54,3.94,3.52,3.54,3.48,3.67,3.46,3.76,3.71,3.54,3.85,3.58,3.54,3.75,3.66,3.58,3.72,3.64,3.61,3.48,3.48,3.64,3.56,3.52,4.54,3.95,3.32,3.55,3.51,3.45,3.59,3.86,3.6,4.43,3.5,3.67,3.86,3.55,4.32,4.16,3.93,3.5,3.44,3.67,4.11
DEFB134,4.77,5.2,4.48,4.68,4.49,4.7,4.82,4.53,4.55,4.89,4.89,4.8,4.91,5.98,4.52,4.43,4.6,4.71,4.35,4.38,4.7,4.83,4.53,4.47,4.4,4.21,4.66,4.92,4.82,4.31,4.65,4.57,4.44,4.39,4.85,4.5,4.15,4.42,4.67,4.51,4.35,4.64,4.51,6.05,4.51,4.28,4.68,4.36,4.55,5.48
DEFB134,3.5,3.47,3.41,3.51,4.03,3.41,3.49,3.63,3.51,3.58,3.53,3.48,3.56,4.53,3.7,3.74,3.2,3.86,3.86,3.42,3.39,3.63,3.36,3.33,3.71,3.58,3.36,3.76,3.57,4.76,3.72,3.92,3.54,3.62,3.82,3.65,3.58,3.33,3.9,3.37,3.38,3.67,3.56,4.19,3.6,3.84,3.83,3.7,3.48,4.4
DEFB135,3.54,3.68,3.76,3.62,3.72,3.58,3.99,3.54,3.67,3.63,3.62,3.85,3.72,4.19,3.7,3.67,3.56,3.58,3.58,3.63,3.66,3.66,3.82,3.67,3.52,3.41,3.52,3.57,3.69,4.17,4.92,3.72,3.67,3.7,3.45,3.65,3.65,3.65,4.22,3.64,3.62,3.44,3.79,4.13,3.76,3.81,3.61,3.5,3.81,3.88
DEFB136,3.95,4.42,4.14,4.13,4.13,3.99,4.22,4.14,4,4.14,4.63,4.18,4.29,5.67,4.04,3.96,4.03,4.49,3.97,3.8,4.47,4.42,4.34,3.87,4.3,3.55,4.52,4.17,4.63,5.2,7.42,4.76,4.03,4.09,4.39,3.78,4.44,3.88,4.41,3.94,3.88,3.94,4.27,4.85,4.13,4.57,4.19,3.73,3.94,4.89
DEFB4,5.25,5.12,5.22,5.38,5.83,5.49,5.98,5.63,5.08,5.27,5.53,5.27,5.33,6.78,5.68,5.98,5.55,5.93,5.39,5.32,5.14,5.49,5.36,5.58,5.71,5.41,5.69,5.7,5.31,7.35,7.45,7.22,5.32,5.19,5.53,5.52,5.65,5.44,5.33,5.64,5.55,5.74,5.59,7.11,5.38,6.17,5.3,5.43,5.63,7.08
DEFT1P,3.66,3.48,3.55,3.59,3.8,3.72,4.15,3.77,3.6,3.73,3.66,3.58,3.43,5.38,3.49,3.62,3.6,4.03,3.53,3.49,3.43,3.73,3.87,3.89,3.71,3.66,3.64,3.72,3.78,4.73,4.12,3.96,3.94,3.58,3.88,3.81,3.76,3.84,3.81,3.89,3.71,4,4.01,4.75,3.82,4.18,3.76,3.87,3.52,4.98
DEGS1,10.35,10.52,10.2,10.31,10.14,10.21,9.97,10.06,10.43,10.31,10.5,10.22,10.26,9.44,10.2,10.13,10.26,10.19,10.12,10.15,10.14,10.01,10.28,10.12,10.13,10.14,10.33,10.23,10.28,9.89,8.26,9.6,10.07,10.07,9.98,10.06,10.09,10.03,9.92,10.21,10.24,10.15,10.19,9.25,10.23,10.06,10.02,10.27,10.31,9.36
DEGS1,9.28,9.41,9.23,9.14,9.13,9.19,9.14,9.05,9.46,9.26,9.45,9.05,9.34,9.07,9.07,8.79,9.21,8.92,9.08,9.19,9.1,8.87,9.25,8.87,9.01,9.12,9.2,9.08,9.27,9.37,8.47,9.05,8.92,9.01,8.88,9.01,8.9,8.78,8.74,9.27,9.3,9.05,9.24,8.9,9.09,8.93,9.02,9.12,9.46,7.77
DEGS2,4.13,3.92,4.41,4.32,3.94,4.24,4.63,4.78,4.36,4.11,4.28,4.32,4.03,5.14,4.18,4.23,4.17,4.39,4.21,4.2,4.11,4.45,4.31,4.3,4.12,4.35,4.23,4.44,4.36,4.48,6.63,5.07,4.48,4.46,4.2,4.61,4.57,4.54,4.63,4.03,4.65,4.84,4.45,5.33,4.16,4.15,4.58,4.3,4.1,4.76
DEK,7.62,7.58,7.25,7.28,6.34,6.45,6.63,7.42,7.85,7.51,6.8,7.36,7.78,6.31,7.35,7.34,7.57,7.43,7.54,7.73,6.8,6.59,6.66,6.96,6.96,7.31,7.25,7.36,7.25,6.68,4.83,4.93,7.49,7.55,7.49,7.33,6.96,7.24,6.3,6.96,6.64,6.46,6.5,5.41,7.17,6.67,7.05,7.04,7.41,6.48
DEK,12.08,12.15,11.88,11.95,11.57,11.66,11.5,11.71,12.17,11.98,11.9,11.86,12.06,11.2,11.94,11.89,12.03,11.98,12.06,12.05,11.51,11.57,11.56,11.44,11.52,11.67,11.9,11.93,11.89,11.69,9.44,10.96,12.07,12.02,11.93,11.83,11.8,11.85,11.4,11.56,11.65,11.59,11.56,10.45,11.67,11.64,11.72,11.71,11.87,10.41
DEK,9.71,9.86,9.5,9.59,9.13,9.14,8.95,9.5,9.89,9.67,9.49,9.48,9.78,9.31,9.64,9.61,9.63,9.64,9.64,9.76,9.02,9.08,9.02,8.96,8.9,9.18,9.37,9.54,9.4,9.04,8.4,8.42,9.68,9.71,9.64,9.42,9.23,9.59,8.57,9.25,9.07,9.01,8.88,8.84,9.12,9.02,9.34,9.36,9.46,8.93
DEK,9.89,9.54,9.44,9.29,9.1,9.41,9.87,9.14,9.68,9.63,9.38,8.98,9.07,7.4,9.71,9.68,9.82,9.92,9.72,10.09,9.13,8.91,9.07,9.21,9.08,9.55,9.75,9.57,9.67,9.12,9.61,8.03,10.18,9.47,9.87,9.62,9.63,9.16,9.36,9.09,9.08,9.51,9.29,8.79,9.21,9.48,9.41,8.83,8.71,8.76
DEK,11.14,10.78,10.79,10.55,10.32,10.82,11.28,10.56,11,10.93,10.76,10.39,10.2,9.62,11.19,11.14,11.18,11.27,11.18,11.36,10.47,10.32,10.27,10.64,10.48,10.77,10.89,10.83,10.92,10.48,9.32,9.54,11.34,10.81,11.23,11.09,10.88,10.57,10.85,10.39,10.26,10.74,10.7,9.58,10.53,10.8,10.76,10.15,10.12,7.53
DEK,9.77,9.47,9.29,9.51,8.56,8.6,8.66,9.29,9.65,9.54,9.16,9.45,9.71,8.24,9.45,9.47,9.46,9.54,9.51,9.74,8.89,8.94,8.61,8.8,8.97,9.02,9.25,9.49,9.21,7.79,7.73,8.16,9.55,9.59,9.48,9.26,9.03,9.41,8.45,8.98,8.78,8.64,8.36,7.95,9.16,8.72,9.11,9.22,9.16,7.94
DEK,11.6,11.75,11.51,11.57,11.34,11.36,11.28,11.28,11.69,11.5,11.47,11.42,11.62,10.66,11.43,11.51,11.62,11.65,11.62,11.61,11.12,10.96,11.22,11.11,11.06,11.3,11.52,11.35,11.67,11.42,9.74,10.79,11.66,11.52,11.5,11.38,11.47,11.42,11.09,11.22,11.29,11.21,11.39,10.19,11.37,11.42,11.13,11.38,11.57,9.95
DEM1,5.47,5.71,5.79,5.65,5.83,5.53,5.46,5,5.68,5.69,5.43,5.08,5.3,6.29,5.88,5.94,5.85,5.32,5.6,5.5,5.13,5.76,5.57,5.6,6.13,5.59,6.05,5.79,6.23,6.15,5.51,4.92,5.67,6.06,6.02,5.63,5.9,6.55,5.15,5.45,5.78,5.67,6.13,5.33,5.67,5.55,5.49,5.36,5.28,5.53
DEM1,5.06,5.3,5.58,5.36,5.44,5.33,5.34,5.19,5.24,5.54,5.38,4.91,5.37,5.08,6,5.49,5.64,5.4,5.41,5.25,5.24,5.51,4.97,5.5,4.85,5.65,4.96,5.13,5.75,5.49,4.83,5.62,5.56,5.75,5.18,5.44,5.76,5.6,5.73,5.21,5.51,5.05,5.42,5.34,5.39,5.1,5.37,5.39,5.27,4.86
DENND1A,6.89,6.7,6.95,6.68,7.31,7.05,6.95,7.11,6.67,6.79,7.16,6.79,6.61,6.48,6.65,6.63,6.82,6.69,6.73,6.64,6.93,6.94,7.12,7.15,7.25,6.99,7.21,6.47,7.26,7.26,6.78,5.72,6.72,6.63,6.41,6.87,7.03,6.79,6.93,7,7.05,7.41,7.79,6.71,7.49,7.41,7.21,6.76,6.99,6.71
DENND1A,5.13,4.91,4.83,5.46,5.05,4.71,5.43,5.29,4.82,5.19,5.11,5.22,4.96,4.88,5.05,5.12,5.08,5.1,5.28,4.93,5.12,5.06,4.74,4.68,5.18,5.02,5.06,5.34,4.84,4.77,5,5.21,4.95,5.03,5.3,4.99,5.41,4.85,5.51,4.54,5.14,4.95,5.11,5.91,5.12,4.93,5.43,5.2,5.11,4.91
DENND1A,7.66,7.52,7.82,7.74,8.28,7.88,7.45,7.93,7.57,7.57,7.73,7.52,7.17,6,8.03,7.83,8.07,7.13,7.24,7.25,7.8,8.03,7.82,8.47,8.5,8.26,7.67,7.71,7.69,6.77,5.9,6.86,8.33,8.56,8.57,8.44,8.46,8.36,7.26,8.02,7.97,7.73,7.61,5.59,8.61,8.32,8.45,8,7.76,7.13
DENND1B,4.79,5.05,5.28,5.01,4.7,4.47,4.78,4.66,4.89,5.06,4.9,4.93,4.95,4.93,4.94,4.64,5.06,4.72,5.07,5.31,4.88,5.35,4.81,4.89,4.71,4.64,4.52,5.1,4.91,5.56,4.92,4.61,4.55,4.68,4.91,5,4.92,4.89,4.85,5.28,4.56,4.58,4.95,6.1,5.4,5.4,4.82,4.74,4.7,4.62
DENND1B,3.72,4.12,4.04,3.83,4.16,3.96,3.83,3.59,4.11,3.8,4.22,4.14,4.17,4.26,3.69,3.96,3.74,3.86,3.94,3.4,3.71,4.11,4.06,3.82,3.66,3.69,3.96,3.98,3.85,3.89,5.09,4.18,3.52,3.88,3.96,3.63,3.95,3.72,3.85,3.48,3.64,3.96,3.81,4.5,3.56,4.35,3.63,3.71,3.68,4.1
DENND1B,3.97,4.02,3.91,3.88,3.89,4.06,4.26,3.9,4.03,3.97,4.24,4.15,3.86,4.19,4.18,3.93,3.55,3.92,4.07,3.74,3.99,3.77,3.96,3.73,3.9,3.8,3.98,3.75,3.62,4.69,4.31,4.44,4.04,3.92,4.22,3.95,3.86,3.88,4.81,3.99,3.79,4.38,4.19,4.4,3.91,3.94,4.26,3.73,3.96,3.94
DENND1C,7.26,6.89,7.6,7.55,7.76,7.75,7.57,7.48,7.44,7.39,7.46,7.59,7.49,7.74,8.07,8.03,8.12,7.91,7.82,7.86,7.98,7.65,7.69,8.18,8.28,8.32,7.67,7.46,7.53,6.92,7.13,7.76,7.91,7.96,7.77,8.17,8.52,8.39,7.51,7.94,8.05,7.85,8.12,7.85,7.42,7.6,7.01,7.85,7.95,7.99
DENND1C,3.72,4,3.74,3.55,4.18,3.81,3.88,3.86,3.8,3.86,3.83,3.66,3.6,4.56,3.7,3.78,3.89,3.75,4.18,3.95,3.79,3.84,3.91,4.44,3.84,3.94,3.72,3.6,3.79,4.34,4.74,4.95,3.5,3.67,4.03,4.02,3.94,3.97,4.6,4.19,4.08,4.65,4.32,4.02,4.27,4.38,3.96,3.86,4,4.84
DENND2A,3.77,3.82,3.52,3.78,3.95,3.92,3.89,3.9,3.6,3.98,3.82,3.9,3.83,3.7,3.79,3.68,3.67,3.72,3.82,3.84,3.77,4.15,3.83,3.75,3.7,3.58,3.68,3.95,3.9,4.03,3.8,3.7,3.73,3.53,3.83,3.72,3.75,3.68,4.36,4.1,3.53,3.51,3.92,4.59,3.48,3.73,3.61,3.63,3.75,3.88
DENND2A,4.87,4.91,4.64,4.65,4.58,4.65,4.17,4.58,4.88,4.74,5.16,4.77,4.88,5.49,4.71,4.92,4.49,4.84,5.14,4.64,4.84,4.95,5.46,4.69,4.68,4.68,4.72,4.87,5.01,5.35,5.92,5.1,5.17,4.87,4.75,4.59,4.58,4.9,5.27,4.21,4.33,5.06,4.7,4.98,4.34,4.85,4.79,4.75,4.8,4.07
DENND2C,4.12,4.29,4.09,4.35,4.46,4.47,4.45,4.33,4.23,4.2,4.13,4.16,4.44,5.49,4.26,4.36,4.51,4.4,4.09,4.3,4.28,4.44,4.13,4.14,4.55,4.18,4.63,4.43,4.19,3.63,5.29,6,4.47,4.45,4.29,4.61,4.17,4.26,4.18,4.15,4.29,4.39,4.05,4.75,4.36,3.98,4.25,4.47,4.31,5.88
DENND2D,3.51,3.55,3.67,3.41,3.73,3.93,4.27,3.69,3.57,3.55,3.57,3.61,3.48,4.6,3.9,3.7,3.6,3.6,3.71,3.41,3.82,3.49,3.7,3.51,3.53,3.6,3.57,3.45,3.75,3.88,4.39,3.91,4.13,3.64,3.59,3.74,3.77,3.9,4.43,3.55,3.64,3.86,3.61,4.01,3.57,4.04,3.45,3.38,3.67,3.92
DENND3,8.87,9.09,8.84,8.89,9.27,9.22,9.27,9.15,8.78,8.89,9.38,8.91,8.97,8.4,8.69,8.54,8.69,8.72,8.85,8.81,9.19,9.15,9.46,8.95,9.03,9.04,8.92,8.81,9.31,9.19,7.1,8.82,8.69,8.78,8.58,8.79,9.05,8.69,8.85,9.06,9.15,9.56,9.84,8.76,9.41,9.51,9.42,9.06,9.34,8.58
DENND3,7.71,7.51,7.6,7.66,7.42,7.68,7.6,7.93,7.47,7.55,7.36,7.45,7.36,6.15,7.72,7.43,7.5,7.47,7.39,7.7,7.9,7.81,7.57,7.84,7.77,7.69,7.5,7.79,7.52,6.11,5.24,5.49,7.76,7.79,7.72,7.22,7.49,7.3,7.1,7.66,7.7,7.74,7.99,6.41,7.95,7.62,8.08,7.59,7.53,6.35
DENND3,7.65,7.48,7.71,7.71,8.31,8.28,8.32,7.99,7.54,7.77,7.87,7.7,7.78,7.1,7.54,7.5,7.65,7.78,7.73,7.78,7.71,7.91,8.11,8.11,7.98,7.96,7.97,7.74,7.92,7.95,5.66,6.78,7.62,7.78,7.47,7.71,7.74,7.8,8.12,8.01,7.86,8.61,8.54,7.73,8.33,8.57,8.39,7.82,8.08,6.49
DENND3,9.56,9.63,9.51,9.55,9.34,9.43,9.62,10.04,9.34,9.71,9.75,9.63,9.54,10,9.47,9.41,9.37,9.38,9.37,9.48,9.82,9.9,9.88,9.77,9.84,9.7,9.42,9.66,9.52,8.88,9.54,10.06,9.49,9.5,9.36,9.42,9.28,9.41,8.38,9.66,9.6,10.25,10.11,10.37,9.98,9.75,10.06,9.66,9.82,10.46
DENND4A,7.84,8.19,7.58,7.75,7.67,7.7,7.32,7.64,7.93,7.78,8.21,7.99,8.07,8.12,8.1,7.96,8,7.69,7.67,7.85,8,8.09,8.66,7.92,7.91,7.88,7.75,7.84,7.96,6.2,7.87,6.49,7.84,8.24,8.11,7.98,7.78,7.87,6.21,7.46,7.65,7.73,8.02,8.62,7.48,7.25,7.39,7.63,7.96,7.26
DENND4A,7.68,7.47,7.68,7.54,6.99,6.91,7.08,7.59,7.56,7.79,7.08,7.66,7.59,6.3,7.7,7.61,7.79,7.44,7.77,7.96,7.75,7.67,7.44,7.68,7.7,7.9,7.33,7.66,7.1,7.44,6.11,6.89,7.51,7.6,7.34,7.56,7.27,7.78,7.08,7.2,6.95,7.43,7.57,6.39,7.13,6.95,7.2,7.36,7.24,6.78
DENND4A,10.24,10.27,10.08,10.12,10.07,9.75,10.09,10.24,10.01,10.19,10.07,10.08,10.05,9.41,10.17,10.34,10.22,9.97,9.85,9.97,10.39,10.4,10.37,10.36,10.31,10.33,9.99,10.02,10.08,10.23,9.15,9.83,10.52,10.58,10.46,10.22,10.26,10.23,10.03,10.02,10.02,10.19,10.18,8.01,9.85,9.91,9.89,9.94,10.05,9.24
DENND4A,5.74,5.27,5.58,5.51,5.9,5.9,5.99,5.16,5.58,5.66,5.22,5.23,5.01,5.47,5.9,5.88,5.63,5.35,5.42,5.4,5.33,5.67,5.31,6.09,5.92,6.26,5.35,5.48,5.36,5.13,5.12,5.34,5.94,5.81,6.48,5.68,5.61,5.31,5.68,5.6,5.93,5.55,5.37,5.33,5.47,5.55,5.05,5.46,5.42,5.43
DENND4B,8.78,8.76,9.06,9.1,9.31,9.13,9.1,9.28,8.79,9,9.17,8.83,8.73,8.68,8.84,9.01,8.75,8.88,9.01,8.83,8.85,8.84,9.09,9.04,9,8.83,9.23,8.77,9.07,8.95,8.36,7.7,8.86,8.94,8.8,8.97,9.06,8.99,8.74,9.37,9.17,9.46,9.32,8.65,8.96,9.06,9.12,9,9.3,8.46
DENND4C,8.88,9.08,8.97,9.02,8.71,8.76,8.73,8.82,8.9,8.88,9.13,9.05,9.01,8.91,9.47,9.44,9.4,8.97,9.05,9.08,9.08,9.18,9.48,9.46,9.46,9.51,8.85,8.84,8.93,8.76,7.3,7.21,9.37,9.45,9.48,9.46,9.4,9.37,8.68,8.92,8.82,8.98,9.07,8.89,8.69,8.55,8.72,8.84,8.85,8.65
DENND4C,6.21,5.74,5.94,5.93,5.56,5.55,5.8,6.18,6.28,6.32,5.61,5.98,6.08,5.13,6.4,6.53,6.55,5.69,6.13,6.19,6.18,6.46,6.3,6.27,6.45,6.73,6.03,6.43,5.7,6.12,5.81,5.08,6.26,6.72,6.04,6.52,6.28,6.34,5.1,6.25,5.73,5.75,5.62,4.81,5.62,5.41,5.54,6.06,5.9,5.61
DENND5A,9.91,10.05,9.81,9.86,9.89,10,9.68,9.95,9.74,9.86,9.82,10.17,10.13,9.33,9.73,9.75,9.86,9.44,9.44,9.56,10.48,10.42,10.54,10.39,10.26,10.26,9.82,9.78,9.91,9.15,8.16,9.53,10.1,10.17,10.13,9.76,9.78,9.81,10.07,10.09,10.05,9.91,10.11,9.82,9.7,9.72,9.79,9.94,9.96,9.09
DENND5A,8.01,7.29,7.65,7.63,6.79,6.64,6.63,7.64,7.69,7.74,7.12,7.94,8.05,6.73,7.76,7.87,7.62,7.06,7.27,7.38,8.22,8.2,7.83,8.12,8.11,8.19,7.49,7.76,6.93,5.47,6.5,5.8,8.2,8.25,8.03,7.65,7.39,7.51,7.14,7.84,7.41,7.23,6.9,4.88,7.18,7.04,7.33,7.54,7.58,6.21
DENND5B,4.41,4.76,4.39,4.37,4.62,4.16,4.88,4.07,4.6,4.28,5.14,4.26,4.41,5.25,4.18,4.29,4.05,4.05,4.01,4.02,4.27,4.31,4.42,4.17,4.22,3.88,4.33,4.42,4.49,5.08,3.79,4.33,4.47,4.13,4.08,4.04,4.14,4.07,4.16,4.88,4.21,4.14,4.24,4.16,4.27,4.17,4.51,4.2,4.64,5.6
DENND5B,4.55,4.24,4.6,4.79,4.95,4.34,4.32,4.81,4.58,4.48,4.8,4.4,4.4,4.11,4.26,4.25,4.78,4.4,4.42,4.54,4.24,4.31,4,4.47,4.07,4.2,4.34,4.67,4.34,4.18,5.64,4.24,4.45,4.53,4.46,4.15,4.06,4.13,5.12,4.19,4.29,4.16,4.16,4.4,4.38,3.98,4.43,4.34,4.4,4.31
DENND5B,3.72,3.86,3.77,3.69,4.07,3.66,3.56,3.42,3.64,3.78,3.7,3.78,3.61,4.74,3.71,3.92,3.64,4.03,3.72,3.34,3.88,3.75,3.71,3.65,3.54,3.7,3.5,3.57,3.64,3.45,4.06,3.89,3.61,3.68,3.4,3.37,3.92,3.56,3.73,4.13,3.5,3.69,3.49,5.23,3.59,3.69,3.68,3.64,4.02,4.04
DENR,10.6,10.65,10.55,10.59,10.28,10.41,10,10.41,10.72,10.6,10.61,10.62,10.86,9.47,10.47,10.52,10.5,10.55,10.48,10.57,10.71,10.78,10.71,10.45,10.49,10.57,10.56,10.63,10.52,10.32,7.85,9.34,10.37,10.39,10.23,10.38,10.41,10.39,10.4,10.43,10.53,10.5,10.53,9.38,10.6,10.48,10.54,10.63,10.71,9.22
DENR,8.66,8.31,8.34,8.45,8.04,8.06,7.68,7.97,8.73,8.49,8.12,8.48,8.36,7.14,8.14,8.05,8.38,8.37,8.48,8.35,8.29,8.29,8.15,8.26,8.2,8.15,8.17,8.26,7.99,7.54,6.33,5.84,8.24,7.94,7.79,8.15,7.83,8.08,7.84,8.25,8.26,7.46,6.89,6.82,8.11,7.76,7.76,8.54,8.19,6.1
DENR,10.63,10.46,10.34,10.42,10.02,10.04,10.37,10.36,10.57,10.5,10.26,10.66,10.59,9.25,10.43,10.42,10.29,10.38,10.34,10.48,10.42,10.54,10.17,10.34,10.38,10.42,10.35,10.56,10.15,9.98,8.47,9.51,10.25,10.28,10.24,10.23,10.13,10.35,10.03,10.24,10.23,9.86,10.04,9.61,10.31,10.13,10.17,10.46,10.34,9.58
DEPDC1,7.4,7.75,7.25,7.31,7.07,7.17,7.6,6.88,7.52,7.38,7.61,7.14,7.27,6.82,6.48,6.28,6.54,7,6.96,7.35,5.47,5.69,6,5.4,5.41,5.35,7.23,6.92,7.4,6.97,5.54,5.98,7.26,7.44,7.4,6.3,6.27,6.22,7.5,7.53,7.61,6.79,6.54,6.77,6.54,6.52,6.46,7.48,7.73,5.84
DEPDC1,7.49,7.46,7.57,7.43,7.59,7.66,7.16,7.44,7.59,7.54,7.67,7.22,7.19,6.54,6.91,6.85,6.71,7.72,7.66,7.74,5.87,5.67,6.3,6.11,6.24,5.83,7.61,7.6,7.61,7.21,8.21,6.97,6.69,7.15,6.98,6.69,6.55,6.59,7,7.56,8.05,7.03,7.25,8.14,7.23,7.1,7.24,7.78,7.78,6.81
DEPDC1,8.94,8.62,8.58,8.48,8.28,8.72,8.42,8.41,8.96,8.88,8.53,8.3,8.06,6.94,8.21,8.04,7.96,8.81,8.8,8.95,6.76,7.04,6.74,7.27,7.13,6.84,8.7,8.76,8.56,6.84,6,7.21,9.13,8.88,9.21,8.11,7.26,7.79,8.75,8.81,8.91,8.02,7.85,6.66,8.04,7.61,7.51,8.49,8.18,7.45
DEPDC1B,7.71,7.41,7.21,7.44,6.37,6.69,5.93,7.52,7.49,7.62,7.06,7.27,7.02,6.42,7.17,6.82,6.66,7.37,7.46,7.48,6.24,6.26,5.55,6.23,5.82,5.95,7.45,7.63,6.77,6.11,5.06,6.43,7.28,7.17,7.22,6.7,6.13,6.67,6,7.58,7.4,6.57,6.77,6.13,6.34,5.93,6.67,7.71,7.37,6.73
DEPDC1B,8.35,8.59,8.12,8.27,7.82,7.91,7.46,8.09,8.56,8.26,8.37,8.26,8.41,7.45,7.82,7.68,7.66,8.03,8.21,8.26,6.52,7.06,7.05,7,7.03,6.92,7.94,8.07,8.03,7.2,6.72,7.41,7.57,7.83,7.76,7.56,7.32,7.43,7.58,8.39,8.33,7.25,7.39,7.61,7.27,7.03,7.43,8.29,8.59,7.76
DEPDC1B,9.33,9.66,9.27,9.44,9.09,9.01,9,9.03,9.57,9.31,9.67,9.26,9.34,9.3,8.76,8.5,8.61,9.18,9.26,9.33,7.5,7.8,8.18,7.8,7.94,7.77,9.14,9.2,9.16,7.16,6.12,7.75,8.72,8.93,8.89,8.63,8.4,8.57,9.11,9.57,9.54,8.62,8.53,9.48,7.94,8.27,8.42,9.54,9.56,8.31
DEPDC4,4.29,4.19,4.06,4.31,4.41,4.04,4.33,4.09,4.16,4.21,4.07,4.01,4.14,3.79,4.11,4.07,4.12,4.15,4.03,4.23,3.96,4.02,4.04,4.36,4.26,4.32,4.17,4.31,4.02,4.27,6.1,3.91,4.06,4.1,4.37,4.22,4.24,4.41,4.12,4.41,4.11,4.07,3.94,4.02,4.4,4.09,4.42,4.37,4.55,5.04
DEPDC5,5.77,5.76,5.87,5.92,6.1,6.05,5.17,6,5.59,5.79,6.33,5.62,5.49,5.43,5.59,5.52,5.73,5.81,5.85,6.09,5.55,5.63,5.92,5.64,5.61,5.53,5.9,5.58,6.21,5.65,5.37,5.43,5.72,5.64,5.68,5.62,5.7,5.6,4.87,5.63,5.89,6.02,6.01,5.9,5.91,6.2,5.91,5.67,6.02,6.73
DEPDC5,4.34,4.35,4.44,4.56,4.09,4.4,4.43,4.13,4.58,4.26,4.47,4.43,4.37,5.2,4.2,4.1,4.4,4.49,4.38,4.03,4.39,4.67,4.71,4.11,4.3,4.53,4.49,4.35,4.48,5.02,6.98,6.6,4.52,4.3,4.28,4.46,4.32,4.11,4.33,4.26,4.46,4.53,4.31,5.05,4.28,4.41,4.29,4.14,4.31,5.82
DEPDC5,6.2,6.16,6.19,6.28,6.47,5.82,6.28,6.6,6.13,6.28,6.17,6.06,5.78,6.5,6.23,6.31,6.06,6.02,6.36,6.12,6.18,6.14,6.1,6.05,6.25,6.03,6.28,6.41,6.23,5.57,6.38,5.41,5.93,6.23,5.96,6,5.37,6.18,6.03,6.5,6.44,6.3,5.73,5.63,6.08,5.91,5.99,6.48,6.31,4.9
DEPDC6,3.83,4.03,3.96,3.65,4,3.66,4.36,3.79,4.04,4.09,4.03,4.1,4.08,5.14,3.82,4.02,3.71,4.42,4.68,4.26,3.56,3.85,3.96,4.13,4.14,3.95,3.79,3.85,3.93,4.37,6.26,4.15,3.5,3.86,3.57,3.74,3.84,3.79,4.03,3.83,3.75,4.2,3.68,3.91,3.94,3.79,3.46,3.85,4.02,4.42
DEPDC6,4.4,4.09,4.34,4.33,4.8,4.76,4.43,4.25,4.4,4.36,4.72,4.67,4.27,4.92,4.12,4.27,4.47,4.76,4.48,4.95,4.1,4.29,4.06,4.39,4.79,4.29,4.39,4.47,3.95,5.17,4.26,3.86,4.21,4.06,4.25,4.38,4.22,4.48,4.34,4.42,4.03,4.05,4.73,5.57,4,3.87,4.52,4.41,4.44,5.12
DEPDC6,4.87,5.21,4.35,4.9,4.84,4.72,4.6,3.9,4.54,4.82,4.96,5.16,4.87,4.46,4.41,4.55,4.38,4.69,5.07,4.71,4.45,4.31,4.75,4.73,4.46,4.3,4.53,4.58,4.58,4.14,4.55,4.48,4.44,4.73,4.54,4.3,4.37,4.61,4.43,4.46,4.28,5.13,5.02,5.5,4.46,4.17,4.34,4.47,4.5,4.08
DEPDC7,3.48,3.53,3.37,3.61,3.42,3.66,5.15,3.46,3.57,3.36,3.4,3.7,3.67,4.02,3.42,3.45,3.33,3.45,3.35,3.35,3.52,3.45,3.61,3.52,3.21,3.43,3.38,3.33,3.82,3.89,4.51,3.7,3.59,3.58,3.46,3.35,3.14,3.34,3.59,3.28,3.43,3.41,3.58,3.54,3.53,3.38,3.58,3.38,3.46,4.11
DEPDC7,4.05,3.83,3.92,3.78,3.99,3.89,3.86,3.45,3.76,3.85,4,3.81,3.9,4.19,3.85,3.83,3.75,4.03,3.63,3.86,4.28,3.81,4.12,3.8,3.69,3.7,3.7,3.79,3.97,5.72,5.11,3.82,3.59,3.66,3.89,3.6,4,3.58,4.31,3.73,3.63,3.85,4.08,4.42,4.34,3.76,3.62,3.86,4.01,4.52
DEPDC7,4.56,4.38,4.64,4.68,4.55,4.48,4.55,4.4,4.56,4.35,4.81,4.75,4.68,5.11,4.4,4.61,4.57,4.4,4.26,4.3,4.27,4.58,4.58,4.49,4.5,4.04,4.16,4.46,4.19,4.92,7.08,6.15,4.84,4.61,4.65,4.38,4.42,4.79,4.65,4.29,4.21,4.57,4.56,4.95,4.26,4.45,4.25,4.47,4.53,5.02
DEPDC7,3.49,3.26,3.48,3.5,3.58,3.54,4.47,3.83,3.55,3.79,3.32,3.61,3.45,4.26,3.56,3.41,3.29,3.51,3.73,3.44,3.42,3.49,3.56,3.72,3.44,3.22,3.51,3.24,3.43,3.34,3.95,4.79,3.49,3.37,3.68,3.41,3.71,3.34,3.76,3.43,3.52,3.63,3.58,5.01,3.4,3.99,3.63,3.67,3.44,4.58
DERA,9.7,10.05,9.91,9.9,9.84,9.72,8.9,9.49,10.08,9.93,9.9,9.66,9.64,7.75,9.53,9.27,9.42,9.88,10.06,9.88,9.28,9.28,9.5,9.33,9.3,9.2,9.82,9.74,9.65,9.01,6.66,8.1,9.56,9.54,9.54,9.57,9.45,9.47,9.09,9.46,9.56,9.68,9.74,8.3,9.91,9.7,9.72,9.59,9.44,7.45
DERA,7.01,6.75,6.74,6.85,6.47,6.49,6.06,6.91,7.22,6.92,6.41,6.83,7.19,6.5,6.38,6.17,6.49,6.98,6.98,7.1,6.3,6.22,6.21,6.09,6.39,6.41,6.91,6.86,6.82,5.44,7.13,5.18,6.79,6.43,6.6,6.37,6.41,6.64,5.96,6.58,6.71,6.62,6.4,5.44,6.84,6.76,6.93,6.56,6.82,6.11
DERL1,9.34,8.96,9.21,8.98,8.84,8.68,8.18,9.2,9.16,9.34,8.64,9.18,9.21,6.3,9.07,9.04,9.07,8.82,8.93,9.04,9.05,9.08,8.66,9.11,9.17,9.13,8.97,9.24,8.57,7.26,5.8,5.36,8.87,8.94,8.81,9.09,8.95,9.05,8.36,9.02,8.95,8.71,8.61,7.4,8.99,8.66,9.25,9.27,9.15,7.81
DERL1,10.04,9.78,10.14,10.05,9.99,10,9.5,10,10.01,10.02,9.8,9.93,9.99,8.82,9.85,9.78,9.88,9.88,9.89,9.8,9.77,9.53,9.71,9.88,9.81,9.88,10.09,9.98,9.96,9.22,8.47,8.81,9.93,10.07,10.01,9.78,9.73,10.06,9.62,9.92,9.95,9.52,9.52,8.4,10.08,9.92,9.81,10.05,10.01,8.26
DERL1,9.65,9.72,9.63,9.83,9.7,9.67,9.28,9.77,9.85,9.85,10,9.76,9.72,9.36,9.69,9.61,9.64,9.57,9.46,9.49,9.68,9.68,9.81,9.49,9.65,9.64,9.75,9.75,9.77,9.74,7.02,9.48,9.37,9.36,9.32,9.67,9.56,9.64,9.42,9.83,9.8,9.63,9.6,9.48,9.62,9.73,9.75,9.79,9.86,9.52
DERL2,10.88,10.78,10.77,10.87,10.8,10.81,10.41,10.57,10.91,10.91,10.81,10.76,10.79,8.19,10.47,10.46,10.6,10.79,10.83,10.8,10.63,10.59,10.72,10.59,10.59,10.67,10.89,10.81,10.85,10.45,7.73,6.91,10.71,10.69,10.6,10.45,10.56,10.65,10.83,10.75,10.81,10.47,10.45,7.84,10.85,10.74,10.75,10.75,10.83,7.96
DERL3,5.36,5.18,5.41,5.55,5.73,5.73,5.98,5.67,5.31,5.33,5.39,5.25,5.33,5.21,5.34,5.28,5.43,5.39,5.55,5.6,4.98,4.93,5.27,5.41,5.49,5.31,5.25,5.43,5.15,6.54,5.29,5.76,5.26,5.23,5.56,5.29,5.19,5.52,5.82,5.29,5.25,5.76,5.34,5.49,5.18,5.47,5.31,5.48,5.2,7.08
DERL3,5.43,5.68,5.59,5.51,5.72,5.89,4.73,5.9,5.44,5.77,5.85,5.3,5.18,5.08,5.09,5.02,5.17,5.49,5.77,5.3,4.92,4.89,5.2,5.01,4.75,5.1,5.71,5.53,5.6,4.77,6.88,6.76,4.81,5.13,5.22,5.44,4.84,5.4,4.86,5.32,5.41,5.39,5.8,5.36,5.16,4.63,5.67,5.36,5.09,5.95
DERL3,5.34,5.31,5.86,5.57,5.5,6.07,5.35,5.54,5.58,5.74,5.85,5.24,5.01,5.4,5.18,4.96,5.27,5.76,5.66,5.77,4.9,5.01,5.12,5.06,5.25,4.6,5.86,5.93,5.74,4.78,5.42,6.95,5.21,4.93,5.36,5.58,4.86,5.45,4.21,5.74,5.34,5.65,5.32,4.98,5.67,4.99,5.38,5.24,5.5,6.22
DERL3,5.35,5.3,5.31,5.4,6.04,5.75,6.12,5.52,5.23,5.44,5.2,5.03,5.15,5.54,5.12,5.24,5.17,5.87,5.57,5.51,5.32,5.04,5.07,4.92,5.26,5.24,5.5,5.49,5.1,6.43,6.03,5.83,5.45,5.14,5.16,4.92,5.12,5.2,4.31,5.21,5.61,5.09,5.62,4.75,5.4,5.22,5.75,5.12,5.12,5.61
DES,4.81,4.96,4.84,4.91,5,5.19,5.07,4.61,4.75,5.1,5.1,5.12,4.97,5.45,4.86,4.56,4.61,4.87,4.6,4.64,5.54,4.92,5.2,4.62,4.56,4.55,4.89,4.53,5.33,4.8,6.43,7.3,4.92,5.02,4.95,4.73,4.34,4.77,4.51,4.76,4.57,5.11,4.88,5.92,4.81,4.92,4.94,4.65,4.67,5.14
DES,6.13,6.16,6.08,6.18,6.42,6.57,7.34,6,6.09,6.05,6.39,6.15,6.17,6.48,5.92,6.21,6.03,6.5,6.29,6.16,6.21,6.23,6.14,6.13,6.3,5.69,6.4,6.46,6.42,5.46,6.25,6.91,6.45,6.3,6.13,6,6.08,6.12,6.55,6.18,6.22,6.66,6.54,7.57,5.82,6.53,6.25,6.16,6.12,6.68
DES /// FAM48A,5.93,6.17,6.16,6.43,6.68,6.21,5.95,6.84,6.3,6.14,6.61,6.17,6.08,6.87,6.09,6.7,6.27,6.27,6.01,6.2,6.36,6.5,6.48,6.37,6.41,6.1,6.17,6.18,6.51,6.39,6.41,7.51,6.22,6.21,6.52,6.05,5.95,6.4,7.02,6.39,6.4,6.52,6.49,7,6.38,6.36,6.55,6.45,6.36,7.28
DET1,5.31,5.14,5.44,5.76,5.31,4.9,5.47,5.73,5.68,5.66,5.25,5.33,5.19,5.34,5.55,5.84,5.84,6.01,5.72,6.11,5.41,5.34,5.31,5.91,6,5.96,5.06,5.58,5.09,4.63,5.99,5.05,5.51,5.2,5.3,5.98,6.06,5.63,5.75,6.16,6.2,5.83,5.69,4.65,6.2,5.51,6.21,5.84,5.69,5.28
DET1,6.33,6.31,6.74,6.65,6.68,6.31,5.56,6.62,6.64,6.75,6.52,6.69,6.01,6.22,6.69,6.49,6.74,6.65,6.91,7.04,6.6,6.7,6.44,6.95,7.08,7.08,6.66,6.76,5.97,4.47,4.54,5.22,6.09,6.33,6.25,6.98,6.69,6.86,5.38,7,6.74,7.03,6.72,5.64,6.76,6.94,7.16,6.68,6.76,5.3
DEXI,8.06,8.01,8.21,8.08,8.55,8.45,9.01,8.47,7.94,8.04,8.08,8.06,8.13,7.79,8.16,8.29,8.3,8.05,7.96,7.82,8.33,8.31,8.3,8.34,8.35,8.61,8.43,8.18,8.37,8.66,6.38,7.41,8.44,8.4,8.31,8.09,8.56,8.26,8.89,8.43,8.5,8.33,8.6,7.52,8.67,8.93,8.45,8.4,8.43,7.15
DEXI,8.79,8.67,9.03,8.94,9.18,9.22,8.73,9.1,8.76,8.87,9,8.86,8.85,8.13,9.03,9.05,9.1,8.86,8.72,8.59,9.23,9.04,9.11,9.16,9.1,9.2,9.04,9.02,9.24,8.53,9.44,9.15,9.17,9.11,9.15,9.14,9.13,9.03,9.59,9.07,9.17,9.12,9.25,6.96,9.47,9.26,9.28,9.07,9.09,8.83
DEXI /// LOC100133165,7.52,7.13,7.37,7.31,7.46,7.42,7.44,7.82,7.32,7.56,7.06,7.55,7.21,7.63,7.7,7.81,7.67,7.15,7.3,7.35,7.51,7.63,7.35,7.83,7.75,7.75,7.45,7.72,7.35,6.49,5.95,7.63,7.55,7.54,7.71,7.49,7.35,7.79,7,7.74,7.51,7.46,7.41,6.85,7.44,7.45,7.95,7.56,7.43,8.11
DFFA,8.65,8.25,8.76,8.63,9.09,9,8.41,8.88,8.59,8.61,8.74,8.48,8.29,7.58,8.45,8.35,8.52,8.42,8.36,8.48,8.37,8.41,8.23,8.6,8.41,8.27,8.78,8.78,8.71,6.51,6.25,8.37,8.36,8.4,8.62,8.52,8.56,8.43,8.09,8.93,8.75,8.51,8.42,7.98,9.2,9.12,9.13,8.61,8.42,8.86
DFFA,8.23,8.19,8.42,8.32,8.47,8.5,8.38,8.37,8.16,8.35,8.12,7.86,7.97,7.41,8.12,8.34,8.33,8.41,8.43,8.45,8.41,8.24,8.13,8.16,8.1,8.14,8.54,8.2,8.6,7.2,6.69,8.7,8.57,8.42,8.54,8.33,8.55,8.17,8.51,8.26,8.39,8.29,8.53,7.11,8.61,8.57,8.51,8.17,8.14,7.08
DFFA,7.81,7.35,7.48,7.39,7.81,8.29,8.56,7.36,7.46,7.38,7.65,7.05,6.61,5.47,7.82,7.81,7.84,7.91,7.97,7.98,7.56,7.29,7.6,7.69,7.7,7.7,7.63,7.59,7.76,6.84,5.22,5.73,7.86,7.43,7.89,7.75,7.85,7.1,8.45,7.67,7.67,7.81,7.82,5.15,7.99,8.16,8.08,7.15,7.07,5.86
DFFA,8.77,8.47,8.7,8.61,8.66,8.89,9.26,8.74,8.66,8.65,8.62,8.27,8.41,7.86,8.62,8.52,8.74,8.95,8.97,8.85,8.58,8.56,8.58,8.45,8.55,8.47,8.78,8.77,8.87,8.95,8.44,6.92,8.96,8.88,8.91,8.59,8.87,8.52,8.77,8.82,8.88,8.77,8.85,7.15,9.01,9.18,9.02,8.56,8.48,7.06
DFFB,5.57,4.67,5.7,5.62,5.89,5.78,6.04,5.55,5.49,5.44,5.13,5.16,5.15,7.15,5.41,5.23,5.42,5.58,5.59,5.56,5.55,5.3,5.23,5.81,5.59,5.84,5.41,5.76,5.41,5.21,5.39,5.87,5.71,5.24,5.19,5.47,5.77,5.67,5.77,5.55,5.24,5.75,5.11,7.75,6.21,5.71,5.44,5.79,5.74,6.1
DFFB,5.48,5.22,5.67,5.54,5.36,5.18,4.46,5.5,5.4,5.43,5.5,5.62,5.61,6.3,5.42,5.59,5.56,5.49,5.01,5.26,5.54,5.83,5.48,5.5,5.58,5.43,5.73,5.77,5.21,6.89,6.22,5.53,5.35,5.34,5.65,5.31,4.94,5.29,3.6,5.43,5.27,5.42,5.29,5.6,5.18,4.86,5.35,5.87,5.47,6.63
DFFB,6.99,6.87,6.96,7.08,7.1,6.72,6.7,7.18,7.1,6.85,7.04,6.86,6.86,5.84,6.5,6.77,6.55,6.89,6.86,6.65,7.3,7.04,7.09,6.69,6.75,6.8,6.96,6.93,6.94,7.78,6.22,6.23,6.53,6.7,6.49,6.78,6.83,6.8,6.77,6.87,6.92,7.05,7.14,6.37,6.57,6.54,7.11,6.65,7.31,6.14
DFFB,4.65,4.51,4.48,4.46,4.16,4.38,6.28,4.51,4.66,4.69,4.72,4.73,4.68,4.34,4.3,4.55,4.14,4.39,4.51,4.29,4.42,4.57,4.29,4.71,4.14,4.06,4.32,4.49,4.53,4.78,6.56,4.61,4.57,4.68,4.44,4.44,4.51,4.51,5.87,4.2,4.43,4.41,4.43,4.5,3.84,4.33,3.76,4.36,4.67,4.16
DFFB,5.26,5.09,5.31,5.42,5.17,4.69,5.26,5.14,5.25,5.35,5.27,5.21,5.29,4.81,5.17,5.42,5.14,5.5,5.21,5.11,5.47,5.07,5.12,5.6,5.23,5.45,5.31,5.24,5.26,5.52,6.3,6.63,5.54,5.22,5.15,5.06,5,5.2,5.3,5.25,5.13,5.1,5.02,6.64,5.2,5.28,4.84,5.28,5.23,5.1
DFFB,5.41,5.18,5.61,5.16,6.15,5.55,5.74,5.72,5.27,5.28,5.45,5.53,5.59,6.25,5.21,5.13,5.53,5.69,5.35,5.52,5.39,5.12,5.25,5.23,5.58,5.19,5.22,5.55,5.36,5.86,6.24,6.11,5.47,5.16,5.62,5.55,5.56,5.46,6.22,5.37,5.63,5.6,5.55,5.9,5.33,5.89,5.72,5.61,5.41,5.84
DFFB,5.57,4.9,5.15,5.63,4.91,5.77,4.68,5.7,5.26,5.35,5.21,5.05,5.14,5.89,5.43,5.64,5.37,5.45,5.32,5.08,5.19,5.21,5.25,5.8,5.01,5.4,5.46,5.39,5.46,5.11,5.32,5.2,5.27,5.39,5.52,5.55,5.5,5.52,5.51,5.61,5.54,5.46,5.73,6.72,5.8,5.37,5.43,5.65,5.56,5.07
DFNA5,4.12,4.06,4.18,4.41,4.72,4.21,4.09,4.02,4.08,3.85,4.05,3.91,3.82,4.83,4.11,3.91,4.08,4.05,4.1,3.96,4.25,3.94,4.41,4.11,3.97,4.16,4.25,3.91,4.07,5.83,6.12,4.53,4.24,4.27,4.16,3.79,3.82,4.04,5.05,3.6,4.01,3.7,3.91,3.83,4.18,4.27,4.3,4.28,4.14,4.16
DFNB31,7.09,7,7.38,7.36,7.56,7.65,7.43,7.26,6.96,7.09,7.61,7.09,7.11,6.56,7.55,7.74,7.54,7.14,7.14,7.02,7.15,7.52,7.8,7.9,7.89,7.59,7.25,6.98,7.54,7.72,7.05,7.03,7.78,7.89,7.81,7.67,7.93,7.71,7.9,7.37,7.7,7.76,7.86,5.93,6.73,6.77,7.2,7.46,7.83,6.35
DFNB59,5.28,4.88,5.45,5.45,5.07,5.5,4.58,5.37,5.27,5.35,5.21,5.25,5.14,5.67,5.22,5.41,5.43,4.9,4.96,5.28,5.7,5.59,5.36,5.64,5.65,5.58,5.38,5.42,5.59,6.03,4.71,4.95,4.76,5.02,5.15,5.35,5.81,5.74,5.05,5.45,5.56,6.14,5.63,5.36,5.64,4.94,5.76,5.6,5.45,5.53
DGAT1,5.27,4.98,4.86,5.11,5.18,5.08,5.04,5.24,4.88,5.17,5.07,4.96,5.25,5.95,5.03,4.91,5.07,5.07,5.04,5,5.13,5.31,5.17,5.04,5.2,4.93,5.2,5.27,5.24,5.12,6.1,6.14,5.31,4.99,5.29,5.03,5.03,5.24,4.93,5.1,5.07,5.35,5.23,5.31,4.73,5.01,4.93,5.01,5.09,7.18
DGAT1,8.29,8,8.33,8.02,8.52,8.58,7.69,8.26,8.11,8.01,8.27,8.05,7.82,5.53,8.35,8.27,8.33,7.72,8,7.95,8.16,8.17,8.62,8.55,8.47,8.48,8.13,8.23,8.37,6.96,6.03,6.98,8.72,8.64,8.66,8.39,8.54,8.66,7.77,8.46,8.37,8.3,8.22,6.71,8.07,8.26,8.22,8.15,8.19,6.37
DGAT2,6.4,6.53,6.76,6.64,6.77,6.36,6.26,6.83,6.81,6.68,6.74,6.41,5.97,6.69,6.16,6.45,6.07,6.62,6.57,6.86,6.03,6.07,5.98,6.08,5.92,6.05,7.22,6.59,6.99,6.06,6.26,6.91,5.71,5.7,6.33,5.86,6.22,6.18,6.5,7.17,6.63,7.16,7.03,5.47,6.94,6.85,7.04,7,6.87,6.43
DGAT2,6.44,6.16,6.6,6.51,6.95,6.39,6.25,7.04,6.53,6.4,6.47,6.21,6.24,6.33,5.95,6.15,5.92,6.63,6.61,6.23,5.73,5.86,5.72,5.83,5.99,5.79,6.21,6.79,6.02,5.37,5.46,5.8,5.67,5.88,6.04,6.37,5.92,5.77,5.94,6.4,6.95,6.53,6.59,5.39,6.59,6.47,6.6,6.68,6.4,5.22
DGAT2L6,4.69,4.77,4.76,4.86,4.83,4.2,4.39,4.57,4.68,4.78,5.31,4.99,4.87,4.89,4.48,5.41,4.6,4.5,4.9,5.1,4.68,4.89,4.48,4.96,4.74,4.48,4.93,5.07,4.84,4.23,4.19,4.51,4.43,4.57,4.66,4.72,4.62,4.63,4.91,4.18,4.62,4.93,4.41,7.54,5.11,4.54,4.58,5.03,4.8,4.46
DGCR14,5.66,5.5,5.82,5.09,5.87,5.69,5.3,5.83,5.64,5.69,5.71,5.44,5.31,6.1,5.74,5.26,5.37,5.67,5.67,5.23,5.02,5.26,5.53,5.31,5.57,4.96,5.51,5.49,5.92,4.5,4.32,5.23,4.94,5.32,5.26,5.37,6.23,5.33,4.74,5.84,5.54,6.03,5.67,5.27,5.03,5.37,5.64,5.58,5.66,5.3
DGCR14,7.36,6.87,7.46,7.1,7.18,7.22,7.81,7.78,7.22,7.27,6.99,7.02,7.05,5.13,7.32,7.47,7.47,7.27,7.28,7.12,7.51,7.35,7.29,7.43,7.2,7.5,7.45,7.07,7.43,5.95,5.72,6.53,7.54,7.59,7.51,7.42,7.7,7.46,4.97,7.32,7.48,7.74,7.61,5.9,7.37,7.19,7.21,7.39,7.26,5.66
DGCR2,3.68,3.64,3.88,3.51,3.6,3.58,3.93,3.79,3.71,3.65,3.63,3.67,3.68,3.78,3.51,4.01,3.57,3.68,3.49,3.76,3.62,3.69,3.64,3.88,3.49,3.42,3.54,3.63,3.56,4.21,4.02,5.56,3.66,3.79,3.59,3.82,4.02,3.92,4.02,3.69,3.93,3.5,4.19,4.1,3.56,3.82,3.95,3.82,3.77,4.06
DGCR2,4.15,3.7,3.86,3.97,3.7,3.98,3.72,3.75,3.86,3.96,3.57,3.95,3.68,3.49,3.95,4.02,3.98,3.88,3.57,3.53,4.07,3.79,3.86,4.24,3.72,4.08,3.61,4.06,3.73,5.34,3.94,5.14,4.19,4.19,4.28,3.76,3.42,3.84,3.57,3.76,3.5,3.58,3.93,3.6,4.83,3.81,3.49,3.92,3.58,4.67
DGCR2,8.03,8.08,8.1,8.19,8.15,8.23,7.72,8.07,8.16,8.14,8.34,8.11,7.92,8.04,8.07,7.92,8.16,8.07,8.01,7.94,8.12,8.09,8.39,7.92,7.92,7.98,8.05,7.98,7.98,7.76,7.5,7.39,7.97,8.17,8.03,7.88,8.08,7.91,7.8,7.9,7.93,8.16,8.22,8.02,7.85,8.06,7.94,8.02,8.31,7.8
DGCR2,5.55,5.49,5.75,5.35,5.72,5.57,6.34,5.61,5.51,5.33,5.47,5.49,5.44,5.67,5.67,5.44,5.5,5.39,5.63,5.16,5.75,5.69,5.52,5.59,5.51,5.3,5.32,5.5,5.43,5.81,4.95,5.98,6.01,5.86,5.7,5.52,5.76,5.79,5.05,5.39,5.59,5.4,5.06,5.43,5.25,5.64,5.27,5.64,5.29,5.24
DGCR2,6.25,6.2,6.41,6.51,6.51,5.98,5.9,5.93,6.04,6.48,6.32,6.2,6.13,6,6.49,6.38,6.29,6.23,6.24,6.08,6.08,6.41,6.05,6.59,6.34,6.3,6.33,6.42,6.13,5.43,5.95,6.95,5.92,6.11,6.18,6.27,6.03,6.2,5.83,6.03,6.13,6.42,5.98,5.82,6.27,5.81,6.2,6.11,6.64,6.1
DGCR6,10.7,10.66,10.85,10.77,10.92,10.8,10.77,10.68,10.73,10.7,10.7,10.74,10.75,10.2,10.78,10.76,10.83,10.94,10.94,10.8,10.72,10.72,10.76,10.8,10.74,10.72,10.8,10.73,10.72,10.5,9.74,10.57,10.9,10.91,10.89,10.8,10.87,10.84,10.71,10.78,10.82,10.57,10.73,10.13,10.66,10.61,10.59,10.72,10.54,10.18
DGCR6,9.15,9.07,9.11,9.16,9.04,9.14,9.31,9.4,9.09,9.06,8.82,9.03,9.03,9.26,9.02,9.12,8.96,9.28,9.2,9.04,9.11,8.96,8.96,8.94,9.09,9.21,9.12,9.06,9.09,8.98,8.05,9.11,9.32,9.23,9.28,9.06,9.22,9.15,9.29,9.12,9.15,8.79,9,8.71,9.08,9.12,9.01,9.04,8.97,9.57
DGCR6L,8.61,8.44,8.6,8.6,8.83,8.7,8.49,8.36,8.48,8.55,8.57,8.55,8.37,7.42,8.58,8.57,8.66,8.83,8.68,8.63,8.5,8.57,8.55,8.64,8.54,8.48,8.62,8.65,8.67,8.62,6.66,7.77,8.67,8.67,8.71,8.64,8.67,8.64,8.87,8.65,8.62,8.58,8.53,7.62,8.48,8.52,8.36,8.48,8.45,7.3
DGCR8,3.9,3.63,3.92,3.9,3.66,4.49,3.75,3.6,3.79,3.67,3.68,3.87,3.78,4.19,3.58,4.26,3.87,4.11,3.78,3.76,3.86,3.91,3.8,3.84,3.82,4.05,4.03,3.73,3.83,4.59,4.35,4.14,3.64,4.23,3.93,3.81,3.65,3.72,4.09,3.94,3.78,4.06,4.19,4.56,3.85,4.33,4.1,3.91,3.96,4.84
DGCR8,8.35,8.2,8.62,8.49,8.94,8.79,8.61,8.73,8.28,8.38,8.63,8.2,8,8.04,8.33,8.25,8.27,8.64,8.71,8.61,8.18,7.82,8.35,8.4,8.2,8.07,8.61,8.46,8.61,8.72,6.14,9.41,8.32,8.35,8.42,8.67,8.68,8.44,8.6,8.64,8.74,8.85,8.78,8.32,8.98,8.88,8.93,8.41,8.54,7.95
DGCR9,4.21,4.07,4.19,4.84,4.84,4,3.9,4.3,4.54,4.22,4.9,4.53,4.12,6.12,4.09,4.69,4.09,4.39,4.62,4.11,4.6,4.41,4.71,4.36,4.54,4.31,4.02,4.53,4.31,3.42,3.61,5.93,4.42,4.36,4.3,4.23,4.09,4.12,4.11,4.27,4.14,4.36,4.16,4.7,3.64,3.88,4.47,4.16,4.43,5.02
DGKA,8,7.88,8.18,8.1,8.5,8.21,7.53,8.26,7.9,8.11,7.79,8.3,8.27,6.64,8.81,8.94,8.73,8.25,8.12,8.35,8.8,8.79,8.72,8.98,8.94,9.1,8.15,7.88,8.08,7,5.99,7.84,8.99,9.01,8.87,8.73,8.87,8.98,8.03,8.38,8.32,8.33,8.51,7.01,8.32,8.2,8.25,8.36,8.55,7.36
DGKA,6.63,6.12,6.61,6.6,5.93,6.39,6.18,6.68,6.61,6.62,6.26,6.72,6.33,5.62,7.18,7.18,7.26,6.69,6.72,6.91,7.17,7.31,6.64,7.59,7.37,7.34,6.67,6.63,6.29,6.1,4.63,5.54,7.18,7.52,7.16,6.92,6.96,7.41,5.6,6.61,6.5,6.69,5.97,4.88,6.28,6.16,6.61,6.54,6.72,6.26
DGKA,5.28,5.64,5.35,5.55,5.44,5.06,5.18,5.24,5.59,5.55,5.51,5.6,5.63,6.49,5.52,5.74,5.2,5.94,5.03,5.47,5.4,5.74,5.54,5.46,5.52,5.79,5.02,5.46,5.78,6.27,4.91,7.38,5.1,5.57,5.54,5.38,4.85,5.27,5.31,5.22,5.91,5.43,5.76,6.44,5.55,5.33,5.59,5.44,5.37,5.77
DGKB,4.92,5.19,5.06,5.31,5.48,4.64,4.27,4.75,5.22,5.03,5.29,5.21,5.11,5.81,5.13,5.24,4.95,5.17,5.25,5.22,5.15,5.31,5.28,5.5,5.31,5.15,4.8,5.63,5.08,4.82,4.21,5.83,4.85,5.06,5.29,5.21,4.87,5.12,4.94,5.08,4.91,5.22,4.95,6.06,5.57,5.17,5.67,5.02,5,4.94
DGKB,4.09,4.58,4.06,4.2,4.2,4.33,3.91,4.38,4.27,4.22,4.52,4.47,4.21,4.63,4.19,4.1,4.24,4.23,4.24,4.11,4.2,4.12,4.36,4.09,4.3,4.29,4.36,4.18,4.27,4.8,4.52,5.14,3.93,3.86,4.04,4.17,4.49,4.13,4.44,4.22,4.19,4.33,4.42,4.82,4.13,4.33,4.46,3.98,4.21,4.68
DGKB,4.82,4.75,4.74,4.76,4.6,4.67,5.39,4.1,4.64,4.79,4.9,4.75,4.59,4.71,4.57,4.6,4.7,4.76,4.88,4.84,5.11,5.04,4.73,5.1,4.58,4.89,4.74,4.43,4.76,5.25,4.29,4.98,4.78,4.9,4.63,4.67,4.83,4.98,4.96,4.79,4.68,4.61,4.48,4.35,4.68,4.77,5.08,4.68,4.61,4.57
DGKB,4.39,4.57,4.55,4.74,4.78,4.31,4.57,4.34,4.76,4.42,4.78,4.59,4.57,5.78,4.72,4.49,4.46,4.3,4.45,4.42,4.58,4.61,4.78,4.72,4.36,4.4,4.53,4.71,5.03,5.08,4.68,5.74,4.53,4.58,4.62,4.44,4.36,4.36,4.73,4.43,4.63,4.92,4.77,4.53,4.97,4.68,4.32,4.72,4.79,5.15
DGKB,4.75,5.03,5.21,4.77,4.95,4.51,4.52,5.27,4.96,5,4.88,5.29,4.92,5.7,5.07,5.22,5.12,4.92,5.12,5.25,5.02,4.82,4.94,5.35,4.82,5.01,5.09,5.48,4.71,6.16,6.08,6.89,4.72,5.06,4.7,5.25,5.85,5.26,3.96,4.94,4.92,5.31,5.19,5.76,5,5.16,5.22,4.79,4.74,6.43
DGKD,7.91,8,8.07,8.1,8.42,8.38,8.14,8.1,7.69,7.84,8.22,7.85,7.55,7.87,8.04,7.93,8.12,8,7.86,7.85,7.58,7.96,8.04,8.06,7.94,7.65,7.89,8.09,8.34,8.05,7.73,8.41,7.83,7.77,7.94,7.95,7.85,8.1,8.45,8.25,8.16,8.37,8.44,8.53,8.05,8.48,8.39,8.07,8.11,7.63
DGKE,4.57,4.76,4.27,4.66,4.5,4.24,4.27,4.36,4.49,4.77,4.43,4.66,4.62,4.24,4.27,4.4,4.34,4.47,4.47,4.19,4.28,4.2,4.41,4.14,4.27,4.07,4.31,4.57,4.4,4.89,3.92,6.03,4.29,4.64,4.47,4.07,4.19,4.22,4.2,4.23,4.2,4.19,4.36,4.12,3.97,4.52,4.24,4.48,4.31,5.17
DGKE,3.74,3.7,3.56,3.64,4.17,3.46,4.11,3.32,3.46,3.53,3.75,3.76,3.38,4.69,3.49,3.53,3.49,3.38,3.53,3.47,3.69,3.73,3.71,3.41,3.4,3.49,3.63,3.43,3.84,5.4,4.85,3.92,3.68,3.71,3.71,3.48,3.54,3.36,4.53,3.56,3.43,3.58,3.83,3.98,3.42,3.66,3.84,3.35,3.43,4.13
DGKE,3.51,3.65,3.41,3.56,3.9,3.43,5.13,3.6,3.63,3.52,3.76,4.03,3.63,4.43,3.62,3.64,3.54,3.93,3.39,3.46,3.65,3.7,3.57,3.41,3.55,3.38,3.52,3.62,3.54,4.81,5.89,3.66,3.51,3.61,3.82,3.29,4.09,3.42,5.01,3.32,3.29,3.53,3.63,3.82,3.56,3.9,3.56,3.63,3.5,4.22
DGKE,3.69,3.4,3.35,3.49,3.67,3.59,4.36,3.53,3.56,3.35,3.92,3.75,3.56,4.02,3.69,3.38,3.44,3.44,3.44,3.44,3.64,3.88,3.43,3.41,3.3,3.58,3.51,3.35,3.79,4.87,5.17,4.55,3.61,3.56,3.75,3.55,3.57,3.38,3.79,3.56,3.47,3.52,3.52,3.81,3.63,3.56,3.93,3.51,3.51,3.85
DGKG,4.03,3.93,4.19,4.13,4.26,4.21,4.99,3.98,4.01,4.17,4.52,4.06,4.11,5.94,4,4.08,4.03,4.19,3.9,3.88,3.96,4.19,4.16,4.04,3.99,4.08,3.95,4.48,4.44,4.97,5.48,5,4.19,4.09,4.11,3.99,4.3,4.18,4.33,3.9,4.02,4.17,4.61,5.26,4.44,4.12,4.38,3.82,4.28,5.23
DGKG,4.43,4.29,4.8,4.72,4.87,4.73,4.6,4.71,4.75,4.75,4.65,4.61,4.45,5.87,4.7,4.54,4.79,4.48,4.73,4.39,4.81,4.69,4.78,4.67,4.75,4.97,4.59,4.73,4.77,4.69,5.14,6.03,4.95,4.54,4.76,4.82,4.9,4.6,4.49,4.52,4.95,4.71,4.95,5.58,4.45,4.56,5.13,4.73,4.96,6.42
DGKG,3.88,3.86,3.72,4.05,4.11,4.09,4.33,4.39,3.84,4.03,3.78,3.86,3.83,4.77,3.69,4.04,3.64,3.89,3.69,3.6,3.82,3.84,3.81,3.95,3.81,3.57,4,3.62,4.03,5.51,4.03,5.41,3.81,4.1,3.7,3.83,3.82,3.71,3.84,3.74,3.72,3.73,3.93,5.56,3.84,4.82,3.92,3.65,3.92,5.21
DGKG,4.38,3.98,3.84,4.11,3.95,4.02,3.98,3.88,3.91,3.87,3.93,4.09,3.89,5.26,4.04,3.84,3.83,3.94,3.85,3.8,4.26,4.07,3.98,3.8,3.88,3.76,3.99,3.92,3.74,4.32,4.71,6.72,4.12,3.93,3.97,3.74,3.67,3.9,4.52,4.33,3.87,4.06,3.71,5.92,3.68,3.66,3.79,4.18,3.75,4.25
DGKH,4.91,4.78,4.34,4.76,4.3,4.64,4.26,4.37,4.98,4.46,5.37,4.97,4.89,4.76,4.52,4.15,4.87,4.33,4.15,4.21,4.44,4.79,4.57,4.87,4.53,4.54,4.77,4.92,4.39,4.93,5.72,5.43,5.05,4.68,5.02,4.72,4.4,4.41,4.85,4.28,5.06,4.68,4.31,4.67,4.6,4.98,4.92,4.47,5.07,4.16
DGKH,4.56,4.88,4.09,4.58,3.72,3.93,3.86,4.07,4.26,4.8,3.98,4.6,4.86,5.09,4.14,4.4,4.05,4.24,4.06,4.04,4.67,4.04,4.28,4.01,4.02,4.16,4.48,4.06,4.28,3.4,3.37,3.54,4.25,4.3,4.23,4.11,3.84,4.18,3.78,4.14,4.54,4.32,4.29,3.93,4.17,4.2,4.43,3.96,4.27,4.2
DGKI,4.49,4.05,4.28,4.11,3.94,3.99,5.33,3.86,3.92,4.48,4.47,4.11,4.33,5.48,4.09,4.5,4.32,3.93,4.06,3.99,4.2,4.32,4.22,4.2,4.35,4.69,4.18,4.02,3.81,4.23,5,4.69,4.33,4.28,4.39,4.05,4.17,4.13,4.76,4.29,4.5,4.86,4.81,4.55,4.61,4.19,5.17,3.98,4.36,4.19
DGKK,3.56,3.48,3.38,3.48,3.4,3.58,3.95,3.41,3.55,3.42,3.36,3.41,3.35,4.53,3.29,3.5,3.27,3.38,3.69,3.49,3.4,3.49,3.45,3.41,3.31,3.49,3.32,3.38,3.23,4.2,5.19,3.91,3.38,3.35,3.4,3.26,3.67,3.48,3.45,3.28,3.41,3.24,3.35,3.55,3.51,3.33,3.41,3.36,3.31,3.85
DGKQ,4.34,4.36,4.57,4.6,4.71,4.62,4.39,4.44,4.54,4.25,4.29,4.47,4.39,4.88,4.55,4.53,4.52,4.36,4.58,4.59,4.45,4.81,4.51,4.78,4.41,4.82,4.45,4.63,4.45,4.85,7.96,4.84,4.65,4.43,4.71,4.45,4.88,4.55,4.27,4.61,4.3,4.2,4.92,4.97,4.67,4.26,4.48,4.41,4.45,5.04
DGKQ,8.02,8.1,8.25,8.05,8.67,8.5,8.59,8.53,7.93,8.05,8.54,8.11,8.15,8.28,8.34,8.1,8.11,8.04,7.95,7.92,8.05,8.42,8.63,8.36,8.48,8.31,8.22,8.07,8.47,8.62,8.44,8.54,8.16,8.25,8.5,8.32,8.47,8.16,7.8,8.42,8.31,8.78,8.76,8.71,7.83,8.1,8.04,8.32,8.62,8.71
DGKZ,7.68,7.62,8.1,7.87,7.86,8.12,7.48,8.17,7.58,7.92,7.7,7.83,7.76,7.72,8.26,8.38,8.18,8.13,8.03,7.91,8.29,7.87,8.4,8.09,8.02,7.94,8.41,7.54,8.03,6.67,7.81,6.51,8.16,7.96,7.93,8.48,8.66,8.6,7.23,8.07,8.04,8.02,7.88,7.39,7.67,7.84,7.54,7.72,8.24,7.52
DGKZ,11.13,11.1,11.16,11.13,11.2,11.32,11.11,11.25,11.11,11.09,11.25,11.25,11.33,12.05,11.54,11.51,11.54,11.26,11.22,11.25,11.39,11.36,11.61,11.43,11.35,11.38,11.13,10.96,11.28,11.23,11.99,11.93,11.48,11.48,11.34,11.66,11.62,11.59,11.15,11.23,11.19,11.13,11.16,11.73,10.69,10.79,10.79,11.12,11.27,11.61
DGKZ,7.19,7.09,7.24,7.04,7.05,7.33,7.5,7.3,6.89,7.19,6.77,6.88,7.03,5.96,7.46,7.61,7.49,7.35,7.3,7.27,7.31,7.23,7.38,7.57,7.33,7.52,7.45,6.69,7.1,4.52,5.38,5.34,7.48,7.56,7.5,7.53,8.05,7.76,7.28,7.33,7.12,7.34,6.75,6.77,6.92,6.54,7.02,7.15,7.22,6.03
DGKZ,10.93,10.94,10.97,11,11.12,11.18,11.07,11.12,10.93,10.97,11.07,11.15,11.12,12.11,11.4,11.36,11.41,11.14,11.09,11.08,11.3,11.22,11.5,11.26,11.29,11.19,11.05,10.98,11.19,11.23,12.24,12.2,11.32,11.35,11.28,11.5,11.5,11.43,10.95,11.14,10.99,11,10.95,11.86,10.52,10.57,10.59,10.98,11.14,11.78
DGKZ,4.76,4.63,4.73,4.86,4.15,3.73,4.21,5.28,4.66,4.61,4.85,4.95,4.57,5.35,5.09,5.08,5.13,5.15,4.45,4.63,4.8,5.1,5.01,5.04,4.99,4.87,4.58,4.52,4.63,4.44,5.03,5.17,5.16,5.18,4.93,4.89,4.83,5.38,4.23,4.5,4.74,4.66,4.75,4.37,4.79,4.16,4.35,4.92,4.54,4.18
DGUOK,12.09,12.1,12.18,12.17,12.14,12.24,12.05,12,12.22,12.11,12.17,12.17,12.27,11.63,12,11.98,12.09,12.05,12.08,11.87,12.16,12.16,12.19,12.12,12.13,12.16,12.09,12.09,12.14,12.3,11.74,12.01,11.96,11.97,11.92,12.09,12.25,12.19,12.16,12.17,12.2,12.15,12.18,11.55,12.3,12.37,12.14,12.15,12.28,11.6
DHCR24,11.15,11.16,11.4,11.39,11.43,11.39,11.14,11.42,11.23,11.36,11.3,11.04,11.09,10.33,10.71,10.58,10.7,11.03,11,10.87,10.76,10.84,10.93,10.81,10.7,10.68,11.35,11.22,11.23,11.28,9.89,10.98,10.78,10.82,10.81,10.9,10.83,10.83,11.21,11.34,11.4,10.95,10.9,10.07,11.18,11.08,11.25,11.11,11.37,10.11
DHCR24,7.13,6.39,6.92,6.73,6.76,6.58,6.87,6.92,6.72,6.69,6.03,6.77,6.54,5.91,6.49,6.41,6.23,6.7,6.58,6.86,6.09,6.21,5.73,6.14,6.28,6.17,6.69,6.62,6.26,6.2,7.22,7.55,6.39,6.47,6.49,6.35,6.37,6.42,6.58,6.6,6.39,6.37,6,5.79,6.41,6.22,6.3,6.26,6.62,6.28
DHCR24,8.4,7.58,8.21,8.26,7.65,7.41,7.43,8.12,8.2,8.41,7.28,7.89,7.7,7.17,7.74,7.98,7.64,8.21,7.88,8.2,7.78,7.84,6.84,7.85,7.7,7.79,8.16,8.38,7.24,5.45,6.75,6.13,8.24,7.93,7.98,7.59,7.13,7.65,6.06,7.98,7.73,7.41,7.14,7,7.77,7.59,8.22,7.85,7.72,7.29
DHCR24,8.03,7.11,7.91,7.78,7.06,7.05,7.28,7.9,7.7,7.89,6.6,7.52,7.2,6.29,7.36,6.95,6.94,7.63,7.48,7.8,7.15,6.98,6.38,7.4,7.03,7.08,7.69,7.83,6.55,5.82,5.77,5.42,7.43,7.49,7.44,7.28,6.51,7.43,5.73,7.78,7.27,6.9,6.62,6.6,7.17,6.41,7.54,7.3,7.26,6.66
DHCR7,9.35,9.18,9.53,9.51,9.05,9.2,8.99,9.37,9.36,9.4,9.01,9.14,9.08,7.1,8.29,8.28,8.24,8.43,8.43,8.3,8.61,8.41,8.37,8.47,8.38,8.45,9.45,9.49,8.92,8.7,8.28,6.67,8.67,8.81,8.73,8.23,7.9,8.31,9.33,9.31,9.4,8.53,8.55,7.42,8.95,8.84,8.86,9.04,9.02,6.71
DHDDS,8.02,7.9,8.2,8.08,8.45,8.37,8.05,8.24,8.04,8.1,8.34,8.17,7.79,7.6,8.11,8.12,8.2,8.3,8.2,7.92,8.12,8.13,8.39,8.37,8.48,8.19,8.32,8.31,8.34,8.3,8.21,8.25,8.2,8.32,8.4,8.4,8.22,8.23,8.06,8.48,8.37,8.07,8.19,8.39,8.27,8.46,8.21,8.34,8.58,7.7
DHDDS,6.88,6.5,7.36,7.05,7.27,7.18,7.27,7.23,7.05,7.21,6.79,7.01,6.88,6.11,7.02,7.15,6.99,7.14,7.22,7.21,7.09,6.98,6.87,7.16,7.09,7.08,7.17,7.23,7.09,5.4,7.03,6.34,7.1,7.15,7.28,7.35,7.2,7.48,6.1,7.25,7.07,6.84,7.05,7.43,7.75,7.13,6.97,7.22,6.87,6.73
DHDH,4.41,4.55,4.57,4.59,5.09,4.54,4.77,5.42,4.72,4.58,4.53,4.61,4.27,4.67,4.28,4.71,4.3,5.03,4.63,4.48,4.39,4.22,4.43,4.51,4.68,4.54,4.56,4.76,4.83,4.86,4.41,6.06,4.62,4.52,4.49,4.82,4.39,4.5,5.02,4.97,4.6,4.39,4.63,4.79,4.64,4.42,4.63,4.4,4.97,4.96
DHDPSL,4.99,5.63,4.55,4.58,4.96,4.87,6.3,4.48,4.65,4.66,4.65,4.74,4.93,5.06,4.4,4.63,4.49,4.67,4.48,4.68,5.26,4.89,4.73,4.3,4.61,4.71,4.62,4.73,4.77,5.55,5.9,5.09,4.64,4.7,4.92,4.84,4.89,4.53,5.03,4.44,4.42,4.71,5.06,5.93,4.54,5.05,4.37,4.57,4.77,5
DHDPSL,4.88,5.12,4.87,4.8,4.65,4.6,4.66,4.66,4.82,4.72,4.69,4.84,4.77,4.51,4.93,5.12,4.64,4.68,5.06,4.81,5.06,4.94,4.74,5.03,4.84,4.85,4.91,4.88,4.65,5.16,5.29,4.99,5.36,4.98,4.79,4.72,5.04,4.8,4.97,4.76,4.64,4.97,4.94,4.41,4.6,4.75,4.49,4.67,4.93,5.21
DHFR,8.74,8.91,8.91,8.75,8.46,8.86,8.93,8.7,9.18,9.03,9.01,8.52,8.77,6.45,8.3,8.22,8.41,8.97,8.99,9.1,7.84,7.75,7.86,7.96,7.86,8.17,8.94,8.63,8.88,8.6,6.21,6.49,8.64,8.69,8.6,8.48,8.49,8.53,7.66,8.38,8.54,8.73,8.69,6.56,8.46,8.42,8.31,8.4,8.79,5.69
DHFR,7.62,7.73,7.46,7.48,7.36,7.43,7.71,7.65,7.59,7.78,7.7,7.32,7.58,6.22,6.86,7.13,7.01,7.51,7.63,7.6,7.08,6.72,6.64,6.47,6.5,6.75,7.43,7.17,7.52,8.01,6.87,6.15,7.56,7.59,7.34,7.06,7.2,7.21,7.27,7.24,7.26,7.42,7.43,6.89,7.2,7.39,7.13,7.21,7.58,7.13
DHFR,9.63,9.57,9.55,9.5,9.21,9.38,9.05,9.24,9.82,9.5,9.52,9.44,9.82,7.58,8.96,8.95,8.95,9.26,9.3,9.46,8.72,8.86,8.71,8.52,8.53,8.65,9.56,9.49,9.63,9.17,7.29,8.09,9.32,9.39,9.46,9.26,8.91,9.1,8.96,9.06,9.32,9.09,9.08,8.23,8.77,8.64,8.79,9.23,9.46,5.93
DHFR,9.97,9.74,9.75,9.85,9.4,9.46,9.04,9.52,9.86,9.95,9.37,9.7,9.64,7.74,9.24,9.31,9.19,9.61,9.63,9.64,8.85,8.95,8.46,8.85,8.84,8.91,9.82,9.88,9.51,9.24,8.01,6.93,9.75,9.76,9.78,9.24,9.29,9.44,9.31,9.33,9.44,9.29,9.17,7.42,9.1,8.91,9.03,9.36,9.36,6.66
DHFR,7.18,6.38,7.27,7.28,6.54,6.89,6.07,6.87,7.3,7.11,5.96,6.62,6.29,5.36,6.89,6.99,6.66,7.37,7.39,7.75,6.25,6.38,5.71,6.47,6.45,6.48,6.94,7.08,5.94,6.11,7.07,6.6,7.24,7.21,7.29,6.97,6.24,7.07,5.4,6.66,6.33,6.22,5.37,5.27,6.36,6.29,6.81,6.94,6.33,4.98
DHFR,8.06,7.43,7.93,7.72,6.92,6.76,7.15,7.91,7.77,7.92,7.11,7.51,7.27,7.67,7.65,7.5,7.46,7.92,7.94,8.2,6.9,6.96,6.45,7.2,7.01,7.25,7.89,7.84,7.03,7.43,7.09,6.66,7.86,7.69,7.58,7.64,7.22,7.82,7.42,7.27,6.98,7.1,7.15,5.91,7.3,6.75,7.05,7.51,6.98,6.9
DHFRL1,6.04,6.28,6.22,5.87,5.66,6.26,5.91,5.8,6.22,5.97,6.71,6.01,6.15,5.73,6.08,6.3,6,6.1,6.33,6.29,5.95,5.75,6.09,5.82,5.93,6.07,6.11,5.96,6.08,5.55,5.81,6.2,5.66,5.77,5.94,5.92,5.88,5.92,6.21,6.04,6.25,6.11,6.17,6.87,5.93,6.17,6.29,6.42,6.24,6.29
DHFRL1,4.43,4.49,4.38,4.49,4.36,4.42,4.59,4.24,4.69,4.5,4.35,4.52,4.4,5.95,4.49,4.88,4.73,4.7,4.8,4.71,4.52,4.28,4.46,4.55,4.51,4.92,4.44,4.42,4.16,4.61,6.21,4.53,4.44,4.49,4.5,4.64,4.26,4.28,4.35,4.86,4.66,4.27,4.18,5.29,4.55,4.43,4.4,4.52,4.42,5.52
DHH,3.97,3.87,3.78,3.92,3.98,4.42,3.95,4.09,3.77,3.65,3.9,3.92,3.86,4.24,3.88,3.8,3.77,3.98,3.92,4.13,4.08,4.08,4,3.99,3.88,4.09,3.94,4.05,3.81,4.34,6.41,5.18,4.06,3.99,4.06,3.88,4.01,3.77,4.1,3.82,3.79,4.23,3.82,4.51,4.04,3.84,3.92,4.05,3.81,4.17
DHODH,6.23,6,6.25,6.32,6.07,6.3,6.69,6.18,6.4,6.13,6.24,6.19,6.23,6.14,6.06,6.33,6.09,6.37,6.58,6.81,5.31,6.02,5.55,5.99,6.07,6.42,6.38,6.43,6.24,5.66,6.88,6.59,6,6.17,6.01,6.03,6.04,6.13,5.99,5.94,6.44,6.12,6.48,5.3,6.37,6.81,6.42,6.46,6.37,6.52
DHPS,8.2,8.32,8.53,8.33,8.49,8.62,8.55,8.5,8.33,8.33,8.36,8.33,8.26,8.34,8.15,8.16,8.08,8.45,8.47,8.47,7.92,8.15,8.26,8.25,8.07,8.02,8.42,8.26,8.5,8.3,8.42,8.43,7.88,8,7.94,8.19,8.4,8.39,8.49,8.52,8.46,8.49,8.82,8.97,8.39,8.31,8.4,8.33,8.39,8.31
DHPS,8.79,8.76,8.86,8.78,8.9,8.9,8.81,8.96,8.83,8.97,8.65,8.75,8.68,8.38,8.4,8.47,8.48,9.05,9.04,9.02,8.63,8.35,8.56,8.62,8.65,8.53,8.91,8.75,8.98,8.93,8.3,8.99,8.44,8.49,8.49,8.54,8.65,8.74,9.16,8.82,9,9.06,9.1,8.41,8.81,9.02,8.64,8.89,8.8,7.71
DHPS,9.49,9.26,9.51,9.5,9.53,9.54,9.22,9.46,9.51,9.45,9.14,9.44,9.52,7.57,9.08,9.16,9.19,9.61,9.61,9.53,9.28,9.14,9.11,9.12,9.14,9.19,9.44,9.44,9.35,8.86,6.23,5.9,9.05,9.01,9,9.19,9.38,9.34,9.01,9.51,9.45,9.5,9.49,7.98,9.28,9.62,9.34,9.55,9.42,6.7
DHPS,9.33,9.18,9.51,9.41,9.35,9.56,9.64,9.64,9.38,9.26,9.08,9.22,9.33,7.25,9.07,8.99,8.97,9.49,9.58,9.67,9.01,9.07,8.95,9.04,8.99,9.17,9.36,9.38,9.16,8.57,5.02,9.23,8.95,8.98,8.89,9.23,9.25,9.25,9.55,9.51,9.44,9.54,9.43,6.5,9.31,9.23,9.21,9.39,9.33,7.18
DHPS,8.38,8.1,8.45,8.34,8.58,8.51,8.72,8.62,8.28,8.3,8.25,8.34,8.22,8.94,8.24,8.26,8.16,8.52,8.28,8.48,8.11,8.26,8.15,8.29,8.43,7.95,8.53,8.41,8.54,8.63,9.22,8.63,7.87,8.18,8.21,8.41,8.41,8.28,8.46,8.53,8.57,8.65,8.72,9.38,8.36,8.38,8.49,8.45,8.47,9.31
DHRS1,8.47,8.02,8.57,8.67,8.78,8.57,8.17,8.72,8.4,8.53,8.26,8.73,8.39,6.96,8.53,8.5,8.57,8.78,8.74,8.76,8.82,8.84,8.55,8.85,8.84,8.7,8.57,8.69,8.25,7.68,6.94,8.76,8.16,8.31,8.36,8.8,8.71,8.93,7.73,8.61,8.59,8.8,8.76,8.19,8.39,8.33,8.38,8.45,8.51,8.28
DHRS11,7.1,6.95,7.01,7.19,7.04,6.9,6.76,7.33,7.15,7.23,7.02,7.2,7.07,7.8,7.23,6.95,7.18,7.4,7.27,7.39,7.21,7.06,7.11,7.08,7.13,6.87,7.21,7.29,7.17,6.2,7.09,7.81,7.25,7.47,7.35,7.18,7.17,7.25,6.66,6.95,6.94,7.26,7.28,7.07,6.8,6.75,7.17,7.34,6.99,8.67
DHRS11,5.49,4.72,5.1,5.2,4.68,5.08,4.6,5.06,5.09,5.12,5.15,5.09,5.21,4.43,5.31,5.07,5.31,5.79,5.61,5.62,5.04,5.01,4.99,5.47,5.06,5.07,5.19,5.21,4.97,5,5.79,4.93,5.2,5.2,5.14,5.36,5.8,5.46,4.65,4.63,5.03,5.23,5.27,5.52,4.8,4.71,5.08,5.06,4.79,5.99
DHRS11,7.6,7.46,7.71,7.8,7.97,7.92,7.4,7.58,7.61,7.73,7.61,7.48,7.59,7.58,7.69,7.86,7.64,7.84,7.87,7.97,7.48,7.81,7.52,7.7,7.68,7.62,7.51,7.79,7.56,7.29,6.63,7.76,7.67,7.71,7.9,8.03,7.91,7.82,7.45,7.61,7.61,7.59,7.76,7.9,7.19,6.14,7.43,7.72,7.51,6.78
DHRS12,4.33,4.66,4.34,4.81,4.6,4.94,4.8,4.29,4.66,4.59,4.49,4.5,4.75,5.67,4.3,4.15,4.27,4.98,4.3,4.45,4.46,4.63,4.54,4.41,4.32,4.26,4.27,4.49,4.41,4.1,5.43,5.01,4.4,4.51,4.09,4.07,4.18,4.18,4.31,5.12,4.45,4.59,4.36,4.53,4.74,4.42,4.35,4.43,4.3,6.51
DHRS12,5.48,4.91,5.62,5.28,5.1,5.41,5.43,5.45,5.31,5.57,5.22,5.2,5.26,5.45,5.29,4.97,4.8,5.76,5.67,5.96,5.05,5.18,5.21,5.39,5.27,5.23,5.46,5.61,5.21,4.94,6.24,6.68,5.19,5.47,5.35,5.16,4.78,5.44,5.23,5.35,5.42,5.23,5.72,6.04,5.77,5.47,5.3,5.28,5.31,4.77
DHRS12,4.07,4.18,4.34,4.17,4.22,4.72,4.96,4.48,4.17,4.36,4.4,4.18,4.05,4.34,4.06,4.21,4.02,4.61,4.64,4.83,4.16,4.31,4.14,4.12,4.38,4.31,4.45,4.26,4.21,4.52,3.8,4.87,4.1,3.98,4.05,4,4.06,4.13,5.38,4.71,4.62,4.5,4.82,3.99,4.65,4.79,4.67,4.27,4.37,4.31
DHRS13,8.63,8.51,8.7,8.76,8.74,8.69,8.49,8.89,8.54,8.73,8.67,8.48,8.34,7.18,8.53,8.57,8.58,8.93,8.82,8.61,8.21,8.29,8.32,8.54,8.69,8.53,8.89,8.58,8.59,8.52,4.84,7.11,8.99,9.03,8.97,8.99,8.91,8.85,7.81,8.37,8.39,8.39,8.22,6.73,8.3,8.04,8.41,8.37,8.7,7.16
DHRS2,6.32,5.75,6.26,6.48,6.61,6.61,5.51,6.55,6.43,6.53,5.96,6.8,6.46,5.12,7.05,6.85,7.1,6.34,6.39,6.67,5.56,5.38,5.34,6.5,6.38,6.3,6.55,6.45,6.24,6.96,5.05,6.31,5.38,5.27,5.62,6.48,5.7,6.53,6.19,7.19,6.74,5.94,5.75,5.4,6.61,6.65,6.71,6.7,6.71,5.83
DHRS3,4.5,4.53,4.4,4.34,4.07,4.25,4.78,4.2,4.28,4.27,4.58,4.41,4.33,4.38,4.42,4.11,4.3,4.21,4.27,4.61,4.74,4.42,4.44,4.52,4.41,4.5,4.2,4.12,4.4,4.6,4.92,5.55,4.47,4.72,4.87,4.36,4.21,4.91,4.71,4.56,4.46,4.5,5.54,4.35,4.02,4.17,4.48,4.21,4.31,4.43
DHRS3,3.99,4.06,3.85,4.02,4.05,3.79,4.18,3.86,3.75,4.22,4.25,3.81,3.94,4.81,3.84,4.11,4.18,3.74,3.98,4.16,4.06,3.97,4.02,4.24,4.14,4.1,4.32,3.93,4.06,4.82,5.94,5.31,4.09,3.97,4.06,3.99,3.94,3.95,4.49,3.91,4.26,4.49,4.26,4.69,3.85,3.94,4.11,4.29,4.2,4.91
DHRS3,4.31,4.36,4.46,4.85,4.52,5.03,4.62,4.7,4.27,4.56,4.28,4.59,4.57,4.71,4.66,4.67,4.52,4.41,4.12,4.53,4.63,4.44,4.55,4.98,4.57,4.44,4.54,4.32,4.39,4.54,4.54,6.07,4.42,4.65,4.68,4.74,4.45,4.86,4.9,4.74,4.32,4.5,4.77,4.86,4.68,4.37,4.33,4.34,4.62,4.8
DHRS4,9.43,9.44,9.58,9.58,9.68,9.71,9.57,9.9,9.45,9.59,9.52,9.56,9.45,9.12,9.51,9.46,9.52,9.91,9.87,9.93,9.58,9.61,9.59,9.52,9.52,9.42,9.66,9.67,9.52,9.49,7.99,8.64,9.49,9.47,9.33,9.57,9.71,9.64,9.36,9.65,9.46,9.44,9.48,9.37,9.39,9.29,9.3,9.51,9.49,9.13
DHRS4,3.91,3.93,3.85,3.83,3.98,3.91,3.89,3.86,4.34,3.93,3.83,3.78,3.89,4.1,3.88,3.87,3.91,4.04,3.79,3.77,3.65,4.13,4.27,4.11,4.17,3.92,4.37,3.81,3.71,3.82,4.21,4.03,4.05,4.04,3.7,4.2,3.89,4,4.32,3.79,3.71,4.21,3.82,4.14,3.85,3.51,4.14,3.95,3.79,4.72
DHRS4,7.87,7.69,7.96,7.82,8.12,8.2,7.53,7.98,7.89,7.93,7.76,8.01,7.93,6.15,7.75,7.69,7.88,8.33,8.25,8.09,7.92,7.8,7.71,7.87,7.88,7.87,7.98,7.93,7.86,7.67,3.81,4.87,7.63,7.68,7.69,7.91,7.88,8.05,7.48,7.92,7.88,7.7,7.79,5.61,7.66,7.64,7.72,7.77,7.84,6.72
DHRS4 /// DHRS4L1 /// DHRS4L2,7.48,7.16,7.53,7.48,7.3,7.39,7.2,7.6,7.51,7.6,6.94,7.42,7.43,4.78,7.47,7.39,7.44,7.87,7.98,8.04,7.59,7.59,7.33,7.4,7.17,7.61,7.37,7.43,7.25,7.27,5.73,6.44,7.34,7.34,7.15,7.38,7.46,7.59,6.76,7.24,7.15,7.23,6.92,5.39,7.09,7.03,6.96,7.3,7.3,4.85
DHRS4 /// DHRS4L1 /// DHRS4L2,7.58,7.14,7.47,7.3,7.23,7.49,6.07,7.63,7.51,7.67,7.04,7.44,7.56,4.47,7.22,7.16,7.64,7.8,7.82,8.1,7.61,7.24,7.35,7.38,7.37,7.71,7.56,7.46,7.38,7.19,5.88,4.65,7.46,7.36,7.3,7.57,7.47,7.53,7.45,7.48,7.49,7.07,7.32,5.17,7.23,7.09,6.98,7.3,7.29,6.1
DHRS4 /// DHRS4L2,9.72,9.43,9.85,9.84,9.8,9.91,9.37,9.78,9.76,9.7,9.63,9.73,9.6,8.83,9.56,9.65,9.67,10.04,9.97,9.92,9.73,9.66,9.62,9.63,9.61,9.57,9.73,9.75,9.67,9.8,9.8,9.16,9.52,9.51,9.39,9.77,9.72,9.65,9.89,9.82,9.66,9.62,9.62,9.46,9.5,9.53,9.37,9.71,9.6,9.88
DHRS4L2,4.84,4.51,4.94,4.96,5.23,5.06,4.24,5.05,4.59,4.97,5.03,4.89,4.57,5.74,5,4.49,4.88,4.82,5.03,4.87,4.66,4.68,4.42,4.88,4.86,4.59,4.53,4.54,4.56,4.15,5.01,5.87,4.69,4.77,5.11,4.42,4.51,5.03,4.81,5.17,4.54,4.92,4.95,5.28,4.56,4.34,4.86,5.35,4.98,7.93
DHRS7,7.98,8.1,8.06,8.05,8.14,8.27,7.44,7.98,8.22,8.13,8.19,8.03,8.21,7.99,8.2,8.01,8.25,8.29,8.27,8.33,8.15,8.17,8.26,8.17,8.15,8.18,8.01,8.08,8.1,8.13,6.73,7.98,7.92,8,7.91,7.98,8.12,8.13,8.01,8.06,8.14,8.26,8.29,8.35,8.61,8.67,8.52,8.16,8.34,7.54
DHRS7,10.13,10.21,10.18,10.21,9.99,9.95,9.98,10.01,10.34,10.26,9.96,10.08,10.32,10.06,10.13,10.14,10.25,10.28,10.33,10.5,10.37,10.3,10.17,10.11,10.09,10.32,10.19,10.05,10.22,10.09,7.12,8.57,10.15,10.06,10.14,10.11,10.22,10.23,9.94,10.26,10.27,10.26,10.35,9.11,10.77,10.82,10.53,10.15,10.28,9.83
DHRS7B,8.43,8.22,8.45,8.39,8.78,8.54,8.49,8.53,8.49,8.43,8.33,8.37,8.2,7.54,8.79,8.62,8.76,8.77,8.65,8.43,8.2,8.31,8.39,8.54,8.61,8.53,8.45,8.49,8.29,7.24,6.35,6.33,8.79,8.72,8.76,8.72,8.86,8.8,8.44,8.63,8.44,8.37,8.26,7.63,8.61,8.46,8.53,8.59,8.54,7.53
DHRS7C,4.11,4.23,4.13,4.32,4.43,4.39,4.32,4.23,4.42,4.26,4.46,4.26,4.23,5.13,3.94,4.39,4.06,4.27,4.15,4.28,4.21,4.12,4.09,4.11,4.11,4.3,4.2,4.19,4.71,5.63,5.5,4.48,4.19,4.27,4.42,4.02,4.69,4.24,4.4,4.3,4.45,4.17,4.55,5.23,4.7,4.38,4.26,4.08,4.34,4.49
DHRS9,5.21,5.07,4.87,5.31,5.06,5.33,4.9,4.76,5.44,5.32,5.52,5.4,5.29,6.5,5.1,4.94,5,5.09,5.32,5.12,4.77,5.24,5.19,5.13,5.01,4.87,5.1,5.12,4.87,4.22,8.62,5.48,5.14,5.09,5.13,5.21,4.93,5.06,4.88,4.94,4.61,5.11,5,4.74,5.42,5.47,5.01,5.03,4.71,7.7
DHRSX,7.57,7.55,7.79,7.78,7.94,7.74,7.9,7.84,7.6,7.56,7.71,7.63,7.6,7.04,7.53,7.71,7.53,8.01,7.98,7.95,7.43,7.55,7.65,7.74,7.86,7.68,7.69,7.86,7.74,7.4,6.1,5.97,7.81,7.93,7.7,7.86,7.48,7.8,7.59,7.97,7.85,7.99,7.85,6.78,7.31,7.2,7.14,7.72,7.72,5.96
DHRSX,4.46,4.16,4.54,4.38,4.29,4.67,3.74,3.84,4.11,4.42,4.17,4.47,4.05,3.82,4.36,4.66,4.37,4.57,4.43,4.43,4.13,4.15,3.98,4.72,4.63,4.57,4.34,4.38,4.11,6.07,3.94,3.75,4.41,4.35,4.47,4.42,4.58,4.69,5.4,4.19,4.06,4.56,4.61,3.74,3.91,3.96,4.05,4.34,3.82,3.66
DHTKD1,7.71,7.56,7.96,7.81,7.57,7.66,6.41,7.76,7.52,7.95,7.81,7.52,7.47,6.27,7.7,7.71,7.64,7.69,8.07,7.66,7.77,7.63,7.96,7.9,7.98,7.6,7.91,7.8,7.62,7.47,6.21,6.31,7.9,8.07,8.15,8.05,7.48,7.84,7.05,7.77,7.62,8.05,7.88,7.63,7.4,7.11,7.52,7.69,7.94,5.31
DHTKD1,8.86,9.17,9.1,9.05,8.86,8.98,8.59,9.02,8.9,9.09,9.1,8.97,8.97,8.85,8.89,8.82,8.85,9.06,9.02,9.08,9.01,9.07,9.15,9,8.96,9.01,9.04,8.98,8.95,8.94,9.13,9.22,9.04,9.4,9.37,9.15,9.07,9.08,8.95,9,8.91,9.24,9.15,8.75,8.64,8.41,8.75,9.03,9.02,7.85
DHX15,11.64,11.61,11.5,11.51,11.24,11.27,11.42,11.6,11.59,11.76,11.4,11.55,11.52,9.73,11.31,11.24,11.27,11.64,11.63,11.73,11.27,11.2,10.97,11.13,11.1,11.23,11.53,11.59,11.46,11.16,9.22,9.67,11.3,11.32,11.22,11.2,11.04,11.22,11.37,11.42,11.39,11.33,11.28,9.67,11.37,11.37,11.52,11.45,11.46,9.55
DHX16,4.55,4.27,4.95,4.54,4.25,4.6,5.82,4.62,4.49,4.53,4.28,4.53,4.39,4.69,4.71,4.43,5.02,4.72,4.57,4.99,4.73,4.12,4.14,4.52,4.05,5.22,4.57,4.64,4.21,4.13,4.08,4.6,4.55,4.54,4.17,4.41,4.59,4.73,4.56,4.83,4.62,4.43,4.24,4.65,4.74,4.12,4.41,4.49,4.35,4.65
DHX16,9.07,9.12,9.19,9.12,9.3,9.34,8.91,9.46,8.99,9.16,9.17,9.1,9.04,8.22,9.07,8.97,9.04,9.27,9.37,9.34,9.12,9,9.2,9.09,9.14,9.05,9.19,9.08,9.37,9.88,5.46,8.47,8.9,9.01,8.86,9.09,8.98,9.28,8.83,9.34,9.17,9.33,9.24,6.56,9.15,9.34,9.14,9.23,9.3,7.09
DHX29,9.12,9.16,8.98,9.08,9.11,8.9,8.52,9.15,9.01,9.2,9.21,9.11,9.19,7.84,9.1,9,9.14,9.11,8.96,8.97,8.95,9.07,9.05,8.9,8.98,8.96,9.02,9.01,9.05,9.06,6.69,7.77,9.32,9.35,9.25,9.05,9,8.94,8.8,9.03,8.88,9.05,8.86,7.31,8.73,8.67,8.79,9.07,9.22,5.83
DHX30,8.37,8.46,8.54,8.46,8.59,8.56,8.19,8.67,8.17,8.32,8.6,8.24,8.19,7.58,8.17,8.34,8.3,8.57,8.59,8.35,8.33,8.11,8.57,8.24,8.17,7.93,8.46,8.45,8.83,8.43,6.22,8.06,8.16,8.19,8.17,8.38,8.15,8.26,8.1,8.52,8.46,8.5,8.52,7.38,8.49,8.46,8.66,8.48,8.64,6.96
DHX30,9.07,9.17,9.15,9.12,9.48,9.31,8.23,9.28,8.97,9.07,9.18,8.87,9.02,7.26,8.9,8.7,8.88,9.21,9.21,9.06,8.94,8.85,9.04,8.81,8.8,8.81,9.16,9.01,9.43,8.64,6.02,8.67,8.84,8.91,8.8,8.95,9.02,8.97,8.94,9.2,9.14,9.26,9.19,7.2,9.14,9.04,9.09,9.09,9.27,7.26
DHX32,8.4,8.26,8.33,8.3,8.18,8.31,8.98,8.32,8.3,8.4,8.27,8.19,8.33,7.56,8.59,8.5,8.62,8.58,8.47,8.38,8.34,8.29,8.26,8.49,8.33,8.41,8.38,8.35,8.35,8.33,7.64,7.72,8.55,8.57,8.62,8.75,8.68,8.85,7.92,8.16,8.14,8.63,8.75,6.55,8.08,8.18,8.08,8.41,8.27,7.24
DHX33,10.07,10.11,9.97,10.13,9.7,9.82,9.82,10.17,10.13,10.24,10.12,10.06,9.99,9.34,9.63,9.57,9.71,9.83,9.99,9.86,9.7,9.58,9.64,9.48,9.47,9.56,10.07,10.08,9.96,9.4,8.36,9.22,9.55,9.78,9.57,9.77,9.59,9.8,9.13,9.84,9.96,9.6,9.62,7.97,9.79,9.91,10.02,10.14,10.17,7.94
DHX33,10.08,10.22,10.15,10.31,10.2,10.28,10.34,10.5,10.21,10.28,10.37,10.09,10.07,9.29,9.84,10.02,9.95,10.05,10.13,10.15,9.75,9.8,9.93,9.62,9.74,9.73,10.24,10.33,10.35,10.07,8.62,9.66,9.82,10.13,9.98,9.87,9.96,10.05,10.12,10.19,10.26,10.18,10.02,8.48,10.11,10.24,10.22,10.22,10.21,9.07
DHX33,5,4.6,4.95,4.61,4.52,4.62,4.69,5.06,4.66,4.78,4.5,4.87,4.48,4.8,5.02,4.59,4.57,4.51,4.71,4.76,4.45,4.58,4.3,4.57,4.62,4.23,5.05,5.02,4.53,4.49,6.03,4.68,4.8,5.02,4.7,4.85,5.25,4.81,4.79,5.26,4.3,4.76,4.47,4.2,4.37,4.52,4.68,5.01,4.4,4.01
DHX33,6.62,6.15,6.59,6.56,6.09,6.01,5.77,6.63,6.34,6.77,6.19,6.48,6.43,6.68,6.21,6.25,6.12,6.23,6.48,6.3,6.06,6.29,5.35,5.98,6.21,5.56,6.19,6.87,6.4,4.94,5.46,5.41,6.15,6.38,6.34,6.22,5.28,6.21,4.24,6.33,6.26,6.1,5.84,5.1,6.38,5.44,6.43,6.42,6.34,6.92
DHX34,6.76,6.77,6.67,6.91,7.42,7.19,6.49,7.34,6.68,6.77,6.48,6.43,5.99,6.6,6.74,6.8,6.75,6.89,6.96,6.62,6.57,6.46,6.7,6.99,6.72,6.98,7.04,6.64,7.18,6.97,5.87,6.77,6.67,6.6,6.71,6.84,7.13,6.82,7.56,7.33,6.87,7.27,7.2,6.3,7.13,7.19,7.17,6.83,7.47,6.13
DHX34,4.46,4.02,4.44,4.34,3.82,4.81,4.08,3.97,4.34,4.14,4.02,4.23,4.34,3.99,4.3,4.46,4.2,4.51,4.18,4.49,4.56,3.87,4.18,4.36,4.04,4.09,4.09,4.29,3.93,4.13,4.02,4.61,4.28,3.93,4.12,4.27,4.25,4.24,4.84,3.97,3.79,3.93,4.21,4.63,4.94,3.97,4.68,4.22,4.18,4.27
DHX34,4.53,4.6,4.44,4.64,4.49,5.15,5.08,4.62,4.93,4.77,4.69,4.56,4.63,4.41,4.76,4.81,4.91,4.58,4.72,4.51,4.63,4.76,4.94,4.79,5.1,5.07,5.1,5.07,4.84,4.74,6.76,4.31,4.56,4.55,4.73,4.88,4.61,4.52,5.19,4.7,4.77,4.71,4.63,5.03,4.39,4.9,4.8,4.73,4.57,4.71
DHX35,8.5,8.34,8.52,8.6,8.77,8.5,8.22,8.5,8.63,8.5,8.46,8.31,8.04,7.82,8.44,8.35,8.43,8.42,8.46,8.47,8.38,8.51,8.46,8.39,8.34,8.41,8.53,8.64,8.64,8.35,7.46,6.29,8.2,8.27,8.29,8.59,8.46,8.59,8.35,8.53,8.41,8.44,8.75,7.02,8.41,8.32,8.52,8.58,8.38,7.5
DHX35,4.88,3.96,4.84,4.55,4.33,4.64,3.95,3.97,4.71,4.37,3.91,4.22,4.1,4.27,4.99,4.47,4.41,4.75,4.6,5,4.46,4.24,4.02,4.77,4.62,4.66,4.48,4.85,3.99,4.31,4.89,4.31,4.59,4.63,4.51,4.8,4.87,4.27,4.24,4.6,4.13,4.28,4.32,5.47,4.12,3.99,4.77,4.31,3.95,4.78
DHX35,6.59,6.1,6.56,6.55,6.21,6.53,5.66,6.76,6.74,6.89,6.05,6.44,6.32,4.29,6.94,6.44,6.63,6.47,6.58,6.81,6.27,6.73,6.27,6.69,6.7,6.5,6.33,6.64,5.94,5.72,5.3,5.34,6.64,6.55,6.51,6.75,5.99,6.87,5.77,6.31,6.54,6.19,6.21,5.59,5.71,6.52,6.94,6.76,6.15,5.32
DHX35,6.72,6.27,6.28,6.59,6.41,6.86,5.05,6.9,6.52,6.9,6.11,6.55,6.35,6.83,6.67,6.67,6.63,6.83,6.43,6.95,6.56,6.8,6.5,6.78,6.51,6.52,6.75,6.67,6.37,6.12,5.29,6.38,6.64,6.66,6.58,6.77,6.04,6.32,6.83,6.58,6.35,6.36,6.12,6.34,6.33,6.35,6.4,6.72,6.46,6.11
DHX36,8.86,8.55,8.46,8.29,8.34,8.33,9.14,8.63,8.65,8.59,8.48,8.32,8.25,6.77,8.98,8.92,8.92,8.92,8.64,8.84,8.71,8.58,8.56,8.83,8.86,8.73,8.62,8.57,8.53,6.58,5.31,5.22,8.81,8.51,8.74,8.95,8.43,8.46,7.45,8.63,8.51,8.5,8.28,5.83,8.75,8.9,8.77,8.38,8.17,6.87
DHX36,9.48,9.65,9.43,9.45,9.47,9.42,9.35,9.28,9.48,9.4,9.66,9.35,9.37,9.03,9.61,9.52,9.73,9.26,9.54,9.5,9.49,9.41,9.77,9.41,9.44,9.56,9.44,9.38,9.69,8.91,6.87,8.67,9.39,9.42,9.49,9.67,9.61,9.59,9.45,9.46,9.45,9.35,9.32,8.87,9.5,9.39,9.48,9.49,9.67,8.23
DHX36,7.18,6.66,6.95,6.57,5.77,6.67,6.86,6.63,7.09,7.26,6.4,6.7,6.25,5.36,7.39,7.29,7.37,7.19,7.36,7.3,7.15,7.05,6.38,7.29,7.12,7.18,6.81,7.04,6.61,6.89,3.97,5.7,7.32,6.8,7.12,7.14,6.88,6.63,6.78,6.89,6.92,6.21,6.43,6.37,6.88,7.04,6.84,6.51,6.29,5.2
DHX36,8.99,8.36,8.48,8.27,7.88,8.63,8.58,8.3,8.62,8.78,8.36,7.94,7.89,7.03,9.01,9.09,8.97,8.76,8.68,8.88,8.47,8.43,8.23,8.78,8.91,8.84,8.65,8.67,8.38,7.85,7.06,7.4,8.83,8.39,8.55,8.84,8.59,8.3,8.29,8.5,8.42,8.34,8.43,6.61,8.59,8.81,8.58,8.1,7.82,6.56
DHX36,10.01,9.82,9.62,9.45,9.45,9.65,9.97,9.54,9.91,9.95,9.96,9.47,9.44,9.96,10.13,10.27,9.97,9.79,9.73,9.97,10.04,10.05,9.87,9.8,9.94,9.83,9.7,9.87,10.14,9.81,6.06,8.6,9.85,9.55,9.76,9.95,9.76,9.42,9.82,9.71,9.6,9.95,9.91,8.75,9.76,9.93,9.87,9.45,9.52,9.02
DHX37,7.61,7.57,7.78,7.89,8.09,8.21,7.78,7.72,7.48,7.62,7.77,7.53,7.46,5.92,7.71,7.58,7.44,7.76,7.9,7.71,7.37,7.45,7.82,7.54,7.63,7.32,7.82,7.96,8.11,7.2,6.38,6.5,7.38,7.71,7.66,7.7,7.56,7.51,7.63,7.84,7.93,7.91,7.78,6.92,7.76,7.67,7.89,7.85,8.03,6.7
DHX38,9.88,9.95,9.96,9.94,10.07,10.07,9.91,9.96,9.7,9.9,9.97,9.81,9.76,9.81,9.79,9.71,10.01,9.99,10.03,10.07,9.99,9.72,9.8,9.91,9.72,9.78,9.99,9.76,10.02,9.99,10.01,9.97,9.81,9.89,9.85,9.74,9.97,9.88,10.24,10.02,9.86,9.91,10.01,9.76,10.18,10.03,9.93,9.91,9.95,10.03
DHX38,8.06,8.08,8.28,8.07,8.09,8.31,8.17,8.36,7.99,8.05,8.14,7.92,7.89,7.1,7.99,7.83,7.99,8.16,8.15,8.08,8.04,7.87,8.16,8.06,7.9,7.98,8.05,7.92,8.3,8.18,6.81,6.97,7.84,7.92,7.91,8.06,8.21,8.08,7.52,8.18,8.3,8.16,8.2,7.47,8.12,8.06,8.01,8.18,8.27,7.8
DHX38,8.8,8.9,9.08,9.12,9.27,9.14,8.24,9.31,8.86,9.11,9.15,8.93,8.89,8.45,8.94,8.91,8.74,9.11,9.04,9.21,8.94,8.95,9.11,9.09,9.04,8.93,9.08,9.01,9.12,9.52,7.3,8.46,8.87,8.76,8.82,9.05,9.12,8.98,9.03,9.26,9.2,9.22,9.03,7.86,8.97,9.04,9.12,9.03,9.25,9.07
DHX38,8.26,8.27,8.39,8.3,8.23,8.35,8.39,8.73,8.16,8.3,8.08,8.05,8.23,6.79,8.26,8.13,8.25,8.5,8.45,8.52,8.27,8.1,8.11,8.38,8.32,8.2,8.3,8.2,7.95,7.03,6.78,6.92,7.86,8.1,8.1,8.27,8.31,8.53,7.51,8.55,8.43,8.35,8.42,5.92,8.47,8.5,8.16,8.16,8.69,6.67
DHX40,9,9.1,8.89,8.97,9.07,8.85,8.56,8.97,8.96,9.13,9.07,9,8.99,8.53,9.03,8.87,8.94,8.95,9.02,8.99,9.13,9.1,9,8.92,9.01,8.97,9.02,8.96,9.04,8.34,6.87,9.01,8.91,8.89,8.85,8.99,8.72,8.81,9.02,9.11,8.98,9.11,9.1,7.67,9.1,8.91,9,9.1,9.09,7.9
DHX40,8.82,8.88,8.87,9.04,8.99,8.92,8.48,8.72,8.97,8.96,8.96,9.04,8.94,8.22,8.98,8.82,8.91,9.08,9.13,9,9.12,9.06,9.17,8.96,8.96,8.94,8.9,8.99,8.96,8.81,6.02,8.84,8.85,8.76,8.73,8.92,8.93,8.91,8.84,8.93,9.01,9.21,9.22,8.88,9.05,9.32,9.13,9.01,8.93,8.08
DHX40,8.65,8.38,8.6,8.5,8.2,8.11,8.25,8.26,8.44,8.72,8.29,8.63,8.57,6.26,8.62,8.4,8.49,8.5,8.58,8.67,8.52,8.47,8.35,8.49,8.45,8.53,8.48,8.67,8.27,7.26,5.66,6.05,8.36,8.33,8.28,8.42,8.04,8.35,8.16,8.57,8.29,8.44,8.5,6.35,8.41,8.25,8.38,8.63,8.4,6.7
DHX57,8.12,7.97,8.23,8.27,8.29,8.37,8.46,8.14,7.91,8.07,8.17,7.86,7.98,6.37,8.23,8.18,8.01,8.36,8.29,8.25,8.04,7.95,8.15,7.81,8.17,8.06,8.26,8.05,8.42,8.41,6.46,7.62,7.79,7.99,7.99,8.12,8.23,8.05,7.64,8.34,8.47,8.26,8.39,6.35,8.28,8.24,8.42,8.29,8.49,6.39
DHX57,7.71,7.76,7.48,7.67,7.28,8.13,7.6,7.7,7.51,7.64,8.06,7.68,7.56,7.08,7.72,7.53,7.67,6.91,7.52,7.39,7.83,7.74,8.07,7.76,7.74,7.42,7.83,7.66,7.98,7.49,6.29,8.06,7.54,7.53,7.44,7.81,7.79,7.5,7.42,7.88,7.93,7.72,8.47,6.47,7.63,8.14,7.87,7.34,8.02,6.77
DHX57,7.68,7.69,7.44,7.56,8.03,7.9,7.25,7.97,7.37,7.67,8.01,7.27,7.29,6.52,7.59,7.54,7.75,7.14,7.22,7.42,7.73,7.68,8.13,7.66,7.46,7.4,7.72,7.68,8,7.76,7.78,6.05,7.33,7.3,7.67,7.59,7.89,7.58,7.91,7.82,7.76,8.06,7.97,6.54,8.18,7.96,7.8,7.68,7.89,6.33
DHX58,6.04,5.98,6.31,6.14,6.39,6.3,6.25,6,6.06,5.78,6.25,6.18,6.02,5.52,6.43,6.1,6.54,6.43,6.09,6.07,6.58,6.36,6.47,6.2,6.14,6.42,6.01,5.8,6.17,5.28,5.1,5.16,6.37,6.6,6.67,6.59,6.51,6.34,6.08,6.13,6.26,6.58,6.66,6.04,6.4,6.09,6.26,5.92,6.19,4.77
DHX58,6.07,5.97,5.73,6.18,6.2,6.1,5.26,5.61,5.97,5.81,6.25,6.1,6.06,5.75,6.18,6.11,6.1,6.09,5.94,5.91,6.12,6.15,6.2,6.16,6.03,5.89,5.76,6,6.02,7,6.6,4.94,6.26,6.47,6.33,6.21,6.33,6.17,6.52,5.78,6.1,6.41,6.36,4.96,6.21,6.66,6.22,6.07,6.26,6.16
DHX58,4.08,4.41,4.49,4.24,4.29,4.73,5.52,4.24,4.09,4.24,4.25,4.35,4.28,4.22,4.19,4.05,4.41,4.34,4.02,4.2,4.12,4.28,4.35,4.06,4.27,4.07,3.95,4.04,4.61,4.99,5.95,4.6,4.65,4.35,4.34,4.28,3.97,4.08,5.06,4.41,4.55,4.28,4.48,5.32,4.4,4.37,3.89,3.96,4.2,4.77
DHX58,3.59,3.7,3.47,3.82,3.81,4.02,3.64,3.63,3.62,3.86,3.62,3.73,3.68,4.07,3.81,3.82,3.9,3.99,3.75,3.56,3.76,3.81,3.74,3.67,3.88,3.68,3.58,3.63,3.72,4.6,4.64,5.51,4.23,3.7,3.59,3.7,3.5,3.88,3.72,3.77,3.75,3.93,3.79,4.3,4.11,3.7,3.74,3.98,3.56,4.56
DHX8,7.59,7.18,7.62,7.52,7.36,7.06,6.11,7.81,7.47,7.6,6.71,7.35,7.29,5.79,7.76,7.4,7.59,7.6,7.67,7.71,7.37,7.46,7.13,7.58,7.53,7.75,7.34,7.44,7.06,5.37,6.73,4.89,7.96,7.97,7.79,7.62,7.4,7.51,6.73,7.46,7.22,7.31,7.33,5.41,7.02,7.23,7.48,7.5,7.52,5.84
DHX8,8.49,8.49,8.37,8.49,8.63,8.44,8.12,8.42,8.41,8.48,8.62,8.39,8.31,7.35,8.58,8.42,8.6,8.49,8.4,8.25,8.65,8.58,8.69,8.65,8.6,8.59,8.5,8.36,8.61,8.02,7.6,7.87,8.76,8.77,8.73,8.74,8.63,8.53,8.53,8.66,8.56,8.52,8.67,8.55,8.27,8.21,8.37,8.55,8.75,6.3
DHX8,7.39,6.99,7.21,7.34,7.47,7.48,6.91,7.42,7.2,7.27,7.03,7,6.95,6.74,7.37,7.37,7.58,7.48,7.46,7.6,7.1,7.15,7.24,7.54,7.66,7.47,7.31,7.4,7.18,6.86,5.24,5.34,7.5,7.49,7.44,7.51,7.34,7.49,6.97,7.06,7.38,7.45,7.02,7.08,7.2,7.48,6.82,7.27,7.35,6.18
DHX9,8.14,7.23,7.7,7.79,7.38,7.32,7.78,7.89,8.01,7.92,7.11,7.85,7.6,6.35,7.61,7.45,7.57,7.96,7.75,8.31,7.24,7.31,6.86,7.71,7.65,7.65,7.7,7.95,7.17,4.49,5.41,6.77,7.72,7.46,7.72,7.39,7.04,7.33,7.66,7.39,7.07,7.1,6.63,4.05,7.49,6.99,7.24,7.55,7.09,6.21
DHX9,5.95,5.7,5.72,5.65,5.13,5.78,5.25,5.73,6.02,5.71,5.36,5.79,6.09,5.84,5.73,5.71,5.59,6.11,5.89,5.97,5.65,5.44,5.08,5.5,5.4,5.52,6.01,5.8,5.46,6.31,5.84,4.98,5.71,5.79,5.64,5.51,5.21,5.35,4.96,5.48,5.23,5.04,5.26,5.4,5.48,5.31,5.5,5.57,5.36,5.54
DHX9,9.72,9.53,9.71,9.66,9.74,9.73,9.91,9.75,9.71,9.67,9.42,9.57,9.64,9.07,9.26,9.36,9.28,9.7,9.62,9.72,9.38,9.23,9.18,9.02,9.19,9.24,9.69,9.67,9.67,9.99,7.34,8.59,9.54,9.51,9.38,9.24,9.23,9.34,9.84,9.54,9.53,9.56,9.61,8.31,9.5,9.7,9.5,9.57,9.69,7.13
DHX9 /// LOC646813,3.66,3.92,3.82,3.89,3.63,4.37,3.71,3.76,3.83,4.06,3.86,4.08,3.75,3.7,3.85,3.87,3.62,3.76,3.9,3.75,3.96,3.85,3.93,3.88,4.09,3.85,3.77,3.82,3.93,4.96,9.11,5.8,3.67,3.94,4.05,3.86,3.94,3.75,3.84,3.78,3.95,3.79,3.62,4.96,3.65,4.46,3.85,3.75,3.8,6.1
DIABLO,10.46,10.39,10.61,10.63,10.68,10.59,10.59,10.74,10.52,10.54,10.54,10.62,10.57,9.24,10.65,10.64,10.6,10.6,10.64,10.57,10.61,10.65,10.56,10.57,10.67,10.6,10.59,10.64,10.66,10.66,7.65,9.45,10.53,10.56,10.63,10.63,10.67,10.69,10.44,10.64,10.46,10.63,10.66,10.19,10.67,10.64,10.63,10.57,10.57,9.17
DIAPH1,9.23,8.69,8.97,8.75,8.51,8.91,8.92,9.24,8.82,8.8,8.53,8.76,8.31,8.01,9.21,9.03,9.01,9.41,9.43,9.38,8.42,8.64,8.27,8.95,9.02,8.86,8.93,9.15,8.51,6.52,8.23,7.27,9.04,8.66,9.05,9.02,8.63,8.8,8.31,8.89,8.84,8.64,8.24,7.41,8.73,8.74,8.74,8.77,8.43,8.69
DIAPH1,9.92,9.39,9.79,9.67,9.72,10.03,9.99,9.95,9.58,9.72,9.49,9.63,9.41,9.67,9.91,9.77,9.62,10,10.05,10.08,9.5,9.6,9.34,9.84,9.67,9.63,9.71,9.76,9.54,8.71,9.16,8.49,9.7,9.61,9.83,9.8,9.55,9.51,9.79,9.75,9.77,9.9,9.61,8.9,9.67,9.94,9.8,9.63,9.63,9.68
DIAPH1,7.99,7.03,7.54,7.55,7.19,7.23,6.59,7.78,7.51,7.49,6.88,7.16,7.19,5.55,7.71,7.64,7.55,8.12,7.92,8.17,7.41,7.18,6.71,7.59,7.47,7.76,7.57,7.49,6.84,4.38,7.05,7.51,7.63,7.49,7.45,7.43,7.26,7.41,5.92,7.77,7.56,7.08,6.72,4.78,7.24,6.77,7.49,7.33,7.16,5.91
DIAPH1,9.54,9.54,9.72,9.63,9.92,9.69,9.85,9.81,9.44,9.62,9.59,9.61,9.54,9.11,9.21,9.45,9.26,9.71,9.71,9.56,9.31,9.4,9.38,9.25,9.18,9.2,9.67,9.59,9.7,9.92,8.03,8.97,9.55,9.46,9.47,9.33,9.47,9.39,9.71,9.68,9.65,9.63,9.72,8.82,9.38,9.39,9.59,9.55,9.7,9.28
DIAPH1,9.6,9.58,9.77,9.63,9.92,9.83,9.68,9.96,9.5,9.66,9.68,9.57,9.54,8.58,9.41,9.38,9.3,9.76,9.83,9.74,9.35,9.4,9.39,9.33,9.39,9.34,9.69,9.54,9.75,9.49,8.2,9.4,9.42,9.46,9.43,9.58,9.5,9.4,9.9,9.87,9.8,9.89,9.66,7.18,9.51,9.56,9.55,9.74,9.85,8.15
DIAPH1,8.65,8.69,8.83,8.77,8.91,8.98,8.91,8.8,8.69,8.77,8.79,8.63,8.62,7.72,8.48,8.49,8.46,8.93,9.05,8.72,8.34,8.51,8.59,8.43,8.36,8.16,8.82,8.72,8.79,8.92,7.54,7.2,8.65,8.56,8.53,8.55,8.72,8.62,8.7,8.85,8.91,8.86,8.81,7.75,8.64,8.7,8.49,8.82,8.88,7.97
DIAPH1,9.44,9.43,9.71,9.53,9.74,9.5,9.45,9.74,9.4,9.65,9.56,9.5,9.48,8.59,9.2,9.25,9.22,9.73,9.68,9.67,9.32,9.19,9.19,9.25,9.22,9.14,9.58,9.55,9.53,9.55,8.51,7.99,9.19,9.3,9.37,9.43,9.47,9.46,9.3,9.61,9.73,9.64,9.51,9.11,9.36,9.31,9.43,9.51,9.65,8.32
DIAPH1,4.2,4.05,4.21,4.22,4.09,4.06,4.97,4.03,3.76,4.23,4.32,4.08,4.33,4.48,4.12,4.19,4.16,4.16,4.15,4.24,4.24,4.41,4.05,4.09,3.89,4.13,3.94,4.17,4.15,4.68,5.5,5.06,4.39,3.92,4.2,3.98,4.18,4.27,5.76,3.95,3.87,4.11,3.83,4.62,3.98,4.69,4.14,3.96,3.97,3.82
DIAPH2,5.77,5.87,5.86,5.84,5.81,5.41,5.03,5.59,6.27,5.89,5.8,5.54,5.73,3.97,5.56,5.31,5.44,6.31,6.13,6.35,5.21,5.28,5.41,5.12,5.48,5.66,5.89,5.64,5.87,4.58,6.04,6.03,5.36,5.73,5.98,5.86,5.44,5.6,4.63,5.74,5.94,5.49,5.73,4.89,5.43,5.24,5.55,5.61,5.74,4.3
DIAPH2,4.84,4.9,5.09,5.1,4.48,4.54,4.26,4.87,5.11,5.08,5.13,4.86,4.74,5.43,4.78,4.79,4.8,4.75,4.73,5.12,4.71,4.74,4.86,4.37,4.14,4.3,5.1,5.21,4.84,4.54,4.91,6.2,4.51,4.68,4.55,4.9,4.27,4.65,4.59,4.52,4.42,4.44,4.51,5.5,3.95,4.64,4.45,4.32,4.45,4.59
DIAPH3,8.05,8.16,7.9,8.09,7.96,7.79,7.52,7.9,8.07,7.86,8.2,7.72,7.51,8.22,8.06,7.9,8.14,8.03,8.03,8.14,7.27,7.2,7.54,7.44,7.55,7.33,8.01,7.95,7.82,7.16,7.58,8.61,8.64,8.64,8.51,8.15,7.79,8.17,7.26,8.34,8.03,7.5,7.23,7.88,7.58,7.17,7.26,8.07,8.02,7.88
DIAPH3,6.79,6.39,6.65,6.56,5.94,6.91,6.4,6.89,6.71,6.82,6.8,6.25,6.35,5.87,6.78,6.81,6.9,6.83,6.79,6.89,6.09,6.38,6.04,6.61,6.7,6.51,6.82,6.42,6.77,6.54,9.14,6.32,7.67,7.52,7.89,7.04,6.38,6.77,6.11,6.95,6.73,6.21,5.97,6.1,6.59,6.02,5.68,6.48,6.48,6.04
DICER1,9.44,9.86,9.22,9.12,9.13,9.37,8.27,8.76,9.3,9.23,9.46,9.17,9.39,8.47,9.18,9.16,9.34,9.25,9.38,9.46,9.19,8.82,9.44,8.87,9.02,9.31,9.32,8.92,9.46,9.2,7.37,8.46,8.95,9.16,8.82,9.09,9.29,9.06,8.9,8.95,8.97,9.34,9.54,9.2,9.42,9.4,9.34,9.07,9.37,8.6
DICER1,8.67,8.02,7.99,7.8,8.12,8.36,7.68,7.93,8.19,8.32,8.52,7.37,7.46,8.15,8.77,8.82,8.61,8.47,8.44,8.61,8.16,8.38,8.14,8.4,8.45,8.32,8.14,8.22,8.15,5.57,6.96,8.17,8.32,7.82,8.27,8.33,8.42,7.62,7.1,8.17,8.13,8.2,8.44,8.25,8.68,8.8,8.62,7.65,7.67,7.04
DICER1,8.11,7.81,8.17,7.91,8.2,8.16,8.89,8.07,7.87,8.06,8.27,7.67,7.5,7.19,8.15,8.31,8.08,8.05,7.96,7.85,8.06,8.08,8.04,8.19,8.07,7.96,8.21,8.04,8.28,8.45,7.54,7.35,8.23,8.06,8.13,7.98,8.14,7.87,8.55,8.31,8.12,8.31,8.53,6.8,8.33,8.57,8.19,7.78,7.96,6.62
DICER1,9.22,8.87,8.64,8.08,8.7,9.01,9,8.43,8.77,8.8,9.1,8.09,8.02,8.36,9.17,9.18,9.06,8.94,8.91,9.01,8.83,8.7,8.93,9.02,8.89,8.92,8.64,8.74,9.04,8.18,7.99,6.04,9.1,8.45,8.98,8.85,8.93,8.08,9.31,8.72,8.72,8.89,9.15,7.74,9.14,9.51,9.21,8.04,8.14,6.65
DIDO1,7.15,6.66,7.17,7.01,6.91,6.5,5.97,6.92,7.06,7.1,6.73,6.99,6.94,6.13,7.1,7.03,6.99,7.01,7.2,6.74,6.99,6.98,6.51,7.19,7.12,6.99,6.99,7.11,6.85,6.7,5.94,7.23,6.96,7.25,7.1,6.88,6.99,6.94,6.26,6.86,6.83,6.83,6.88,7.59,7.22,7.38,6.83,6.99,6.72,6.57
DIDO1,6.5,6.67,6.84,6.87,6.92,6.82,6.68,7.09,6.76,6.65,6.42,6.66,6.67,5.76,6.71,6.75,6.63,6.91,6.81,6.97,6.5,6.45,6.45,6.79,7.02,6.88,6.78,6.97,6.75,6.84,6.58,5.46,6.6,6.91,6.94,7.1,6.47,7.21,6.18,7.14,6.99,7.17,6.91,6.52,6.96,6.52,6.82,6.94,6.94,6.27
DIDO1,5,5.25,5.3,5.38,5.03,5.02,5.6,5.37,5.01,5.02,5.1,5.05,5.09,5.51,5.2,4.87,4.91,5.1,5.47,5.23,5.2,5.33,4.93,5.28,5.22,5.17,5.56,4.99,5.28,5.34,6.2,5.51,5.13,5.01,5.15,4.96,5.52,4.89,5.19,5.48,5.26,4.89,5.36,5.59,5.2,5.14,4.96,5.05,5.11,5.1
DIDO1,7.04,6.95,7.3,7.17,7.15,7.41,6.92,7.68,6.86,7.26,7.11,7.08,6.74,7.36,6.92,6.69,6.72,7.45,7.11,7.31,6.83,6.94,7.21,7.02,7.01,6.85,7.24,7.19,7.28,6.91,6.01,7.63,6,6.36,6.7,6.89,6.85,6.98,7.12,7.19,7.39,7.68,7.73,7,6.97,7.29,7.21,7.38,7.4,7.38
DIDO1,8.45,8.73,8.48,8.42,8.34,8.41,7.63,8.6,8.24,8.48,8.75,8.25,8.33,8.1,8.23,8.05,8.15,8.32,8.5,8.43,8.02,8.34,8.28,8.21,8.18,7.85,8.49,8.61,8.54,7.82,5.86,7.62,7.57,7.53,7.51,8.17,8.12,8.21,8.25,8.3,8.48,8.71,8.6,8.16,7.84,8.1,8.27,8.4,8.49,7.19
DIDO1,6.7,6.5,6.58,6.69,6.48,6.77,6.65,6.87,6.81,6.86,6.67,6.66,6.65,5.98,6.86,6.67,6.58,6.79,6.7,6.62,6.61,6.59,6.61,6.95,6.61,6.76,6.76,6.9,6.44,7.23,8.56,6.68,6.75,6.65,6.92,6.85,7.15,7.05,6.17,6.79,6.99,6.97,6.57,5.89,6.72,6.09,6.84,6.62,6.73,5.95
DIMT1L,10.77,10.91,10.72,10.72,10.81,10.68,10.46,10.7,10.96,10.72,10.87,10.7,10.83,10.95,10.59,10.48,10.7,10.8,10.83,10.7,10.63,10.6,10.61,10.42,10.29,10.43,10.83,10.79,10.88,10.46,9.9,10.7,10.67,10.52,10.58,10.6,10.58,10.53,10.36,10.77,10.69,10.35,10.38,10.89,10.74,10.57,10.72,10.75,10.76,10.54
DIMT1L,9.37,9.2,9.04,9.25,8.79,8.83,8.37,9,9.37,9.31,8.84,9.19,9.25,7.17,9.03,9.04,9.22,9.27,9.38,9.41,9.07,8.86,8.47,8.94,8.92,9.07,9.3,9.4,8.81,7.37,6.4,7.42,9.16,9.16,9.08,8.94,8.74,9.18,8.68,9.22,9.14,8.65,8.29,7.36,9.15,8.83,9.07,9.21,9.07,6.91
DIMT1L,8.77,8.65,8.72,8.55,8.46,8.51,8.41,8.5,8.91,8.73,8.37,8.57,8.68,6.25,8.6,8.5,8.52,8.7,8.84,8.89,8.51,8.37,8.27,8.43,8.31,8.51,8.62,8.75,8.58,7.31,7.54,6.41,8.51,8.5,8.32,8.34,8.32,8.65,8.38,8.57,8.74,7.98,8.09,5.9,8.7,8.49,8.37,8.77,8.73,6.43
DIMT1L,5.29,5.13,5.1,5.03,5.59,4.96,4.39,5.11,5.18,5.21,5.78,5.11,4.77,5.33,4.99,5.62,5.11,5.36,5.43,5.36,4.84,5.12,4.91,4.89,4.81,5.2,5.25,5.2,4.6,4.24,5.32,4.87,5.02,4.62,4.84,5.45,5.06,5.02,5.1,5.02,4.88,4.81,5.09,5.13,4.65,5.03,5.45,5.47,5.07,5.39
DIO1,3.29,3.34,3.45,3.17,3.24,3.17,3.41,3.23,3.28,3.34,3.39,3.27,3.24,3.31,3.29,3.45,3.2,3.3,3.33,3.4,3.36,3.36,3.4,3.53,3.14,3.44,3.53,3.41,3.31,3.55,3.74,3.54,3.2,3.28,3.25,3.25,3.16,3.35,4.05,3.52,3.1,3.27,3.17,3.53,3.35,3.38,3.2,3.26,3.14,3.35
DIO1,3.44,3.59,3.29,3.44,3.47,3.3,3.5,3.87,3.75,3.52,3.5,3.45,3.51,4.03,3.8,3.4,3.54,3.26,3.36,3.42,3.48,3.48,3.39,3.44,3.63,3.37,3.42,3.52,3.49,3.99,5.85,5.77,3.4,3.55,3.53,3.5,3.42,3.4,3.41,3.32,3.38,3.4,3.49,4.13,3.22,3.84,4.01,3.35,3.36,4.26
DIO1,4.2,4.16,4.26,4.31,4.21,4.31,4.34,3.8,4.01,4.3,4.3,4.21,4.16,5.11,4.42,4.23,3.99,4.22,4.11,4.07,4.45,4.53,4.15,3.96,4.26,4.18,4.32,4.01,4.21,5.59,5.5,5.31,4.23,4.2,4.16,4.3,4.37,4.1,4.66,4.15,4.43,4.14,4.76,5.38,4.22,4.12,3.89,4.32,4.36,5.18
DIO1,3.69,3.65,3.5,3.88,3.58,3.62,4.18,4.04,3.88,3.77,3.82,3.98,3.87,4.1,3.64,3.9,3.83,3.54,3.86,3.56,3.99,3.78,3.84,3.55,3.72,4.02,3.81,3.76,3.51,4.13,6.17,5.04,3.6,3.61,3.64,3.75,3.56,3.76,4.05,3.58,3.82,3.56,3.59,4.09,3.54,3.54,3.94,3.82,3.77,4.06
DIO1,4.08,4.09,4.06,3.95,3.99,4.03,4.19,4.12,4.08,4.01,4.1,4.14,3.98,4.16,3.9,4.08,4.18,4.49,3.95,3.98,3.92,4.31,4.03,3.84,4.09,4.05,4.03,4.08,4.36,3.97,4.92,4.7,4.1,4.05,4.02,4.19,4.18,3.84,3.9,3.75,3.83,3.86,4.37,4.25,4.2,4.01,3.7,4,3.97,4.01
DIO1,4.13,4.13,3.8,4.31,4.55,4.19,4.28,4.02,4.12,3.93,4.06,4.06,3.93,4.2,4.09,4.05,4.05,4.33,4.08,3.84,4.05,4.38,4.01,4.16,4.14,4.12,4.18,4.5,4.04,4.64,6.29,3.67,3.97,3.89,4.12,3.85,4.22,4.29,4.81,4.15,4.3,4.35,4.11,3.94,4.31,4.31,3.94,4.14,4.03,4.3
DIO1,4.46,4.49,4.4,4.47,5.01,5.42,5.41,4.32,4.23,4.41,4.55,4.54,4.44,5.37,4.3,4.71,4.46,4.81,4.49,4.48,4.48,4.38,4.66,4.49,4.43,4.62,4.41,4.33,4.71,6.19,5.34,5.91,4.53,4.42,4.39,4.14,4.64,4.41,6.22,4.28,4.5,4.71,4.64,5.21,4.7,4.87,4.57,4.73,4.48,4.82
DIO2,4.25,4.49,3.9,4.04,3.88,4.33,4.66,4.34,3.96,4.12,3.82,4.5,4.22,4.55,4.11,3.99,4.27,4.31,3.95,3.92,3.96,4.32,4.24,4.05,4.07,3.97,4.09,4.22,4.4,4.52,5,4.86,4.33,4.07,4.37,4.16,4.06,3.91,4.49,3.69,3.8,4.01,4.02,4.47,4.25,3.89,4.13,3.94,4.04,5.76
DIO2,4.25,3.96,4.37,4.21,4.41,4.66,4.05,4.1,3.88,3.98,4.36,4,3.84,4.72,4.05,4.08,4.22,3.86,4.05,3.77,3.87,4.06,4.33,4.09,4.15,4.01,4.03,4.37,4.34,4.49,6.05,4.76,4.13,4.06,5.03,4.18,3.94,3.99,5.17,4.47,4.35,4.11,4.36,4.73,4.16,3.85,4.31,4.17,4,4.32
DIO2,4.28,4.86,3.87,4.2,4.17,4.13,4.61,3.92,4.03,3.95,4.2,4.21,4.72,4.38,3.89,4.23,3.88,4.24,4.1,4.09,4.19,4.2,4.34,3.95,3.8,4.02,3.96,4.16,4.09,4.7,6.2,4.2,4.3,4.06,4.27,3.79,4.18,3.76,5.59,3.86,3.95,3.83,3.94,4.92,4.2,3.89,3.99,3.99,4.27,5.07
DIO2,4.23,4.09,4.12,4.5,4.25,4.25,4.76,4.34,4.35,4.5,4.33,4.36,4.24,5.81,4.25,4.22,4.08,4.16,4.45,4.16,4.7,4.62,4.4,4.42,4.04,4.17,4.4,4.46,4.42,5.18,6.83,5.51,4.41,4.26,4.31,4.17,4.31,4.22,4.04,4.33,4.4,4.13,4.65,4.37,3.93,3.77,4.16,4.39,4.2,4.39
DIO2,4.12,4.2,3.69,3.88,4.43,4.06,5.03,4.38,3.75,4,4.17,4.1,4.09,6.18,3.75,4.16,3.81,4.01,3.92,4.09,4.13,4.25,4.06,4.16,3.81,3.8,3.91,3.76,4.3,4.47,5.27,6.62,4.29,4.16,4.07,4.31,4.14,3.7,5.08,3.66,4,3.94,4.1,5.49,3.67,4.06,3.94,3.92,3.91,4.38
DIO3,4.51,4.49,4.53,4.64,4.57,4.83,4.57,4.33,4.4,4.3,4.46,4.63,4.23,4.9,4.55,4.39,4.55,4.61,4.29,4.31,4.42,4.49,4.57,4.62,4.38,4.29,4.41,4.51,4.6,4.73,5.64,5.18,4.7,4.56,4.46,4.37,4.51,4.57,4.54,4.25,4.36,4.62,4.51,5.22,4.54,4.15,4.54,4.76,4.64,6.15
DIO3,4.01,4.15,4.26,3.94,4.24,4.4,4.78,4.14,4,4.32,4.47,3.99,4.05,5.47,4.2,4.19,4.2,4.17,4.09,4.2,4.04,4.1,3.91,4.19,4.15,4.13,4.2,4.17,4.27,5.17,5.76,5.92,4.15,4.27,4.5,4.22,4.03,4.1,4.65,4.35,4.21,4.04,4.18,5.18,4.14,4.18,4.28,4.04,4.12,4.69
DIO3OS,4.9,4.79,5.23,5.14,5.36,5.58,4.49,5.09,5.11,4.78,5.24,4.95,4.82,5.81,5.39,5.22,5.3,5.26,5.33,5.1,4.94,5.46,5.29,5.54,5.18,4.9,5.23,5.14,5.47,5.03,6.31,5.43,5.22,4.71,5.21,5.4,5.21,4.84,4.83,4.97,5.23,5.38,5.68,5.62,5.12,5.8,5.31,5.05,4.92,6.24
DIO3OS,4.51,4.53,4.78,4.62,5.05,5.31,5.87,5.17,4.78,4.74,4.87,4.67,4.58,4.73,4.93,4.73,4.93,4.82,4.78,4.76,4.58,5.08,4.82,5.06,5.02,4.74,4.69,4.75,4.73,5.15,5.71,5.77,4.97,4.85,4.69,5.28,5.2,4.69,5.57,4.89,4.86,4.78,5.13,4.71,4.49,4.8,5.16,4.99,4.53,5.75
DIP2A,6.07,6.39,6.43,6.49,6.26,6.03,6.32,6.63,6.09,6.58,6.52,6.45,6.3,5.71,6.21,6.34,6.23,6.46,6.34,6.26,6.41,6.64,6.57,6.32,6.41,6.13,6.18,6.48,6.46,6.13,4.85,6.13,6.23,6.09,6.21,6.16,5.98,6.41,5.52,6.47,6.35,6.61,6.29,6.48,6.86,6.44,6.28,6.43,6.66,6.56
DIP2A,5.22,5.24,5.96,5.42,5.93,5.46,6.18,5.59,5.22,5.22,5.69,5.07,4.98,4.75,5.18,5.17,5.34,5.67,5.48,5.61,5.18,5.13,5.43,5.36,5.24,5.07,5.28,5.07,5.43,5.17,5.12,4.8,5,5.24,5.19,5.33,5.31,5.4,5.23,5.83,5.27,5.48,5.63,5.25,5.37,4.89,5.69,5.24,5.51,5.2
DIP2A,5.93,5.55,5.95,6.03,6.34,5.88,6.21,6.22,5.86,6.03,6.17,5.84,5.63,6.2,5.54,5.61,5.82,6.21,6.27,5.88,5.8,6.06,5.94,5.69,5.84,5.73,5.7,5.64,5.7,5.9,5.84,5.81,5.63,5.86,5.01,6.02,5.5,5.6,5.03,5.61,5.56,5.86,6.19,5.38,6.3,6.39,5.91,5.69,5.81,7.15
DIP2A,8.42,8.79,8.15,8.36,8.35,8.36,8.6,8.43,8.35,8.39,8.62,8.31,8.2,6.82,8.34,8.41,8.31,7.98,7.97,8.23,8.49,8.6,8.9,8.4,8.55,8.3,8.36,8.43,8.52,8.53,5.79,5.59,8.19,8.2,8.18,8.39,8.52,8.15,7.31,8.32,8.47,8.64,8.37,6.32,8.26,8.38,8.31,8.04,8.38,6.91
DIP2A,6.12,5.44,5.94,5.96,5.65,5.85,5.67,5.65,6.16,6.06,5.75,5.73,5.5,5.32,6.04,6.33,6.09,5.95,5.89,6.17,6.23,6.2,6.13,6.13,6.52,6.13,5.7,6.22,5.65,4.51,4.66,5.66,5.82,5.82,6,6.37,5.77,6.01,6.16,6.15,6.04,5.99,5.82,5.52,5.91,5.7,6.04,5.68,5.74,5.69
DIP2B,8.53,8.3,8.45,8.41,8.49,8.57,8.55,8.43,8.26,8.55,8.3,8.42,8.16,7.06,8.07,7.85,7.93,8.34,8.48,8.46,8.31,8.32,8.27,8.33,8.38,8.27,8.33,8.33,8.45,7.43,7.2,7.58,7.94,8.22,8.11,8.04,7.99,8.04,8.06,8.71,8.5,8.39,8.38,7.37,8.06,8.04,8.01,8.44,8.59,8.05
DIP2B,7.78,7.96,7.71,7.8,7.65,7.9,7.06,7.78,7.98,7.85,8.01,7.88,7.9,7.5,7.81,7.46,7.62,7.72,7.74,7.68,7.75,7.82,7.96,7.82,7.79,7.75,7.71,7.85,7.79,7.11,4.61,5.9,7.38,7.63,7.44,7.61,7.3,7.72,7.45,7.89,7.77,7.85,7.8,7.08,7.19,7.56,7.47,7.93,7.96,7.24
DIP2B,4.09,3.92,4.13,4.01,4.18,4.17,4.4,3.97,3.97,4.23,3.88,4.08,4.4,4.04,4.35,4.22,4.11,4.18,4.09,4.08,4.19,4.04,4.17,4.13,4.05,4.1,3.96,3.96,4.14,4.39,4.56,4.31,4.28,4.06,4.09,4.05,4.25,4.2,4.04,4.09,3.87,4.01,4,4.05,3.95,4.19,4.05,4.16,4.01,3.94
DIP2C,5.22,5.1,5.28,5.45,5.98,5.55,5.87,5.47,5.28,5.55,5.41,5.23,5.06,5.76,5.4,5.6,5.62,5.2,5.27,5.63,5.58,5.44,5.4,5.59,5.39,5.44,5.08,5.24,5.46,5.69,5.34,5.31,5.42,5.55,5.32,5.37,5.38,5.64,5.89,5.26,5.41,5.36,5.7,5.01,5.71,5.49,5.58,5.48,5.28,5.53
DIP2C,5.48,6.07,5.57,5.31,6,6.15,5.93,5.34,5.6,5.55,5.72,5.69,5.92,6.49,5.9,5.47,5.86,5.42,5.53,5.75,5.7,5.79,5.81,5.76,5.98,5.37,5.51,5.64,5.75,6.34,6.25,6.06,5.71,5.8,5.71,5.66,5.59,5.49,7,5.21,5.78,5.91,5.73,5.5,5.84,5.14,5.48,5.45,5.71,6.03
DIP2C,4.73,5.08,4.79,5.08,4.57,5.05,5.03,5.38,5.08,5.02,5.45,5.02,4.76,4.6,5.16,4.98,5.63,5.01,5.08,5,5.08,5.09,5.4,5.4,5.45,5.01,4.84,4.87,4.84,4.8,5.99,4.32,5.14,5.51,5.13,4.69,5.27,5.34,3.92,4.77,5.06,5.39,5.26,5.56,5.15,5.8,5.26,5.21,5,5.98
DIP2C,4.33,4.42,4.72,4.45,4.77,4.86,5.65,4.64,4.52,4.52,4.66,4.37,4.48,6.13,4.52,5.02,4.7,4.47,4.45,4.44,4.51,4.57,4.84,4.75,4.23,4.55,4.47,4.62,4.27,4.1,3.83,6.48,4.56,4.6,4.47,4.39,5.6,4.59,4.65,4.99,4.81,4.61,5.3,5.19,4.19,4.43,4.75,4.88,4.27,5.81
DIRAS1,5.51,5.58,5.62,5.6,5.93,5.98,5.26,5.93,5.58,5.64,5.81,5.4,5.18,6.35,5.62,5.46,5.42,5.35,5.76,5.7,5.28,5.58,5.65,5.61,5.56,5.58,5.77,5.75,5.85,4.42,6.19,7.1,6.01,5.6,5.62,5.73,5.34,5.96,4.91,5.48,5.79,6,5.52,6.29,5.22,5.65,5.8,5.66,5.51,6.43
DIRAS1,3.76,3.8,3.89,3.83,4.09,4.36,4.91,4.14,3.73,3.84,3.88,3.63,3.9,4.57,3.59,4.03,3.84,3.8,3.79,3.86,3.87,3.8,3.78,3.72,3.81,3.72,4.08,3.75,4.41,4.58,4.67,4.14,3.69,3.98,3.8,3.68,4.07,3.96,5.09,3.78,3.82,3.87,4,4.04,3.94,4.15,4.04,3.88,3.94,4.2
DIRAS2,4.31,3.94,4.29,4.48,3.86,3.84,3.94,4.05,4.05,4.24,4.4,4.35,4.26,4.34,4.27,4.01,4.24,3.96,4.01,4.26,3.88,4.19,4.36,4.09,4.26,4.71,4.02,4.23,3.92,4.31,3.93,4.87,4.03,4.16,4.48,4.31,4.32,4.12,3.89,4.08,4.13,3.96,4.04,6.67,3.98,4.41,4.37,3.88,3.88,6.81
DIRAS2,4.46,4.34,4.27,4.09,4.27,4.25,4.59,3.79,4.21,4.23,4.17,4.27,4.42,4.33,4.27,4.23,4.13,4.33,4.07,4.09,4.04,4.22,4.3,4.03,4,3.96,4.26,4.16,4.36,4.54,5.61,4.52,4.6,4.73,4.53,4.21,4.34,4.2,4.55,4.17,4.04,4.17,4.5,4.26,4.29,4.26,4.08,4.01,4.32,5.06
DIRAS2,4.1,4.16,3.88,4.16,3.91,3.99,4.5,4.2,4.16,4.07,4.24,4.08,3.96,4.63,4.07,4,4.04,3.95,3.84,4.11,3.83,4.32,4.36,4.15,4.49,4.45,4.24,4.12,4.16,4.46,6.44,4.3,4.35,4.22,4.18,3.93,3.69,4.21,4.54,4,4.11,4.1,3.86,4.58,4.39,4.29,3.99,4.11,3.95,4.67
DIRAS3,4.11,3.98,3.97,4.04,3.77,3.74,3.9,3.68,4.34,4.05,4.1,4.19,4.5,4.25,4.04,4.06,3.99,4.01,4.28,3.93,4,4.5,4.36,4.33,3.98,4.06,3.81,4.04,4.04,3.89,4.51,4.08,3.95,3.96,4.09,4.16,3.83,3.94,4.07,3.78,4.06,3.81,3.95,4.19,3.98,3.96,3.47,3.89,4.18,4.1
DIRC1,4.03,4.71,3.85,4.06,3.95,4.57,3.96,4.07,4.03,3.86,4.07,4.28,4.33,4.98,3.79,3.95,3.81,3.98,3.93,3.77,4.33,4.12,4.3,3.86,3.74,3.71,3.77,3.93,3.98,4.1,4.26,4.05,3.88,4.02,3.75,3.72,4.24,3.59,4.01,3.63,3.84,3.91,3.87,6.58,3.85,3.96,3.86,3.75,3.83,4.87
DIRC1,4.47,3.88,4.01,4.32,4.34,4.05,4.3,4.13,4.17,3.82,4.29,3.98,3.98,5.56,4.03,4.48,4.05,3.82,3.9,4.19,4.12,4.03,3.93,4.08,4.09,4.01,3.81,3.88,3.8,4.26,5.2,4.28,4.13,4.01,4.12,3.96,4.57,3.88,4.07,3.96,4.04,4.16,4.24,5.83,4.13,3.87,4.49,3.93,3.95,4.27
DIRC2,5.91,6.17,6.03,6.27,5.84,5.82,6.25,6.26,5.89,5.99,6.39,5.94,5.86,7.72,6.43,6.08,6.43,6.13,6.12,6.11,6.15,6.5,6.38,6.32,6.46,6.53,5.94,5.83,6.03,5.59,5.84,7.91,6.72,6.87,6.65,5.99,6.16,6.59,6.01,6.47,5.91,6.41,6.41,7.02,6.44,5.65,6.11,6.13,6.19,7.75
DIRC2,4.2,4.6,4.14,4.32,3.88,3.85,4.74,3.98,4.21,4.14,4.25,4.3,4.27,4.27,4.22,4.11,3.99,4.25,4.07,3.93,4.35,4.37,4.28,4.39,4.07,3.96,3.95,4.26,4.01,4.87,7.13,4.4,4.19,4.32,4.23,4.03,4.04,3.93,4.21,3.88,3.87,4.03,4.93,4.75,3.95,4.02,4.07,4.33,4.03,4.44
DIS3,6.64,6.59,6.81,6.66,5.75,6.78,6.44,6.71,6.7,6.95,6.9,6.53,6.18,8.45,6.73,6.53,6.57,6.89,6.58,6.87,5.72,6.47,5.89,6.5,6.38,6.49,6.66,6.74,6.08,5.37,6.07,8.1,6.34,6.72,6.89,6.47,6.49,6.69,5.6,6.3,6.5,6.47,6.74,7.77,6.69,6.01,6.89,6.82,6.34,9.19
DIS3,9.19,9.39,9.04,9.18,9.09,9.21,7.73,8.82,9.25,9.21,9.37,9.18,9.19,7.95,9.26,9.19,9.23,9.09,9.17,9.24,9.11,9.24,9.49,9.21,9.12,9.07,9.09,9.12,9.27,8.17,6.53,5.97,9.08,9.18,9.08,9.1,8.94,8.95,8.28,9.03,9.1,8.93,8.97,7.75,9.23,9.19,9.15,9.21,9.34,7.28
DIS3,7.86,8.1,7.49,7.83,7.22,7.48,6.89,7.33,8.04,7.89,7.81,7.86,7.89,5.77,7.73,7.66,7.77,7.69,7.77,7.72,7.86,7.7,7.86,7.63,7.73,7.76,7.7,7.76,7.81,6.68,5.62,6.56,7.71,7.85,7.66,7.61,7.54,7.53,6.29,7.57,7.77,7.45,7.57,6.01,7.82,8.03,7.88,7.94,7.83,6.56
DIS3L,7.52,7.6,7.81,7.62,7.65,7.69,8.08,7.62,7.69,7.67,7.88,7.38,7.31,6.51,7.17,7.35,7.34,7.8,7.9,7.93,6.89,7.06,6.91,7.14,6.99,6.94,7.61,7.69,7.56,6.95,5.76,7.54,7.26,7.32,7.41,7.6,7.39,7.49,7.53,7.24,7.34,7.72,7.73,6.6,7.42,7.43,7.24,7.18,7.63,7.61
DIS3L,7.88,7.75,8.14,8.11,7.78,7.81,7.69,8.16,7.92,8.12,7.86,7.63,7.72,6.44,7.53,7.45,7.47,8.12,8.29,8.22,6.9,7.23,7.13,7.29,7.31,7.09,7.87,8,7.95,7.35,7.04,7.93,7.63,7.66,7.7,7.67,7.58,7.87,7.31,7.49,7.31,8.18,7.91,5.95,7.25,7.06,7.53,7.51,7.66,7.57
DIS3L,5.37,4.52,4.71,4.77,3.94,4.86,4.73,4.84,4.97,5.02,4.66,4.89,4.74,4.75,5.19,4.75,4.94,5.39,5.17,5.04,4.48,4.4,3.96,4.62,4.84,4.49,5.31,4.85,4.62,5.08,6.24,6.71,5.03,5.09,4.78,4.83,4.89,4.68,6.17,4.7,4.58,4.52,4.82,5.53,4.89,4.35,4.68,4.58,4.88,4.85
DIS3L2,5.89,5.39,6.04,5.89,6.22,6.54,5.73,5.91,5.67,5.67,5.88,5.66,5.4,4.87,5.7,5.39,5.82,5.94,5.87,5.61,5.81,5.73,6.04,5.89,5.82,5.55,6.06,5.77,6.04,4.85,6.74,6.17,5.19,5.78,5.52,6.08,5.9,5.76,5.26,6.15,6.29,5.92,5.41,6.16,5.92,5.92,6.13,5.95,5.94,4.97
DIS3L2,6.34,5.91,6.38,6.36,6.35,6.99,6.12,6.44,6.32,6.52,6.14,6.06,5.64,6.25,6.25,6.46,6.31,6.48,6.75,6.51,5.97,6.27,6.66,6.71,6.62,6.42,6.54,6.3,6.37,5.86,5.74,6.13,6.5,6.1,6.18,6.53,6.68,6.48,6.95,6.21,6.62,6.56,6.43,5.35,6.78,6.5,6.37,6.48,6.17,5.01
DIS3L2,6.29,6.13,6.4,6.2,5.85,6.26,6.91,6.72,6.49,6.51,6.55,6.01,6.16,4.88,6.47,6.55,6.47,6.31,6.62,6.32,6.89,6.45,6.36,6.42,6.75,6.75,6.41,6.26,6.24,6.91,6.83,5.76,6.62,6.08,6.1,6.75,6.08,5.88,6.3,6.62,6.57,6.42,6.78,5.55,7.04,6.81,6.4,5.92,6.16,6
DIS3L2,5.13,4.83,4.9,5.32,4.77,4.04,4.19,5.08,4.99,4.89,4.49,5.15,4.87,4.67,4.94,5.08,4.8,4.91,5.18,5.39,4.99,5.19,4.71,5.01,5.49,5,4.88,4.75,4.45,4.42,6.03,5.63,4.95,5.1,5,4.85,4.52,4.74,4.68,4.6,4.56,4.89,4.58,4.56,5.36,4.93,5.01,4.95,4.97,4.42
DISC1,4.51,4.39,4.24,4.45,4.55,4.07,4.19,4.36,4.33,4.17,4.7,4.45,4.4,6.11,4.17,4.41,4.31,4.24,4.33,4.24,4.49,4.31,4.51,4.2,4.17,4.03,4.42,4.52,4.21,4.72,5.7,5.33,4.07,4.3,4.74,4.19,4.15,4.25,4.33,4.35,4.14,4.44,4.29,6,4.05,4.57,4.34,4.14,4.07,4.92
DISC1,4.07,3.68,3.84,3.72,4.04,3.93,4.37,3.61,3.89,3.84,3.83,3.81,4.04,4.1,3.71,3.67,3.71,3.82,3.65,3.65,4.17,4.16,3.74,3.52,3.63,3.63,3.8,3.69,3.98,4.85,4.35,4.15,3.88,3.75,3.93,3.52,4.27,3.67,4.65,3.63,3.69,3.7,3.95,5.67,3.65,3.89,3.83,3.51,3.82,3.98
DISC1,4.08,4.26,4.34,4.16,4.4,4.67,4.46,4.41,4.14,4.1,4.27,4.31,4.21,5.28,4.41,4.22,4.06,4.16,3.99,4.04,4.17,4.47,4.24,4.07,4.12,4.15,4.19,4.32,4.05,4.36,6.72,4.71,4.54,4.24,4.12,4.15,4.32,4.07,5.12,4.25,4.07,4.28,4.05,6.38,4.05,4.23,4.35,4.15,4.18,6.07
DISC1,4.25,4.5,4.6,4.33,4.43,4.88,4.62,4.51,4.36,4.33,4.59,4.48,4.25,4.61,4.4,4.64,4.47,4.35,4.34,4.43,4.49,4.46,4.34,4.41,4.72,4.48,4.39,4.58,4.28,5.03,4.32,4.71,4.14,4.64,4.4,4.31,4.26,4.36,4.48,4.14,4.21,4.64,4.5,5.25,4.95,4.8,4.27,4.19,4.43,6.32
DISC2,4.16,4.14,3.81,4.04,4.28,3.97,3.79,3.88,4.15,4.15,4.29,4.21,4.38,4.2,3.71,3.98,3.99,3.92,4.03,3.87,4.16,4.56,4.2,3.73,4.17,3.73,3.85,4.22,3.87,4.48,6.21,4.56,3.98,4.21,3.72,3.88,3.9,4.07,4.16,4.29,3.98,4.07,3.69,4.41,3.59,4.03,3.88,3.69,3.88,4.92
DISP1,4.56,4.39,4.49,4.55,4.64,4.41,4.29,4.53,4.46,4.61,4.27,4.29,4.39,4.39,4.36,4.64,4.56,4.62,4.97,4.51,4.44,4.41,4.59,4.79,4.58,4.47,4.36,4.44,4.3,4.32,5.12,4.12,4.51,4.49,4.66,4.64,4.43,4.79,3.95,4.83,4.62,4.51,3.97,4.58,4.49,4.2,4.29,4.3,4.35,4.92
DISP1,6.62,6.66,6.68,6.64,6.79,6.82,6.61,7.08,6.67,6.77,6.78,6.72,6.93,7.58,6.77,6.99,6.92,7.1,6.74,6.74,6.63,6.62,6.89,6.99,6.9,6.94,6.72,6.81,6.89,6.36,7.69,7.02,6.81,7,7.08,6.69,7.13,6.76,6.74,7.16,7.25,7.08,6.84,7.86,6.98,6.66,6.99,6.6,6.83,6.36
DISP1,4.35,3.96,3.79,4.06,4.1,3.64,4.04,3.81,4.06,3.96,3.73,4.12,3.86,3.8,4.24,3.97,3.93,3.73,4.08,4.16,4.05,4.2,4.52,4.18,3.78,3.64,4.04,3.82,3.74,3.75,4.49,4.27,4.12,3.98,4.27,4.31,4.54,3.89,4.08,4.01,3.83,4.45,3.57,3.92,3.88,4.23,3.88,3.81,3.76,3.91
DISP2,3.58,3.53,3.85,3.74,3.43,4.16,3.98,4,3.52,3.7,3.91,3.79,3.56,3.95,3.75,3.78,3.58,4,3.9,4.38,3.53,3.64,3.73,3.8,3.75,3.85,3.71,3.9,3.58,3.42,3.94,3.86,3.57,3.36,3.8,3.56,3.69,3.81,3.54,3.85,3.85,4.02,3.46,3.81,4.21,4.01,3.59,4,3.87,3.31
DIXDC1,6.9,7.31,7.07,7.07,7.33,7.22,7,7.26,7.24,7.17,7.41,6.93,6.86,6.82,7.02,6.8,6.74,7.11,7.1,7.32,6.35,6.48,6.92,6.55,6.46,6.33,7.27,7.1,7.17,5.81,4.68,4.98,6.63,6.93,6.94,7.13,6.61,6.93,5.52,7.25,7.12,6.74,7.11,7.33,6.62,7.03,6.87,7.24,7.3,6.6
DIXDC1,5.13,4.99,4.84,4.75,5.2,4.54,5.32,4.47,4.88,4.92,5.06,4.66,4.88,5.41,5.01,4.86,4.65,4.83,5.03,5.08,5.02,4.8,4.85,4.87,5.28,4.53,5.09,4.98,5.08,4.71,6.11,6.13,5.43,5.15,5.07,5,4.44,4.6,6.14,5,4.91,5,4.75,4.88,5.3,4.73,4.92,5.08,4.86,4.77
DIXDC1,3.51,3.61,3.48,3.53,3.57,3.56,3.65,3.49,3.51,3.6,3.61,3.29,3.53,3.51,3.57,3.5,3.3,3.43,3.72,3.44,3.43,3.52,3.47,3.59,3.43,3.41,3.41,3.52,3.7,3.34,4.01,3.61,3.46,3.52,3.61,3.4,3.48,3.68,3.51,3.36,3.36,3.54,3.32,4.01,3.38,3.38,3.44,3.22,3.49,3.71
DIXDC1,6.6,6.33,6.51,6.72,6.02,6.68,5.12,6.85,6.55,6.75,6.5,6.47,6.35,5.12,6.46,6.49,6.3,6.35,6.63,6.81,5.96,6.45,6.24,6.36,6.3,6.01,6.44,6.67,6.46,5.65,5,5.47,6.07,6.17,6.4,6.68,5.84,6.44,4.63,6.48,6.71,6.58,6.13,5.83,5.85,6.14,5.96,6.54,6.61,6.79
DKC1,10.26,9.62,9.98,9.81,9.4,9.87,9.86,10.01,10.17,10.02,9.29,9.47,9.41,7.83,9.61,9.4,9.57,10.19,10.32,10.33,9.07,8.91,8.55,9.37,9.14,9.16,10.04,9.83,9.56,8.57,7.91,7.29,9.44,9.03,9.23,9.4,8.98,9.21,9.5,9.75,9.78,9.24,9.01,7.47,9.87,9.74,9.97,9.62,9.43,7.78
DKC1,11.42,11.33,11.49,11.53,11.51,11.32,11.23,11.52,11.43,11.53,11.34,11.38,11.24,10.37,11,10.87,10.99,11.61,11.65,11.55,10.62,10.72,10.5,10.59,10.73,10.54,11.45,11.55,11.44,11.47,10.64,10.51,10.61,10.81,10.73,10.99,10.75,11.01,11.19,11.38,11.21,11.18,11.01,10.24,11.37,11.23,11.43,11.43,11.55,10.01
DKFZP564O0823,6.93,6.82,6.52,6.87,6.76,6.27,6.13,6.8,7.09,7.18,6.76,6.96,6.78,6.06,6.88,6.6,6.59,7.06,6.64,6.61,7.22,7.32,6.91,7.2,7.15,7.19,7.04,7,6.61,5.16,6.81,6.37,7.72,7.89,8.06,7,6.87,7.32,6.87,7.55,7.29,6.76,6.97,5.04,6.89,6.77,6.89,6.96,6.66,6.69
DKFZP564O0823,7.07,6.91,7.05,6.99,6.76,6.58,7.09,7.15,7,6.88,7.22,6.99,6.71,6.96,7.24,7.01,6.91,6.9,7.09,6.89,7.13,7.18,7.22,7.22,7.27,7.4,6.75,6.96,6.65,5.92,5,6.42,7.46,7.38,7.66,7.28,7.05,7.29,6.06,7.26,7.27,6.86,7.16,6.35,7.29,7.07,7.2,7.1,6.95,7.2
DKFZP564O0823,7.29,7.02,7.47,7.41,7.21,7.29,7.56,7.4,7.16,7.25,7.35,7.25,7.09,6.77,7.44,7.27,7.23,7.48,7.15,7.26,7.44,7.66,7.45,7.3,7.44,7.36,7.06,7.08,7.18,6.54,5.79,8.55,7.92,7.94,7.99,7.54,7.62,7.5,8.11,7.67,7.88,7.36,7.51,6.82,7.57,7.32,7.67,7.68,7.48,6.37
DKFZP586I1420,9.07,9.04,9.33,9.14,9.05,9.27,9.28,9.22,9.07,8.95,9.31,9.03,8.71,7.74,9.07,9.13,8.87,8.96,9.03,9.03,8.87,8.89,9.08,9.03,9.04,8.53,9.14,9.08,9.06,9.85,6.58,8.46,8.41,8.76,8.6,9.28,9.12,9.12,8.72,9.15,9.02,9.73,9.73,9.32,8.98,9.07,8.95,8.82,9.01,7.63
DKFZp686E2433,4.2,4.16,4.15,4.32,4.15,4.46,4.92,4.22,4.14,3.97,4.1,3.96,4.15,5.05,4.23,4.4,4.06,3.95,4.13,4.01,4.24,4.05,4.47,4.04,3.98,4.16,4.39,4.09,4.09,4.3,5.43,5.1,4.13,4.17,4.41,4.25,4.23,4.23,4.59,4.03,4.11,4.71,3.98,4.35,4.56,4.5,4.74,4.3,4.16,4.79
DKFZp761E198,7.4,7.33,7.16,7.18,7.43,7.84,7.88,7.48,7.24,7.22,7.63,6.94,6.65,7.34,7.79,7.89,8.18,7.58,7.68,7.31,8.04,7.67,7.88,7.97,7.7,7.56,7.59,7.42,7.58,7.08,6.39,6.22,7.48,7.17,7.3,8.43,8.23,7.34,7,7.56,7.44,7.65,7.34,7.15,7.46,7.52,7.54,7.23,6.99,6.23
DKFZp761E198,6.91,6.86,7.13,6.88,7.92,7.67,7.53,7.39,6.92,7.1,7.42,7.01,6.86,7.8,7.43,7.77,7.76,7.33,7.43,6.94,7.92,7.52,7.72,7.6,7.47,7.33,7.27,7.14,7.68,6.72,6.95,8.04,7.39,7.57,7.5,7.79,8.11,7.9,6.4,7.48,7.42,7.45,7.36,8.44,7.27,7.25,7.54,7.16,7.41,7.83
DKK1,4.67,4.87,4.37,4.66,4.64,4.88,4.99,4.44,4.39,4.55,4.99,4.68,4.44,4.77,4.73,4.67,4.43,4.38,4.43,4.41,4.68,4.88,4.52,4.35,5.06,4.6,4.55,4.87,4.97,6.01,4.7,5.2,4.7,4.45,4.45,4.54,4.94,4.36,4.4,4.45,4.51,5.12,5.12,5.42,4.42,4.61,4.5,4.2,4.54,4.89
DKK2,6.97,7.32,6.82,6.81,6.88,6.57,5.23,6.22,7.25,6.86,7.3,7.12,7.14,6.13,6.68,5.94,6.75,7.04,7.03,7.31,7.33,6.97,7.4,6.67,7.03,6.78,7.16,7.09,7.32,6.55,5.8,6.05,7.41,7.53,7.25,7.07,6.42,6.87,5.96,6.99,7.16,6.94,6.79,5.54,7.19,7.11,7.52,6.98,7.33,5.25
DKK2,5.07,5.03,4.8,5.12,5.08,4.69,4.99,4.87,4.97,4.99,5.2,5.13,5.13,4.99,4.97,5.11,4.69,5.1,5.42,5.34,5.14,5.29,4.94,5.2,5.03,4.94,4.73,4.92,4.93,5.77,5.32,5.01,4.98,5.16,6,5.07,4.98,4.93,5.47,4.84,5.05,4.91,5.16,5.38,5.25,5.19,5.57,5.01,5.13,5.73
DKK3,4.08,4.47,4.08,4.24,4.27,3.95,5.19,4.2,4.11,4.46,4.56,4.41,4.6,4.74,4.09,4.14,4.06,4.34,4.1,4.07,4.26,4.55,4.56,4.13,4.18,4.21,4.65,4.42,4.33,5.16,4.73,4.37,4.29,4.23,4.61,4.27,4.26,3.91,4.54,3.94,3.97,4.26,4.22,5.16,4.17,4.2,4.29,3.89,4.68,5.41
DKK3,4.7,4.1,4.53,4.5,5.42,4.62,4.9,4.23,4.28,4.24,4.4,4.12,4.04,5.47,4.49,4.8,4.32,4.98,4.45,4.27,4.29,4.55,4.05,4.58,4.53,4.06,4.26,4.34,4.96,5.92,6.03,5.74,4.53,4.58,4.54,4.59,4.89,4.62,5.73,4.83,4.52,4.53,4.16,6.25,4.99,5.2,4.39,4.53,4.55,6.04
DKK3,5.81,5.77,5.83,5.94,6.54,6.44,5.63,5.83,5.8,5.83,5.79,5.95,5.84,6.66,5.74,5.6,5.76,5.89,5.86,5.99,6.31,6.26,5.71,6.16,6.34,6.11,5.96,5.64,6.15,5.93,7.89,6.6,5.77,5.82,5.79,5.67,5.71,5.93,6.58,5.8,5.91,5.83,6.37,8.46,6.3,6.41,6.48,6.07,5.86,6.68
DKK3,4.98,4.92,5.13,4.92,5.25,5.3,4.92,5.22,4.57,4.97,5.26,4.87,5.15,6.52,5.38,5.2,4.74,5.05,5.05,5.27,5.03,4.9,4.82,4.82,4.97,4.84,4.71,4.94,5.16,5.97,6.6,7.43,4.9,5.21,5.28,5.62,5.85,5.34,5.57,4.79,5.15,5.06,5.34,7.6,5.47,6.32,5.49,4.75,5.3,7.49
DKK3,3.82,3.88,3.68,3.67,3.81,3.69,4.85,3.6,3.81,3.8,3.99,3.81,3.66,4.46,3.74,3.8,3.52,3.56,3.59,3.62,3.36,3.77,3.83,3.55,3.6,3.59,3.68,3.89,3.62,6.9,4.94,6.23,3.75,3.79,3.51,3.6,4.55,3.78,4.91,3.76,3.61,3.66,3.78,4.85,4.03,3.78,3.72,3.56,3.73,5.19
DKK3,4.05,4.02,3.99,4.12,4.53,4.09,3.85,4.62,3.96,3.9,3.91,4.05,3.78,4.38,3.86,4.03,3.96,4.24,4.22,4.11,3.91,4.01,4.23,4.1,4.28,4.11,3.93,4.01,4.08,4.46,5.26,6.45,3.93,4.13,4.32,4.11,4.25,4.51,4.91,3.95,4.12,4.56,4.23,4.57,4.55,4.47,3.91,4.31,4.11,4.82
DKK4,4.23,3.99,4.46,4.17,4.07,4.65,5.47,4.75,4.04,3.98,4.1,4.01,4.05,5.03,4.33,4.01,4.16,4.41,4.25,3.98,4.03,4.38,4.37,3.86,4.44,4.16,3.74,4.04,4.07,5.35,6.15,4.03,4.1,3.96,4.13,4.16,4.25,4.22,4.23,4.03,4.44,3.8,4.1,5.03,3.83,4.64,4.02,4.45,4.03,4.28
DKK4,4.14,4.51,4.57,4.26,4.48,4.54,3.76,4.54,4.55,4.41,4.5,4.52,4.67,5.22,4.35,4.04,4.34,4.48,4.28,4.1,4.54,4.33,4.29,4.18,4.25,3.77,4.34,4.2,4.58,4.19,5.35,4.42,4.4,4.39,4.34,4.45,4.35,4.25,4.41,4.4,4.51,4.78,4.51,4.49,4.1,4.88,4.25,4.27,4.28,4.92
DKKL1,3.8,3.78,4,3.96,4.36,4.31,4.56,3.8,3.77,4.03,4.04,3.9,3.71,4.02,3.98,3.97,4.04,4.13,4.03,3.81,3.82,3.7,3.85,4.19,4.03,3.78,4.34,3.76,3.84,6.13,5.59,4.53,3.84,3.77,3.96,3.81,4.18,3.89,5.93,3.77,3.92,4.01,4.6,4.82,4.33,4.08,3.86,3.99,3.76,5.24
DLAT,8.06,8.08,7.96,7.94,7.5,7.57,7.43,7.8,8.32,8.11,8.21,8.19,8.29,7.08,7.67,7.41,7.73,7.98,7.92,8,7.57,7.63,7.76,7.28,7.46,7.31,7.92,8.25,8,5.74,4.92,5.79,7.56,7.44,7.35,7.69,7.37,7.44,7.47,7.74,7.81,7.36,7.07,5.88,7.55,7.17,7.45,7.96,8.17,5.83
DLAT,9.77,10.07,9.86,9.89,9.63,9.8,9.4,9.79,9.92,9.79,10.06,9.76,9.84,9.75,9.65,9.43,9.7,9.81,9.87,9.85,9.41,9.44,9.65,9.46,9.49,9.44,9.81,9.88,9.9,9.61,6.92,9.77,9.26,9.36,9.37,9.61,9.35,9.49,9.57,9.74,9.64,9.38,9.33,9.45,9.45,9.47,9.71,9.8,9.83,8.77
DLAT,9.74,10.05,9.75,9.89,9.77,9.6,9.53,9.54,9.9,9.8,9.93,9.82,9.85,9.79,9.56,9.47,9.6,9.69,9.71,9.82,9.6,9.45,9.76,9.35,9.37,9.3,9.81,9.89,9.87,9.32,7.86,8.2,9.24,9.38,9.27,9.39,9.34,9.21,8.79,9.7,9.51,9.26,9.42,8.99,9.5,9.29,9.64,9.85,9.96,8.64
DLAT,8.65,8.59,8.4,8.44,8.33,8.07,7.03,8.1,8.9,8.58,8.25,8.68,8.82,6.78,8.21,7.81,8.1,8.51,8.42,8.36,8.19,7.93,8.09,7.61,7.79,7.97,8.5,8.51,8.7,7.13,5.54,6.31,7.92,8.04,7.99,8.01,7.89,7.98,7.81,8.38,8.38,7.62,7.58,7.42,8.05,7.45,7.94,8.4,8.71,6.48
DLAT,9.01,8.87,8.8,8.89,8.79,8.58,8.08,8.67,8.98,8.99,8.84,8.9,8.82,7.64,8.35,8.54,8.52,8.81,8.91,8.82,8.43,8.34,8.27,8.36,8.21,8.38,8.78,8.83,8.9,8.48,6.24,6.92,8.6,8.31,8.27,8.49,8.18,8.4,9.12,8.55,8.69,8.05,8.31,7.29,8.37,8.41,8.38,8.85,9.13,7.16
DLAT,8.28,7.74,8.16,8.06,7.49,7.56,7.68,7.88,8.3,8.3,7.38,8.27,8.15,5.98,8,7.6,7.73,7.97,7.96,8.16,7.5,7.56,7.11,7.62,7.61,7.75,8.03,8.19,7.3,6.5,5.99,4.89,7.7,7.8,7.73,7.45,7.32,7.72,8,7.78,7.4,7.11,7.03,6.48,7.37,7.06,7.67,8,7.95,6.55
DLC1,7.91,7.96,7.96,8.05,7.95,7.95,7.99,8.2,7.95,8.12,8.04,8,8.02,6.69,7.62,7.6,7.61,7.99,8.04,7.95,7.73,7.78,7.72,7.58,7.65,7.66,7.9,7.92,7.99,8.34,6.09,7.78,7.93,8.13,8.09,7.75,7.87,7.7,7.91,8.2,8.21,8.27,8.24,7.95,7.39,7.11,7.08,8.09,8.15,7.96
DLC1,9.38,9.65,9.56,9.58,9.55,9.74,9.3,9.53,9.49,9.52,9.7,9.55,9.49,9.52,9.26,9.13,9.07,9.44,9.48,9.57,9.28,9.28,9.2,9.37,9.41,9.24,9.52,9.4,9.48,8.48,8.75,9.41,9.43,9.55,9.75,9.36,9.37,9.3,9.33,9.68,9.67,9.84,9.79,9.94,8.8,9.07,8.98,9.52,9.49,9.48
DLC1,4.09,4.22,4.32,4.38,3.98,4.34,4.24,3.84,4.3,4.89,4.25,4.3,4.28,6.1,4.26,4.19,4.23,4.25,4.25,4.28,4.36,4.58,4.41,4.45,4.7,4.18,3.86,4.29,4.09,4.59,4.6,5.01,4.24,3.97,4.17,4.02,5.39,4.01,4.38,3.81,4.41,4.34,4.55,5.1,4.29,4,3.8,4.02,3.95,4.42
DLC1,9.15,9.17,9.16,9.03,9.13,9.31,9.26,9.35,9.06,9.25,9.27,8.85,8.81,8.78,9.1,9.05,8.93,9.26,9.3,9.17,8.95,9.06,9.05,9.06,9.09,9.14,9.24,9.15,9.05,7.81,7.64,7.71,9.28,9.11,9.38,8.93,9.17,8.75,8.55,9.22,9.13,9.56,9.49,8.23,8.62,8.7,8.67,8.89,8.9,8.37
DLC1,4.09,4.08,3.65,4,3.63,3.54,4.18,3.83,3.81,4.38,4.33,3.71,4,4.93,3.75,3.71,3.91,4.07,4.04,3.86,4.19,4.13,4.89,3.78,4.42,3.4,3.81,4.05,3.95,4.05,5.33,6.11,3.82,3.74,3.87,4.18,3.44,3.76,4.44,4.49,3.43,4.1,4.57,4.15,3.75,3.61,3.96,3.98,4.2,5.01
DLD,11.86,11.86,11.78,11.88,11.56,11.65,11.48,11.56,11.91,11.94,11.87,11.99,12.02,11.15,11.73,11.65,11.74,11.78,11.76,11.89,11.86,11.9,11.84,11.67,11.73,11.75,11.8,11.9,11.69,11.53,9.84,10.96,11.58,11.63,11.64,11.6,11.47,11.65,11.39,11.68,11.71,11.55,11.52,10.79,11.7,11.58,11.65,11.8,11.86,11.02
DLD,10.55,10.3,10.23,10.48,9.91,10.17,9.82,10.15,10.74,10.48,10.42,10.48,10.83,8.84,10.21,10.07,10.28,10.36,10.34,10.4,10.47,10.48,10.37,10.12,10.21,10.37,10.35,10.41,10.42,10.26,6.37,8.5,10.13,10.14,9.9,10.04,9.91,10.09,10.02,10.06,10.27,9.97,9.84,7.67,10.14,10.24,10.17,10.42,10.47,6.83
DLD,11.39,11.43,11.21,11.31,11.12,11.18,11.05,11.09,11.55,11.32,11.4,11.33,11.59,10.41,11.17,11.03,11.15,11.24,11.22,11.27,11.4,11.33,11.53,11.01,11,11.24,11.29,11.3,11.57,11.43,9.03,10.28,11.13,11.01,10.98,10.92,11.06,10.94,10.99,11.22,11.27,11,11.04,10.22,11.18,11.12,11.21,11.34,11.53,9.7
DLD,8.3,8.34,8.28,8.29,8.21,8.43,7.86,8.36,8.31,8.6,8.66,8.33,8.11,8.36,8.29,8.25,8.14,8.39,8.58,8.52,8.3,8.55,8.47,8.45,8.38,8.17,8.34,8.51,8.57,7.05,8,6.35,8.17,8.01,8.19,8.27,8.49,8.04,7.51,8.34,8.41,8.52,8.68,7.77,8.43,8.81,8.62,8.05,8.34,8.12
DLD,11.35,11.44,11.18,11.25,10.93,11.13,10.92,11.12,11.41,11.34,11.34,11.4,11.48,10.55,11.09,11.06,11.18,11.19,11.21,11.2,11.27,11.31,11.45,11.08,11.13,11.26,11.26,11.28,11.35,10.94,9.61,10.2,10.96,10.98,11.05,11.07,10.87,11.02,10.99,11.18,11.19,10.97,11.01,9.73,11.16,11.13,11.13,11.29,11.31,10.06
DLD,10.89,10.78,10.7,10.79,10.31,10.56,10.42,10.57,10.87,10.78,10.46,10.79,10.9,9.68,10.6,10.53,10.64,10.71,10.76,10.85,10.82,10.8,10.73,10.54,10.56,10.69,10.68,10.68,10.77,10.62,9.28,9.18,10.61,10.58,10.49,10.33,10.45,10.53,10.44,10.52,10.65,10.33,10.49,9.26,10.59,10.53,10.59,10.72,10.77,9.4
DLD,11.29,11.36,11.17,11.26,11.1,11.23,10.86,11.06,11.45,11.21,11.21,11.33,11.53,10.43,10.97,11,11.13,11.17,11.29,11.15,11.37,11.23,11.32,10.99,11.02,11.2,11.22,11.25,11.23,11.14,8.69,10.22,11.04,10.99,11,10.89,10.92,10.95,11,11.08,11.23,10.91,10.94,9.93,11.17,11.1,11.13,11.26,11.35,9.52
DLEC1,4.09,3.6,3.57,3.56,3.81,4.03,4.45,3.88,3.68,3.66,3.86,3.83,3.76,4.65,3.78,3.73,3.56,3.64,3.52,3.7,3.73,3.68,3.58,3.83,3.66,3.76,3.68,3.62,3.93,4.44,5.51,4.23,3.71,3.63,3.98,3.84,3.6,3.43,4,3.79,3.73,3.59,3.59,5.26,3.57,3.64,4.17,3.67,3.56,4.16
DLEC1,3.61,3.53,3.6,3.58,3.5,3.98,4.23,3.83,3.54,3.53,3.64,3.65,3.51,4.32,3.91,3.72,3.91,3.75,3.68,3.65,3.47,3.66,3.58,3.7,3.63,3.49,3.65,3.58,3.51,4.14,6.36,4.92,3.72,3.36,3.91,3.65,3.92,3.91,5.73,3.6,3.58,4.01,3.86,4.03,3.69,3.46,3.94,3.64,3.51,4.83
DLEC1,4.63,4.78,4.29,4.54,4.15,4.53,5.21,3.99,4.54,4.39,4.42,4.7,4.65,4.47,4.3,4.3,4.23,4.25,4.63,4.36,4.65,4.54,4.2,4.14,4.34,4.47,4.42,4.62,4.66,4.72,4.87,5.13,4.57,4.65,4.51,4.22,4.9,4.19,4.56,4.14,4.37,4.17,4.41,3.79,4.09,3.96,4.33,4.18,4.38,4.49
DLEU1,8.46,8.56,8.56,8.44,8.71,8.78,7.77,8.49,8.5,8.44,8.7,8.42,8.4,6.75,8.06,8.19,8.33,8.67,8.58,8.68,7.9,7.95,7.88,7.82,8.01,7.9,8.63,8.62,8.59,7.86,6.2,6.77,8.03,8.08,7.74,8.49,8.17,8.33,8.36,8.46,8.38,7.83,7.82,6.64,8.97,8.87,9.04,8.45,8.51,7.6
DLEU2,4.59,4.51,4.74,4.64,4.44,4.44,4.05,4.46,4.79,4.52,4.38,4.63,4.47,6.85,4.77,4.33,4.19,4.4,4.39,4.86,4.56,4.96,4.83,4.53,4.48,4.31,4.55,5,5.01,4.58,4.35,4.3,4.41,4.21,4.44,4.28,4.47,4.3,4.77,4.83,4.52,4.53,4.39,5.69,4.26,4.22,4.2,4.63,4.64,5.24
DLEU2,4,4.22,4.01,3.78,3.85,3.67,4.27,3.8,4.09,3.96,3.77,4.22,4.35,4.53,3.81,3.65,3.78,4.19,3.97,3.78,4.13,4.14,4.03,3.65,3.62,3.59,4.09,3.67,4.3,3.9,4.94,4.37,3.6,3.98,3.72,3.55,3.62,3.7,3.99,3.78,3.78,3.84,3.9,5.34,3.76,3.64,3.62,3.67,4.17,5.23
DLEU2,9.9,10.01,9.77,10.01,9.63,9.5,9.18,9.47,10.16,9.95,10.16,10.05,9.95,9.69,9.62,9.67,9.55,9.86,9.79,9.81,9.04,9.62,9.6,9.35,9.49,9.23,9.76,9.91,9.84,8.24,6.38,7.12,9.48,9.67,9.79,9.94,9.6,9.83,9.45,9.65,9.67,9.13,8.92,8.86,9.62,9.53,9.86,9.97,9.95,8.75
DLEU2 /// DLEU2L,10.27,10.5,10.18,10.26,9.93,9.91,9.36,9.88,10.45,10.18,10.67,10.29,10.38,9.14,10.1,10.01,9.99,10.08,10.25,10.22,9.6,9.83,10.2,9.6,9.7,9.82,10.12,10.16,10.47,9.34,7.77,7.56,10.01,10.08,10.12,10.27,10.18,10.16,9.49,10.06,10.16,9.53,9.56,7.67,10.04,9.97,10.13,10.34,10.46,8.86
DLEU7,4.48,4.57,4.18,4.5,4.6,4.5,4.46,4.77,4.19,4.44,4.45,4.53,4.44,5.67,4.53,4.6,4.3,4.67,4.21,4.34,4.11,4.45,4.66,4.51,4.67,4.06,4.4,4.69,4.73,4.39,4.55,4.97,4.22,4.39,4.34,4.2,4.58,4.77,4.52,4.24,4.67,4.15,4.19,5.69,4.35,4.33,4.34,4.74,4.5,5.04
DLEU7,4.56,4.87,4.74,4.49,4.99,4.99,5.91,4.63,4.64,4.73,4.87,4.68,4.51,5.37,4.67,4.69,4.54,4.55,4.67,4.46,4.41,4.74,4.61,4.63,4.55,4.84,4.63,4.66,4.79,6.55,5.32,5.35,4.67,4.69,4.69,4.42,4.47,4.85,5.04,4.71,4.47,4.55,4.76,6.26,4.83,5.14,4.43,4.97,4.37,6.04
DLG1,8.55,8.45,8.39,8.37,8.01,7.8,7.14,8.31,8.49,8.39,8.36,8.43,8.29,7.63,8.1,7.86,7.94,8.14,8.3,8.34,7.92,7.88,8.28,8.14,7.87,7.99,8.23,8.39,8.18,6.97,6.34,8.23,7.49,7.97,7.74,7.98,7.27,7.96,7.31,7.92,8.08,8.05,7.67,7.98,8.11,8.04,8.34,8.28,8.26,6.66
DLG1,8.84,8.79,8.84,8.98,9.04,8.91,8.74,9.02,8.87,8.89,8.99,8.97,8.94,9.88,8.84,8.63,8.63,8.87,8.85,9.04,8.75,8.76,8.77,8.62,8.83,8.49,8.95,8.91,8.89,8.57,8.24,9.35,8.2,8.45,8.5,8.57,8.37,8.56,8.53,8.87,8.86,8.89,8.71,8.96,8.89,9.13,9.02,8.87,8.84,9.16
DLG1,7.48,7.08,7.12,7.31,6.54,6.61,6.8,7.27,7.19,7.3,6.9,7.23,7.32,7.41,6.94,6.94,6.68,7.16,7.09,7.47,7.01,7.02,6.66,6.81,6.84,6.78,7.22,7.29,6.74,6.02,5.84,6.19,6.74,6.75,6.47,6.84,6.55,6.93,6.09,7.13,6.72,6.7,6.66,6.34,6.81,6.43,7.13,7.04,6.9,7.8
DLG1,5.1,5.19,5.52,4.83,5.38,5.01,5.26,4.96,5.03,5.24,5.67,4.99,5.15,5.08,5.13,4.76,5.25,5.41,4.98,5.2,4.97,4.64,5.12,5.05,4.78,4.62,4.7,4.78,5.24,4.69,5.78,5.5,4.8,4.84,4.46,4.78,5.01,4.89,4.99,5.2,5.08,4.72,4.91,7.42,5.23,4.75,5.08,5.14,5.45,5.35
DLG1,7.2,6.87,6.88,7.04,6.37,6.25,6.26,7.23,7.22,7.3,6.8,7.16,7.11,5.92,6.7,6.72,6.48,6.95,6.87,7.24,6.95,6.84,6.57,6.6,6.78,6.56,7,7.1,6.59,6.26,6.29,6.75,6.57,6.44,6.41,6.54,6.39,6.83,6.22,6.5,6.59,6.44,6.71,6.31,6.71,6.62,6.97,6.98,6.94,6.42
DLG1,8.29,8.19,8.08,8.19,8.02,7.63,7.28,8.2,8.26,8.45,7.89,8.34,8.22,7.04,8,7.63,7.9,8.18,8.08,8.44,7.93,8.06,7.53,7.95,7.77,7.84,8.1,8.33,7.67,6.87,6.62,6.66,7.52,7.7,7.51,7.86,7.51,8.05,7.57,7.94,7.96,7.81,7.63,7.19,7.94,7.83,8.28,8.22,7.98,7.22
DLG1,6.71,6.51,6.52,6.63,6.09,6.19,5.79,6.34,6.63,6.69,6.1,6.56,6.46,6.81,6.23,6.05,6.36,6.31,6.45,6.57,6.22,6.25,6.2,6.21,6.23,6.26,6.58,6.57,6.09,5.86,5.8,6.37,5.92,6.55,5.95,6.09,6.04,6.29,6.35,6.36,6.15,5.88,6.06,5.45,6.28,5.89,6.36,6.54,6.25,6.41
DLG1,5.47,5.12,5.28,5.54,4.86,4.86,5.77,5.08,5.46,5.35,5.17,5.27,5.55,5.43,5.01,5.09,5.19,5.32,5.41,5.73,5.66,5.29,5.12,5.07,5.12,5.2,4.96,5.48,5.48,5.05,5.07,5.27,5.46,5.33,5.09,5.34,4.89,4.99,5.06,4.9,4.92,4.64,5.49,5.55,5.35,5.06,4.9,5.62,5.31,5.05
DLG1,4.27,4.04,4.18,4.41,4.7,3.69,4.25,3.97,4.08,4.15,4.09,3.96,4.06,4.7,3.97,4.41,4.16,4.17,4.22,4.94,3.83,3.81,3.91,4.09,4.09,4,3.86,4.27,4.04,3.8,5.45,5.57,4.25,4.08,4.22,3.87,4.58,4.06,4.36,4.16,4.29,4.4,4.25,4.3,3.97,4.61,4.03,4.36,3.94,4.51
DLG2,3.86,4.03,3.85,4.01,3.95,4.63,4.44,3.86,4.08,3.83,4.13,3.86,3.91,3.94,3.78,3.93,3.89,4.31,4.26,4.15,3.95,4.01,3.85,3.7,3.84,3.99,3.77,4.17,3.91,3.98,4.02,4.76,3.89,3.89,3.88,4,3.9,3.94,4.21,4.3,4.33,4.04,3.86,3.93,4.02,3.79,3.88,3.85,3.88,4.19
DLG2,3.95,4.08,4.17,4.13,4.12,4.05,4.78,4.26,4.07,4.18,4.21,4.15,4.04,5.83,4.16,3.8,3.97,3.9,4.25,4.09,4.05,4.54,3.9,4.12,4.35,4.17,4.63,4.33,4.36,4.51,5.52,5.54,4.01,3.98,3.91,3.98,4.03,4.22,4.79,4.19,4.02,4.4,4.18,5.33,5.17,4.49,4.32,4.35,3.93,5.56
DLG2,3.86,3.76,3.56,3.57,4.13,3.82,4.77,3.93,3.95,3.74,3.89,3.77,3.8,6,3.88,4.05,3.86,3.78,3.88,3.84,3.79,3.67,3.7,3.94,3.89,3.91,3.83,3.81,4.02,5.63,4.68,5.18,3.92,3.76,3.62,3.72,3.93,3.7,3.91,4.08,3.91,3.93,3.71,4.85,4.45,3.93,3.71,3.7,3.63,4.24
DLG2,4.11,4.14,4.3,4.34,4.57,4.44,3.68,4.59,4.27,4.26,4.69,4.27,4.12,4.93,4.61,4.55,4.42,4.28,4.41,4.35,4.3,4.47,4.41,4.38,4.4,4.21,4.58,4.37,4.62,4.67,4.84,5.2,4.33,3.98,4.14,4.57,4.51,4.45,4.72,4.25,4.6,4.42,4.72,4.56,4.32,4.51,5.2,4.53,4.57,5.39
DLG3,5.96,5.72,6.48,6.14,6.19,6.39,5.84,6.09,6.17,6.36,6.18,6.04,5.36,5.38,6.37,6.21,6.49,6.53,6.49,6.23,5.9,6.01,5.94,6.23,6.1,6.09,6.05,6.19,5.72,4.02,5.11,5.2,6.01,6.42,6.45,6.43,6.04,6.85,6.29,6.17,6.42,5.67,6.35,5.23,5.98,5.78,5.76,6.63,5.98,5.64
DLG3,6.72,7.03,6.91,7.02,7.06,7.03,7.27,7.1,6.86,6.77,7.18,6.95,6.52,7.88,7.05,6.61,6.91,6.94,7.12,7.11,6.88,7.06,6.81,6.8,6.93,6.54,7.06,6.8,7.14,6.21,6.81,6.44,6.63,6.64,6.95,6.87,7.11,6.72,6.42,6.85,6.62,6.8,7.04,7.68,6.75,7.18,6.54,7.06,6.78,6.75
DLG3,6.03,6.01,5.94,6.16,6.16,5.51,5.38,6.52,6.07,6.12,6.05,6.06,6.11,6.75,6.25,6.22,6.03,6.12,6.07,6.15,6.26,6.09,5.9,6.04,5.89,5.81,6.03,6.19,6.06,6.94,6.04,5.95,6.36,6.22,6.45,5.97,6.04,6.05,6.09,6.29,6.23,5.95,6.03,5.85,6.24,6.06,5.47,6.21,6.09,5.53
DLG3,6.87,6.58,6.86,6.86,7.05,7.26,7.48,6.93,7,6.8,7.35,6.52,6.78,6.14,6.87,6.95,7.15,6.93,7.17,7.19,6.71,6.82,7.1,6.99,6.86,6.17,7.15,6.99,7.02,7.41,6.45,7.33,6.62,6.78,6.61,7.1,6.82,7.05,6.95,6.92,7.18,6.88,7.17,7.1,6.76,6.32,6.24,6.99,7.17,6.85
DLG3,6.37,6.3,6.28,6.22,6.09,6.81,5.53,6.1,6.21,6.39,6.1,6.67,6.43,5.42,6.22,6.35,6.26,6.55,6.34,6.16,6.19,6.18,6.02,6.27,5.76,5.76,6.41,6.05,6.27,5.15,4.73,5.4,6.13,6.13,6.25,6.2,6.41,6.19,5.41,6.44,6.04,6.58,6.23,5.43,5.66,5.41,5.51,6.13,6.4,4.83
DLG4,6.95,6.86,7.35,7.29,7.65,7.61,6.99,7.48,7.09,7.16,7.37,7.24,6.96,7.73,7.21,7.11,7.11,7.21,7.32,7.25,7.06,7.4,7.51,7.39,7.27,7.16,7.25,7.45,7.25,7.34,7.67,7.47,6.85,6.89,7.32,7.35,6.8,7.21,7.59,7.43,7.34,7.64,7.41,7.18,7.25,7.44,7.4,7.42,7.33,8.26
DLG4,4.06,4.14,4.64,4.29,4.5,3.99,4.81,4.05,3.94,4.28,4.46,3.98,4.04,4.96,4.02,3.93,4.13,4.25,4.26,4.52,4.07,4.33,4.15,4.71,3.94,4.18,4.1,4.27,4.22,6.21,5.33,4.84,3.97,4.11,4.01,4.39,3.74,4.25,4.01,4.46,4.18,3.93,4.3,4.29,4.26,4.14,4.28,4.04,4.31,5.41
DLG4,7.64,7.35,7.79,7.93,8.29,8.19,7.78,8.03,7.84,7.74,7.84,7.55,7.62,8.21,7.92,7.91,7.85,7.85,7.77,7.82,7.92,7.97,7.97,8.04,8.09,8.01,7.93,7.78,7.86,6.91,7.49,7.74,7.62,7.74,7.9,7.87,7.77,8.01,7.14,8.1,8.11,8.18,8.12,8.93,7.94,7.73,8.17,7.89,8.12,8.24
DLG4,4.88,4.86,5.08,5.21,4.83,5.14,6.01,5.64,4.76,4.93,4.95,4.87,4.93,5.55,5.01,5.01,4.95,5.1,5.33,5.2,5.16,5.45,5.14,5.24,5.32,5,4.8,5.02,4.96,6.76,6.16,6.29,5.14,4.9,5.21,4.94,5.54,5.05,5.47,5.14,4.98,5.64,5.22,5.29,5.67,5.44,5.12,5.12,5.24,5.72
DLG5,4.33,3.89,4.64,4.13,4.27,4.32,3.68,4.21,4.09,4.49,3.87,4.27,4.03,4.52,4.49,4.22,4.39,4.26,4.11,4.21,4.02,4.11,4.24,4.43,4.64,4.47,4.33,4.41,3.95,4.36,5.64,4.04,4.2,4.23,4.67,4.38,3.96,4.19,4.08,4.28,4.52,4.4,4.55,4.47,4.44,4.23,4.25,4.14,4.14,5.62
DLG5,5.02,4.75,5.29,4.92,4.73,5.42,5.94,5.5,5,4.93,4.5,5.04,4.81,4.95,4.99,5.08,4.75,5.04,4.91,5.32,4.94,4.7,4.87,5.08,5.41,5.24,5.39,5.13,4.96,5.45,7.27,5.68,5.06,4.9,5.44,5.36,5.53,5.41,4.37,4.86,5.06,5.27,5.09,6.57,4.79,5.62,5.68,4.93,4.94,6.92
DLG5,7.11,7.38,7.55,7.23,7.31,7.49,6.32,7.31,7.32,7.33,7.66,7.3,7.16,5.64,7.8,7.58,7.65,7.07,7.39,7.41,6.93,7.4,7.4,7.55,7.7,7.42,7.36,7.33,7.38,6.06,6.03,4.57,7.71,8.03,8.03,7.76,7.6,7.93,5.64,7.25,7.11,7.78,7.69,6.21,7.5,7.74,7.73,7.31,7.58,5.43
DLGAP1,3.98,3.97,4.15,4.09,3.92,3.75,4.19,3.8,4.04,4.06,4.15,3.97,4.16,3.98,3.85,3.86,3.85,4,4,4.15,3.94,3.96,3.91,4,4.22,4.2,3.88,3.83,4.08,4.41,4.2,4.45,4.19,3.89,4.04,3.72,4.15,4.07,4.02,3.92,4.18,3.85,3.93,3.63,4,4.07,3.93,4.04,3.84,4.11
DLGAP1,3.87,4.05,3.92,3.89,4.25,3.94,3.82,3.82,3.79,3.75,3.95,3.86,4.09,4.17,3.59,3.75,3.62,3.89,3.78,3.86,3.96,3.96,3.81,4.05,3.95,3.76,4.01,3.66,3.89,4.78,5.48,4.04,3.82,4.21,3.72,3.92,3.65,3.66,4.73,3.93,3.99,4.27,3.72,4.21,3.91,3.99,3.76,3.85,3.79,4.6
DLGAP1,5.71,5.39,6.01,5.62,4.99,5.23,5.43,5.56,5.49,5.42,5.64,5.59,5.59,5.5,5.05,5.13,5.1,5.96,5.83,5.92,5.64,5.79,5.62,5.95,5.49,5.11,5.6,5.78,5.8,6.12,5.32,5.98,5.65,5.45,5.91,5.64,5.52,5.59,4.8,5.97,5.25,5.6,5.92,4.84,5.4,5.15,5.51,5.75,5.65,4.94
DLGAP1,3.64,3.65,3.55,3.71,3.81,3.5,3.59,3.52,3.52,3.7,3.69,3.61,3.67,3.81,3.71,3.82,3.51,3.8,4.1,3.73,3.76,3.48,3.6,3.57,3.55,3.61,3.79,3.68,3.71,3.66,4.37,4.55,3.61,3.72,3.45,3.57,3.56,3.46,4.3,3.58,3.67,3.74,3.35,3.45,4.08,3.54,3.6,3.52,3.53,3.98
DLGAP1,5.11,5.05,5.21,4.83,4.65,4.31,5.99,4.88,4.98,5.03,4.79,4.98,4.98,4.58,4.67,4.42,4.29,5.17,4.63,4.86,4.95,4.92,4.83,4.56,4.56,4.9,5.09,4.68,4.89,4.7,5.12,5.51,4.96,4.88,4.52,4.65,5.11,4.61,4.98,5.29,5.27,4.95,5.37,5.31,4.46,4.5,4.89,4.87,4.96,4.31
DLGAP1,4.26,4.33,4.1,4.15,4.21,4.14,4.54,4.82,4.24,4.28,3.95,4.38,4.18,4.29,3.81,4.04,3.89,4.3,4.25,4.29,3.94,4.07,4.25,3.9,4.49,4.29,4.45,4.49,4.35,4.4,5.43,4.72,3.94,3.91,4.26,4.1,4.33,4.17,4.5,4.24,4.15,4.08,4.48,5.04,4.27,4.35,4.35,4.26,4.09,5.02
DLGAP1,6.6,7.05,6.66,6.85,6.65,7.02,6.94,6.87,6.86,6.67,6.97,6.66,6.64,6.97,5.96,5.8,6.13,6.88,6.74,6.99,6.77,6.3,6.8,6.72,6.41,6.56,6.85,6.48,6.92,5.41,6.01,6.77,6.25,6.28,6.39,6.16,6.1,6.38,6.65,6.98,6.69,6.82,6.64,6.29,6.5,6.83,6.57,6.75,6.4,5.92
DLGAP2,4.02,4.09,4.28,4.14,4.36,4.07,4.59,4,4.23,4.22,4.4,4.39,4.24,4.83,4.2,4.48,4.2,4.12,4.02,4.1,4.12,4.26,4.08,4.16,4.47,4.27,4.1,4.11,4.42,4.51,6.59,4.2,4.42,4.4,4.33,4.54,4.15,4.07,4.25,3.75,4.05,4.04,4.34,4.63,3.98,4.04,4.39,3.82,4.18,5.24
DLGAP2,3.75,3.87,3.79,3.96,3.95,3.9,4.12,3.66,3.83,3.89,4.18,4.16,4.1,4.52,3.93,3.92,3.68,4.31,4.16,3.92,4.1,4.05,4.03,3.9,4.14,3.79,3.98,4.05,3.82,4.93,7.43,4.92,4.02,3.91,3.9,4.07,3.75,3.79,4.81,3.77,3.6,3.87,3.95,4.81,4.05,4.22,3.84,3.94,3.75,6.93
DLGAP2,4.33,4.23,4.39,4.38,4.33,4.07,4.13,4.51,4.37,4.28,4.46,4.19,4.02,5.18,4.26,4.31,4.35,4.71,4.24,4.61,4.3,4.18,4.37,4.32,4.31,4.28,3.95,4.36,4.34,4.28,6.44,7.89,4.41,4.45,4.27,4.11,4.34,4.35,4.11,4.11,4.26,4.14,4.18,4.65,4.27,4.34,4.52,4.42,4.17,5.32
DLGAP3,4.62,4.69,4.91,4.88,5.49,5.29,5.65,4.97,4.87,4.86,4.88,4.79,4.76,5.88,4.45,4.97,4.84,4.95,5,5.03,4.66,4.76,4.9,4.82,4.97,4.53,4.65,4.74,5.04,4.73,5.61,5.22,4.56,4.82,4.7,4.67,4.76,5.06,4.81,4.64,5.02,5.2,4.74,6.01,4.63,5.13,4.6,4.69,4.83,5.51
DLGAP3,6.01,6.67,6.27,6.42,6.04,6.17,6.37,6.2,6.25,6.17,6.33,6.43,6.33,7.56,6.24,6.17,6.08,6.26,6.06,6.37,6.24,6.12,6.22,5.85,5.7,6.16,6.27,6.36,6.19,6.18,5.42,6.42,6.43,6,6.53,5.94,5.96,6.14,5.42,6.4,6.11,6.12,5.89,6.86,5.95,6.35,6.12,6.19,5.99,7.4
DLGAP4,6.24,6.17,6.16,6.26,6.63,5.79,6.02,6.18,6.25,6.18,6.35,6.01,6.03,6.09,6.28,6.22,6.28,6.35,6.09,6.44,6.47,6.31,6.35,6.42,6.4,6.52,6.28,6.28,6.36,5.83,6.73,6.21,6.43,6.19,6.52,6.02,6.27,6.29,6.48,6.27,6.47,6.22,6.5,6.04,6.27,6.89,5.99,6.18,6.05,6.82
DLGAP4,7.01,6.98,7.08,6.96,7.3,7.25,7.87,6.8,6.98,6.7,7.11,6.84,6.83,5.69,6.97,6.64,6.96,6.93,6.79,6.69,7.39,7.26,7.56,6.99,7.15,7.35,6.84,6.41,7.16,7.68,6.95,5.9,7.41,7.46,7.3,6.84,7.35,6.98,6.53,7.28,7.24,6.96,7.05,5.01,6.74,7.14,7.01,6.94,7.12,5.87
DLGAP4,7.35,7.24,7.42,7.25,7.73,7.78,8.08,6.91,6.77,7.01,7.65,7.13,7.14,6.07,7.26,7.34,7.36,7.37,7.3,7.31,7.67,7.62,7.8,7.75,7.6,7.35,7.4,7.24,7.39,5.98,6.14,5.8,7.79,7.53,7.68,7.34,7.8,7.32,6.48,7.49,7.66,7.72,7.72,8.03,7.27,7.53,7.08,7.05,7.28,5.33
DLGAP5,8.78,9.18,8.79,8.8,8.33,8.55,8.03,8.57,9,8.86,8.81,8.62,8.92,7.82,8.14,7.96,8.17,8.76,8.73,8.93,7.18,7.14,7.24,7.24,7.33,7.41,8.79,8.71,8.84,8.33,6.04,8,8.93,8.84,8.95,8.19,7.89,7.89,8.79,9.05,9.13,8.08,8.24,7.47,7.66,7.67,7.4,9.11,9.27,7.85
DLGAP5,10.18,10.36,10.08,10.17,9.92,9.89,9.79,9.96,10.37,10.17,10.27,10.07,10.22,9.16,9.47,9.3,9.37,10.1,10.13,10.15,8.43,8.49,8.53,8.54,8.86,8.74,10.12,10.06,10.11,10.21,8.32,8.96,10.28,10.34,10.35,9.42,9.27,9.22,10.25,10.46,10.44,9.4,9.4,7.87,8.93,8.94,8.96,10.36,10.54,9.53
DLK1,4.32,4.52,4.53,4.59,5.2,5.07,6.35,4.71,4.51,4.69,4.5,4.58,4.46,4.94,4.53,4.69,4.49,4.53,4.73,4.55,4.66,4.43,4.43,4.77,4.74,4.51,5.01,4.34,4.95,6.82,5.55,5.13,4.68,4.48,4.77,4.54,4.85,4.62,4.4,4.85,4.6,4.97,4.82,5.42,4.65,5.03,4.48,4.78,4.74,4.84
DLK1,3.93,4.14,3.92,3.98,4.45,4.1,3.81,3.95,3.84,4.02,3.97,4,4.04,4.23,4.14,3.96,3.66,3.82,3.76,3.89,4.46,4.09,4.05,3.84,4.22,3.87,4.16,4,4.1,4.08,5.05,4.01,4.07,4.09,3.97,3.83,4.38,3.93,4.17,3.76,3.94,3.92,3.58,3.74,4.41,3.84,3.99,3.96,4.12,4
DLK1,4.11,3.98,4.31,4.43,4.07,4.33,4.2,4.69,4.33,4.45,4.2,4.09,4.09,4.34,4.2,4.17,4.26,4.37,4.51,4.48,4.38,4.39,4.26,4.56,4.38,4.37,4.26,4.31,4.39,4.27,4.15,5.08,4.64,4.29,4.36,4.07,4.15,4.51,4.76,4.79,4.69,4.79,5.05,5.09,4.82,4.34,4.86,4.27,4.51,6.17
DLK1,3.97,4.1,4.1,4.24,4.07,4.38,4.2,4.04,4.21,4.08,5.1,4.15,4.11,4.9,4.16,4.38,4.26,4.17,4.31,4.29,3.94,4.65,4.36,3.95,4.35,3.88,4.09,4.34,4.77,5.38,6.55,5.78,3.8,4.07,3.91,4.01,4.06,4.04,4.25,3.95,4.15,4.65,4.07,4.55,3.88,5.35,4.5,4.17,4.36,5.32
DLK2,4.7,4.24,4.53,4.42,4.74,4.33,4.86,4.92,4.37,4.49,4.46,4.51,4.57,5.33,4.39,4.31,4.84,4.48,4.51,4.59,4.55,4.66,4.72,4.42,4.14,4.33,4.53,4.82,4.59,4.52,5.42,4.72,4.33,4.53,4.38,4.34,4.5,4.52,4.88,4.38,4.96,4.67,4.98,4.82,4.2,4.74,4.47,4.37,4.51,6.1
DLL1,3.99,3.83,4.03,4.06,3.65,3.91,3.61,3.73,3.94,4.13,4.09,3.96,4.06,4.81,4.24,4.04,3.99,4.04,3.91,4.05,3.88,4.13,4.03,4.17,3.85,3.95,3.75,4.2,3.82,4.7,4.76,5.48,4.43,4.14,4.11,4.28,3.89,3.84,3.82,4.44,4.13,4.37,4.14,4.24,3.85,4.12,3.94,4.16,4.05,4.13
DLL1,4.53,4.52,4.44,4.65,4.93,5.07,4.76,4.48,4.48,4.34,5,4.56,4.2,5.68,4.44,4.27,4.47,4.59,4.41,4.77,4.43,4.65,4.66,4.41,4.57,4.59,4.65,4.68,4.7,4.49,4.67,5.47,4.46,4.15,4.42,4.52,4.58,4.14,4.62,4.63,4.86,4.75,4.73,4.92,4.2,4.49,4.47,4.5,4.65,6.06
DLL1,4.71,4.65,5.14,5.01,4.67,5.01,4.66,4.64,4.95,4.76,4.86,5.04,4.64,6.11,4.77,4.96,4.81,4.69,4.73,4.71,4.73,4.82,4.81,4.99,4.73,4.79,5.13,5.04,4.76,4.65,7.08,6.7,4.7,4.54,4.76,4.53,4.64,4.53,4.79,4.54,4.77,4.95,4.95,5.7,4.86,5.45,4.7,5.08,4.74,5.32
DLL3,8.6,8.81,8.91,8.94,9.33,9.04,8.77,8.88,8.74,8.69,9,8.89,8.68,9.89,8.33,8.47,8.34,8.68,8.61,8.69,8.58,8.57,8.78,8.3,8.54,8.25,8.82,8.86,9.03,8.87,8.77,9.29,8.22,8.28,8.3,8.61,8.31,8.42,8.5,8.78,8.8,8.74,8.72,9.23,8.97,8.63,8.97,8.88,8.76,9.48
DLL3,4.11,4.14,4.34,4.36,4.22,3.67,4.82,4.59,3.86,4.07,3.91,4.31,4.03,4.07,3.9,3.93,4.12,4.13,3.84,4.07,3.98,4.21,4,4.29,4.32,4.2,4.19,4.15,4.19,5.18,5.78,4,3.99,4.33,4.49,3.65,3.9,4.21,4.45,3.77,3.9,4.22,3.98,4.76,4.06,3.9,4.06,4.49,4.05,4.41
DLL3,7.96,8.03,8.24,8.18,8.45,8.04,8.22,8.36,7.99,8.12,8.32,8.2,7.95,8.2,7.58,7.56,7.6,8.12,8.17,8.04,7.84,7.8,7.62,7.51,7.7,7.76,8.23,8.19,8.2,6.65,5.31,7.2,7.47,7.38,7.66,7.92,7.69,7.73,8.14,8.42,8.18,8.28,8.18,8.02,8.37,8.01,8.33,8.21,8.22,7.76
DLL4,3.71,3.74,3.7,3.8,4.46,4.14,3.86,4.18,3.81,3.88,3.95,3.82,3.6,4,3.74,3.76,3.78,3.77,3.82,3.7,3.98,3.82,3.87,3.96,4.17,4.08,3.94,4,3.97,5.07,6.96,4.84,3.96,3.89,4.19,3.83,3.73,3.62,4.45,3.85,4.15,3.92,3.83,4.29,3.9,4.08,3.7,3.7,4.13,4.27
DLL4,5.25,5.52,5.17,5.26,5.52,5.19,5.6,4.94,5.47,5.24,5.58,5.45,5.19,7.37,4.87,5.21,5.35,5.26,5.5,5.34,5.28,5.82,5.37,5.2,5.16,4.99,5.31,5.05,5.24,4.86,7.8,6.29,5.47,5.77,5.38,4.87,4.96,5.08,5.03,4.99,5.22,5.32,5.06,5.67,4.71,4.9,5.45,5.21,5.25,6.16
DLST,8.56,7.93,8.26,8.16,8.12,7.77,8.64,8.54,8.26,8.56,7.73,8.1,8.16,7.65,8.48,8.58,8.34,8.75,8.45,8.73,8.21,8.18,7.69,8.45,8.38,8.3,8.34,8.53,7.88,7.03,7.56,6.02,8.66,8.78,8.74,8.44,8.06,8.54,7.55,8.38,8.33,8.05,7.74,7.07,8.29,8.17,7.97,8.27,7.88,7.59
DLST,8,7.2,7.92,7.81,7.27,7.53,7.28,7.84,7.87,7.98,7.21,7.67,7.72,6.66,7.96,7.88,7.88,8.1,7.84,8.13,7.98,7.73,7.29,7.89,7.81,7.9,7.85,7.88,7.44,7.3,8.26,7.31,8.2,8.04,7.87,7.78,7.66,7.87,7.38,7.63,7.65,7.57,7.39,7.5,7.74,7.37,7.51,7.65,7.4,7.69
DLST,9.21,8.65,9.11,9.01,8.57,8.5,8.15,9.26,9.12,9.3,8.32,9.06,8.9,7.19,9.36,9.28,9.19,9.31,9.24,9.61,9.07,9.09,8.45,9.21,9.22,9.08,8.95,9.25,8.37,7.44,4.83,8.15,9.37,9.46,9.33,9.22,8.76,9.27,8.14,9,8.83,8.97,8.5,7.28,8.84,8.54,8.8,9.02,8.68,6.77
DLST,10.19,9.97,10.31,10.23,10.34,10.32,10.18,10.12,10.11,10.27,10.13,10.04,10.09,8.86,10.21,10.27,10.32,10.33,10.37,10.25,10.3,10.16,10.14,10.17,10.23,10.14,10.32,10.14,10.27,10.44,7.85,10.05,10.37,10.33,10.42,10.29,10.31,10.25,10.21,10.2,10.12,10.34,10.31,8.23,10.1,10.28,10.07,10.07,10.19,9.31
DLST,8.14,7.31,8.02,7.84,6.62,7.36,6.52,7.88,8.01,8.19,6.97,7.89,7.61,4.98,8.04,8.03,8.08,7.88,8.12,8.43,7.77,7.78,7.07,8.21,8,8.09,7.8,8.1,6.85,5.64,6.47,5.66,8.19,8.14,8.26,8.02,7.34,8.12,6.83,7.69,7.32,7.54,6.99,6.63,7.49,7.01,7.49,7.9,7.25,6.51
DLST,8.9,8.17,8.78,8.76,7.97,7.97,6.7,8.84,8.78,8.89,7.48,8.57,8.57,6.17,8.92,8.8,8.9,8.99,8.92,9.18,8.7,8.61,7.89,8.96,8.85,8.86,8.6,9.03,7.85,6.09,5.71,5.8,9.1,9.07,9,8.67,8.65,8.99,7.37,8.51,8.43,8.27,8.01,5.31,8.36,8.48,8.46,8.46,8.27,6.55
DLST,3.82,3.89,3.95,3.99,3.95,4.06,4.52,4.05,3.95,4.2,4.1,4.12,3.98,4.72,3.85,4.29,3.97,3.95,3.72,3.85,3.81,4.11,4.01,3.76,3.9,3.62,3.86,4.29,3.7,4.81,4.84,4.24,3.84,3.95,3.83,3.88,3.89,4.13,5.22,3.88,3.86,3.87,3.82,4.87,4.06,3.98,4.2,3.77,3.88,4.61
DLX1,5.05,4.99,4.91,4.92,5.08,4.87,5.05,5.13,5.08,5.11,5.33,5.11,5.02,5.16,5.08,4.96,4.97,4.92,5.03,4.82,5.32,5.15,4.96,4.95,5.06,4.81,4.93,5.28,5.08,4.74,5,5.23,4.92,5.03,5.22,4.78,4.84,5.01,4.79,4.92,4.79,5.23,4.79,6.12,5.1,4.89,4.79,4.87,4.89,5.38
DLX1,3.25,3.32,3.2,3.45,3.3,3.38,4.01,3.65,3.47,3.62,3.46,3.58,3.38,3.68,3.39,3.6,3.4,3.64,3.36,3.56,3.24,3.57,3.44,3.43,3.31,3.2,3.57,3.38,3.49,4.32,4.05,3.99,3.35,3.4,3.33,3.37,3.54,3.19,3.72,3.5,3.51,3.29,3.5,3.65,3.51,3.59,3.6,3.51,3.43,5.18
DLX2,4.03,4.27,4.03,4.43,3.96,4.35,4.12,4.07,4.46,4.21,4.5,4.31,4.21,5.88,4.27,3.99,4.17,4.23,4.45,4.52,4.19,4.22,4.18,4.07,3.82,4.15,4.32,4.3,4.78,4.98,4.89,4.77,4.58,4.43,4.33,4.1,3.96,4.12,4,4.2,4.03,4.66,4.27,4.65,4.36,4.45,4.56,4.39,4.38,4.01
DLX2,6.35,6.42,6.06,6.1,5.98,6.15,5.42,5.62,6.36,6.32,6.64,6.15,6.33,6.78,6.55,6.61,6.12,6.18,5.84,6.06,5.78,6.1,6.26,6.49,6.15,6.01,6.18,6.31,6.1,5.89,6.83,5.9,7.43,7.55,7.5,6.37,5.99,6.09,5.25,6.76,6.81,5.71,6.03,6,5.6,5.98,5.42,6.37,6.64,6.35
DLX2,4.16,3.98,4.15,4.3,4.28,4.21,4.47,4.05,4.25,4.37,4.3,4.1,3.88,4.73,4.13,4.05,4.1,4.23,4.3,4.67,3.91,4.32,4.18,4.44,4.22,4.14,4.39,4.29,4.33,4.97,5.16,4.83,3.92,4.07,4.17,4.36,4.31,4.08,5.48,4.86,4.23,4.36,4.66,6.68,4.69,4.59,4.28,4.36,3.75,5.95
DLX3,4.36,4.62,4.24,4.53,4.56,4.38,4.47,4.44,4.24,4.29,4.43,4.35,4.49,5.32,4.37,4.13,4.21,4.31,4.12,4.21,4.63,4.52,4.4,4.24,4.29,4.15,3.98,4.31,4.19,3.79,4.44,5.33,4.44,4.24,4.53,4.17,4.48,4.64,3.85,3.8,4.29,4.12,5.12,6.25,4.74,4.21,4.04,4.5,4.53,4.89
DLX4,4.5,4.29,4.72,4.64,4.83,4.87,4.66,5.36,4.36,4.38,4.47,4.59,4.33,5,4.68,4.5,4.53,4.69,4.37,4.59,4.61,4.36,4.42,4.44,4.43,4.9,4.71,4.69,4.43,5.33,5.08,6.16,4.54,4.45,4.51,4.45,4.51,4.41,4.93,4.94,4.81,5.03,4.68,5.56,4.9,5.06,4.75,4.83,4.51,5.01
DLX4,4.01,4.11,4,3.96,4.06,4.04,3.48,4.6,4.14,4.01,4.04,4.09,4.06,5.72,4.19,3.82,3.84,4.03,3.91,3.89,4.17,4.04,3.95,3.8,3.85,4.26,3.96,4.04,3.93,3.42,3.46,4.13,3.69,4.06,3.8,3.79,3.64,4.07,4.21,4.09,4.18,3.51,4.56,4.97,4.5,4.83,4.26,3.89,3.68,4.99
DLX4,3.73,3.94,3.65,3.82,3.81,3.93,4.09,3.51,3.77,3.76,3.96,3.83,4.03,4.14,3.83,3.56,3.69,3.7,3.48,3.7,3.86,3.92,4,3.59,3.74,3.56,3.65,3.73,3.59,5.17,3.6,4.09,4.02,4.03,3.66,3.85,3.7,3.54,3.81,3.79,3.55,3.59,3.65,3.43,3.71,3.49,3.97,3.6,3.58,4.07
DLX5,3.91,3.93,3.92,4.13,3.99,3.86,4.16,4.34,4.06,4.11,3.92,3.99,3.93,3.8,3.92,3.98,3.93,3.9,3.91,4.08,3.96,3.96,4.01,3.84,4.03,4.74,4.17,3.91,3.85,3.82,4.48,4.74,4.01,4.03,3.98,3.95,4,4.14,4.92,4.23,3.81,4.07,3.79,4.8,4.43,4.06,4.38,4.2,3.84,3.85
DLX5,3.87,3.97,3.96,3.71,4.02,4.09,4.19,4.1,3.86,3.69,4,3.87,3.75,5.25,3.99,4.36,3.8,4,3.99,3.77,4.06,3.89,3.83,3.99,4.03,3.76,4.09,4,4.2,5.09,6.52,4.09,3.64,4.07,3.87,3.85,4.04,3.87,4.66,3.97,3.89,3.96,4.55,4.98,4.19,4.1,4.15,3.93,3.67,4.91
DLX6,5.07,5.18,5.44,5.29,5.09,5.14,4.9,5.28,5.09,5.19,5.39,5.25,5.22,6.61,5.07,5.12,4.94,5.4,5.44,5.4,5.16,5.32,5.36,5.14,4.86,5.31,5.05,5.45,5.13,4.89,5.2,7.8,4.62,4.97,4.99,5.09,5.69,5.15,5.71,5.17,5.12,5.14,4.92,5.85,5.06,4.86,5.66,4.93,5.3,5.9
DMAP1,8.64,8.58,8.69,8.68,8.63,8.75,9.01,8.62,8.62,8.57,8.53,8.68,8.78,4.99,8.62,8.53,8.85,8.76,8.73,8.52,8.88,8.71,8.86,8.84,8.78,8.89,8.68,8.47,8.7,7.59,4.85,7.06,8.63,8.68,8.59,8.64,8.78,8.79,8.96,8.82,8.84,8.9,8.87,5.04,8.93,8.74,8.62,8.77,8.84,5.55
DMAP1,8.79,8.5,8.76,8.76,8.22,8.7,8.77,8.85,8.78,8.88,8.38,8.75,8.92,7.36,8.86,8.68,8.67,8.83,8.78,8.89,9.02,8.76,8.59,8.81,8.87,8.87,8.79,8.87,8.6,6.98,8.22,7.66,8.61,8.81,8.66,8.63,8.74,8.86,8.45,8.75,8.65,8.89,8.72,7.56,8.65,8.75,8.63,8.83,8.83,7.86
DMAP1,4.43,4.26,4.62,5.17,5.26,4.77,4.83,5.02,4.5,4.45,4.84,4.69,4.47,6.63,4.28,4.57,4.71,4.56,4.68,4.65,4.45,4.7,4.75,4.47,4.44,4.28,4.78,4.59,4.47,4.86,5.79,4.88,4.78,4.53,4.88,4.54,4.66,4.68,4.92,4.9,4.61,5,4.71,5.01,4.55,4.64,5.09,4.87,4.46,6.07
DMAP1,3.7,3.71,3.7,3.97,4.46,3.9,4.19,3.67,3.79,3.51,3.56,3.72,3.69,4.91,3.39,3.56,3.62,3.6,3.43,3.72,3.65,3.51,3.57,3.62,4.08,3.68,3.51,3.63,3.61,4.65,5.69,5.36,3.55,3.41,3.66,3.54,3.78,3.67,3.65,3.6,3.6,3.85,3.51,6.09,3.73,3.65,3.85,3.8,3.36,4.16
DMBT1,4.61,5.03,4.94,5.06,4.8,4.41,5.36,5.64,4.91,4.93,5.01,5.01,4.96,5.45,4.97,4.83,4.72,4.6,4.92,5.1,4.8,5.32,5.09,4.91,5.21,4.91,5,5.08,5.06,4.75,4.34,4.98,5,5.03,5.19,4.99,4.57,4.96,4.87,4.81,4.99,4.93,4.79,4.99,4.36,4.74,5.27,4.94,4.97,6.73
DMBT1,4.88,4.79,4.47,4.84,4.79,4.88,5.22,4.57,4.77,4.63,5.12,5.02,4.95,6.31,4.51,4.59,4.64,4.8,4.82,4.54,5,4.9,4.6,4.7,4.65,4.7,5.06,4.92,4.99,4.89,6.83,5.65,4.93,4.81,4.75,4.37,5.36,4.78,4.62,4.51,4.83,5.09,4.85,5.18,4.98,4.82,4.4,4.54,4.52,6.03
DMBT1,4.25,4.37,4.46,4.29,4.33,4.57,4.55,4.77,4.53,4.32,4.58,4.28,4.29,4.88,4.04,4.29,4.41,3.93,4.29,4.26,4.33,4.68,4.26,4.06,4.57,4.24,4.28,4.29,4.39,5.75,5.69,5,4.13,4.67,4.04,4.04,4.13,4.02,4.98,4.24,4.16,4.16,4.64,6.18,5.11,4.22,4.28,4.25,4,4.78
DMBX1,3.9,4.03,4.12,4.25,4.02,4.22,3.78,4.11,3.9,4.16,4.11,4.13,4.15,6.37,4.08,4.09,3.88,4.11,3.98,3.95,4.23,4.2,3.75,3.9,4.21,4.1,3.92,4.46,4.07,4.88,5.16,4.26,4.3,4.42,4.43,3.72,4.12,4.17,4.61,3.86,4.19,4.01,4.43,4.83,3.84,4.68,4.47,3.84,4.06,5.24
DMC1,4.07,4.16,3.92,4.2,3.59,3.78,3.69,4.05,4.25,4.05,4.08,3.97,3.91,3.89,3.91,3.47,3.66,4.48,4.28,4.3,3.77,3.65,3.65,3.86,3.46,3.8,4.11,4.02,4.22,4.54,5.25,4.34,4,3.99,4.09,3.92,3.66,3.79,3.89,3.9,4.05,4.31,3.79,3.83,3.83,3.69,4.05,3.81,4.1,4.15
DMC1,5.41,5.46,5.47,5.84,5.09,5.21,4.5,5.27,5.46,5.15,5.81,5.21,5.66,6.58,5.56,5.21,5.24,5.62,5.44,5.49,4.91,5.47,5.34,5.13,5.75,5.62,5.29,5.55,5.27,4.83,6.25,5.66,5.16,4.92,5.52,5.57,5.96,5.21,4.35,5.15,5.7,5.34,5.52,6.25,5.03,4.99,5.85,5.12,5.39,6.62
DMD,5.62,5.75,5.93,5.79,6.13,5.62,5.54,5.34,5.81,5.59,6.44,5.63,5.73,5.9,6.15,5.87,6.19,5.82,5.63,5.75,6.1,5.91,6.02,5.99,6.11,6.05,5.96,5.94,6.19,6.2,4.79,5.65,6.12,5.41,6.18,6.17,5.49,6.07,6.18,5.47,5.73,6.41,6.49,6,6.24,5.74,5.96,5.73,6.01,5.64
DMD,4.43,4.82,4.34,4.26,4.11,3.97,4.07,4.42,4.38,4.7,4.53,4.67,4.43,4.63,4.61,4.56,4.53,4.53,4.35,4.37,4.72,4.66,4.55,4.37,4.53,4.24,4.32,4.56,4.48,5.23,4.71,5.4,4.53,4.55,4.45,4.63,4.87,4.38,4.41,4.6,4.47,4.82,4.74,4.45,4.2,4.4,4.55,4.4,4.36,5
DMD,4.98,5.02,4.46,4.78,5.05,4.56,5.01,4.55,4.94,5.02,4.77,4.9,4.91,4.84,4.88,5.2,4.83,4.72,5.08,4.6,4.73,4.97,4.67,4.88,4.75,4.62,4.89,4.7,4.86,5.24,5.38,6.44,4.7,5.1,5.01,4.79,5.22,4.94,5.03,4.73,4.58,5.25,4.55,5.68,5.05,5.23,5.43,4.74,4.82,5
DMD,3.64,3.62,3.5,3.52,3.54,3.49,3.57,3.5,3.79,3.48,3.6,3.49,3.97,3.79,3.58,3.43,3.39,3.52,3.68,3.55,3.41,3.7,3.83,3.61,3.41,3.3,3.54,3.66,3.65,3.76,4.22,3.98,3.54,3.62,3.84,3.69,3.6,3.75,3.66,3.56,3.45,3.5,3.71,3.37,3.65,4.72,3.58,3.53,3.79,4.2
DMD,3.67,4.1,3.95,4.31,3.95,3.84,3.81,4.06,3.88,4.11,3.99,3.86,3.88,4.22,3.74,4.18,4,3.89,4.14,3.9,3.81,4.09,3.88,4.02,4.24,3.88,4.31,4.14,4.29,4.09,4.3,5.34,3.83,3.99,4.44,3.94,4.16,4.13,4.06,3.97,4.03,4.18,4.43,4.23,4.15,4.15,4.17,3.82,4.07,4.86
DMD,4.21,3.93,3.83,4.11,3.83,4.07,4.03,3.99,3.99,3.75,4.18,3.91,3.78,4.27,3.82,4.16,3.72,3.84,3.79,4.01,4.31,4.2,3.97,3.89,4.29,3.95,3.77,3.79,3.94,4.06,5,5.47,3.96,4.11,3.94,3.91,3.86,3.8,4.27,3.76,3.72,4.67,3.79,4.64,3.57,4.12,3.83,3.99,3.95,4.47
DMD,4.03,4.17,3.8,4.06,3.85,3.82,4.28,4.05,4.35,4.04,4.8,4.33,4.42,4.58,4.03,4.22,4.14,3.89,3.96,4.32,4.27,4.27,4.14,3.96,4.56,3.74,3.91,4.3,3.95,4.31,4.96,4.64,4.16,4.02,4.03,3.72,3.92,3.87,3.92,3.73,4.22,3.97,4.15,3.78,3.72,3.82,3.66,3.88,3.98,4.66
DMD,3.87,4.08,3.67,3.76,3.87,3.7,4.23,3.49,3.73,3.72,3.74,3.89,3.83,4.19,3.64,3.88,3.67,3.52,3.62,3.69,3.95,3.48,3.92,3.55,3.5,3.72,3.64,3.54,3.97,4.31,3.9,4.15,3.8,4.01,3.7,3.76,3.79,4.06,3.86,3.55,3.46,3.53,3.49,4.19,3.67,3.97,3.61,3.57,3.56,3.78
DMGDH,3.53,3.71,3.8,3.7,3.83,3.9,3.54,3.46,3.69,3.97,3.98,3.55,3.72,3.75,3.8,3.67,3.57,3.65,4.06,3.67,3.53,3.42,3.66,3.6,3.55,3.58,3.49,3.59,3.57,3.48,5.93,4.3,3.58,3.36,3.42,3.44,3.59,3.63,3.78,3.6,3.65,4.44,4.85,4.28,3.22,3.56,3.48,3.65,3.51,3.94
DMGDH,4.95,4.72,4.79,4.97,4.73,4.91,4.71,4.65,4.59,4.85,5.02,4.87,4.68,5.56,4.61,4.93,4.88,4.93,4.57,4.79,4.51,4.69,4.67,4.73,4.73,4.59,4.73,4.69,4.75,4.73,4.95,5.42,4.96,4.86,4.65,4.64,4.7,4.36,5.34,4.52,4.76,5.08,4.84,4.87,4.7,4.12,4.88,4.8,4.68,5.06
DMKN,3.73,3.8,3.91,3.8,3.72,3.6,4.3,3.78,3.93,3.85,3.84,3.97,3.88,4.13,3.78,4.27,3.92,3.94,4.24,3.93,3.87,3.85,3.98,3.75,4,3.73,3.66,3.89,4.1,4.6,6.83,4.26,3.78,4.01,4.1,3.75,4.05,3.59,4.37,4.03,3.93,3.63,3.81,4.45,3.71,4.35,3.73,4.02,3.69,4.68
DMKN,3.9,3.87,4.04,3.84,4.35,4.05,4.4,4.81,3.83,3.93,3.87,3.76,3.74,5.12,3.95,3.89,4.05,4.32,3.67,4.04,4.06,3.77,3.87,3.96,3.76,4.41,3.98,3.7,3.99,4.31,5.32,5.38,3.73,3.8,3.92,3.84,3.95,4.32,4.1,3.82,3.99,4.04,4.49,4.68,4.08,4.25,4.67,4.07,3.94,4.96
DMKN,4.68,4.78,4.57,4.85,4.84,4.76,5.28,4.78,4.68,4.61,4.58,4.77,4.77,6.06,4.67,4.6,4.9,4.87,4.55,4.69,4.92,4.62,4.58,4.99,4.85,4.85,5.03,4.86,4.93,5.31,5.48,5.77,4.77,4.9,4.51,4.85,4.75,4.81,4.64,5.28,5.06,4.86,4.93,6.37,4.84,4.75,4.45,4.82,4.71,6.32
DMKN,3.78,3.61,3.96,3.85,4.35,4.26,4.4,4.09,3.7,3.59,3.73,3.65,3.55,4.05,3.85,4,3.8,3.7,3.78,4.03,3.66,3.54,3.67,4.16,4.08,3.9,3.7,3.89,4.09,5.57,5.07,5.08,3.64,3.74,3.88,3.74,4.16,3.87,5,3.86,3.9,3.61,4.43,4.44,4.09,4.37,3.81,3.73,3.78,5.1
DMKN,3.64,3.67,3.37,3.76,3.77,3.67,4.05,3.72,3.57,3.93,3.46,3.61,3.74,3.78,3.48,3.54,3.51,3.71,3.6,3.69,3.72,3.66,3.52,3.58,3.46,3.61,3.63,3.59,3.72,4.8,4.44,3.67,3.5,3.6,3.63,3.44,3.42,3.51,4.14,3.35,3.57,3.58,3.62,3.67,3.66,3.52,3.64,3.48,3.67,4.1
DMKN,3.63,3.67,3.82,3.85,3.44,4.62,3.78,4.07,3.74,3.68,3.74,3.9,3.71,4.84,3.81,3.82,3.64,3.76,4.02,3.94,3.99,3.85,3.63,4.2,3.9,3.61,4.06,3.85,3.97,4.49,4.14,4.51,3.75,3.77,3.89,3.87,3.85,3.97,4.12,4.11,3.82,3.89,4.19,4.47,3.58,4.82,3.88,4.01,3.96,4.66
DMKN,3.69,3.86,3.78,3.65,4.08,3.9,3.91,3.86,3.74,3.77,3.92,3.93,3.98,3.89,4.1,3.67,3.78,4.08,3.79,3.81,3.86,3.85,3.82,3.94,3.77,4.03,3.8,3.68,4.09,4.43,4.58,4.92,3.87,3.85,3.99,3.86,4.12,3.99,4.27,3.78,3.81,3.96,3.85,3.77,4.17,3.84,3.81,4.01,3.76,3.98
DMKN,3.49,3.68,3.74,3.64,3.73,3.88,4.46,4.11,3.58,3.91,3.61,3.6,3.57,4.13,3.67,3.75,3.49,3.61,3.81,3.7,3.77,3.67,3.55,3.85,3.88,3.84,3.81,3.82,4.02,4.19,4.83,4.75,3.75,3.81,3.55,3.67,4.37,3.69,4.06,3.64,3.63,4.05,3.98,3.96,4.08,3.86,3.71,3.71,4.02,4.27
DMKN,4.49,5,4.8,4.66,5.27,4.82,5.71,4.6,4.6,5,4.56,4.77,4.6,5.28,4.57,4.62,4.47,4.91,4.74,4.69,4.63,4.62,4.82,4.93,5.11,4.59,4.46,4.73,4.72,5.75,4.82,5.99,4.53,5.06,4.46,4.82,4.46,4.55,5.06,4.9,5.16,4.57,4.67,5.51,4.99,5.08,4.65,4.41,4.55,5.69
DMKN,4.39,4.31,4.35,4.47,4.38,4.3,4.44,4.4,4.29,4.31,4.21,4.58,4.38,4.39,4.14,4.56,4.12,4.57,4.24,4.36,4.19,4.38,4.32,4.34,4.47,4.26,4.21,4.5,4.22,4.33,6.14,5.56,4.29,4.54,4.26,4.38,4.44,3.97,4.31,4.67,4.2,4.39,4.46,5.23,4.13,3.97,4.49,4.37,4.42,4.32
DMKN,4.31,4.31,4.41,4.39,4.26,4.07,5.22,4.6,4.43,4.51,4.29,4.58,4.44,5.28,4.67,4.77,4.29,4.48,4.06,4.4,4.16,4.17,4.46,4.23,4.3,4.54,4.61,4.64,4.47,5.35,7.86,5,4.2,4.19,4.75,4.34,4.28,4.27,4.93,4.36,4.41,4.51,4.28,4.57,4.62,4.46,4.41,5.14,4.37,5.58
DMKN,4.59,4.31,4.45,4.41,4.68,5.15,4.96,4.53,4.47,4.54,4.53,4.57,4.56,5.81,4.38,4.75,4.29,4.13,4.11,4.39,4.84,4.74,4.81,4.26,4.3,4.41,4.51,4.58,4.77,5.16,5.39,4.81,4.72,4.61,5.05,4.2,4.94,4.38,5.95,4.23,4.32,4.77,4.55,5.03,4.76,4.97,4.92,4.56,4.36,4.44
DMKN,3.83,3.89,4.09,4.05,3.98,3.8,3.97,4.14,4.13,4.09,4.43,3.99,3.93,5.28,3.77,3.78,4.01,3.93,3.87,4.02,4.74,4.04,3.79,3.8,4.08,4.07,4.33,3.95,4,3.9,4.03,6.24,4.1,4.02,3.95,3.98,4.02,3.83,4.01,4.37,3.77,4.11,3.94,5.88,4.08,4.05,3.88,3.76,4.09,4.14
DMKN,4.05,3.99,4,4.11,4.11,4.18,4.36,3.92,4.12,4.16,4.18,4.24,4.41,4.4,4.09,4.46,4,3.89,4.32,4.12,4.14,4.1,4.12,4.11,4.01,4.02,4.41,3.98,4.13,4.43,4.94,3.93,4.28,4.21,4.23,4.11,4.03,4.59,4.01,4.01,4.12,4.47,5,4.29,3.84,3.92,4.25,3.96,4.05,4.33
DMKN,6.18,6.21,6.3,6.32,6.96,6.22,5.72,6.26,6.28,6.14,6.36,6.02,6.08,6.94,6.17,6.19,6.14,6.09,6.27,6.08,6.4,6.58,6.35,6.32,6.07,5.88,6.32,5.87,6,6.13,8.05,6.53,6.28,6.24,6.45,6.09,6.4,5.77,6.42,6.1,6,6.32,6.23,6.96,6.02,6.83,6.19,6.14,6.1,6.65
DMKN,4.36,4.31,4.38,4.52,3.85,4.36,4.45,4.64,4.12,3.96,4.47,4.59,4.61,4.4,4.45,4.41,4.13,4.39,4.33,4.35,4.56,4.51,4.37,4.41,4.49,4.28,4.75,4.43,4.42,4.08,6.16,4.72,4.89,4.72,4.63,4.07,4.16,4.71,4.45,4.71,4.48,4.16,4.72,4.92,4.66,4.56,4.35,4.54,4.8,4.89
DMP1,4.25,3.89,3.74,4.21,3.83,3.67,3.95,3.78,3.83,3.8,3.68,4.11,3.82,5.84,3.98,4.23,3.83,3.99,3.82,3.93,3.56,4.14,3.77,3.9,3.81,4.18,4.09,3.67,3.95,5.16,6.82,4.19,4.1,3.75,3.64,3.9,3.79,3.91,3.77,3.93,4.11,3.9,3.68,4.5,4.16,4.04,3.57,3.84,3.94,4.24
DMP1,3.47,3.45,3.43,3.49,3.74,3.59,3.5,4.09,3.57,3.46,3.66,3.62,3.57,4.16,3.56,3.71,3.64,3.7,3.54,3.77,3.43,3.62,3.59,3.67,3.36,3.41,3.46,3.65,3.45,3.9,3.67,3.81,3.51,3.63,3.6,3.48,3.26,3.46,4.17,3.4,3.41,3.85,3.88,4.05,3.37,3.42,4.11,3.38,3.41,3.86
DMPK,5.2,5.23,5.59,5.48,5.07,5.33,5.36,5.57,5.38,5.2,4.87,4.67,5.4,4.88,5.28,5.41,5.36,5.18,5.21,5.39,5.55,5.23,5.33,5.62,5.46,5.67,5.46,5.26,5.35,4.93,4.63,5.21,5.25,5.32,4.91,5.49,5.21,6.04,5.91,5.27,5.28,5.17,5.58,5.37,5.05,4.98,5.73,5.72,5.62,4.73
DMPK,8.31,8.12,8.68,8.6,8.94,8.75,8.38,8.69,8.17,8.38,8.5,8.33,8.25,8.18,8.62,8.58,8.55,8.52,8.62,8.46,8.64,8.65,8.67,8.85,8.98,8.62,8.48,8.39,8.8,8.85,7.94,9.18,7.97,8.2,8.17,8.64,8.76,8.78,8.1,8.78,8.69,9.19,8.95,8.45,8.3,8.23,8.34,8.68,9.02,8.87
DMPK,4.62,4.72,4.46,4.87,4.7,4.57,4.86,4.7,4.59,4.71,4.65,4.92,4.62,4.91,4.68,4.58,4.71,4.85,4.5,4.62,4.82,5.17,4.72,4.7,4.65,4.71,4.95,4.86,4.69,5.13,4.79,5.48,4.25,4.66,4.85,4.42,4.54,4.6,5.03,4.86,4.7,5.09,4.5,4.92,4.38,4.42,4.3,4.91,4.62,5.16
DMRT1,4,4.29,4.14,4.04,4.18,4.17,4.24,4.28,4.14,4.12,4.34,3.97,4.03,4.33,4.19,4.41,4.12,4.65,4.28,4.06,4.07,4.1,4.37,4.13,4.14,4.08,3.97,4.19,4.59,4.67,6.21,5.35,4.15,4.18,4.21,3.88,4.44,3.93,4.57,3.92,3.8,3.98,4,5.6,4.1,4.08,4.03,4.07,3.91,4.33
DMRT1,3.77,3.94,3.77,4.07,4.43,4.23,4.02,4.07,3.85,3.76,3.85,3.76,3.84,4.15,3.72,4.33,3.84,4.05,3.87,3.86,4.13,3.89,3.97,3.75,3.77,3.89,4.07,3.96,3.98,4.68,4.44,4.12,3.96,3.97,4.07,3.82,3.95,4.01,4.22,4.15,4.01,4.1,4.69,4,3.97,4.08,4.05,4.05,4.05,4.39
DMRT1,4.77,5.16,4.74,4.83,4.7,4.36,5.12,5.52,4.62,4.95,4.94,5.11,5.13,6.08,4.91,4.64,4.77,4.55,4.53,4.82,5.15,4.71,4.74,4.51,4.67,4.41,4.91,4.69,4.76,4.86,4.08,5.85,4.5,4.91,4.52,4.3,4.75,4.43,5.82,4.93,4.2,4.84,5.33,5.93,4.68,4.79,4.52,4.62,4.95,4.83
DMRT2,3.75,3.82,4.05,3.82,4.02,4.46,4.62,3.69,3.67,3.77,3.6,3.68,3.8,4.5,3.68,3.99,3.82,3.89,3.76,3.81,3.72,3.77,3.76,3.87,3.79,3.58,3.71,3.68,4.32,6.12,6.59,4.32,3.91,3.68,3.83,3.8,3.78,3.84,4.55,3.79,3.85,3.89,4.26,5.45,3.94,4.34,3.75,3.95,3.69,4.49
DMRT2,3.75,3.71,3.82,3.71,4.07,3.97,4.59,3.73,3.57,3.62,3.81,3.82,3.64,3.98,3.67,3.77,3.79,3.74,3.71,3.44,3.68,3.64,3.86,3.62,4.01,3.6,3.86,3.82,4.03,4.49,6.46,5.6,4.31,3.7,3.6,3.52,3.77,3.82,4.46,3.73,3.52,3.96,3.79,4.31,4.16,3.9,3.71,3.7,3.78,3.96
DMRT2,3.3,3.5,3.27,3.34,3.47,3.8,3.29,3.42,3.41,3.37,3.49,3.41,3.53,3.73,3.33,3.36,3.1,3.44,3.31,3.32,3.37,3.7,3.38,3.23,3.1,3.28,3.17,3.46,3.35,3.8,3.54,3.64,3.42,3.44,3.52,3.53,3.2,3.69,3.85,3.57,3.46,3.41,3.31,4.33,3.48,3.28,3.32,3.77,3.22,3.31
DMRT2,4.58,4.43,4.7,4.74,4.94,4.69,5.13,4.83,4.67,4.62,4.8,4.7,4.56,4.78,4.72,4.97,4.72,4.73,4.6,4.93,4.78,4.67,4.49,4.61,5.25,4.75,4.64,4.7,4.95,4.87,5.78,5.7,4.51,4.6,4.64,4.96,4.82,4.77,5.14,5.23,5.17,4.69,5.03,6.62,4.9,4.71,4.95,4.82,4.83,6.08
DMRT3,4.13,4.42,3.9,4.04,4.06,4.09,3.99,4.05,3.98,4.22,3.94,3.98,4.17,4.28,3.91,4.36,3.96,4.06,3.95,3.95,4.02,4.18,4.44,4.12,3.88,3.94,3.96,4,4.12,5.16,5.08,4.24,3.93,3.96,4.14,3.89,4.05,3.75,4.18,3.79,4.19,3.86,4.09,5.25,3.8,4.08,3.96,3.88,4.03,5.09
DMRT3,4.49,4.47,4,4.15,4.3,4.54,4.01,3.63,3.87,4.44,4.36,4.35,4.46,4.18,4.31,3.98,4.22,4.05,3.97,4.47,4.39,4.44,4.47,4.23,4.26,4.48,3.94,4.11,4.4,3.92,4.02,4.12,4.17,4.17,4.17,4.09,3.83,3.84,5.24,4.16,3.62,4.09,4.04,4.3,4.36,4.04,4.13,4.13,4.03,5.28
DMRTA1,4,4.13,3.91,4.22,3.85,3.92,3.64,3.91,4.29,4.06,4.49,4.39,3.95,4.46,4.05,4.12,3.91,4.26,4.28,3.88,4.08,4.11,4.5,3.93,4.02,3.71,4.02,4.22,4.72,4.13,5.06,4.46,4.16,4.12,3.94,3.79,4.08,4.06,3.96,3.91,3.81,4.19,4.1,5.9,4.13,4.76,3.85,4.04,4.53,4.11
DMRTA2,4.38,4.53,4.64,4.64,4.5,4.34,5.75,4.52,4.59,4.74,4.73,4.87,4.64,4.86,4.52,4.41,4.82,4.39,4.56,4.97,4.58,4.7,4.86,4.54,4.91,4.43,4.48,4.42,4.42,4.83,5.91,7.48,4.28,4.74,4.76,4.42,4.78,4.57,4.94,4.97,4.7,4.79,4.65,5.19,4.61,4.25,4.95,4.88,4.57,6.57
DMRTA2,4,4.13,4.18,4.16,4.37,4.5,5.1,4.37,4.16,4.12,4.18,4.11,4.08,4.1,4.11,4.61,4.24,4.42,4.2,4.19,4.24,4.06,4.16,4.33,4.29,4.21,4.11,4.18,4.43,4.53,5.84,5.11,4.53,3.99,4.16,4.12,4.27,4.02,5.4,4.03,4.32,4.18,4.3,4.49,4.72,4.26,4.41,4.16,4.01,4.25
DMRTB1,4.18,4.07,4.4,4.21,4.38,4.38,4.46,4.57,4.16,4.3,4.39,4.26,4,4.67,4.26,4.1,4.14,4.38,4.07,4.3,4.29,4.57,4.23,4.77,4.43,4.65,4.17,4.24,4.24,4.19,5.02,6.54,4.42,4.26,4.56,4.29,4.87,4.15,4.35,4.13,4.41,4.78,4.45,5.42,4.36,4.05,4.42,4.39,4.31,5.95
DMRTC1 /// DMRTC1B,4.82,4.89,4.83,4.96,5.44,4.92,4.65,5.07,4.9,5.06,5.33,5.08,5.2,6.08,5.02,4.94,4.91,4.9,4.93,4.9,4.97,4.99,4.95,5.01,4.96,4.9,4.94,4.99,4.98,5.47,5.38,6.96,5.06,4.79,4.95,5.04,5.13,4.94,4.63,4.98,4.96,4.73,5.03,5.47,5.13,4.84,5.29,4.65,4.87,6.93
DMRTC2,4.22,4.18,4.15,4.24,4.13,4.1,4.27,4.09,4.03,4.22,4.55,4.37,4.33,4.73,4.1,4.03,4.15,4.32,4.22,4.38,4.36,3.98,4.04,4.34,4.23,3.98,3.98,4.29,4.26,4.15,6.34,4.22,4.09,4.04,4.27,4.22,3.98,3.97,3.97,3.89,4.1,3.91,4.08,4.63,3.98,3.97,4.32,4.3,4.19,5.02
DMRTC2,5.57,5.59,5.95,5.71,5.44,5.51,6.06,5.53,5.6,5.65,5.97,5.76,5.65,5.67,5.7,5.71,5.79,5.85,5.6,5.43,5.58,5.98,6.03,5.67,5.62,5.56,5.8,5.8,5.65,5.31,4.88,6.66,5.84,5.91,5.39,5.48,5.73,5.49,5.77,5.65,5.77,6.2,5.69,5.14,5.49,5.31,5.66,5.91,5.67,5.74
DMTF1,8.55,8.79,8.47,8.51,8.3,8.56,8.57,8.16,8.74,8.63,8.89,8.52,8.71,8.03,8.31,8.32,8.29,8.27,8.21,8.31,8.59,8.42,8.86,8.17,8.36,8.32,8.4,8.32,8.79,8.99,7.11,7.46,7.87,7.95,7.82,8.15,8.38,8.22,8.15,8.32,8.5,8.7,8.8,7.52,8.48,8.31,8.49,8.58,8.66,7.81
DMTF1,8.31,7.62,7.75,7.79,6.88,7.23,7.74,7.85,8.05,8.06,6.93,7.93,7.87,5.88,7.58,7.83,7.63,7.49,7.54,7.84,7.76,7.96,7.38,7.77,7.72,7.84,7.66,7.92,7.28,6.64,7.66,6.36,7.54,7.43,7.26,7.54,7.56,7.75,6.31,7.57,7.57,7.63,7.57,7.72,7.8,7.53,7.75,7.85,7.65,7.19
DMTF1,5.17,4.25,4.78,4.51,4.54,4.69,5.63,4.62,4.44,4.72,4.61,4.42,4.25,4.43,4.48,4.86,5.11,5.08,4.9,4.83,4.96,4.49,4.78,4.85,4.4,4.93,4.78,4.82,4.46,4.69,4.77,5.26,4.69,4.47,4.88,4.91,4.66,4.41,6.13,4.47,4.42,4.71,4.38,5.04,4.79,4.55,4.39,4.85,4.4,5.36
DMWD,7.78,7.68,8.1,7.97,8.42,8.25,8.29,8.24,7.64,7.8,8.07,7.83,7.65,7.7,7.96,7.94,8.03,7.86,7.95,7.88,7.89,7.96,8.24,7.95,8.14,8.05,8.05,7.79,8.14,8.99,7.77,8.63,7.65,7.86,7.74,8.07,8.1,7.93,7.66,8.17,8.26,8.8,8.69,7.78,7.8,7.74,7.96,8.08,8.55,8.17
DMWD,5.49,5.17,5.84,5.65,5.89,5.64,5.29,5.58,5.33,5.33,5.49,5.71,5.52,6.12,5.66,5.54,5.65,5.78,5.67,5.41,5.22,5.54,5.44,5.64,5.86,5.91,5.74,5.51,5.29,6.82,6.49,5.74,5.66,5.46,5.6,5.72,6.22,5.69,5.38,5.84,6.37,5.97,6.37,5.3,5.88,6.14,5.62,5.62,5.7,6.85
DMXL1,7.53,7.37,7.98,7.62,8.05,7.73,6.25,7.74,7.72,7.66,8.1,7.61,7.28,5.65,7.81,7.77,7.9,7.59,7.52,7.71,7.83,7.9,7.71,7.79,7.73,7.69,7.91,7.84,7.74,5.52,6.05,8.59,8.28,8.43,8.68,8.01,8.04,8,8.01,7.96,7.88,7.6,7.31,6.51,8.11,7.94,8.29,8.03,7.75,6.45
DMXL1,6.84,6.52,6.82,6.6,6.11,6.69,6.41,7.09,6.65,6.54,6.46,6.58,6.31,5.68,6.7,6.78,6.68,6.57,6.58,6.85,6.46,6.77,6.36,7.19,6.78,6.66,6.91,6.69,6.27,6.57,7.4,6.45,6.63,6.75,6.67,6.47,6.6,6.56,6.46,6.55,6.47,6.14,5.74,5.39,6.27,6.37,6.67,6.82,6.39,6.12
DMXL1,7.58,7.95,7.66,7.48,7.35,7.5,6.84,6.9,7.63,7.31,7.44,7.24,7.5,6.4,7.39,7.21,7.56,7.1,7.33,7.66,7.44,7.26,7.88,7.3,7.51,7.4,7.22,7.34,7.63,7.06,6.9,6.41,7.04,7.27,6.98,7.22,7.2,7.11,7.36,7.16,7.43,7.08,7.67,6.11,7.47,7.26,7.54,7.31,7.71,5.22
DMXL2,3.42,3.38,3.44,3.36,3.33,3.26,3.17,3.58,3.38,3.24,3.21,3.54,3.51,3.79,3.31,3.35,3.38,3.7,3.63,3.49,3.4,3.24,3.35,3.24,3.46,3.31,3.28,3.37,3.43,3.39,3.44,3.53,3.26,3.82,3.38,3.39,3.22,3.32,3.42,3.12,3.55,3.23,3.13,4.64,3.32,3.68,3.35,3.48,3.39,3.61
DMXL2,8.28,8.53,7.95,8.21,7.77,7.89,7.63,8.07,8.26,8.43,8.64,8.36,8.29,8.23,8.1,8.07,8.12,8.04,8.29,8.15,7.59,7.83,8.18,8.05,8.32,8.04,8.14,8.26,8.17,7.96,7.97,8.27,7.62,8.07,7.78,7.99,7.55,8.12,7.83,7.94,8.25,8.61,8.46,8.79,8.29,8.5,8.25,8.16,8.19,7.96
DMXL2,6.37,6.13,5.82,6.12,5.47,5.83,5.48,5.96,6.25,6.02,5.83,5.92,6.31,6.32,5.98,6.08,5.99,5.96,5.99,6.08,6.02,6.18,6.02,5.97,5.72,5.89,5.91,6.2,5.71,5.68,7.11,5.35,6.07,6.08,6.03,5.83,5.8,5.61,5.13,5.84,5.72,5.93,5.98,5.71,5.97,5.85,6.34,6.17,6.01,5.55
DNA2,7.22,6.96,6.98,6.9,6.54,6.97,6.42,7.16,6.92,7.02,6.76,6.56,6.8,5.93,6.73,6.77,6.65,6.88,6.71,6.82,6.07,6.02,5.8,6.06,6.24,6.59,6.84,7.18,6.88,6.58,7.12,6.47,7.1,7.3,7.2,6.54,6.37,6.64,6.83,6.61,6.41,6.09,6.23,6.75,6.04,6.27,6.3,6.79,6.69,4.45
DNA2,8.25,8.28,8.14,8.29,8.01,7.59,7.67,8.09,8.09,8.14,8.27,7.99,7.93,7.06,7.89,7.87,7.98,7.46,7.84,8.04,7.04,7.37,7.25,7.34,7.51,7.34,8.01,8.1,8.11,7.6,7.66,7.45,8.01,8.39,8.27,7.79,7.61,7.81,7.16,7.77,7.71,7.59,7.61,8.21,7.76,7.37,7.67,7.83,7.83,7.85
DNAH1,7.06,6.91,7.06,7.14,7.24,7.52,7.38,6.65,6.86,6.9,7.37,6.58,6.94,7.68,6.66,7.12,6.84,6.88,7.04,6.95,7.35,7.13,7.47,7.12,7.28,6.91,7.01,6.98,7.33,6.95,6.83,7.7,6.67,6.74,6.56,6.68,6.99,6.7,7.15,6.93,7.38,7.73,7.83,8.23,7.44,7.53,6.8,6.91,7.33,8.34
DNAH10,5.41,5.28,5.19,5.42,5.09,5.6,5.48,5.72,5.37,5.33,5.53,5.41,5.28,5.26,5.52,5.66,5.65,5.15,5.33,5.21,5.46,5.7,5.9,5.72,5.44,5.51,5.26,5.34,5.33,4.97,6.02,6.28,5.4,5.29,5.48,5.56,5.79,5.4,5.21,5.46,5.46,5.57,5.1,5.61,5.66,5.35,5.64,5.39,5.38,5.84
DNAH11,4.19,4.39,3.93,4.46,4.05,4.46,4.26,4.4,4.23,4.22,4.52,4.41,4.24,5.45,4.33,4.54,4.38,4.37,4.1,4.18,4.16,4.17,4.36,4.04,3.97,4.21,4.13,4.23,4.19,4.58,4.93,4.97,4.02,4.37,4.18,3.93,4.18,3.79,3.87,4.02,3.83,4.2,4.2,4.37,3.92,4.79,3.97,4.03,4.1,5.97
DNAH12,4.06,3.97,4.1,3.99,3.79,4.39,3.62,3.93,3.94,4.1,3.69,3.91,4.16,4.19,4.43,4.04,3.6,3.81,3.9,3.91,4,3.76,4.09,4.15,3.97,3.87,3.99,4.04,3.63,4.09,5.02,3.68,3.68,3.64,3.95,3.67,3.62,3.81,4.28,4.25,3.92,3.88,3.83,4.8,3.78,3.82,4.28,4.12,4.61,4.22
DNAH12,4.02,3.84,3.92,3.89,4.37,3.87,4.09,3.85,3.95,3.79,3.95,3.82,3.93,4.9,4,4.3,3.75,3.87,3.89,3.98,4.13,3.84,3.83,3.89,3.86,3.82,4.04,3.98,3.81,5.47,4.53,5.12,3.87,3.9,4.01,4.13,4.27,4.01,4.34,4.01,3.84,4.11,3.77,5.66,3.92,4.18,3.95,3.89,3.92,4.66
DNAH14,5.24,5.48,5.28,5.14,5.8,5.21,5.12,5.1,5.64,5.33,5.47,5.15,5.28,4.82,5.27,5.06,5.27,5.28,5.45,5.41,5.09,4.94,5.26,5.23,5.22,5.05,5.32,5.25,5.28,5.67,5.05,4.92,5.13,5.09,5.16,5.88,5.11,5.89,5.4,5.45,5.53,4.89,4.83,4.93,5.46,5.28,5.45,5.64,5.29,6.04
DNAH14,3.92,3.85,3.69,3.62,3.61,4.41,4.34,3.58,3.61,3.69,3.76,3.71,3.94,3.87,3.49,3.83,3.86,3.75,3.73,3.43,4.06,3.72,3.64,3.49,3.43,3.51,3.67,3.53,3.64,4.11,3.97,3.92,3.53,3.49,3.53,3.45,3.66,3.43,4.35,3.46,3.38,3.73,3.69,4.16,3.73,3.81,3.48,3.61,3.53,5.05
DNAH14,4.06,3.99,3.96,3.97,3.89,3.91,4.01,3.95,3.82,4.17,3.98,4.15,3.9,4.58,3.76,4.07,4.02,3.73,4.04,4.12,3.89,4.04,3.82,4,3.72,3.84,3.75,4.2,3.86,4.44,4.57,4.88,3.84,4.12,3.94,3.94,3.6,4.19,3.94,3.99,3.74,4.08,3.92,4.07,4.44,4.32,3.89,4.08,3.96,5.25
DNAH2,3.52,3.85,3.38,3.66,3.62,3.91,4,3.72,3.62,3.56,3.78,3.71,3.84,4.67,3.64,3.54,3.5,3.44,3.5,3.66,3.7,3.67,3.69,3.78,3.55,3.84,3.63,3.45,3.7,5.54,5.59,4.75,3.61,3.52,3.49,3.55,3.63,3.57,5.05,3.59,3.67,3.43,3.65,4.48,3.59,4.26,3.62,3.4,3.46,4.38
DNAH2,4.16,4.46,4.02,4.04,3.91,3.93,3.75,3.63,3.91,3.81,4.02,3.88,4.1,4.82,4.07,4.02,3.97,4.09,3.73,3.78,4.1,4.26,4.18,3.99,4.02,3.84,3.9,4.02,3.81,3.99,3.63,4.47,4.31,4.44,4.07,3.72,4.08,3.98,4.06,3.98,4.31,3.76,4.12,4.28,4.45,3.65,4.13,4.02,3.81,4.42
DNAH2,5.6,5.62,5.76,5.71,6.33,6.25,5.93,5.55,5.73,5.71,5.94,6.01,5.74,6.41,5.93,6.06,5.89,5.77,5.59,5.76,6.17,6.11,6.14,5.79,6.08,5.8,5.76,5.94,5.81,5.66,6.01,6.16,5.73,5.87,6.03,6.06,5.64,5.74,5.6,5.59,5.95,5.84,5.88,6.87,5.81,6.38,5.84,6.08,5.87,6.18
DNAH3,4.27,4.29,4.28,4.43,4.08,4.03,4.43,3.82,4.31,4.54,4.56,4.39,4.48,5.29,4.21,4.43,4.37,4.27,4.12,4.49,4.26,4.29,4.34,4.15,4.16,4.04,4.54,4.89,4.52,4.87,6.94,4.59,4.34,4.43,4.26,4.17,4.42,3.94,4.49,4.44,4.31,4.24,4.09,5.07,3.99,4.3,4.15,4.07,4.4,5.75
DNAH3,4.22,3.97,3.93,3.97,4.3,3.97,4.75,3.9,3.85,3.71,3.97,4.06,3.75,4.5,3.85,4.06,3.66,3.76,4.43,3.63,3.99,3.82,4.05,3.97,3.67,3.97,3.81,3.96,4.23,4.68,4.68,4.32,4.11,3.93,4.03,3.83,3.96,3.97,4.02,3.89,3.91,3.86,3.85,4.23,3.91,3.99,3.8,3.65,4.21,4.36
DNAH5,4.82,4.34,4.87,4.76,4.58,5.11,5.43,4.74,4.49,4.6,4.86,4.82,4.44,6.34,4.54,4.54,4.72,4.47,4.6,4.83,4.84,4.87,4.73,4.51,4.67,4.47,4.48,4.58,4.65,4.27,4.24,5.52,4.63,4.66,4.62,5,4.64,4.58,4.13,4.53,4.61,5.05,4.84,6.17,4.45,4.95,4.95,4.65,4.57,6.25
DNAH5,4.18,4.26,4.11,4.3,3.99,4.28,3.98,4.07,4.02,3.9,4.19,4.11,4.1,5.12,4.56,3.94,3.84,4,4.04,4.21,4.05,4.26,4.12,4.26,4.3,4.95,4.06,4.36,4.59,4.94,7.18,5.57,4.1,3.77,4.24,4.07,3.87,4.45,4.66,4.34,4.11,4.09,4.54,5.05,4.1,4.13,4.68,4.33,4.22,5.82
DNAH6,6.16,6.15,5.91,6.19,6.09,6.03,6.3,6.17,6.09,6,6.23,6.28,6.11,6.45,5.82,6.13,5.85,6.15,5.87,6.1,6.11,5.94,6.16,5.89,6.22,6.07,5.96,6.35,6.06,6.66,8.36,6.88,6.2,5.84,6.08,5.84,6.2,6.06,5.9,6.06,5.91,6.44,6.28,6.44,5.92,6.19,5.98,5.96,5.8,6.14
DNAH6,3.7,3.44,3.7,3.7,3.8,4.2,3.62,3.65,3.51,3.56,3.63,3.38,3.42,4.09,3.64,3.64,3.62,3.5,3.72,3.85,3.57,3.69,3.67,3.8,4.13,3.86,3.57,3.56,3.53,4.33,4.02,4.81,3.55,3.71,3.54,3.39,4.02,3.69,4.84,3.64,3.55,3.66,3.67,4.2,3.96,4.14,4.25,3.7,3.49,5.06
DNAH6,3.64,3.5,3.22,3.39,3.36,3.48,4.16,3.34,3.16,3.36,3.56,3.69,3.43,3.7,3.46,3.25,3.5,3.38,3.58,3.24,3.34,3.71,3.56,3.27,3.22,3.3,3.71,3.48,3.55,3.95,5.93,4.64,3.56,3.48,3.29,3.34,3.6,3.4,4.33,3.17,3.45,3.37,3.35,3.5,3.19,3.65,3.47,3.3,3.5,3.6
DNAH7,4.03,4.16,4.16,4.17,4.49,4.19,4.36,3.96,4,4.22,4.35,4.4,4.11,6.23,4.14,4.16,4.14,3.99,4.01,3.86,4.12,4.12,4.25,4.26,4.43,3.97,4.08,4.29,4.04,6.04,7.84,4.68,4.34,4.4,3.99,3.97,4.49,4.19,4.63,4.1,3.79,4.03,4.06,5.71,4.05,3.86,4.07,4.21,3.99,4.85
DNAH8,4.05,4.11,4.06,3.93,3.92,4.06,5.07,3.95,4.06,3.92,4.23,4.24,4.13,5.96,4.02,3.91,3.96,3.84,3.95,3.99,4.3,4.18,4.26,3.84,4.1,3.8,4.16,4,4.17,4.55,4.21,5.82,4.21,3.81,4.07,4.03,3.87,3.97,4.14,3.9,4.07,4.05,4.07,5.78,3.85,4.4,3.83,4.14,3.8,7.02
DNAH9,4.35,4.21,4.25,4.28,4.21,4.49,4.23,4.18,4.53,4.22,4.64,4.3,4.17,5.1,4.3,4.22,4.3,4.26,4.33,4.72,4.44,4.22,4.27,4.22,4.45,4.16,4.29,4.06,4.7,5.26,6.05,5.25,4.24,4.18,4.46,4.28,5.36,4.27,4.39,4.05,4.61,4.52,4.32,4.49,4.46,4.6,4.62,4.41,4.2,5.87
DNAH9,3.68,3.83,3.84,3.82,3.72,4.06,3.85,3.65,3.83,3.71,3.62,4.01,3.75,3.83,3.69,3.76,3.72,3.65,3.6,3.86,3.79,3.73,3.75,3.73,3.65,3.75,3.78,3.64,3.63,3.83,3.95,3.78,3.93,3.6,3.76,3.47,3.62,3.37,3.81,3.62,3.37,3.58,3.55,3.87,3.67,3.54,3.95,3.41,3.68,5.04
DNAI1,4.32,4.1,4.04,4.41,4.69,4.22,3.82,4.42,3.99,4.08,4.05,4.12,4.01,4.78,4.03,4.04,4.2,4.26,4.39,4.07,4,4.08,4.17,4.43,4.26,3.76,4.17,4.1,3.94,4.52,5.46,4.65,4.19,3.77,4.19,4.14,3.84,4.02,3.74,4.4,4.48,4.38,3.91,4.52,4.24,4.85,4.41,4.32,4.04,5.72
DNAI1,4.49,4.43,4.65,4.65,5.21,5.25,4.75,4.33,4.5,4.47,4.98,4.63,4.43,5.09,4.55,4.49,4.65,4.4,4.47,4.56,4.43,4.86,4.54,4.45,4.54,4.13,4.23,4.38,4.54,5.88,6.51,4.76,4.63,4.49,4.47,4.31,4.43,4.52,5.6,4.49,4.39,4.6,4.52,5.45,4.47,4.53,4.44,4.59,4.45,5.54
DNAI1,4.16,4.48,4.24,4.36,4.06,4.01,4.54,4.59,4.17,4.24,4.45,4.23,4.22,4.42,4.19,4.3,4.18,4.38,4.51,4.18,4.07,4.33,4.31,4.35,4.41,3.99,4.17,4.3,4.9,3.41,4.77,3.74,4.35,4.27,4.2,4.23,4.03,3.94,3.62,4.31,4.06,4.2,4.29,6.18,4.57,4.34,5.07,4.15,4.21,5.34
DNAI2,4.35,4.39,4.14,4.52,4.15,4.34,4.46,4.4,4.25,4.16,4.28,4.22,4.13,4.57,4.36,4.38,4.32,4.11,4.12,4.33,4.23,4.24,4.2,4.74,4.39,4.58,4.08,4.5,4.32,3.85,5.89,4.86,4.42,4.33,4.56,4.34,4.42,4.46,5.23,4.75,4.33,4.44,4.12,5.15,4.56,4.38,4.43,4.36,4.16,5.06
DNAI2,4.88,4.8,4.69,4.96,5.06,4.66,5.06,4.86,4.99,4.67,4.88,4.78,4.68,6.54,5.77,5.4,5.12,4.66,4.81,4.73,4.8,4.77,5.04,5.23,5.32,5.1,4.73,4.7,5.56,4.07,7.21,5.79,5.35,5.19,5.3,5.25,4.5,5.47,5.23,4.88,5,4.88,4.79,5.26,4.93,5.77,4.92,4.51,4.93,6.17
DNAJA1,10.9,10.87,10.69,10.86,10.72,10.73,10.44,10.63,11.18,10.77,10.8,10.79,11.03,8.99,10.77,10.57,10.95,10.73,10.9,10.79,10.93,10.81,11.14,10.79,10.72,10.98,10.78,10.72,10.81,10.47,6.75,8.67,10.89,10.77,10.74,10.73,10.56,10.6,10.47,10.73,10.9,10.47,10.54,9.42,10.84,10.69,10.63,10.91,10.93,9.12
DNAJA1,12.18,12.14,12.05,12.06,11.97,12,11.91,11.92,12.14,12.08,11.96,12.14,12.07,9.97,12.13,12.03,12.21,12.08,12.07,12.18,12.22,12.11,12.22,12.18,12.15,12.24,12.05,12.1,11.96,11.81,6.99,10.07,12.23,12.23,12.18,12,11.91,12.06,11.83,12.04,12.01,11.81,11.86,10.22,12.03,11.92,12.04,12.05,12.04,10.03
DNAJA1,10.03,10.05,9.77,9.79,9.61,9.65,9.6,9.78,9.96,10.05,9.58,9.92,10.15,8.01,9.82,9.96,9.97,9.67,9.8,9.98,10.12,9.99,10.1,9.88,9.93,10,9.88,9.79,10.02,9.91,8.16,8.01,10.03,9.92,9.75,9.78,9.65,9.5,9.77,9.82,9.95,9.65,9.8,7.85,9.83,9.78,9.82,10,10.29,8.1
DNAJA1,11.94,11.89,11.66,11.74,11.67,11.57,11.36,11.49,11.94,11.8,11.74,11.74,11.85,10.03,11.79,11.69,11.94,11.7,11.7,11.7,12,11.91,12,11.83,11.87,11.92,11.74,11.81,11.74,11.28,9.27,10.87,11.94,11.78,11.75,11.71,11.58,11.68,11.34,11.67,11.71,11.5,11.59,10.43,11.78,11.69,11.64,11.8,11.86,9.71
DNAJA1,11.52,11.59,11.41,11.49,11.57,11.53,11.32,11.27,11.6,11.45,11.7,11.5,11.51,10.73,11.52,11.46,11.58,11.46,11.43,11.44,11.61,11.62,11.92,11.48,11.49,11.54,11.49,11.49,11.6,11.3,9.17,11.09,11.64,11.54,11.5,11.39,11.39,11.37,11.55,11.5,11.6,11.6,11.55,11.41,11.52,11.58,11.55,11.61,11.7,11.08
DNAJA2,10.75,10.7,10.59,10.72,10.48,10.49,10.09,10.49,10.87,10.73,10.63,10.82,10.84,9.76,10.94,10.93,10.9,10.74,10.6,10.71,10.87,10.92,10.9,10.73,10.91,10.92,10.62,10.75,10.48,10.44,9.25,9.66,10.87,11.08,11.03,10.88,10.71,10.84,10.6,10.69,10.63,10.48,10.25,9.37,10.74,10.69,10.76,10.77,10.69,10.03
DNAJA2,8.39,8.75,8.57,8.67,8.47,8.16,8.1,8.39,8.6,8.4,8.59,8.67,8.62,8.88,8.64,8.48,9.03,8.53,8.53,8.73,8.58,8.58,8.91,8.93,8.77,8.85,8.37,8.44,8.63,8.39,7.16,7.81,8.36,8.48,8.38,8.6,8.6,8.58,7.83,8.5,8.55,8.7,8.8,8.29,8.9,8.82,8.92,8.79,8.81,7.97
DNAJA3,7.93,7.66,7.97,7.89,7,7.46,7.18,7.96,7.77,8.12,7.65,7.65,7.82,4.98,7.89,7.71,7.92,7.85,7.89,8.01,7.69,7.56,7.54,7.6,7.5,7.77,7.77,8.04,7.77,4.63,4.66,5.75,7.61,7.85,7.6,7.96,7.67,7.94,7.44,7.88,7.62,7.38,7.37,6.37,7.71,7.08,7.39,7.83,7.75,5.52
DNAJA3,9.76,9.74,9.77,9.85,9.83,9.75,9.42,9.63,9.88,9.84,9.68,9.83,9.61,8.01,9.77,9.69,9.77,9.65,9.65,9.63,9.37,9.5,9.5,9.49,9.63,9.4,9.66,9.96,9.96,9.43,7.88,8.93,9.48,9.5,9.42,9.85,9.56,9.62,9.43,9.59,9.69,9.48,9.41,8.19,9.46,9.47,9.63,9.8,9.97,8.31
DNAJA3,9.27,9.01,9.02,9.19,9.2,9.11,8.71,9.08,9.27,9.26,9.18,9.03,9,7.24,9.3,9.19,9.08,9,9.2,9.14,8.65,8.91,8.94,8.94,8.9,8.96,9.22,9.27,9.08,8.63,6.7,8.47,8.64,8.93,8.87,9.34,9,9.07,8.49,9.1,8.92,9.08,8.75,6.96,8.87,9.1,9.02,9.3,9.32,7.52
DNAJA4,4.13,4.41,4.39,4.26,4.51,4.36,4.9,4.29,4.34,4.46,4.31,4.42,4.29,4.76,4.29,4.42,4.55,4.4,4.54,4.24,4.16,4.57,4.63,4.37,4.6,4.42,4.35,4.48,4.09,4.36,5.94,5.88,4.37,4.36,4.51,4.12,4.58,4.23,4.73,4.16,4.28,4.58,4.6,4.75,4.76,4.38,4.35,4.56,4.08,5.27
DNAJA4,4.29,4.38,4.23,4.41,4.2,4.42,4.69,4.02,4.23,4.03,3.89,4.44,4.31,5.37,4.1,4.22,4.02,4.32,4.26,3.93,4.2,4.12,4.27,4.04,4.08,3.9,3.89,4.3,4.38,4.99,5.97,4.65,4.47,4.41,4.22,4,4.1,4.26,4.18,4.05,3.85,4.15,4.14,5.26,4.38,4.1,4.17,4.2,4.15,6.81
DNAJB1,9.69,9.69,9.72,9.57,9.43,9.42,9.4,9.51,9.65,9.72,9.54,9.7,9.72,8.64,10.08,10.01,10.12,9.55,9.64,9.65,9.91,9.73,9.57,10.02,10,10.05,9.77,9.66,9.61,9,7.12,8.02,10.24,10.23,10.19,9.84,9.67,9.86,9.66,9.86,9.7,9.6,9.36,8.37,9.35,9.22,9.31,9.66,9.84,9.13
DNAJB1,10.34,10.21,10.36,10.29,10.31,10.2,10.05,10.25,10.26,10.27,10.32,10.3,10.41,8.07,10.58,10.46,10.5,10.22,10.25,10.2,10.34,10.28,10.32,10.4,10.48,10.44,10.36,10.16,10.34,9.88,6.42,8.7,10.52,10.63,10.63,10.47,10.13,10.38,9.88,10.24,10.25,10.2,10.18,7.55,10,9.86,9.95,10.2,10.37,8.16
DNAJB1,9.14,8.82,9.05,9.17,8.83,8.86,8.78,9.25,9.04,9.15,8.6,9.06,9.06,8.07,9.42,9.32,9.29,9.12,9.07,9.16,9.03,9.1,8.85,9.32,9.34,9.22,9.1,9.19,8.94,7.57,7.25,7.62,9.46,9.61,9.56,9.19,9.12,9.16,8.81,9.12,8.91,9,8.84,7.74,8.71,8.62,8.67,8.99,8.97,6.44
DNAJB11,10.7,10.53,10.56,10.62,10.44,10.4,10.42,10.48,10.75,10.62,10.49,10.54,10.77,9.17,10.13,10.05,10.13,10.58,10.56,10.54,10.39,10.21,10.21,10.03,10.12,10.29,10.6,10.53,10.67,10.53,6.73,8.67,10.01,10.04,9.91,9.98,10,9.99,10.32,10.46,10.55,10,10.04,8.54,10.62,10.59,10.34,10.63,10.79,8.16
DNAJB12,7.49,7.46,7.5,7.29,7.17,7.24,6.96,7.51,7.27,7.39,7.49,7.37,7.39,6.06,7.27,7.38,7.41,7.19,7.35,7.17,7.4,7.42,7.45,7.49,7.22,7.24,7.36,7.4,7.4,6.42,5.83,6.48,7.15,7.36,7.18,7.43,7.51,7.41,7.21,7.47,7.5,7.25,7.4,5.07,7.48,7.21,7.28,7.34,7.55,4.98
DNAJB12,8.39,8.09,8.46,8.27,8.4,8.49,8.08,8.51,8.29,8.37,8.21,8.19,8.27,7.11,8.63,8.24,8.31,8.33,8.41,8.42,8.3,8.21,8.08,8.41,8.31,8.43,8.59,8.28,8.31,7.76,7.95,7.73,8.57,8.48,8.32,8.45,8.47,8.42,8.48,8.65,8.41,8.6,8.69,7.26,8.54,8.42,8.48,8.31,8.31,6.86
DNAJB12,8.86,8.95,9.04,9.03,9.36,9.02,9.64,9.37,8.97,8.99,8.94,8.96,8.98,7.8,9.02,9.08,8.93,8.99,9.06,9.13,8.98,9.05,9.06,9.13,8.97,9.04,9.13,9.09,9.06,8.93,7.64,8.37,9.09,9.02,9.09,8.99,8.91,9.17,8.69,9.27,9.27,9.25,9.39,8.71,9.15,9.28,9.13,9.12,8.99,8.28
DNAJB12,8.36,8.18,8.23,8.25,8.44,8.14,8.27,8.53,8.19,8.28,7.93,8.12,8.06,6.09,8.24,8.32,8.35,8.41,8.32,8.49,8.24,8.19,7.88,8.25,8.2,8.4,8.31,8.13,8.32,7.12,5.21,6.06,8.42,8.47,8.36,8.36,8.49,8.45,8.69,8.54,8.27,8.3,8.41,4.92,8.41,8.19,8.3,8.36,8.03,5.33
DNAJB12,6.62,6.5,6.67,6.87,7.35,7.05,6.34,7.06,6.82,6.6,6.67,6.7,6.6,6.81,6.97,6.73,6.62,6.71,6.76,6.88,6.76,6.75,6.78,6.82,6.83,6.93,6.84,6.7,7.02,7.46,7.51,6.93,6.74,6.76,6.68,6.53,6.36,6.88,7.3,7.07,6.93,7.1,7.31,7.23,7.27,7.21,7.07,6.81,6.86,7.67
DNAJB12,8.61,8.68,8.65,8.65,9.33,8.88,8.35,8.79,8.45,8.5,8.79,8.6,8.54,8.01,8.62,8.43,8.57,8.62,8.33,8.59,8.74,8.6,8.82,8.6,8.65,8.62,8.68,8.62,8.79,8.57,8.4,7.61,8.51,8.41,8.56,8.67,8.97,8.62,8.88,8.9,8.78,8.72,8.97,7.95,8.71,8.9,8.72,8.75,8.82,8.05
DNAJB13,5.76,5.66,6.18,6.06,6.34,6.14,6.43,6.39,5.7,6,5.82,5.84,5.61,7.38,5.98,6.13,6.14,6.26,6.25,6.15,6.29,6.13,5.68,6.09,6.15,5.8,6.06,5.84,5.96,6.43,7.02,6.41,5.52,6.04,6.13,5.72,6.01,6.22,5.55,6.3,5.8,5.7,6.05,6.47,6.16,5.97,6.11,5.83,6.19,6.86
DNAJB13,5.18,5.75,5.61,5.55,5.4,5.53,5.27,5.05,5.38,5.68,5.41,5.52,5.48,6.91,5.04,5.35,5.39,5.24,5.5,5.11,5.97,5.8,5.51,5.44,5.37,5.25,5.52,5.46,5.91,5.48,7.52,7.36,5.51,5.55,5.49,5.44,5.06,5.44,5.37,5.53,5.25,5.56,5.47,6.53,5.95,5.58,5.04,5.38,5.17,5.87
DNAJB14,9.47,9.76,9.07,9.28,8.85,9.27,9.06,9.13,9.66,9.41,9.62,9.43,9.52,8.94,9.3,9.33,9.39,9.08,9.11,9.25,9.35,9.47,9.75,9.44,9.48,9.36,9.35,9.33,9.27,9.3,8.14,8.61,9.14,8.92,9.19,9.3,9.14,8.84,8.42,9.32,9.13,9.36,9.36,8.27,9.13,9.13,9.32,9.28,8.9,6.31
DNAJB14,8.1,8.42,7.77,7.62,7.75,7.81,7.65,7.58,8.01,7.89,8.04,7.53,7.77,7.7,7.91,7.69,7.92,7.61,7.65,7.91,8.03,7.95,8.2,7.87,8.04,7.98,8,7.77,7.81,7.44,7.23,5.7,7.47,7.21,7.44,7.89,7.42,7.1,6.99,7.5,7.68,8.02,8.12,6.94,7.81,7.71,7.93,7.5,7.26,6.42
DNAJB14,7.06,6.99,6.74,6.95,6.7,6.3,6.02,6.65,7.01,7,6.83,7.05,6.92,6.65,6.75,6.81,6.68,6.61,6.53,6.86,6.45,6.59,7.04,6.92,6.7,6.79,6.68,6.8,6.44,6.6,5.59,5.71,6.73,6.66,6.76,6.8,6.45,6.57,7.06,6.77,6.49,6.58,6.54,6.43,6.32,6.85,6.79,6.82,6.86,7.14
DNAJB14 /// LOC646358,9.07,8.93,8.48,8.54,8.07,8.43,8.37,7.94,9.18,8.8,8.6,8.58,8.64,7.89,9.01,8.8,9.01,8.37,8.38,8.72,9.13,8.98,9.22,8.91,8.95,8.95,8.67,8.62,8.38,7.11,7.76,6.37,8.9,8.24,8.66,8.71,8.14,8.13,7.81,8.44,8.43,8.61,8.51,7.52,8.68,8.26,8.84,8.54,8.15,6.96
DNAJB2,9.7,9.32,10,9.77,10,10.03,9.98,10.1,9.63,9.76,9.43,9.97,9.9,8.31,10.94,11.01,10.87,9.92,9.89,9.77,10.59,10.5,10.32,10.98,11,10.94,9.77,9.87,9.79,9.14,8.03,9.17,10.67,10.64,10.69,10.78,10.87,10.89,10.22,10.17,10.19,10.33,10.25,8.3,10.18,10.26,10.3,10.05,10.11,9.89
DNAJB2,4.39,4.2,4.41,4.51,4.46,4.3,3.4,5.38,4.35,4.46,4.3,4.25,4.11,4.53,4.73,5.07,4.86,4.15,4.3,4.42,4.68,4.64,4.28,5.16,4.78,5.54,4.01,4.49,4.32,4.09,4.17,3.82,4.75,4.83,5.05,5,4.47,4.74,4.16,4.93,4.11,3.94,4.05,4.05,4.27,4.2,4.59,4.1,4.13,4.37
DNAJB2,8.98,8.39,8.84,8.77,8.41,8.62,8.95,8.86,8.92,8.9,8.13,8.99,9.17,6.03,10.14,10.26,10.21,9,9.06,8.97,9.84,9.59,9.12,10.11,10.14,10.26,8.84,8.99,8.5,6.61,7.92,6.92,9.99,9.93,9.92,9.89,9.97,10.09,9.3,9.1,9.06,8.84,8.99,6.95,9.22,9.15,9.1,9.05,8.93,6.73
DNAJB2,9.69,9.43,9.76,9.73,9.84,9.88,9.68,9.8,9.54,9.61,9.39,9.85,9.89,9.57,10.84,10.99,10.76,9.84,9.77,9.72,10.48,10.46,10.35,10.93,10.99,10.77,9.75,9.62,9.66,9.72,9.18,7.38,10.65,10.73,10.5,10.77,10.8,10.76,10.22,10.09,10.09,10.16,10.17,8.17,9.92,10.18,10.2,10.12,10.06,8
DNAJB2,4.24,4.01,4.7,4.59,4.27,4.28,4.46,4.75,4.4,4.32,4.05,4.48,4.42,4.45,5.13,4.7,4.59,4.23,4.76,4.45,4.66,4.9,4.39,5.24,4.95,5.13,4.48,5.08,4.24,4.18,4.61,4.72,4.58,4.89,4.87,4.88,4.69,5.25,4.79,4.64,4.77,4.93,4.36,5.78,4.37,4.25,4.87,4.67,4.34,4.53
DNAJB2,4.14,3.99,3.82,3.96,3.63,4.3,5.35,4.51,4.23,4.33,4.48,4.09,3.87,3.85,4.04,4.4,4.24,4.28,3.91,3.8,4.18,4.38,4.15,4.25,4.01,3.93,4.03,3.92,4.22,4.21,3.58,3.31,4.12,3.92,4.17,3.92,3.8,3.9,3.77,4.21,4.24,4.02,4.29,3.26,4.3,3.88,4.11,4,4.48,4.27
DNAJB3,3.51,3.6,3.46,3.81,3.63,3.75,3.81,3.75,3.62,3.55,3.61,3.59,3.62,4.27,3.59,3.43,3.52,3.62,3.55,3.41,3.61,3.65,3.97,3.64,3.56,3.56,3.41,3.59,3.73,4.36,3.73,5,3.71,3.46,3.51,3.46,3.65,3.63,4.21,3.47,3.92,3.62,3.54,4.52,3.7,3.56,3.49,3.59,3.56,3.95
DNAJB3,3.53,3.61,3.6,3.56,3.72,3.75,3.53,3.54,3.53,3.67,3.76,3.85,3.75,3.65,3.42,3.42,3.55,3.7,3.67,3.41,3.68,3.88,3.62,3.55,3.39,3.5,3.69,3.67,3.67,3.74,6.63,4.41,3.53,3.81,3.39,3.58,3.59,3.48,3.56,3.49,3.67,3.9,3.57,3.86,3.79,3.6,3.45,3.68,3.66,3.72
DNAJB4,7.14,7.24,6.86,7.02,6.8,6.54,6.66,6.75,7.03,7.04,7.04,7.28,7.23,6.44,7.63,7.31,7.29,6.53,6.7,7.08,7.21,7.41,7.4,7.57,7.62,7.55,6.88,7.07,6.8,4.78,4.24,5.47,7.69,7.7,7.47,7.35,6.96,7.35,6.47,7.13,7.22,7.1,6.82,6.6,6.77,6.4,6.92,7.17,7.08,6.07
DNAJB4,8.42,8.21,8.35,8.3,7.58,7.51,7.76,8.12,8.27,8.4,7.74,8.6,8.45,7.64,8.74,8.74,8.55,8.15,8.16,8.41,8.8,8.8,8.29,8.9,8.74,8.84,8.07,8.32,7.74,7.57,6.54,7.55,8.97,8.95,8.94,8.66,8.18,8.75,7.8,8.39,8.34,8.22,7.77,7.37,8.23,7.88,8.33,8.38,8.19,7.14
DNAJB4,8.42,8.62,8.21,8.5,8.07,8.3,7.9,8.11,8.55,8.45,8.47,8.82,8.55,7.57,9.01,8.92,8.8,8.2,8.28,8.43,8.79,8.99,9.11,9.05,9.14,8.95,8.45,8.33,8.21,7.49,7.47,6.46,9.17,9.15,9.16,8.97,8.82,8.87,8.02,8.51,8.22,8.73,8.95,8.14,8.2,8.27,8.58,8.55,8.47,7.9
DNAJB5,7.28,6.69,7.15,6.95,6.44,6.79,6.84,7.33,7.11,7.13,6.1,7.35,7.09,6.15,7.67,7.42,7.63,7.07,6.88,7.15,7.85,7.63,7.26,7.82,7.65,8.01,7.03,6.91,6.64,5.63,7.47,6.17,7.67,7.69,7.66,7.57,7.17,7.69,6.06,7.48,7.18,6.08,6.23,6.56,7.2,7.21,7.13,7.32,6.94,5.81
DNAJB5,7.98,7.61,8.11,7.9,7.32,7.51,7.88,8.06,7.84,7.97,7.44,8.04,7.84,5.36,8.46,8.28,8.44,7.53,7.61,7.81,8.53,8.52,8.28,8.67,8.59,8.73,7.97,7.91,7.31,5.15,5.74,5.2,8.32,8.42,8.4,8.51,8.08,8.37,7.58,8.11,7.87,7.48,7.13,6.51,8.09,8.03,8.05,8.27,7.89,5.45
DNAJB5,9.7,9.81,9.87,9.86,9.82,9.74,9.23,9.83,9.77,9.76,9.81,9.9,9.88,8.9,10.13,10.02,10.1,9.52,9.53,9.41,10.38,10.4,10.45,10.36,10.32,10.24,9.83,9.71,9.82,8.55,6.45,8.41,10.07,10.1,10.07,10.26,10.06,10.15,9.8,9.94,9.95,9.5,9.5,8.25,9.89,10.03,9.96,9.98,10.08,8.45
DNAJB6,8.34,7.51,8.11,8.06,7.26,7.44,7.41,7.97,8.08,8.11,6.79,8.18,8.15,4.45,8,8.11,8,8.17,8.18,8.34,8.18,7.89,7.47,8.4,8.14,8.3,8.07,7.9,7.21,6.3,5.8,4.36,8.1,8.03,7.96,7.85,7.76,8.27,7.39,7.68,7.88,7.47,7.1,4.15,8.15,7.49,8.13,8.18,8.02,5.3
DNAJB6,10.46,10.4,10.27,10.46,10.14,10.05,9.65,10.31,10.48,10.5,10.24,10.65,10.58,8.66,10.33,10.33,10.4,10.26,10.27,10.26,10.48,10.43,10.51,10.31,10.5,10.46,10.25,10.45,10.31,10.12,9.31,10.16,9.95,10.08,10.05,10.36,10.07,10.34,9.66,10.26,10.3,10.4,10.34,9.97,10.3,10.16,10.4,10.46,10.71,8.34
DNAJB6,10.47,10.36,10.38,10.45,10.11,10.08,9.77,10.19,10.57,10.5,10.48,10.62,10.62,9.68,10.42,10.28,10.44,10.33,10.35,10.26,10.47,10.43,10.56,10.33,10.25,10.44,10.34,10.38,10.4,10.43,8.34,10.72,10.11,10.23,10.17,10.34,10.13,10.33,9.46,10.26,10.29,10.48,10.46,9.24,10.43,10.29,10.47,10.56,10.74,7.86
DNAJB6,11.08,11.19,11.09,11.02,11.05,11.04,10.92,11,11.09,11.09,11.12,11.06,11.18,10.95,11.34,11.25,11.4,11.11,11.14,11.19,11.3,11.27,11.36,11.34,11.25,11.34,11.04,11.04,11.25,10.95,10.09,10.64,11.09,11.21,11.13,11.22,11.19,11.26,11.07,11.31,11.2,11.31,11.25,11.2,11.33,11.26,11.2,11.23,11.26,10.6
DNAJB6 /// TMEM135,10.04,9.77,9.86,9.91,9.34,9.41,9.32,9.94,10.07,10.1,9.26,10.11,10.25,9.04,9.96,10,10.15,9.95,9.95,10.08,10.2,10.11,9.88,10.13,10.08,10.15,9.9,9.84,9.63,9.03,9.06,9.92,9.86,10.01,9.86,9.87,9.74,10.11,9.31,9.86,9.75,9.61,9.67,9.01,9.93,9.73,9.89,10.08,10.05,9.38
DNAJB7,3.62,3.66,3.28,3.66,3.48,3.27,3.54,3.54,3.44,3.41,3.37,3.57,3.68,4.02,3.33,3.39,3.57,3.49,3.42,3.34,3.58,3.49,3.46,3.33,3.44,3.56,3.47,3.37,3.37,3.9,3.97,3.68,3.39,3.54,3.32,3.23,3.43,3.49,3.66,3.9,3.47,3.32,3.9,3.83,3.44,3.42,3.42,3.59,3.37,4.6
DNAJB7,3.81,3.87,3.8,3.86,3.72,3.75,4.06,3.59,3.88,3.71,3.75,3.98,3.96,4.13,4.06,4.2,3.88,3.98,3.72,3.94,4.17,3.81,3.85,3.82,3.69,4.18,3.97,3.72,4,3.88,5.55,4.92,3.68,3.84,4.02,3.87,3.94,3.9,4.11,3.58,3.75,3.73,3.88,4.03,3.91,3.94,3.74,3.47,3.91,3.84
DNAJB8,3.9,3.8,3.88,3.73,4.07,3.62,4.59,4.04,3.82,3.84,3.88,3.83,4.05,4.88,3.82,4,3.61,3.91,4.16,3.68,3.88,3.81,3.87,3.99,4.03,3.94,3.73,3.89,3.79,3.99,5.16,4.86,3.83,3.74,3.73,3.82,4.09,4.09,4.64,3.92,3.7,3.73,4.12,5.42,3.73,4.06,4.19,3.7,3.74,4.72
DNAJB9,7.29,6.93,7.26,7.16,6.14,6.79,6.66,7.11,7.29,7.13,6.71,7.31,7.18,5.18,7,7.33,7.1,6.74,6.87,7.21,7.3,7.15,6.44,7.03,7.08,7.12,6.99,7.11,6.82,5.83,5,5.33,7.16,7.44,7.1,6.97,7.21,7.14,6.06,6.75,6.99,6.58,6.41,7.59,6.95,6.8,7.14,7.23,7.06,5.24
DNAJB9,9.36,9.57,9.31,9.29,9.42,9.26,8.04,9.33,9.57,9.39,9.42,9.61,9.3,8.49,9.47,9.42,9.5,9.19,9.28,9.21,9.26,9.26,9.48,9.49,9.58,9.38,9.32,9.53,9.46,8.99,6.83,8.31,9.3,9.45,9.4,9.42,9.11,9.3,8.88,9.44,9.3,9.28,9.09,8.59,9.22,9.16,9.31,9.41,9.3,8.76
DNAJB9,3.37,3.47,3.35,3.22,3.13,3.41,3.76,3.15,3.48,3.37,3.17,3.3,3.43,3.26,3.3,3.31,3.55,3.24,3.3,3.25,3.48,3.18,3.2,3.2,3.24,3.31,3.58,3.27,3.36,3.62,3.34,3.33,3.22,3.36,3.31,3.37,3.12,3.2,3.53,3.4,3.22,3.18,3.22,3.77,3.11,3.35,3.5,3.4,3.35,3.24
DNAJC1,9.89,9.9,9.79,9.61,9.34,9.73,9.79,9.53,9.89,9.86,10.1,9.5,9.66,8.12,9.99,10.02,10.06,9.77,9.83,10.01,9.74,9.58,9.91,9.81,9.9,9.82,9.76,9.81,10.12,9.21,7.44,7.8,10.12,10.05,10.08,10.08,9.89,9.72,9.41,9.83,9.81,9.95,9.93,7.58,9.86,9.93,9.87,9.54,9.8,7.77
DNAJC1,9.49,9.65,9.54,9.53,9.6,9.6,9.58,9.52,9.47,9.6,9.77,9.4,9.41,8.72,9.64,9.66,9.69,9.74,9.68,9.55,9.43,9.44,9.48,9.7,9.62,9.58,9.54,9.55,9.65,9.27,8.45,7.92,10.06,9.95,9.93,9.87,9.71,9.76,9.22,9.67,9.66,9.57,9.6,9.21,9.52,9.46,9.52,9.38,9.4,8.86
DNAJC10,8.51,8.39,8.39,8.59,8.17,8.19,8.29,8.26,8.56,8.43,8.21,8.42,8.48,6.67,8.06,8.02,8.03,8.39,8.2,8.27,8.36,8.2,8.23,8.08,8.15,8.31,8.44,8.33,8.15,6.78,7.9,7.74,8.22,8.07,7.99,7.95,8.25,8.07,8.35,8.35,8.44,8.07,7.92,7.03,8.35,8.54,8.78,8.42,8.63,6.74
DNAJC10,9.18,9.3,9.11,9.17,8.88,8.91,9,8.98,9.36,9.32,9.38,9.28,9.48,8.42,8.8,8.86,8.9,8.95,8.92,9.06,9.15,9.26,9.14,8.74,8.95,8.79,9.16,9.36,9.02,8.5,7.84,9.15,8.52,8.76,8.72,8.86,8.65,8.81,8.58,9.32,9.16,9.13,8.99,8.41,9.15,9.2,9.24,9.25,9.2,8.88
DNAJC10,7.46,7.54,7.38,7.74,7.3,7.35,6.95,7.24,7.98,7.62,7.72,7.5,7.77,7.8,7.23,7.13,7.17,7.25,7.26,7.28,7.42,7.41,7.87,7.22,7.04,7.22,7.48,7.58,7.6,7.22,5.55,5.45,6.86,7.02,6.77,7.27,6.84,7.15,6.81,7.49,7.76,7.39,7.24,7.11,7.65,7.54,7.73,7.5,7.7,6.78
DNAJC10,9.99,9.99,9.89,10.04,10.12,10.01,9.79,10.3,9.94,10.1,9.93,10.01,9.93,9.24,9.75,9.75,9.75,9.82,9.75,9.87,9.99,9.86,9.86,9.75,9.67,9.72,10,10.16,9.9,9.66,9.15,8.95,9.5,9.52,9.56,9.59,9.7,9.7,9.69,10.13,10.09,9.89,9.88,8.93,10.14,10.37,10.25,10.01,10.04,9.47
DNAJC10,6.61,6.41,6.63,6.61,6.03,6.76,6.06,6.6,6.71,6.63,6.63,6.74,6.44,4.32,6.34,6.23,6.04,6.56,6.81,6.74,6.11,6.13,6.55,6.44,5.94,6.4,6.45,6.41,6.46,6.72,4.73,5.59,6.18,6.32,6.29,6.47,5.95,6.52,6.4,6.65,5.98,6.23,6.69,5.65,7.35,6.71,6.96,6.55,6.51,6.66
DNAJC10,3.83,3.45,3.82,3.98,3.43,3.42,3.94,3.7,3.82,3.83,3.85,3.64,3.66,4.17,3.75,3.85,3.65,3.74,3.84,3.4,3.59,3.93,3.66,3.58,3.54,3.97,3.49,3.48,3.49,3.83,3.52,4.27,3.88,3.78,3.61,3.54,3.78,3.53,3.47,3.57,3.77,4.04,3.61,3.76,3.43,3.68,4.07,3.82,3.62,3.88
DNAJC11,7.59,7.12,7.81,7.6,8.15,8.12,8,7.89,7.63,7.44,7.68,7.49,7.47,6.77,7.14,7.5,7.58,7.59,7.87,7.84,7.32,7.42,7.57,7.51,7.45,7.38,7.81,7.85,7.56,6.55,8.5,6.72,7.28,7.39,7.41,7.47,7.6,7.6,6.93,7.88,7.89,7.53,7.62,7.15,7.64,7.16,7.77,7.73,7.83,8.55
DNAJC11,7.26,6.88,7.51,7.16,7.28,7.19,7.16,7.56,7.13,7.54,7.02,6.85,6.77,6.17,7.02,6.74,7.03,7.23,7.24,7.38,7.03,7.07,6.62,6.92,6.81,6.94,7.41,7.11,6.99,5.88,5.99,4.92,7.04,7.22,6.84,7.16,7.11,7.32,6.36,7.65,7.51,6.64,6.88,4.55,7.15,7.2,7.47,7.33,7.54,6.31
DNAJC11,9.43,9.49,9.62,9.57,9.79,9.74,9.15,9.64,9.43,9.58,9.73,9.4,9.23,8.27,9.4,9.43,9.44,9.69,9.72,9.69,9.3,9.47,9.51,9.51,9.48,9.38,9.61,9.5,9.53,9.26,9.38,9.71,9.18,9.27,9.3,9.51,9.65,9.55,8.97,9.77,9.76,9.6,9.59,8.38,9.6,9.68,9.64,9.59,9.8,8.58
DNAJC12,6.14,6.1,6.31,6.35,6.16,6.3,6.58,6.38,6.69,6.31,6.76,6.42,6.24,7.71,6.58,6.46,6.54,6.01,6.26,6.25,6.04,6.43,6.43,6.66,6.85,6.31,6.57,6.44,6.46,6.5,6.45,7.25,6.32,6.22,5.83,6.73,6.46,6.26,5.12,6.6,6.45,6.11,5.46,6.71,7.57,7.59,7.52,6.41,6.46,7.53
DNAJC12,5.12,5.43,5.35,5.41,5.98,5.34,5.37,5.76,5.35,5.44,5.07,5.35,5.69,5.92,5.52,5.27,5.48,5.43,5.55,5.55,5.29,5.74,5.38,5.69,5.79,5.55,5.32,5.86,5.17,4.91,5.4,5.86,5.23,5.31,5.16,5.59,5.95,5.77,5.09,6.04,5.44,5.17,5.32,5.73,6,5.61,5.87,5.55,5.45,7.83
DNAJC13,7.05,6.95,6.88,7.23,6.9,6.77,6.43,7.13,7.17,7.19,7.17,6.91,7.29,6.28,6.89,6.8,6.83,7.02,6.89,7.03,7.18,6.91,7.2,6.68,6.54,7.04,6.94,6.96,6.9,6.17,6.15,5.19,6.47,6.75,6.47,6.7,6.86,6.49,6.48,6.75,7.32,6.93,7.08,5.34,6.84,6.39,6.85,7.13,7.4,5.88
DNAJC14,9.59,9.61,9.57,9.63,9.88,9.53,9.34,9.44,9.67,9.53,9.82,9.65,9.48,9.41,9.44,9.3,9.44,9.39,9.41,9.27,9.54,9.63,9.7,9.5,9.55,9.38,9.56,9.66,9.65,9.3,8.45,9.56,9.13,9.14,9.19,9.47,9.26,9.32,9.38,9.78,9.86,9.9,9.87,9.66,9.88,9.97,9.94,9.79,9.92,8.88
DNAJC14,7.9,7.32,7.75,7.75,7.45,7.42,7.54,7.59,7.86,7.68,6.99,7.51,7.51,6.01,7.6,7.43,7.6,7.6,7.54,7.66,7.7,7.67,7.29,7.61,7.73,7.52,7.71,8,7.08,6.18,6.68,7.09,7.27,7.44,7.4,7.5,7.53,7.54,6.83,7.74,7.66,7.63,7.3,7.26,7.79,7.71,7.88,7.91,7.62,6.29
DNAJC15,7.76,7.6,7.73,7.74,7.63,7.52,8.06,7.76,7.76,7.72,7.66,8.16,7.89,7.97,7.88,7.48,7.66,8.12,8.14,8.13,7.66,7.87,7.59,7.6,7.62,7.57,7.69,7.71,7.4,7.52,8.38,7.66,7.22,7.44,7.43,7.76,7.72,7.88,7.72,7.44,7.48,7.75,7.79,7.05,7.98,7.92,7.92,7.77,7.65,6.8
DNAJC15,10.77,11.03,10.8,10.84,10.66,10.82,10.71,10.88,11,10.85,10.94,10.85,11.08,9.47,10.64,10.54,10.61,10.76,10.81,10.78,10.82,10.7,10.9,10.6,10.63,10.74,10.97,10.72,11.04,10.76,7.99,9.45,10.52,10.5,10.47,10.78,10.84,10.72,10.73,10.97,10.92,10.8,10.83,9.43,10.87,10.79,10.86,10.84,10.96,9.27
DNAJC16,7.68,7.98,7.63,7.75,7.7,7.69,7.32,7.62,7.61,7.67,7.88,7.74,7.91,7.47,7.69,7.58,7.65,7.57,7.66,7.57,7.87,7.79,7.98,7.57,7.76,7.72,7.59,7.68,7.87,7.56,5.1,7.19,7.63,7.71,7.77,7.58,7.61,7.54,8.27,7.67,7.82,7.81,8.08,6.96,7.74,7.75,7.64,7.78,7.94,7.12
DNAJC16,6.13,5.54,5.76,5.77,4.98,5.49,4.55,5.29,5.9,5.85,5.82,5.5,5.46,5.77,5.71,5.94,6,6.17,5.81,5.75,5.78,6.1,5.89,6.04,6.09,5.58,5.9,6.12,5.37,4.72,6.32,5.62,5.88,5.88,6.06,5.58,5.63,5.73,5.28,5.57,5.54,5.66,5.22,5.07,5.32,5.23,5.98,5.78,5.42,5.08
DNAJC16,5.89,5.93,5.69,5.92,5.6,5.08,5.24,5.4,5.87,5.9,5.58,5.66,5.98,5.29,5.78,5.99,5.65,5.65,5.42,5.98,6.09,5.74,5.94,5.92,5.78,5.83,5.67,6,5.38,5.23,5.98,5.42,5.62,5.86,5.96,5.55,5.72,5.61,6.25,5.42,5.34,5.43,5.31,4.94,5.52,5.55,6.22,5.65,5.5,5.16
DNAJC16,8.84,8.68,8.67,8.59,8.62,8.89,8.58,8.86,8.79,8.73,9.02,8.55,8.67,8.3,8.79,8.92,8.99,8.7,8.71,8.74,9,9.05,8.98,8.91,8.89,8.82,8.66,8.87,8.88,8.65,6.99,6.65,8.75,8.59,8.87,8.78,8.69,8.5,8.82,8.74,8.67,9,8.77,8.19,8.87,8.96,8.88,8.7,8.55,8.66
DNAJC17,7.2,7.08,7.27,7.38,7.24,7.07,7.84,7.36,7.16,7.22,6.82,7.29,6.85,5.52,7.22,7.2,7.23,7.69,7.62,7.67,6.93,7.16,6.85,7.23,7.2,7.28,7.42,7.34,6.83,6.01,5.03,4.68,7.03,7.18,7.17,7.37,7.39,7.23,6.17,7.43,7.43,7.22,7.22,5.5,7.07,6.35,7.23,7.2,7.04,6.56
DNAJC17,6.02,5.61,6.01,5.82,5.91,6.4,6.04,5.59,6.1,5.95,6,5.72,6,4.84,5.88,6.07,6.25,6.42,6.19,6.39,5.89,5.68,5.52,6.04,6.22,5.91,6.13,6.11,6.1,5.64,5.36,5.11,6.35,5.87,6.06,6.15,5.92,6.34,5.9,6.28,5.76,5.93,5.68,5.12,5.61,5.87,5.8,5.94,5.93,5
DNAJC18,9.49,9.32,9.55,9.51,9.14,9.28,9.4,9.48,9.49,9.56,9.26,9.57,9.65,7.15,9.87,9.73,9.79,9.45,9.31,9.26,9.79,9.76,9.59,9.83,9.96,10.02,9.6,9.54,9.31,8.99,7.68,7.23,9.7,9.75,9.61,9.68,9.63,9.94,9.15,9.45,9.49,9.7,9.87,6.56,9.82,9.55,9.66,9.58,9.51,8.04
DNAJC18,6.7,6.45,6.63,6.84,6.68,6.5,6.26,6.81,6.49,6.64,6.49,6.42,6.47,5.31,6.89,6.71,6.81,6.89,6.81,6.95,6.53,6.75,6.74,6.92,6.95,6.86,6.46,6.41,6.55,5.88,4.9,5.31,6.28,6.2,6.26,6.81,6.58,6.81,6.27,6.77,6.5,6.93,6.9,6.14,7.19,7.35,7.26,6.68,6.67,5.92
DNAJC18,3.61,3.81,3.57,3.69,3.82,3.64,3.71,3.59,3.47,3.45,3.7,3.72,3.65,3.61,3.46,3.42,3.46,3.49,3.48,3.38,3.78,3.8,3.51,3.45,3.87,3.72,3.54,3.4,3.47,3.5,4.75,3.68,3.82,3.71,3.44,3.4,3.56,3.35,3.9,3.4,3.47,3.45,3.48,3.86,4.07,3.47,3.84,3.74,3.44,4.5
DNAJC19,7.7,7.8,7.95,7.87,8.17,7.83,7.16,7.81,8.1,8,7.93,8.13,8.05,6.13,8.14,8.08,8.13,7.94,8.33,8.31,8,7.89,8.09,7.98,7.92,8.06,7.89,7.96,7.99,7.05,5.51,5.72,7.48,7.73,7.65,8.06,8.08,8.13,7.3,7.98,8,8.06,8.14,5.99,8.37,8.16,8.34,8.16,8.23,5.76
DNAJC19,9.32,9.42,9.32,9.43,9.31,9.11,8.87,9.39,9.4,9.37,9.27,9.52,9.42,8.67,9.23,9.27,9.31,9.34,9.5,9.49,9.25,9.12,9.23,9.02,9.11,9.16,9.46,9.43,9.58,8.79,5.7,7.91,9.06,9.16,8.93,9.24,9.39,9.32,9.05,9.57,9.35,9.2,9.04,7.06,9.57,9.3,9.51,9.51,9.36,7.85
DNAJC2,9.99,10,10.11,10.04,10.02,10.04,10.31,10.26,10.03,9.99,9.9,9.88,9.89,8.15,9.7,9.85,9.84,10.05,9.94,10.07,9.92,9.69,9.57,9.67,9.7,9.92,10.07,9.94,10.15,9.86,8.27,8.13,10.16,10.22,10.09,9.78,10.02,9.78,10.19,10,10.02,9.85,10.11,8.84,10.11,9.97,9.83,10.02,10.18,8.54
DNAJC21,8.83,8.83,8.76,8.77,8.63,8.6,8.92,8.77,8.88,8.84,8.67,8.8,8.8,6.67,8.93,8.96,9.02,8.63,8.64,8.82,8.8,8.79,8.7,8.94,8.86,9.08,8.68,8.75,8.8,8.5,5.54,5.88,9.2,9.1,8.99,9,9.04,8.99,8.56,8.81,8.72,8.46,8.53,7.02,8.64,8.48,8.54,8.73,8.81,6.67
DNAJC21,5.19,5.31,5.32,5.29,5.36,5.23,4.96,4.69,5.4,5.14,5.46,4.96,5.21,5.06,5.24,5.33,5.35,5.12,5.32,5.22,4.91,5.12,5.48,5.08,5.21,5.5,5.19,5.06,5.47,5.15,6.2,5.67,5.08,5.11,4.79,5.3,5.22,5.3,5.47,4.84,5.06,5.08,5.03,4.95,5.31,5.26,5.11,5.27,5.45,4.74
DNAJC21,6.03,6.54,5.93,5.91,5.81,5.79,4.9,5.79,6.27,5.97,6.34,6.16,6.05,5.74,6.39,6.17,6.37,5.84,5.86,5.89,6,6.03,6.54,6.26,5.92,5.97,6.08,5.99,6.2,5.14,5.39,5.92,6.06,6.03,5.87,6.32,6.15,6.21,5.65,5.86,5.92,5.6,5.54,5.62,5.42,5.55,5.67,6.28,6.08,6.08
DNAJC21,9.51,9.86,9.49,9.45,9.29,9.53,9.42,9.34,9.63,9.55,9.7,9.58,9.67,8.96,9.84,9.74,9.79,9.48,9.45,9.64,9.63,9.53,9.73,9.62,9.7,9.61,9.48,9.54,9.5,9.37,8.78,9.14,9.69,9.76,9.71,9.82,9.73,9.66,9.25,9.57,9.54,9.41,9.39,9.01,9.29,9.25,9.36,9.5,9.69,9.11
DNAJC22,3.66,3.85,3.69,3.58,3.54,3.48,4.18,3.69,3.7,3.79,3.87,3.62,3.68,4.43,3.51,3.68,3.83,3.85,3.89,3.81,4.1,3.95,3.68,3.7,3.98,3.95,3.62,3.74,4,4.81,4.93,4.92,3.61,3.65,3.71,3.48,3.86,3.87,3.95,3.59,3.69,3.8,4.05,3.91,4.13,3.46,3.53,3.87,3.84,4.25
DNAJC24,5.2,4.7,5.13,5.37,5.08,5.07,3.41,4.68,5.47,5.31,4.82,4.9,4.78,4.76,5.15,5.13,5.08,4.76,4.86,5.05,5.22,4.75,5.03,5.39,5.23,5.68,4.96,4.96,4.97,4.23,4.25,4.48,5.38,4.89,4.92,5.27,4.95,5,5.25,5.3,5.15,4.54,4.23,5.41,5.1,5.18,4.63,5.33,5.17,4.44
DNAJC24,7.59,8,7.63,7.52,7.6,7.38,7.43,7.67,7.93,7.61,7.92,7.69,7.99,8.41,7.55,7.38,7.6,7.57,7.72,7.59,7.67,7.53,7.85,7.15,7.24,7.62,7.71,7.55,7.61,7.5,7.61,6.77,7.33,7.42,7.21,7.46,7.55,7.37,6.42,7.72,7.54,7.45,7.82,7.64,7.37,7.41,7.54,7.74,7.74,8.52
DNAJC24,6.67,6.78,6.76,6.69,6.69,6.91,6.11,6.72,6.81,6.73,6.91,6.31,6.56,7.45,6.7,6.8,6.92,6.78,6.46,6.7,6.62,6.62,7.12,6.75,6.4,6.59,6.83,6.65,6.7,6.45,5.99,6.56,6.43,6.58,6.21,6.8,6.55,6.19,6.06,6.51,6.72,6.54,6.77,6.13,6.6,6.53,6.95,6.62,6.46,7.02
DNAJC25,6.3,6.45,6.4,6.29,6.05,6.37,5.49,6.26,6.62,6.34,6.59,6.1,6.4,6.87,6.07,6.29,6.65,6.47,6.15,6.35,6.26,5.9,6.19,6.16,6.44,6.28,6.45,6.3,6.26,5.7,7.59,5.8,6.58,6.64,6.38,5.9,6.31,6.31,5.74,5.97,6.52,6.25,6.03,6.34,6.49,6.1,6.34,6.3,6.62,5.53
DNAJC25,7.68,7.87,7.63,7.78,7.73,7.6,7.55,7.79,7.77,7.82,8.13,7.63,7.55,6.82,7.7,7.62,7.77,7.47,7.77,7.73,7.54,7.52,7.59,7.67,7.72,7.53,7.75,7.59,7.71,6.98,6.54,7.99,7.83,7.82,7.97,7.38,7.47,7.55,7.39,7.79,7.79,7.56,7.32,7.13,7.69,7.73,8,7.91,7.92,7.64
DNAJC25-GNG10 /// GNG10,11.03,11.26,11.15,11.17,11.16,11.25,11.04,11.01,11.27,11.15,11.41,11.24,11.11,11.6,11.17,11.09,11.1,11.13,11.11,11.09,11.09,11.09,11.3,11.1,11.19,11.07,11.18,11.2,11.18,11.04,11.07,11.53,10.7,10.76,10.91,11.26,11.03,11.02,10.94,11.11,11.13,11.3,11.27,11.65,11.28,11.23,11.31,11.22,11.32,11.24
DNAJC27,3.98,4.08,4.13,4.27,4.36,4.01,4.77,3.87,4.05,3.84,4.03,4.24,3.99,4.29,4.55,4.66,4.16,4.38,4.15,4.22,4.22,4.3,4.24,4.37,4.73,4.22,4.15,4.33,4.11,4.75,4.21,5.22,4.88,4.28,4.64,4.42,4.09,3.99,3.51,4.05,4.26,4.27,4.23,4.26,4.42,4.16,4.43,4.15,4.32,5.29
DNAJC27,7.56,7.57,7.58,7.56,7.23,7.74,6.99,7.84,7.41,7.69,7.82,7.66,7.45,6.33,7.65,7.62,7.74,7.31,7.42,7.59,7.79,7.71,7.92,7.9,8.04,7.87,7.6,7.61,7.65,6.33,6.23,6.02,7.92,7.95,7.94,7.72,7.39,7.72,7.67,7.96,8.16,8.16,8.04,5.87,7.63,7.62,7.9,7.75,7.82,6.38
DNAJC27,6.63,6.61,6.54,6.61,6.5,6.53,5.83,6.46,6.69,6.73,6.81,6.66,6.51,5.85,6.69,6.81,6.82,6.09,6.25,6.16,6.84,6.93,7.02,6.65,6.8,6.76,6.29,6.68,6.74,6.91,5.98,5.05,7.01,6.7,6.83,6.91,6.03,6.73,6.14,6.28,6.72,6.91,6.87,5,6.41,6.27,6.7,6.31,6.73,5.98
DNAJC27,4.89,5.14,4.8,5,4.7,4.57,5.86,4.95,4.9,4.93,4.52,4.82,4.67,4.35,5.08,5.37,5.02,4.78,4.44,4.79,5.03,5.09,4.49,4.99,4.93,5.2,4.89,4.93,4.86,6.64,6.22,5.43,5.77,5.51,5.41,4.82,5.29,4.99,4.82,4.91,5.16,4.82,4.71,4.53,5.16,5.19,5.27,4.77,4.69,4.69
DNAJC28,3.86,4.18,3.92,4.22,4.07,3.7,5.58,4.57,3.82,4.26,3.93,3.99,4.07,3.87,4.34,3.75,4.18,3.96,3.85,4.15,4.56,3.88,4.14,3.94,4.15,4.27,4.22,3.64,3.83,4.7,4.1,4.89,4.13,4.08,4.14,3.84,4.42,3.93,4.15,4.03,4.04,4.17,3.78,3.63,4.12,4.2,3.65,4.46,4.16,3.71
DNAJC28,4.68,4.86,4.69,4.06,4.82,4.15,3.84,4.54,4.71,4.44,4.28,4.7,4.59,3.5,4.58,4.15,4.4,4.34,4.44,4.41,4.74,4.86,4.75,4.47,4.29,4.94,4.43,4.29,4.4,4.28,4.11,4.45,4.22,4.83,4.42,4.43,4.31,3.99,4.05,4.33,3.99,4.1,4.36,4.06,4.29,4.62,4.24,4.25,4.76,4.06
DNAJC3,5.02,4.7,5.17,4.82,5.03,4.69,5.81,4.61,4.92,4.72,4.88,4.75,4.86,3.65,4.44,4.36,4.5,4.87,5.09,5.08,4.89,4.34,4.43,4.52,4.4,4.81,5.14,4.79,5.27,4.88,5.51,4.24,4.79,4.28,4.67,4.65,4.85,4.16,4.71,5.05,5.26,4.18,4.54,4.11,5.03,4.63,4.63,4.59,4.9,3.75
DNAJC3,6.73,6.17,6.1,6.04,5.15,5.84,5.39,5.52,6.29,6.24,6.21,5.96,6.22,5.5,6.14,5.79,6.21,6.33,6.15,6.11,5.97,5.68,6.05,5.96,5.7,6.06,5.83,6.6,6.35,5.45,4.9,5.37,5.74,5.74,5.6,5.76,5.38,5.14,5.17,6.17,5.44,5.46,5.22,4.78,5.6,5.75,5.96,6.06,6.09,4.02
DNAJC3,8.32,8.46,8.25,8.41,8.25,8.26,7.39,7.87,8.56,8.37,8.44,8.42,8.43,7.93,8.06,7.86,8.23,8.45,8.41,8.38,8.31,8.11,8.29,8.03,7.88,8.08,8.43,8.32,8.45,8.12,6.18,6.53,7.92,7.77,7.81,7.94,7.9,7.98,7.9,8.19,8.28,7.67,7.96,7.54,8.16,7.94,8.01,8.48,8.5,8.05
DNAJC30,9.23,9.12,9.35,9.3,9.71,9.37,9.64,9.68,9.27,9.31,9.32,9.38,9.26,8.21,9.5,9.5,9.53,9.48,9.39,9.43,9.71,9.68,9.57,9.7,9.68,9.72,9.46,9.38,9.52,9.38,8.98,9.04,9.39,9.51,9.61,9.68,9.63,9.79,9.04,9.49,9.42,9.58,9.72,8.35,9.56,9.67,9.57,9.41,9.37,8.24
DNAJC30,7.01,6.38,6.94,7,7,6.78,6.25,7.52,7.1,7.2,6.92,6.84,6.63,5.71,7.29,7.39,7.03,7.09,7.06,7.24,7.07,7.26,6.43,7.08,7.34,7.06,6.98,7.34,6.8,5.86,4.96,7.56,6.3,6.81,6.88,7.22,6.65,6.76,6.14,7.22,7.37,7.34,7.52,5.41,6.9,7.16,7.53,7.01,6.7,6.31
DNAJC30,6.86,6.58,6.68,6.8,6.61,6.75,6.69,6.58,6.75,7.07,7,6.43,6.44,7.1,6.67,6.78,6.69,7,6.7,6.71,6.43,6.78,6.69,6.87,6.61,6.57,6.9,7.05,6.86,6.64,5.42,6.44,6.57,6.44,6.48,6.75,6.79,6.62,7.19,6.67,7.01,7.23,6.91,6.94,6.3,7.39,7.03,6.38,6.81,6.51
DNAJC4,9.3,9.58,9.19,9.24,8.84,9.28,9.01,9.01,9.32,9.44,9.46,9.36,9.49,7.13,9.07,9.05,9.32,9.2,9.13,8.96,9.72,9.42,9.81,9.24,9.25,9.34,9.3,9.18,9.26,8.87,5.2,7.7,8.97,9.07,8.95,9.04,9.12,9.27,8.56,9.17,9.31,9.58,9.51,6.43,8.81,8.86,8.83,9.26,9.45,7.15
DNAJC4,7.36,7.27,7.44,7.4,7.61,7.48,7.36,7.47,7.24,7.45,7.48,7.25,7.3,6.76,7.46,7.47,7.5,7.42,7.51,7.44,7.67,7.55,7.54,7.74,7.59,7.69,7.6,7.25,7.36,7.53,6.81,7.35,7.22,7.13,7.23,7.58,7.52,7.72,7.98,7.52,7.7,7.94,7.86,5.5,7.22,7.63,7.05,7.59,7.71,7.12
DNAJC4,8.94,9.21,9.12,8.94,9.08,9.3,9.17,9.17,8.89,9.04,9.12,9.1,9.13,8.01,8.86,8.85,9.05,8.98,9,8.99,9.46,9.14,9.45,9.26,9.25,9.22,9.11,8.89,9.17,8.88,7.4,8.63,8.9,8.94,8.79,9.04,9.14,9.22,8.75,9.15,9.24,9.58,9.56,8.49,8.96,8.85,8.9,9.18,9.25,7.97
DNAJC4,6.97,6.72,6.98,6.89,6.87,7.02,7.02,7.14,7.03,6.86,6.85,6.98,6.91,6.54,6.98,6.98,6.99,7.02,6.96,6.97,7.14,7.06,6.95,7.09,7.04,7.22,6.99,7.15,6.8,6.49,6.69,7.23,6.55,6.87,6.7,7.02,7.05,7.06,6.27,6.98,6.99,7.21,7.21,5.58,6.98,6.92,6.67,7.03,7.08,5.51
DNAJC4,8.03,8.28,8.41,8.35,8.51,8.43,8.35,8.52,8.18,8.32,8.47,8.32,8.45,8.16,8.15,8.38,8.3,8.31,8.25,8.38,8.79,8.38,8.64,8.36,8.38,8.64,8.26,8.36,8.42,7.85,8.29,8.98,8.16,8.05,8.04,8.36,8.42,8.42,8.46,8.44,8.29,8.72,8.73,8.41,8.18,8.05,8.28,8.35,8.24,7.32
DNAJC4,3.81,3.89,3.9,3.67,4.37,4.54,4.3,4.17,3.65,3.64,3.51,3.76,3.64,4.23,3.7,3.77,4.06,3.84,3.92,4.23,4.04,3.8,3.78,4.15,3.65,4.38,4.13,3.73,4.07,4.09,5.15,5.5,3.78,3.7,3.75,3.86,3.69,3.85,4.63,4.8,4.68,3.84,4.5,4.82,4.45,4.81,3.95,4.04,3.92,4.45
DNAJC4,4.81,4.48,4.69,4.28,4.63,4.6,4.65,5.26,4.24,4.66,4.77,4.66,4.37,4.77,4.6,4.56,4.89,4.37,4.65,5.06,4.45,4.45,4.46,5.12,5.17,4.72,4.6,4.76,4.42,5.01,4.89,5.1,4.59,4.86,4.58,4.47,4.38,5.12,4.79,5.1,4.48,4.78,4.53,5.38,4.44,4.7,5.2,4.73,4.58,6.35
DNAJC5,5.9,5.65,5.78,5.81,5.93,5.9,5.68,5.76,5.94,6.12,5.58,5.9,5.65,5.86,5.8,5.86,5.65,5.86,5.8,5.8,5.7,5.87,5.7,5.96,5.81,5.82,5.69,5.96,5.64,5.49,5.97,6.61,5.84,6.07,6.12,5.88,5.78,5.61,6.19,5.45,6.1,5.57,5.84,6.08,5.67,5.89,5.78,5.81,5.58,5.64
DNAJC5,6.7,6.61,6.97,6.78,6.92,7.27,6.53,6.96,6.62,6.87,6.96,6.84,6.55,5.57,7.37,7.17,7.16,6.33,6.61,6.45,6.95,6.9,6.83,7.45,7.36,7.05,6.95,6.8,6.97,6.97,5.28,4.93,7.08,7.25,6.88,7.36,6.9,7.36,7.09,7.33,7.2,6.98,7.12,5.4,6.39,7.12,6.84,7.08,7.19,4.83
DNAJC5,8.26,8.19,8.41,8.3,8.71,8.54,8.97,8.68,8.1,8.2,8.48,8.14,8.21,6.78,8.66,8.8,8.57,8.23,8.06,7.95,8.38,8.44,8.48,8.6,8.78,8.56,8.35,8.38,8.56,7.89,7.53,8.72,8.51,8.46,8.39,8.71,8.62,8.47,8.45,8.56,8.5,8.73,8.64,6.66,8.17,8.76,8.36,8.32,8.51,6.5
DNAJC5,8.35,8.18,8.46,8.39,8.32,8.41,8.21,8.37,8.19,8.31,8.38,8.4,8.35,8.11,8.7,8.69,8.68,8.05,7.94,8.01,8.52,8.63,8.55,8.69,8.81,8.8,8.45,8.48,8.53,7.4,6.52,8.37,8.48,8.73,8.58,8.73,8.86,8.73,8.12,8.65,8.52,8.61,8.46,7.89,8.24,8.37,8.7,8.34,8.41,7.56
DNAJC5B,3.76,3.78,3.75,3.94,3.95,3.75,4.34,3.95,3.78,3.84,3.87,3.75,3.71,4.9,4.08,4.1,3.78,3.72,3.96,3.78,3.82,3.8,3.71,3.87,3.89,3.94,4.06,4.09,3.93,5.34,6.27,4.17,3.98,3.8,3.82,4.1,3.79,3.89,4.34,4.18,3.9,3.81,3.86,4.98,3.82,4.66,4.12,3.92,4.07,4.88
DNAJC5G,4.76,4.99,4.99,4.84,4.99,4.74,5.17,5.3,4.9,4.78,4.95,4.96,4.81,6.2,4.8,4.58,4.68,5.1,4.78,4.8,4.81,4.84,4.9,5.04,5.21,4.57,4.71,4.69,5.37,5.11,5.08,4.68,5.02,4.93,4.96,5.03,4.86,5.03,4.38,4.63,4.87,4.62,4.58,5.83,4.52,4.49,5.39,5.15,4.59,6.84
DNAJC5G,4.26,4.34,4.27,4.13,4.13,4.2,4.98,4.3,4.21,4.31,4.5,4.25,4.14,4.89,4.38,4.65,4.36,4.5,4.27,4.31,4.58,4.41,4.12,4.2,4.23,3.87,4.19,4.39,4.6,4.75,5.78,5.57,4.53,4.3,4.48,4.11,4.16,4.11,3.98,4.25,4.5,4.23,4.31,5.81,4.16,4.3,4.24,4.29,4.18,4.4
DNAJC6,7.81,8.19,7.81,7.82,7.48,7.79,6.43,7.75,8.12,7.84,8.2,7.99,8.06,8.51,7.99,7.96,7.83,7.58,7.61,7.6,7.65,7.96,8.07,7.87,7.94,7.51,7.74,8.03,8.14,7.16,4.22,8.61,8.17,8.15,8.28,8,7.86,7.81,6.51,7.51,7.66,7.73,8,8.56,7.94,7.57,7.64,7.77,8.02,8.56
DNAJC6,4.85,4.64,4.64,4.97,4.02,4.36,4.76,4.75,4.96,4.77,3.94,4.7,4.75,4.54,4.71,4.6,4.83,4.65,4.55,4.99,4.56,4.47,4.29,4.7,4.52,5.1,4.55,4.85,3.88,4.31,6.4,4.58,5.23,5.23,5.1,4.41,4.39,4.51,4.11,4.78,4.42,4.23,4.1,4.12,4.53,4.48,4.28,4.89,4.55,4.33
DNAJC6,5.22,4.64,4.84,4.83,5.18,4.6,5.22,5.04,4.63,4.71,4.63,4.9,4.61,5.04,4.87,5.04,4.66,4.51,4.7,4.73,4.67,4.73,4.73,4.78,4.96,4.9,4.64,4.55,4.71,5.02,6.34,6.36,5.05,4.89,4.68,5.03,4.63,4.7,4.62,4.74,4.52,4.51,4.58,6.67,4.65,4.76,4.68,4.69,4.64,4.86
DNAJC7,10.23,9.96,10.08,10.15,9.93,9.84,9.68,10.14,10.18,10.16,9.74,10.06,10.18,7.63,9.99,10.05,10.09,10.14,10.15,10.22,10.13,10.09,9.75,10.03,10.04,9.95,10.1,10,9.86,9.73,6.92,7.38,9.84,9.95,9.71,9.91,10.04,10.04,9.87,10.04,10,10.03,10.04,5.2,10.09,9.9,9.89,10.09,10.19,6.69
DNAJC8,10.45,10.37,10.55,10.55,10.48,10.38,10.46,10.35,10.49,10.47,10.51,10.47,10.56,9.2,10.43,10.45,10.47,10.66,10.67,10.58,10.61,10.48,10.41,10.28,10.38,10.43,10.44,10.54,10.53,10.41,7.73,10.08,10.4,10.25,10.41,10.5,10.49,10.43,10.48,10.55,10.48,10.36,10.36,8.88,10.34,10.24,10.24,10.59,10.53,9.56
DNAJC9,12.13,12.04,12.15,12.15,12.1,12.09,11.98,12.16,12.13,12.17,12.18,12.04,12.02,11.05,12.11,12.02,12.03,12.15,12.16,11.98,11.55,11.6,11.58,11.67,11.65,11.73,12.11,12.17,12.07,11.94,10.47,11.22,12.23,12.28,12.3,12.1,12.11,12.02,11.86,11.9,11.96,11.84,11.78,11.1,12.01,11.93,12,11.93,11.93,10.82
DNAJC9,5.9,5.39,5.76,5.88,4.8,5.41,5.68,5.77,5.98,5.78,4.83,5.58,5.58,4.68,5.78,5.95,5.74,5.92,6.1,5.87,5.42,5.94,4.53,5.71,5.49,5.36,5.78,5.6,5.44,5.26,4.49,5.18,5.6,6.05,5.75,5.71,5.44,5.54,5.25,5.58,5.3,5.62,5.12,4.49,5.62,5.27,5.71,5.63,5.21,5.14
DNAJC9,6.17,5.33,6.55,6.14,5.55,5.6,6.21,6.52,6.28,6.13,5.35,6.09,6.14,6.04,6.14,6.06,5.93,6.33,6.04,6.11,6.07,5.36,5.15,6,5.85,5.91,6.35,6.26,6.04,4.95,6.18,5.97,5.76,5.92,5.95,5.96,5.35,6.29,6,5.86,5.29,5.66,5.36,5.82,6.1,6.17,5.45,6.05,5.8,5.85
DNAJC9,6.57,5.73,6.39,6.5,5.02,5.15,5.43,6.01,6.16,6.35,5.59,6.41,6.23,6.3,6.2,6.57,6.46,6.17,6.14,6.31,5.93,6.04,5.37,6.55,6.02,6.12,6.37,6.35,5.05,4.41,6.03,5.94,6.06,5.98,6.31,5.96,5.88,6,4.97,5.77,5.59,5.4,5.45,6.79,5.57,4.75,5.43,6.17,5.95,6.01
DNAJC9 /// MRPS16,10.3,10.49,10.36,10.37,10.37,10.26,10.27,10.36,10.34,10.32,10.46,10.21,10.04,10.37,10.38,10.23,10.27,10.47,10.43,10.47,9.73,9.68,9.53,9.92,9.91,9.9,10.3,10.41,10.2,10.07,9.81,10.61,10.49,10.49,10.61,10.42,10.28,10.36,9.87,10.28,10.21,10.11,10.08,9.95,10.14,10.08,10.16,10.14,10.03,9.85
DNAL1,6.17,6.31,6.23,5.93,5.97,6.31,5.31,6.01,5.94,5.93,6.2,5.98,5.8,5.08,6.36,6.63,6.25,5.78,5.96,5.98,5.99,6.07,6.32,6.22,6.52,6.31,5.94,5.93,6.11,6.27,7.28,6.12,5.97,6.2,6.01,6.33,6.18,6.44,6.47,6.21,6.07,6.34,6.31,5.91,5.88,6.04,5.9,6.13,6.39,5.48
DNAL1,6.36,6.47,6.41,6.49,6.24,6.32,6.5,5.9,6.54,6.62,6.67,6.69,6.48,5.52,6.53,6.46,6.7,6.27,6.36,6.31,6.5,6.77,6.59,6.82,6.77,6.88,6.5,6.68,6.59,4.71,5.67,5.47,6.78,6.76,6.88,6.63,6.09,6.63,5.85,6.54,6.35,6.17,6.42,5.63,6.48,6.54,6.38,6.62,6.56,5.95
DNAL4,6.5,6.05,6.4,6.29,5.57,5.85,6.1,6.4,6.35,6.5,6.05,6.5,6.35,5.98,6.46,6.35,6.51,6.53,6.36,6.69,6.44,6.45,6.26,6.47,6.82,6.55,6.5,6.41,5.87,4.87,5.12,5.01,6.23,6.54,6.36,6.39,6.61,6.64,7.2,6.46,6.26,6.49,6.39,6.1,6.78,6.11,6.13,6.51,6.31,6.23
DNAL4,7.5,7.59,7.72,7.84,7.66,7.85,7.96,7.94,7.68,7.77,8.01,7.83,7.77,7.58,7.88,8.04,7.81,7.93,7.97,7.83,7.91,7.74,7.9,7.96,8.12,7.88,7.74,7.64,8,8.5,7.32,8.31,7.74,7.85,7.82,8.11,8.03,8.07,7.07,7.94,7.92,8.2,8.22,8.06,7.54,7.52,7.73,7.75,7.85,7.58
DNALI1,3.78,3.85,3.78,3.94,4.01,4.17,5.17,4.06,3.88,3.57,3.92,3.77,3.77,5.09,3.68,3.93,3.73,3.83,3.55,3.83,3.98,3.63,3.74,3.72,3.74,3.83,3.84,3.72,3.74,5.39,5.2,4.18,4.14,3.82,3.84,3.57,4.29,3.98,4.04,4.08,3.67,4.49,4,5.08,4.36,3.87,3.82,3.73,3.89,4.31
DNALI1,5.06,5.06,4.87,5.33,5,5.24,4.89,4.71,5.28,5.17,5.13,5.41,4.93,6.18,5.2,5.23,5.09,5.38,5.37,5.05,4.99,5.36,5.08,4.86,5.31,5.01,5.04,5.37,4.86,4.24,4.95,5.86,5.07,5.42,5.04,4.84,4.35,5.19,5.99,4.77,5.1,5.04,5.36,6.75,5.02,5.05,4.98,5.04,5.02,6.29
DNALI1,4.52,4.55,4.48,4.58,4.57,4.73,4.19,4.48,4.68,4.52,4.6,4.62,4.6,7.03,4.61,4.33,4.59,4.4,4.84,4.49,4.76,4.56,4.72,4.48,4.6,4.23,4.57,4.67,4.63,4.53,6.37,6.82,4.38,4.61,4.51,4.73,4.54,4.57,4.26,4.71,4.48,4.78,5.12,5.8,4.81,4.54,4.48,4.6,4.51,6.16
DNALI1,3.67,3.7,3.84,3.97,4.55,4.3,3.84,3.75,3.97,4.01,3.79,3.91,3.65,3.68,3.9,4.23,3.97,4.48,3.88,4.18,3.79,4.01,3.77,3.79,4.08,3.87,4,4.09,4.06,4.25,5.12,4.15,3.96,4.12,4.38,3.87,3.76,4,3.91,3.93,3.84,4.31,4.69,4.43,3.69,3.63,3.82,3.9,3.56,5.61
DNASE1,4.77,4.74,4.76,4.72,5.09,5.14,4.4,5.52,4.59,4.8,5.22,4.73,5,4.36,4.86,4.51,4.85,4.58,4.57,4.95,4.83,4.88,4.97,5.13,5,4.97,4.53,5.01,4.86,5.55,4.9,4.8,4.96,5.29,5.22,4.91,5.02,4.89,4.86,5.18,5.24,4.95,5.08,5.53,4.81,4.47,5.04,4.97,4.99,5.53
DNASE1,5.89,5.98,5.79,6.06,6.56,6.21,5.98,6.7,5.89,5.69,6.39,5.9,5.76,7.28,6.32,6.26,6.09,6.33,6.18,6.2,6.18,6.27,5.73,5.9,6.22,5.85,6.08,5.83,5.94,5.97,6.33,8.12,6.05,5.97,6.11,6.31,5.83,5.86,6.52,6.25,6.21,6.3,6.58,6.43,6.03,5.8,5.74,6.09,5.88,6.82
DNASE1L1,4.6,4.21,4.4,4.62,4.69,4.08,5.35,4.76,4.47,4.44,4.56,4.45,4.45,4.56,4.41,4.45,4.43,4.81,4.36,4.42,4.37,4.63,4.45,4.31,4.49,4.33,4.3,4.43,4.41,4.88,5.67,4.95,4.19,4.29,4.53,4.3,4.92,4.49,4.42,4.44,4.25,4.38,4.7,4.36,4.29,4.2,4.48,4.52,4.54,4.7
DNASE1L1,7.47,7.72,7.83,7.65,7.5,7.8,8.14,7.94,7.55,7.54,7.79,7.58,7.5,6.64,7.65,7.63,7.64,8.01,8.03,8.09,7.63,7.64,7.73,7.73,7.58,7.67,7.83,7.48,7.91,7.38,5.52,7.49,7.15,7.36,7.29,7.58,7.97,7.87,7.62,7.84,7.72,7.89,8.03,6.97,7.01,6.85,7.27,7.65,7.86,6.46
DNASE1L2,6.65,6.62,6.54,6.63,6.3,6.53,6.02,6.89,6.57,6.62,6.39,6.67,6.32,7.15,6.52,6.53,6.64,6.48,6.46,6.66,6.7,6.72,6.91,6.4,6.76,6.98,6.53,6.58,6.68,6.53,6.6,6.67,6.31,6.69,6.3,6.6,6.79,6.79,5.91,6.85,6.51,6.94,7.07,7.41,6.63,6.91,6.68,6.38,6.84,7.3
DNASE1L3,3.76,3.98,3.5,3.67,3.58,3.5,3.95,3.96,3.8,3.65,3.81,4.02,3.91,4.72,3.73,3.68,3.59,3.59,3.76,3.45,3.66,3.76,3.78,3.78,3.71,3.51,3.67,3.71,3.72,3.61,3.68,3.89,3.73,3.78,3.46,3.69,3.47,3.54,3.83,3.49,3.35,3.58,3.84,4.81,3.61,3.9,3.46,3.41,3.51,5.54
DNASE2,8.66,8.64,8.59,8.47,8.67,8.85,9,8.67,8.5,8.73,8.58,8.51,8.64,7.56,8.67,8.6,8.71,8.81,8.65,8.57,8.85,8.62,8.53,8.67,8.5,8.72,8.7,8.44,8.64,8.26,7.31,6.92,8.32,8.32,8.23,8.71,8.61,8.51,8.69,8.86,8.74,8.68,8.72,6.57,8.38,8.37,8.29,8.59,8.73,6.38
DNASE2,8.87,8.86,8.83,8.71,8.88,8.95,8.62,8.95,8.68,8.81,8.71,8.7,8.74,7.79,8.77,8.71,8.86,8.93,8.78,8.81,8.96,8.61,8.8,8.97,8.82,8.89,8.83,8.63,8.96,7.8,7.58,8.79,8.53,8.54,8.51,8.83,9.02,8.83,8.77,8.98,8.95,8.9,9.08,7.97,8.59,8.64,8.68,8.81,8.81,7.88
DNASE2,6.2,5.98,6.46,6.41,6.21,6.1,6.8,6.33,6.32,6.29,5.74,6.4,6.37,5.58,6.42,6.2,6.3,6.38,6.38,6.61,6.46,6.3,6.09,6.43,6.34,6.51,6.36,6.47,5.8,7.02,6.37,7.52,6.07,6.02,5.87,6.52,6.61,6.46,5.96,6.33,6.39,6.17,6.05,4.16,6.03,5.62,5.95,6.4,5.99,6.45
DNASE2B,3.44,3.38,3.73,3.61,3.91,3.81,3.89,3.52,3.64,3.54,3.6,3.73,3.33,3.89,3.54,3.43,3.79,3.7,3.64,3.45,3.65,3.55,3.44,3.66,3.53,3.56,4.09,3.74,3.52,4.44,7.76,4.71,3.87,3.59,3.76,4.03,3.6,3.39,4.1,3.39,4.16,3.67,3.63,5.4,3.88,3.71,3.53,3.55,3.55,6.08
DND1,10.88,11.1,11.02,11.02,11.29,11.1,10.9,11.03,10.85,11.08,11.31,11.05,10.91,12.74,11,10.97,11.08,11.24,11.04,11.11,11.06,11.09,10.84,10.92,11.03,10.75,11.02,11.25,11.1,10.92,11.66,12.04,10.81,11.13,11.18,10.87,10.69,11.07,10.8,11,10.81,11.01,11.24,12.54,10.76,10.83,10.99,10.95,10.83,12.84
DND1,6.5,6.4,6.55,6.76,7.01,6.83,7.28,6.75,6.25,6.48,6.59,6.47,6.33,6.77,6.81,6.9,6.49,6.63,6.25,6.41,6.6,6.65,6.52,6.66,6.65,6.39,6.69,6.37,6.55,5.66,7.33,8.01,6.79,6.62,6.54,6.57,6.49,6.49,5.82,6.42,6.6,6.81,6.59,7.86,6.88,6.76,6.88,6.52,6.8,8.02
DNER,4.61,4.66,4.92,4.69,5.23,4.59,4.47,4.73,4.72,4.94,4.86,4.53,4.57,4.38,5.03,4.81,5.25,4.74,4.46,4.85,4.83,5,5.36,5.11,4.98,5.48,4.62,5.01,4.83,5.37,4.34,5.2,5.15,5.13,5.06,5.24,5.07,4.85,5.21,5.3,5.33,4.98,5.26,4.77,5.11,5.76,5.71,4.91,4.87,5.52
DNER,4.42,4.34,4.49,4.61,4.99,4.09,4.68,3.87,4.53,4.28,4.51,4.54,4.58,4.82,4.44,4.8,4.52,4.87,4.37,4.51,4.54,4.79,4.42,4.25,4.5,4.25,4.59,4.57,4.77,5.34,5.95,5.25,4.51,4.79,4.8,4.3,4.22,4.54,5.49,4.46,4.9,4.57,4.52,4.76,5.03,4.77,4.9,4.78,4.32,5.79
DNHD1,4.99,5.07,5.03,5.43,5.76,4.73,5.22,5.09,5.09,5.27,5.28,5.17,4.98,5.61,5.27,5.19,5.2,4.77,5.08,5.44,5.18,4.92,5.34,5.45,4.77,4.81,5.43,5.19,5.32,4.1,5.5,4.2,4.45,4.72,4.72,5.28,4.78,4.83,4.75,4.99,5.48,5.42,5.56,5.11,4.89,4.96,5.47,5.36,5.48,6.45
DNHD1,5.53,5.55,5.91,5.66,5.85,6.08,5.43,5.54,5.3,5.54,5.6,5.29,5.36,5.85,5.43,5.56,5.53,5.74,5.82,5.57,5.95,5.43,5.68,5.99,5.66,5.82,5.75,5.66,5.71,5.16,5.23,5.79,5.45,5.54,5.68,5.76,5.91,5.68,6.27,6.09,5.75,6.32,6.26,5.89,6.03,5.85,5.94,5.78,5.96,6.48
DNLZ,9.84,9.85,10.04,9.89,10.29,10.25,9.96,10.02,9.89,9.86,9.91,9.85,9.85,9.45,9.88,9.96,10.03,9.98,9.91,9.89,9.97,9.83,9.89,9.92,9.95,9.83,10.05,9.92,10.14,9.87,8.24,9.35,9.94,9.92,9.95,10.02,10.26,10.03,10.27,10.2,10.11,9.97,9.99,9.45,10.22,10,9.98,10.06,10.02,9.53
DNLZ,10.07,9.92,10.24,10.13,10.4,10.18,9.98,10.27,10.06,10.06,9.87,9.93,10.01,8.9,10.11,10.12,10.19,10.06,10.15,10.09,10.08,9.96,9.97,10.18,10.12,10.17,10.14,9.98,10.03,9.41,8.96,9.41,10.06,10.02,9.99,10.16,10.29,10.25,10.41,10.35,10.24,10,10.04,9.25,10.3,10.19,10.06,10.11,10.1,8.26
DNM1,4.67,4.48,4.5,4.65,4.25,4.27,4.22,4.37,4.38,4.65,4.75,4.66,4.4,4.07,4.56,4.48,4.46,4.63,4.19,4.71,4.26,5.18,5.05,4.76,4.55,4.52,4.4,4.16,4.72,4.29,4.68,6.34,4.37,4.5,4.24,4.45,4.83,4.79,4.73,4.8,4.74,5.53,5.48,4.8,5.22,5.47,5.47,4.1,5.08,4.35
DNM1,5.14,5.12,5.16,5.19,4.78,4.9,5.05,4.98,4.92,4.98,5.23,4.89,4.8,6.27,5.02,5.05,4.84,5.14,5.26,4.79,4.94,5.16,4.93,5.61,4.97,5.03,5.04,5.14,4.96,5.57,5.16,5.05,5,4.82,4.88,4.81,5.55,5.17,4.94,5.36,5.17,5.78,5.47,4.66,5.19,5.67,5.72,4.76,4.95,5.14
DNM1,5.23,5.37,5.47,5.62,5.58,5.35,5.92,5.44,5.19,5.33,5.19,5.28,5.32,6.03,5.34,5.61,5.41,5.68,5.65,5.1,5.41,5.65,5.49,5.4,5.52,5.56,5.37,5.31,5.5,5.32,5.17,6.27,5.41,5.68,5.77,5.22,5.71,5.73,6.13,5.35,5.37,5.28,5.88,6.62,5.75,6.19,5.38,5.33,5.24,6.33
DNM1L,9.54,9.52,9.48,9.55,9.48,9.57,9.59,9.33,9.52,9.53,9.61,9.44,9.44,8.67,9.36,9.29,9.33,9.37,9.44,9.36,9.47,9.54,9.52,9.42,9.34,9.43,9.56,9.55,9.62,9.3,6.89,7.88,9.59,9.56,9.49,9.26,9.21,9.13,9.44,9.36,9.39,9.21,9.26,8.74,9.34,9.22,9.35,9.37,9.36,8.22
DNM1L,10.3,10.61,10.14,10.18,9.83,10.1,9.85,9.92,10.33,10.31,10.43,10.19,10.22,9.78,10.26,10.03,10.23,10.22,10.33,10.31,10.09,10.14,10.4,10.12,10.19,10.1,10.09,10.11,10.35,9.93,8.19,9.77,9.95,9.95,9.9,10.19,9.89,9.94,9.85,10.12,10.14,10.21,10.13,9.55,10.16,10.16,10.23,10.16,10.16,9.11
DNM1L,7.88,7.62,7.42,7.49,6.78,7.38,7.15,7.39,7.82,7.77,7.51,7.29,7.41,5.79,7.68,7.46,7.65,7.63,7.82,7.86,7.77,7.77,7.79,7.37,7.43,7.65,7.62,7.64,7.68,6.11,5.03,5.05,7.46,7.35,7.44,7.54,6.95,7.22,6.91,7.37,7.38,7.64,7.55,5.43,7.57,7.52,7.47,7.43,7.29,5.73
DNM1L,7.82,7.19,7.34,7.33,6.07,6.24,5.1,7.13,7.65,7.81,6.75,7.59,7.59,5.3,7.42,7.1,7.4,7.18,7.31,7.62,7.44,7.26,6.73,7.32,7.22,7.25,7.35,7.66,6.74,5.27,4.26,4.25,7.67,7.45,7.63,7.18,6.32,7.16,5.37,7.2,6.76,6.63,6.49,3.98,6.66,6.46,6.91,7.14,6.88,5.89
DNM1P35,5.33,5.55,5.39,5.35,5.24,5.35,6.02,5.51,5.39,5.53,5.45,5.42,5.68,6.04,5.41,5.5,5.33,5.55,5.36,5.27,5.48,5.7,5.47,5.13,5.42,5.28,5.36,5.42,5.49,4.99,5.92,5.82,5.71,5.37,5.55,5,5.54,5.26,5.58,5.08,5.38,5.42,5.84,6.49,5.25,5.38,5.34,5.47,5.13,6.66
DNM1P35,3.97,4.27,3.83,3.86,4.6,3.84,3.74,4.02,3.76,3.92,3.85,3.94,3.95,3.94,3.71,3.95,4.44,4.46,3.86,3.64,3.63,3.82,4.21,3.88,3.59,3.83,3.86,3.75,3.86,6.02,4.62,4.61,3.7,3.95,4,3.84,3.62,3.68,4.44,3.99,3.87,3.72,4.02,4.39,3.88,3.99,3.74,3.93,3.83,3.93
DNM2,9.49,9.45,9.72,9.56,10.07,9.94,9.88,9.75,9.47,9.61,9.77,9.54,9.5,9,9.78,9.77,9.81,9.89,9.81,9.67,9.68,9.59,9.81,9.83,9.77,9.8,9.63,9.55,9.89,9.54,9.89,10.24,9.75,9.67,9.61,9.88,9.89,9.86,9.5,9.98,9.87,9.83,9.93,10.11,9.7,9.86,9.7,9.71,10,10.34
DNM2,7.62,7.33,7.84,7.77,8.1,7.9,7.64,8.03,7.58,7.57,7.42,7.31,7.43,7.13,7.72,7.91,7.8,8.04,7.85,7.85,7.69,7.61,7.81,7.79,8,8.02,7.54,7.85,7.8,7.02,7.14,6.56,7.97,7.9,7.69,7.98,8.18,7.96,8.2,7.99,7.89,7.88,7.87,7.59,7.69,7.95,7.85,7.87,7.79,7.37
DNM2,6.18,5.94,6.35,6.07,6.55,5.77,5.99,6.78,6.06,6.19,6.08,5.9,5.86,5.9,6.32,6.4,6.5,6.34,6.24,6.66,6.16,6.06,6.03,6.45,6.75,6.28,6.32,6.29,6.07,5.92,6.95,6.41,6.23,6.14,6.18,6.44,6.52,6.56,5.18,6.36,6.28,6.19,6.49,5.7,6.22,5.9,6.44,6.42,6.21,5.82
DNM3,5.69,5.79,5.58,5.88,6.25,5.63,5.54,5.7,5.83,5.53,6.3,5.61,5.34,7.97,6.06,5.99,5.77,5.7,5.68,5.69,5.72,5.69,6,5.79,6.12,5.61,5.32,5.9,5.74,5.17,6.3,5.73,5.45,5.7,5.98,5.78,5.65,5.59,6.64,6.39,5.95,5.59,6.11,7.94,5.63,6.38,6.12,5.88,5.43,7.09
DNMBP,4.84,5.09,4.77,4.88,5.49,4.83,5.31,5.42,5.01,5.1,4.99,4.7,4.71,4.82,5.6,5.79,5.63,5.29,5.19,4.52,5.1,5.05,4.75,5.35,5.27,5.05,5.27,5.21,5.2,4.87,6.16,4.81,6.22,6.46,6.03,5.81,5.74,5.3,5.57,5.44,5.24,4.81,5.23,6.17,5.26,4.96,4.94,5.49,5.42,4.14
DNMBP,4.48,4.31,4.42,4.52,4.46,4.92,4.53,4.3,4.3,4.41,4.45,4.2,4.28,5.79,4.7,4.46,4.5,4.78,4.48,4.48,4.58,4.53,4.59,4.58,4.72,4.43,4.63,4.55,4.26,4.86,5.29,6.09,4.16,4.38,4.65,4.59,4.5,4.43,4.43,4.77,5.14,4.52,4.65,5.56,4.76,4.6,4.26,4.4,4.35,6.13
DNMT1,9.89,9.95,9.75,9.51,9.58,10.27,10.46,9.74,9.93,9.74,10,9,9.29,7.92,9.63,9.65,9.78,10.05,9.95,10.1,9.3,8.92,9.39,9.28,9.34,9.59,10.06,9.53,10.21,9.22,8.76,7.43,9.9,9.34,9.76,9.69,9.9,9.09,9.85,9.67,9.71,9.76,9.83,7.04,9.78,9.89,9.48,9.22,9.05,6.8
DNMT1,11.21,11.15,11.04,11.15,11.21,11.19,11.28,11.14,11.08,11.14,11.24,10.9,10.91,10.72,11.07,10.99,10.91,11.1,11.13,11.15,10.46,10.56,10.53,10.7,10.7,10.65,11.08,11.07,11.16,11.28,11.19,10.93,11.05,11.1,11.14,11.07,11.01,10.94,10.92,10.89,10.85,10.96,11.05,10.42,10.91,10.94,10.95,10.82,10.95,10.65
DNMT3A,6.25,6.21,6.23,6.22,6.39,6.36,6.18,6.37,6.17,6.02,6.29,6.24,6.15,5.36,6.45,6.45,6.54,6.32,6.08,5.99,6.37,6.52,6.34,6.49,6.5,6.55,6.35,5.89,6.07,5.18,5.26,5.27,6.92,7.11,6.92,6.63,7.01,6.39,5.81,6.24,6,6.52,6.47,7.43,6.17,6.02,5.75,6.32,6.37,5.09
DNMT3A,4.91,4.9,4.79,4.71,4.48,4.9,4.75,4.64,4.91,4.83,4.66,4.69,4.81,5.43,5.27,4.96,5.03,4.89,4.68,5.11,4.93,4.65,4.86,4.96,5.32,4.92,5.14,4.84,4.9,4.66,5.08,4.49,5.17,5.35,5.42,4.99,5.32,4.86,4.98,5.43,5.15,4.6,4.58,4.44,4.38,4.15,4.96,4.85,4.46,4.95
DNMT3A,5.67,5.58,5.44,5.54,5.46,5.47,5.43,5.2,5.65,5.52,5.72,5.68,5.49,6.66,5.45,5.49,5.81,5.54,5.32,5.48,5.76,5.53,5.39,5.63,5.48,5.55,5.54,5.56,5.77,4.73,6.23,6.54,5.91,5.88,6.04,5.37,5.34,5.43,5.53,5.47,5.61,5.71,5.45,7.36,5.38,5.54,5.28,5.17,5.53,6
DNMT3A,4.88,5.03,4.76,5.1,5.34,5.26,5.14,5.2,5.16,5.09,5.14,5.14,5.05,6.26,5.24,5.54,4.98,5.63,4.97,5.3,5.4,5.25,5.29,5.29,5.3,5.46,5.26,5.12,5.67,6.53,6.2,4.63,5.07,5.47,5.13,5.06,4.96,5.23,5.13,5.37,5.17,5.35,5.23,6.02,5.34,5.18,4.93,4.94,5.23,6.21
DNMT3B,6.04,5.99,6.22,6.34,6.45,6.23,5.88,6.53,6.08,6.21,6.27,6.11,6.08,5.97,6.37,6.19,6.4,5.88,5.77,5.83,6.09,6.27,6.45,6.54,6.29,6.45,6.14,6.14,6.22,6.46,6.02,5.8,6.9,7.17,7.35,6.64,6.46,6.49,6.22,6.09,6.56,6.38,6.18,6.76,5.7,6.32,5.97,6.34,6.61,6.3
DNMT3B,6.45,6.55,6.55,6.73,6.76,6.36,6.96,7.17,6.68,6.57,6.81,6.66,6.37,7.68,7.05,7.12,6.79,6.2,6.43,6.32,6.72,6.66,7.12,6.72,7.04,6.86,6.67,6.8,6.63,5.91,7.5,7.07,7.37,7.53,7.23,7.06,6.56,6.89,6.65,7.11,6.97,6.92,6.58,6.9,6.2,6.29,6.86,6.78,6.91,7.4
DNMT3B,6.17,6.22,6.46,6.27,6.19,6.12,6.78,6.49,6.28,6.03,6.34,5.92,6.05,5.58,6.55,6.45,6.56,5.77,6.08,5.63,6.2,6.36,6.47,6.51,6.42,6.54,6.36,6.25,6.37,5.39,6.78,6,7.02,7.28,7.15,6.56,6.21,6.46,5.99,6.66,6.62,6.32,6.52,5.85,6.03,6.23,6.17,6.41,6.23,6.13
DNMT3B,6.23,6.21,6.23,6.39,6.16,6.08,5.99,6.56,6.06,6.3,6.34,6.21,6.05,6.49,6.45,6.47,6.38,5.68,5.77,5.64,6.51,6.19,6.52,6.22,6.46,6.46,6.02,6.14,6.16,5.54,4.83,5.41,6.94,6.99,7.21,6.32,6.01,6.42,5.61,6.59,6.46,6.04,6.32,6.1,5.88,6.14,6.04,6.46,6.35,6.39
DNMT3B,6.57,6.57,6.44,6.71,6.55,6.48,6.09,6.88,6.44,6.59,6.95,6.61,6.26,6.3,6.51,6.79,6.51,6.38,6.21,6.81,6.34,6.6,6.6,6.5,6.8,6.69,6.55,6.78,6.38,6.9,6.26,6,6.52,7.01,6.91,6.58,6.72,6.68,5.64,6.64,6.77,6.54,6.28,6.78,6.56,6.51,6.78,6.85,6.39,7.83
DNMT3B,3.4,3.62,3.92,3.48,3.52,4.28,3.54,3.45,3.5,3.59,3.46,3.56,3.54,3.88,3.55,3.48,3.63,3.42,3.54,3.48,3.65,3.64,3.54,3.79,3.63,3.32,3.84,3.83,3.5,3.63,4.21,3.79,3.52,3.82,3.65,3.58,3.83,3.56,3.31,3.69,3.4,3.48,3.73,4.71,3.55,3.57,3.41,3.53,3.68,3.7
DNMT3B,6.07,6.31,6.22,6.27,6.46,6.19,6.13,6.35,6.3,6.37,6.48,6.07,6.34,5.6,6.57,6.48,6.4,5.66,5.8,5.64,6.3,6.34,6.49,6.67,6.58,6.59,6.3,6.12,6.39,6.23,6.37,6.28,7.07,7.14,7.04,6.59,6.47,6.42,6.51,6.36,6.54,6.23,6.63,5.7,6.29,6,6.25,6.56,6.43,6.07
DNMT3B,4.07,3.91,4.34,4.01,3.71,3.88,4.2,3.73,4,4.28,4.07,3.95,4.12,4.21,4.33,4.27,3.91,4,4.01,4.21,4.39,4.58,4.07,5.16,4.45,5.17,3.97,4.06,4.05,5.06,3.9,4.12,4.57,4.56,4.54,4.54,4.46,4.04,5.3,4.38,4,4.45,4.22,4.59,3.7,3.98,4.25,3.94,4.21,4.32
DNMT3B,4.5,4.22,4.68,4.48,4.34,4.44,4.26,4.27,4.51,4.31,4.17,4.47,4.39,4.47,4.95,4.63,4.4,4.47,4.53,4.37,4.81,4.45,4.48,4.74,4.47,4.59,4.22,4.77,4.53,5.77,4.29,4.67,4.84,4.98,4.75,4.54,4.48,4.54,4.35,4.44,4.72,4.65,4.32,4.72,4.19,4.45,4.52,4.24,4.55,4.97
DNMT3B,3.8,4.02,3.91,4.57,3.66,4.23,3.83,3.79,4.01,3.92,3.7,4.24,3.96,4.17,4.22,4.11,4.2,3.94,3.86,3.84,4.25,4.23,4.16,4.34,4.48,4.34,4.3,3.83,4.42,3.9,3.79,5.73,4.63,4.58,4.08,4.15,3.74,4.29,4.11,3.84,4.43,4.19,3.77,4.88,3.96,3.78,4.06,4.16,4.04,4.94
DNMT3B,3.36,3.39,3.47,3.62,3.44,3.29,3.6,3.6,3.49,3.47,3.35,3.4,3.31,3.62,3.4,3.6,3.4,3.48,3.53,3.66,3.38,3.52,3.41,3.66,3.49,3.28,3.58,3.68,3.28,3.66,4.56,4.22,3.5,3.87,3.64,3.69,3.56,3.46,3.85,3.66,3.53,3.43,3.74,4.37,3.39,3.63,3.46,3.46,3.42,3.91
DNMT3L,3.94,3.84,4.13,3.84,4.14,4.23,4,3.98,3.94,3.93,3.9,4.2,4,3.9,4.12,3.83,3.93,4.27,4.14,3.99,3.7,4.06,3.79,3.93,4.03,3.86,3.82,3.85,3.65,5.04,4.01,4.79,4.23,4.06,3.84,3.84,3.48,3.76,3.81,4.23,3.66,3.73,4.21,4.41,3.79,4.13,4.31,3.75,3.69,5.2
DNPEP,8.18,8.04,8.34,8.22,8.51,8.43,8.46,8.3,8.11,8.26,8.21,8.07,8.13,6.43,8.24,8.29,8.32,8.2,8.2,8.09,7.89,8.06,8.16,7.95,7.99,8.04,8.37,8.21,8.42,8.84,6.59,5.19,8.06,8.35,8.29,8.29,8.35,8.41,7.3,8.4,8.25,8.35,8.41,5.94,7.93,7.73,8.07,8.09,8.42,5.52
DNPEP,5.58,5.04,5.28,5.46,5.67,5.97,4.09,5.95,5.56,5.62,5.81,5.23,4.81,5.4,5.74,5.17,5.56,5.78,5.52,5.59,4.99,5.73,5.35,6.2,5.77,5.74,5.64,5.63,5.48,4.33,4.57,6.09,5.5,5.25,5.49,5.7,4.74,5.54,5.04,5.95,5.56,5.65,5.77,5.62,5.75,4.77,5.48,5.51,5.54,8.14
DNTT,3.89,3.86,3.77,3.64,3.67,3.98,3.62,3.93,3.76,3.9,3.68,3.77,3.72,3.73,3.98,3.87,3.7,4.11,3.72,3.6,3.68,3.62,3.69,3.67,3.74,3.9,3.88,3.75,3.77,4.37,3.68,3.84,3.72,3.61,3.79,3.63,4.06,3.56,3.9,3.92,3.84,3.8,4.09,4.51,3.79,4.2,3.72,3.88,3.81,3.7
DNTT,4.77,4.5,4.36,4.26,4.36,4.33,4.46,4.85,4.23,4.24,4.23,4.15,4.55,5.43,4.5,4.58,4.28,4.12,4.38,4.33,4.25,4.41,4.25,3.95,4.32,4.54,4.61,4.49,4.54,4.12,3.71,5.38,4.31,4.02,4.39,4.05,4.3,4.21,4.77,4.05,4.07,4.48,4.06,4.21,4.34,4.21,4.12,4,4.17,5.1
DNTTIP1,9.5,9.33,9.5,9.49,9.6,9.47,9.44,9.43,9.4,9.51,8.94,9.51,9.49,8.2,9.76,9.79,9.85,9.77,9.67,9.75,9.63,9.57,9.54,9.83,9.84,9.77,9.43,9.49,9.46,9.53,8.05,7.28,9.83,10,9.87,9.99,9.97,9.92,9.37,9.65,9.56,9.53,9.3,7.24,9.52,9.28,9.4,9.61,9.57,7.59
DNTTIP2,8.66,8.69,8.71,8.7,8.48,8.4,8.17,8.63,8.67,8.66,8.63,8.36,8.86,7.42,8.35,8.28,8.51,8.81,8.83,8.77,8.49,8.3,8.51,8.13,8.13,8.4,8.62,8.55,9,8.52,8.6,5.98,8.32,8.36,8.34,8.28,8.33,8.25,8.13,8.65,8.52,8.5,8.49,7.16,8.58,8.76,8.61,8.68,9.09,7.75
DOC2A,6.51,6.64,6.7,6.4,7.5,7.12,7.19,6.54,6.35,6.22,7.04,6.47,6.5,9.62,6.53,6.59,6.74,7.09,6.72,6.48,6.67,6.29,6.61,6.32,6.29,6.57,6.78,6.68,7.14,6.49,7.23,9.39,6.28,6.46,6.81,6.18,6.42,6.72,7.15,6.73,6.5,6.81,7.21,9.93,6.41,6.04,6.6,6.89,6.29,9.79
DOC2A,5.91,6.06,6.52,6.19,6.87,6.06,6.33,6.34,5.85,6.03,6.74,6.02,5.79,8.44,6.29,6.08,6.47,6.56,6.12,6.25,5.99,6.03,5.9,6.12,5.85,6.02,6.34,6.44,6.47,4.79,6.19,7.77,6.23,6.05,6.12,6.09,5.91,6.07,6.2,6.16,6.01,6.08,6.8,9.05,6.33,5.9,5.92,6.18,6.19,8.4
DOC2A,4.47,4.05,4,4.01,4.78,3.96,4.49,3.85,3.75,3.86,4.05,3.99,3.78,4.17,3.98,4.15,3.82,3.87,3.99,4.06,4.04,3.82,3.76,3.8,3.82,4,3.88,4.08,3.96,4.06,4.73,4.94,3.79,3.91,4.08,3.98,3.78,3.79,3.69,4.02,4.21,4.08,3.87,4.88,3.94,4.28,3.86,4.23,3.77,4.92
DOC2A,3.67,3.62,3.8,3.74,3.96,3.87,3.82,4.33,3.69,3.89,3.89,3.86,3.85,4.29,3.97,3.9,3.67,3.9,3.73,3.89,4.06,3.61,3.83,3.81,3.79,3.93,3.72,3.96,3.84,3.88,4.46,3.85,3.85,3.71,3.88,3.88,4.22,3.93,4.17,3.74,3.95,3.85,4.15,4.46,3.94,4.22,4.13,3.86,3.74,5.03
DOC2A,3.97,3.92,3.91,4.17,4.13,3.49,4.39,3.98,3.79,3.84,4.1,3.8,3.87,5.81,4.07,4.15,3.87,3.82,3.93,3.7,3.84,3.96,4.15,3.72,4,3.78,3.72,3.93,3.98,4.53,7.19,5.29,3.9,3.87,4.11,3.63,3.86,3.9,4.15,3.89,3.72,4.07,3.74,5.35,3.89,4.39,3.91,3.83,3.72,5.42
DOC2B,5.05,4.91,5.1,5.19,5.07,5.94,4.73,4.95,5.18,4.98,5.24,4.82,5,5.36,4.87,5.2,5.28,5.03,4.97,5.16,5.13,5,4.8,5.23,4.8,5.2,4.96,5.23,5.34,5.95,5.02,5.95,5.28,4.97,4.94,5.14,5.1,5.21,5.95,4.85,5.01,5.08,5.33,4.94,5.42,5.39,4.95,4.67,4.99,6.37
DOCK1,4.61,4.28,4.76,4.97,4.64,5.05,4.88,4.57,4.67,4.66,4.25,4.52,4.72,5.63,4.78,4.87,4.92,4.84,4.96,5.18,4.86,4.47,4.41,4.59,4.52,4.93,4.51,4.48,4.64,4.86,5.02,4.73,4.53,4.55,4.31,4.82,4.58,4.71,4.39,5.02,4.65,4.89,4.76,5.25,4.57,4.91,4.78,4.98,4.7,4.64
DOCK1,7.85,7.99,7.93,7.98,7.97,8.1,7.16,7.98,8,8.09,8.37,7.99,7.92,7.98,7.85,7.35,7.62,7.85,8.05,7.95,7.68,7.97,8.18,8.13,8.03,7.88,7.92,7.98,7.86,7.88,6.96,7.77,6.93,7.19,7.29,7.85,7.55,7.5,7.59,7.97,7.87,8.28,8.18,8.11,7.79,7.72,8.01,7.8,8.18,8.62
DOCK10,10.45,10.41,10.11,10.29,9.81,10.01,9.83,10.09,10.34,10.34,10.36,10.42,10.46,9.95,9.84,9.79,9.75,9.98,10.07,10.14,10.39,10.44,10.37,10.08,10.23,10.17,10.11,10.25,10.27,9.87,9.06,9.36,9.86,10.04,10.05,9.89,9.7,9.87,9.59,10.01,10.17,10.32,10.23,9.88,9.83,9.86,10.05,10.28,10.44,9.52
DOCK10,9.2,9.23,9.04,9.13,8.8,8.77,9.26,9.15,9.09,9.13,8.91,9.11,9.27,8.66,8.51,8.6,8.38,8.81,8.77,9.05,9.13,9.18,8.92,8.88,8.88,9.09,9,8.87,8.9,8.59,7.5,8.82,8.86,9.04,8.75,8.45,8.74,8.69,8.81,8.9,9.08,9.08,9.24,7.25,8.84,8.8,8.75,8.95,9.02,7.83
DOCK10,9.87,9.99,9.74,9.86,9.68,9.63,9.54,9.82,9.92,9.9,9.93,9.9,9.92,10.25,9.29,9.34,9.37,9.55,9.63,9.73,9.87,9.78,10.1,9.63,9.73,9.71,9.68,9.65,9.8,9.77,9.07,9.76,9.59,9.67,9.61,9.36,9.43,9.35,9.59,9.83,9.72,9.84,9.88,9.93,9.55,9.57,9.53,9.75,9.57,9.2
DOCK11,8.7,8.91,8.79,8.83,8.86,8.74,8.39,8.89,8.8,9,8.9,8.72,8.61,8.79,8.39,8.24,8.2,8.97,9.09,9.21,8.52,8.54,8.59,8.64,8.49,8.39,8.72,8.62,8.79,8.63,7.8,9.15,8.45,8.41,8.52,8.46,8.37,8.26,9.09,8.95,8.8,8.7,8.72,8.86,8.67,8.4,8.82,8.83,8.8,8.22
DOCK2,10.04,10.2,10.05,10.08,10.12,10.2,9.64,10.01,10.11,10.03,10.27,9.92,10.05,8.58,9.41,9.59,9.61,10.27,10.34,10.27,9.85,9.73,9.75,9.43,9.51,9.58,10.07,9.96,10.31,10.26,8.86,9.63,9.76,9.75,9.64,9.69,9.94,9.79,9.63,9.98,9.99,10.27,10.38,9.62,9.76,9.77,9.83,10.01,10.12,8.83
DOCK2,4.13,4.3,4.09,4.25,4.42,4.02,4.63,4.57,4.41,4.27,4.67,4.4,4.28,4.26,4.05,4.29,4.04,4.5,4.41,4.48,4.3,4.15,4.05,4.09,4.25,4.38,4.12,4.29,4.67,4.94,5.07,4.84,3.71,4.3,4.28,4.51,4.35,4.41,3.99,5.01,4.23,4.38,4.58,5.5,4.28,4.18,4.67,4.93,4.45,5.33
DOCK3,3.92,4.46,4.24,4.22,4.72,4.23,4.33,4.99,4.18,4.34,4.57,4.33,4.29,4.66,4.25,3.98,4.33,4.06,4.35,4.5,4.24,4.62,4.41,4.45,4.53,4.01,4.38,4.36,4.14,5.63,4.52,4.5,4.09,4.2,4.11,4.43,4.34,4.25,3.59,4.55,4.52,4.87,4.63,4.81,4.08,4.98,4.78,4.35,4.87,5.48
DOCK4,5.87,6.14,6.25,6.06,6.45,5.68,5.76,6,6.11,5.97,6.73,6.41,5.9,5.7,6.35,6.35,6.2,5.88,5.97,5.59,6.05,6.31,6.7,6.19,6.82,6.09,6.28,5.93,6.39,6.32,6.8,5.8,6.39,6.5,6.77,6.05,5.59,5.99,4.88,6.01,6.28,6.15,6.37,6.69,6.39,6.13,6.75,6.55,6.59,6.47
DOCK4,5.06,5.33,5.05,5.03,5.12,4.74,5.23,4.87,5.14,5.02,5.4,5.1,5.31,5.02,5.07,5.07,4.96,4.98,5.16,5.09,4.94,5.07,5.22,5.09,4.99,5.04,5.3,5.13,5.26,5.08,5.26,5.06,5.27,5.09,5.31,4.87,4.7,5.05,4.95,5.2,4.7,5.01,4.96,4.97,5.42,5.41,5.02,5.11,5.18,5.33
DOCK4,4.02,3.62,3.94,3.68,3.94,3.67,3.4,3.89,3.8,3.76,4.16,3.91,3.77,4.2,4.04,3.47,3.68,3.67,4.06,3.63,3.72,3.76,3.83,3.99,3.69,3.62,4,3.83,3.54,4.07,6.27,4.71,3.71,3.8,4.21,3.89,4.04,4.16,3.65,3.94,3.79,4.05,3.74,4.56,3.91,3.93,3.62,4.11,3.76,4.5
DOCK5,4.34,4.68,4.44,4.68,4.81,4.25,4.15,4.14,4.42,4.36,4.55,4.83,4.44,5.2,4.16,4.32,4.55,4.34,4.4,4.48,4.55,4.63,4.45,3.9,4.11,4.1,4.15,4.49,4.47,4.81,5.09,4.15,4.61,4.67,4.44,4.02,4.32,3.99,4.95,3.94,3.97,4.58,4.29,4.07,4.26,4.26,3.92,4.31,4.35,5.74
DOCK5,8.05,8.39,8.16,8.41,8.59,8.23,7.58,7.86,8.4,8.35,8.34,8.02,7.74,9.51,7.93,7.49,8.24,8.36,8.39,8.46,7.63,7.65,7.66,7.93,7.76,7.68,8.18,8.3,8.04,6.08,7.86,8.84,7.85,8.01,8.21,7.96,7.76,8.24,8.01,8.01,7.93,7.97,8.36,8.98,8.38,7.95,8.03,8.1,7.97,9.88
DOCK5,4.59,4.57,4.78,4.62,5.34,4.56,4.85,4.84,4.68,4.87,4.63,4.69,4.48,4.23,4.75,4.68,4.83,4.67,4.96,5.36,5.17,4.63,4.51,4.4,4.52,4.53,5.02,4.75,4.74,4.68,5.51,5.28,4.52,4.81,4.81,4.98,4.84,4.7,4.96,5.11,5.25,4.82,5.12,5.59,4.5,5.08,4.45,4.62,4.86,5.03
DOCK6,5.49,5.09,5.74,5.69,5.36,5.67,5.33,5.48,5.56,5.48,5.11,5.37,5.09,5.22,5.37,5.26,5.3,5.42,5.73,5.63,5.45,5.21,5.34,5.59,5.57,5.32,5.03,5.55,5.61,5.41,6.72,5.3,5.23,5.09,5.71,5.33,5.63,5.77,5.49,6.05,6.24,5.63,5.83,6.26,5.55,5.56,5.41,5.42,5.18,4.97
DOCK6,6.24,6.32,6.39,6.19,6.86,6.3,6.39,6.55,5.93,6.13,6.77,6.15,5.81,5.45,6.02,5.87,6.3,6.11,6.23,6.07,6.75,6.54,6.87,6.42,6.33,6.53,6.47,6.26,7.08,7.59,6.57,7.55,6.4,6.08,6.19,6.22,6.82,6.65,6.3,6.65,6.99,7.17,7.18,5.23,7.07,6.87,6.76,6.54,6.97,5.66
DOCK7,3.86,3.96,3.89,3.95,3.7,3.69,3.76,3.91,3.87,3.75,3.84,3.92,3.77,4.09,4.04,3.35,3.97,3.61,3.89,3.57,3.69,3.74,3.84,3.54,3.72,3.74,3.67,3.8,3.81,4.2,5.17,5.61,3.91,3.77,3.62,3.7,3.77,3.92,5.27,4.06,3.77,3.62,3.64,5.56,3.8,3.86,3.95,3.51,3.61,4.6
DOCK7,4.52,4.92,4.6,4.65,4.65,4.81,5.67,4.69,4.84,4.66,4.78,4.66,4.85,4.95,4.78,4.65,4.74,5.11,4.78,4.67,4.88,4.72,4.81,4.8,4.45,4.65,4.96,4.83,5.05,5,7.28,5.72,4.53,4.76,4.75,4.36,5.22,4.54,4.65,5.04,4.37,4.64,5.16,4.56,4.97,5.14,5.12,4.76,4.48,4.44
DOCK7,4.16,4.43,4.61,4.55,4.18,4.2,4.18,4.29,4.26,4.51,4.55,4.21,4.12,5.45,4.46,4.25,4.39,4.27,4.5,4.18,4.16,4,4.29,4.16,4.11,4.19,4.41,4.28,4.23,4.37,4.37,4,4.16,4.27,4.26,4.34,3.83,4.01,4.21,4.28,4.25,4.57,4.78,5.9,4.32,4.19,4.42,4.34,4.45,4.39
DOCK7,3.77,3.9,3.73,3.79,4.2,4.08,3.93,3.79,3.85,3.86,4.02,3.9,4.11,3.91,4.01,4.11,3.84,3.92,3.73,3.88,3.63,3.96,4.02,3.92,4.03,3.79,3.79,3.86,3.92,4.61,4.87,5.16,3.71,3.84,3.9,3.81,3.63,3.84,3.96,4.02,3.67,3.92,4.36,4.7,3.76,3.9,4.33,3.93,3.98,4.2
DOCK7,4.66,4.82,4.59,4.64,4.37,4,5.19,4.58,4.58,4.72,4.43,4.66,4.88,5.7,4.76,4.47,4.66,4.31,4.82,4.6,4.62,4.86,4.57,4.37,4.57,4.58,5.03,4.58,4.46,4.46,5.45,4.54,4.27,4.54,4.6,4.41,4.31,4.31,4.06,4.69,4.66,4.71,4.09,6.19,4.1,5.04,4.99,4.6,4.94,4.42
DOCK7,4.71,4.7,4.94,4.65,4.82,4.89,5.5,4.77,4.67,4.52,5.02,4.47,4.64,5.03,4.55,4.69,4.72,5.11,4.73,4.64,4.54,4.64,4.51,4.39,4.61,4.71,5.32,4.76,4.85,4.11,4.1,5.73,4.79,4.61,4.56,4.66,4.34,4.63,4.59,4.92,4.59,4.89,5.45,5.98,5.1,4.84,5.16,4.9,4.63,4.06
DOCK7,4.12,4.06,3.88,3.83,3.83,3.72,4.22,3.66,3.92,3.81,3.73,3.83,4.1,4.61,4.03,3.77,4.01,4.1,3.95,3.69,3.85,4.14,3.83,3.66,3.8,4.22,4.01,3.77,3.72,4.4,5.16,5.25,3.91,3.81,3.88,3.51,4.14,3.7,4.54,3.5,3.75,3.91,3.73,4.22,3.54,4.29,3.89,3.65,3.84,4.01
DOCK8,5.21,5.24,5.1,5.16,5.07,4.98,5.28,5.55,5.28,5.04,5.3,5.37,5.36,5.22,5.78,5.48,5.47,5.09,5.29,5.21,5.26,5.31,5.39,5.24,5.38,5.4,5.03,4.95,5.1,6.25,5.61,5.32,5.26,5.44,5.1,5.26,5.68,5.57,5.1,5.26,5.08,5.37,5.19,5.72,5.02,5.24,5.36,4.88,5.24,5.68
DOCK8,7.09,7.57,7.14,7.02,7.17,7.34,6.63,7.32,7.43,7.03,7.59,7.26,7.16,8.22,8.05,7.86,7.65,7.4,7.44,7.21,7.53,7.73,7.59,7.69,7.82,7.89,7.02,6.95,7.07,6.58,8.46,7.34,7.34,7.33,7.46,7.83,7.49,7.88,7.79,7.62,7.18,7.29,7.18,7.74,7.31,7.29,7.53,7.17,7.42,6.48
DOCK8,6.32,6.18,6.19,6.29,5.97,6.29,5.09,6.18,6.06,6.14,6,6.27,6.5,6.06,6.44,6.39,6.59,6.1,6.22,6.28,6.38,6.32,6.11,6.68,6.57,6.5,6.17,6.27,6.3,5.56,5.42,7.79,6.28,6.31,6.48,6.77,6.69,6.52,5.84,6.03,6.12,5.67,5.6,6.52,5.96,5.99,6.17,6.22,6.21,5.79
DOCK8,4.16,4.21,4.21,4.58,4.24,4.17,3.83,4.36,4.33,4.47,4.53,4.42,4.29,4.57,4.31,4.46,4.63,4.3,4.4,4.67,4.32,4.15,4.22,4.77,4.38,4.34,4.36,4.21,4.44,4.89,5.7,4.59,4.53,4.24,4.27,4.43,4.44,4.31,4.63,3.92,4.15,4.57,3.87,5.06,4.48,4.09,4.31,4.24,4.12,4.52
DOCK8,5.16,5.71,5.28,5.38,5.41,5.06,5.21,5.72,5.55,5.13,5.62,5.22,5.53,7.36,5.44,4.94,5.35,5.54,5.26,4.88,5.37,5.38,5.37,5.16,5.88,5.11,5.21,5.46,5.08,4.32,6.48,4.71,4.96,5.23,5.5,5.21,5.21,5.44,4.6,4.94,5.12,5.16,5.01,5.51,4.79,4.79,5.03,5.04,5.11,6.35
DOCK9,7.31,7.86,7.49,7.7,7.61,7.84,6.93,7.25,7.69,7.25,7.88,7.34,7.18,7.31,6.99,6.92,7.02,7.09,7.1,7.24,7.01,7,7.48,6.78,6.84,6.79,7.48,7.53,7.91,6.2,7.3,6.5,7.06,6.92,6.95,6.96,7.22,7.1,6.38,7.28,7.29,7.49,7.87,6.42,7.53,7.64,7.76,7.46,7.65,6.71
DOCK9,6.65,6.97,6.55,6.83,6.4,6.5,6.64,6.53,6.72,6.73,7.12,6.86,6.8,6.26,6.1,6.05,6.31,6.46,6.67,6.29,6.52,6.34,6.68,6.23,6.24,6.29,6.85,6.88,7.15,6.3,5.73,6.83,6.34,6.54,6.34,6.22,6.23,6.1,6.08,6.49,6.61,6.47,6.54,5.18,6.47,6.64,6.74,6.65,6.87,5.92
DOCK9,4.33,4.3,4.62,4.28,4.25,5.16,5.55,4.67,4.53,4.36,4.46,4.33,4.19,5.06,4.35,4.85,4.41,4.64,5.1,4.38,4.84,4.53,4.56,4.73,4.7,4.56,4.62,4.95,4.7,4.04,7.28,5.52,4.58,4.42,4.52,4.52,4.59,4.46,4.45,4.79,4.75,4.74,4.99,5.53,4.37,4.64,4.55,4.38,4.41,5.35
DOCK9,6.12,6.15,6.31,6.13,5.84,5.51,5.59,5.88,6.28,6.32,5.53,5.89,5.95,6.16,5.87,5.6,5.81,5.66,6.04,6.45,5.9,5.75,5.79,5.87,5.89,6.05,6.29,6.08,6.05,5.76,6.06,5.43,5.98,6.06,6.08,5.44,5.84,5.85,6.7,6.04,5.66,5.77,5.48,5.42,6.13,5.93,6.02,6.08,5.91,5.5
DOCK9,7.93,8.22,8.02,8.11,8.39,7.93,7.46,7.93,8.14,8.13,8.47,7.89,8.06,7.2,7.46,7.27,7.43,7.58,7.64,7.76,7.81,7.51,7.65,7.31,7.43,7.21,8.23,8.06,8.22,8.08,6.75,7.35,7.43,7.43,7.33,7.58,7.63,7.33,8.11,7.99,7.97,8.02,7.83,7.93,7.97,8.33,8.14,8.06,8.22,7.13
DOHH,6.87,6.05,7.25,6.98,6.54,6.31,6.64,6.62,7.12,7.04,5.67,6.76,6.49,5.12,7.17,6.93,7.43,7.15,7.37,7.45,6.66,6.52,5.85,6.79,7.27,7.37,6.95,6.87,6.46,5.67,4.78,5.31,7.44,7.15,7.39,7.19,7.02,7.47,6.86,7.02,7.01,6.43,5.77,5.34,6.5,5.97,6.62,6.94,6.28,4.57
DOHH,9.48,9.15,9.52,9.44,9.47,9.43,9.48,9.81,9.24,9.42,9.28,9.44,9.24,9.02,9.62,9.6,9.59,9.76,9.71,9.69,9.37,9.41,9.14,9.62,9.56,9.53,9.56,9.57,9.38,7.59,8.56,9.27,9.58,9.68,9.88,9.56,9.61,9.57,8.87,9.64,9.49,9.24,9.11,8.56,9.34,9.33,9.48,9.63,9.47,9.67
DOK1,6.06,5.28,5.99,5.74,6.41,5.99,5.38,6.12,5.55,5.7,5.75,5.45,5.51,5.3,5.68,5.84,5.73,6.15,6.45,6.09,5.96,5.71,5.62,5.99,6.05,5.6,6.04,5.71,6.02,5.5,6.99,6.25,6.4,5.79,6.01,5.89,6.03,5.96,6.42,6.34,5.87,5.99,6.68,5.51,6.13,5.99,6.19,5.96,5.88,4.67
DOK1,7.08,6.84,7.08,7.11,7.44,7.38,6.92,7.17,6.88,7.16,7.2,7.06,6.94,7.06,6.92,7.01,6.98,7.29,7.12,7.27,7.14,7.09,7.03,7.14,7.13,6.97,7.22,7.12,7.31,7,7.12,7.43,7.21,7.2,7.23,7.19,7.19,7.13,7.39,7.37,7.11,7.41,7.4,6.35,7.24,7.36,7.12,7.21,7.18,6.73
DOK1,6.85,5.92,6.87,6.84,6.94,6.55,7.23,7.02,6.49,6.51,6.49,6.47,6.32,5.51,6.66,6.78,6.5,7.07,6.87,6.85,6.74,6.7,6.04,7.04,7.04,6.97,6.81,6.97,6.7,6.72,7.18,7.06,7.02,6.81,6.84,6.85,6.54,6.98,7.25,6.65,6.8,6.81,7.01,6.84,6.87,6.59,6.92,6.91,6.78,6.31
DOK1,6.87,6.41,7.01,6.82,7.39,7.13,6.43,6.93,6.59,6.83,6.61,6.45,6.56,7.34,6.65,6.81,6.88,7.12,7.36,7.22,6.63,6.62,6.63,6.96,6.71,6.99,7.02,7.16,6.59,7.12,7.43,6.34,7.01,7.04,7.18,7.14,7.32,7.17,6.35,7.41,6.88,7.26,7.67,7.16,7.06,7.11,6.77,7.01,6.81,7.07
DOK1,9.88,9.83,9.99,10.08,10.44,10.05,9.89,10.14,9.87,9.93,10.15,10,9.72,10.07,9.96,10.12,9.94,10.21,10.09,10.21,9.93,9.96,9.98,10.02,10.03,9.89,10.16,10.08,10.15,9.96,10.2,10.39,10.18,10.14,10.23,10.04,10.05,10.03,10.22,10.24,9.97,10.29,10.31,10.77,10.1,10.07,10.1,9.95,9.99,10.3
DOK2,6.58,6.08,6.66,6.68,6.9,6.9,6.27,6.93,6.44,6.45,6.76,6.31,6.38,6.76,6.63,6.73,6.41,6.74,6.59,6.86,6.52,6.64,6.45,6.68,6.8,6.16,6.64,6.61,6.52,7.31,5.91,7.14,6.63,6.61,6.35,6.39,6.82,6.68,7.14,7.1,6.72,6.92,7.02,6.47,6.89,7.01,6.98,6.66,6.49,6.22
DOK3,5.39,5.19,5.4,5.49,4.96,5.54,5.16,5.37,5.32,5.27,5.43,5.16,5.06,5.35,4.92,5.01,4.76,5.58,5.25,5.3,4.86,5.09,5,5.05,5.64,4.83,5.13,5.54,5.41,4.59,6.18,4.06,5.06,5.2,5.05,4.91,4.67,4.99,3.65,5.38,5.22,5.4,4.59,5.82,5.19,4.86,5.54,5.34,5.36,6.22
DOK3,4.31,4.34,4.16,4.35,4.35,4.23,4.2,4.08,4.36,4.09,4.5,4.32,4.22,4.5,4.05,3.98,4.06,4.36,4.06,3.87,4.23,4.31,4.25,4.23,4.01,3.86,4.21,4.17,4.2,4.77,3.93,4.42,4.69,4.18,4.14,3.97,4.16,3.87,4.38,4.05,4.08,4.35,4.25,5.45,4.2,3.75,4.04,4.02,3.89,4.27
DOK4,4.88,5.2,5.28,5.14,4.53,4.82,4.15,5.05,4.92,4.92,4.75,5,4.74,5.59,4.91,5.25,4.85,5.01,4.92,5.24,5.18,4.89,5.34,4.47,5.35,4.6,4.8,4.64,5.47,5.42,5.99,5.2,5.18,5.25,5.32,5.03,5.27,5.22,4.61,5.06,5,4.7,4.59,5.87,5.33,4.65,4.77,4.79,5.15,5.46
DOK4,6.3,6.35,5.99,6.2,6.09,6.65,6.42,5.96,6.06,6.57,6.2,6.28,6.34,6.58,6.3,5.94,6.56,6.29,6.12,6.13,6.69,6.63,6.94,6.54,6.4,6.43,6.17,6.21,6.38,4.82,5.6,6.15,6.39,6.5,6.59,6.66,6.42,6.55,4.83,6.37,6.75,6.36,6.42,7.09,6.19,6.44,6.32,6.24,6.13,7.25
DOK5,3.41,3.49,3.53,3.48,3.95,3.86,4.22,3.5,3.57,3.38,3.7,3.55,3.59,4.76,3.47,3.6,3.47,3.38,3.68,3.55,3.3,3.43,3.68,3.59,3.78,3.43,3.32,3.66,3.62,3.59,6.33,4.48,3.38,3.57,3.5,3.47,3.7,3.4,4.42,3.4,3.65,3.55,3.61,4.52,3.62,3.73,3.6,3.62,3.68,5.44
DOK5,3.94,3.78,4.16,3.85,3.76,4.41,4.28,3.98,4.13,4.07,4.52,4.12,3.89,3.91,4.25,4.2,3.92,4.2,4.04,3.9,4.07,3.91,4.09,4.04,4.25,4.28,4.08,4.43,4.34,4.27,5.11,4.12,3.96,4,4.08,4.03,4.49,4.11,5.14,4.21,4.31,4.28,3.97,4.38,4.02,4.09,4.45,4.05,4.17,4.81
DOK6,4.19,4.26,4.17,4.15,3.84,4.22,4.21,4.64,3.91,4.01,4.14,4.24,4.17,4.78,4.44,4.27,4.15,4.17,4.24,3.74,4.33,4.07,4.55,4.52,3.98,3.9,4.13,4.29,4.36,5.64,4.15,7.63,4.24,3.98,4.07,4.04,4.22,4.25,4.87,3.85,4.52,4.03,4.23,5.19,4.14,4.7,4.25,4.13,4.07,5.85
DOK6,4.09,4.23,4.24,4.53,4.12,4.37,4.32,4.11,4.25,4.23,4.21,4.4,4.23,5.64,4.34,4.37,4.15,3.95,4.09,4.06,4.43,4.53,4.29,4.11,4.09,3.97,4.2,4.17,4.26,5.22,5.7,5.35,4.22,4.27,4.18,4.11,4.01,4.12,4.35,4.05,3.95,4.25,4.25,4.69,4.05,4.16,3.98,4.19,4.1,4.92
DOK6,3.69,3.81,3.76,3.63,3.96,3.9,3.77,3.93,3.81,3.82,3.89,3.93,3.72,5.96,4.1,4.18,4.17,3.88,3.82,3.52,4.18,3.81,3.77,3.87,3.94,3.78,3.91,3.67,3.85,4.59,4.3,4.94,4.15,4.03,3.91,3.97,3.96,3.99,4.32,3.87,4.13,3.74,4.02,4.24,4.06,3.89,3.98,3.8,4,4.13
DOK7,5.51,5.35,5.41,5.5,5.5,5.78,5.98,5.63,5.3,5.62,5.64,5.53,5.52,6.04,5.24,5.65,5.23,5.61,5.43,5.38,5.5,5.62,5.59,5.88,5.67,5.89,5.62,5.65,5.66,5.68,6.45,5.54,5.83,5.71,5.66,5.45,5.66,5.69,5.27,5.25,5.35,5.8,5.64,6.15,5.49,5.5,5.51,5.46,5.47,6.53
DOLK,7.33,7.4,7.58,7.57,7.45,7.63,7.26,7.46,7.51,7.51,7.37,7.34,7.49,6.31,7.19,7.35,7.5,7.49,7.45,7.48,7.74,7.67,7.54,7.43,7.5,7.61,7.65,7.45,7.67,6.68,5.29,5.97,7.59,7.47,7.53,7.43,7.35,7.39,7.73,7.83,7.68,7.46,7.67,6.38,7.48,7.44,7.52,7.58,7.89,6.74
DOLK,7.81,7.38,7.94,7.69,7.91,7.6,6.98,8.16,7.62,7.72,7.4,7.78,7.59,6.81,7.7,7.79,7.8,7.78,7.64,7.85,7.89,7.8,7.61,8.08,7.8,8.03,7.94,8.08,7.55,5.99,7.6,5.54,7.96,8.1,8.1,8.02,8,7.97,8.01,8.04,7.84,7.72,7.43,5.72,7.55,7.62,7.54,7.87,7.76,6.13
DOLPP1,6.85,6.37,6.35,6.68,6.11,5.68,5.3,6.78,6.67,6.48,6.04,6.46,6.4,6.05,6.56,6.94,6.86,6.29,6.34,6.89,6.48,6.29,5.82,6.66,6.77,7.08,6.45,6.62,6,3.86,7.12,6.02,6.98,6.8,6.8,6.68,6.5,6.85,4.52,6.63,6.55,5.87,5.98,6.26,6.56,5.87,6.7,6.6,5.96,5.05
DOLPP1,8.79,8.62,8.88,8.95,9.04,8.88,8.54,8.79,8.73,8.81,8.84,8.74,8.78,8.45,9.02,8.69,9.02,8.78,8.79,8.59,8.68,8.67,8.73,8.9,8.75,8.6,8.88,8.79,8.98,8.43,6.22,6.84,8.97,9.08,9.19,8.93,9.02,8.91,8.59,8.82,8.81,8.59,8.7,7.59,9.04,8.81,8.75,8.9,8.79,7.85
DOM3Z,8.8,8.76,8.95,8.98,9.22,9.05,8.78,9.38,8.8,9,9.02,9.06,8.94,9.9,8.91,8.96,8.81,8.92,8.92,8.98,9,9.16,8.97,8.99,9.24,9.03,8.93,9.12,9.04,8.98,9.07,9.69,8.98,9.12,9.23,9.03,8.88,9.04,8.85,8.97,8.95,9.35,9.16,9.58,8.83,8.77,8.87,8.95,8.99,9.93
DOM3Z,8.4,8.04,8.51,8.45,8.85,8.71,8.42,8.55,8.12,8.39,8.42,8.46,8.19,6.91,8.26,8.44,8.16,8.36,8.31,8.36,8.51,8.38,8.43,8.52,8.57,8.52,8.37,8.39,8.58,7.38,5.26,8.13,8.63,8.58,8.58,8.59,8.72,8.61,8.44,8.53,8.53,8.8,8.75,7.77,8.42,8.22,8.41,8.54,8.53,8.34
DOPEY1,6.82,7.06,6.82,6.83,6.69,7.14,6.81,6.62,6.67,6.99,6.78,7.05,6.98,6.92,6.96,6.91,7.26,6.93,6.72,6.71,7.17,7.17,6.99,6.94,6.91,6.91,6.62,6.63,6.93,6.31,5.08,6.8,7.3,7.55,7.27,6.94,7.07,7.03,7.25,6.65,6.9,6.75,6.75,6.89,6.69,6.6,6.61,6.74,6.82,6.91
DOPEY1,3.72,3.79,4.35,3.89,3.99,3.86,4.6,3.62,3.92,4.02,4.17,3.78,3.97,3.56,4.03,4.09,3.88,3.97,4.04,3.91,3.97,3.78,4.03,3.76,4.27,4.18,3.72,3.94,3.49,3.74,4.25,5.26,3.87,3.92,4.06,4.01,4.08,4.08,4.38,4.07,3.88,3.66,4.07,3.59,4.7,3.91,4.05,4.12,4.08,4.18
DOPEY2,6.6,6.68,6.46,6.61,6.56,6.65,6.57,6.61,6.65,6.37,6.82,6.42,6.42,6.67,6.93,6.5,6.68,6.76,6.87,6.74,6.48,6.43,7,6.71,6.61,6.62,6.66,6.45,6.67,5.77,6.1,6.56,6.29,6.44,6.38,6.8,6.98,6.52,6.2,6.76,6.56,6.76,6.88,7.11,6.49,6.59,6.39,6.71,6.59,6.6
DOT1L,8.83,8.66,9.07,9,9.36,9.6,9.3,9.19,8.75,8.96,9.27,8.77,8.75,9.34,8.87,8.94,8.66,9.01,9.02,8.72,8.84,9,9.27,9.13,9.09,8.78,9.09,8.99,9.21,9.21,8.49,10.52,8.69,8.88,8.91,9.11,9.17,9.02,9.26,9.38,9.5,9.45,9.39,10.16,8.91,9.17,8.9,9.1,9.14,10.09
DOT1L,8.63,9.1,8.9,8.86,9.09,9.09,9.33,8.97,8.6,8.78,9.12,8.53,8.67,8.68,8.43,8.47,8.46,8.4,8.43,8.26,8.58,8.34,8.98,8.55,8.57,8.65,9.09,8.69,9.25,7.74,6.97,8.7,8.4,8.5,8.5,8.5,8.75,8.45,8.56,8.95,9,8.96,8.89,7.97,8.88,8.96,8.74,8.89,9.19,8.12
DPAGT1,10.17,10.04,10.29,10.25,10.15,10.02,9.93,10.44,10.18,10.3,10.06,10.2,10.11,9.86,10.09,10.07,10.05,10.23,10.24,10.25,9.81,9.95,9.74,9.94,9.98,9.94,10.29,10.28,10.03,10.07,9.87,10.41,9.78,9.93,10.01,10.09,9.87,10.12,9.72,10.38,10.16,10.05,9.78,10.1,10.03,10.01,10.18,10.26,10.28,10.33
DPAGT1,9.78,9.67,9.92,9.87,9.93,9.94,9.7,9.95,9.75,9.77,9.84,9.71,9.7,8.63,9.67,9.68,9.65,9.87,9.83,9.67,9.41,9.41,9.46,9.45,9.5,9.55,9.9,9.89,9.86,9.71,7.53,8.62,9.48,9.57,9.48,9.55,9.66,9.67,9.7,9.98,9.96,9.74,9.67,7.04,9.81,9.87,9.93,10.02,9.86,8.7
DPAGT1,6.17,6.24,6.39,6.46,6.05,6.57,5.57,6.45,6.15,6.5,6.48,6.27,5.95,8.31,6.05,5.77,6.24,6.19,6.23,6.24,5.77,6.15,6.03,6.13,6.35,5.96,6.05,6.56,6.29,5.74,7.47,6.95,5.55,5.66,5.91,6.39,6.19,6.46,5.38,6.18,6.23,6.39,6.13,7.79,6.31,5.82,6.25,6.13,6,7.76
DPAGT1,5.89,5.57,6.04,6.22,6.29,6.42,6.1,6.5,5.99,5.89,6.04,5.94,5.77,6.59,6.11,6.38,6.39,5.75,6.11,6.12,5.81,6.02,5.77,6.09,5.97,5.1,6.07,6.38,5.94,5.39,6.52,6.7,5.47,5.98,5.9,5.92,5.34,6.12,6.22,6.19,6.35,6.3,6,6.57,5.91,5.36,6.13,6.25,6.07,6.38
DPCR1,3.73,3.86,3.92,3.66,3.89,4.03,3.36,3.92,3.82,3.73,3.83,3.83,3.86,4.17,3.89,3.83,3.83,3.61,4.23,3.89,4.05,4.09,3.97,4,4.25,4.15,3.82,3.85,3.88,4.03,3.9,4.18,3.88,4.05,4.08,3.66,3.61,3.79,3.28,4.1,4.03,3.57,3.62,4.02,4.08,3.79,4.59,3.79,3.73,3.88
DPEP1,4.55,4.21,4.52,4.28,4.61,4.52,4.38,4.48,4.29,4.28,4.18,4.48,4.54,6.11,4.17,4.39,4.19,4.68,4.25,4.23,4.4,4.52,4.31,4.91,4.44,4.26,4.46,4.27,4.44,4.97,5.57,4.74,4.53,4.54,4.38,4.14,4.35,4.04,5.25,4.27,4.65,4.1,4.65,4.91,4.13,4.33,4.22,4.11,4.37,4.48
DPEP1,4.46,4.37,4.09,3.93,4.39,4.38,4.85,4.27,4.06,4.12,3.84,4.13,4.25,4.64,4.12,4.31,4.36,4.12,4.28,4.32,4.07,4.07,3.88,4.24,4.1,4.44,4.63,4.19,4.23,4.17,4.74,5.7,4.02,4.25,4.55,4,3.74,4.44,4.31,4.21,3.85,4.19,4.29,5.48,4.29,3.77,3.96,3.99,3.88,5.08
DPEP2,3.89,3.86,3.85,3.54,3.73,3.62,3.71,4.01,3.75,3.94,3.87,3.77,3.67,4.22,3.7,3.93,3.76,3.95,3.6,3.73,3.7,3.79,3.77,3.57,3.84,3.8,3.62,3.81,3.76,5.06,3.87,4.02,3.81,3.89,3.89,3.68,3.76,3.66,4.26,3.97,3.48,3.81,3.78,4.07,3.56,3.78,3.69,3.65,3.6,4.6
DPEP3,3.96,4.02,4.18,3.99,3.74,3.9,3.4,4.12,4.25,4.09,4.07,4.07,4.29,4.06,3.7,4.07,3.74,4.07,3.82,4.63,3.91,4.32,4.14,3.92,3.89,4.08,3.82,4.24,4.22,4.48,4.4,6.02,4.13,3.95,4,3.74,3.76,4.18,3.74,4.08,3.99,4.15,3.96,3.94,3.77,4.04,3.91,4.06,4.14,4.19
DPF1,6.68,6.47,6.71,6.85,7.3,6.93,6.25,6.67,6.59,6.67,6.82,6.64,6.44,6.05,6.87,6.47,6.85,6.5,6.91,6.75,6.44,6.63,6.6,6.5,6.64,6.83,6.84,6.69,6.83,6.57,6.83,7.25,7.08,7.07,7.37,7.15,6.61,6.86,6.53,6.55,6.92,6.98,6.86,6.37,6.39,6.35,6.52,6.65,6.75,7.15
DPF1,6.9,6.68,7,6.89,7.5,7.21,6.78,7.14,6.84,6.78,7.02,6.97,6.72,7.18,6.98,6.81,7.12,6.93,6.75,6.87,6.65,6.91,6.96,7.15,7.07,6.91,6.95,6.93,7.22,7.27,7.59,6.07,7.67,7.5,7.72,7.23,7.05,7.23,5.97,7.18,7.29,6.94,6.61,7.37,6.72,6.58,6.67,6.98,7.36,7.58
DPF1,7.33,7.3,7.42,7.4,7.77,7.81,6.28,7.92,7.21,7.3,7.78,7.35,7.36,7.18,7.25,7.3,7.38,7.64,7.46,7.37,7.18,7.26,7.2,7.35,7.32,7.23,7.32,7.67,7.78,6.47,7.62,7.58,7.56,7.88,7.81,7.41,7.32,7.54,6.88,7.16,7.23,7.59,7.47,7.45,6.84,7.11,7.47,7.36,7.68,7.25
DPF1,6.57,6.36,6.48,6.25,6.41,6.69,6.23,6.44,5.99,6.39,6.23,6.06,5.86,5.78,6.23,6.55,6.19,6.46,6.08,6.04,6.01,5.97,6.13,6.12,5.95,6.3,6.43,6.25,6.47,6.85,6.18,4.87,6.86,6.91,6.83,6.23,6.06,6.43,6.34,6.19,6.23,6.26,6.05,6.55,6.34,6.01,6.09,6.39,6.4,6.11
DPF1,6.64,6.51,6.67,6.75,6.21,6.8,6.09,7.16,6.57,6.7,6.41,6.51,6.46,7.12,6.54,6.1,6.48,6.11,6.5,6.34,6.54,6.75,6,6.38,6.26,6.75,6.49,6.55,6.44,6.18,6.81,6.04,7.35,7.08,6.88,6.56,6.48,6.59,6.15,6.25,6.23,6.2,6.25,7.3,6.38,6.17,6.16,6.4,6.16,6.54
DPF2,6.9,6.28,6.69,7.04,6.9,6.39,6.81,7.1,6.79,6.96,6.55,6.96,6.86,7.5,7.02,7.09,6.99,6.92,6.76,7.22,6.78,6.74,6.43,7.23,7.3,7.27,6.95,7.07,6.64,5.94,6.34,6.26,7.34,7.01,6.96,7.14,6.52,7.24,6.22,6.96,6.99,7.11,7.03,6.71,7.07,6.73,6.91,6.98,6.45,6.44
DPF2,7.88,7.51,7.91,7.98,7.33,7.5,6.98,7.84,7.9,7.79,7.22,7.92,7.57,8.22,8.04,7.86,8.1,7.93,7.85,8.09,7.93,7.84,7.3,8.13,8.04,7.81,7.8,8.09,7.29,6.96,8.01,6.91,8.09,8.02,8.11,8.2,7.74,8.29,8,7.87,7.79,7.69,7.58,8.05,7.48,7.43,7.82,7.95,7.46,6.57
DPF2,9.28,8.97,9.31,9.26,9.37,9.41,9.01,9.57,9.23,9.3,9.06,9.4,9.2,9.53,9.61,9.75,9.44,9.43,9.27,9.41,9.31,9.56,9.18,9.65,9.66,9.5,9.34,9.52,9.12,9.4,7.56,9.46,9.36,9.58,9.58,9.66,9.61,9.76,9.36,9.59,9.52,9.7,9.31,9.65,9.24,9.32,9.34,9.53,9.32,10.05
DPF2,8.09,7.54,7.95,8.04,7.32,7.6,7.25,8.24,7.98,7.94,7.03,7.92,7.73,7.2,8.17,8.26,8.11,7.82,7.9,8.14,8.06,7.94,7.6,8.15,8.32,8.29,7.94,8.14,7.44,7.76,5.82,7.14,8.22,8.34,8.3,8.16,8.08,8.32,6.45,8.06,7.7,7.89,7.67,6.11,7.76,7.5,7.34,8.08,7.81,6.8
DPF2,10.36,10.17,10.59,10.49,10.59,10.54,10.29,10.49,10.44,10.44,10.49,10.5,10.39,10.11,10.9,10.82,10.88,10.62,10.52,10.43,10.5,10.49,10.61,10.95,10.73,10.73,10.53,10.51,10.47,10.22,10.39,10.66,10.53,10.69,10.69,10.82,10.63,10.82,10.32,10.65,10.58,10.68,10.53,10.48,10.37,10.19,10.26,10.61,10.52,10.41
DPF3,5.04,4.66,5.19,4.97,4.77,5.42,5.64,5.11,4.91,5.1,4.82,5.22,4.87,5.21,4.68,4.74,4.64,5.05,5.18,5.02,4.21,4.84,4.72,5.07,5.13,5.14,4.7,5.06,4.67,5.51,6.05,4.55,4.87,4.86,4.88,5.38,4.83,5.07,5.14,5.01,4.84,5.38,4.8,5.8,5.12,4.87,5.23,4.91,5.06,5.19
DPF3,3.96,4.18,4,3.96,4.2,4.23,3.91,4.08,4.11,4.06,3.93,4.21,4.4,4.47,4.13,3.83,4.02,4.27,4.06,3.89,4.19,4.01,4.11,3.96,3.86,4.12,4.04,3.92,3.86,3.94,3.96,4.83,4,4.19,3.9,3.74,4.09,3.94,4.51,3.71,3.82,4.1,4.3,4.22,3.95,4.46,3.72,3.65,4.33,5.04
DPH1 /// OVCA2,9.43,9.45,9.44,9.34,9.1,9.09,8.95,9.22,9.66,9.38,9.26,9.28,9.61,8.46,9.54,9.36,9.7,9.16,9.4,9.39,9.46,9.38,9.95,9.6,9.67,9.57,9.41,9.25,9.6,9.34,9.25,8.25,9.26,9.43,9.32,9.54,9.58,9.55,9.34,9.4,9.47,9.54,9.48,8.07,9.52,9.33,9.49,9.41,9.8,7.73
DPH1 /// OVCA2,10.35,10.35,10.45,10.29,10.42,10.33,10.1,10.6,10.39,10.47,10.38,10.52,10.5,9.78,10.6,10.66,10.65,10.37,10.34,10.31,10.63,10.61,10.63,10.71,10.62,10.68,10.49,10.37,10.51,10.23,8.35,9.04,10.56,10.65,10.57,10.63,10.67,10.72,10.36,10.61,10.5,10.71,10.71,10.03,10.54,10.58,10.57,10.54,10.56,9.44
DPH1 /// OVCA2,8.18,8.11,8.18,8.35,8.21,8.23,7.98,8.58,8.26,8.36,7.85,8.35,8.16,7.81,8.63,8.58,8.53,8.24,8.32,8.33,8.5,8.55,8.37,8.74,8.76,8.56,8.27,8.39,8.07,7.42,6.98,7.57,8.44,8.48,8.61,8.63,8.36,8.75,8.03,8.48,8.55,8.38,8.31,6.66,8.26,8.37,8.48,8.4,8.51,8.71
DPH1 /// OVCA2,10.06,10.15,10.12,10.07,10.15,10.04,9.99,10.22,10.08,10.16,10.19,10.07,10.24,9.06,10.31,10.4,10.32,10.17,10.18,9.89,10.46,10.19,10.48,10.28,10.34,10.37,10.14,9.99,10.35,10.43,7.39,9.03,10.37,10.27,10.27,10.34,10.48,10.37,10.11,10.22,10.25,10.36,10.45,8.95,10.29,10.37,10.23,10.21,10.3,8.74
DPH2,9.24,9.42,9.36,9.36,9.66,9.54,9.61,9.33,9.24,9.31,9.45,9.28,9.2,7.71,9.01,9.09,9.16,9.38,9.29,9.15,9.17,9.11,9.23,8.95,9.07,8.98,9.4,9.41,9.47,10.41,6.64,9.03,8.92,9.1,9.03,8.94,9.33,9.13,9.27,9.29,9.35,9.43,9.33,7.27,9.58,9.56,9.52,9.47,9.65,7.77
DPH2,7.67,7.26,7.79,7.53,7.6,7.52,7,8.01,7.71,7.59,7.15,7.31,7.29,5.51,7.49,7.34,7.37,7.69,7.75,7.73,7.52,7.26,7.07,7.13,7.24,7.36,7.56,7.74,7.71,8.25,6.16,7.5,7.38,7.38,7.38,7.46,7.27,7.46,7.58,7.61,7.77,7.3,6.79,5,7.81,7.65,7.72,7.63,7.58,7.46
DPH3,9.15,9.29,9.25,9.19,9.35,9.27,9.04,9.07,9.3,9.13,9.38,9.31,9.46,8.99,9.23,9.18,9.19,9.25,9.22,9.01,9.34,9.22,9.43,9.08,9.23,9.31,9.13,9.16,9.29,9.28,6.38,7.48,8.88,8.97,8.94,9.13,9.38,9.19,9.35,9.3,9.34,9.22,9.29,8.72,9.44,9.37,9.17,9.38,9.36,9.32
DPH3,9.54,9.7,9.55,9.56,9.76,9.69,9.56,9.6,9.63,9.56,9.66,9.66,9.86,9.5,9.66,9.56,9.56,9.54,9.53,9.58,9.64,9.73,9.79,9.61,9.62,9.66,9.59,9.63,9.67,9.07,6.21,8.76,9.5,9.41,9.35,9.54,9.65,9.53,9.67,9.7,9.72,9.46,9.66,9.03,9.82,9.85,9.64,9.72,9.55,8.5
DPH3,3.87,3.75,3.66,3.64,3.56,3.69,3.62,3.57,3.59,3.9,3.75,3.66,3.46,4.28,3.83,3.52,3.73,3.56,3.76,3.64,3.81,3.68,3.81,3.75,3.72,3.67,3.5,3.76,3.73,4.79,5.67,4.86,3.54,3.84,3.76,3.91,3.7,3.93,3.56,3.78,3.91,4.17,3.69,3.65,3.85,4.29,4.13,3.94,3.73,3.85
DPH3,8.28,8.39,8.14,8.27,8.23,7.87,7.52,8.13,8.28,8.32,8.38,8.48,8.25,6.54,8.32,8.28,8.37,8.27,8.29,8.4,8.23,8.26,8.23,8.43,8.32,8.21,8.12,8.15,8.01,6.85,5.54,6.58,7.77,7.73,7.72,8.33,8.23,8.2,7.38,8.05,7.91,8.41,8.37,7.47,8.49,8.19,8.59,8.35,8.28,8.08
DPH3B,4.62,4.74,4.61,4.62,5.05,5.31,5.16,4.69,4.61,4.92,4.69,4.72,4.6,5.57,4.71,4.48,4.81,4.92,4.88,4.61,4.37,4.72,4.62,4.82,4.75,4.52,5.11,4.69,4.72,4.94,7.17,5.92,4.7,4.66,4.92,4.55,4.5,4.75,4.69,4.78,4.95,5.14,4.87,5.36,4.85,4.64,5.15,4.81,4.85,6.15
DPH3B,4.6,4.52,4.49,4.8,4.63,4.84,4.5,4.66,4.47,4.64,4.99,4.51,4.48,5.92,4.43,4.54,4.87,4.74,4.64,4.64,4.59,4.77,4.49,4.57,4.73,4.49,4.5,4.66,4.6,4.05,5.42,5.72,4.55,4.47,4.68,4.55,4.71,4.58,4.2,4.55,4.6,4.62,4.49,5.57,4.87,4.91,4.62,4.83,4.53,6.33
DPH5,8.18,8.1,8.29,8.14,8.05,8.17,8.49,7.86,8.35,8.33,8.01,8.24,8.27,5.43,8.05,8.09,8.32,8.14,8.23,7.69,8.41,8.1,8.2,8.14,8.17,8.35,8.26,8.14,8.09,7.67,6.96,5.62,8.14,7.96,7.92,8.38,8.21,8.17,8.4,8.28,8.37,8.64,8.66,5.79,8.11,8.71,8.04,8.31,8.37,6.39
DPH5,8.48,8.22,8.45,8.36,8.45,8.27,8.51,8.43,8.46,8.4,8.25,8.37,8.56,6.43,8.33,8.34,8.46,8.17,8.31,8.09,8.65,8.51,8.48,8.24,8.2,8.7,8.37,8.15,8.17,8.38,5.84,7.82,8.25,8.31,8.19,8.71,8.6,8.44,7.98,8.51,8.45,8.86,8.76,7.05,8.38,8.5,8.39,8.47,8.67,6.61
DPH5,8.36,8.07,8.44,8.27,8.6,8.39,7.93,8.17,8.47,8.34,7.99,8.4,8.63,6.41,8.38,8.46,8.46,8.26,8.23,8.26,8.72,8.45,8.35,8.49,8.27,8.55,8.5,8.4,8.45,8.31,6.15,6.65,8.37,8.24,8.1,8.4,8.66,8.57,8.45,8.27,8.58,8.92,8.81,6.31,8.63,8.62,8.45,8.54,8.39,7.09
DPM1,11.25,11.24,11.18,11.28,11.1,11.25,10.86,11.08,11.45,11.24,11.37,11.32,11.45,10.29,11.15,11.01,11.17,11.35,11.4,11.32,11.21,11.23,11.23,11.01,11.11,11.21,11.25,11.28,11.33,11.08,8.77,9.79,10.99,10.95,10.95,11.19,11.12,11.06,11.17,11.2,11.27,11.2,11.07,9.8,11.12,11.06,11.21,11.43,11.38,9.76
DPM2,9.99,9.76,10.01,9.99,10.24,10.12,10.15,9.98,9.98,9.94,9.71,9.92,9.78,8.69,10.13,9.91,9.97,10.14,9.95,10.07,9.92,9.82,9.67,9.88,9.94,9.96,10.08,10.04,10.04,9.57,7.93,9.75,10,9.93,10.03,10,10.1,9.93,10.24,10.09,9.99,9.86,10,9.24,10.12,9.76,9.93,10.01,9.9,8.92
DPM3,9.36,9.16,9.62,9.41,9.69,9.73,8.78,9.57,9.36,9.28,9.39,9.43,9.25,6.48,9.28,9.33,9.34,9.79,9.94,9.75,9.12,9.04,9.14,9.29,9.25,9.12,9.62,9.39,9.56,9.33,7.13,7.66,8.95,9.07,9.07,9.39,9.31,9.4,9.61,9.46,9.39,9.29,9.36,7.25,9.53,9.64,9.54,9.29,9.36,6.49
DPP10,4.31,4.05,4.7,3.96,4.34,3.73,3.95,4.24,4.24,4.07,4.25,4.17,3.96,4.14,4.08,3.73,3.87,4.12,4.31,4.35,4.11,4.13,4.2,4,4.18,3.85,4.47,4.43,4.04,5.16,4.28,5.99,3.85,3.83,3.53,4.53,3.57,4.4,3.62,4.32,4.7,4.68,4.21,5.52,3.87,3.96,3.9,4.25,4.08,4.83
DPP10,7.65,7.75,7.64,7.73,7.09,7.55,6.53,7.37,7.86,7.7,7.96,7.66,7.66,8.72,6.69,6.21,6.27,7.11,7.44,7.12,6.58,7.03,7.43,6.64,6.84,6.61,7.45,7.52,7.46,8.15,6.1,6.63,6.7,6.64,6.86,6.78,6.39,6.41,6.81,7.53,7.73,7.51,7.38,7.35,6.36,6.29,6.65,7.41,7.72,7.42
DPP10,7.36,7.56,7.38,7.35,7.54,7.27,7.22,7.87,7.6,7.59,7.3,7.35,7.56,6.66,6.54,6.61,6.5,6.89,7.07,7.23,6.87,6.97,7.09,6.79,6.87,6.7,7.22,7.75,7.25,7.2,5.68,6.48,6.74,6.69,6.92,6.7,6.51,6.6,7.05,7.2,7.17,7.47,7.19,6.69,6.78,6.82,6.63,7.25,7.28,6.76
DPP3,9.23,9.12,9.28,9.38,9.23,9.14,9.14,9.21,9.19,9.24,9.09,9.19,9.22,7.03,8.85,8.89,8.89,9.35,9.2,9.07,9.15,9.01,8.99,9.02,9.03,9.01,9.33,9.19,9.27,7.59,5.84,8.04,9.03,8.94,9,8.94,8.9,9.09,8.88,9.26,9.23,9.07,9.15,6.88,8.94,8.91,8.94,9.23,9.27,7.09
DPP4,4.26,4.59,4.28,4.49,4.22,4.44,4.98,4.08,4.2,4.25,4.72,4.6,4.43,6.31,4.43,4.54,4.05,4.59,4.57,4.51,4.23,4.35,4.43,4.17,4.38,4.48,4.28,4.32,4.66,4.84,5.89,6.4,4.49,4.18,4.59,4.33,4.1,4.33,4.59,4.36,4.21,4.34,4.2,6.76,4.41,4.23,4.26,4.08,4.36,6
DPP4,3.96,3.78,3.83,3.84,3.79,3.61,4.16,3.89,3.93,3.79,3.7,3.8,3.8,4.92,3.91,3.83,3.63,3.77,3.7,3.49,3.79,3.78,3.65,3.82,3.77,3.55,3.98,3.64,4.04,4.74,6.19,5.51,3.64,3.7,3.64,3.64,3.64,3.52,3.92,3.67,3.55,4.06,3.58,4.67,3.62,3.56,3.82,3.53,3.55,5.82
DPP6,3.76,3.65,3.93,3.87,4.04,4,4.58,3.78,3.77,3.74,3.8,3.83,3.74,3.96,3.98,4.05,3.84,4.21,3.87,3.86,4.04,3.89,3.87,4.1,4.02,3.57,3.75,3.9,3.64,5.49,5.79,4.21,3.91,3.99,3.91,3.7,4.21,3.67,4.39,3.79,3.82,4.45,3.93,4.24,4.27,3.88,3.85,3.85,3.82,4.27
DPP6,4.07,4.41,3.86,4,4.33,3.73,3.78,3.96,3.96,4.21,4.35,4.1,4.18,4.47,4.11,3.99,4.16,3.88,4.06,4.14,4.07,3.91,4.01,3.9,3.78,3.77,4,4.07,4.06,3.88,4.44,4.04,3.75,3.89,3.96,4.11,3.97,3.92,3.9,4.02,3.93,4.05,4.15,4.51,4,4.51,3.93,4.02,3.98,4.28
DPP6,3.83,3.92,3.71,3.83,3.61,3.66,3.84,3.42,3.68,3.62,3.68,3.77,3.92,4.35,3.48,3.54,3.66,3.7,3.5,3.53,4.01,3.56,3.64,3.6,3.48,3.62,3.79,3.6,4.1,4.38,6.1,4.61,3.6,3.83,3.74,3.38,3.6,3.54,4,3.54,3.59,3.5,3.74,5.77,3.68,3.72,3.42,3.4,3.61,3.59
DPP6,4.55,4.31,4.27,4.48,4.31,5.12,5.84,4.4,4.47,4.54,4.68,4.42,4.54,4.6,4.42,4.95,4.24,4.69,4.56,4.54,4.31,4.5,4.67,4.53,4.43,4.58,4.28,4.48,4.71,4.45,5.2,5.46,4.15,4.32,4.29,4.29,4.33,4.48,4.41,4.46,4.75,4.39,4.85,7.35,4.54,4.77,4.48,4.54,4.27,5.83
DPP7,10.68,10.62,10.7,10.61,10.57,10.82,10.44,10.58,10.58,10.55,10.46,10.54,10.6,9.04,10.66,10.7,10.79,10.64,10.63,10.51,10.72,10.58,10.62,10.74,10.68,10.75,10.67,10.61,10.75,10.21,7.34,9.48,10.72,10.62,10.61,10.61,10.64,10.74,10.6,10.68,10.75,10.84,11.01,9.32,10.45,10.33,10.38,10.63,10.7,9.76
DPP7,8.6,8.21,8.49,8.53,7.83,8.09,7.77,8.37,8.62,8.48,7.69,8.32,8.6,5.76,8.31,8.39,8.57,8.44,8.43,8.53,8.57,8.11,8.16,8.42,8.31,8.66,8.45,8.46,8.1,5.67,6.73,5.12,8.7,8.53,8.25,8.38,8.33,8.55,7.84,8.36,8.33,8.3,8.5,6.66,7.95,8.04,8.02,8.35,8.35,6.99
DPP7,8.74,8.47,8.83,8.7,8.58,8.68,8.45,8.8,8.64,8.64,8.08,8.66,8.58,8.01,8.67,8.77,8.79,8.73,8.68,8.76,8.72,8.63,8.35,8.9,8.81,8.81,8.7,8.77,8.47,6.95,5.27,6.45,8.83,8.67,8.77,8.67,8.55,8.77,8.31,8.8,8.5,8.71,8.78,7.27,8.54,8.28,8.36,8.65,8.49,7.03
DPP7,9.07,8.76,9.08,9.04,8.86,8.83,8.69,9.2,8.95,9.07,8.55,9,8.8,8.38,9.09,9.14,9.15,9.15,9.02,9.22,9.12,8.91,8.74,9.02,9.17,9.26,9.11,9.04,8.81,7.48,7.81,6.66,9.11,9,9.17,9.09,9.09,9.2,8.73,9.11,8.93,9,9.06,8.86,8.81,8.75,8.73,9.02,8.85,8.16
DPP8,9.23,9.4,9.24,9.34,9.02,8.99,9.11,9.21,9.19,9.37,9.37,9.26,9.3,8.29,9.36,9.43,9.36,9.08,9.24,9.22,9.3,9.41,9.58,9.33,9.29,9.34,9.22,9.26,9.19,8.79,8.68,8.62,9.29,9.26,9.26,9.31,9.08,9.29,8.64,9.41,9.21,9.34,9.15,6.91,9.32,9.21,9.39,9.32,9.26,7.78
DPP8,4.36,4.21,4.31,4.39,4.09,4.38,4.35,4.09,4.45,4.43,4.23,4.4,4.59,4.36,4.41,4.78,4.17,4.32,4.35,4.29,4.11,4.67,4.16,4.61,4.25,4.53,4.12,4.63,3.87,4.13,3.85,3.91,4.46,4.44,4.8,4.31,4.14,4.46,5.12,4.2,4.07,4.05,3.91,3.91,4.27,4.29,4.32,4.6,4.08,4.68
DPP9,8.66,8.8,9.08,8.8,9.32,9.23,9.35,9.38,8.69,8.73,9.05,8.74,8.55,8.78,8.69,8.86,8.71,8.88,8.88,8.6,8.88,8.92,8.98,9.01,8.8,8.7,9.08,8.71,9.24,9.46,7.81,8.77,8.5,8.6,8.52,8.76,8.99,8.64,8.74,9.2,9.06,9,9.08,8.89,9.03,9.04,8.96,8.96,9.29,8.94
DPPA2,4.23,4.12,4.04,4.2,4.8,4.18,4.68,4.14,4.07,4.27,4.4,4.4,4.23,4.24,4.23,4.26,4.11,4.06,4.27,4.16,4.23,4.19,4.15,4.31,4.06,4.26,4.14,4.23,4.25,4.85,5.1,4.37,4.47,4.23,4.13,4.37,4.37,3.85,3.77,4.39,3.97,4.26,4.09,4.33,4.04,4.16,3.84,4.04,4.1,4.1
DPPA3 /// STELLAR,4.23,4.82,4.13,4.4,4.54,4.51,4.74,3.9,4.27,4.26,4.41,4.35,4.45,4.3,4.06,4.15,3.84,4,4.01,4.07,4.28,4.2,4.2,4.09,3.99,3.84,4.44,4.35,4.08,4.23,4.04,5.03,4.24,4.1,4.08,3.87,4.06,3.83,4.2,4.15,3.9,4.14,4.2,4.63,4.01,4.36,4,3.98,4.06,4.41
DPPA3 /// STELLAR,3.7,3.33,3.62,3.35,3.38,3.78,3.66,3.3,3.41,3.52,3.54,3.67,3.46,4.98,3.51,3.64,3.44,3.72,3.28,3.34,4.14,3.51,3.53,3.7,3.59,3.73,3.42,3.58,3.4,4.19,4.83,4.68,3.63,3.83,3.58,3.68,3.93,3.44,4.79,3.53,3.48,3.65,3.7,4.13,3.82,3.76,3.49,3.38,3.87,4.26
DPPA4,3.79,3.71,3.6,3.64,3.76,4.13,4.13,4.01,3.65,3.82,3.9,3.83,3.74,4.38,3.98,4.03,3.55,3.75,3.56,3.72,3.87,3.79,3.76,4.1,3.76,3.68,3.9,3.91,3.9,5.77,6.07,4.91,3.91,3.95,3.82,3.82,4.2,3.75,4.36,3.54,3.66,3.99,3.6,5,3.88,4.3,3.83,3.58,3.83,5.31
DPPA4,4.71,4.73,4.81,4.98,5.01,4.75,5.79,5.14,4.98,4.83,5.49,4.84,4.99,7.52,5.22,5.18,5,5.54,5.25,4.96,5.01,5.1,5.14,5.02,5.1,5.01,4.75,5.53,4.87,5.57,6.28,7.74,5.3,4.78,5.14,4.86,4.63,5.07,6.26,4.97,5.06,4.74,4.72,7,4.49,5.61,5.27,5.17,4.76,7.55
DPPA4,5.13,5.1,5.05,5.19,5.8,5.01,5.24,4.97,5.14,4.9,5.02,5.01,4.89,6.99,5.23,5.64,5.01,5.34,5.3,5.19,4.93,5.18,5.17,5.37,4.95,5.26,5.25,5.61,4.84,5.88,6.72,7.33,5.13,5.15,5.2,5.35,5.52,5.05,5.83,5.22,5.18,5.38,5.36,8.15,5.01,5.66,5.3,5.07,5.21,8.46
DPPA4,3.7,3.56,3.84,3.9,4.33,4.02,4.36,3.63,3.58,3.76,3.79,3.64,3.88,3.72,3.89,3.76,3.63,4.09,3.99,4.24,3.73,3.84,3.75,3.73,3.8,3.76,3.67,3.64,4.09,5.23,4.45,4.8,3.72,3.91,4.18,3.72,4.84,3.72,4.73,4.05,3.98,4.11,4.13,5.51,4.01,3.9,3.72,3.51,3.63,4.13
DPPA5,3.93,4.43,4.02,4.22,4.56,4.67,5.12,3.94,4.2,4.19,4.35,4.21,4.34,4.63,3.94,4.22,3.85,3.9,4.12,4.4,4.16,4.43,4.16,4.03,3.89,4.56,4.22,4.3,4.19,5.12,5.82,4.97,4.08,3.97,4.01,4.04,4.46,3.73,4.22,4.11,4.25,4.1,4.53,6.69,4.6,4.28,4.06,3.82,4.4,4.73
DPRX,3.65,3.77,3.67,3.79,4,3.81,3.93,3.5,3.58,3.82,3.78,3.73,3.61,4.35,3.55,3.9,3.86,3.43,3.42,3.74,3.59,3.78,3.74,3.67,3.59,3.79,4.04,3.53,3.99,3.69,5.02,5.01,3.53,3.7,3.78,3.49,3.85,3.91,4.05,3.67,3.94,3.98,3.94,5.42,3.49,3.97,4.02,3.79,3.69,4.85
DPT,4.73,4.61,4.27,4.45,4.71,4.31,5.15,4.34,4.63,4.66,4.67,4.84,4.58,5.91,4.44,4.74,4.71,4.64,4.82,4.4,4.9,4.85,4.57,4.56,4.6,4.48,4.55,4.59,4.98,5.44,5.5,4.92,4.82,4.54,4.55,4.34,4.8,4.44,4.95,4.4,4.44,4.89,4.47,5.31,4.15,4.53,4.44,4.43,4.55,4.97
DPY19L1,7.15,7.35,7.23,7.18,7.23,7.44,7.48,7.29,7.22,7.21,7.3,7.12,7.19,6.59,6.67,6.6,6.92,7.13,7.15,7.23,7.11,6.99,7.15,6.9,6.76,6.84,7.46,7.12,7.12,7.39,7.43,7.24,7.06,6.99,6.96,6.8,6.98,7.02,7.19,7.14,6.97,7,7.14,7.15,6.82,7.2,6.87,6.9,7.18,5.44
DPY19L1,7.96,7.92,7.92,7.75,7.86,7.69,7.88,7.91,7.95,8.05,7.97,7.85,7.86,6.83,7.47,7.39,7.64,7.84,7.8,7.76,7.81,7.64,7.73,7.66,7.51,7.49,8,8.01,8,7.4,6.92,5.87,7.89,7.75,7.63,7.48,7.55,7.58,7.58,7.83,7.88,7.81,7.91,4.93,7.38,7.37,7.52,7.73,7.75,7.1
DPY19L1,7.83,7.61,7.84,7.73,8.03,7.6,7.71,7.92,7.98,7.73,7.63,7.64,7.76,6.06,7.42,7.21,7.39,7.71,7.88,7.69,7.67,7.45,7.38,7.6,7.33,7.47,7.83,7.97,7.65,6.37,5.72,6.37,7.71,7.72,7.74,7.26,7.44,7.47,7.75,7.9,7.59,7.28,7.45,6.25,7.9,7.6,7.41,7.77,7.63,5.09
DPY19L1,3.59,3.76,3.68,3.65,3.65,4.04,4.26,3.84,3.65,3.98,3.61,3.68,3.88,4.37,3.53,3.64,3.69,3.84,3.61,3.87,3.77,3.73,3.6,4.05,3.7,3.75,3.63,3.57,3.84,4.06,5.17,4.34,3.83,3.97,4.03,3.59,4.21,3.6,3.9,4.04,3.92,3.71,3.97,4.38,3.68,3.62,3.68,4.13,3.86,4.8
DPY19L2,4.06,4.24,4.04,4.35,4.74,4.31,4.41,4.09,4.07,4.13,4.25,4.32,3.93,4.91,3.91,4.09,4.16,4.03,3.88,4.08,3.87,4.28,4.19,3.89,4.04,3.99,4.01,4.01,4.09,5.17,5.04,4.73,4.14,4.03,4.11,3.9,3.98,3.81,5.33,4.04,3.99,4.12,4.03,4.27,3.92,4.77,4.45,3.98,4.11,4.67
DPY19L2 /// DPY19L2P1,3.78,3.98,3.86,3.93,3.71,4,4.04,3.67,3.78,3.68,3.92,4.16,3.88,4.16,3.99,3.96,3.85,3.86,3.84,3.72,3.88,3.94,3.83,3.71,3.73,3.85,3.95,4.04,3.66,4.28,6.06,5.12,3.73,3.81,3.96,3.77,3.72,3.71,4.12,4.07,3.78,4.27,3.8,3.86,3.8,3.68,3.81,3.69,4.07,4.47
DPY19L2 /// DPY19L2P1 /// DPY19L2P2,5.28,5.48,5.13,5.24,5.13,4.88,5.28,5.36,5.2,5.28,5.63,5.5,5.06,7.71,5.14,5.07,5.1,5.26,5.49,4.87,5.26,5.17,5.5,5.28,5.48,5.1,5.08,4.9,4.92,5.87,6.59,5.42,5.02,4.93,4.97,5.28,5.02,5.28,5.19,5.1,5.38,4.99,5.2,6.18,4.99,5.22,5.29,5.32,5.06,7.41
DPY19L2P2,4.48,4.43,4.74,4.63,4.78,4.36,4.72,4.75,4.47,4.3,4.45,4.56,4.42,5.22,4.25,4.53,4.64,4.83,4.57,4.79,4.38,4.51,4.46,4.59,4.34,4.35,4.44,4.73,4.45,5.19,5.48,4.17,4.53,4.45,4.68,4.51,4.67,4.55,4.57,4.35,4.75,4.79,4.7,4.98,4.72,5,4.6,4.55,4.43,5.23
DPY19L3,5.91,5.2,5.47,5.44,4.6,5.06,5.1,5.94,5.8,5.73,4.94,5.52,5.26,5.42,5.05,4.87,5.25,5.29,5.5,5.67,5.29,4.98,5.02,5.24,5.58,5.23,5.62,5.46,5.23,5.54,5.26,5.88,5.22,5.03,5.04,5.18,4.83,5.09,5.72,5.39,4.93,4.66,4.84,5.06,5.25,5.27,4.99,4.96,5.3,4.86
DPY19L3,4.42,4.18,4.49,4.58,4.09,4.11,4.23,4.27,4.37,4.35,4.15,4.41,4.07,4.75,4.24,4.38,4.19,4.33,4.46,4.15,4.3,4.34,4.13,4.32,4.55,4.54,4.21,4.23,4.41,5.88,6.34,4.75,4.07,4.42,4.08,4.16,4.45,4.41,4.65,4.28,4.14,4.23,4.58,5.28,4.19,4.28,5.27,3.97,4.17,5.1
DPY19L3,4.87,4.66,4.66,4.62,4.6,4.28,4.91,4.28,4.92,4.79,4.71,4.72,4.61,4.87,4.54,4.48,4.2,4.25,4.36,4.25,4.42,4.32,4.62,4.42,4.28,4.13,4.54,4.55,4.33,4.9,5.53,5.65,4.22,4.61,4.5,4.22,3.93,4.26,4.52,4.96,4.54,4.55,4.04,4.41,4.32,4.16,4.02,4.44,4.25,4.6
DPY19L3,4.28,4.08,3.97,4.21,3.98,4.11,5.38,3.98,4.18,3.99,4,4.1,4.08,4.6,4.08,3.92,4.06,4.41,3.97,3.96,3.92,4.12,3.97,4.36,4.04,4.18,4.05,4.06,4.48,4.52,4.46,4.48,3.93,3.95,4.05,4.21,4.38,4.07,4.35,3.89,4.34,3.91,4.15,4.71,4.23,4.01,4.69,4.41,3.89,4.23
DPY19L3,3.95,3.91,3.67,3.84,4.53,3.41,3.85,3.49,3.95,3.95,3.71,3.83,4.18,4.03,3.72,3.66,3.9,3.79,3.77,3.64,3.55,4.11,4.05,4,3.44,3.49,3.47,3.75,3.97,3.48,4.99,5.41,3.83,3.85,3.45,3.57,3.73,3.44,3.87,3.59,3.52,3.47,3.48,4.2,3.5,3.8,3.46,3.56,4.05,4.07
DPY19L4,5.49,5.03,5.52,5.3,5.38,4.66,4.74,5.16,5.13,5.38,4.9,5.29,4.9,4.83,5.47,5.4,5.35,4.73,4.95,5.16,5.04,5.12,5.1,5.3,5,5.26,5.02,5.42,4.93,4.63,5.23,4.48,5.74,5.67,5.73,5.51,5.16,5.42,4.22,5.22,5.09,4.65,4.57,5.5,4.82,4.76,5.38,5.22,5.04,4.37
DPY19L4,7.44,7.48,7.34,7.44,7.56,7.7,6.78,7.5,7.45,7.39,7.9,7.43,7.29,7.58,7.75,7.55,7.72,7.38,7.35,7.44,7.13,7.49,7.77,7.7,7.93,7.47,7.29,7.5,7.51,7.31,7.08,7.57,7.9,8.02,7.9,7.71,7.42,7.55,7.56,7.33,7.41,7.72,7.34,8.4,7.44,7.25,7.73,7.48,7.22,8.1
DPY30,10.87,10.79,10.9,10.88,10.89,10.96,10.88,10.96,10.89,10.91,10.72,10.94,10.98,9.73,10.71,10.74,10.62,11.05,11.08,11.01,10.79,10.71,10.59,10.69,10.71,10.75,10.89,11,10.85,10.6,10.17,10.32,10.61,10.65,10.67,10.75,10.77,10.82,10.88,10.94,10.99,10.79,10.81,10.07,11.1,11.03,10.94,10.94,10.81,9.51
DPY30,12.27,12.32,12.24,12.25,12.27,12.21,11.88,12,12.31,12.23,12.3,12.28,12.2,11.54,12.2,12.11,12.15,12.41,12.37,12.26,12.02,12.13,12.19,12.07,12.12,12.07,12.23,12.32,12.21,11.88,11.64,11.41,11.91,11.95,11.95,12.14,12.06,12.01,12.19,12.2,12.28,12.18,12.05,11.8,12.22,12.18,12.23,12.25,12.2,11.53
DPY30 /// MEMO1,10.42,10.41,10.49,10.44,10.37,10.37,9.98,10.38,10.43,10.44,10.52,10.48,10.48,10.18,10.45,10.45,10.53,10.43,10.44,10.46,10.48,10.45,10.47,10.51,10.58,10.6,10.41,10.39,10.48,10.11,8.44,9.99,10.3,10.4,10.43,10.46,10.4,10.52,10.04,10.44,10.47,10.38,10.33,9.94,10.55,10.44,10.47,10.47,10.48,10.09
DPY30 /// MEMO1,8.05,7.8,8.01,8.03,7.51,7.71,7.8,7.97,7.94,7.76,7.68,8.13,8.22,7.19,7.96,7.97,7.97,7.87,8.12,7.88,8.05,7.81,7.49,7.95,8.14,7.89,8,7.95,7.42,6.46,7.86,7.04,8.06,8,7.9,8.04,7.86,7.85,7.23,7.85,7.84,7.7,7.68,7.38,7.79,7.76,8.13,8.08,7.72,6.22
DPYD,5.64,5.34,5.73,5.86,4.89,5.32,4.96,5.64,5.41,5.75,5.82,5.35,5.35,6,5.15,5.25,5.11,5.94,5.87,6.1,4.89,5.69,5.17,5.49,5.52,5.33,5.48,5.54,5.05,4.89,5.03,5.19,5.37,5.52,5.58,5.28,4.96,5.43,4.85,5.55,5.22,5.29,5.22,6.1,4.8,4.92,5.15,5.94,5.7,5.44
DPYD,5.78,5.78,5.59,5.66,5.47,5.44,4.65,5.71,5.97,5.81,5.86,5.5,5.62,4.63,5.07,5.24,5.23,6.06,6.04,6.32,5.16,5.34,5.77,5.46,5.42,5.77,5.72,5.6,5.47,5.29,5.12,6.25,5.86,5.65,5.64,5.45,5.18,5.39,5.97,5.35,5.64,5.17,5.15,5.43,4.89,5.03,5.25,5.46,5.64,4.58
DPYD,4.4,4.33,4.28,4.42,4.53,3.85,4.54,4.46,4.57,4.45,4.27,4.44,4.16,5.62,4.32,4.28,4.36,4.5,4.56,4.15,4.7,4.25,4.36,4.41,4.19,4.42,4.67,4.42,4.28,4.58,5.3,4.96,4.44,4.46,4.43,4.44,4.48,4.51,4.15,4.41,4.22,4.15,4.6,4.7,4.58,4.55,4.68,4.42,4.29,4.37
DPYD,4.74,3.91,4.68,4.45,4.16,4.45,5.09,4.15,4.36,4.53,4.08,4.41,4.13,5.68,4.59,4.1,4.06,4.86,4.72,5.02,4.46,4.76,4.41,4.21,4.41,4.17,4.23,4.5,4.3,5.23,4.81,4.78,4.36,4.31,4.35,4.26,4.82,4.81,5.02,4.38,4.22,4.5,4.05,4.19,4.52,4.23,4.93,4.21,4.23,4.84
DPYS,9.59,9.84,9.59,9.75,9.33,9.42,9.79,9.55,9.85,9.68,9.75,10.27,10.44,8.79,9.79,9.81,9.67,10.01,10.08,9.86,9.99,9.83,9.93,9.72,9.72,9.96,9.52,9.47,9.64,10.39,8.18,9.72,9.45,9.38,9.39,10.08,10.12,10.03,9.5,9.51,9.7,9.66,9.66,8.74,9.74,9.74,9.58,9.81,9.84,8.62
DPYSL2,6.43,5.27,6.36,6.29,5.62,5.23,5.85,6.11,6.32,6.17,5.36,6.37,5.99,5.8,6.39,5.95,6.26,6.83,6.57,6.75,6.13,5.87,5.4,6.68,6.31,6.23,6.26,6,5.42,6.29,5.08,6.01,6.8,6.58,6.45,6.07,5.49,6.48,6.1,5.56,5.53,5.64,5.62,6.3,6.04,5.4,6.03,6.15,5.71,5.68
DPYSL2,10.71,10.57,10.49,10.6,10.3,10.27,9.87,10.4,10.71,10.59,10.43,10.7,10.85,9.99,10.49,10.41,10.4,10.58,10.54,10.5,10.44,10.54,10.47,10.33,10.38,10.45,10.39,10.59,10.36,10.15,7.23,9.35,10.32,10.51,10.47,10.45,10.27,10.41,10.06,10.23,10.29,10.35,10.18,9.16,10.29,10.23,10.43,10.45,10.6,9.83
DPYSL2,11.82,11.86,11.73,11.85,11.73,11.74,11.44,11.62,11.87,11.79,11.87,11.83,11.88,11.97,11.75,11.67,11.63,11.82,11.82,11.7,11.61,11.7,11.85,11.64,11.65,11.61,11.77,11.8,11.71,11.69,11.38,11.89,11.6,11.66,11.68,11.73,11.73,11.65,11.49,11.68,11.69,11.69,11.6,11.78,11.64,11.61,11.62,11.72,11.78,11.48
DPYSL2,6.49,5.55,6.37,6.21,5.07,5.1,5.79,5.92,6.2,6.13,5.32,6.49,6.09,4.75,6.43,6.08,6.34,6.54,6.31,6.91,6.19,5.52,5.34,6.19,6.11,6.05,5.92,5.82,5.31,6.2,7.29,5.11,6.53,6.4,6.15,6.05,5.38,6.4,5.18,5.97,5.13,5.35,4.94,5.54,5.59,5.04,5.81,5.91,5.64,6.72
DPYSL3,4.7,4.58,4.82,4.92,4.67,4.93,4.93,4.8,4.8,5.04,4.99,4.85,4.58,5.2,4.89,4.81,4.69,4.96,4.71,5.22,4.42,4.6,4.75,4.7,4.72,4.59,5.13,4.6,4.8,4.18,4.07,4.79,4.4,5,4.81,5.26,4.66,5.06,6.93,5.31,4.78,4.61,4.66,4.62,5.46,4.66,5.02,5.09,4.93,5.14
DPYSL3,4.34,4.24,4.79,4.42,4.24,4.49,4.53,4.41,4.28,4.46,4.59,4.39,4.29,5.64,4.14,4.16,4.23,4.39,4.33,4.05,4.12,4.36,4.46,4.25,4.07,4.1,4.49,4.47,4.13,3.56,4.98,4.19,4.25,4.46,4.09,4.15,3.83,4.37,3.93,4.08,4.5,3.99,4.05,4.34,4.24,3.97,5.01,4.64,4.35,6.73
DPYSL4,5.44,5.34,5.76,5.56,5.48,6.09,5.08,5.34,5.46,5.46,5.37,5.18,5.26,5.55,6.19,5.7,6.21,5.51,5.37,5.52,5.37,5.49,5.7,5.96,6.13,6.16,5.44,5.18,5.76,5.42,5.94,5.55,6.06,6.3,6.03,6.19,6.12,6.18,5.36,5.39,5.71,5.6,5.82,5.52,5.66,5.78,5.66,5.7,5.6,5.81
DPYSL4,4.77,4.92,4.47,4.73,4.6,4.62,4.55,4.77,4.88,4.62,4.94,5.12,4.73,4.64,5.12,4.91,4.96,4.46,4.39,4.88,5.26,4.82,4.9,4.9,4.86,5.21,4.8,4.71,4.54,4.72,5.55,5.33,4.76,5.04,5.18,4.54,4.46,4.74,4.96,4.48,4.75,5.22,4.73,4.63,4.31,5.29,4.88,4.8,4.57,5.23
DPYSL4,5.54,5.4,5.58,5.17,6.07,5.26,6.78,5.88,4.95,5.16,5.2,5.21,5.03,6.37,5.04,5.73,5.44,5.62,5.14,5.52,5.19,5.42,5.21,5.42,5.61,5.08,5.61,5.37,5.56,6.22,7.58,7,5.66,5.39,5.31,5.51,6.31,5.16,6.38,5.59,5.53,5.65,6.05,7.38,5.54,5.92,5.82,5.05,5.4,6.31
DPYSL5,3.75,3.83,3.91,3.89,3.82,4.13,3.83,3.78,3.8,3.75,3.71,3.84,3.78,4.21,3.4,3.65,3.84,4.1,3.77,3.83,3.73,3.87,3.68,3.74,3.76,4.01,3.73,3.79,3.83,3.81,5.08,3.86,3.71,3.77,4.04,3.81,3.71,3.77,3.99,3.79,3.93,4.05,4.35,4.27,3.63,4.36,3.87,3.85,3.86,4.54
DPYSL5,3.93,3.8,3.78,4.13,4.22,4,4.51,4.15,3.68,3.97,3.81,3.86,3.8,4.01,4.12,3.94,4.01,4.08,3.95,3.58,3.98,3.79,3.85,3.89,3.88,3.76,4.08,3.78,3.88,4.97,3.87,4.4,3.77,4.05,4.15,3.81,4.02,3.82,4.23,3.97,3.99,3.91,3.73,5.11,3.72,3.78,3.78,3.85,3.78,4.97
DPYSL5,3.85,3.9,3.9,4.11,3.84,3.98,4.32,4.13,3.8,3.83,3.9,3.97,3.88,4.43,4.09,3.72,3.93,4.1,3.86,4.18,4.29,4.16,3.97,4.13,4.06,3.65,3.59,3.94,4.22,4.75,5.81,6.21,3.58,4.07,3.82,3.84,4.33,4.05,4.03,3.78,3.93,4.29,4.39,4.73,4.19,3.99,4.01,4.21,3.59,6.57
DQX1,5.4,5.74,5.2,5.81,6.3,5.84,5.24,5.34,5.49,5.48,5.93,5.85,5.82,7.39,6.62,7.08,7,5.68,5.29,5.33,6,6.02,6,6.84,6.6,6.41,5.03,5.48,5.57,5.4,6.04,6.44,5.96,6.62,6.37,6.71,6.18,6.67,5.1,5.67,5.77,5.35,6.17,5.46,5.49,6.12,5.41,5.53,5.76,5.38
DR1,8.91,9.31,8.83,8.86,8.81,8.93,8.68,8.27,9.04,9.06,8.86,8.94,9.24,7.7,9.07,9.05,9.21,8.8,8.79,8.84,9.02,8.92,8.96,8.78,8.85,9.23,8.99,8.87,8.9,9.56,7.61,7.16,9.24,9.2,9.07,8.78,8.91,8.97,8.74,8.74,8.84,8.76,8.63,7.19,8.71,8.77,8.78,9.28,9.27,7.82
DR1,9.62,9.63,9.51,9.58,9.4,9.48,9.35,9.54,9.67,9.52,9.84,9.66,9.84,9.05,9.71,9.77,9.91,9.5,9.43,9.6,9.71,9.57,9.74,9.66,9.65,9.75,9.55,9.56,9.8,9.18,7.66,9.09,9.87,9.94,9.89,9.7,9.59,9.59,9.58,9.54,9.49,9.4,9.41,8.43,9.51,9.41,9.53,9.52,9.69,9.3
DR1,10.13,10.1,10.2,10.1,10.18,10.16,9.79,10.27,10.12,10.1,10.16,10.14,10.23,9.61,10.4,10.4,10.43,10.14,10.09,10.09,10.21,10.08,10.3,10.31,10.32,10.39,10.14,10.17,10.22,9.96,9.54,9.79,10.48,10.58,10.5,10.36,10.33,10.45,10.2,10.07,10.14,9.97,9.9,9.69,10.18,10.15,10.22,10.21,10.25,9.9
DR1,9.82,9.39,9.58,9.45,9.13,9.22,8.96,9.24,9.66,9.66,9.34,9.79,9.68,8.42,9.7,9.9,9.87,9.54,9.56,9.53,9.55,9.58,9.54,9.65,9.73,9.82,9.58,9.55,9.44,9.56,8.28,8.62,10.05,10.02,9.84,9.54,9.33,9.8,9.16,9.51,9.35,9.06,8.96,7.79,9.42,9.32,9.37,9.52,9.68,8.35
DR1,9.79,9.64,9.77,9.72,9.52,9.45,9.63,9.73,9.69,9.9,9.26,9.83,9.81,6.87,9.92,10.05,10.03,9.75,9.76,9.86,9.91,9.64,9.56,9.92,9.91,10.04,9.66,9.75,9.53,8.55,6.69,7.7,10.35,10.34,10.18,9.75,9.93,10.02,9.38,9.71,9.62,9.2,9.29,7.76,9.72,9.41,9.5,9.67,9.46,6.45
DR1,10.02,10.32,9.86,9.98,9.9,9.82,9.14,9.45,10.16,9.94,10.31,10.14,10.25,9.49,10.3,10.21,10.28,9.97,10.12,9.9,9.95,9.92,10.44,9.89,9.9,10.04,9.92,9.8,10.16,9.21,7.2,9.3,10.15,10.17,10.1,10.13,9.85,9.94,9.88,9.86,10,9.76,9.97,9.94,9.7,9.62,9.83,10.21,10.29,9.14
DRAM1,8.83,8.97,8.78,8.9,8.92,8.85,8.91,9.02,8.98,8.93,8.88,9.53,9.44,8.6,9.85,9.85,9.8,8.56,8.43,8.55,9.62,9.65,9.48,9.9,9.96,9.95,8.77,8.73,8.94,9.27,5.97,7,10.47,10.41,10.37,9.97,10.03,9.93,8.43,9.07,9.1,8.74,8.78,7.85,9.15,9.26,9.13,9.22,9.15,8.29
DRAM1,8.48,8.66,8.43,8.48,8.44,8.62,8.53,8.23,8.72,8.45,8.7,9.11,9.34,8.73,9.59,9.45,9.61,8.36,8.39,8.25,9.34,9.05,9.78,9.52,9.49,9.64,8.34,8.27,8.73,8.77,8.34,7.87,9.36,9.32,9.28,9.58,9.46,9.45,7.84,8.67,8.79,8.61,8.73,8.92,8.97,8.97,8.9,8.8,8.94,8.73
DRAM2,8.84,9.03,8.82,9.02,8.69,8.52,8.31,8.66,8.93,8.94,8.94,9.1,9,8.19,8.89,8.8,8.77,8.84,8.92,8.97,8.84,8.96,8.87,8.78,8.79,8.67,8.79,8.86,8.82,7.55,6.04,7.14,8.52,8.61,8.53,8.77,8.73,8.87,8.46,8.83,8.83,9.16,9.07,8.24,8.65,8.49,8.69,8.92,8.92,7.67
DRAM2,8.37,8.17,8.41,8.52,8.41,8.18,8.14,8.44,8.48,8.54,8.59,8.56,8.54,7.97,8.46,8.34,8.37,8.42,8.42,8.5,8.32,8.58,8.4,8.29,8.55,8.44,8.23,8.48,8.33,8.45,6.39,7.18,7.93,8.14,8.21,8.41,8.08,8.53,8.34,8.6,8.59,8.6,8.32,8.1,8.29,8.14,8.42,8.53,8.48,7.88
DRAP1,8.95,8.96,9.16,8.98,9.02,9.06,9.02,9.04,9.03,8.91,8.58,8.88,8.88,7.53,9.12,9.06,9.2,9.26,9.31,9.3,9.12,8.91,9.02,8.91,8.87,9.04,9.07,9.02,9.07,9.16,7.45,8.12,9.05,8.92,8.98,9.13,9.29,9.3,9.07,8.98,9.06,8.88,8.93,7.32,8.61,8.69,8.67,8.89,8.88,7.22
DRD1,3.81,3.82,3.83,4.08,4.16,4.2,4.03,3.65,3.88,3.97,3.8,3.87,3.8,3.78,3.62,4.14,3.94,3.87,4.21,3.83,4.12,4.02,3.92,3.61,3.6,3.75,3.85,4.1,3.9,4.72,4.57,4.01,3.82,3.99,3.82,3.62,3.81,3.79,4.18,3.65,3.7,3.78,3.8,4.18,3.75,4.1,4.04,4.04,3.7,4.89
DRD1,3.49,3.58,3.53,3.51,3.43,3.64,3.35,3.33,3.67,3.44,3.38,3.52,3.71,4.3,3.51,3.42,3.52,3.53,3.63,3.29,3.67,3.5,3.63,3.38,3.47,3.57,3.36,3.36,3.51,4.49,3.82,4.15,3.54,3.65,3.77,3.39,3.88,3.36,5.58,3.27,3.53,3.37,3.47,3.7,3.53,3.48,3.28,3.57,3.42,3.75
DRD2,3.73,3.7,3.89,3.78,3.7,3.89,3.95,4.3,3.72,3.62,3.56,3.78,3.64,4.44,3.69,3.57,3.78,3.87,3.75,3.59,3.79,3.73,3.72,3.72,3.79,3.66,3.84,4.02,3.49,4.22,4.48,3.96,3.67,3.74,3.84,3.67,3.74,3.62,3.58,4.1,3.62,4.02,3.97,4.3,4.11,3.71,3.94,3.63,3.67,4.93
DRD2,3.96,3.96,4.17,3.89,3.54,3.55,4.42,3.65,3.83,4.08,4.01,4.15,4.23,5.13,3.69,4.18,3.94,3.85,4.02,3.77,3.96,4.04,3.8,3.92,3.8,3.81,3.84,4.03,4.19,4.65,4.54,6.82,4.09,4.14,3.94,3.68,4.07,3.68,3.71,3.65,3.84,3.85,3.99,4.42,3.88,4.37,3.95,3.73,3.72,4.85
DRD3,4.23,4.13,4.15,4.16,4.07,4.08,4.49,4.3,4.21,4.18,4.31,4.27,4.5,4.95,4.03,4.1,3.93,4.18,4.02,4.25,4.65,4.26,4.49,4.15,4.14,4.08,4.1,4.2,4.72,4.32,5.21,4.35,4.38,4.31,4.36,4.3,4.32,4.27,3.93,4.33,4.2,4.49,4.18,4.68,4.31,4.69,4.34,4.16,4.15,5.16
DRD4,5.84,5.75,6.12,6.21,6.51,6.45,5.92,5.93,5.87,6.02,6.05,5.86,5.45,6.1,6.11,6.07,5.9,6.27,6.31,6.26,5.94,5.73,5.87,6.08,6.13,6.08,6.47,6.07,6.23,5.96,6.69,6.86,5.82,5.63,5.8,6.13,6.09,6.01,6.09,6.49,5.96,6.43,6.95,6.75,6.43,5.68,6.1,5.74,5.87,6.63
DRD5,5.89,5.89,5.73,5.99,6.15,5.75,6.17,5.92,5.7,5.86,6.01,5.93,5.8,7.32,5.67,6.15,5.89,5.75,5.96,5.99,5.98,5.84,5.76,6.06,5.97,5.59,5.76,6.01,6.12,6.28,7.81,6.15,5.78,5.83,6.04,5.91,5.89,5.6,6.19,5.66,6.02,5.99,6.11,6.31,5.53,6.07,6.06,5.72,6.02,7.33
DRG1,10.56,10.45,10.63,10.51,10.64,10.61,10.77,10.68,10.55,10.55,10.27,10.51,10.67,8.84,10.53,10.64,10.58,10.63,10.64,10.62,10.51,10.37,10.3,10.53,10.47,10.59,10.67,10.39,10.65,11.03,8.34,9.52,10.92,10.74,10.8,10.57,10.78,10.67,10.84,10.65,10.7,10.49,10.62,8.68,10.6,10.43,10.4,10.52,10.73,8
DRG1,10.41,10.36,10.46,10.42,10.23,10.33,10.54,10.42,10.42,10.34,10.12,10.36,10.54,7.5,10.39,10.4,10.42,10.41,10.5,10.35,10.38,10.23,10.13,10.33,10.25,10.4,10.4,10.28,10.25,10.33,7.55,9.09,10.66,10.62,10.59,10.4,10.55,10.33,10.36,10.43,10.54,10.11,10.33,8.74,10.25,10.15,10.27,10.42,10.43,8.17
DRG2,8.64,8.47,8.85,8.71,8.75,8.87,8.69,8.79,8.46,8.57,8.71,8.52,8.51,7.62,8.91,9.04,8.98,8.83,8.75,8.62,8.74,8.7,8.76,8.74,8.85,8.73,8.76,8.61,8.59,8.48,7.61,8.28,8.9,8.86,8.81,8.82,9.11,8.83,8.11,9.03,8.78,8.93,8.52,7.5,8.64,8.68,8.63,8.75,8.81,7.19
DRG2,8.79,8.56,8.83,8.75,8.56,8.77,8.65,8.97,8.73,8.65,8.5,8.7,8.7,6.7,9.02,9.07,9.06,8.85,9.01,8.76,8.8,8.62,8.65,9,8.92,9.01,8.79,8.81,8.65,7.92,7.03,7.59,8.99,9.03,8.97,8.95,8.89,9.09,8.8,8.89,8.9,8.72,8.67,6.68,8.76,8.49,8.57,8.73,8.7,7.45
DRG2,5.26,5.02,5.02,5.04,5.49,6.02,4.43,4.9,5.17,5.2,5.08,5,5.3,6.5,5.23,5.4,5.47,5.21,4.88,5.18,5.39,5.43,5.13,5.39,5.22,5.04,5.37,5.2,4.8,4.38,6.98,5.84,5.12,5.03,4.99,5.14,4.73,5.28,5.31,5.06,5.53,5.26,4.87,5.6,4.84,5.19,5.63,5.38,5.35,6.24
DRGX,3.75,3.75,3.73,3.64,3.82,4.16,4.4,4.56,3.67,3.73,3.78,3.99,3.82,4.47,3.92,3.86,3.5,3.98,3.92,4.19,3.79,3.73,3.62,3.76,3.97,3.73,3.81,3.62,4.08,5.05,4.48,4.52,3.86,3.74,3.89,3.72,4.2,3.72,4.42,3.98,3.57,3.73,4.06,4.45,4.01,3.81,3.7,3.59,3.8,4.63
DRGX,4.04,4.05,4.11,4.25,4.45,4.29,4.48,4.36,4.06,4.08,3.99,4.1,4.16,4.47,4.32,4.17,4.3,4.11,4.06,4.12,4.43,4.24,4.34,4.13,4.36,4.12,4.18,4,4.33,4.52,5.58,4,4.54,4.31,4.27,4.09,4.34,4.13,4.38,4.31,4.03,4.1,4.42,4.32,4.27,4.31,4.25,4.2,4.1,4.4
DRP2,4.52,4.26,4.53,4.25,4.54,4.49,4.36,4.48,4.48,4.34,4.35,4.57,4.43,4.7,4.34,4.44,4.19,4.6,4.47,4.49,4.47,4.36,4.34,4.09,4.63,4.85,4.37,4.25,4.42,4.33,5.52,6.82,4.69,4.45,4.53,4.11,4.74,4.67,5.39,4.21,4.47,4.28,4.2,5.37,4.44,4.82,4.18,4.75,4.24,5.45
DRP2,4.81,4.78,5.06,4.99,4.96,5.44,5.39,5.27,5.06,5.12,5.15,4.98,4.88,6.13,5.06,5.1,4.92,5.33,5.07,5.09,4.72,5.11,5.2,4.96,5.17,4.93,4.82,5.26,5.25,5.46,6.39,6.27,4.88,4.81,4.84,4.98,5.32,5.09,5.91,4.96,5.14,5.53,5.11,6.39,5.25,5,5.15,5.05,5.06,5.43
DSC1,4.43,4.47,4.68,4.39,4.37,4.84,4.18,4.17,4.59,4.48,4.81,4.6,4.69,4.89,4.55,4.27,4.45,4.3,4.48,4.67,4.5,4.56,4.42,4.33,4.36,4.26,4.53,4.32,4.48,5.24,4.47,5.16,4.38,4.48,4.3,4.42,4.38,4.19,4.44,4.51,4.19,4.41,4.98,4.54,4.26,4.25,4.15,4.61,4.57,4.27
DSC2,3.39,3.47,3.36,3.35,3.66,3.21,3.76,3.52,3.41,3.33,3.56,3.44,3.49,3.34,3.39,3.32,3.28,3.78,3.47,3.27,3.42,3.46,3.57,3.29,3.28,3.28,3.51,3.43,3.21,3.89,3.83,4.13,3.41,3.72,3.42,3.21,3.72,3.25,3.85,3.31,3.34,3.68,3.26,4.06,3.45,3.49,3.3,3.27,3.36,4.62
DSC2,4.07,3.78,4,3.92,3.85,3.96,4.47,3.7,4.27,4.01,4.02,3.89,3.74,4.73,3.98,3.88,3.8,3.89,3.91,3.92,3.9,3.95,4.06,3.91,3.81,3.68,4.06,3.82,3.86,3.91,5.53,5.54,3.93,3.89,4.02,3.89,3.92,3.84,4.16,3.64,3.73,4.04,4.28,4,3.51,4.13,3.77,3.82,3.77,3.82
DSC2,3.55,3.78,3.79,4,3.82,3.7,4.06,3.93,3.97,3.96,3.93,4.05,3.93,5.22,3.67,3.51,3.82,3.78,3.75,3.5,3.88,3.95,3.77,3.59,3.6,3.91,3.68,3.93,4.17,4.38,5.29,5.29,3.78,3.66,3.5,3.6,3.78,3.63,4.62,3.85,3.94,4.09,3.67,3.89,3.69,3.84,3.91,3.84,3.91,5.68
DSC2,3.67,3.93,3.52,3.89,3.57,3.65,3.57,3.33,3.54,3.81,3.84,4.15,4.08,3.88,3.48,3.62,3.59,3.75,3.53,3.62,3.57,3.78,3.82,3.65,3.48,3.48,3.77,3.45,3.65,3.79,3.69,3.88,3.87,3.68,3.65,3.48,3.36,3.43,3.59,3.24,3.42,3.6,3.44,4.1,3.45,3.48,3.36,3.49,3.77,3.68
DSC2,3.89,4.01,3.63,3.79,3.89,3.98,4.54,3.76,3.92,3.89,3.87,3.86,4.07,4.45,3.7,3.69,3.84,4.04,3.76,3.7,4,3.86,3.7,3.68,3.68,4.01,3.91,4.02,3.98,4.23,5.87,4.02,3.85,3.94,3.8,3.78,3.6,3.8,4.52,3.77,3.67,3.77,3.99,4.05,3.86,3.91,4.04,3.72,3.8,4.26
DSC2,3.72,3.76,3.51,4.16,3.84,3.89,4.28,4.03,3.84,3.83,3.92,3.81,3.6,4.56,3.49,3.45,4.06,3.7,3.92,3.87,3.75,3.87,3.78,3.65,3.72,3.56,4.04,3.79,3.86,4.46,6.03,4.58,3.89,3.63,3.91,3.54,3.92,4.12,4.48,3.7,3.56,3.91,3.89,5.06,4.24,4.28,3.86,3.82,3.71,5.53
DSC3,3.59,3.38,3.34,3.47,3.6,3.35,4.05,3.26,3.42,3.42,3.46,3.72,3.61,4.47,3.34,3.58,3.25,3.47,3.4,3.33,3.58,3.5,3.54,3.41,3.5,3.31,3.6,3.34,3.83,3.8,4.83,4.23,3.37,3.41,3.43,3.58,3.98,3.47,3.83,3.4,3.46,3.5,3.45,3.52,3.6,3.26,3.44,3.44,3.75,4.27
DSC3,3.63,3.83,3.76,3.6,3.97,3.88,3.97,3.73,3.78,3.92,3.88,3.75,3.66,4.34,3.94,3.71,3.93,3.78,3.87,3.59,3.7,3.78,3.78,3.72,3.93,3.7,3.84,3.87,3.76,5.16,5.63,5.86,3.56,3.65,3.83,3.61,3.67,3.57,4.49,3.68,3.86,3.7,3.88,5.34,3.76,3.9,3.59,3.68,3.78,4.99
DSC3,3.92,4.19,3.81,4.06,4.34,4.04,5.36,4.26,3.98,3.9,3.98,4.14,3.98,5.11,4.1,4.22,3.95,3.91,3.96,4.16,4.05,3.94,4.19,3.96,3.82,3.86,3.9,4.07,4.1,4.78,7.38,4.63,3.94,4.15,4.06,3.78,4.15,3.91,4.88,4.1,4.16,4.01,4.26,4.82,3.96,4.35,3.97,4.02,3.92,6.78
DSCAM,3.64,3.64,3.63,3.52,3.57,3.58,3.28,3.64,3.4,3.46,3.53,3.5,3.6,3.85,3.35,3.65,3.39,3.62,3.55,3.7,3.59,3.43,3.51,3.37,3.33,3.89,3.45,3.66,3.52,4.05,6.39,4.27,3.36,3.37,3.34,3.6,3.49,3.66,3.9,3.37,3.73,3.84,3.52,4.52,3.47,3.3,3.65,3.45,3.45,4.15
DSCAML1,8.51,8.62,8.69,8.73,8.99,8.85,8.98,8.63,8.68,8.55,8.9,8.41,8.56,8.45,10.19,10.2,10.21,8.46,8.5,8.49,9.86,9.87,9.76,10.15,10.07,10.1,8.77,8.52,8.8,8.64,7.21,8.26,10.83,10.85,10.89,10.36,10.39,10.27,8,8.68,8.75,8.98,9.22,9.17,9.03,9.36,9.11,8.91,8.96,7.86
DSCC1,6.76,6.66,6.66,6.76,6.56,6.12,4.48,6.54,6.95,6.75,6.63,6.16,6.36,3.63,6.94,6.72,6.94,6.9,6.7,6.81,5.38,5.63,5.82,6.01,5.99,6.12,6.56,6.71,6.34,4.93,6.19,4.99,7.16,7.31,7.06,7,6.57,7.1,4.53,6.3,6.19,5.88,5.66,4.7,6.33,5.77,6.44,6.54,6.39,4.55
DSCC1,7.84,7.77,7.88,7.92,7.89,7.91,7.52,8.14,7.87,7.86,7.74,7.73,7.43,6.97,8.09,7.96,7.85,7.71,7.87,7.96,7.1,7.27,7.34,7.63,7.66,7.56,7.84,7.94,7.68,7.97,5.4,7.21,8.25,8.44,8.25,8.1,7.89,8.08,7.61,7.78,7.71,7.44,7.79,7.44,7.76,7.76,7.66,7.64,7.54,7.3
DSCC1,7.96,8.37,8.34,8.03,8.08,8.08,7.65,7.77,8.31,8.21,8.14,7.55,7.71,6.56,8.29,8.08,8.24,8.01,7.81,7.89,7.04,6.93,7.34,7.63,7.52,7.53,8.08,7.95,8.01,7.52,7.53,6.5,8.55,8.63,8.64,8.35,8.53,8.28,7.66,7.93,7.86,7.44,7.44,7.15,8.11,7.94,8.05,7.71,8.07,5.96
DSCR10,4.75,4.63,4.62,5.08,4.92,5.19,5.19,4.97,4.73,4.83,5.14,4.85,4.63,5.78,4.88,5.07,4.74,4.9,4.68,4.84,4.87,4.79,4.77,4.8,4.87,4.63,4.78,4.86,4.98,4.59,5.01,5.46,4.77,4.84,5.16,4.81,4.71,4.82,5.79,4.82,4.95,5.2,5,5.77,4.84,4.59,5.18,4.96,4.83,5.26
DSCR3,7.2,7.4,7.11,7.29,6.66,6.9,7.28,7.02,7.34,7.39,7.15,7.29,7.36,4.86,6.7,6.96,7.08,7.05,7.35,7.05,7.05,6.96,7.34,7.03,7.04,7.18,7.25,7.25,7.15,5.77,6.05,5.28,6.73,6.93,6.73,7.15,6.64,7.06,6.06,6.95,7.25,7.23,7.14,5.02,7.2,7.07,7.1,7.3,7.5,5.62
DSCR3,8.56,8.46,8.55,8.57,8.5,8.51,8.31,8.25,8.55,8.51,8.58,8.46,8.53,7.05,8.42,8.28,8.47,8.54,8.66,8.54,8.57,8.35,8.51,8.35,8.47,8.47,8.56,8.45,8.41,8.33,7.37,7.68,8.12,7.96,8.17,8.36,8.47,8.25,8.15,8.51,8.7,8.59,8.62,6.52,8.56,8.6,8.56,8.72,8.65,6.2
DSCR3,7,6.42,6.85,7.01,7.05,6.55,5.8,6.84,7.06,7.14,5.93,6.97,6.68,6.76,6.66,6.69,6.89,6.82,7.1,7.09,6.75,6.82,6.63,6.85,6.79,7.14,7.18,7.03,6.68,6.33,7.46,6.09,6.91,6.72,6.76,6.82,6.4,6.88,6.2,6.99,6.91,6.82,6.78,6.83,6.95,6.06,6.92,7.06,6.61,6.96
DSCR4,4.34,4.32,4.15,4.21,4.7,4.21,4.79,4.26,4.39,4.31,4.48,4.4,4.16,5.23,4.08,4.17,4.4,4.35,4.22,4.17,4.39,4.43,4.44,4.14,4.34,4.35,4.21,4.41,4.33,4.38,4.73,5.98,4.48,4.41,4.22,4.32,4.64,4.6,3.69,4.56,4.27,4.38,4.56,4.99,4.42,4.1,4.94,4.34,4.36,5.56
DSCR6,3.98,3.85,3.85,3.94,4.03,3.79,4.77,4.02,3.74,3.85,4.22,3.95,3.75,6.17,3.94,3.96,3.81,4.04,4.14,4.06,4.11,4.21,3.97,3.83,3.7,3.97,3.96,3.93,3.73,4.09,5.91,6.02,3.82,3.97,3.85,3.98,3.88,3.65,4.46,3.96,3.74,4.19,4.1,5.69,4.5,4.64,4.33,3.94,3.96,4.18
DSCR8,5.85,6.57,5.22,5.52,5.35,5.82,4.94,4.86,5.67,5.65,5.79,6.09,6.38,7.82,5.11,5.34,5.13,5.54,5.25,5.14,5.75,5.61,5.73,5.38,4.79,5.11,5.46,5.77,5.48,4.53,8.04,5.62,5.31,5.31,5.04,5.17,4.6,4.92,5.26,4.83,4.81,5.26,5.25,7.35,5.34,4.86,4.79,5.2,5.44,6.9
DSCR8,4.06,4.23,3.98,4.2,4.27,4.76,4.91,4.07,4.02,4.23,4.2,3.96,3.99,4.52,4.3,4.32,4.22,4.26,3.92,4.11,4.23,4.16,4.01,4.53,4.24,4.28,4.36,4.28,4.49,4.87,7.29,5.89,4.07,4.19,4.33,3.95,4.5,4.41,4.99,4.33,4.16,4.18,3.96,4.76,4.25,4.48,4.33,3.8,4.23,4.17
DSCR9,5.1,4.85,4.98,5.01,4.45,4.75,5,4.78,4.89,4.95,5.68,5.12,4.62,5.28,4.77,4.97,4.63,5.03,4.68,4.95,5.07,5.08,4.83,4.75,4.92,5.03,4.88,4.84,5.02,5.87,6.51,5.53,4.9,4.77,4.99,4.63,4.48,4.92,5.55,4.74,5.26,5.29,5.28,6.34,4.76,4.3,4.87,4.84,5.11,5.42
